0 3.33348 3.48412
0.01 2.67572 3.48836
0.02 2.25596 3.49187
0.03 1.94274 3.49486
0.04 1.68553 3.49744
0.05 1.4597 3.49969
0.06 1.25114 3.50162
0.07 1.0507 3.50327
0.08 0.851706 3.50463
0.09 0.648844 3.5057
0.1 0.437603 3.50647
0.11 0.214112 3.50694
0.12 -0.0247076 3.50708
0.13 -0.280644 3.50686
0.14 -0.553347 3.50627
0.15 -0.839254 3.50528
0.16 -1.13074 3.50387
0.17 -1.41625 3.50205
0.18 -1.68214 3.49983
0.19 -1.91604 3.49726
0.2 -2.11011 3.49438
0.21 -2.26258 3.49125
0.22 -2.37687 3.48793
0.23 -2.45935 3.48447
0.24 -2.51714 3.48091
0.25 -2.55676 3.47729
0.26 -2.58345 3.47362
0.27 -2.6012 3.46991
0.28 -2.61284 3.46619
0.29 -2.62037 3.46245
0.3 -2.62516 3.4587
0.31 -2.62811 3.45495
0.32 -2.62984 3.45119
0.33 -2.63078 3.44744
0.34 -2.63118 3.44368
0.35 -2.63123 3.43992
0.36 -2.63105 3.43616
0.37 -2.63071 3.4324
0.38 -2.63027 3.42864
0.39 -2.62977 3.42489
0.4 -2.62922 3.42113
0.41 -2.62864 3.41737
0.42 -2.62804 3.41362
0.43 -2.62743 3.40986
0.44 -2.62682 3.40611
0.45 -2.62619 3.40236
0.46 -2.62556 3.39861
0.47 -2.62493 3.39486
0.48 -2.6243 3.39111
0.49 -2.62366 3.38736
0.5 -2.62303 3.38361
0.51 -2.62239 3.37987
0.52 -2.62176 3.37612
0.53 -2.62112 3.37238
0.54 -2.62048 3.36863
0.55 -2.61984 3.36489
0.56 -2.61921 3.36115
0.57 -2.61857 3.3574
0.58 -2.61793 3.35366
0.59 -2.61729 3.34992
0.6 -2.61665 3.34619
0.61 -2.61601 3.34245
0.62 -2.61538 3.33871
0.63 -2.61474 3.33498
0.64 -2.6141 3.33124
0.65 -2.61346 3.32751
0.66 -2.61282 3.32377
0.67 -2.61218 3.32004
0.68 -2.61154 3.31631
0.69 -2.6109 3.31258
0.7 -2.61025 3.30885
0.71 -2.60961 3.30512
0.72 -2.60897 3.3014
0.73 -2.60833 3.29767
0.74 -2.60769 3.29394
0.75 -2.60705 3.29022
0.76 -2.60641 3.28649
0.77 -2.60576 3.28277
0.78 -2.60512 3.27905
0.79 -2.60448 3.27533
0.8 -2.60383 3.27161
0.81 -2.60319 3.26789
0.82 -2.60255 3.26417
0.83 -2.6019 3.26045
0.84 -2.60126 3.25674
0.85 -2.60062 3.25302
0.86 -2.59997 3.24931
0.87 -2.59933 3.24559
0.88 -2.59868 3.24188
0.89 -2.59804 3.23817
0.9 -2.59739 3.23446
0.91 -2.59675 3.23075
0.92 -2.5961 3.22704
0.93 -2.59546 3.22333
0.94 -2.59481 3.21962
0.95 -2.59417 3.21591
0.96 -2.59352 3.21221
0.97 -2.59287 3.2085
0.98 -2.59223 3.2048
0.99 -2.59158 3.2011
1 -2.59093 3.1974
1.01 -2.59028 3.1937
1.02 -2.58964 3.19
1.03 -2.58899 3.1863
1.04 -2.58834 3.1826
1.05 -2.58769 3.1789
1.06 -2.58704 3.17521
1.07 -2.58639 3.17151
1.08 -2.58575 3.16782
1.09 -2.5851 3.16412
1.1 -2.58445 3.16043
1.11 -2.5838 3.15674
1.12 -2.58315 3.15305
1.13 -2.5825 3.14936
1.14 -2.58185 3.14567
1.15 -2.5812 3.14198
1.16 -2.58055 3.13829
1.17 -2.57989 3.13461
1.18 -2.57924 3.13092
1.19 -2.57859 3.12724
1.2 -2.57794 3.12356
1.21 -2.57729 3.11987
1.22 -2.57664 3.11619
1.23 -2.57598 3.11251
1.24 -2.57533 3.10883
1.25 -2.57468 3.10515
1.26 -2.57403 3.10148
1.27 -2.57337 3.0978
1.28 -2.57272 3.09412
1.29 -2.57207 3.09045
1.3 -2.57141 3.08677
1.31 -2.57076 3.0831
1.32 -2.5701 3.07943
1.33 -2.56945 3.07576
1.34 -2.56879 3.07209
1.35 -2.56814 3.06842
1.36 -2.56748 3.06475
1.37 -2.56683 3.06108
1.38 -2.56617 3.05742
1.39 -2.56552 3.05375
1.4 -2.56486 3.05009
1.41 -2.5642 3.04642
1.42 -2.56355 3.04276
1.43 -2.56289 3.0391
1.44 -2.56223 3.03544
1.45 -2.56158 3.03178
1.46 -2.56092 3.02812
1.47 -2.56026 3.02446
1.48 -2.5596 3.0208
1.49 -2.55895 3.01715
1.5 -2.55829 3.01349
1.51 -2.55763 3.00984
1.52 -2.55697 3.00618
1.53 -2.55631 3.00253
1.54 -2.55565 2.99888
1.55 -2.55499 2.99523
1.56 -2.55433 2.99158
1.57 -2.55367 2.98793
1.58 -2.55301 2.98428
1.59 -2.55235 2.98064
1.6 -2.55169 2.97699
1.61 -2.55103 2.97335
1.62 -2.55037 2.9697
1.63 -2.54971 2.96606
1.64 -2.54905 2.96242
1.65 -2.54838 2.95878
1.66 -2.54772 2.95514
1.67 -2.54706 2.9515
1.68 -2.5464 2.94786
1.69 -2.54573 2.94422
1.7 -2.54507 2.94059
1.71 -2.54441 2.93695
1.72 -2.54374 2.93332
1.73 -2.54308 2.92968
1.74 -2.54242 2.92605
1.75 -2.54175 2.92242
1.76 -2.54109 2.91879
1.77 -2.54042 2.91516
1.78 -2.53976 2.91153
1.79 -2.53909 2.9079
1.8 -2.53843 2.90428
1.81 -2.53776 2.90065
1.82 -2.5371 2.89703
1.83 -2.53643 2.8934
1.84 -2.53576 2.88978
1.85 -2.5351 2.88616
1.86 -2.53443 2.88254
1.87 -2.53376 2.87892
1.88 -2.53309 2.8753
1.89 -2.53243 2.87168
1.9 -2.53176 2.86806
1.91 -2.53109 2.86444
1.92 -2.53042 2.86083
1.93 -2.52975 2.85721
1.94 -2.52909 2.8536
1.95 -2.52842 2.84999
1.96 -2.52775 2.84638
1.97 -2.52708 2.84277
1.98 -2.52641 2.83916
1.99 -2.52574 2.83555
2 -2.52507 2.83194
2.01 -2.5244 2.82833
2.02 -2.52373 2.82473
2.03 -2.52306 2.82112
2.04 -2.52238 2.81752
2.05 -2.52171 2.81392
2.06 -2.52104 2.81031
2.07 -2.52037 2.80671
2.08 -2.5197 2.80311
2.09 -2.51903 2.79951
2.1 -2.51835 2.79592
2.11 -2.51768 2.79232
2.12 -2.51701 2.78872
2.13 -2.51633 2.78513
2.14 -2.51566 2.78153
2.15 -2.51499 2.77794
2.16 -2.51431 2.77435
2.17 -2.51364 2.77076
2.18 -2.51296 2.76717
2.19 -2.51229 2.76358
2.2 -2.51161 2.75999
2.21 -2.51094 2.7564
2.22 -2.51026 2.75281
2.23 -2.50959 2.74923
2.24 -2.50891 2.74564
2.25 -2.50823 2.74206
2.26 -2.50756 2.73848
2.27 -2.50688 2.7349
2.28 -2.5062 2.73131
2.29 -2.50552 2.72773
2.3 -2.50485 2.72416
2.31 -2.50417 2.72058
2.32 -2.50349 2.717
2.33 -2.50281 2.71343
2.34 -2.50213 2.70985
2.35 -2.50145 2.70628
2.36 -2.50078 2.7027
2.37 -2.5001 2.69913
2.38 -2.49942 2.69556
2.39 -2.49874 2.69199
2.4 -2.49806 2.68842
2.41 -2.49738 2.68485
2.42 -2.4967 2.68129
2.43 -2.49601 2.67772
2.44 -2.49533 2.67415
2.45 -2.49465 2.67059
2.46 -2.49397 2.66703
2.47 -2.49329 2.66346
2.48 -2.49261 2.6599
2.49 -2.49192 2.65634
2.5 -2.49124 2.65278
2.51 -2.49056 2.64922
2.52 -2.48987 2.64567
2.53 -2.48919 2.64211
2.54 -2.48851 2.63856
2.55 -2.48782 2.635
2.56 -2.48714 2.63145
2.57 -2.48645 2.62789
2.58 -2.48577 2.62434
2.59 -2.48508 2.62079
2.6 -2.4844 2.61724
2.61 -2.48371 2.61369
2.62 -2.48303 2.61015
2.63 -2.48234 2.6066
2.64 -2.48165 2.60305
2.65 -2.48097 2.59951
2.66 -2.48028 2.59597
2.67 -2.47959 2.59242
2.68 -2.47891 2.58888
2.69 -2.47822 2.58534
2.7 -2.47753 2.5818
2.71 -2.47684 2.57826
2.72 -2.47615 2.57472
2.73 -2.47547 2.57119
2.74 -2.47478 2.56765
2.75 -2.47409 2.56412
2.76 -2.4734 2.56058
2.77 -2.47271 2.55705
2.78 -2.47202 2.55352
2.79 -2.47133 2.54999
2.8 -2.47064 2.54646
2.81 -2.46995 2.54293
2.82 -2.46925 2.5394
2.83 -2.46856 2.53587
2.84 -2.46787 2.53235
2.85 -2.46718 2.52882
2.86 -2.46649 2.5253
2.87 -2.4658 2.52177
2.88 -2.4651 2.51825
2.89 -2.46441 2.51473
2.9 -2.46372 2.51121
2.91 -2.46302 2.50769
2.92 -2.46233 2.50417
2.93 -2.46163 2.50066
2.94 -2.46094 2.49714
2.95 -2.46025 2.49363
2.96 -2.45955 2.49011
2.97 -2.45886 2.4866
2.98 -2.45816 2.48309
2.99 -2.45746 2.47957
3 -2.45677 2.47606
3.01 -2.45607 2.47256
3.02 -2.45537 2.46905
3.03 -2.45468 2.46554
3.04 -2.45398 2.46203
3.05 -2.45328 2.45853
3.06 -2.45259 2.45502
3.07 -2.45189 2.45152
3.08 -2.45119 2.44802
3.09 -2.45049 2.44452
3.1 -2.44979 2.44102
3.11 -2.44909 2.43752
3.12 -2.44839 2.43402
3.13 -2.44769 2.43052
3.14 -2.44699 2.42703
3.15 -2.44629 2.42353
3.16 -2.44559 2.42004
3.17 -2.44489 2.41654
3.18 -2.44419 2.41305
3.19 -2.44349 2.40956
3.2 -2.44279 2.40607
3.21 -2.44209 2.40258
3.22 -2.44138 2.39909
3.23 -2.44068 2.39561
3.24 -2.43998 2.39212
3.25 -2.43928 2.38863
3.26 -2.43857 2.38515
3.27 -2.43787 2.38167
3.28 -2.43717 2.37818
3.29 -2.43646 2.3747
3.3 -2.43576 2.37122
3.31 -2.43505 2.36774
3.32 -2.43435 2.36427
3.33 -2.43364 2.36079
3.34 -2.43294 2.35731
3.35 -2.43223 2.35384
3.36 -2.43152 2.35036
3.37 -2.43082 2.34689
3.38 -2.43011 2.34342
3.39 -2.4294 2.33995
3.4 -2.4287 2.33648
3.41 -2.42799 2.33301
3.42 -2.42728 2.32954
3.43 -2.42657 2.32607
3.44 -2.42587 2.32261
3.45 -2.42516 2.31914
3.46 -2.42445 2.31568
3.47 -2.42374 2.31222
3.48 -2.42303 2.30875
3.49 -2.42232 2.30529
3.5 -2.42161 2.30183
3.51 -2.4209 2.29837
3.52 -2.42019 2.29492
3.53 -2.41948 2.29146
3.54 -2.41876 2.288
3.55 -2.41805 2.28455
3.56 -2.41734 2.28109
3.57 -2.41663 2.27764
3.58 -2.41592 2.27419
3.59 -2.4152 2.27074
3.6 -2.41449 2.26729
3.61 -2.41378 2.26384
3.62 -2.41306 2.26039
3.63 -2.41235 2.25695
3.64 -2.41163 2.2535
3.65 -2.41092 2.25006
3.66 -2.41021 2.24661
3.67 -2.40949 2.24317
3.68 -2.40877 2.23973
3.69 -2.40806 2.23629
3.7 -2.40734 2.23285
3.71 -2.40663 2.22941
3.72 -2.40591 2.22597
3.73 -2.40519 2.22253
3.74 -2.40447 2.2191
3.75 -2.40376 2.21566
3.76 -2.40304 2.21223
3.77 -2.40232 2.2088
3.78 -2.4016 2.20537
3.79 -2.40088 2.20194
3.8 -2.40016 2.19851
3.81 -2.39945 2.19508
3.82 -2.39873 2.19165
3.83 -2.39801 2.18823
3.84 -2.39728 2.1848
3.85 -2.39656 2.18138
3.86 -2.39584 2.17795
3.87 -2.39512 2.17453
3.88 -2.3944 2.17111
3.89 -2.39368 2.16769
3.9 -2.39296 2.16427
3.91 -2.39223 2.16085
3.92 -2.39151 2.15744
3.93 -2.39079 2.15402
3.94 -2.39006 2.15061
3.95 -2.38934 2.14719
3.96 -2.38862 2.14378
3.97 -2.38789 2.14037
3.98 -2.38717 2.13696
3.99 -2.38644 2.13355
4 -2.38572 2.13014
4.01 -2.38499 2.12673
4.02 -2.38427 2.12332
4.03 -2.38354 2.11992
4.04 -2.38281 2.11651
4.05 -2.38209 2.11311
4.06 -2.38136 2.10971
4.07 -2.38063 2.10631
4.08 -2.3799 2.10291
4.09 -2.37917 2.09951
4.1 -2.37845 2.09611
4.11 -2.37772 2.09271
4.12 -2.37699 2.08931
4.13 -2.37626 2.08592
4.14 -2.37553 2.08253
4.15 -2.3748 2.07913
4.16 -2.37407 2.07574
4.17 -2.37334 2.07235
4.18 -2.37261 2.06896
4.19 -2.37188 2.06557
4.2 -2.37114 2.06218
4.21 -2.37041 2.0588
4.22 -2.36968 2.05541
4.23 -2.36895 2.05202
4.24 -2.36821 2.04864
4.25 -2.36748 2.04526
4.26 -2.36675 2.04188
4.27 -2.36601 2.0385
4.28 -2.36528 2.03512
4.29 -2.36454 2.03174
4.3 -2.36381 2.02836
4.31 -2.36307 2.02498
4.32 -2.36234 2.02161
4.33 -2.3616 2.01824
4.34 -2.36087 2.01486
4.35 -2.36013 2.01149
4.36 -2.35939 2.00812
4.37 -2.35866 2.00475
4.38 -2.35792 2.00138
4.39 -2.35718 1.99801
4.4 -2.35644 1.99464
4.41 -2.3557 1.99128
4.42 -2.35497 1.98791
4.43 -2.35423 1.98455
4.44 -2.35349 1.98119
4.45 -2.35275 1.97783
4.46 -2.35201 1.97447
4.47 -2.35127 1.97111
4.48 -2.35053 1.96775
4.49 -2.34978 1.96439
4.5 -2.34904 1.96103
4.51 -2.3483 1.95768
4.52 -2.34756 1.95432
4.53 -2.34682 1.95097
4.54 -2.34607 1.94762
4.55 -2.34533 1.94427
4.56 -2.34459 1.94092
4.57 -2.34384 1.93757
4.58 -2.3431 1.93422
4.59 -2.34235 1.93088
4.6 -2.34161 1.92753
4.61 -2.34086 1.92419
4.62 -2.34012 1.92084
4.63 -2.33937 1.9175
4.64 -2.33863 1.91416
4.65 -2.33788 1.91082
4.66 -2.33713 1.90748
4.67 -2.33638 1.90414
4.68 -2.33564 1.9008
4.69 -2.33489 1.89747
4.7 -2.33414 1.89413
4.71 -2.33339 1.8908
4.72 -2.33264 1.88746
4.73 -2.33189 1.88413
4.74 -2.33114 1.8808
4.75 -2.33039 1.87747
4.76 -2.32964 1.87414
4.77 -2.32889 1.87082
4.78 -2.32814 1.86749
4.79 -2.32739 1.86416
4.8 -2.32664 1.86084
4.81 -2.32589 1.85752
4.82 -2.32513 1.85419
4.83 -2.32438 1.85087
4.84 -2.32363 1.84755
4.85 -2.32287 1.84423
4.86 -2.32212 1.84092
4.87 -2.32137 1.8376
4.88 -2.32061 1.83428
4.89 -2.31986 1.83097
4.9 -2.3191 1.82766
4.91 -2.31834 1.82434
4.92 -2.31759 1.82103
4.93 -2.31683 1.81772
4.94 -2.31608 1.81441
4.95 -2.31532 1.8111
4.96 -2.31456 1.8078
4.97 -2.3138 1.80449
4.98 -2.31304 1.80119
4.99 -2.31229 1.79788
5 -2.31153 1.79458
5.01 -2.31077 1.79128
5.02 -2.31001 1.78798
5.03 -2.30925 1.78468
5.04 -2.30849 1.78138
5.05 -2.30773 1.77808
5.06 -2.30697 1.77479
5.07 -2.3062 1.77149
5.08 -2.30544 1.7682
5.09 -2.30468 1.7649
5.1 -2.30392 1.76161
5.11 -2.30315 1.75832
5.12 -2.30239 1.75503
5.13 -2.30163 1.75174
5.14 -2.30086 1.74846
5.15 -2.3001 1.74517
5.16 -2.29933 1.74188
5.17 -2.29857 1.7386
5.18 -2.2978 1.73532
5.19 -2.29704 1.73204
5.2 -2.29627 1.72875
5.21 -2.2955 1.72547
5.22 -2.29474 1.7222
5.23 -2.29397 1.71892
5.24 -2.2932 1.71564
5.25 -2.29243 1.71237
5.26 -2.29167 1.70909
5.27 -2.2909 1.70582
5.28 -2.29013 1.70255
5.29 -2.28936 1.69928
5.3 -2.28859 1.69601
5.31 -2.28782 1.69274
5.32 -2.28705 1.68947
5.33 -2.28628 1.6862
5.34 -2.2855 1.68294
5.35 -2.28473 1.67967
5.36 -2.28396 1.67641
5.37 -2.28319 1.67315
5.38 -2.28241 1.66989
5.39 -2.28164 1.66663
5.4 -2.28087 1.66337
5.41 -2.28009 1.66011
5.42 -2.27932 1.65685
5.43 -2.27854 1.6536
5.44 -2.27777 1.65034
5.45 -2.27699 1.64709
5.46 -2.27622 1.64384
5.47 -2.27544 1.64058
5.48 -2.27466 1.63733
5.49 -2.27388 1.63409
5.5 -2.27311 1.63084
5.51 -2.27233 1.62759
5.52 -2.27155 1.62435
5.53 -2.27077 1.6211
5.54 -2.26999 1.61786
5.55 -2.26921 1.61462
5.56 -2.26843 1.61137
5.57 -2.26765 1.60813
5.58 -2.26687 1.60489
5.59 -2.26609 1.60166
5.6 -2.26531 1.59842
5.61 -2.26453 1.59518
5.62 -2.26374 1.59195
5.63 -2.26296 1.58872
5.64 -2.26218 1.58548
5.65 -2.26139 1.58225
5.66 -2.26061 1.57902
5.67 -2.25982 1.57579
5.68 -2.25904 1.57257
5.69 -2.25825 1.56934
5.7 -2.25747 1.56611
5.71 -2.25668 1.56289
5.72 -2.2559 1.55967
5.73 -2.25511 1.55644
5.74 -2.25432 1.55322
5.75 -2.25353 1.55
5.76 -2.25275 1.54679
5.77 -2.25196 1.54357
5.78 -2.25117 1.54035
5.79 -2.25038 1.53714
5.8 -2.24959 1.53392
5.81 -2.2488 1.53071
5.82 -2.24801 1.5275
5.83 -2.24722 1.52429
5.84 -2.24643 1.52108
5.85 -2.24563 1.51787
5.86 -2.24484 1.51466
5.87 -2.24405 1.51145
5.88 -2.24326 1.50825
5.89 -2.24246 1.50504
5.9 -2.24167 1.50184
5.91 -2.24087 1.49864
5.92 -2.24008 1.49544
5.93 -2.23928 1.49224
5.94 -2.23849 1.48904
5.95 -2.23769 1.48584
5.96 -2.2369 1.48265
5.97 -2.2361 1.47945
5.98 -2.2353 1.47626
5.99 -2.2345 1.47307
6 -2.23371 1.46987
6.01 -2.23291 1.46668
6.02 -2.23211 1.46349
6.03 -2.23131 1.46031
6.04 -2.23051 1.45712
6.05 -2.22971 1.45393
6.06 -2.22891 1.45075
6.07 -2.22811 1.44756
6.08 -2.22731 1.44438
6.09 -2.2265 1.4412
6.1 -2.2257 1.43802
6.11 -2.2249 1.43484
6.12 -2.2241 1.43166
6.13 -2.22329 1.42849
6.14 -2.22249 1.42531
6.15 -2.22168 1.42214
6.16 -2.22088 1.41896
6.17 -2.22007 1.41579
6.18 -2.21927 1.41262
6.19 -2.21846 1.40945
6.2 -2.21765 1.40628
6.21 -2.21685 1.40312
6.22 -2.21604 1.39995
6.23 -2.21523 1.39678
6.24 -2.21442 1.39362
6.25 -2.21361 1.39046
6.26 -2.2128 1.3873
6.27 -2.21199 1.38413
6.28 -2.21118 1.38098
6.29 -2.21037 1.37782
6.3 -2.20956 1.37466
6.31 -2.20875 1.3715
6.32 -2.20794 1.36835
6.33 -2.20713 1.3652
6.34 -2.20631 1.36204
6.35 -2.2055 1.35889
6.36 -2.20468 1.35574
6.37 -2.20387 1.35259
6.38 -2.20306 1.34944
6.39 -2.20224 1.3463
6.4 -2.20142 1.34315
6.41 -2.20061 1.34001
6.42 -2.19979 1.33687
6.43 -2.19897 1.33372
6.44 -2.19816 1.33058
6.45 -2.19734 1.32744
6.46 -2.19652 1.3243
6.47 -2.1957 1.32117
6.48 -2.19488 1.31803
6.49 -2.19406 1.3149
6.5 -2.19324 1.31176
6.51 -2.19242 1.30863
6.52 -2.1916 1.3055
6.53 -2.19078 1.30237
6.54 -2.18996 1.29924
6.55 -2.18913 1.29611
6.56 -2.18831 1.29298
6.57 -2.18749 1.28986
6.58 -2.18666 1.28673
6.59 -2.18584 1.28361
6.6 -2.18501 1.28049
6.61 -2.18419 1.27737
6.62 -2.18336 1.27425
6.63 -2.18254 1.27113
6.64 -2.18171 1.26801
6.65 -2.18088 1.2649
6.66 -2.18005 1.26178
6.67 -2.17923 1.25867
6.68 -2.1784 1.25555
6.69 -2.17757 1.25244
6.7 -2.17674 1.24933
6.71 -2.17591 1.24622
6.72 -2.17508 1.24312
6.73 -2.17425 1.24001
6.74 -2.17341 1.2369
6.75 -2.17258 1.2338
6.76 -2.17175 1.2307
6.77 -2.17092 1.2276
6.78 -2.17008 1.22449
6.79 -2.16925 1.22139
6.8 -2.16841 1.2183
6.81 -2.16758 1.2152
6.82 -2.16674 1.2121
6.83 -2.16591 1.20901
6.84 -2.16507 1.20592
6.85 -2.16423 1.20282
6.86 -2.16339 1.19973
6.87 -2.16256 1.19664
6.88 -2.16172 1.19355
6.89 -2.16088 1.19047
6.9 -2.16004 1.18738
6.91 -2.1592 1.18429
6.92 -2.15836 1.18121
6.93 -2.15752 1.17813
6.94 -2.15668 1.17505
6.95 -2.15583 1.17197
6.96 -2.15499 1.16889
6.97 -2.15415 1.16581
6.98 -2.1533 1.16273
6.99 -2.15246 1.15966
7 -2.15162 1.15658
7.01 -2.15077 1.15351
7.02 -2.14993 1.15044
7.03 -2.14908 1.14737
7.04 -2.14823 1.1443
7.05 -2.14739 1.14123
7.06 -2.14654 1.13816
7.07 -2.14569 1.13509
7.08 -2.14484 1.13203
7.09 -2.14399 1.12897
7.1 -2.14314 1.1259
7.11 -2.14229 1.12284
7.12 -2.14144 1.11978
7.13 -2.14059 1.11672
7.14 -2.13974 1.11367
7.15 -2.13888 1.11061
7.16 -2.13803 1.10756
7.17 -2.13718 1.1045
7.18 -2.13632 1.10145
7.19 -2.13547 1.0984
7.2 -2.13462 1.09535
7.21 -2.13376 1.0923
7.22 -2.1329 1.08925
7.23 -2.13205 1.08621
7.24 -2.13119 1.08316
7.25 -2.13033 1.08012
7.26 -2.12947 1.07707
7.27 -2.12861 1.07403
7.28 -2.12776 1.07099
7.29 -2.1269 1.06795
7.3 -2.12604 1.06492
7.31 -2.12517 1.06188
7.32 -2.12431 1.05884
7.33 -2.12345 1.05581
7.34 -2.12259 1.05278
7.35 -2.12173 1.04975
7.36 -2.12086 1.04671
7.37 -2.12 1.04369
7.38 -2.11913 1.04066
7.39 -2.11827 1.03763
7.4 -2.1174 1.03461
7.41 -2.11654 1.03158
7.42 -2.11567 1.02856
7.43 -2.1148 1.02554
7.44 -2.11393 1.02252
7.45 -2.11306 1.0195
7.46 -2.1122 1.01648
7.47 -2.11133 1.01346
7.48 -2.11046 1.01045
7.49 -2.10958 1.00743
7.5 -2.10871 1.00442
7.51 -2.10784 1.00141
7.52 -2.10697 0.998396
7.53 -2.1061 0.995387
7.54 -2.10522 0.992379
7.55 -2.10435 0.989372
7.56 -2.10347 0.986366
7.57 -2.1026 0.983362
7.58 -2.10172 0.980359
7.59 -2.10085 0.977357
7.6 -2.09997 0.974357
7.61 -2.09909 0.971357
7.62 -2.09821 0.968359
7.63 -2.09733 0.965362
7.64 -2.09645 0.962367
7.65 -2.09557 0.959373
7.66 -2.09469 0.95638
7.67 -2.09381 0.953388
7.68 -2.09293 0.950397
7.69 -2.09205 0.947408
7.7 -2.09117 0.94442
7.71 -2.09028 0.941433
7.72 -2.0894 0.938448
7.73 -2.08851 0.935463
7.74 -2.08763 0.932481
7.75 -2.08674 0.929499
7.76 -2.08586 0.926518
7.77 -2.08497 0.923539
7.78 -2.08408 0.920561
7.79 -2.08319 0.917585
7.8 -2.0823 0.914609
7.81 -2.08141 0.911635
7.82 -2.08052 0.908662
7.83 -2.07963 0.905691
7.84 -2.07874 0.902721
7.85 -2.07785 0.899752
7.86 -2.07696 0.896784
7.87 -2.07606 0.893817
7.88 -2.07517 0.890852
7.89 -2.07428 0.887888
7.9 -2.07338 0.884926
7.91 -2.07249 0.881964
7.92 -2.07159 0.879004
7.93 -2.07069 0.876046
7.94 -2.0698 0.873088
7.95 -2.0689 0.870132
7.96 -2.068 0.867177
7.97 -2.0671 0.864223
7.98 -2.0662 0.861271
7.99 -2.0653 0.85832
8 -2.0644 0.85537
8.01 -2.0635 0.852422
8.02 -2.0626 0.849474
8.03 -2.06169 0.846529
8.04 -2.06079 0.843584
8.05 -2.05988 0.840641
8.06 -2.05898 0.837699
8.07 -2.05807 0.834758
8.08 -2.05717 0.831818
8.09 -2.05626 0.82888
8.1 -2.05535 0.825943
8.11 -2.05445 0.823008
8.12 -2.05354 0.820073
8.13 -2.05263 0.81714
8.14 -2.05172 0.814209
8.15 -2.05081 0.811278
8.16 -2.0499 0.808349
8.17 -2.04898 0.805422
8.18 -2.04807 0.802495
8.19 -2.04716 0.79957
8.2 -2.04624 0.796646
8.21 -2.04533 0.793724
8.22 -2.04441 0.790802
8.23 -2.0435 0.787882
8.24 -2.04258 0.784964
8.25 -2.04166 0.782046
8.26 -2.04075 0.77913
8.27 -2.03983 0.776216
8.28 -2.03891 0.773302
8.29 -2.03799 0.77039
8.3 -2.03707 0.76748
8.31 -2.03615 0.76457
8.32 -2.03522 0.761662
8.33 -2.0343 0.758755
8.34 -2.03338 0.75585
8.35 -2.03245 0.752945
8.36 -2.03153 0.750043
8.37 -2.0306 0.747141
8.38 -2.02968 0.744241
8.39 -2.02875 0.741342
8.4 -2.02782 0.738444
8.41 -2.0269 0.735548
8.42 -2.02597 0.732653
8.43 -2.02504 0.72976
8.44 -2.02411 0.726868
8.45 -2.02318 0.723977
8.46 -2.02225 0.721087
8.47 -2.02131 0.718199
8.48 -2.02038 0.715312
8.49 -2.01945 0.712426
8.5 -2.01851 0.709542
8.51 -2.01758 0.706659
8.52 -2.01664 0.703777
8.53 -2.01571 0.700897
8.54 -2.01477 0.698018
8.55 -2.01383 0.695141
8.56 -2.01289 0.692265
8.57 -2.01195 0.68939
8.58 -2.01101 0.686516
8.59 -2.01007 0.683644
8.6 -2.00913 0.680773
8.61 -2.00819 0.677903
8.62 -2.00725 0.675035
8.63 -2.0063 0.672169
8.64 -2.00536 0.669303
8.65 -2.00441 0.666439
8.66 -2.00347 0.663576
8.67 -2.00252 0.660715
8.68 -2.00157 0.657855
8.69 -2.00063 0.654996
8.7 -1.99968 0.652139
8.71 -1.99873 0.649283
8.72 -1.99778 0.646428
8.73 -1.99683 0.643575
8.74 -1.99587 0.640723
8.75 -1.99492 0.637872
8.76 -1.99397 0.635023
8.77 -1.99301 0.632175
8.78 -1.99206 0.629329
8.79 -1.9911 0.626483
8.8 -1.99015 0.62364
8.81 -1.98919 0.620797
8.82 -1.98823 0.617956
8.83 -1.98728 0.615117
8.84 -1.98632 0.612278
8.85 -1.98536 0.609441
8.86 -1.98439 0.606606
8.87 -1.98343 0.603772
8.88 -1.98247 0.600939
8.89 -1.98151 0.598108
8.9 -1.98054 0.595278
8.91 -1.97958 0.592449
8.92 -1.97861 0.589622
8.93 -1.97765 0.586796
8.94 -1.97668 0.583971
8.95 -1.97571 0.581148
8.96 -1.97474 0.578326
8.97 -1.97377 0.575506
8.98 -1.9728 0.572687
8.99 -1.97183 0.569869
9 -1.97086 0.567053
9.01 -1.96989 0.564238
9.02 -1.96892 0.561425
9.03 -1.96794 0.558613
9.04 -1.96697 0.555802
9.05 -1.96599 0.552993
9.06 -1.96501 0.550185
9.07 -1.96404 0.547379
9.08 -1.96306 0.544574
9.09 -1.96208 0.54177
9.1 -1.9611 0.538968
9.11 -1.96012 0.536167
9.12 -1.95914 0.533367
9.13 -1.95815 0.530569
9.14 -1.95717 0.527773
9.15 -1.95619 0.524977
9.16 -1.9552 0.522183
9.17 -1.95422 0.519391
9.18 -1.95323 0.5166
9.19 -1.95224 0.51381
9.2 -1.95126 0.511022
9.21 -1.95027 0.508235
9.22 -1.94928 0.50545
9.23 -1.94829 0.502666
9.24 -1.94729 0.499883
9.25 -1.9463 0.497102
9.26 -1.94531 0.494323
9.27 -1.94431 0.491544
9.28 -1.94332 0.488767
9.29 -1.94232 0.485992
9.3 -1.94133 0.483218
9.31 -1.94033 0.480445
9.32 -1.93933 0.477674
9.33 -1.93833 0.474904
9.34 -1.93733 0.472136
9.35 -1.93633 0.469369
9.36 -1.93533 0.466604
9.37 -1.93432 0.46384
9.38 -1.93332 0.461077
9.39 -1.93232 0.458316
9.4 -1.93131 0.455556
9.41 -1.9303 0.452798
9.42 -1.9293 0.450041
9.43 -1.92829 0.447285
9.44 -1.92728 0.444532
9.45 -1.92627 0.441779
9.46 -1.92526 0.439028
9.47 -1.92425 0.436278
9.48 -1.92323 0.43353
9.49 -1.92222 0.430783
9.5 -1.92121 0.428038
9.51 -1.92019 0.425294
9.52 -1.91917 0.422552
9.53 -1.91816 0.419811
9.54 -1.91714 0.417071
9.55 -1.91612 0.414333
9.56 -1.9151 0.411597
9.57 -1.91408 0.408862
9.58 -1.91306 0.406128
9.59 -1.91203 0.403396
9.6 -1.91101 0.400665
9.61 -1.90998 0.397936
9.62 -1.90896 0.395208
9.63 -1.90793 0.392481
9.64 -1.9069 0.389757
9.65 -1.90588 0.387033
9.66 -1.90485 0.384311
9.67 -1.90382 0.381591
9.68 -1.90278 0.378872
9.69 -1.90175 0.376154
9.7 -1.90072 0.373438
9.71 -1.89968 0.370724
9.72 -1.89865 0.36801
9.73 -1.89761 0.365299
9.74 -1.89657 0.362589
9.75 -1.89554 0.35988
9.76 -1.8945 0.357173
9.77 -1.89346 0.354467
9.78 -1.89242 0.351763
9.79 -1.89137 0.34906
9.8 -1.89033 0.346359
9.81 -1.88929 0.343659
9.82 -1.88824 0.340961
9.83 -1.88719 0.338264
9.84 -1.88615 0.335569
9.85 -1.8851 0.332875
9.86 -1.88405 0.330183
9.87 -1.883 0.327492
9.88 -1.88195 0.324803
9.89 -1.88089 0.322115
9.9 -1.87984 0.319429
9.91 -1.87879 0.316744
9.92 -1.87773 0.314061
9.93 -1.87667 0.31138
9.94 -1.87562 0.308699
9.95 -1.87456 0.306021
9.96 -1.8735 0.303343
9.97 -1.87244 0.300668
9.98 -1.87137 0.297994
9.99 -1.87031 0.295321
10 -1.86925 0.29265
10.01 -1.86818 0.28998
10.02 -1.86712 0.287312
10.03 -1.86605 0.284646
10.04 -1.86498 0.281981
10.05 -1.86391 0.279317
10.06 -1.86284 0.276655
10.07 -1.86177 0.273995
10.08 -1.8607 0.271336
10.09 -1.85962 0.268678
10.1 -1.85855 0.266023
10.11 -1.85747 0.263368
10.12 -1.8564 0.260716
10.13 -1.85532 0.258064
10.14 -1.85424 0.255415
10.15 -1.85316 0.252767
10.16 -1.85208 0.25012
10.17 -1.85099 0.247475
10.18 -1.84991 0.244831
10.19 -1.84882 0.242189
10.2 -1.84774 0.239549
10.21 -1.84665 0.23691
10.22 -1.84556 0.234273
10.23 -1.84447 0.231637
10.24 -1.84338 0.229003
10.25 -1.84229 0.22637
10.26 -1.8412 0.223739
10.27 -1.8401 0.22111
10.28 -1.83901 0.218482
10.29 -1.83791 0.215855
10.3 -1.83681 0.213231
10.31 -1.83572 0.210607
10.32 -1.83462 0.207986
10.33 -1.83351 0.205366
10.34 -1.83241 0.202747
10.35 -1.83131 0.20013
10.36 -1.8302 0.197515
10.37 -1.8291 0.194901
10.38 -1.82799 0.192289
10.39 -1.82688 0.189678
10.4 -1.82577 0.187069
10.41 -1.82466 0.184462
10.42 -1.82355 0.181856
10.43 -1.82244 0.179252
10.44 -1.82132 0.176649
10.45 -1.82021 0.174048
10.46 -1.81909 0.171448
10.47 -1.81797 0.16885
10.48 -1.81685 0.166254
10.49 -1.81573 0.163659
10.5 -1.81461 0.161066
10.51 -1.81348 0.158475
10.52 -1.81236 0.155885
10.53 -1.81123 0.153297
10.54 -1.81011 0.15071
10.55 -1.80898 0.148125
10.56 -1.80785 0.145541
10.57 -1.80672 0.14296
10.58 -1.80558 0.140379
10.59 -1.80445 0.137801
10.6 -1.80332 0.135224
10.61 -1.80218 0.132649
10.62 -1.80104 0.130075
10.63 -1.7999 0.127503
10.64 -1.79876 0.124932
10.65 -1.79762 0.122363
10.66 -1.79648 0.119796
10.67 -1.79533 0.117231
10.68 -1.79419 0.114667
10.69 -1.79304 0.112104
10.7 -1.79189 0.109544
10.71 -1.79074 0.106985
10.72 -1.78959 0.104427
10.73 -1.78844 0.101872
10.74 -1.78729 0.0993174
10.75 -1.78613 0.096765
10.76 -1.78497 0.0942142
10.77 -1.78382 0.091665
10.78 -1.78266 0.0891176
10.79 -1.7815 0.0865717
10.8 -1.78033 0.0840276
10.81 -1.77917 0.0814851
10.82 -1.778 0.0789442
10.83 -1.77684 0.0764051
10.84 -1.77567 0.0738676
10.85 -1.7745 0.0713317
10.86 -1.77333 0.0687976
10.87 -1.77216 0.0662651
10.88 -1.77098 0.0637342
10.89 -1.76981 0.0612051
10.9 -1.76863 0.0586777
10.91 -1.76745 0.0561519
10.92 -1.76627 0.0536278
10.93 -1.76509 0.0511054
10.94 -1.76391 0.0485847
10.95 -1.76273 0.0460656
10.96 -1.76154 0.0435483
10.97 -1.76035 0.0410327
10.98 -1.75917 0.0385187
10.99 -1.75798 0.0360065
11 -1.75678 0.0334959
11.01 -1.75559 0.0309871
11.02 -1.7544 0.02848
11.03 -1.7532 0.0259745
11.04 -1.752 0.0234708
11.05 -1.7508 0.0209688
11.06 -1.7496 0.0184685
11.07 -1.7484 0.01597
11.08 -1.74719 0.0134731
11.09 -1.74599 0.010978
11.1 -1.74478 0.00848456
11.11 -1.74357 0.00599288
11.12 -1.74236 0.00350292
11.13 -1.74115 0.0010147
11.14 -1.73994 -0.00147179
11.15 -1.73872 -0.00395655
11.16 -1.7375 -0.00643956
11.17 -1.73629 -0.00892084
11.18 -1.73507 -0.0114004
11.19 -1.73384 -0.0138782
11.2 -1.73262 -0.0163542
11.21 -1.73139 -0.0188285
11.22 -1.73017 -0.0213011
11.23 -1.72894 -0.0237718
11.24 -1.72771 -0.0262409
11.25 -1.72648 -0.0287082
11.26 -1.72524 -0.0311737
11.27 -1.72401 -0.0336374
11.28 -1.72277 -0.0360994
11.29 -1.72153 -0.0385596
11.3 -1.72029 -0.0410181
11.31 -1.71905 -0.0434747
11.32 -1.7178 -0.0459296
11.33 -1.71656 -0.0483827
11.34 -1.71531 -0.0508341
11.35 -1.71406 -0.0532836
11.36 -1.71281 -0.0557314
11.37 -1.71156 -0.0581774
11.38 -1.7103 -0.0606216
11.39 -1.70904 -0.0630639
11.4 -1.70779 -0.0655045
11.41 -1.70653 -0.0679433
11.42 -1.70526 -0.0703803
11.43 -1.704 -0.0728155
11.44 -1.70273 -0.0752489
11.45 -1.70147 -0.0776805
11.46 -1.7002 -0.0801102
11.47 -1.69893 -0.0825382
11.48 -1.69765 -0.0849643
11.49 -1.69638 -0.0873886
11.5 -1.6951 -0.0898111
11.51 -1.69382 -0.0922317
11.52 -1.69254 -0.0946506
11.53 -1.69126 -0.0970676
11.54 -1.68997 -0.0994827
11.55 -1.68869 -0.101896
11.56 -1.6874 -0.104308
11.57 -1.68611 -0.106717
11.58 -1.68481 -0.109125
11.59 -1.68352 -0.111531
11.6 -1.68222 -0.113935
11.61 -1.68092 -0.116337
11.62 -1.67962 -0.118738
11.63 -1.67832 -0.121136
11.64 -1.67702 -0.123533
11.65 -1.67571 -0.125928
11.66 -1.6744 -0.128321
11.67 -1.67309 -0.130712
11.68 -1.67178 -0.133101
11.69 -1.67046 -0.135488
11.7 -1.66914 -0.137874
11.71 -1.66782 -0.140257
11.72 -1.6665 -0.142639
11.73 -1.66518 -0.145019
11.74 -1.66385 -0.147397
11.75 -1.66253 -0.149772
11.76 -1.6612 -0.152147
11.77 -1.65986 -0.154519
11.78 -1.65853 -0.156889
11.79 -1.65719 -0.159257
11.8 -1.65585 -0.161624
11.81 -1.65451 -0.163988
11.82 -1.65317 -0.166351
11.83 -1.65183 -0.168712
11.84 -1.65048 -0.171071
11.85 -1.64913 -0.173427
11.86 -1.64778 -0.175782
11.87 -1.64642 -0.178135
11.88 -1.64506 -0.180486
11.89 -1.64371 -0.182836
11.9 -1.64234 -0.185183
11.91 -1.64098 -0.187528
11.92 -1.63961 -0.189871
11.93 -1.63825 -0.192213
11.94 -1.63687 -0.194552
11.95 -1.6355 -0.196889
11.96 -1.63413 -0.199225
11.97 -1.63275 -0.201558
11.98 -1.63137 -0.20389
11.99 -1.62998 -0.206219
12 -1.6286 -0.208547
12.01 -1.62721 -0.210872
12.02 -1.62582 -0.213196
12.03 -1.62443 -0.215518
12.04 -1.62303 -0.217837
12.05 -1.62163 -0.220155
12.06 -1.62023 -0.222471
12.07 -1.61883 -0.224784
12.08 -1.61742 -0.227096
12.09 -1.61602 -0.229405
12.1 -1.61461 -0.231713
12.11 -1.61319 -0.234018
12.12 -1.61178 -0.236322
12.13 -1.61036 -0.238624
12.14 -1.60894 -0.240923
12.15 -1.60751 -0.243221
12.16 -1.60609 -0.245516
12.17 -1.60466 -0.247809
12.18 -1.60322 -0.250101
12.19 -1.60179 -0.25239
12.2 -1.60035 -0.254677
12.21 -1.59891 -0.256962
12.22 -1.59747 -0.259246
12.23 -1.59602 -0.261527
12.24 -1.59457 -0.263806
12.25 -1.59312 -0.266083
12.26 -1.59167 -0.268357
12.27 -1.59021 -0.27063
12.28 -1.58875 -0.272901
12.29 -1.58728 -0.275169
12.3 -1.58582 -0.277436
12.31 -1.58435 -0.2797
12.32 -1.58288 -0.281963
12.33 -1.5814 -0.284223
12.34 -1.57992 -0.286481
12.35 -1.57844 -0.288737
12.36 -1.57696 -0.290991
12.37 -1.57547 -0.293242
12.38 -1.57398 -0.295492
12.39 -1.57249 -0.29774
12.4 -1.57099 -0.299985
12.41 -1.56949 -0.302228
12.42 -1.56799 -0.304469
12.43 -1.56648 -0.306708
12.44 -1.56497 -0.308945
12.45 -1.56346 -0.311179
12.46 -1.56194 -0.313412
12.47 -1.56043 -0.315642
12.48 -1.5589 -0.31787
12.49 -1.55738 -0.320096
12.5 -1.55585 -0.32232
12.51 -1.55432 -0.324541
12.52 -1.55278 -0.326761
12.53 -1.55124 -0.328978
12.54 -1.5497 -0.331193
12.55 -1.54815 -0.333406
12.56 -1.5466 -0.335616
12.57 -1.54505 -0.337824
12.58 -1.54349 -0.340031
12.59 -1.54193 -0.342234
12.6 -1.54037 -0.344436
12.61 -1.5388 -0.346636
12.62 -1.53723 -0.348833
12.63 -1.53566 -0.351028
12.64 -1.53408 -0.35322
12.65 -1.5325 -0.355411
12.66 -1.53091 -0.357599
12.67 -1.52932 -0.359785
12.68 -1.52773 -0.361968
12.69 -1.52613 -0.36415
12.7 -1.52453 -0.366329
12.71 -1.52292 -0.368505
12.72 -1.52132 -0.37068
12.73 -1.5197 -0.372852
12.74 -1.51809 -0.375022
12.75 -1.51647 -0.377189
12.76 -1.51484 -0.379355
12.77 -1.51321 -0.381518
12.78 -1.51158 -0.383678
12.79 -1.50994 -0.385836
12.8 -1.5083 -0.387992
12.81 -1.50666 -0.390146
12.82 -1.50501 -0.392297
12.83 -1.50335 -0.394446
12.84 -1.5017 -0.396592
12.85 -1.50003 -0.398736
12.86 -1.49837 -0.400878
12.87 -1.4967 -0.403017
12.88 -1.49502 -0.405154
12.89 -1.49334 -0.407289
12.9 -1.49166 -0.409421
12.91 -1.48997 -0.411551
12.92 -1.48827 -0.413678
12.93 -1.48658 -0.415803
12.94 -1.48487 -0.417925
12.95 -1.48317 -0.420045
12.96 -1.48145 -0.422163
12.97 -1.47974 -0.424278
12.98 -1.47801 -0.426391
12.99 -1.47629 -0.428501
13 -1.47456 -0.430609
13.01 -1.47282 -0.432714
13.02 -1.47108 -0.434817
13.03 -1.46933 -0.436917
13.04 -1.46758 -0.439015
13.05 -1.46582 -0.44111
13.06 -1.46406 -0.443203
13.07 -1.4623 -0.445293
13.08 -1.46052 -0.447381
13.09 -1.45875 -0.449466
13.1 -1.45696 -0.451549
13.11 -1.45518 -0.453629
13.12 -1.45338 -0.455707
13.13 -1.45158 -0.457782
13.14 -1.44978 -0.459854
13.15 -1.44797 -0.461924
13.16 -1.44615 -0.463991
13.17 -1.44433 -0.466056
13.18 -1.4425 -0.468118
13.19 -1.44067 -0.470177
13.2 -1.43883 -0.472234
13.21 -1.43699 -0.474288
13.22 -1.43514 -0.476339
13.23 -1.43328 -0.478388
13.24 -1.43142 -0.480435
13.25 -1.42955 -0.482478
13.26 -1.42767 -0.484519
13.27 -1.42579 -0.486557
13.28 -1.4239 -0.488593
13.29 -1.42201 -0.490625
13.3 -1.42011 -0.492656
13.31 -1.4182 -0.494683
13.32 -1.41629 -0.496708
13.33 -1.41437 -0.498729
13.34 -1.41244 -0.500749
13.35 -1.41051 -0.502765
13.36 -1.40857 -0.504779
13.37 -1.40662 -0.50679
13.38 -1.40467 -0.508798
13.39 -1.4027 -0.510803
13.4 -1.40073 -0.512805
13.41 -1.39876 -0.514805
13.42 -1.39678 -0.516802
13.43 -1.39478 -0.518796
13.44 -1.39279 -0.520787
13.45 -1.39078 -0.522775
13.46 -1.38877 -0.52476
13.47 -1.38675 -0.526743
13.48 -1.38472 -0.528723
13.49 -1.38268 -0.530699
13.5 -1.38063 -0.532673
13.51 -1.37858 -0.534644
13.52 -1.37652 -0.536612
13.53 -1.37445 -0.538577
13.54 -1.37237 -0.540539
13.55 -1.37029 -0.542498
13.56 -1.36819 -0.544454
13.57 -1.36609 -0.546407
13.58 -1.36398 -0.548357
13.59 -1.36185 -0.550304
13.6 -1.35972 -0.552248
13.61 -1.35758 -0.554189
13.62 -1.35544 -0.556127
13.63 -1.35328 -0.558062
13.64 -1.35111 -0.559993
13.65 -1.34893 -0.561922
13.66 -1.34675 -0.563848
13.67 -1.34455 -0.56577
13.68 -1.34234 -0.567689
13.69 -1.34013 -0.569605
13.7 -1.3379 -0.571518
13.71 -1.33566 -0.573428
13.72 -1.33341 -0.575334
13.73 -1.33116 -0.577237
13.74 -1.32889 -0.579137
13.75 -1.32661 -0.581034
13.76 -1.32431 -0.582928
13.77 -1.32201 -0.584818
13.78 -1.3197 -0.586705
13.79 -1.31737 -0.588589
13.8 -1.31504 -0.590469
13.81 -1.31269 -0.592346
13.82 -1.31033 -0.594219
13.83 -1.30795 -0.59609
13.84 -1.30557 -0.597956
13.85 -1.30317 -0.59982
13.86 -1.30076 -0.60168
13.87 -1.29833 -0.603536
13.88 -1.2959 -0.605389
13.89 -1.29345 -0.607239
13.9 -1.29098 -0.609085
13.91 -1.2885 -0.610927
13.92 -1.28601 -0.612766
13.93 -1.28351 -0.614602
13.94 -1.28098 -0.616433
13.95 -1.27845 -0.618262
13.96 -1.2759 -0.620086
13.97 -1.27333 -0.621907
13.98 -1.27075 -0.623724
13.99 -1.26816 -0.625538
14 -1.26554 -0.627347
14.01 -1.26291 -0.629154
14.02 -1.26027 -0.630956
14.03 -1.25761 -0.632754
14.04 -1.25493 -0.634549
14.05 -1.25223 -0.63634
14.06 -1.24952 -0.638127
14.07 -1.24679 -0.63991
14.08 -1.24404 -0.641689
14.09 -1.24127 -0.643464
14.1 -1.23848 -0.645235
14.11 -1.23567 -0.647003
14.12 -1.23285 -0.648766
14.13 -1.23 -0.650525
14.14 -1.22713 -0.65228
14.15 -1.22424 -0.654031
14.16 -1.22133 -0.655778
14.17 -1.2184 -0.657521
14.18 -1.21545 -0.659259
14.19 -1.21248 -0.660993
14.2 -1.20948 -0.662723
14.21 -1.20646 -0.664449
14.22 -1.20341 -0.66617
14.23 -1.20034 -0.667887
14.24 -1.19724 -0.6696
14.25 -1.19412 -0.671308
14.26 -1.19098 -0.673012
14.27 -1.1878 -0.674711
14.28 -1.1846 -0.676405
14.29 -1.18138 -0.678095
14.3 -1.17812 -0.679781
14.31 -1.17483 -0.681461
14.32 -1.17152 -0.683137
14.33 -1.16817 -0.684809
14.34 -1.1648 -0.686475
14.35 -1.16139 -0.688137
14.36 -1.15795 -0.689793
14.37 -1.15447 -0.691445
14.38 -1.15097 -0.693092
14.39 -1.14742 -0.694733
14.4 -1.14384 -0.69637
14.41 -1.14023 -0.698002
14.42 -1.13658 -0.699628
14.43 -1.13288 -0.701249
14.44 -1.12915 -0.702865
14.45 -1.12538 -0.704475
14.46 -1.12157 -0.70608
14.47 -1.11771 -0.70768
14.48 -1.11381 -0.709273
14.49 -1.10986 -0.710862
14.5 -1.10587 -0.712444
14.51 -1.10183 -0.714021
14.52 -1.09774 -0.715593
14.53 -1.0936 -0.717158
14.54 -1.0894 -0.718717
14.55 -1.08516 -0.72027
14.56 -1.08085 -0.721817
14.57 -1.0765 -0.723358
14.58 -1.07208 -0.724893
14.59 -1.0676 -0.726422
14.6 -1.06306 -0.727943
14.61 -1.05845 -0.729459
14.62 -1.05378 -0.730968
14.63 -1.04904 -0.73247
14.64 -1.04422 -0.733965
14.65 -1.03933 -0.735453
14.66 -1.03437 -0.736934
14.67 -1.02933 -0.738408
14.68 -1.02421 -0.739875
14.69 -1.019 -0.741335
14.7 -1.0137 -0.742786
14.71 -1.00831 -0.744231
14.72 -1.00283 -0.745667
14.73 -0.99725 -0.747096
14.74 -0.991567 -0.748517
14.75 -0.985779 -0.749929
14.76 -0.979881 -0.751333
14.77 -0.973868 -0.752729
14.78 -0.967736 -0.754115
14.79 -0.961479 -0.755493
14.8 -0.955093 -0.756862
14.81 -0.948572 -0.758222
14.82 -0.94191 -0.759573
14.83 -0.9351 -0.760913
14.84 -0.928136 -0.762244
14.85 -0.921011 -0.763565
14.86 -0.913717 -0.764876
14.87 -0.906246 -0.766176
14.88 -0.898591 -0.767465
14.89 -0.89074 -0.768743
14.9 -0.882686 -0.77001
14.91 -0.874417 -0.771265
14.92 -0.865923 -0.772508
14.93 -0.857191 -0.773739
14.94 -0.848209 -0.774957
14.95 -0.838964 -0.776162
14.96 -0.829439 -0.777354
14.97 -0.819621 -0.778532
14.98 -0.809491 -0.779695
14.99 -0.799032 -0.780844
15 -0.788224 -0.781978
15.01 -0.777045 -0.783096
15.02 -0.765474 -0.784198
15.03 -0.753484 -0.785283
15.04 -0.741049 -0.786351
15.05 -0.728141 -0.7874
15.06 -0.714726 -0.788431
15.07 -0.700772 -0.789442
15.08 -0.68624 -0.790433
15.09 -0.671089 -0.791402
15.1 -0.655276 -0.79235
15.11 -0.638752 -0.793274
15.12 -0.621463 -0.794175
15.13 -0.603351 -0.79505
15.14 -0.584353 -0.795898
15.15 -0.564398 -0.796719
15.16 -0.543411 -0.79751
15.17 -0.521307 -0.798271
15.18 -0.497992 -0.798999
15.19 -0.473367 -0.799693
15.2 -0.447318 -0.800351
15.21 -0.419722 -0.80097
15.22 -0.390445 -0.801549
15.23 -0.359338 -0.802085
15.24 -0.326239 -0.802575
15.25 -0.290969 -0.803016
15.26 -0.253335 -0.803405
15.27 -0.213128 -0.803739
15.28 -0.17012 -0.804013
15.29 -0.12407 -0.804223
15.3 -0.0747219 -0.804366
15.31 -0.0218102 -0.804435
15.32 0.0349366 -0.804426
15.33 0.0957864 -0.804333
15.34 0.160993 -0.80415
15.35 0.230779 -0.803871
15.36 0.305316 -0.803489
15.37 0.384699 -0.802996
15.38 0.46891 -0.802387
15.39 0.557786 -0.801655
15.4 0.650983 -0.800792
15.41 0.747933 -0.799793
15.42 0.847827 -0.798653
15.43 0.949606 -0.797369
15.44 1.05198 -0.79594
15.45 1.15347 -0.794364
15.46 1.25253 -0.792645
15.47 1.3476 -0.790788
15.48 1.43726 -0.788798
15.49 1.52035 -0.786684
15.5 1.59602 -0.784457
15.51 1.66379 -0.782128
15.52 1.72353 -0.779707
15.53 1.77543 -0.777207
15.54 1.81991 -0.774638
15.55 1.85759 -0.772011
15.56 1.88917 -0.769334
15.57 1.91539 -0.766616
15.58 1.93696 -0.763863
15.59 1.95459 -0.761083
15.6 1.96888 -0.758281
15.61 1.98038 -0.755459
15.62 1.98958 -0.752623
15.63 1.99689 -0.749776
15.64 2.00263 -0.746919
15.65 2.0071 -0.744054
15.66 2.01054 -0.741185
15.67 2.01313 -0.73831
15.68 2.01505 -0.735433
15.69 2.01642 -0.732553
15.7 2.01734 -0.729672
15.71 2.0179 -0.72679
15.72 2.01817 -0.723907
15.73 2.0182 -0.721024
15.74 2.01805 -0.718141
15.75 2.01775 -0.715258
15.76 2.01732 -0.712376
15.77 2.0168 -0.709494
15.78 2.01619 -0.706614
15.79 2.01552 -0.703734
15.8 2.0148 -0.700855
15.81 2.01403 -0.697977
15.82 2.01323 -0.695101
15.83 2.01241 -0.692225
15.84 2.01156 -0.689351
15.85 2.01069 -0.686478
15.86 2.00981 -0.683606
15.87 2.00892 -0.680735
15.88 2.00801 -0.677866
15.89 2.0071 -0.674998
15.9 2.00618 -0.672132
15.91 2.00526 -0.669266
15.92 2.00433 -0.666402
15.93 2.0034 -0.66354
15.94 2.00246 -0.660678
15.95 2.00152 -0.657818
15.96 2.00058 -0.65496
15.97 1.99964 -0.652102
15.98 1.9987 -0.649246
15.99 1.99775 -0.646392
16 1.9968 -0.643539
16.01 1.99585 -0.640687
16.02 1.9949 -0.637836
16.03 1.99395 -0.634987
16.04 1.993 -0.632139
16.05 1.99204 -0.629293
16.06 1.99109 -0.626448
16.07 1.99013 -0.623604
16.08 1.98918 -0.620762
16.09 1.98822 -0.617921
16.1 1.98726 -0.615081
16.11 1.9863 -0.612243
16.12 1.98534 -0.609406
16.13 1.98438 -0.60657
16.14 1.98342 -0.603736
16.15 1.98246 -0.600903
16.16 1.9815 -0.598072
16.17 1.98053 -0.595242
16.18 1.97957 -0.592413
16.19 1.9786 -0.589586
16.2 1.97764 -0.58676
16.21 1.97667 -0.583936
16.22 1.9757 -0.581112
16.23 1.97473 -0.578291
16.24 1.97376 -0.57547
16.25 1.97279 -0.572651
16.26 1.97182 -0.569834
16.27 1.97085 -0.567018
16.28 1.96988 -0.564203
16.29 1.9689 -0.561389
16.3 1.96793 -0.558577
16.31 1.96695 -0.555767
16.32 1.96598 -0.552958
16.33 1.965 -0.55015
16.34 1.96402 -0.547343
16.35 1.96305 -0.544538
16.36 1.96207 -0.541735
16.37 1.96109 -0.538932
16.38 1.96011 -0.536131
16.39 1.95912 -0.533332
16.4 1.95814 -0.530534
16.41 1.95716 -0.527737
16.42 1.95618 -0.524942
16.43 1.95519 -0.522148
16.44 1.9542 -0.519356
16.45 1.95322 -0.516565
16.46 1.95223 -0.513775
16.47 1.95124 -0.510987
16.48 1.95025 -0.5082
16.49 1.94926 -0.505415
16.5 1.94827 -0.502631
16.51 1.94728 -0.499848
16.52 1.94629 -0.497067
16.53 1.9453 -0.494288
16.54 1.9443 -0.491509
16.55 1.94331 -0.488732
16.56 1.94231 -0.485957
16.57 1.94131 -0.483183
16.58 1.94032 -0.48041
16.59 1.93932 -0.477639
16.6 1.93832 -0.474869
16.61 1.93732 -0.472101
16.62 1.93632 -0.469334
16.63 1.93531 -0.466569
16.64 1.93431 -0.463805
16.65 1.93331 -0.461042
16.66 1.9323 -0.458281
16.67 1.9313 -0.455521
16.68 1.93029 -0.452763
16.69 1.92928 -0.450006
16.7 1.92828 -0.447251
16.71 1.92727 -0.444497
16.72 1.92626 -0.441744
16.73 1.92525 -0.438993
16.74 1.92423 -0.436244
16.75 1.92322 -0.433495
16.76 1.92221 -0.430749
16.77 1.92119 -0.428003
16.78 1.92018 -0.42526
16.79 1.91916 -0.422517
16.8 1.91814 -0.419776
16.81 1.91713 -0.417037
16.82 1.91611 -0.414299
16.83 1.91509 -0.411562
16.84 1.91407 -0.408827
16.85 1.91304 -0.406093
16.86 1.91202 -0.403361
16.87 1.911 -0.40063
16.88 1.90997 -0.397901
16.89 1.90895 -0.395173
16.9 1.90792 -0.392447
16.91 1.90689 -0.389722
16.92 1.90586 -0.386999
16.93 1.90483 -0.384277
16.94 1.9038 -0.381556
16.95 1.90277 -0.378837
16.96 1.90174 -0.37612
16.97 1.90071 -0.373404
16.98 1.89967 -0.370689
16.99 1.89864 -0.367976
17 1.8976 -0.365265
17.01 1.89656 -0.362555
17.02 1.89552 -0.359846
17.03 1.89448 -0.357139
17.04 1.89344 -0.354433
17.05 1.8924 -0.351729
17.06 1.89136 -0.349026
17.07 1.89032 -0.346325
17.08 1.88927 -0.343625
17.09 1.88823 -0.340927
17.1 1.88718 -0.33823
17.11 1.88613 -0.335535
17.12 1.88508 -0.332842
17.13 1.88404 -0.330149
17.14 1.88298 -0.327459
17.15 1.88193 -0.324769
17.16 1.88088 -0.322082
17.17 1.87983 -0.319395
17.18 1.87877 -0.316711
17.19 1.87772 -0.314027
17.2 1.87666 -0.311346
17.21 1.8756 -0.308666
17.22 1.87454 -0.305987
17.23 1.87348 -0.30331
17.24 1.87242 -0.300634
17.25 1.87136 -0.29796
17.26 1.8703 -0.295287
17.27 1.86923 -0.292616
17.28 1.86817 -0.289947
17.29 1.8671 -0.287279
17.3 1.86604 -0.284612
17.31 1.86497 -0.281947
17.32 1.8639 -0.279284
17.33 1.86283 -0.276622
17.34 1.86176 -0.273961
17.35 1.86068 -0.271302
17.36 1.85961 -0.268645
17.37 1.85853 -0.265989
17.38 1.85746 -0.263335
17.39 1.85638 -0.260682
17.4 1.8553 -0.258031
17.41 1.85422 -0.255381
17.42 1.85314 -0.252733
17.43 1.85206 -0.250087
17.44 1.85098 -0.247442
17.45 1.8499 -0.244798
17.46 1.84881 -0.242156
17.47 1.84772 -0.239516
17.48 1.84664 -0.236877
17.49 1.84555 -0.23424
17.5 1.84446 -0.231604
17.51 1.84337 -0.22897
17.52 1.84228 -0.226337
17.53 1.84118 -0.223706
17.54 1.84009 -0.221077
17.55 1.83899 -0.218449
17.56 1.8379 -0.215822
17.57 1.8368 -0.213198
17.58 1.8357 -0.210574
17.59 1.8346 -0.207953
17.6 1.8335 -0.205333
17.61 1.8324 -0.202714
17.62 1.83129 -0.200097
17.63 1.83019 -0.197482
17.64 1.82908 -0.194868
17.65 1.82798 -0.192256
17.66 1.82687 -0.189645
17.67 1.82576 -0.187036
17.68 1.82465 -0.184429
17.69 1.82353 -0.181823
17.7 1.82242 -0.179219
17.71 1.82131 -0.176616
17.72 1.82019 -0.174015
17.73 1.81907 -0.171416
17.74 1.81796 -0.168818
17.75 1.81684 -0.166221
17.76 1.81572 -0.163627
17.77 1.81459 -0.161034
17.78 1.81347 -0.158442
17.79 1.81235 -0.155852
17.8 1.81122 -0.153264
17.81 1.81009 -0.150677
17.82 1.80896 -0.148092
17.83 1.80783 -0.145509
17.84 1.8067 -0.142927
17.85 1.80557 -0.140347
17.86 1.80444 -0.137768
17.87 1.8033 -0.135191
17.88 1.80217 -0.132616
17.89 1.80103 -0.130042
17.9 1.79989 -0.12747
17.91 1.79875 -0.1249
17.92 1.79761 -0.122331
17.93 1.79646 -0.119764
17.94 1.79532 -0.117198
17.95 1.79417 -0.114634
17.96 1.79303 -0.112072
17.97 1.79188 -0.109511
17.98 1.79073 -0.106952
17.99 1.78958 -0.104395
18 1.78843 -0.101839
18.01 1.78727 -0.0992852
18.02 1.78612 -0.0967328
18.03 1.78496 -0.094182
18.04 1.7838 -0.0916329
18.05 1.78264 -0.0890855
18.06 1.78148 -0.0865397
18.07 1.78032 -0.0839955
18.08 1.77916 -0.081453
18.09 1.77799 -0.0789122
18.1 1.77682 -0.0763731
18.11 1.77566 -0.0738356
18.12 1.77449 -0.0712998
18.13 1.77332 -0.0687656
18.14 1.77214 -0.0662332
18.15 1.77097 -0.0637024
18.16 1.76979 -0.0611732
18.17 1.76862 -0.0586458
18.18 1.76744 -0.0561201
18.19 1.76626 -0.053596
18.2 1.76508 -0.0510736
18.21 1.7639 -0.0485529
18.22 1.76271 -0.0460339
18.23 1.76153 -0.0435166
18.24 1.76034 -0.041001
18.25 1.75915 -0.038487
18.26 1.75796 -0.0359748
18.27 1.75677 -0.0334643
18.28 1.75558 -0.0309555
18.29 1.75438 -0.0284484
18.3 1.75318 -0.025943
18.31 1.75199 -0.0234393
18.32 1.75079 -0.0209373
18.33 1.74959 -0.018437
18.34 1.74838 -0.0159385
18.35 1.74718 -0.0134416
18.36 1.74597 -0.0109465
18.37 1.74477 -0.00845315
18.38 1.74356 -0.00596149
18.39 1.74235 -0.00347155
18.4 1.74113 -0.000983352
18.41 1.73992 0.00150312
18.42 1.73871 0.00398785
18.43 1.73749 0.00647085
18.44 1.73627 0.0089521
18.45 1.73505 0.0114316
18.46 1.73383 0.0139094
18.47 1.7326 0.0163854
18.48 1.73138 0.0188597
18.49 1.73015 0.0213322
18.5 1.72892 0.023803
18.51 1.72769 0.026272
18.52 1.72646 0.0287392
18.53 1.72523 0.0312047
18.54 1.72399 0.0336685
18.55 1.72275 0.0361304
18.56 1.72152 0.0385906
18.57 1.72027 0.041049
18.58 1.71903 0.0435057
18.59 1.71779 0.0459606
18.6 1.71654 0.0484136
18.61 1.71529 0.050865
18.62 1.71404 0.0533145
18.63 1.71279 0.0557622
18.64 1.71154 0.0582082
18.65 1.71029 0.0606523
18.66 1.70903 0.0630947
18.67 1.70777 0.0655353
18.68 1.70651 0.0679741
18.69 1.70525 0.070411
18.7 1.70398 0.0728462
18.71 1.70272 0.0752796
18.72 1.70145 0.0777111
18.73 1.70018 0.0801408
18.74 1.69891 0.0825688
18.75 1.69764 0.0849949
18.76 1.69636 0.0874191
18.77 1.69508 0.0898416
18.78 1.69381 0.0922622
18.79 1.69252 0.0946811
18.8 1.69124 0.097098
18.81 1.68996 0.0995132
18.82 1.68867 0.101926
18.83 1.68738 0.104338
18.84 1.68609 0.106748
18.85 1.6848 0.109155
18.86 1.6835 0.111561
18.87 1.68221 0.113965
18.88 1.68091 0.116368
18.89 1.67961 0.118768
18.9 1.6783 0.121166
18.91 1.677 0.123563
18.92 1.67569 0.125958
18.93 1.67438 0.128351
18.94 1.67307 0.130742
18.95 1.67176 0.133131
18.96 1.67044 0.135518
18.97 1.66913 0.137904
18.98 1.66781 0.140287
18.99 1.66649 0.142669
19 1.66516 0.145049
19.01 1.66384 0.147426
19.02 1.66251 0.149802
19.03 1.66118 0.152176
19.04 1.65985 0.154549
19.05 1.65851 0.156919
19.06 1.65718 0.159287
19.07 1.65584 0.161654
19.08 1.6545 0.164018
19.09 1.65315 0.166381
19.1 1.65181 0.168742
19.11 1.65046 0.1711
19.12 1.64911 0.173457
19.13 1.64776 0.175812
19.14 1.6464 0.178165
19.15 1.64505 0.180516
19.16 1.64369 0.182865
19.17 1.64233 0.185212
19.18 1.64096 0.187557
19.19 1.6396 0.189901
19.2 1.63823 0.192242
19.21 1.63686 0.194581
19.22 1.63548 0.196919
19.23 1.63411 0.199254
19.24 1.63273 0.201588
19.25 1.63135 0.203919
19.26 1.62997 0.206249
19.27 1.62858 0.208576
19.28 1.62719 0.210902
19.29 1.6258 0.213225
19.3 1.62441 0.215547
19.31 1.62301 0.217866
19.32 1.62162 0.220184
19.33 1.62022 0.2225
19.34 1.61881 0.224813
19.35 1.61741 0.227125
19.36 1.616 0.229434
19.37 1.61459 0.231742
19.38 1.61317 0.234048
19.39 1.61176 0.236351
19.4 1.61034 0.238653
19.41 1.60892 0.240952
19.42 1.60749 0.243249
19.43 1.60607 0.245545
19.44 1.60464 0.247838
19.45 1.60321 0.25013
19.46 1.60177 0.252419
19.47 1.60033 0.254706
19.48 1.59889 0.256991
19.49 1.59745 0.259274
19.5 1.596 0.261555
19.51 1.59455 0.263834
19.52 1.5931 0.266111
19.53 1.59165 0.268386
19.54 1.59019 0.270659
19.55 1.58873 0.272929
19.56 1.58727 0.275198
19.57 1.5858 0.277464
19.58 1.58433 0.279729
19.59 1.58286 0.281991
19.6 1.58138 0.284251
19.61 1.57991 0.286509
19.62 1.57842 0.288765
19.63 1.57694 0.291019
19.64 1.57545 0.293271
19.65 1.57396 0.29552
19.66 1.57247 0.297768
19.67 1.57097 0.300013
19.68 1.56947 0.302256
19.69 1.56797 0.304497
19.7 1.56646 0.306736
19.71 1.56495 0.308973
19.72 1.56344 0.311208
19.73 1.56193 0.31344
19.74 1.56041 0.31567
19.75 1.55888 0.317898
19.76 1.55736 0.320124
19.77 1.55583 0.322348
19.78 1.5543 0.324569
19.79 1.55276 0.326789
19.8 1.55122 0.329006
19.81 1.54968 0.331221
19.82 1.54813 0.333434
19.83 1.54658 0.335644
19.84 1.54503 0.337852
19.85 1.54347 0.340058
19.86 1.54191 0.342262
19.87 1.54035 0.344464
19.88 1.53878 0.346663
19.89 1.53721 0.34886
19.9 1.53564 0.351055
19.91 1.53406 0.353248
19.92 1.53248 0.355438
19.93 1.53089 0.357626
19.94 1.5293 0.359812
19.95 1.52771 0.361996
19.96 1.52611 0.364177
19.97 1.52451 0.366356
19.98 1.5229 0.368533
19.99 1.5213 0.370707
20 1.51968 0.372879
20.01 1.51807 0.375049
20.02 1.51645 0.377217
20.03 1.51482 0.379382
20.04 1.51319 0.381545
20.05 1.51156 0.383705
20.06 1.50992 0.385864
20.07 1.50828 0.388019
20.08 1.50664 0.390173
20.09 1.50499 0.392324
20.1 1.50333 0.394473
20.11 1.50167 0.396619
20.12 1.50001 0.398763
20.13 1.49835 0.400905
20.14 1.49667 0.403044
20.15 1.495 0.405181
20.16 1.49332 0.407316
20.17 1.49163 0.409448
20.18 1.48995 0.411578
20.19 1.48825 0.413705
20.2 1.48655 0.41583
20.21 1.48485 0.417952
20.22 1.48314 0.420072
20.23 1.48143 0.42219
20.24 1.47971 0.424305
20.25 1.47799 0.426417
20.26 1.47627 0.428528
20.27 1.47453 0.430635
20.28 1.4728 0.432741
20.29 1.47106 0.434843
20.3 1.46931 0.436944
20.31 1.46756 0.439041
20.32 1.4658 0.441137
20.33 1.46404 0.443229
20.34 1.46227 0.44532
20.35 1.4605 0.447407
20.36 1.45872 0.449493
20.37 1.45694 0.451575
20.38 1.45515 0.453655
20.39 1.45336 0.455733
20.4 1.45156 0.457808
20.41 1.44976 0.45988
20.42 1.44795 0.46195
20.43 1.44613 0.464017
20.44 1.44431 0.466082
20.45 1.44248 0.468144
20.46 1.44065 0.470203
20.47 1.43881 0.47226
20.48 1.43696 0.474314
20.49 1.43511 0.476365
20.5 1.43326 0.478414
20.51 1.43139 0.48046
20.52 1.42953 0.482504
20.53 1.42765 0.484545
20.54 1.42577 0.486583
20.55 1.42388 0.488618
20.56 1.42199 0.490651
20.57 1.42009 0.492681
20.58 1.41818 0.494708
20.59 1.41627 0.496733
20.6 1.41434 0.498755
20.61 1.41242 0.500774
20.62 1.41048 0.50279
20.63 1.40854 0.504804
20.64 1.4066 0.506815
20.65 1.40464 0.508823
20.66 1.40268 0.510828
20.67 1.40071 0.512831
20.68 1.39873 0.51483
20.69 1.39675 0.516827
20.7 1.39476 0.518821
20.71 1.39276 0.520812
20.72 1.39076 0.5228
20.73 1.38874 0.524785
20.74 1.38672 0.526768
20.75 1.38469 0.528748
20.76 1.38265 0.530724
20.77 1.38061 0.532698
20.78 1.37856 0.534669
20.79 1.37649 0.536637
20.8 1.37442 0.538602
20.81 1.37235 0.540564
20.82 1.37026 0.542523
20.83 1.36816 0.544479
20.84 1.36606 0.546432
20.85 1.36395 0.548382
20.86 1.36183 0.550329
20.87 1.3597 0.552273
20.88 1.35756 0.554214
20.89 1.35541 0.556151
20.9 1.35325 0.558086
20.91 1.35108 0.560018
20.92 1.34891 0.561946
20.93 1.34672 0.563872
20.94 1.34452 0.565794
20.95 1.34231 0.567713
20.96 1.3401 0.569629
20.97 1.33787 0.571542
20.98 1.33563 0.573452
20.99 1.33339 0.575358
21 1.33113 0.577261
21.01 1.32886 0.579161
21.02 1.32658 0.581058
21.03 1.32429 0.582952
21.04 1.32198 0.584842
21.05 1.31967 0.586729
21.06 1.31734 0.588612
21.07 1.31501 0.590493
21.08 1.31266 0.592369
21.09 1.3103 0.594243
21.1 1.30792 0.596113
21.11 1.30554 0.59798
21.12 1.30314 0.599843
21.13 1.30073 0.601703
21.14 1.2983 0.60356
21.15 1.29587 0.605413
21.16 1.29341 0.607262
21.17 1.29095 0.609108
21.18 1.28847 0.61095
21.19 1.28598 0.612789
21.2 1.28347 0.614625
21.21 1.28095 0.616456
21.22 1.27842 0.618285
21.23 1.27587 0.620109
21.24 1.2733 0.62193
21.25 1.27072 0.623747
21.26 1.26812 0.625561
21.27 1.26551 0.62737
21.28 1.26288 0.629176
21.29 1.26024 0.630978
21.3 1.25757 0.632777
21.31 1.2549 0.634572
21.32 1.2522 0.636362
21.33 1.24948 0.638149
21.34 1.24675 0.639932
21.35 1.244 0.641711
21.36 1.24123 0.643487
21.37 1.23844 0.645258
21.38 1.23564 0.647025
21.39 1.23281 0.648788
21.4 1.22996 0.650547
21.41 1.2271 0.652302
21.42 1.22421 0.654053
21.43 1.2213 0.6558
21.44 1.21837 0.657543
21.45 1.21541 0.659281
21.46 1.21244 0.661015
21.47 1.20944 0.662745
21.48 1.20642 0.664471
21.49 1.20337 0.666192
21.5 1.2003 0.667909
21.51 1.1972 0.669621
21.52 1.19408 0.67133
21.53 1.19094 0.673033
21.54 1.18776 0.674732
21.55 1.18456 0.676427
21.56 1.18133 0.678117
21.57 1.17808 0.679802
21.58 1.17479 0.681483
21.59 1.17148 0.683159
21.6 1.16813 0.68483
21.61 1.16475 0.686496
21.62 1.16135 0.688158
21.63 1.15791 0.689814
21.64 1.15443 0.691466
21.65 1.15092 0.693112
21.66 1.14738 0.694754
21.67 1.1438 0.696391
21.68 1.14018 0.698022
21.69 1.13653 0.699648
21.7 1.13284 0.701269
21.71 1.12911 0.702885
21.72 1.12533 0.704495
21.73 1.12152 0.7061
21.74 1.11766 0.7077
21.75 1.11376 0.709294
21.76 1.10981 0.710882
21.77 1.10582 0.712464
21.78 1.10178 0.714041
21.79 1.09769 0.715612
21.8 1.09354 0.717177
21.81 1.08935 0.718737
21.82 1.0851 0.72029
21.83 1.0808 0.721837
21.84 1.07644 0.723378
21.85 1.07202 0.724912
21.86 1.06754 0.726441
21.87 1.063 0.727963
21.88 1.05839 0.729478
21.89 1.05372 0.730986
21.9 1.04897 0.732488
21.91 1.04416 0.733984
21.92 1.03927 0.735472
21.93 1.03431 0.736953
21.94 1.02927 0.738427
21.95 1.02414 0.739894
21.96 1.01893 0.741353
21.97 1.01363 0.742805
21.98 1.00824 0.744249
21.99 1.00276 0.745685
22 0.997179 0.747114
22.01 0.991495 0.748534
22.02 0.985706 0.749947
22.03 0.979806 0.751351
22.04 0.973792 0.752746
22.05 0.967658 0.754133
22.06 0.9614 0.755511
22.07 0.955012 0.75688
22.08 0.948489 0.758239
22.09 0.941825 0.75959
22.1 0.935013 0.76093
22.11 0.928047 0.762261
22.12 0.92092 0.763582
22.13 0.913624 0.764892
22.14 0.906151 0.766192
22.15 0.898493 0.767481
22.16 0.89064 0.768759
22.17 0.882583 0.770026
22.18 0.874312 0.771281
22.19 0.865815 0.772524
22.2 0.85708 0.773754
22.21 0.848095 0.774972
22.22 0.838845 0.776177
22.23 0.829317 0.777369
22.24 0.819495 0.778547
22.25 0.809361 0.77971
22.26 0.798898 0.780859
22.27 0.788085 0.781992
22.28 0.776902 0.78311
22.29 0.765325 0.784212
22.3 0.75333 0.785297
22.31 0.74089 0.786364
22.32 0.727975 0.787413
22.33 0.714554 0.788444
22.34 0.700592 0.789455
22.35 0.686053 0.790445
22.36 0.670894 0.791415
22.37 0.655072 0.792362
22.38 0.638539 0.793286
22.39 0.621239 0.794186
22.4 0.603117 0.79506
22.41 0.584107 0.795909
22.42 0.56414 0.796729
22.43 0.54314 0.79752
22.44 0.52102 0.79828
22.45 0.49769 0.799008
22.46 0.473048 0.799701
22.47 0.44698 0.800359
22.48 0.419364 0.800978
22.49 0.390065 0.801556
22.5 0.358934 0.802091
22.51 0.325808 0.802581
22.52 0.29051 0.803021
22.53 0.252845 0.80341
22.54 0.212603 0.803742
22.55 0.169559 0.804016
22.56 0.123469 0.804225
22.57 0.0740778 0.804367
22.58 0.0211194 0.804435
22.59 -0.0356774 0.804426
22.6 -0.0965806 0.804332
22.61 -0.161844 0.804147
22.62 -0.231689 0.803867
22.63 -0.306287 0.803483
22.64 -0.38573 0.80299
22.65 -0.470001 0.802379
22.66 -0.558935 0.801644
22.67 -0.652183 0.80078
22.68 -0.749175 0.799779
22.69 -0.849101 0.798638
22.7 -0.950895 0.797352
22.71 -1.05327 0.795921
22.72 -1.15474 0.794343
22.73 -1.25376 0.792623
22.74 -1.34876 0.790763
22.75 -1.43835 0.788772
22.76 -1.52135 0.786657
22.77 -1.59693 0.784429
22.78 -1.6646 0.782098
22.79 -1.72423 0.779676
22.8 -1.77603 0.777175
22.81 -1.82043 0.774606
22.82 -1.85803 0.771977
22.83 -1.88953 0.7693
22.84 -1.91568 0.766581
22.85 -1.93721 0.763829
22.86 -1.95478 0.761048
22.87 -1.96904 0.758245
22.88 -1.98051 0.755424
22.89 -1.98969 0.752588
22.9 -1.99697 0.74974
22.91 -2.00269 0.746883
22.92 -2.00715 0.744018
22.93 -2.01058 0.741148
22.94 -2.01316 0.738274
22.95 -2.01507 0.735397
22.96 -2.01643 0.732517
22.97 -2.01735 0.729636
22.98 -2.0179 0.726753
22.99 -2.01817 0.723871
23 -2.0182 0.720987
23.01 -2.01805 0.718104
23.02 -2.01774 0.715222
23.03 -2.01732 0.712339
23.04 -2.01679 0.709458
23.05 -2.01618 0.706577
23.06 -2.01551 0.703697
23.07 -2.01479 0.700819
23.08 -2.01402 0.697941
23.09 -2.01322 0.695064
23.1 -2.0124 0.692189
23.11 -2.01155 0.689315
23.12 -2.01068 0.686442
23.13 -2.0098 0.68357
23.14 -2.00891 0.680699
23.15 -2.008 0.67783
23.16 -2.00709 0.674962
23.17 -2.00617 0.672096
23.18 -2.00525 0.66923
23.19 -2.00432 0.666366
23.2 -2.00339 0.663504
23.21 -2.00245 0.660642
23.22 -2.00151 0.657782
23.23 -2.00057 0.654924
23.24 -1.99963 0.652066
23.25 -1.99868 0.64921
23.26 -1.99774 0.646356
23.27 -1.99679 0.643503
23.28 -1.99584 0.640651
23.29 -1.99489 0.6378
23.3 -1.99394 0.634951
23.31 -1.99299 0.632103
23.32 -1.99203 0.629257
23.33 -1.99108 0.626412
23.34 -1.99012 0.623568
23.35 -1.98916 0.620726
23.36 -1.98821 0.617885
23.37 -1.98725 0.615045
23.38 -1.98629 0.612207
23.39 -1.98533 0.60937
23.4 -1.98437 0.606534
23.41 -1.98341 0.6037
23.42 -1.98245 0.600868
23.43 -1.98148 0.598036
23.44 -1.98052 0.595206
23.45 -1.97955 0.592378
23.46 -1.97859 0.58955
23.47 -1.97762 0.586724
23.48 -1.97666 0.5839
23.49 -1.97569 0.581077
23.5 -1.97472 0.578255
23.51 -1.97375 0.575435
23.52 -1.97278 0.572616
23.53 -1.97181 0.569798
23.54 -1.97084 0.566982
23.55 -1.96986 0.564167
23.56 -1.96889 0.561354
23.57 -1.96792 0.558542
23.58 -1.96694 0.555731
23.59 -1.96597 0.552922
23.6 -1.96499 0.550114
23.61 -1.96401 0.547308
23.62 -1.96303 0.544503
23.63 -1.96205 0.541699
23.64 -1.96107 0.538897
23.65 -1.96009 0.536096
23.66 -1.95911 0.533297
23.67 -1.95813 0.530499
23.68 -1.95715 0.527702
23.69 -1.95616 0.524907
23.7 -1.95518 0.522113
23.71 -1.95419 0.519321
23.72 -1.95321 0.51653
23.73 -1.95222 0.51374
23.74 -1.95123 0.510952
23.75 -1.95024 0.508165
23.76 -1.94925 0.50538
23.77 -1.94826 0.502596
23.78 -1.94727 0.499813
23.79 -1.94628 0.497032
23.8 -1.94528 0.494252
23.81 -1.94429 0.491474
23.82 -1.94329 0.488697
23.83 -1.9423 0.485922
23.84 -1.9413 0.483148
23.85 -1.9403 0.480375
23.86 -1.9393 0.477604
23.87 -1.93831 0.474835
23.88 -1.93731 0.472066
23.89 -1.9363 0.469299
23.9 -1.9353 0.466534
23.91 -1.9343 0.46377
23.92 -1.9333 0.461007
23.93 -1.93229 0.458246
23.94 -1.93129 0.455487
23.95 -1.93028 0.452728
23.96 -1.92927 0.449971
23.97 -1.92826 0.447216
23.98 -1.92725 0.444462
23.99 -1.92624 0.44171
24 -1.92523 0.438959
24.01 -1.92422 0.436209
24.02 -1.92321 0.433461
24.03 -1.92219 0.430714
24.04 -1.92118 0.427969
24.05 -1.92016 0.425225
24.06 -1.91915 0.422483
24.07 -1.91813 0.419742
24.08 -1.91711 0.417002
24.09 -1.91609 0.414264
24.1 -1.91507 0.411528
24.11 -1.91405 0.408793
24.12 -1.91303 0.406059
24.13 -1.91201 0.403327
24.14 -1.91098 0.400596
24.15 -1.90996 0.397867
24.16 -1.90893 0.395139
24.17 -1.90791 0.392413
24.18 -1.90688 0.389688
24.19 -1.90585 0.386965
24.2 -1.90482 0.384243
24.21 -1.90379 0.381522
24.22 -1.90276 0.378803
24.23 -1.90173 0.376086
24.24 -1.90069 0.37337
24.25 -1.89966 0.370655
24.26 -1.89862 0.367942
24.27 -1.89759 0.365231
24.28 -1.89655 0.36252
24.29 -1.89551 0.359812
24.3 -1.89447 0.357105
24.31 -1.89343 0.354399
24.32 -1.89239 0.351695
24.33 -1.89135 0.348992
24.34 -1.8903 0.346291
24.35 -1.88926 0.343591
24.36 -1.88821 0.340893
24.37 -1.88717 0.338196
24.38 -1.88612 0.335501
24.39 -1.88507 0.332808
24.4 -1.88402 0.330115
24.41 -1.88297 0.327425
24.42 -1.88192 0.324735
24.43 -1.88087 0.322048
24.44 -1.87981 0.319362
24.45 -1.87876 0.316677
24.46 -1.8777 0.313994
24.47 -1.87665 0.311312
24.48 -1.87559 0.308632
24.49 -1.87453 0.305953
24.5 -1.87347 0.303276
24.51 -1.87241 0.3006
24.52 -1.87135 0.297926
24.53 -1.87029 0.295254
24.54 -1.86922 0.292583
24.55 -1.86816 0.289913
24.56 -1.86709 0.287245
24.57 -1.86602 0.284578
24.58 -1.86495 0.281914
24.59 -1.86388 0.27925
24.6 -1.86281 0.276588
24.61 -1.86174 0.273928
24.62 -1.86067 0.271269
24.63 -1.8596 0.268612
24.64 -1.85852 0.265956
24.65 -1.85745 0.263301
24.66 -1.85637 0.260649
24.67 -1.85529 0.257998
24.68 -1.85421 0.255348
24.69 -1.85313 0.2527
24.7 -1.85205 0.250053
24.71 -1.85097 0.247408
24.72 -1.84988 0.244765
24.73 -1.8488 0.242123
24.74 -1.84771 0.239483
24.75 -1.84662 0.236844
24.76 -1.84554 0.234206
24.77 -1.84445 0.231571
24.78 -1.84336 0.228937
24.79 -1.84226 0.226304
24.8 -1.84117 0.223673
24.81 -1.84008 0.221044
24.82 -1.83898 0.218416
24.83 -1.83788 0.215789
24.84 -1.83679 0.213165
24.85 -1.83569 0.210541
24.86 -1.83459 0.20792
24.87 -1.83349 0.2053
24.88 -1.83238 0.202681
24.89 -1.83128 0.200064
24.9 -1.83018 0.197449
24.91 -1.82907 0.194835
24.92 -1.82796 0.192223
24.93 -1.82685 0.189612
24.94 -1.82574 0.187003
24.95 -1.82463 0.184396
24.96 -1.82352 0.18179
24.97 -1.82241 0.179186
24.98 -1.82129 0.176583
24.99 -1.82018 0.173982
25 -1.81906 0.171383
25.01 -1.81794 0.168785
25.02 -1.81682 0.166189
25.03 -1.8157 0.163594
25.04 -1.81458 0.161001
25.05 -1.81346 0.15841
25.06 -1.81233 0.15582
25.07 -1.8112 0.153231
25.08 -1.81008 0.150645
25.09 -1.80895 0.14806
25.1 -1.80782 0.145476
25.11 -1.80669 0.142895
25.12 -1.80556 0.140314
25.13 -1.80442 0.137736
25.14 -1.80329 0.135159
25.15 -1.80215 0.132584
25.16 -1.80101 0.13001
25.17 -1.79987 0.127438
25.18 -1.79873 0.124867
25.19 -1.79759 0.122299
25.2 -1.79645 0.119731
25.21 -1.79531 0.117166
25.22 -1.79416 0.114602
25.23 -1.79301 0.11204
25.24 -1.79186 0.109479
25.25 -1.79071 0.10692
25.26 -1.78956 0.104363
25.27 -1.78841 0.101807
25.28 -1.78726 0.0992531
25.29 -1.7861 0.0967007
25.3 -1.78494 0.0941499
25.31 -1.78379 0.0916008
25.32 -1.78263 0.0890534
25.33 -1.78147 0.0865076
25.34 -1.7803 0.0839635
25.35 -1.77914 0.081421
25.36 -1.77798 0.0788802
25.37 -1.77681 0.0763411
25.38 -1.77564 0.0738036
25.39 -1.77447 0.0712678
25.4 -1.7733 0.0687337
25.41 -1.77213 0.0662013
25.42 -1.77095 0.0636705
25.43 -1.76978 0.0611414
25.44 -1.7686 0.058614
25.45 -1.76742 0.0560882
25.46 -1.76624 0.0535642
25.47 -1.76506 0.0510418
25.48 -1.76388 0.0485211
25.49 -1.7627 0.0460022
25.5 -1.76151 0.0434849
25.51 -1.76032 0.0409693
25.52 -1.75914 0.0384554
25.53 -1.75795 0.0359432
25.54 -1.75675 0.0334327
25.55 -1.75556 0.0309239
25.56 -1.75437 0.0284168
25.57 -1.75317 0.0259114
25.58 -1.75197 0.0234077
25.59 -1.75077 0.0209058
25.6 -1.74957 0.0184055
25.61 -1.74837 0.015907
25.62 -1.74716 0.0134102
25.63 -1.74596 0.0109151
25.64 -1.74475 0.00842173
25.65 -1.74354 0.00593009
25.66 -1.74233 0.00344018
25.67 -1.74112 0.000952005
25.68 -1.73991 -0.00153444
25.69 -1.73869 -0.00401915
25.7 -1.73747 -0.00650213
25.71 -1.73625 -0.00898336
25.72 -1.73503 -0.0114629
25.73 -1.73381 -0.0139406
25.74 -1.73259 -0.0164166
25.75 -1.73136 -0.0188909
25.76 -1.73014 -0.0213634
25.77 -1.72891 -0.0238341
25.78 -1.72768 -0.0263031
25.79 -1.72645 -0.0287703
25.8 -1.72521 -0.0312358
25.81 -1.72398 -0.0336995
25.82 -1.72274 -0.0361614
25.83 -1.7215 -0.0386216
25.84 -1.72026 -0.04108
25.85 -1.71902 -0.0435366
25.86 -1.71777 -0.0459915
25.87 -1.71653 -0.0484445
25.88 -1.71528 -0.0508958
25.89 -1.71403 -0.0533453
25.9 -1.71278 -0.0557931
25.91 -1.71152 -0.058239
25.92 -1.71027 -0.0606831
25.93 -1.70901 -0.0631255
25.94 -1.70775 -0.065566
25.95 -1.70649 -0.0680048
25.96 -1.70523 -0.0704417
25.97 -1.70397 -0.0728769
25.98 -1.7027 -0.0753102
25.99 -1.70143 -0.0777417
26 -1.70017 -0.0801714
26.01 -1.69889 -0.0825993
26.02 -1.69762 -0.0850254
26.03 -1.69635 -0.0874497
26.04 -1.69507 -0.0898721
26.05 -1.69379 -0.0922927
26.06 -1.69251 -0.0947115
26.07 -1.69123 -0.0971285
26.08 -1.68994 -0.0995436
26.09 -1.68865 -0.101957
26.1 -1.68736 -0.104368
26.11 -1.68607 -0.106778
26.12 -1.68478 -0.109186
26.13 -1.68349 -0.111592
26.14 -1.68219 -0.113996
26.15 -1.68089 -0.116398
26.16 -1.67959 -0.118798
26.17 -1.67829 -0.121197
26.18 -1.67698 -0.123593
26.19 -1.67568 -0.125988
26.2 -1.67437 -0.128381
26.21 -1.67306 -0.130772
26.22 -1.67174 -0.133161
26.23 -1.67043 -0.135548
26.24 -1.66911 -0.137934
26.25 -1.66779 -0.140317
26.26 -1.66647 -0.142699
26.27 -1.66515 -0.145079
26.28 -1.66382 -0.147456
26.29 -1.66249 -0.149832
26.3 -1.66116 -0.152206
26.31 -1.65983 -0.154579
26.32 -1.6585 -0.156949
26.33 -1.65716 -0.159317
26.34 -1.65582 -0.161684
26.35 -1.65448 -0.164048
26.36 -1.65314 -0.166411
26.37 -1.65179 -0.168771
26.38 -1.65044 -0.17113
26.39 -1.64909 -0.173487
26.4 -1.64774 -0.175842
26.41 -1.64639 -0.178195
26.42 -1.64503 -0.180546
26.43 -1.64367 -0.182895
26.44 -1.64231 -0.185242
26.45 -1.64095 -0.187587
26.46 -1.63958 -0.18993
26.47 -1.63821 -0.192272
26.48 -1.63684 -0.194611
26.49 -1.63547 -0.196948
26.5 -1.63409 -0.199284
26.51 -1.63271 -0.201617
26.52 -1.63133 -0.203949
26.53 -1.62995 -0.206278
26.54 -1.62856 -0.208606
26.55 -1.62718 -0.210931
26.56 -1.62578 -0.213255
26.57 -1.62439 -0.215576
26.58 -1.623 -0.217896
26.59 -1.6216 -0.220213
26.6 -1.6202 -0.222529
26.61 -1.61879 -0.224842
26.62 -1.61739 -0.227154
26.63 -1.61598 -0.229464
26.64 -1.61457 -0.231771
26.65 -1.61316 -0.234077
26.66 -1.61174 -0.23638
26.67 -1.61032 -0.238682
26.68 -1.6089 -0.240981
26.69 -1.60748 -0.243278
26.7 -1.60605 -0.245574
26.71 -1.60462 -0.247867
26.72 -1.60319 -0.250158
26.73 -1.60175 -0.252448
26.74 -1.60031 -0.254735
26.75 -1.59887 -0.25702
26.76 -1.59743 -0.259303
26.77 -1.59598 -0.261584
26.78 -1.59454 -0.263863
26.79 -1.59308 -0.26614
26.8 -1.59163 -0.268415
26.81 -1.59017 -0.270687
26.82 -1.58871 -0.272958
26.83 -1.58725 -0.275227
26.84 -1.58578 -0.277493
26.85 -1.58431 -0.279757
26.86 -1.58284 -0.28202
26.87 -1.58136 -0.28428
26.88 -1.57989 -0.286538
26.89 -1.57841 -0.288794
26.9 -1.57692 -0.291048
26.91 -1.57543 -0.293299
26.92 -1.57394 -0.295549
26.93 -1.57245 -0.297796
26.94 -1.57095 -0.300041
26.95 -1.56945 -0.302285
26.96 -1.56795 -0.304526
26.97 -1.56644 -0.306764
26.98 -1.56493 -0.309001
26.99 -1.56342 -0.311236
27 -1.56191 -0.313468
27.01 -1.56039 -0.315698
27.02 -1.55886 -0.317926
27.03 -1.55734 -0.320152
27.04 -1.55581 -0.322376
27.05 -1.55428 -0.324597
27.06 -1.55274 -0.326817
27.07 -1.5512 -0.329034
27.08 -1.54966 -0.331249
27.09 -1.54811 -0.333461
27.1 -1.54656 -0.335672
27.11 -1.54501 -0.33788
27.12 -1.54345 -0.340086
27.13 -1.54189 -0.34229
27.14 -1.54033 -0.344492
27.15 -1.53876 -0.346691
27.16 -1.53719 -0.348888
27.17 -1.53562 -0.351083
27.18 -1.53404 -0.353276
27.19 -1.53246 -0.355466
27.2 -1.53087 -0.357654
27.21 -1.52928 -0.35984
27.22 -1.52769 -0.362023
27.23 -1.52609 -0.364205
27.24 -1.52449 -0.366384
27.25 -1.52288 -0.36856
27.26 -1.52128 -0.370735
27.27 -1.51966 -0.372907
27.28 -1.51805 -0.375077
27.29 -1.51643 -0.377244
27.3 -1.5148 -0.379409
27.31 -1.51317 -0.381572
27.32 -1.51154 -0.383733
27.33 -1.5099 -0.385891
27.34 -1.50826 -0.388047
27.35 -1.50662 -0.3902
27.36 -1.50497 -0.392351
27.37 -1.50331 -0.3945
27.38 -1.50165 -0.396646
27.39 -1.49999 -0.39879
27.4 -1.49832 -0.400932
27.41 -1.49665 -0.403071
27.42 -1.49498 -0.405208
27.43 -1.4933 -0.407343
27.44 -1.49161 -0.409475
27.45 -1.48992 -0.411604
27.46 -1.48823 -0.413732
27.47 -1.48653 -0.415857
27.48 -1.48483 -0.417979
27.49 -1.48312 -0.420099
27.5 -1.48141 -0.422216
27.51 -1.47969 -0.424331
27.52 -1.47797 -0.426444
27.53 -1.47624 -0.428554
27.54 -1.47451 -0.430662
27.55 -1.47278 -0.432767
27.56 -1.47103 -0.43487
27.57 -1.46929 -0.43697
27.58 -1.46754 -0.439068
27.59 -1.46578 -0.441163
27.6 -1.46402 -0.443256
27.61 -1.46225 -0.445346
27.62 -1.46048 -0.447434
27.63 -1.4587 -0.449519
27.64 -1.45692 -0.451601
27.65 -1.45513 -0.453681
27.66 -1.45334 -0.455759
27.67 -1.45154 -0.457834
27.68 -1.44973 -0.459906
27.69 -1.44792 -0.461976
27.7 -1.44611 -0.464043
27.71 -1.44429 -0.466108
27.72 -1.44246 -0.46817
27.73 -1.44063 -0.470229
27.74 -1.43879 -0.472286
27.75 -1.43694 -0.47434
27.76 -1.43509 -0.476391
27.77 -1.43323 -0.47844
27.78 -1.43137 -0.480486
27.79 -1.4295 -0.48253
27.8 -1.42763 -0.48457
27.81 -1.42574 -0.486609
27.82 -1.42386 -0.488644
27.83 -1.42196 -0.490677
27.84 -1.42006 -0.492707
27.85 -1.41815 -0.494734
27.86 -1.41624 -0.496759
27.87 -1.41432 -0.49878
27.88 -1.41239 -0.500799
27.89 -1.41046 -0.502816
27.9 -1.40852 -0.504829
27.91 -1.40657 -0.50684
27.92 -1.40462 -0.508848
27.93 -1.40265 -0.510853
27.94 -1.40069 -0.512856
27.95 -1.39871 -0.514855
27.96 -1.39673 -0.516852
27.97 -1.39473 -0.518846
27.98 -1.39274 -0.520837
27.99 -1.39073 -0.522825
28 -1.38872 -0.52481
28.01 -1.38669 -0.526793
28.02 -1.38467 -0.528772
28.03 -1.38263 -0.530749
28.04 -1.38058 -0.532723
28.05 -1.37853 -0.534694
28.06 -1.37647 -0.536661
28.07 -1.3744 -0.538626
28.08 -1.37232 -0.540588
28.09 -1.37023 -0.542547
28.1 -1.36814 -0.544503
28.11 -1.36603 -0.546456
28.12 -1.36392 -0.548406
28.13 -1.3618 -0.550353
28.14 -1.35967 -0.552297
28.15 -1.35753 -0.554238
28.16 -1.35538 -0.556176
28.17 -1.35322 -0.55811
28.18 -1.35105 -0.560042
28.19 -1.34888 -0.561971
28.2 -1.34669 -0.563896
28.21 -1.34449 -0.565818
28.22 -1.34229 -0.567737
28.23 -1.34007 -0.569653
28.24 -1.33784 -0.571566
28.25 -1.33561 -0.573476
28.26 -1.33336 -0.575382
28.27 -1.3311 -0.577285
28.28 -1.32883 -0.579185
28.29 -1.32655 -0.581082
28.3 -1.32426 -0.582975
28.31 -1.32195 -0.584866
28.32 -1.31964 -0.586752
28.33 -1.31731 -0.588636
28.34 -1.31498 -0.590516
28.35 -1.31263 -0.592393
28.36 -1.31027 -0.594267
28.37 -1.30789 -0.596137
28.38 -1.30551 -0.598003
28.39 -1.30311 -0.599867
28.4 -1.3007 -0.601727
28.41 -1.29827 -0.603583
28.42 -1.29583 -0.605436
28.43 -1.29338 -0.607285
28.44 -1.29092 -0.609131
28.45 -1.28844 -0.610974
28.46 -1.28595 -0.612813
28.47 -1.28344 -0.614648
28.48 -1.28092 -0.61648
28.49 -1.27839 -0.618308
28.5 -1.27583 -0.620132
28.51 -1.27327 -0.621953
28.52 -1.27069 -0.62377
28.53 -1.26809 -0.625583
28.54 -1.26548 -0.627393
28.55 -1.26285 -0.629199
28.56 -1.2602 -0.631001
28.57 -1.25754 -0.6328
28.58 -1.25486 -0.634594
28.59 -1.25216 -0.636385
28.6 -1.24945 -0.638172
28.61 -1.24672 -0.639955
28.62 -1.24397 -0.641734
28.63 -1.2412 -0.643509
28.64 -1.23841 -0.64528
28.65 -1.2356 -0.647047
28.66 -1.23277 -0.64881
28.67 -1.22993 -0.650569
28.68 -1.22706 -0.652324
28.69 -1.22417 -0.654075
28.7 -1.22126 -0.655822
28.71 -1.21833 -0.657565
28.72 -1.21538 -0.659303
28.73 -1.2124 -0.661037
28.74 -1.2094 -0.662767
28.75 -1.20638 -0.664493
28.76 -1.20333 -0.666214
28.77 -1.20026 -0.667931
28.78 -1.19717 -0.669643
28.79 -1.19404 -0.671351
28.8 -1.1909 -0.673055
28.81 -1.18772 -0.674754
28.82 -1.18452 -0.676448
28.83 -1.18129 -0.678138
28.84 -1.17804 -0.679823
28.85 -1.17475 -0.681504
28.86 -1.17144 -0.68318
28.87 -1.16809 -0.684851
28.88 -1.16471 -0.686517
28.89 -1.1613 -0.688178
28.9 -1.15786 -0.689835
28.91 -1.15439 -0.691487
28.92 -1.15088 -0.693133
28.93 -1.14733 -0.694775
28.94 -1.14375 -0.696411
28.95 -1.14014 -0.698043
28.96 -1.13648 -0.699669
28.97 -1.13279 -0.70129
28.98 -1.12906 -0.702905
28.99 -1.12528 -0.704516
29 -1.12147 -0.70612
29.01 -1.11761 -0.70772
29.02 -1.11371 -0.709314
29.03 -1.10976 -0.710902
29.04 -1.10577 -0.712484
29.05 -1.10173 -0.714061
29.06 -1.09763 -0.715632
29.07 -1.09349 -0.717197
29.08 -1.0893 -0.718756
29.09 -1.08505 -0.720309
29.1 -1.08075 -0.721856
29.11 -1.07638 -0.723397
29.12 -1.07196 -0.724932
29.13 -1.06748 -0.72646
29.14 -1.06294 -0.727982
29.15 -1.05833 -0.729497
29.16 -1.05366 -0.731005
29.17 -1.04891 -0.732507
29.18 -1.0441 -0.734002
29.19 -1.03921 -0.73549
29.2 -1.03425 -0.736971
29.21 -1.0292 -0.738445
29.22 -1.02407 -0.739912
29.23 -1.01886 -0.741371
29.24 -1.01357 -0.742823
29.25 -1.00817 -0.744267
29.26 -1.00269 -0.745703
29.27 -0.997108 -0.747132
29.28 -0.991423 -0.748552
29.29 -0.985632 -0.749964
29.3 -0.979731 -0.751368
29.31 -0.973715 -0.752764
29.32 -0.96758 -0.75415
29.33 -0.96132 -0.755528
29.34 -0.954931 -0.756897
29.35 -0.948406 -0.758256
29.36 -0.94174 -0.759607
29.37 -0.934926 -0.760947
29.38 -0.927958 -0.762278
29.39 -0.920829 -0.763598
29.4 -0.913531 -0.764909
29.41 -0.906056 -0.766208
29.42 -0.898395 -0.767497
29.43 -0.89054 -0.768775
29.44 -0.88248 -0.770041
29.45 -0.874206 -0.771296
29.46 -0.865706 -0.772539
29.47 -0.856968 -0.77377
29.48 -0.84798 -0.774987
29.49 -0.838727 -0.776192
29.5 -0.829195 -0.777384
29.51 -0.819369 -0.778561
29.52 -0.809232 -0.779725
29.53 -0.798764 -0.780873
29.54 -0.787947 -0.782007
29.55 -0.776759 -0.783124
29.56 -0.765177 -0.784226
29.57 -0.753176 -0.78531
29.58 -0.74073 -0.786377
29.59 -0.727809 -0.787426
29.6 -0.714381 -0.788457
29.61 -0.700413 -0.789467
29.62 -0.685866 -0.790458
29.63 -0.670699 -0.791427
29.64 -0.654869 -0.792374
29.65 -0.638325 -0.793297
29.66 -0.621016 -0.794197
29.67 -0.602883 -0.795071
29.68 -0.583862 -0.795919
29.69 -0.563882 -0.796739
29.7 -0.542868 -0.79753
29.71 -0.520734 -0.79829
29.72 -0.497388 -0.799017
29.73 -0.472728 -0.79971
29.74 -0.446642 -0.800367
29.75 -0.419005 -0.800985
29.76 -0.389684 -0.801563
29.77 -0.358529 -0.802098
29.78 -0.325377 -0.802587
29.79 -0.29005 -0.803027
29.8 -0.252354 -0.803414
29.81 -0.212079 -0.803746
29.82 -0.168997 -0.804019
29.83 -0.122867 -0.804228
29.84 -0.0734331 -0.804368
29.85 -0.0204281 -0.804436
29.86 0.0364188 -0.804425
29.87 0.0973755 -0.80433
29.88 0.162695 -0.804145
29.89 0.232599 -0.803863
29.9 0.307258 -0.803478
29.91 0.386762 -0.802983
29.92 0.471094 -0.80237
29.93 0.560084 -0.801634
29.94 0.653383 -0.800768
29.95 0.750418 -0.799766
29.96 0.850374 -0.798623
29.97 0.952185 -0.797335
29.98 1.05455 -0.795902
29.99 1.15601 -0.794323
30 1.25498 -0.7926
