0 -2.41304 0.169561
0.01 -2.28725 0.166208
0.02 -2.19369 0.163011
0.03 -2.12193 0.15993
0.04 -2.06563 0.156941
0.05 -2.02068 0.154023
0.06 -1.98429 0.151163
0.07 -1.95449 0.148351
0.08 -1.92986 0.145577
0.09 -1.90933 0.142835
0.1 -1.8921 0.14012
0.11 -1.87755 0.137428
0.12 -1.86518 0.134754
0.13 -1.85461 0.132098
0.14 -1.84554 0.129455
0.15 -1.8377 0.126824
0.16 -1.83089 0.124204
0.17 -1.82494 0.121593
0.18 -1.81973 0.118989
0.19 -1.81512 0.116393
0.2 -1.81103 0.113803
0.21 -1.80738 0.111218
0.22 -1.8041 0.108639
0.23 -1.80112 0.106064
0.24 -1.79842 0.103493
0.25 -1.79594 0.100925
0.26 -1.79365 0.0983613
0.27 -1.79152 0.0958005
0.28 -1.78953 0.0932426
0.29 -1.78766 0.0906875
0.3 -1.78589 0.088135
0.31 -1.78421 0.0855849
0.32 -1.7826 0.0830372
0.33 -1.78105 0.0804917
0.34 -1.77956 0.0779484
0.35 -1.77811 0.0754072
0.36 -1.7767 0.0728681
0.37 -1.77532 0.0703309
0.38 -1.77397 0.0677957
0.39 -1.77264 0.0652624
0.4 -1.77134 0.062731
0.41 -1.77005 0.0602015
0.42 -1.76877 0.0576738
0.43 -1.76751 0.0551478
0.44 -1.76626 0.0526237
0.45 -1.76501 0.0501014
0.46 -1.76378 0.0475808
0.47 -1.76255 0.045062
0.48 -1.76132 0.042545
0.49 -1.7601 0.0400297
0.5 -1.75888 0.0375161
0.51 -1.75766 0.0350043
0.52 -1.75645 0.0324942
0.53 -1.75524 0.0299859
0.54 -1.75402 0.0274793
0.55 -1.75281 0.0249744
0.56 -1.7516 0.0224712
0.57 -1.75039 0.0199698
0.58 -1.74918 0.0174701
0.59 -1.74797 0.0149722
0.6 -1.74676 0.0124759
0.61 -1.74555 0.00998142
0.62 -1.74433 0.00748865
0.63 -1.74312 0.00499762
0.64 -1.7419 0.00250832
0.65 -1.74069 2.07508e-05
0.66 -1.73947 -0.00246508
0.67 -1.73825 -0.00494916
0.68 -1.73703 -0.00743151
0.69 -1.73581 -0.00991211
0.7 -1.73459 -0.012391
0.71 -1.73336 -0.0148681
0.72 -1.73214 -0.0173434
0.73 -1.73091 -0.019817
0.74 -1.72968 -0.0222889
0.75 -1.72845 -0.024759
0.76 -1.72722 -0.0272273
0.77 -1.72599 -0.0296939
0.78 -1.72475 -0.0321587
0.79 -1.72352 -0.0346218
0.8 -1.72228 -0.037083
0.81 -1.72104 -0.0395426
0.82 -1.7198 -0.0420003
0.83 -1.71855 -0.0444563
0.84 -1.71731 -0.0469104
0.85 -1.71606 -0.0493629
0.86 -1.71481 -0.0518135
0.87 -1.71356 -0.0542623
0.88 -1.71231 -0.0567094
0.89 -1.71106 -0.0591546
0.9 -1.7098 -0.0615981
0.91 -1.70854 -0.0640398
0.92 -1.70728 -0.0664796
0.93 -1.70602 -0.0689177
0.94 -1.70476 -0.071354
0.95 -1.70349 -0.0737885
0.96 -1.70223 -0.0762211
0.97 -1.70096 -0.078652
0.98 -1.69969 -0.081081
0.99 -1.69842 -0.0835082
1 -1.69714 -0.0859336
1.01 -1.69587 -0.0883572
1.02 -1.69459 -0.090779
1.03 -1.69331 -0.0931989
1.04 -1.69203 -0.095617
1.05 -1.69074 -0.0980332
1.06 -1.68946 -0.100448
1.07 -1.68817 -0.10286
1.08 -1.68688 -0.105271
1.09 -1.68559 -0.10768
1.1 -1.6843 -0.110087
1.11 -1.683 -0.112492
1.12 -1.6817 -0.114896
1.13 -1.6804 -0.117297
1.14 -1.6791 -0.119697
1.15 -1.6778 -0.122095
1.16 -1.67649 -0.12449
1.17 -1.67519 -0.126884
1.18 -1.67388 -0.129277
1.19 -1.67256 -0.131667
1.2 -1.67125 -0.134055
1.21 -1.66994 -0.136442
1.22 -1.66862 -0.138827
1.23 -1.6673 -0.141209
1.24 -1.66597 -0.14359
1.25 -1.66465 -0.145969
1.26 -1.66332 -0.148347
1.27 -1.662 -0.150722
1.28 -1.66066 -0.153095
1.29 -1.65933 -0.155467
1.3 -1.658 -0.157836
1.31 -1.65666 -0.160204
1.32 -1.65532 -0.162569
1.33 -1.65398 -0.164933
1.34 -1.65263 -0.167295
1.35 -1.65129 -0.169655
1.36 -1.64994 -0.172013
1.37 -1.64859 -0.174369
1.38 -1.64723 -0.176723
1.39 -1.64588 -0.179075
1.4 -1.64452 -0.181426
1.41 -1.64316 -0.183774
1.42 -1.6418 -0.18612
1.43 -1.64043 -0.188465
1.44 -1.63907 -0.190807
1.45 -1.6377 -0.193148
1.46 -1.63633 -0.195487
1.47 -1.63495 -0.197823
1.48 -1.63357 -0.200158
1.49 -1.6322 -0.202491
1.5 -1.63081 -0.204821
1.51 -1.62943 -0.20715
1.52 -1.62804 -0.209477
1.53 -1.62665 -0.211802
1.54 -1.62526 -0.214124
1.55 -1.62387 -0.216445
1.56 -1.62247 -0.218764
1.57 -1.62107 -0.221081
1.58 -1.61967 -0.223396
1.59 -1.61827 -0.225708
1.6 -1.61686 -0.228019
1.61 -1.61545 -0.230328
1.62 -1.61404 -0.232635
1.63 -1.61263 -0.23494
1.64 -1.61121 -0.237242
1.65 -1.60979 -0.239543
1.66 -1.60837 -0.241842
1.67 -1.60694 -0.244138
1.68 -1.60551 -0.246433
1.69 -1.60408 -0.248726
1.7 -1.60265 -0.251016
1.71 -1.60121 -0.253305
1.72 -1.59978 -0.255591
1.73 -1.59833 -0.257875
1.74 -1.59689 -0.260158
1.75 -1.59544 -0.262438
1.76 -1.59399 -0.264716
1.77 -1.59254 -0.266992
1.78 -1.59108 -0.269266
1.79 -1.58962 -0.271538
1.8 -1.58816 -0.273808
1.81 -1.5867 -0.276076
1.82 -1.58523 -0.278341
1.83 -1.58376 -0.280605
1.84 -1.58229 -0.282866
1.85 -1.58081 -0.285126
1.86 -1.57933 -0.287383
1.87 -1.57785 -0.289638
1.88 -1.57636 -0.291891
1.89 -1.57488 -0.294142
1.9 -1.57338 -0.296391
1.91 -1.57189 -0.298637
1.92 -1.57039 -0.300882
1.93 -1.56889 -0.303124
1.94 -1.56739 -0.305364
1.95 -1.56588 -0.307602
1.96 -1.56437 -0.309838
1.97 -1.56285 -0.312072
1.98 -1.56134 -0.314304
1.99 -1.55982 -0.316533
2 -1.55829 -0.31876
2.01 -1.55677 -0.320985
2.02 -1.55524 -0.323208
2.03 -1.5537 -0.325429
2.04 -1.55217 -0.327647
2.05 -1.55062 -0.329864
2.06 -1.54908 -0.332078
2.07 -1.54753 -0.33429
2.08 -1.54598 -0.336499
2.09 -1.54443 -0.338707
2.1 -1.54287 -0.340912
2.11 -1.54131 -0.343115
2.12 -1.53974 -0.345316
2.13 -1.53817 -0.347514
2.14 -1.5366 -0.34971
2.15 -1.53503 -0.351904
2.16 -1.53345 -0.354096
2.17 -1.53186 -0.356286
2.18 -1.53028 -0.358473
2.19 -1.52868 -0.360658
2.2 -1.52709 -0.362841
2.21 -1.52549 -0.365021
2.22 -1.52389 -0.367199
2.23 -1.52228 -0.369375
2.24 -1.52067 -0.371548
2.25 -1.51906 -0.37372
2.26 -1.51744 -0.375889
2.27 -1.51582 -0.378055
2.28 -1.51419 -0.38022
2.29 -1.51256 -0.382382
2.3 -1.51093 -0.384541
2.31 -1.50929 -0.386698
2.32 -1.50764 -0.388853
2.33 -1.506 -0.391006
2.34 -1.50435 -0.393156
2.35 -1.50269 -0.395304
2.36 -1.50103 -0.39745
2.37 -1.49937 -0.399593
2.38 -1.4977 -0.401734
2.39 -1.49603 -0.403872
2.4 -1.49435 -0.406008
2.41 -1.49267 -0.408142
2.42 -1.49098 -0.410273
2.43 -1.48929 -0.412401
2.44 -1.4876 -0.414528
2.45 -1.4859 -0.416652
2.46 -1.48419 -0.418773
2.47 -1.48248 -0.420892
2.48 -1.48077 -0.423009
2.49 -1.47905 -0.425123
2.5 -1.47732 -0.427235
2.51 -1.4756 -0.429344
2.52 -1.47386 -0.431451
2.53 -1.47212 -0.433555
2.54 -1.47038 -0.435657
2.55 -1.46863 -0.437756
2.56 -1.46688 -0.439853
2.57 -1.46512 -0.441947
2.58 -1.46336 -0.444039
2.59 -1.46159 -0.446128
2.6 -1.45981 -0.448215
2.61 -1.45803 -0.450299
2.62 -1.45625 -0.452381
2.63 -1.45446 -0.45446
2.64 -1.45266 -0.456536
2.65 -1.45086 -0.45861
2.66 -1.44906 -0.460682
2.67 -1.44724 -0.46275
2.68 -1.44543 -0.464817
2.69 -1.4436 -0.46688
2.7 -1.44177 -0.468941
2.71 -1.43994 -0.471
2.72 -1.4381 -0.473055
2.73 -1.43625 -0.475108
2.74 -1.4344 -0.477159
2.75 -1.43254 -0.479207
2.76 -1.43067 -0.481252
2.77 -1.4288 -0.483294
2.78 -1.42692 -0.485334
2.79 -1.42504 -0.487371
2.8 -1.42315 -0.489406
2.81 -1.42125 -0.491437
2.82 -1.41935 -0.493466
2.83 -1.41744 -0.495493
2.84 -1.41552 -0.497516
2.85 -1.4136 -0.499537
2.86 -1.41167 -0.501555
2.87 -1.40973 -0.50357
2.88 -1.40779 -0.505583
2.89 -1.40584 -0.507593
2.9 -1.40388 -0.5096
2.91 -1.40192 -0.511604
2.92 -1.39995 -0.513605
2.93 -1.39797 -0.515603
2.94 -1.39598 -0.517599
2.95 -1.39399 -0.519592
2.96 -1.39199 -0.521582
2.97 -1.38998 -0.523569
2.98 -1.38796 -0.525553
2.99 -1.38594 -0.527535
3 -1.3839 -0.529513
3.01 -1.38186 -0.531489
3.02 -1.37981 -0.533461
3.03 -1.37776 -0.535431
3.04 -1.37569 -0.537398
3.05 -1.37362 -0.539362
3.06 -1.37154 -0.541322
3.07 -1.36945 -0.54328
3.08 -1.36735 -0.545235
3.09 -1.36524 -0.547187
3.1 -1.36313 -0.549136
3.11 -1.361 -0.551082
3.12 -1.35887 -0.553024
3.13 -1.35673 -0.554964
3.14 -1.35457 -0.556901
3.15 -1.35241 -0.558834
3.16 -1.35024 -0.560765
3.17 -1.34806 -0.562692
3.18 -1.34587 -0.564616
3.19 -1.34367 -0.566537
3.2 -1.34146 -0.568455
3.21 -1.33924 -0.57037
3.22 -1.33701 -0.572282
3.23 -1.33476 -0.57419
3.24 -1.33251 -0.576095
3.25 -1.33025 -0.577997
3.26 -1.32798 -0.579896
3.27 -1.32569 -0.581792
3.28 -1.3234 -0.583684
3.29 -1.32109 -0.585573
3.3 -1.31877 -0.587458
3.31 -1.31644 -0.589341
3.32 -1.3141 -0.59122
3.33 -1.31174 -0.593095
3.34 -1.30938 -0.594967
3.35 -1.307 -0.596836
3.36 -1.30461 -0.598702
3.37 -1.30221 -0.600564
3.38 -1.29979 -0.602422
3.39 -1.29736 -0.604277
3.4 -1.29492 -0.606129
3.41 -1.29246 -0.607977
3.42 -1.28999 -0.609822
3.43 -1.28751 -0.611663
3.44 -1.28501 -0.6135
3.45 -1.2825 -0.615334
3.46 -1.27997 -0.617165
3.47 -1.27743 -0.618991
3.48 -1.27488 -0.620814
3.49 -1.2723 -0.622634
3.5 -1.26972 -0.62445
3.51 -1.26711 -0.626262
3.52 -1.26449 -0.62807
3.53 -1.26186 -0.629874
3.54 -1.25921 -0.631675
3.55 -1.25654 -0.633472
3.56 -1.25385 -0.635265
3.57 -1.25115 -0.637055
3.58 -1.24843 -0.63884
3.59 -1.24569 -0.640622
3.6 -1.24293 -0.642399
3.61 -1.24016 -0.644173
3.62 -1.23736 -0.645942
3.63 -1.23455 -0.647708
3.64 -1.23171 -0.64947
3.65 -1.22886 -0.651227
3.66 -1.22598 -0.652981
3.67 -1.22308 -0.65473
3.68 -1.22017 -0.656475
3.69 -1.21723 -0.658216
3.7 -1.21426 -0.659953
3.71 -1.21128 -0.661685
3.72 -1.20827 -0.663414
3.73 -1.20524 -0.665138
3.74 -1.20218 -0.666857
3.75 -1.1991 -0.668572
3.76 -1.196 -0.670283
3.77 -1.19287 -0.67199
3.78 -1.18971 -0.673691
3.79 -1.18653 -0.675389
3.8 -1.18332 -0.677082
3.81 -1.18008 -0.67877
3.82 -1.17681 -0.680453
3.83 -1.17351 -0.682132
3.84 -1.17019 -0.683806
3.85 -1.16683 -0.685475
3.86 -1.16344 -0.68714
3.87 -1.16002 -0.688799
3.88 -1.15656 -0.690454
3.89 -1.15308 -0.692104
3.9 -1.14955 -0.693749
3.91 -1.146 -0.695388
3.92 -1.1424 -0.697023
3.93 -1.13877 -0.698652
3.94 -1.1351 -0.700277
3.95 -1.1314 -0.701895
3.96 -1.12765 -0.703509
3.97 -1.12386 -0.705117
3.98 -1.12003 -0.70672
3.99 -1.11615 -0.708317
4 -1.11224 -0.709909
4.01 -1.10827 -0.711495
4.02 -1.10426 -0.713076
4.03 -1.1002 -0.71465
4.04 -1.09609 -0.716219
4.05 -1.09193 -0.717782
4.06 -1.08771 -0.719339
4.07 -1.08344 -0.72089
4.08 -1.07912 -0.722434
4.09 -1.07474 -0.723973
4.1 -1.07029 -0.725505
4.11 -1.06579 -0.727031
4.12 -1.06122 -0.72855
4.13 -1.05659 -0.730063
4.14 -1.05189 -0.731569
4.15 -1.04712 -0.733068
4.16 -1.04228 -0.73456
4.17 -1.03736 -0.736046
4.18 -1.03237 -0.737524
4.19 -1.02729 -0.738996
4.2 -1.02213 -0.740459
4.21 -1.01689 -0.741916
4.22 -1.01156 -0.743365
4.23 -1.00613 -0.744806
4.24 -1.00061 -0.746239
4.25 -0.994991 -0.747665
4.26 -0.989267 -0.749082
4.27 -0.983435 -0.750491
4.28 -0.977491 -0.751892
4.29 -0.971431 -0.753284
4.3 -0.96525 -0.754667
4.31 -0.958942 -0.756042
4.32 -0.952503 -0.757407
4.33 -0.945926 -0.758763
4.34 -0.939205 -0.76011
4.35 -0.932335 -0.761447
4.36 -0.925307 -0.762773
4.37 -0.918116 -0.76409
4.38 -0.910752 -0.765397
4.39 -0.903209 -0.766692
4.4 -0.895476 -0.767977
4.41 -0.887546 -0.769251
4.42 -0.879407 -0.770513
4.43 -0.87105 -0.771763
4.44 -0.862462 -0.773001
4.45 -0.853632 -0.774227
4.46 -0.844546 -0.77544
4.47 -0.835191 -0.77664
4.48 -0.825551 -0.777826
4.49 -0.81561 -0.778999
4.5 -0.805351 -0.780157
4.51 -0.794754 -0.7813
4.52 -0.783801 -0.782427
4.53 -0.772468 -0.783539
4.54 -0.760732 -0.784634
4.55 -0.748568 -0.785712
4.56 -0.735948 -0.786773
4.57 -0.722841 -0.787815
4.58 -0.709215 -0.788838
4.59 -0.695034 -0.789841
4.6 -0.68026 -0.790823
4.61 -0.66485 -0.791784
4.62 -0.648759 -0.792722
4.63 -0.631935 -0.793637
4.64 -0.614325 -0.794527
4.65 -0.595866 -0.795392
4.66 -0.576495 -0.79623
4.67 -0.556137 -0.797039
4.68 -0.534714 -0.797818
4.69 -0.512137 -0.798566
4.7 -0.488312 -0.799281
4.71 -0.463131 -0.79996
4.72 -0.436479 -0.800603
4.73 -0.408229 -0.801207
4.74 -0.378239 -0.801769
4.75 -0.346355 -0.802286
4.76 -0.312411 -0.802757
4.77 -0.27622 -0.803178
4.78 -0.237583 -0.803545
4.79 -0.196285 -0.803856
4.8 -0.15209 -0.804105
4.81 -0.104753 -0.804289
4.82 -0.0540133 -0.804402
4.83 0.000398837 -0.804441
4.84 0.0587541 -0.804399
4.85 0.121316 -0.804271
4.86 0.188329 -0.804051
4.87 0.259998 -0.803731
4.88 0.336466 -0.803306
4.89 0.417788 -0.802767
4.9 0.503893 -0.80211
4.91 0.59455 -0.801326
4.92 0.689327 -0.800409
4.93 0.787566 -0.799354
4.94 0.888354 -0.798157
4.95 0.990537 -0.796816
4.96 1.09274 -0.795327
4.97 1.19345 -0.793694
4.98 1.29109 -0.791919
4.99 1.38416 -0.790007
5 1.47132 -0.787967
5.01 1.55153 -0.785807
5.02 1.62408 -0.783538
5.03 1.68863 -0.781171
5.04 1.7452 -0.778717
5.05 1.79407 -0.776188
5.06 1.83575 -0.773594
5.07 1.87091 -0.770946
5.08 1.90025 -0.768252
5.09 1.92453 -0.765519
5.1 1.94444 -0.762755
5.11 1.96067 -0.759965
5.12 1.97378 -0.757155
5.13 1.98431 -0.754327
5.14 1.99271 -0.751486
5.15 1.99935 -0.748635
5.16 2.00456 -0.745775
5.17 2.00859 -0.742908
5.18 2.01167 -0.740036
5.19 2.01397 -0.737161
5.2 2.01566 -0.734282
5.21 2.01683 -0.731402
5.22 2.0176 -0.72852
5.23 2.01804 -0.725637
5.24 2.01821 -0.722754
5.25 2.01816 -0.719871
5.26 2.01795 -0.716988
5.27 2.01759 -0.714106
5.28 2.01712 -0.711224
5.29 2.01656 -0.708343
5.3 2.01593 -0.705462
5.31 2.01524 -0.702583
5.32 2.0145 -0.699704
5.33 2.01372 -0.696827
5.34 2.01291 -0.693951
5.35 2.01207 -0.691076
5.36 2.01121 -0.688202
5.37 2.01034 -0.68533
5.38 2.00945 -0.682458
5.39 2.00856 -0.679588
5.4 2.00765 -0.67672
5.41 2.00674 -0.673852
5.42 2.00581 -0.670986
5.43 2.00489 -0.668121
5.44 2.00396 -0.665258
5.45 2.00302 -0.662396
5.46 2.00209 -0.659535
5.47 2.00115 -0.656675
5.48 2.00021 -0.653817
5.49 1.99926 -0.650961
5.5 1.99832 -0.648105
5.51 1.99737 -0.645251
5.52 1.99642 -0.642398
5.53 1.99547 -0.639547
5.54 1.99452 -0.636697
5.55 1.99357 -0.633848
5.56 1.99262 -0.631001
5.57 1.99166 -0.628155
5.58 1.99071 -0.625311
5.59 1.98975 -0.622467
5.6 1.98879 -0.619626
5.61 1.98784 -0.616785
5.62 1.98688 -0.613946
5.63 1.98592 -0.611108
5.64 1.98496 -0.608272
5.65 1.984 -0.605437
5.66 1.98304 -0.602604
5.67 1.98207 -0.599771
5.68 1.98111 -0.59694
5.69 1.98015 -0.594111
5.7 1.97918 -0.591283
5.71 1.97822 -0.588456
5.72 1.97725 -0.585631
5.73 1.97628 -0.582807
5.74 1.97531 -0.579984
5.75 1.97434 -0.577163
5.76 1.97337 -0.574343
5.77 1.9724 -0.571525
5.78 1.97143 -0.568708
5.79 1.97046 -0.565892
5.8 1.96949 -0.563078
5.81 1.96851 -0.560265
5.82 1.96754 -0.557454
5.83 1.96656 -0.554644
5.84 1.96559 -0.551835
5.85 1.96461 -0.549028
5.86 1.96363 -0.546222
5.87 1.96265 -0.543417
5.88 1.96168 -0.540614
5.89 1.9607 -0.537812
5.9 1.95971 -0.535012
5.91 1.95873 -0.532213
5.92 1.95775 -0.529416
5.93 1.95677 -0.52662
5.94 1.95578 -0.523825
5.95 1.9548 -0.521032
5.96 1.95381 -0.51824
5.97 1.95282 -0.515449
5.98 1.95184 -0.51266
5.99 1.95085 -0.509873
6 1.94986 -0.507087
6.01 1.94887 -0.504302
6.02 1.94788 -0.501518
6.03 1.94688 -0.498736
6.04 1.94589 -0.495956
6.05 1.9449 -0.493177
6.06 1.9439 -0.490399
6.07 1.94291 -0.487623
6.08 1.94191 -0.484848
6.09 1.94091 -0.482074
6.1 1.93992 -0.479302
6.11 1.93892 -0.476532
6.12 1.93792 -0.473763
6.13 1.93692 -0.470995
6.14 1.93592 -0.468229
6.15 1.93491 -0.465464
6.16 1.93391 -0.4627
6.17 1.93291 -0.459938
6.18 1.9319 -0.457178
6.19 1.9309 -0.454419
6.2 1.92989 -0.451661
6.21 1.92888 -0.448905
6.22 1.92787 -0.44615
6.23 1.92686 -0.443396
6.24 1.92585 -0.440644
6.25 1.92484 -0.437894
6.26 1.92383 -0.435145
6.27 1.92282 -0.432397
6.28 1.9218 -0.429651
6.29 1.92079 -0.426906
6.3 1.91977 -0.424163
6.31 1.91875 -0.421421
6.32 1.91774 -0.418681
6.33 1.91672 -0.415942
6.34 1.9157 -0.413205
6.35 1.91468 -0.410469
6.36 1.91366 -0.407734
6.37 1.91263 -0.405001
6.38 1.91161 -0.402269
6.39 1.91059 -0.399539
6.4 1.90956 -0.396811
6.41 1.90854 -0.394083
6.42 1.90751 -0.391358
6.43 1.90648 -0.388633
6.44 1.90545 -0.385911
6.45 1.90442 -0.383189
6.46 1.90339 -0.380469
6.47 1.90236 -0.377751
6.48 1.90133 -0.375034
6.49 1.90029 -0.372319
6.5 1.89926 -0.369605
6.51 1.89822 -0.366892
6.52 1.89718 -0.364181
6.53 1.89615 -0.361472
6.54 1.89511 -0.358764
6.55 1.89407 -0.356057
6.56 1.89303 -0.353352
6.57 1.89199 -0.350648
6.58 1.89094 -0.347946
6.59 1.8899 -0.345246
6.6 1.88885 -0.342547
6.61 1.88781 -0.339849
6.62 1.88676 -0.337153
6.63 1.88571 -0.334458
6.64 1.88467 -0.331765
6.65 1.88362 -0.329073
6.66 1.88256 -0.326383
6.67 1.88151 -0.323695
6.68 1.88046 -0.321008
6.69 1.87941 -0.318322
6.7 1.87835 -0.315638
6.71 1.87729 -0.312955
6.72 1.87624 -0.310274
6.73 1.87518 -0.307595
6.74 1.87412 -0.304917
6.75 1.87306 -0.30224
6.76 1.872 -0.299565
6.77 1.87094 -0.296891
6.78 1.86987 -0.294219
6.79 1.86881 -0.291549
6.8 1.86774 -0.28888
6.81 1.86668 -0.286212
6.82 1.86561 -0.283547
6.83 1.86454 -0.280882
6.84 1.86347 -0.278219
6.85 1.8624 -0.275558
6.86 1.86133 -0.272898
6.87 1.86025 -0.27024
6.88 1.85918 -0.267583
6.89 1.8581 -0.264928
6.9 1.85703 -0.262274
6.91 1.85595 -0.259622
6.92 1.85487 -0.256972
6.93 1.85379 -0.254323
6.94 1.85271 -0.251675
6.95 1.85163 -0.249029
6.96 1.85055 -0.246385
6.97 1.84946 -0.243742
6.98 1.84838 -0.2411
6.99 1.84729 -0.238461
7 1.8462 -0.235823
7.01 1.84511 -0.233186
7.02 1.84402 -0.230551
7.03 1.84293 -0.227917
7.04 1.84184 -0.225285
7.05 1.84075 -0.222655
7.06 1.83965 -0.220026
7.07 1.83856 -0.217399
7.08 1.83746 -0.214773
7.09 1.83636 -0.212149
7.1 1.83526 -0.209526
7.11 1.83416 -0.206905
7.12 1.83306 -0.204286
7.13 1.83196 -0.201668
7.14 1.83085 -0.199052
7.15 1.82975 -0.196437
7.16 1.82864 -0.193824
7.17 1.82753 -0.191212
7.18 1.82642 -0.188602
7.19 1.82531 -0.185994
7.2 1.8242 -0.183387
7.21 1.82309 -0.180782
7.22 1.82198 -0.178178
7.23 1.82086 -0.175576
7.24 1.81974 -0.172976
7.25 1.81863 -0.170377
7.26 1.81751 -0.16778
7.27 1.81639 -0.165184
7.28 1.81527 -0.16259
7.29 1.81414 -0.159998
7.3 1.81302 -0.157407
7.31 1.8119 -0.154817
7.32 1.81077 -0.15223
7.33 1.80964 -0.149644
7.34 1.80851 -0.147059
7.35 1.80738 -0.144477
7.36 1.80625 -0.141896
7.37 1.80512 -0.139316
7.38 1.80398 -0.136738
7.39 1.80285 -0.134162
7.4 1.80171 -0.131587
7.41 1.80057 -0.129014
7.42 1.79943 -0.126443
7.43 1.79829 -0.123873
7.44 1.79715 -0.121305
7.45 1.79601 -0.118738
7.46 1.79486 -0.116173
7.47 1.79372 -0.11361
7.48 1.79257 -0.111048
7.49 1.79142 -0.108488
7.5 1.79027 -0.10593
7.51 1.78912 -0.103373
7.52 1.78796 -0.100818
7.53 1.78681 -0.0982647
7.54 1.78565 -0.095713
7.55 1.7845 -0.0931629
7.56 1.78334 -0.0906144
7.57 1.78218 -0.0880676
7.58 1.78102 -0.0855225
7.59 1.77985 -0.082979
7.6 1.77869 -0.0804372
7.61 1.77752 -0.077897
7.62 1.77636 -0.0753585
7.63 1.77519 -0.0728217
7.64 1.77402 -0.0702866
7.65 1.77285 -0.0677531
7.66 1.77167 -0.0652213
7.67 1.7705 -0.0626912
7.68 1.76932 -0.0601627
7.69 1.76815 -0.0576359
7.7 1.76697 -0.0551109
7.71 1.76579 -0.0525875
7.72 1.76461 -0.0500658
7.73 1.76342 -0.0475457
7.74 1.76224 -0.0450274
7.75 1.76105 -0.0425108
7.76 1.75986 -0.0399958
7.77 1.75868 -0.0374826
7.78 1.75748 -0.034971
7.79 1.75629 -0.0324612
7.8 1.7551 -0.0299531
7.81 1.7539 -0.0274466
7.82 1.75271 -0.0249419
7.83 1.75151 -0.0224389
7.84 1.75031 -0.0199376
7.85 1.74911 -0.017438
7.86 1.7479 -0.0149402
7.87 1.7467 -0.012444
7.88 1.74549 -0.0099496
7.89 1.74428 -0.00745691
7.9 1.74307 -0.00496594
7.91 1.74186 -0.0024767
7.92 1.74065 1.08124e-05
7.93 1.73944 0.00249659
7.94 1.73822 0.00498063
7.95 1.737 0.00746293
7.96 1.73578 0.00994349
7.97 1.73456 0.0124223
7.98 1.73334 0.0148994
7.99 1.73211 0.0173747
8 1.73089 0.0198483
8.01 1.72966 0.0223201
8.02 1.72843 0.0247902
8.03 1.7272 0.0272585
8.04 1.72597 0.029725
8.05 1.72473 0.0321898
8.06 1.7235 0.0346528
8.07 1.72226 0.0371141
8.08 1.72102 0.0395736
8.09 1.71978 0.0420313
8.1 1.71854 0.0444872
8.11 1.71729 0.0469414
8.12 1.71604 0.0493938
8.13 1.7148 0.0518444
8.14 1.71354 0.0542932
8.15 1.71229 0.0567402
8.16 1.71104 0.0591854
8.17 1.70978 0.0616289
8.18 1.70853 0.0640705
8.19 1.70727 0.0665104
8.2 1.70601 0.0689484
8.21 1.70474 0.0713847
8.22 1.70348 0.0738191
8.23 1.70221 0.0762518
8.24 1.70094 0.0786826
8.25 1.69967 0.0811116
8.26 1.6984 0.0835388
8.27 1.69713 0.0859642
8.28 1.69585 0.0883877
8.29 1.69457 0.0908095
8.3 1.69329 0.0932294
8.31 1.69201 0.0956474
8.32 1.69073 0.0980637
8.33 1.68944 0.100478
8.34 1.68815 0.102891
8.35 1.68687 0.105301
8.36 1.68557 0.10771
8.37 1.68428 0.110117
8.38 1.68298 0.112523
8.39 1.68169 0.114926
8.4 1.68039 0.117327
8.41 1.67909 0.119727
8.42 1.67778 0.122125
8.43 1.67648 0.124521
8.44 1.67517 0.126915
8.45 1.67386 0.129307
8.46 1.67255 0.131697
8.47 1.67123 0.134086
8.48 1.66992 0.136472
8.49 1.6686 0.138857
8.5 1.66728 0.141239
8.51 1.66596 0.14362
8.52 1.66463 0.145999
8.53 1.66331 0.148376
8.54 1.66198 0.150752
8.55 1.66065 0.153125
8.56 1.65931 0.155496
8.57 1.65798 0.157866
8.58 1.65664 0.160233
8.59 1.6553 0.162599
8.6 1.65396 0.164963
8.61 1.65262 0.167325
8.62 1.65127 0.169685
8.63 1.64992 0.172043
8.64 1.64857 0.174399
8.65 1.64722 0.176753
8.66 1.64586 0.179105
8.67 1.6445 0.181455
8.68 1.64314 0.183804
8.69 1.64178 0.18615
8.7 1.64042 0.188494
8.71 1.63905 0.190837
8.72 1.63768 0.193177
8.73 1.63631 0.195516
8.74 1.63493 0.197853
8.75 1.63356 0.200187
8.76 1.63218 0.20252
8.77 1.6308 0.204851
8.78 1.62941 0.207179
8.79 1.62803 0.209506
8.8 1.62664 0.211831
8.81 1.62525 0.214154
8.82 1.62385 0.216474
8.83 1.62246 0.218793
8.84 1.62106 0.22111
8.85 1.61965 0.223425
8.86 1.61825 0.225738
8.87 1.61684 0.228048
8.88 1.61543 0.230357
8.89 1.61402 0.232664
8.9 1.61261 0.234969
8.91 1.61119 0.237271
8.92 1.60977 0.239572
8.93 1.60835 0.241871
8.94 1.60692 0.244167
8.95 1.6055 0.246462
8.96 1.60407 0.248754
8.97 1.60263 0.251045
8.98 1.6012 0.253333
8.99 1.59976 0.25562
9 1.59832 0.257904
9.01 1.59687 0.260186
9.02 1.59542 0.262467
9.03 1.59397 0.264745
9.04 1.59252 0.267021
9.05 1.59107 0.269295
9.06 1.58961 0.271567
9.07 1.58815 0.273837
9.08 1.58668 0.276104
9.09 1.58521 0.27837
9.1 1.58374 0.280633
9.11 1.58227 0.282895
9.12 1.58079 0.285154
9.13 1.57931 0.287411
9.14 1.57783 0.289667
9.15 1.57635 0.291919
9.16 1.57486 0.29417
9.17 1.57337 0.296419
9.18 1.57187 0.298666
9.19 1.57037 0.30091
9.2 1.56887 0.303152
9.21 1.56737 0.305393
9.22 1.56586 0.307631
9.23 1.56435 0.309867
9.24 1.56284 0.3121
9.25 1.56132 0.314332
9.26 1.5598 0.316561
9.27 1.55827 0.318788
9.28 1.55675 0.321013
9.29 1.55522 0.323236
9.3 1.55368 0.325457
9.31 1.55215 0.327675
9.32 1.55061 0.329892
9.33 1.54906 0.332106
9.34 1.54751 0.334317
9.35 1.54596 0.336527
9.36 1.54441 0.338734
9.37 1.54285 0.34094
9.38 1.54129 0.343143
9.39 1.53972 0.345343
9.4 1.53815 0.347542
9.41 1.53658 0.349738
9.42 1.53501 0.351932
9.43 1.53343 0.354124
9.44 1.53184 0.356313
9.45 1.53026 0.3585
9.46 1.52866 0.360685
9.47 1.52707 0.362868
9.48 1.52547 0.365048
9.49 1.52387 0.367227
9.5 1.52226 0.369402
9.51 1.52065 0.371576
9.52 1.51904 0.373747
9.53 1.51742 0.375916
9.54 1.5158 0.378083
9.55 1.51417 0.380247
9.56 1.51254 0.382409
9.57 1.51091 0.384568
9.58 1.50927 0.386726
9.59 1.50762 0.388881
9.6 1.50598 0.391033
9.61 1.50433 0.393183
9.62 1.50267 0.395331
9.63 1.50101 0.397477
9.64 1.49935 0.39962
9.65 1.49768 0.401761
9.66 1.49601 0.403899
9.67 1.49433 0.406035
9.68 1.49265 0.408168
9.69 1.49096 0.4103
9.7 1.48927 0.412428
9.71 1.48757 0.414555
9.72 1.48587 0.416678
9.73 1.48417 0.4188
9.74 1.48246 0.420919
9.75 1.48075 0.423036
9.76 1.47903 0.42515
9.77 1.4773 0.427261
9.78 1.47557 0.429371
9.79 1.47384 0.431477
9.8 1.4721 0.433581
9.81 1.47036 0.435683
9.82 1.46861 0.437783
9.83 1.46686 0.439879
9.84 1.4651 0.441974
9.85 1.46333 0.444065
9.86 1.46157 0.446154
9.87 1.45979 0.448241
9.88 1.45801 0.450325
9.89 1.45623 0.452407
9.9 1.45444 0.454486
9.91 1.45264 0.456562
9.92 1.45084 0.458636
9.93 1.44903 0.460708
9.94 1.44722 0.462776
9.95 1.4454 0.464843
9.96 1.44358 0.466906
9.97 1.44175 0.468967
9.98 1.43991 0.471025
9.99 1.43807 0.473081
10 1.43623 0.475134
10.01 1.43437 0.477185
10.02 1.43251 0.479232
10.03 1.43065 0.481278
10.04 1.42878 0.48332
10.05 1.4269 0.48536
10.06 1.42501 0.487397
10.07 1.42312 0.489431
10.08 1.42123 0.491463
10.09 1.41932 0.493492
10.1 1.41741 0.495518
10.11 1.4155 0.497542
10.12 1.41358 0.499562
10.13 1.41165 0.50158
10.14 1.40971 0.503596
10.15 1.40777 0.505608
10.16 1.40581 0.507618
10.17 1.40386 0.509625
10.18 1.40189 0.511629
10.19 1.39992 0.51363
10.2 1.39794 0.515629
10.21 1.39596 0.517624
10.22 1.39396 0.519617
10.23 1.39196 0.521607
10.24 1.38995 0.523594
10.25 1.38793 0.525578
10.26 1.38591 0.52756
10.27 1.38388 0.529538
10.28 1.38184 0.531514
10.29 1.37979 0.533486
10.3 1.37773 0.535456
10.31 1.37567 0.537423
10.32 1.37359 0.539386
10.33 1.37151 0.541347
10.34 1.36942 0.543305
10.35 1.36732 0.54526
10.36 1.36522 0.547212
10.37 1.3631 0.54916
10.38 1.36098 0.551106
10.39 1.35884 0.553049
10.4 1.3567 0.554989
10.41 1.35455 0.556925
10.42 1.35238 0.558859
10.43 1.35021 0.560789
10.44 1.34803 0.562716
10.45 1.34584 0.564641
10.46 1.34364 0.566562
10.47 1.34143 0.56848
10.48 1.33921 0.570394
10.49 1.33698 0.572306
10.5 1.33474 0.574214
10.51 1.33248 0.576119
10.52 1.33022 0.578021
10.53 1.32795 0.57992
10.54 1.32566 0.581815
10.55 1.32337 0.583708
10.56 1.32106 0.585596
10.57 1.31874 0.587482
10.58 1.31641 0.589364
10.59 1.31407 0.591243
10.6 1.31171 0.593119
10.61 1.30935 0.594991
10.62 1.30697 0.59686
10.63 1.30458 0.598725
10.64 1.30218 0.600587
10.65 1.29976 0.602446
10.66 1.29733 0.604301
10.67 1.29489 0.606152
10.68 1.29243 0.608
10.69 1.28996 0.609845
10.7 1.28748 0.611686
10.71 1.28498 0.613523
10.72 1.28247 0.615357
10.73 1.27994 0.617188
10.74 1.2774 0.619014
10.75 1.27484 0.620837
10.76 1.27227 0.622657
10.77 1.26968 0.624472
10.78 1.26708 0.626284
10.79 1.26446 0.628093
10.8 1.26183 0.629897
10.81 1.25917 0.631698
10.82 1.25651 0.633495
10.83 1.25382 0.635288
10.84 1.25112 0.637077
10.85 1.24839 0.638862
10.86 1.24566 0.640644
10.87 1.2429 0.642421
10.88 1.24012 0.644195
10.89 1.23732 0.645965
10.9 1.23451 0.64773
10.91 1.23167 0.649492
10.92 1.22882 0.651249
10.93 1.22594 0.653003
10.94 1.22305 0.654752
10.95 1.22013 0.656497
10.96 1.21719 0.658238
10.97 1.21423 0.659975
10.98 1.21124 0.661707
10.99 1.20823 0.663436
11 1.2052 0.665159
11.01 1.20215 0.666879
11.02 1.19907 0.668594
11.03 1.19596 0.670305
11.04 1.19283 0.672011
11.05 1.18967 0.673713
11.06 1.18649 0.67541
11.07 1.18328 0.677103
11.08 1.18004 0.678791
11.09 1.17677 0.680474
11.1 1.17347 0.682153
11.11 1.17014 0.683827
11.12 1.16679 0.685496
11.13 1.1634 0.687161
11.14 1.15997 0.68882
11.15 1.15652 0.690475
11.16 1.15303 0.692125
11.17 1.14951 0.693769
11.18 1.14595 0.695409
11.19 1.14236 0.697043
11.2 1.13873 0.698673
11.21 1.13506 0.700297
11.22 1.13135 0.701916
11.23 1.1276 0.703529
11.24 1.12381 0.705138
11.25 1.11998 0.70674
11.26 1.11611 0.708337
11.27 1.11219 0.709929
11.28 1.10822 0.711515
11.29 1.10421 0.713095
11.3 1.10015 0.71467
11.31 1.09604 0.716239
11.32 1.09187 0.717801
11.33 1.08766 0.719358
11.34 1.08339 0.720909
11.35 1.07906 0.722454
11.36 1.07468 0.723992
11.37 1.07024 0.725524
11.38 1.06573 0.72705
11.39 1.06117 0.728569
11.4 1.05653 0.730082
11.41 1.05183 0.731588
11.42 1.04706 0.733087
11.43 1.04222 0.734579
11.44 1.0373 0.736065
11.45 1.0323 0.737543
11.46 1.02723 0.739014
11.47 1.02207 0.740478
11.48 1.01682 0.741934
11.49 1.01149 0.743383
11.5 1.00606 0.744824
11.51 1.00054 0.746257
11.52 0.994919 0.747683
11.53 0.989194 0.7491
11.54 0.983361 0.750509
11.55 0.977416 0.75191
11.56 0.971354 0.753302
11.57 0.965171 0.754685
11.58 0.958862 0.756059
11.59 0.952421 0.757424
11.6 0.945842 0.75878
11.61 0.93912 0.760127
11.62 0.932247 0.761463
11.63 0.925218 0.76279
11.64 0.918024 0.764107
11.65 0.910658 0.765413
11.66 0.903113 0.766709
11.67 0.895378 0.767993
11.68 0.887445 0.769267
11.69 0.879303 0.770529
11.7 0.870943 0.771779
11.71 0.862352 0.773017
11.72 0.853519 0.774243
11.73 0.84443 0.775455
11.74 0.835071 0.776655
11.75 0.825427 0.777841
11.76 0.815482 0.779013
11.77 0.805219 0.780171
11.78 0.794619 0.781314
11.79 0.78366 0.782441
11.8 0.772323 0.783553
11.81 0.760582 0.784648
11.82 0.748412 0.785726
11.83 0.735786 0.786786
11.84 0.722672 0.787828
11.85 0.70904 0.78885
11.86 0.694852 0.789853
11.87 0.68007 0.790835
11.88 0.664652 0.791796
11.89 0.648551 0.792734
11.9 0.631718 0.793649
11.91 0.614097 0.794539
11.92 0.595628 0.795403
11.93 0.576245 0.79624
11.94 0.555874 0.797049
11.95 0.534437 0.797828
11.96 0.511845 0.798575
11.97 0.488003 0.799289
11.98 0.462805 0.799969
11.99 0.436133 0.800611
12 0.407862 0.801214
12.01 0.377849 0.801775
12.02 0.345941 0.802293
12.03 0.311969 0.802763
12.04 0.275749 0.803183
12.05 0.23708 0.80355
12.06 0.195746 0.803859
12.07 0.151514 0.804107
12.08 0.104136 0.80429
12.09 0.053351 0.804403
12.1 -0.00110918 0.804441
12.11 -0.0595159 0.804398
12.12 -0.122133 0.804269
12.13 -0.189203 0.804047
12.14 -0.260931 0.803726
12.15 -0.337461 0.803299
12.16 -0.418844 0.80276
12.17 -0.505008 0.802101
12.18 -0.59572 0.801315
12.19 -0.690546 0.800396
12.2 -0.788822 0.79934
12.21 -0.889636 0.798141
12.22 -0.991828 0.796798
12.23 -1.09402 0.795308
12.24 -1.1947 0.793673
12.25 -1.2923 0.791896
12.26 -1.3853 0.789983
12.27 -1.47238 0.787941
12.28 -1.55249 0.785779
12.29 -1.62494 0.783509
12.3 -1.6894 0.78114
12.31 -1.74586 0.778685
12.32 -1.79464 0.776156
12.33 -1.83624 0.773561
12.34 -1.87131 0.770912
12.35 -1.90059 0.768218
12.36 -1.9248 0.765485
12.37 -1.94467 0.76272
12.38 -1.96085 0.75993
12.39 -1.97393 0.757119
12.4 -1.98443 0.754292
12.41 -1.9928 0.75145
12.42 -1.99943 0.748599
12.43 -2.00461 0.745738
12.44 -2.00863 0.742872
12.45 -2.0117 0.74
12.46 -2.014 0.737124
12.47 -2.01567 0.734246
12.48 -2.01684 0.731366
12.49 -2.01761 0.728484
12.5 -2.01804 0.725601
12.51 -2.01821 0.722718
12.52 -2.01816 0.719835
12.53 -2.01794 0.716952
12.54 -2.01759 0.714069
12.55 -2.01712 0.711187
12.56 -2.01655 0.708306
12.57 -2.01592 0.705426
12.58 -2.01523 0.702547
12.59 -2.01449 0.699668
12.6 -2.01371 0.696791
12.61 -2.0129 0.693915
12.62 -2.01206 0.69104
12.63 -2.0112 0.688166
12.64 -2.01033 0.685293
12.65 -2.00944 0.682422
12.66 -2.00855 0.679552
12.67 -2.00764 0.676683
12.68 -2.00672 0.673816
12.69 -2.0058 0.67095
12.7 -2.00488 0.668085
12.71 -2.00395 0.665222
12.72 -2.00301 0.66236
12.73 -2.00208 0.659499
12.74 -2.00114 0.656639
12.75 -2.00019 0.653781
12.76 -1.99925 0.650925
12.77 -1.99831 0.648069
12.78 -1.99736 0.645215
12.79 -1.99641 0.642362
12.8 -1.99546 0.639511
12.81 -1.99451 0.636661
12.82 -1.99356 0.633813
12.83 -1.9926 0.630965
12.84 -1.99165 0.628119
12.85 -1.99069 0.625275
12.86 -1.98974 0.622432
12.87 -1.98878 0.61959
12.88 -1.98782 0.616749
12.89 -1.98687 0.61391
12.9 -1.98591 0.611073
12.91 -1.98495 0.608236
12.92 -1.98399 0.605401
12.93 -1.98302 0.602568
12.94 -1.98206 0.599736
12.95 -1.9811 0.596905
12.96 -1.98013 0.594075
12.97 -1.97917 0.591247
12.98 -1.9782 0.588421
12.99 -1.97724 0.585595
13 -1.97627 0.582771
13.01 -1.9753 0.579949
13.02 -1.97433 0.577128
13.03 -1.97336 0.574308
13.04 -1.97239 0.571489
13.05 -1.97142 0.568672
13.06 -1.97045 0.565857
13.07 -1.96948 0.563043
13.08 -1.9685 0.56023
13.09 -1.96753 0.557418
13.1 -1.96655 0.554608
13.11 -1.96558 0.5518
13.12 -1.9646 0.548992
13.13 -1.96362 0.546186
13.14 -1.96264 0.543382
13.15 -1.96166 0.540579
13.16 -1.96068 0.537777
13.17 -1.9597 0.534977
13.18 -1.95872 0.532178
13.19 -1.95774 0.529381
13.2 -1.95675 0.526585
13.21 -1.95577 0.52379
13.22 -1.95478 0.520997
13.23 -1.9538 0.518205
13.24 -1.95281 0.515414
13.25 -1.95182 0.512625
13.26 -1.95083 0.509838
13.27 -1.94985 0.507051
13.28 -1.94886 0.504267
13.29 -1.94786 0.501483
13.3 -1.94687 0.498701
13.31 -1.94588 0.495921
13.32 -1.94489 0.493142
13.33 -1.94389 0.490364
13.34 -1.9429 0.487588
13.35 -1.9419 0.484813
13.36 -1.9409 0.482039
13.37 -1.9399 0.479267
13.38 -1.93891 0.476497
13.39 -1.93791 0.473728
13.4 -1.93691 0.47096
13.41 -1.9359 0.468194
13.42 -1.9349 0.465429
13.43 -1.9339 0.462665
13.44 -1.93289 0.459903
13.45 -1.93189 0.457143
13.46 -1.93088 0.454384
13.47 -1.92988 0.451626
13.48 -1.92887 0.44887
13.49 -1.92786 0.446115
13.5 -1.92685 0.443362
13.51 -1.92584 0.44061
13.52 -1.92483 0.437859
13.53 -1.92382 0.43511
13.54 -1.9228 0.432363
13.55 -1.92179 0.429616
13.56 -1.92077 0.426872
13.57 -1.91976 0.424129
13.58 -1.91874 0.421387
13.59 -1.91772 0.418646
13.6 -1.91671 0.415908
13.61 -1.91569 0.41317
13.62 -1.91467 0.410434
13.63 -1.91364 0.4077
13.64 -1.91262 0.404967
13.65 -1.9116 0.402235
13.66 -1.91057 0.399505
13.67 -1.90955 0.396776
13.68 -1.90852 0.394049
13.69 -1.9075 0.391323
13.7 -1.90647 0.388599
13.71 -1.90544 0.385876
13.72 -1.90441 0.383155
13.73 -1.90338 0.380435
13.74 -1.90235 0.377717
13.75 -1.90131 0.375
13.76 -1.90028 0.372284
13.77 -1.89924 0.36957
13.78 -1.89821 0.366858
13.79 -1.89717 0.364147
13.8 -1.89613 0.361438
13.81 -1.89509 0.358729
13.82 -1.89405 0.356023
13.83 -1.89301 0.353318
13.84 -1.89197 0.350614
13.85 -1.89093 0.347912
13.86 -1.88989 0.345212
13.87 -1.88884 0.342513
13.88 -1.8878 0.339815
13.89 -1.88675 0.337119
13.9 -1.8857 0.334424
13.91 -1.88465 0.331731
13.92 -1.8836 0.32904
13.93 -1.88255 0.326349
13.94 -1.8815 0.323661
13.95 -1.88045 0.320974
13.96 -1.87939 0.318288
13.97 -1.87834 0.315604
13.98 -1.87728 0.312921
13.99 -1.87622 0.31024
14 -1.87517 0.307561
14.01 -1.87411 0.304883
14.02 -1.87305 0.302206
14.03 -1.87199 0.299531
14.04 -1.87092 0.296858
14.05 -1.86986 0.294186
14.06 -1.8688 0.291515
14.07 -1.86773 0.288846
14.08 -1.86666 0.286179
14.09 -1.8656 0.283513
14.1 -1.86453 0.280849
14.11 -1.86346 0.278186
14.12 -1.86239 0.275524
14.13 -1.86131 0.272865
14.14 -1.86024 0.270206
14.15 -1.85917 0.26755
14.16 -1.85809 0.264895
14.17 -1.85701 0.262241
14.18 -1.85594 0.259589
14.19 -1.85486 0.256938
14.2 -1.85378 0.254289
14.21 -1.8527 0.251642
14.22 -1.85162 0.248996
14.23 -1.85053 0.246351
14.24 -1.84945 0.243708
14.25 -1.84836 0.241067
14.26 -1.84728 0.238427
14.27 -1.84619 0.235789
14.28 -1.8451 0.233153
14.29 -1.84401 0.230518
14.3 -1.84292 0.227884
14.31 -1.84183 0.225252
14.32 -1.84073 0.222622
14.33 -1.83964 0.219993
14.34 -1.83854 0.217366
14.35 -1.83745 0.21474
14.36 -1.83635 0.212116
14.37 -1.83525 0.209493
14.38 -1.83415 0.206872
14.39 -1.83305 0.204253
14.4 -1.83194 0.201635
14.41 -1.83084 0.199019
14.42 -1.82973 0.196404
14.43 -1.82863 0.193791
14.44 -1.82752 0.191179
14.45 -1.82641 0.188569
14.46 -1.8253 0.185961
14.47 -1.82419 0.183354
14.48 -1.82308 0.180749
14.49 -1.82196 0.178145
14.5 -1.82085 0.175543
14.51 -1.81973 0.172943
14.52 -1.81861 0.170344
14.53 -1.81749 0.167747
14.54 -1.81637 0.165151
14.55 -1.81525 0.162557
14.56 -1.81413 0.159965
14.57 -1.81301 0.157374
14.58 -1.81188 0.154785
14.59 -1.81075 0.152197
14.6 -1.80963 0.149611
14.61 -1.8085 0.147027
14.62 -1.80737 0.144444
14.63 -1.80624 0.141863
14.64 -1.8051 0.139283
14.65 -1.80397 0.136706
14.66 -1.80283 0.134129
14.67 -1.8017 0.131555
14.68 -1.80056 0.128982
14.69 -1.79942 0.12641
14.7 -1.79828 0.12384
14.71 -1.79714 0.121272
14.72 -1.79599 0.118706
14.73 -1.79485 0.116141
14.74 -1.7937 0.113578
14.75 -1.79255 0.111016
14.76 -1.7914 0.108456
14.77 -1.79025 0.105898
14.78 -1.7891 0.103341
14.79 -1.78795 0.100786
14.8 -1.7868 0.0982325
14.81 -1.78564 0.0956808
14.82 -1.78448 0.0931307
14.83 -1.78332 0.0905823
14.84 -1.78216 0.0880355
14.85 -1.781 0.0854904
14.86 -1.77984 0.0829469
14.87 -1.77868 0.0804051
14.88 -1.77751 0.077865
14.89 -1.77634 0.0753265
14.9 -1.77517 0.0727897
14.91 -1.774 0.0702546
14.92 -1.77283 0.0677212
14.93 -1.77166 0.0651894
14.94 -1.77049 0.0626593
14.95 -1.76931 0.0601309
14.96 -1.76813 0.0576041
14.97 -1.76695 0.0550791
14.98 -1.76577 0.0525557
14.99 -1.76459 0.050034
15 -1.76341 0.047514
15.01 -1.76222 0.0449957
15.02 -1.76104 0.0424791
15.03 -1.75985 0.0399641
15.04 -1.75866 0.0374509
15.05 -1.75747 0.0349394
15.06 -1.75628 0.0324296
15.07 -1.75508 0.0299215
15.08 -1.75389 0.0274151
15.09 -1.75269 0.0249104
15.1 -1.75149 0.0224074
15.11 -1.75029 0.0199061
15.12 -1.74909 0.0174065
15.13 -1.74789 0.0149087
15.14 -1.74668 0.0124126
15.15 -1.74548 0.00991818
15.16 -1.74427 0.0074255
15.17 -1.74306 0.00493456
15.18 -1.74185 0.00244534
15.19 -1.74063 -4.2151e-05
15.2 -1.73942 -0.0025279
15.21 -1.7382 -0.00501192
15.22 -1.73699 -0.0074942
15.23 -1.73577 -0.00997474
15.24 -1.73455 -0.0124535
15.25 -1.73332 -0.0149306
15.26 -1.7321 -0.0174059
15.27 -1.73087 -0.0198794
15.28 -1.72965 -0.0223512
15.29 -1.72842 -0.0248213
15.3 -1.72718 -0.0272896
15.31 -1.72595 -0.0297561
15.32 -1.72472 -0.0322209
15.33 -1.72348 -0.0346839
15.34 -1.72224 -0.0371451
15.35 -1.721 -0.0396046
15.36 -1.71976 -0.0420622
15.37 -1.71852 -0.0445182
15.38 -1.71727 -0.0469723
15.39 -1.71603 -0.0494247
15.4 -1.71478 -0.0518752
15.41 -1.71353 -0.054324
15.42 -1.71228 -0.056771
15.43 -1.71102 -0.0592162
15.44 -1.70977 -0.0616597
15.45 -1.70851 -0.0641013
15.46 -1.70725 -0.0665411
15.47 -1.70599 -0.0689792
15.48 -1.70473 -0.0714154
15.49 -1.70346 -0.0738498
15.5 -1.7022 -0.0762824
15.51 -1.70093 -0.0787132
15.52 -1.69966 -0.0811422
15.53 -1.69838 -0.0835694
15.54 -1.69711 -0.0859947
15.55 -1.69583 -0.0884183
15.56 -1.69456 -0.09084
15.57 -1.69328 -0.0932599
15.58 -1.692 -0.0956779
15.59 -1.69071 -0.0980941
15.6 -1.68943 -0.100509
15.61 -1.68814 -0.102921
15.62 -1.68685 -0.105332
15.63 -1.68556 -0.107741
15.64 -1.68426 -0.110148
15.65 -1.68297 -0.112553
15.66 -1.68167 -0.114956
15.67 -1.68037 -0.117358
15.68 -1.67907 -0.119757
15.69 -1.67777 -0.122155
15.7 -1.67646 -0.124551
15.71 -1.67515 -0.126945
15.72 -1.67384 -0.129337
15.73 -1.67253 -0.131727
15.74 -1.67122 -0.134116
15.75 -1.6699 -0.136502
15.76 -1.66858 -0.138887
15.77 -1.66726 -0.14127
15.78 -1.66594 -0.14365
15.79 -1.66462 -0.146029
15.8 -1.66329 -0.148406
15.81 -1.66196 -0.150782
15.82 -1.66063 -0.153155
15.83 -1.6593 -0.155526
15.84 -1.65796 -0.157896
15.85 -1.65662 -0.160263
15.86 -1.65529 -0.162629
15.87 -1.65394 -0.164993
15.88 -1.6526 -0.167354
15.89 -1.65125 -0.169714
15.9 -1.6499 -0.172072
15.91 -1.64855 -0.174428
15.92 -1.6472 -0.176783
15.93 -1.64584 -0.179135
15.94 -1.64449 -0.181485
15.95 -1.64313 -0.183833
15.96 -1.64176 -0.18618
15.97 -1.6404 -0.188524
15.98 -1.63903 -0.190866
15.99 -1.63766 -0.193207
16 -1.63629 -0.195545
16.01 -1.63492 -0.197882
16.02 -1.63354 -0.200217
16.03 -1.63216 -0.202549
16.04 -1.63078 -0.20488
16.05 -1.6294 -0.207209
16.06 -1.62801 -0.209535
16.07 -1.62662 -0.21186
16.08 -1.62523 -0.214183
16.09 -1.62383 -0.216504
16.1 -1.62244 -0.218822
16.11 -1.62104 -0.221139
16.12 -1.61964 -0.223454
16.13 -1.61823 -0.225767
16.14 -1.61683 -0.228077
16.15 -1.61542 -0.230386
16.16 -1.61401 -0.232693
16.17 -1.61259 -0.234998
16.18 -1.61117 -0.2373
16.19 -1.60975 -0.239601
16.2 -1.60833 -0.2419
16.21 -1.60691 -0.244196
16.22 -1.60548 -0.246491
16.23 -1.60405 -0.248783
16.24 -1.60261 -0.251074
16.25 -1.60118 -0.253362
16.26 -1.59974 -0.255649
16.27 -1.5983 -0.257933
16.28 -1.59685 -0.260215
16.29 -1.59541 -0.262495
16.3 -1.59396 -0.264773
16.31 -1.5925 -0.267049
16.32 -1.59105 -0.269323
16.33 -1.58959 -0.271595
16.34 -1.58813 -0.273865
16.35 -1.58666 -0.276133
16.36 -1.58519 -0.278398
16.37 -1.58372 -0.280662
16.38 -1.58225 -0.282923
16.39 -1.58077 -0.285183
16.4 -1.57929 -0.28744
16.41 -1.57781 -0.289695
16.42 -1.57633 -0.291948
16.43 -1.57484 -0.294199
16.44 -1.57335 -0.296447
16.45 -1.57185 -0.298694
16.46 -1.57035 -0.300938
16.47 -1.56885 -0.303181
16.48 -1.56735 -0.305421
16.49 -1.56584 -0.307659
16.5 -1.56433 -0.309895
16.51 -1.56282 -0.312128
16.52 -1.5613 -0.31436
16.53 -1.55978 -0.316589
16.54 -1.55826 -0.318816
16.55 -1.55673 -0.321041
16.56 -1.5552 -0.323264
16.57 -1.55366 -0.325485
16.58 -1.55213 -0.327703
16.59 -1.55059 -0.329919
16.6 -1.54904 -0.332133
16.61 -1.54749 -0.334345
16.62 -1.54594 -0.336555
16.63 -1.54439 -0.338762
16.64 -1.54283 -0.340967
16.65 -1.54127 -0.34317
16.66 -1.5397 -0.345371
16.67 -1.53813 -0.347569
16.68 -1.53656 -0.349766
16.69 -1.53499 -0.35196
16.7 -1.53341 -0.354151
16.71 -1.53182 -0.356341
16.72 -1.53024 -0.358528
16.73 -1.52864 -0.360713
16.74 -1.52705 -0.362896
16.75 -1.52545 -0.365076
16.76 -1.52385 -0.367254
16.77 -1.52224 -0.36943
16.78 -1.52063 -0.371603
16.79 -1.51902 -0.373774
16.8 -1.5174 -0.375943
16.81 -1.51578 -0.37811
16.82 -1.51415 -0.380274
16.83 -1.51252 -0.382436
16.84 -1.51089 -0.384596
16.85 -1.50925 -0.386753
16.86 -1.5076 -0.388908
16.87 -1.50596 -0.39106
16.88 -1.50431 -0.39321
16.89 -1.50265 -0.395358
16.9 -1.50099 -0.397504
16.91 -1.49933 -0.399647
16.92 -1.49766 -0.401787
16.93 -1.49598 -0.403926
16.94 -1.49431 -0.406062
16.95 -1.49263 -0.408195
16.96 -1.49094 -0.410326
16.97 -1.48925 -0.412455
16.98 -1.48755 -0.414581
16.99 -1.48585 -0.416705
17 -1.48415 -0.418827
17.01 -1.48244 -0.420946
17.02 -1.48072 -0.423062
17.03 -1.47901 -0.425176
17.04 -1.47728 -0.427288
17.05 -1.47555 -0.429397
17.06 -1.47382 -0.431504
17.07 -1.47208 -0.433608
17.08 -1.47034 -0.43571
17.09 -1.46859 -0.437809
17.1 -1.46684 -0.439906
17.11 -1.46508 -0.442
17.12 -1.46331 -0.444092
17.13 -1.46154 -0.446181
17.14 -1.45977 -0.448267
17.15 -1.45799 -0.450352
17.16 -1.4562 -0.452433
17.17 -1.45441 -0.454512
17.18 -1.45262 -0.456589
17.19 -1.45082 -0.458662
17.2 -1.44901 -0.460734
17.21 -1.4472 -0.462803
17.22 -1.44538 -0.464869
17.23 -1.44356 -0.466932
17.24 -1.44173 -0.468993
17.25 -1.43989 -0.471051
17.26 -1.43805 -0.473107
17.27 -1.4362 -0.47516
17.28 -1.43435 -0.47721
17.29 -1.43249 -0.479258
17.3 -1.43062 -0.481303
17.31 -1.42875 -0.483346
17.32 -1.42688 -0.485385
17.33 -1.42499 -0.487423
17.34 -1.4231 -0.489457
17.35 -1.4212 -0.491489
17.36 -1.4193 -0.493517
17.37 -1.41739 -0.495544
17.38 -1.41547 -0.497567
17.39 -1.41355 -0.499588
17.4 -1.41162 -0.501606
17.41 -1.40968 -0.503621
17.42 -1.40774 -0.505634
17.43 -1.40579 -0.507643
17.44 -1.40383 -0.50965
17.45 -1.40187 -0.511654
17.46 -1.3999 -0.513655
17.47 -1.39792 -0.515654
17.48 -1.39593 -0.517649
17.49 -1.39394 -0.519642
17.5 -1.39193 -0.521632
17.51 -1.38993 -0.523619
17.52 -1.38791 -0.525603
17.53 -1.38588 -0.527585
17.54 -1.38385 -0.529563
17.55 -1.38181 -0.531538
17.56 -1.37976 -0.533511
17.57 -1.37771 -0.535481
17.58 -1.37564 -0.537447
17.59 -1.37357 -0.539411
17.6 -1.37149 -0.541372
17.61 -1.3694 -0.54333
17.62 -1.3673 -0.545284
17.63 -1.36519 -0.547236
17.64 -1.36307 -0.549185
17.65 -1.36095 -0.551131
17.66 -1.35882 -0.553073
17.67 -1.35667 -0.555013
17.68 -1.35452 -0.55695
17.69 -1.35236 -0.558883
17.7 -1.35019 -0.560813
17.71 -1.348 -0.562741
17.72 -1.34581 -0.564665
17.73 -1.34361 -0.566586
17.74 -1.3414 -0.568504
17.75 -1.33918 -0.570418
17.76 -1.33695 -0.57233
17.77 -1.33471 -0.574238
17.78 -1.33246 -0.576143
17.79 -1.33019 -0.578045
17.8 -1.32792 -0.579944
17.81 -1.32563 -0.581839
17.82 -1.32334 -0.583731
17.83 -1.32103 -0.58562
17.84 -1.31871 -0.587506
17.85 -1.31638 -0.589388
17.86 -1.31404 -0.591267
17.87 -1.31169 -0.593142
17.88 -1.30932 -0.595015
17.89 -1.30694 -0.596883
17.9 -1.30455 -0.598749
17.91 -1.30215 -0.600611
17.92 -1.29973 -0.602469
17.93 -1.2973 -0.604324
17.94 -1.29486 -0.606176
17.95 -1.2924 -0.608024
17.96 -1.28993 -0.609868
17.97 -1.28745 -0.611709
17.98 -1.28495 -0.613547
17.99 -1.28244 -0.61538
18 -1.27991 -0.617211
18.01 -1.27737 -0.619037
18.02 -1.27481 -0.62086
18.03 -1.27224 -0.62268
18.04 -1.26965 -0.624495
18.05 -1.26705 -0.626307
18.06 -1.26443 -0.628115
18.07 -1.26179 -0.62992
18.08 -1.25914 -0.631721
18.09 -1.25647 -0.633517
18.1 -1.25379 -0.63531
18.11 -1.25108 -0.6371
18.12 -1.24836 -0.638885
18.13 -1.24562 -0.640666
18.14 -1.24286 -0.642444
18.15 -1.24009 -0.644217
18.16 -1.23729 -0.645987
18.17 -1.23447 -0.647753
18.18 -1.23164 -0.649514
18.19 -1.22878 -0.651271
18.2 -1.22591 -0.653025
18.21 -1.22301 -0.654774
18.22 -1.22009 -0.656519
18.23 -1.21715 -0.65826
18.24 -1.21419 -0.659997
18.25 -1.2112 -0.661729
18.26 -1.2082 -0.663457
18.27 -1.20516 -0.665181
18.28 -1.20211 -0.666901
18.29 -1.19903 -0.668616
18.3 -1.19592 -0.670326
18.31 -1.19279 -0.672033
18.32 -1.18963 -0.673734
18.33 -1.18645 -0.675432
18.34 -1.18324 -0.677124
18.35 -1.18 -0.678812
18.36 -1.17673 -0.680496
18.37 -1.17343 -0.682174
18.38 -1.1701 -0.683848
18.39 -1.16674 -0.685517
18.4 -1.16335 -0.687182
18.41 -1.15993 -0.688841
18.42 -1.15648 -0.690496
18.43 -1.15299 -0.692145
18.44 -1.14947 -0.69379
18.45 -1.14591 -0.69543
18.46 -1.14231 -0.697064
18.47 -1.13868 -0.698693
18.48 -1.13501 -0.700317
18.49 -1.1313 -0.701936
18.5 -1.12755 -0.70355
18.51 -1.12376 -0.705158
18.52 -1.11993 -0.70676
18.53 -1.11606 -0.708358
18.54 -1.11214 -0.709949
18.55 -1.10817 -0.711535
18.56 -1.10416 -0.713115
18.57 -1.1001 -0.71469
18.58 -1.09598 -0.716258
18.59 -1.09182 -0.717821
18.6 -1.08761 -0.719378
18.61 -1.08334 -0.720929
18.62 -1.07901 -0.722473
18.63 -1.07462 -0.724011
18.64 -1.07018 -0.725543
18.65 -1.06568 -0.727069
18.66 -1.06111 -0.728588
18.67 -1.05647 -0.730101
18.68 -1.05177 -0.731607
18.69 -1.047 -0.733106
18.7 -1.04215 -0.734598
18.71 -1.03724 -0.736083
18.72 -1.03224 -0.737562
18.73 -1.02716 -0.739033
18.74 -1.022 -0.740496
18.75 -1.01676 -0.741952
18.76 -1.01142 -0.743401
18.77 -1.00599 -0.744842
18.78 -1.00047 -0.746275
18.79 -0.994848 -0.747701
18.8 -0.989121 -0.749118
18.81 -0.983287 -0.750527
18.82 -0.97734 -0.751927
18.83 -0.971277 -0.753319
18.84 -0.965093 -0.754702
18.85 -0.958782 -0.756076
18.86 -0.952339 -0.757441
18.87 -0.945758 -0.758797
18.88 -0.939034 -0.760144
18.89 -0.93216 -0.76148
18.9 -0.925128 -0.762807
18.91 -0.917932 -0.764123
18.92 -0.910564 -0.765429
18.93 -0.903016 -0.766725
18.94 -0.895279 -0.768009
18.95 -0.887343 -0.769283
18.96 -0.879199 -0.770545
18.97 -0.870836 -0.771795
18.98 -0.862242 -0.773032
18.99 -0.853406 -0.774258
19 -0.844313 -0.775471
19.01 -0.834951 -0.77667
19.02 -0.825304 -0.777856
19.03 -0.815355 -0.779028
19.04 -0.805088 -0.780186
19.05 -0.794483 -0.781328
19.06 -0.78352 -0.782455
19.07 -0.772177 -0.783567
19.08 -0.760431 -0.784661
19.09 -0.748256 -0.785739
19.1 -0.735623 -0.786799
19.11 -0.722504 -0.787841
19.12 -0.708864 -0.788863
19.13 -0.694669 -0.789866
19.14 -0.67988 -0.790848
19.15 -0.664453 -0.791808
19.16 -0.648344 -0.792746
19.17 -0.631501 -0.79366
19.18 -0.61387 -0.79455
19.19 -0.59539 -0.795413
19.2 -0.575994 -0.79625
19.21 -0.555611 -0.797059
19.22 -0.534159 -0.797837
19.23 -0.511553 -0.798584
19.24 -0.487694 -0.799298
19.25 -0.462478 -0.799977
19.26 -0.435787 -0.800619
19.27 -0.407495 -0.801221
19.28 -0.377459 -0.801782
19.29 -0.345526 -0.802299
19.3 -0.311527 -0.802769
19.31 -0.275277 -0.803188
19.32 -0.236576 -0.803554
19.33 -0.195207 -0.803863
19.34 -0.150937 -0.80411
19.35 -0.103517 -0.804292
19.36 -0.0526881 -0.804404
19.37 0.00182015 -0.804441
19.38 0.0602783 -0.804397
19.39 0.12295 -0.804267
19.4 0.190078 -0.804044
19.41 0.261866 -0.803722
19.42 0.338456 -0.803293
19.43 0.4199 -0.802752
19.44 0.506123 -0.802091
19.45 0.59689 -0.801304
19.46 0.691764 -0.800384
19.47 0.790079 -0.799326
19.48 0.890918 -0.798125
19.49 0.993119 -0.79678
19.5 1.09531 -0.795288
19.51 1.19596 -0.793651
19.52 1.2935 -0.791872
19.53 1.38643 -0.789958
19.54 1.47343 -0.787914
19.55 1.55345 -0.785751
19.56 1.6258 -0.783479
19.57 1.69016 -0.78111
19.58 1.74652 -0.778654
19.59 1.7952 -0.776123
19.6 1.83672 -0.773528
19.61 1.87172 -0.770879
19.62 1.90092 -0.768183
19.63 1.92508 -0.76545
19.64 1.9449 -0.762685
19.65 1.96103 -0.759895
19.66 1.97408 -0.757084
19.67 1.98455 -0.754256
19.68 1.9929 -0.751415
19.69 1.9995 -0.748563
19.7 2.00467 -0.745702
19.71 2.00868 -0.742836
19.72 2.01173 -0.739964
19.73 2.01402 -0.737088
19.74 2.01569 -0.73421
19.75 2.01686 -0.731329
19.76 2.01761 -0.728447
19.77 2.01804 -0.725565
19.78 2.01821 -0.722682
19.79 2.01816 -0.719799
19.8 2.01794 -0.716916
19.81 2.01758 -0.714033
19.82 2.01711 -0.711151
19.83 2.01655 -0.70827
19.84 2.01591 -0.70539
19.85 2.01522 -0.70251
19.86 2.01448 -0.699632
19.87 2.0137 -0.696755
19.88 2.01289 -0.693878
19.89 2.01205 -0.691004
19.9 2.01119 -0.68813
19.91 2.01032 -0.685257
19.92 2.00943 -0.682386
19.93 2.00853 -0.679516
19.94 2.00763 -0.676647
19.95 2.00671 -0.67378
19.96 2.00579 -0.670914
19.97 2.00487 -0.668049
19.98 2.00394 -0.665186
19.99 2.003 -0.662324
20 2.00206 -0.659463
20.01 2.00112 -0.656603
20.02 2.00018 -0.653745
20.03 1.99924 -0.650889
20.04 1.99829 -0.648033
20.05 1.99735 -0.645179
20.06 1.9964 -0.642327
20.07 1.99545 -0.639475
20.08 1.9945 -0.636625
20.09 1.99354 -0.633777
20.1 1.99259 -0.630929
20.11 1.99164 -0.628084
20.12 1.99068 -0.625239
20.13 1.98973 -0.622396
20.14 1.98877 -0.619554
20.15 1.98781 -0.616714
20.16 1.98685 -0.613875
20.17 1.98589 -0.611037
20.18 1.98493 -0.608201
20.19 1.98397 -0.605366
20.2 1.98301 -0.602532
20.21 1.98205 -0.5997
20.22 1.98109 -0.596869
20.23 1.98012 -0.59404
20.24 1.97916 -0.591212
20.25 1.97819 -0.588385
20.26 1.97722 -0.58556
20.27 1.97626 -0.582736
20.28 1.97529 -0.579913
20.29 1.97432 -0.577092
20.3 1.97335 -0.574272
20.31 1.97238 -0.571454
20.32 1.97141 -0.568637
20.33 1.97044 -0.565821
20.34 1.96946 -0.563007
20.35 1.96849 -0.560194
20.36 1.96751 -0.557383
20.37 1.96654 -0.554573
20.38 1.96556 -0.551764
20.39 1.96459 -0.548957
20.4 1.96361 -0.546151
20.41 1.96263 -0.543347
20.42 1.96165 -0.540544
20.43 1.96067 -0.537742
20.44 1.95969 -0.534942
20.45 1.95871 -0.532143
20.46 1.95772 -0.529345
20.47 1.95674 -0.526549
20.48 1.95576 -0.523755
20.49 1.95477 -0.520961
20.5 1.95379 -0.51817
20.51 1.9528 -0.515379
20.52 1.95181 -0.51259
20.53 1.95082 -0.509803
20.54 1.94983 -0.507016
20.55 1.94884 -0.504232
20.56 1.94785 -0.501448
20.57 1.94686 -0.498666
20.58 1.94587 -0.495886
20.59 1.94487 -0.493107
20.6 1.94388 -0.490329
20.61 1.94288 -0.487553
20.62 1.94189 -0.484778
20.63 1.94089 -0.482005
20.64 1.93989 -0.479233
20.65 1.93889 -0.476462
20.66 1.93789 -0.473693
20.67 1.93689 -0.470925
20.68 1.93589 -0.468159
20.69 1.93489 -0.465394
20.7 1.93389 -0.462631
20.71 1.93288 -0.459869
20.72 1.93188 -0.457108
20.73 1.93087 -0.454349
20.74 1.92986 -0.451591
20.75 1.92886 -0.448835
20.76 1.92785 -0.44608
20.77 1.92684 -0.443327
20.78 1.92583 -0.440575
20.79 1.92482 -0.437825
20.8 1.9238 -0.435076
20.81 1.92279 -0.432328
20.82 1.92178 -0.429582
20.83 1.92076 -0.426837
20.84 1.91975 -0.424094
20.85 1.91873 -0.421352
20.86 1.91771 -0.418612
20.87 1.91669 -0.415873
20.88 1.91567 -0.413136
20.89 1.91465 -0.4104
20.9 1.91363 -0.407665
20.91 1.91261 -0.404932
20.92 1.91159 -0.402201
20.93 1.91056 -0.399471
20.94 1.90954 -0.396742
20.95 1.90851 -0.394015
20.96 1.90748 -0.391289
20.97 1.90645 -0.388565
20.98 1.90543 -0.385842
20.99 1.9044 -0.383121
21 1.90336 -0.380401
21.01 1.90233 -0.377682
21.02 1.9013 -0.374966
21.03 1.90027 -0.37225
21.04 1.89923 -0.369536
21.05 1.89819 -0.366824
21.06 1.89716 -0.364113
21.07 1.89612 -0.361403
21.08 1.89508 -0.358695
21.09 1.89404 -0.355989
21.1 1.893 -0.353284
21.11 1.89196 -0.35058
21.12 1.89092 -0.347878
21.13 1.88987 -0.345178
21.14 1.88883 -0.342479
21.15 1.88778 -0.339781
21.16 1.88674 -0.337085
21.17 1.88569 -0.33439
21.18 1.88464 -0.331697
21.19 1.88359 -0.329006
21.2 1.88254 -0.326316
21.21 1.88149 -0.323627
21.22 1.88043 -0.32094
21.23 1.87938 -0.318254
21.24 1.87832 -0.31557
21.25 1.87727 -0.312888
21.26 1.87621 -0.310207
21.27 1.87515 -0.307527
21.28 1.87409 -0.304849
21.29 1.87303 -0.302173
21.3 1.87197 -0.299498
21.31 1.87091 -0.296824
21.32 1.86985 -0.294152
21.33 1.86878 -0.291482
21.34 1.86772 -0.288813
21.35 1.86665 -0.286145
21.36 1.86558 -0.283479
21.37 1.86451 -0.280815
21.38 1.86344 -0.278152
21.39 1.86237 -0.275491
21.4 1.8613 -0.272831
21.41 1.86023 -0.270173
21.42 1.85915 -0.267516
21.43 1.85808 -0.264861
21.44 1.857 -0.262207
21.45 1.85592 -0.259555
21.46 1.85485 -0.256905
21.47 1.85377 -0.254256
21.48 1.85268 -0.251608
21.49 1.8516 -0.248962
21.5 1.85052 -0.246318
21.51 1.84943 -0.243675
21.52 1.84835 -0.241034
21.53 1.84726 -0.238394
21.54 1.84618 -0.235756
21.55 1.84509 -0.233119
21.56 1.844 -0.230484
21.57 1.84291 -0.227851
21.58 1.84181 -0.225219
21.59 1.84072 -0.222589
21.6 1.83962 -0.21996
21.61 1.83853 -0.217332
21.62 1.83743 -0.214707
21.63 1.83633 -0.212083
21.64 1.83523 -0.20946
21.65 1.83413 -0.206839
21.66 1.83303 -0.20422
21.67 1.83193 -0.201602
21.68 1.83082 -0.198986
21.69 1.82972 -0.196371
21.7 1.82861 -0.193758
21.71 1.82751 -0.191146
21.72 1.8264 -0.188536
21.73 1.82529 -0.185928
21.74 1.82417 -0.183321
21.75 1.82306 -0.180716
21.76 1.82195 -0.178113
21.77 1.82083 -0.175511
21.78 1.81972 -0.17291
21.79 1.8186 -0.170311
21.8 1.81748 -0.167714
21.81 1.81636 -0.165119
21.82 1.81524 -0.162525
21.83 1.81412 -0.159932
21.84 1.81299 -0.157341
21.85 1.81187 -0.154752
21.86 1.81074 -0.152165
21.87 1.80961 -0.149579
21.88 1.80848 -0.146994
21.89 1.80735 -0.144412
21.9 1.80622 -0.14183
21.91 1.80509 -0.139251
21.92 1.80395 -0.136673
21.93 1.80282 -0.134097
21.94 1.80168 -0.131522
21.95 1.80054 -0.128949
21.96 1.7994 -0.126378
21.97 1.79826 -0.123808
21.98 1.79712 -0.12124
21.99 1.79598 -0.118673
22 1.79483 -0.116109
22.01 1.79369 -0.113545
22.02 1.79254 -0.110984
22.03 1.79139 -0.108424
22.04 1.79024 -0.105865
22.05 1.78909 -0.103309
22.06 1.78793 -0.100754
22.07 1.78678 -0.0982004
22.08 1.78562 -0.0956487
22.09 1.78447 -0.0930986
22.1 1.78331 -0.0905502
22.11 1.78215 -0.0880034
22.12 1.78099 -0.0854583
22.13 1.77982 -0.0829149
22.14 1.77866 -0.0803731
22.15 1.77749 -0.077833
22.16 1.77633 -0.0752946
22.17 1.77516 -0.0727578
22.18 1.77399 -0.0702227
22.19 1.77282 -0.0676892
22.2 1.77164 -0.0651575
22.21 1.77047 -0.0626274
22.22 1.76929 -0.060099
22.23 1.76812 -0.0575723
22.24 1.76694 -0.0550472
22.25 1.76576 -0.0525239
22.26 1.76458 -0.0500022
22.27 1.76339 -0.0474822
22.28 1.76221 -0.044964
22.29 1.76102 -0.0424474
22.3 1.75983 -0.0399325
22.31 1.75865 -0.0374193
22.32 1.75745 -0.0349078
22.33 1.75626 -0.032398
22.34 1.75507 -0.0298899
22.35 1.75387 -0.0273835
22.36 1.75268 -0.0248788
22.37 1.75148 -0.0223758
22.38 1.75028 -0.0198746
22.39 1.74908 -0.017375
22.4 1.74787 -0.0148772
22.41 1.74667 -0.0123811
22.42 1.74546 -0.00988675
22.43 1.74425 -0.0073941
22.44 1.74304 -0.00490317
22.45 1.74183 -0.00241398
22.46 1.74062 7.34893e-05
22.47 1.7394 0.00255922
22.48 1.73819 0.00504322
22.49 1.73697 0.00752547
22.5 1.73575 0.010006
22.51 1.73453 0.0124848
22.52 1.73331 0.0149618
22.53 1.73208 0.0174371
22.54 1.73086 0.0199106
22.55 1.72963 0.0223824
22.56 1.7284 0.0248524
22.57 1.72717 0.0273207
22.58 1.72594 0.0297872
22.59 1.7247 0.0322519
22.6 1.72347 0.0347149
22.61 1.72223 0.0371761
22.62 1.72099 0.0396355
22.63 1.71975 0.0420932
22.64 1.7185 0.0445491
22.65 1.71726 0.0470032
22.66 1.71601 0.0494556
22.67 1.71476 0.0519061
22.68 1.71351 0.0543549
22.69 1.71226 0.0568019
22.7 1.71101 0.0592471
22.71 1.70975 0.0616905
22.72 1.70849 0.0641321
22.73 1.70724 0.0665719
22.74 1.70597 0.0690099
22.75 1.70471 0.0714461
22.76 1.70345 0.0738805
22.77 1.70218 0.0763131
22.78 1.70091 0.0787438
22.79 1.69964 0.0811728
22.8 1.69837 0.0836
22.81 1.69709 0.0860253
22.82 1.69582 0.0884488
22.83 1.69454 0.0908705
22.84 1.69326 0.0932903
22.85 1.69198 0.0957084
22.86 1.6907 0.0981246
22.87 1.68941 0.100539
22.88 1.68812 0.102951
22.89 1.68683 0.105362
22.9 1.68554 0.107771
22.91 1.68425 0.110178
22.92 1.68295 0.112583
22.93 1.68165 0.114986
22.94 1.68036 0.117388
22.95 1.67905 0.119787
22.96 1.67775 0.122185
22.97 1.67644 0.124581
22.98 1.67514 0.126975
22.99 1.67383 0.129367
23 1.67252 0.131757
23.01 1.6712 0.134146
23.02 1.66989 0.136532
23.03 1.66857 0.138917
23.04 1.66725 0.1413
23.05 1.66592 0.14368
23.06 1.6646 0.146059
23.07 1.66327 0.148436
23.08 1.66194 0.150812
23.09 1.66061 0.153185
23.1 1.65928 0.155556
23.11 1.65795 0.157926
23.12 1.65661 0.160293
23.13 1.65527 0.162659
23.14 1.65393 0.165022
23.15 1.65258 0.167384
23.16 1.65124 0.169744
23.17 1.64989 0.172102
23.18 1.64854 0.174458
23.19 1.64718 0.176812
23.2 1.64583 0.179164
23.21 1.64447 0.181515
23.22 1.64311 0.183863
23.23 1.64175 0.186209
23.24 1.64038 0.188554
23.25 1.63902 0.190896
23.26 1.63765 0.193236
23.27 1.63627 0.195575
23.28 1.6349 0.197911
23.29 1.63352 0.200246
23.3 1.63214 0.202579
23.31 1.63076 0.204909
23.32 1.62938 0.207238
23.33 1.62799 0.209565
23.34 1.6266 0.211889
23.35 1.62521 0.214212
23.36 1.62382 0.216533
23.37 1.62242 0.218852
23.38 1.62102 0.221168
23.39 1.61962 0.223483
23.4 1.61822 0.225796
23.41 1.61681 0.228107
23.42 1.6154 0.230415
23.43 1.61399 0.232722
23.44 1.61257 0.235027
23.45 1.61116 0.237329
23.46 1.60974 0.23963
23.47 1.60831 0.241929
23.48 1.60689 0.244225
23.49 1.60546 0.24652
23.5 1.60403 0.248812
23.51 1.6026 0.251103
23.52 1.60116 0.253391
23.53 1.59972 0.255677
23.54 1.59828 0.257962
23.55 1.59683 0.260244
23.56 1.59539 0.262524
23.57 1.59394 0.264802
23.58 1.59248 0.267078
23.59 1.59103 0.269352
23.6 1.58957 0.271624
23.61 1.58811 0.273894
23.62 1.58664 0.276161
23.63 1.58518 0.278427
23.64 1.58371 0.28069
23.65 1.58223 0.282952
23.66 1.58076 0.285211
23.67 1.57928 0.287468
23.68 1.57779 0.289723
23.69 1.57631 0.291976
23.7 1.57482 0.294227
23.71 1.57333 0.296476
23.72 1.57183 0.298722
23.73 1.57034 0.300967
23.74 1.56883 0.303209
23.75 1.56733 0.305449
23.76 1.56582 0.307687
23.77 1.56431 0.309923
23.78 1.5628 0.312156
23.79 1.56128 0.314388
23.8 1.55976 0.316617
23.81 1.55824 0.318844
23.82 1.55671 0.321069
23.83 1.55518 0.323292
23.84 1.55364 0.325513
23.85 1.55211 0.327731
23.86 1.55057 0.329947
23.87 1.54902 0.332161
23.88 1.54747 0.334373
23.89 1.54592 0.336583
23.9 1.54437 0.33879
23.91 1.54281 0.340995
23.92 1.54125 0.343198
23.93 1.53968 0.345399
23.94 1.53812 0.347597
23.95 1.53654 0.349793
23.96 1.53497 0.351987
23.97 1.53339 0.354179
23.98 1.5318 0.356368
23.99 1.53022 0.358556
24 1.52862 0.36074
24.01 1.52703 0.362923
24.02 1.52543 0.365103
24.03 1.52383 0.367281
24.04 1.52222 0.369457
24.05 1.52061 0.371631
24.06 1.519 0.373802
24.07 1.51738 0.375971
24.08 1.51576 0.378137
24.09 1.51413 0.380301
24.1 1.5125 0.382463
24.11 1.51086 0.384623
24.12 1.50923 0.38678
24.13 1.50758 0.388935
24.14 1.50594 0.391087
24.15 1.50428 0.393238
24.16 1.50263 0.395385
24.17 1.50097 0.397531
24.18 1.4993 0.399674
24.19 1.49764 0.401814
24.2 1.49596 0.403953
24.21 1.49429 0.406089
24.22 1.4926 0.408222
24.23 1.49092 0.410353
24.24 1.48923 0.412482
24.25 1.48753 0.414608
24.26 1.48583 0.416732
24.27 1.48413 0.418853
24.28 1.48242 0.420972
24.29 1.4807 0.423089
24.3 1.47898 0.425203
24.31 1.47726 0.427315
24.32 1.47553 0.429424
24.33 1.4738 0.43153
24.34 1.47206 0.433635
24.35 1.47032 0.435736
24.36 1.46857 0.437835
24.37 1.46681 0.439932
24.38 1.46505 0.442026
24.39 1.46329 0.444118
24.4 1.46152 0.446207
24.41 1.45975 0.448294
24.42 1.45797 0.450378
24.43 1.45618 0.452459
24.44 1.45439 0.454538
24.45 1.4526 0.456615
24.46 1.45079 0.458689
24.47 1.44899 0.46076
24.48 1.44717 0.462829
24.49 1.44536 0.464895
24.5 1.44353 0.466958
24.51 1.4417 0.469019
24.52 1.43987 0.471077
24.53 1.43803 0.473133
24.54 1.43618 0.475186
24.55 1.43433 0.477236
24.56 1.43247 0.479284
24.57 1.4306 0.481329
24.58 1.42873 0.483371
24.59 1.42685 0.485411
24.6 1.42497 0.487448
24.61 1.42308 0.489482
24.62 1.42118 0.491514
24.63 1.41928 0.493543
24.64 1.41737 0.495569
24.65 1.41545 0.497593
24.66 1.41353 0.499613
24.67 1.4116 0.501631
24.68 1.40966 0.503646
24.69 1.40772 0.505659
24.7 1.40577 0.507668
24.71 1.40381 0.509675
24.72 1.40184 0.511679
24.73 1.39987 0.513681
24.74 1.39789 0.515679
24.75 1.39591 0.517675
24.76 1.39391 0.519667
24.77 1.39191 0.521657
24.78 1.3899 0.523644
24.79 1.38788 0.525628
24.8 1.38586 0.52761
24.81 1.38383 0.529588
24.82 1.38179 0.531563
24.83 1.37974 0.533536
24.84 1.37768 0.535505
24.85 1.37562 0.537472
24.86 1.37354 0.539436
24.87 1.37146 0.541396
24.88 1.36937 0.543354
24.89 1.36727 0.545309
24.9 1.36516 0.547261
24.91 1.36305 0.549209
24.92 1.36092 0.551155
24.93 1.35879 0.553098
24.94 1.35664 0.555037
24.95 1.35449 0.556974
24.96 1.35233 0.558907
24.97 1.35016 0.560838
24.98 1.34798 0.562765
24.99 1.34579 0.564689
25 1.34358 0.56661
25.01 1.34137 0.568528
25.02 1.33915 0.570443
25.03 1.33692 0.572354
25.04 1.33468 0.574262
25.05 1.33243 0.576167
25.06 1.33016 0.578069
25.07 1.32789 0.579968
25.08 1.3256 0.581863
25.09 1.32331 0.583755
25.1 1.321 0.585644
25.11 1.31868 0.58753
25.12 1.31635 0.589412
25.13 1.31401 0.591291
25.14 1.31166 0.593166
25.15 1.30929 0.595038
25.16 1.30691 0.596907
25.17 1.30452 0.598772
25.18 1.30212 0.600634
25.19 1.2997 0.602492
25.2 1.29727 0.604347
25.21 1.29483 0.606199
25.22 1.29237 0.608047
25.23 1.2899 0.609891
25.24 1.28741 0.611732
25.25 1.28492 0.61357
25.26 1.2824 0.615404
25.27 1.27988 0.617234
25.28 1.27734 0.61906
25.29 1.27478 0.620883
25.3 1.27221 0.622703
25.31 1.26962 0.624518
25.32 1.26701 0.62633
25.33 1.2644 0.628138
25.34 1.26176 0.629943
25.35 1.25911 0.631743
25.36 1.25644 0.63354
25.37 1.25375 0.635333
25.38 1.25105 0.637122
25.39 1.24833 0.638907
25.4 1.24559 0.640689
25.41 1.24283 0.642466
25.42 1.24005 0.64424
25.43 1.23725 0.646009
25.44 1.23444 0.647775
25.45 1.2316 0.649536
25.46 1.22875 0.651294
25.47 1.22587 0.653047
25.48 1.22297 0.654796
25.49 1.22006 0.656541
25.5 1.21711 0.658282
25.51 1.21415 0.660019
25.52 1.21117 0.661751
25.53 1.20816 0.663479
25.54 1.20513 0.665203
25.55 1.20207 0.666922
25.56 1.19899 0.668637
25.57 1.19588 0.670348
25.58 1.19275 0.672054
25.59 1.18959 0.673756
25.6 1.18641 0.675453
25.61 1.18319 0.677145
25.62 1.17995 0.678833
25.63 1.17669 0.680517
25.64 1.17339 0.682195
25.65 1.17006 0.683869
25.66 1.1667 0.685538
25.67 1.16331 0.687203
25.68 1.15989 0.688862
25.69 1.15643 0.690517
25.7 1.15294 0.692166
25.71 1.14942 0.693811
25.72 1.14586 0.69545
25.73 1.14227 0.697085
25.74 1.13864 0.698714
25.75 1.13497 0.700338
25.76 1.13126 0.701957
25.77 1.12751 0.70357
25.78 1.12372 0.705178
25.79 1.11988 0.706781
25.8 1.11601 0.708378
25.81 1.11209 0.709969
25.82 1.10812 0.711555
25.83 1.10411 0.713135
25.84 1.10004 0.71471
25.85 1.09593 0.716278
25.86 1.09177 0.717841
25.87 1.08755 0.719397
25.88 1.08328 0.720948
25.89 1.07895 0.722493
25.9 1.07457 0.724031
25.91 1.07012 0.725563
25.92 1.06562 0.727088
25.93 1.06105 0.728607
25.94 1.05641 0.73012
25.95 1.05171 0.731626
25.96 1.04694 0.733125
25.97 1.04209 0.734617
25.98 1.03717 0.736102
25.99 1.03218 0.73758
26 1.0271 0.739051
26.01 1.02194 0.740515
26.02 1.01669 0.741971
26.03 1.01135 0.743419
26.04 1.00593 0.74486
26.05 1.0004 0.746293
26.06 0.994776 0.747719
26.07 0.989048 0.749136
26.08 0.983212 0.750544
26.09 0.977264 0.751945
26.1 0.9712 0.753336
26.11 0.965014 0.75472
26.12 0.958701 0.756094
26.13 0.952257 0.757459
26.14 0.945675 0.758814
26.15 0.938948 0.76016
26.16 0.932072 0.761497
26.17 0.925038 0.762823
26.18 0.917841 0.76414
26.19 0.91047 0.765446
26.2 0.90292 0.766741
26.21 0.89518 0.768025
26.22 0.887242 0.769299
26.23 0.879095 0.77056
26.24 0.870729 0.77181
26.25 0.862132 0.773048
26.26 0.853293 0.774273
26.27 0.844197 0.775486
26.28 0.834831 0.776685
26.29 0.82518 0.777871
26.3 0.815228 0.779043
26.31 0.804956 0.7802
26.32 0.794347 0.781342
26.33 0.783379 0.782469
26.34 0.772032 0.78358
26.35 0.76028 0.784675
26.36 0.748099 0.785753
26.37 0.735461 0.786812
26.38 0.722335 0.787854
26.39 0.708689 0.788876
26.4 0.694487 0.789878
26.41 0.679689 0.79086
26.42 0.664255 0.79182
26.43 0.648136 0.792757
26.44 0.631284 0.793671
26.45 0.613642 0.794561
26.46 0.595151 0.795424
26.47 0.575744 0.796261
26.48 0.555347 0.797069
26.49 0.533882 0.797847
26.5 0.51126 0.798593
26.51 0.487385 0.799307
26.52 0.462151 0.799985
26.53 0.435441 0.800627
26.54 0.407127 0.801229
26.55 0.377069 0.801789
26.56 0.345111 0.802305
26.57 0.311084 0.802774
26.58 0.274805 0.803193
26.59 0.236072 0.803558
26.6 0.194668 0.803866
26.61 0.150359 0.804113
26.62 0.102899 0.804294
26.63 0.0520246 0.804405
26.64 -0.00253174 0.804441
26.65 -0.0610414 0.804396
26.66 -0.123768 0.804265
26.67 -0.190953 0.80404
26.68 -0.262801 0.803717
26.69 -0.339452 0.803287
26.7 -0.420957 0.802745
26.71 -0.50724 0.802082
26.72 -0.598061 0.801293
26.73 -0.692984 0.800372
26.74 -0.791337 0.799312
26.75 -0.8922 0.798109
26.76 -0.99441 0.796762
26.77 -1.09659 0.795268
26.78 -1.19721 0.79363
26.79 -1.2947 0.791849
26.8 -1.38757 0.789933
26.81 -1.47448 0.787888
26.82 -1.55441 0.785723
26.83 -1.62666 0.78345
26.84 -1.69092 0.781079
26.85 -1.74718 0.778623
26.86 -1.79577 0.776091
26.87 -1.8372 0.773495
26.88 -1.87212 0.770845
26.89 -1.90126 0.768149
26.9 -1.92536 0.765415
26.91 -1.94512 0.76265
26.92 -1.96121 0.759859
26.93 -1.97422 0.757048
26.94 -1.98467 0.75422
26.95 -1.99299 0.751379
26.96 -1.99957 0.748527
26.97 -2.00473 0.745666
26.98 -2.00872 0.742799
26.99 -2.01177 0.739927
27 -2.01405 0.737052
27.01 -2.01571 0.734173
27.02 -2.01687 0.731293
27.03 -2.01762 0.728411
27.04 -2.01805 0.725528
27.05 -2.01821 0.722645
27.06 -2.01816 0.719762
27.07 -2.01794 0.716879
27.08 -2.01757 0.713997
27.09 -2.0171 0.711115
27.1 -2.01654 0.708234
27.11 -2.0159 0.705353
27.12 -2.01521 0.702474
27.13 -2.01447 0.699596
27.14 -2.01369 0.696718
27.15 -2.01288 0.693842
27.16 -2.01204 0.690967
27.17 -2.01118 0.688094
27.18 -2.01031 0.685221
27.19 -2.00942 0.68235
27.2 -2.00852 0.67948
27.21 -2.00762 0.676611
27.22 -2.0067 0.673744
27.23 -2.00578 0.670878
27.24 -2.00485 0.668013
27.25 -2.00392 0.66515
27.26 -2.00299 0.662288
27.27 -2.00205 0.659427
27.28 -2.00111 0.656567
27.29 -2.00017 0.653709
27.3 -1.99923 0.650853
27.31 -1.99828 0.647997
27.32 -1.99733 0.645143
27.33 -1.99639 0.642291
27.34 -1.99544 0.639439
27.35 -1.99449 0.636589
27.36 -1.99353 0.633741
27.37 -1.99258 0.630894
27.38 -1.99163 0.628048
27.39 -1.99067 0.625203
27.4 -1.98971 0.62236
27.41 -1.98876 0.619518
27.42 -1.9878 0.616678
27.43 -1.98684 0.613839
27.44 -1.98588 0.611001
27.45 -1.98492 0.608165
27.46 -1.98396 0.60533
27.47 -1.983 0.602496
27.48 -1.98204 0.599664
27.49 -1.98107 0.596833
27.5 -1.98011 0.594004
27.51 -1.97914 0.591176
27.52 -1.97818 0.588349
27.53 -1.97721 0.585524
27.54 -1.97624 0.5827
27.55 -1.97528 0.579878
27.56 -1.97431 0.577057
27.57 -1.97334 0.574237
27.58 -1.97237 0.571418
27.59 -1.9714 0.568601
27.6 -1.97042 0.565786
27.61 -1.96945 0.562972
27.62 -1.96848 0.560159
27.63 -1.9675 0.557347
27.64 -1.96653 0.554537
27.65 -1.96555 0.551729
27.66 -1.96457 0.548922
27.67 -1.9636 0.546116
27.68 -1.96262 0.543311
27.69 -1.96164 0.540508
27.7 -1.96066 0.537707
27.71 -1.95968 0.534906
27.72 -1.9587 0.532108
27.73 -1.95771 0.52931
27.74 -1.95673 0.526514
27.75 -1.95574 0.523719
27.76 -1.95476 0.520926
27.77 -1.95377 0.518134
27.78 -1.95279 0.515344
27.79 -1.9518 0.512555
27.8 -1.95081 0.509767
27.81 -1.94982 0.506981
27.82 -1.94883 0.504197
27.83 -1.94784 0.501413
27.84 -1.94685 0.498631
27.85 -1.94585 0.495851
27.86 -1.94486 0.493072
27.87 -1.94387 0.490294
27.88 -1.94287 0.487518
27.89 -1.94187 0.484743
27.9 -1.94088 0.48197
27.91 -1.93988 0.479198
27.92 -1.93888 0.476427
27.93 -1.93788 0.473658
27.94 -1.93688 0.47089
27.95 -1.93588 0.468124
27.96 -1.93488 0.465359
27.97 -1.93387 0.462596
27.98 -1.93287 0.459834
27.99 -1.93186 0.457073
28 -1.93086 0.454314
28.01 -1.92985 0.451557
28.02 -1.92884 0.4488
28.03 -1.92783 0.446046
28.04 -1.92683 0.443292
28.05 -1.92581 0.44054
28.06 -1.9248 0.43779
28.07 -1.92379 0.435041
28.08 -1.92278 0.432293
28.09 -1.92176 0.429547
28.1 -1.92075 0.426803
28.11 -1.91973 0.424059
28.12 -1.91872 0.421318
28.13 -1.9177 0.418577
28.14 -1.91668 0.415839
28.15 -1.91566 0.413101
28.16 -1.91464 0.410365
28.17 -1.91362 0.407631
28.18 -1.9126 0.404898
28.19 -1.91157 0.402166
28.2 -1.91055 0.399436
28.21 -1.90952 0.396707
28.22 -1.9085 0.39398
28.23 -1.90747 0.391255
28.24 -1.90644 0.38853
28.25 -1.90541 0.385808
28.26 -1.90438 0.383086
28.27 -1.90335 0.380367
28.28 -1.90232 0.377648
28.29 -1.90129 0.374931
28.3 -1.90025 0.372216
28.31 -1.89922 0.369502
28.32 -1.89818 0.36679
28.33 -1.89715 0.364079
28.34 -1.89611 0.361369
28.35 -1.89507 0.358661
28.36 -1.89403 0.355955
28.37 -1.89299 0.35325
28.38 -1.89195 0.350546
28.39 -1.8909 0.347844
28.4 -1.88986 0.345144
28.41 -1.88881 0.342445
28.42 -1.88777 0.339747
28.43 -1.88672 0.337051
28.44 -1.88567 0.334356
28.45 -1.88463 0.331663
28.46 -1.88358 0.328972
28.47 -1.88252 0.326282
28.48 -1.88147 0.323593
28.49 -1.88042 0.320906
28.5 -1.87937 0.31822
28.51 -1.87831 0.315536
28.52 -1.87725 0.312854
28.53 -1.8762 0.310173
28.54 -1.87514 0.307493
28.55 -1.87408 0.304815
28.56 -1.87302 0.302139
28.57 -1.87196 0.299464
28.58 -1.8709 0.29679
28.59 -1.86983 0.294118
28.6 -1.86877 0.291448
28.61 -1.8677 0.288779
28.62 -1.86664 0.286112
28.63 -1.86557 0.283446
28.64 -1.8645 0.280781
28.65 -1.86343 0.278119
28.66 -1.86236 0.275457
28.67 -1.86129 0.272798
28.68 -1.86021 0.270139
28.69 -1.85914 0.267483
28.7 -1.85806 0.264828
28.71 -1.85699 0.262174
28.72 -1.85591 0.259522
28.73 -1.85483 0.256871
28.74 -1.85375 0.254222
28.75 -1.85267 0.251575
28.76 -1.85159 0.248929
28.77 -1.85051 0.246285
28.78 -1.84942 0.243642
28.79 -1.84834 0.241001
28.8 -1.84725 0.238361
28.81 -1.84616 0.235723
28.82 -1.84507 0.233086
28.83 -1.84398 0.230451
28.84 -1.84289 0.227818
28.85 -1.8418 0.225186
28.86 -1.84071 0.222555
28.87 -1.83961 0.219927
28.88 -1.83851 0.217299
28.89 -1.83742 0.214674
28.9 -1.83632 0.21205
28.91 -1.83522 0.209427
28.92 -1.83412 0.206806
28.93 -1.83302 0.204187
28.94 -1.83192 0.201569
28.95 -1.83081 0.198953
28.96 -1.82971 0.196338
28.97 -1.8286 0.193725
28.98 -1.82749 0.191113
28.99 -1.82638 0.188504
29 -1.82527 0.185895
29.01 -1.82416 0.183288
29.02 -1.82305 0.180683
29.03 -1.82193 0.17808
29.04 -1.82082 0.175478
29.05 -1.8197 0.172877
29.06 -1.81858 0.170279
29.07 -1.81747 0.167681
29.08 -1.81635 0.165086
29.09 -1.81522 0.162492
29.1 -1.8141 0.1599
29.11 -1.81298 0.157309
29.12 -1.81185 0.15472
29.13 -1.81073 0.152132
29.14 -1.8096 0.149546
29.15 -1.80847 0.146962
29.16 -1.80734 0.144379
29.17 -1.80621 0.141798
29.18 -1.80507 0.139218
29.19 -1.80394 0.136641
29.2 -1.8028 0.134064
29.21 -1.80167 0.13149
29.22 -1.80053 0.128917
29.23 -1.79939 0.126345
29.24 -1.79825 0.123776
29.25 -1.79711 0.121208
29.26 -1.79596 0.118641
29.27 -1.79482 0.116076
29.28 -1.79367 0.113513
29.29 -1.79252 0.110951
29.3 -1.79138 0.108391
29.31 -1.79023 0.105833
29.32 -1.78907 0.103277
29.33 -1.78792 0.100722
29.34 -1.78677 0.0981682
29.35 -1.78561 0.0956165
29.36 -1.78445 0.0930665
29.37 -1.78329 0.0905181
29.38 -1.78213 0.0879713
29.39 -1.78097 0.0854263
29.4 -1.77981 0.0828828
29.41 -1.77865 0.0803411
29.42 -1.77748 0.077801
29.43 -1.77631 0.0752626
29.44 -1.77514 0.0727258
29.45 -1.77397 0.0701907
29.46 -1.7728 0.0676573
29.47 -1.77163 0.0651256
29.48 -1.77046 0.0625955
29.49 -1.76928 0.0600671
29.5 -1.7681 0.0575404
29.51 -1.76692 0.0550154
29.52 -1.76574 0.0524921
29.53 -1.76456 0.0499704
29.54 -1.76338 0.0474505
29.55 -1.76219 0.0449322
29.56 -1.76101 0.0424157
29.57 -1.75982 0.0399008
29.58 -1.75863 0.0373876
29.59 -1.75744 0.0348761
29.6 -1.75625 0.0323663
29.61 -1.75505 0.0298583
29.62 -1.75386 0.0273519
29.63 -1.75266 0.0248473
29.64 -1.75146 0.0223443
29.65 -1.75026 0.0198431
29.66 -1.74906 0.0173436
29.67 -1.74786 0.0148458
29.68 -1.74665 0.0123497
29.69 -1.74545 0.00985533
29.7 -1.74424 0.0073627
29.71 -1.74303 0.00487179
29.72 -1.74182 0.00238262
29.73 -1.7406 -0.000104827
29.74 -1.73939 -0.00259054
29.75 -1.73817 -0.00507451
29.76 -1.73696 -0.00755675
29.77 -1.73574 -0.0100372
29.78 -1.73452 -0.012516
29.79 -1.73329 -0.014993
29.8 -1.73207 -0.0174683
29.81 -1.73084 -0.0199418
29.82 -1.72961 -0.0224135
29.83 -1.72838 -0.0248835
29.84 -1.72715 -0.0273518
29.85 -1.72592 -0.0298182
29.86 -1.72469 -0.032283
29.87 -1.72345 -0.0347459
29.88 -1.72221 -0.0372071
29.89 -1.72097 -0.0396665
29.9 -1.71973 -0.0421242
29.91 -1.71849 -0.04458
29.92 -1.71724 -0.0470341
29.93 -1.716 -0.0494864
29.94 -1.71475 -0.051937
29.95 -1.7135 -0.0543857
29.96 -1.71225 -0.0568327
29.97 -1.71099 -0.0592779
29.98 -1.70974 -0.0617212
29.99 -1.70848 -0.0641628
30 -1.70722 -0.0666026
