0 0.633442 -0.915922
0.01 0.737944 -0.914942
0.02 0.845735 -0.913812
0.03 0.955592 -0.912525
0.04 1.06601 -0.911081
0.05 1.17525 -0.90948
0.06 1.2815 -0.907725
0.07 1.38295 -0.905821
0.08 1.47801 -0.903776
0.09 1.56537 -0.901601
0.1 1.64416 -0.899308
0.11 1.71397 -0.896908
0.12 1.77478 -0.894415
0.13 1.82694 -0.891842
0.14 1.87108 -0.889199
0.15 1.90797 -0.886499
0.16 1.93846 -0.883751
0.17 1.96344 -0.880963
0.18 1.98371 -0.878143
0.19 2.00005 -0.875297
0.2 2.01311 -0.87243
0.21 2.02348 -0.869547
0.22 2.03165 -0.86665
0.23 2.03803 -0.863743
0.24 2.04296 -0.860828
0.25 2.04673 -0.857906
0.26 2.04956 -0.85498
0.27 2.05164 -0.852051
0.28 2.05312 -0.849119
0.29 2.05411 -0.846185
0.3 2.05472 -0.84325
0.31 2.05503 -0.840315
0.32 2.05509 -0.837379
0.33 2.05495 -0.834443
0.34 2.05465 -0.831508
0.35 2.05424 -0.828573
0.36 2.05372 -0.825638
0.37 2.05312 -0.822705
0.38 2.05246 -0.819772
0.39 2.05175 -0.816841
0.4 2.051 -0.81391
0.41 2.05021 -0.810981
0.42 2.0494 -0.808053
0.43 2.04857 -0.805125
0.44 2.04772 -0.802199
0.45 2.04686 -0.799275
0.46 2.04599 -0.796351
0.47 2.04511 -0.793429
0.48 2.04422 -0.790508
0.49 2.04332 -0.787588
0.5 2.04242 -0.78467
0.51 2.04152 -0.781753
0.52 2.04061 -0.778837
0.53 2.0397 -0.775923
0.54 2.03879 -0.773009
0.55 2.03787 -0.770098
0.56 2.03696 -0.767187
0.57 2.03604 -0.764278
0.58 2.03512 -0.76137
0.59 2.0342 -0.758463
0.6 2.03328 -0.755558
0.61 2.03236 -0.752654
0.62 2.03143 -0.749751
0.63 2.03051 -0.74685
0.64 2.02958 -0.74395
0.65 2.02866 -0.741051
0.66 2.02773 -0.738153
0.67 2.0268 -0.735257
0.68 2.02587 -0.732363
0.69 2.02494 -0.729469
0.7 2.02401 -0.726577
0.71 2.02308 -0.723686
0.72 2.02215 -0.720797
0.73 2.02122 -0.717909
0.74 2.02029 -0.715022
0.75 2.01935 -0.712136
0.76 2.01842 -0.709252
0.77 2.01748 -0.706369
0.78 2.01655 -0.703488
0.79 2.01561 -0.700608
0.8 2.01467 -0.697729
0.81 2.01374 -0.694852
0.82 2.0128 -0.691976
0.83 2.01186 -0.689101
0.84 2.01092 -0.686227
0.85 2.00998 -0.683355
0.86 2.00904 -0.680485
0.87 2.00809 -0.677615
0.88 2.00715 -0.674747
0.89 2.00621 -0.671881
0.9 2.00526 -0.669015
0.91 2.00432 -0.666151
0.92 2.00337 -0.663289
0.93 2.00243 -0.660427
0.94 2.00148 -0.657567
0.95 2.00053 -0.654709
0.96 1.99958 -0.651852
0.97 1.99863 -0.648996
0.98 1.99768 -0.646141
0.99 1.99673 -0.643288
1 1.99578 -0.640436
1.01 1.99483 -0.637586
1.02 1.99387 -0.634737
1.03 1.99292 -0.631889
1.04 1.99196 -0.629043
1.05 1.99101 -0.626198
1.06 1.99005 -0.623354
1.07 1.9891 -0.620512
1.08 1.98814 -0.617671
1.09 1.98718 -0.614831
1.1 1.98622 -0.611993
1.11 1.98526 -0.609157
1.12 1.9843 -0.606321
1.13 1.98334 -0.603487
1.14 1.98237 -0.600654
1.15 1.98141 -0.597823
1.16 1.98045 -0.594993
1.17 1.97948 -0.592165
1.18 1.97852 -0.589338
1.19 1.97755 -0.586512
1.2 1.97658 -0.583687
1.21 1.97562 -0.580864
1.22 1.97465 -0.578043
1.23 1.97368 -0.575223
1.24 1.97271 -0.572404
1.25 1.97174 -0.569586
1.26 1.97076 -0.56677
1.27 1.96979 -0.563956
1.28 1.96882 -0.561142
1.29 1.96784 -0.55833
1.3 1.96687 -0.55552
1.31 1.96589 -0.552711
1.32 1.96492 -0.549903
1.33 1.96394 -0.547097
1.34 1.96296 -0.544292
1.35 1.96198 -0.541488
1.36 1.961 -0.538686
1.37 1.96002 -0.535885
1.38 1.95904 -0.533086
1.39 1.95806 -0.530288
1.4 1.95707 -0.527492
1.41 1.95609 -0.524696
1.42 1.9551 -0.521903
1.43 1.95412 -0.51911
1.44 1.95313 -0.51632
1.45 1.95214 -0.51353
1.46 1.95116 -0.510742
1.47 1.95017 -0.507955
1.48 1.94918 -0.50517
1.49 1.94819 -0.502386
1.5 1.94719 -0.499604
1.51 1.9462 -0.496823
1.52 1.94521 -0.494043
1.53 1.94421 -0.491265
1.54 1.94322 -0.488488
1.55 1.94222 -0.485713
1.56 1.94123 -0.482939
1.57 1.94023 -0.480167
1.58 1.93923 -0.477396
1.59 1.93823 -0.474626
1.6 1.93723 -0.471858
1.61 1.93623 -0.469091
1.62 1.93523 -0.466326
1.63 1.93422 -0.463562
1.64 1.93322 -0.460799
1.65 1.93222 -0.458038
1.66 1.93121 -0.455279
1.67 1.9302 -0.452521
1.68 1.9292 -0.449764
1.69 1.92819 -0.447009
1.7 1.92718 -0.444255
1.71 1.92617 -0.441502
1.72 1.92516 -0.438752
1.73 1.92415 -0.436002
1.74 1.92313 -0.433254
1.75 1.92212 -0.430507
1.76 1.9211 -0.427762
1.77 1.92009 -0.425018
1.78 1.91907 -0.422276
1.79 1.91805 -0.419535
1.8 1.91704 -0.416796
1.81 1.91602 -0.414058
1.82 1.915 -0.411322
1.83 1.91398 -0.408587
1.84 1.91295 -0.405853
1.85 1.91193 -0.403121
1.86 1.91091 -0.400391
1.87 1.90988 -0.397661
1.88 1.90886 -0.394934
1.89 1.90783 -0.392208
1.9 1.9068 -0.389483
1.91 1.90577 -0.38676
1.92 1.90474 -0.384038
1.93 1.90371 -0.381317
1.94 1.90268 -0.378599
1.95 1.90165 -0.375881
1.96 1.90061 -0.373165
1.97 1.89958 -0.370451
1.98 1.89854 -0.367738
1.99 1.89751 -0.365026
2 1.89647 -0.362317
2.01 1.89543 -0.359608
2.02 1.89439 -0.356901
2.03 1.89335 -0.354195
2.04 1.89231 -0.351491
2.05 1.89127 -0.348789
2.06 1.89022 -0.346088
2.07 1.88918 -0.343388
2.08 1.88813 -0.34069
2.09 1.88709 -0.337994
2.1 1.88604 -0.335298
2.11 1.88499 -0.332605
2.12 1.88394 -0.329913
2.13 1.88289 -0.327222
2.14 1.88184 -0.324533
2.15 1.88079 -0.321845
2.16 1.87973 -0.319159
2.17 1.87868 -0.316475
2.18 1.87762 -0.313792
2.19 1.87657 -0.31111
2.2 1.87551 -0.30843
2.21 1.87445 -0.305752
2.22 1.87339 -0.303075
2.23 1.87233 -0.300399
2.24 1.87127 -0.297725
2.25 1.87021 -0.295053
2.26 1.86914 -0.292382
2.27 1.86808 -0.289712
2.28 1.86701 -0.287044
2.29 1.86594 -0.284378
2.3 1.86487 -0.281713
2.31 1.8638 -0.27905
2.32 1.86273 -0.276388
2.33 1.86166 -0.273728
2.34 1.86059 -0.271069
2.35 1.85952 -0.268412
2.36 1.85844 -0.265756
2.37 1.85736 -0.263102
2.38 1.85629 -0.260449
2.39 1.85521 -0.257798
2.4 1.85413 -0.255149
2.41 1.85305 -0.252501
2.42 1.85197 -0.249854
2.43 1.85088 -0.247209
2.44 1.8498 -0.244566
2.45 1.84872 -0.241924
2.46 1.84763 -0.239284
2.47 1.84654 -0.236645
2.48 1.84545 -0.234008
2.49 1.84436 -0.231372
2.5 1.84327 -0.228738
2.51 1.84218 -0.226106
2.52 1.84109 -0.223475
2.53 1.83999 -0.220846
2.54 1.8389 -0.218218
2.55 1.8378 -0.215592
2.56 1.8367 -0.212967
2.57 1.8356 -0.210344
2.58 1.8345 -0.207722
2.59 1.8334 -0.205102
2.6 1.8323 -0.202484
2.61 1.8312 -0.199867
2.62 1.83009 -0.197252
2.63 1.82899 -0.194639
2.64 1.82788 -0.192026
2.65 1.82677 -0.189416
2.66 1.82566 -0.186807
2.67 1.82455 -0.1842
2.68 1.82344 -0.181594
2.69 1.82232 -0.17899
2.7 1.82121 -0.176387
2.71 1.82009 -0.173787
2.72 1.81898 -0.171187
2.73 1.81786 -0.168589
2.74 1.81674 -0.165993
2.75 1.81562 -0.163399
2.76 1.81449 -0.160806
2.77 1.81337 -0.158215
2.78 1.81225 -0.155625
2.79 1.81112 -0.153037
2.8 1.80999 -0.15045
2.81 1.80886 -0.147865
2.82 1.80773 -0.145282
2.83 1.8066 -0.1427
2.84 1.80547 -0.14012
2.85 1.80434 -0.137542
2.86 1.8032 -0.134965
2.87 1.80207 -0.13239
2.88 1.80093 -0.129816
2.89 1.79979 -0.127244
2.9 1.79865 -0.124674
2.91 1.79751 -0.122105
2.92 1.79636 -0.119538
2.93 1.79522 -0.116973
2.94 1.79407 -0.114409
2.95 1.79293 -0.111847
2.96 1.79178 -0.109286
2.97 1.79063 -0.106728
2.98 1.78948 -0.10417
2.99 1.78832 -0.101615
3 1.78717 -0.0990609
3.01 1.78601 -0.0965086
3.02 1.78486 -0.093958
3.03 1.7837 -0.091409
3.04 1.78254 -0.0888617
3.05 1.78138 -0.086316
3.06 1.78022 -0.083772
3.07 1.77905 -0.0812297
3.08 1.77789 -0.078689
3.09 1.77672 -0.07615
3.1 1.77555 -0.0736127
3.11 1.77438 -0.071077
3.12 1.77321 -0.068543
3.13 1.77204 -0.0660107
3.14 1.77087 -0.06348
3.15 1.76969 -0.0609511
3.16 1.76851 -0.0584238
3.17 1.76734 -0.0558982
3.18 1.76616 -0.0533742
3.19 1.76497 -0.050852
3.2 1.76379 -0.0483315
3.21 1.76261 -0.0458126
3.22 1.76142 -0.0432954
3.23 1.76023 -0.04078
3.24 1.75905 -0.0382662
3.25 1.75786 -0.0357541
3.26 1.75666 -0.0332438
3.27 1.75547 -0.0307351
3.28 1.75428 -0.0282281
3.29 1.75308 -0.0257229
3.3 1.75188 -0.0232193
3.31 1.75068 -0.0207175
3.32 1.74948 -0.0182174
3.33 1.74828 -0.015719
3.34 1.74707 -0.0132223
3.35 1.74587 -0.0107273
3.36 1.74466 -0.00823411
3.37 1.74345 -0.0057426
3.38 1.74224 -0.00325282
3.39 1.74103 -0.000764768
3.4 1.73981 0.00172155
3.41 1.7386 0.00420613
3.42 1.73738 0.00668897
3.43 1.73616 0.00917008
3.44 1.73494 0.0116494
3.45 1.73372 0.0141271
3.46 1.7325 0.0166029
3.47 1.73127 0.019077
3.48 1.73004 0.0215494
3.49 1.72882 0.02402
3.5 1.72758 0.0264889
3.51 1.72635 0.028956
3.52 1.72512 0.0314213
3.53 1.72388 0.0338849
3.54 1.72265 0.0363467
3.55 1.72141 0.0388067
3.56 1.72017 0.041265
3.57 1.71892 0.0437215
3.58 1.71768 0.0461762
3.59 1.71643 0.0486291
3.6 1.71518 0.0510803
3.61 1.71394 0.0535297
3.62 1.71268 0.0559773
3.63 1.71143 0.058423
3.64 1.71018 0.0608671
3.65 1.70892 0.0633093
3.66 1.70766 0.0657497
3.67 1.7064 0.0681883
3.68 1.70514 0.0706251
3.69 1.70387 0.0730601
3.7 1.70261 0.0754933
3.71 1.70134 0.0779247
3.72 1.70007 0.0803543
3.73 1.6988 0.082782
3.74 1.69752 0.085208
3.75 1.69625 0.0876321
3.76 1.69497 0.0900544
3.77 1.69369 0.0924749
3.78 1.69241 0.0948935
3.79 1.69113 0.0973103
3.8 1.68984 0.0997253
3.81 1.68856 0.102138
3.82 1.68727 0.10455
3.83 1.68598 0.106959
3.84 1.68468 0.109367
3.85 1.68339 0.111773
3.86 1.68209 0.114177
3.87 1.68079 0.116579
3.88 1.67949 0.118979
3.89 1.67819 0.121377
3.9 1.67688 0.123774
3.91 1.67558 0.126168
3.92 1.67427 0.128561
3.93 1.67296 0.130952
3.94 1.67164 0.133341
3.95 1.67033 0.135728
3.96 1.66901 0.138113
3.97 1.66769 0.140497
3.98 1.66637 0.142878
3.99 1.66505 0.145258
4 1.66372 0.147635
4.01 1.66239 0.150011
4.02 1.66106 0.152385
4.03 1.65973 0.154757
4.04 1.6584 0.157127
4.05 1.65706 0.159495
4.06 1.65572 0.161862
4.07 1.65438 0.164226
4.08 1.65304 0.166588
4.09 1.65169 0.168949
4.1 1.65034 0.171307
4.11 1.64899 0.173664
4.12 1.64764 0.176019
4.13 1.64628 0.178372
4.14 1.64493 0.180723
4.15 1.64357 0.183071
4.16 1.64221 0.185418
4.17 1.64084 0.187764
4.18 1.63948 0.190107
4.19 1.63811 0.192448
4.2 1.63674 0.194787
4.21 1.63536 0.197124
4.22 1.63399 0.199459
4.23 1.63261 0.201793
4.24 1.63123 0.204124
4.25 1.62984 0.206453
4.26 1.62846 0.208781
4.27 1.62707 0.211106
4.28 1.62568 0.213429
4.29 1.62429 0.215751
4.3 1.62289 0.21807
4.31 1.62149 0.220388
4.32 1.62009 0.222703
4.33 1.61869 0.225016
4.34 1.61728 0.227328
4.35 1.61587 0.229637
4.36 1.61446 0.231945
4.37 1.61305 0.23425
4.38 1.61163 0.236553
4.39 1.61021 0.238855
4.4 1.60879 0.241154
4.41 1.60737 0.243451
4.42 1.60594 0.245746
4.43 1.60451 0.24804
4.44 1.60308 0.250331
4.45 1.60164 0.25262
4.46 1.60021 0.254907
4.47 1.59877 0.257192
4.48 1.59732 0.259475
4.49 1.59588 0.261756
4.5 1.59443 0.264034
4.51 1.59297 0.266311
4.52 1.59152 0.268586
4.53 1.59006 0.270858
4.54 1.5886 0.273129
4.55 1.58714 0.275397
4.56 1.58567 0.277664
4.57 1.5842 0.279928
4.58 1.58273 0.28219
4.59 1.58125 0.28445
4.6 1.57978 0.286708
4.61 1.57829 0.288963
4.62 1.57681 0.291217
4.63 1.57532 0.293469
4.64 1.57383 0.295718
4.65 1.57234 0.297965
4.66 1.57084 0.30021
4.67 1.56934 0.302453
4.68 1.56784 0.304694
4.69 1.56633 0.306933
4.7 1.56482 0.309169
4.71 1.56331 0.311404
4.72 1.56179 0.313636
4.73 1.56027 0.315866
4.74 1.55875 0.318094
4.75 1.55722 0.32032
4.76 1.55569 0.322543
4.77 1.55416 0.324765
4.78 1.55263 0.326984
4.79 1.55109 0.329201
4.8 1.54954 0.331415
4.81 1.548 0.333628
4.82 1.54645 0.335838
4.83 1.54489 0.338046
4.84 1.54334 0.340252
4.85 1.54178 0.342456
4.86 1.54021 0.344657
4.87 1.53864 0.346856
4.88 1.53707 0.349053
4.89 1.5355 0.351248
4.9 1.53392 0.35344
4.91 1.53234 0.355631
4.92 1.53075 0.357819
4.93 1.52916 0.360004
4.94 1.52757 0.362188
4.95 1.52597 0.364369
4.96 1.52437 0.366548
4.97 1.52276 0.368724
4.98 1.52115 0.370898
4.99 1.51954 0.37307
5 1.51792 0.37524
5.01 1.5163 0.377407
5.02 1.51468 0.379572
5.03 1.51305 0.381735
5.04 1.51142 0.383895
5.05 1.50978 0.386053
5.06 1.50814 0.388209
5.07 1.50649 0.390362
5.08 1.50484 0.392513
5.09 1.50319 0.394662
5.1 1.50153 0.396808
5.11 1.49987 0.398952
5.12 1.4982 0.401093
5.13 1.49653 0.403232
5.14 1.49485 0.405369
5.15 1.49317 0.407503
5.16 1.49149 0.409635
5.17 1.4898 0.411765
5.18 1.4881 0.413892
5.19 1.4864 0.416016
5.2 1.4847 0.418139
5.21 1.48299 0.420258
5.22 1.48128 0.422376
5.23 1.47956 0.424491
5.24 1.47784 0.426603
5.25 1.47611 0.428713
5.26 1.47438 0.430821
5.27 1.47265 0.432926
5.28 1.4709 0.435028
5.29 1.46916 0.437128
5.3 1.4674 0.439226
5.31 1.46565 0.441321
5.32 1.46389 0.443413
5.33 1.46212 0.445503
5.34 1.46035 0.447591
5.35 1.45857 0.449676
5.36 1.45678 0.451758
5.37 1.455 0.453838
5.38 1.4532 0.455915
5.39 1.4514 0.45799
5.4 1.4496 0.460062
5.41 1.44779 0.462132
5.42 1.44597 0.464199
5.43 1.44415 0.466263
5.44 1.44232 0.468325
5.45 1.44049 0.470384
5.46 1.43865 0.47244
5.47 1.4368 0.474494
5.48 1.43495 0.476545
5.49 1.43309 0.478594
5.5 1.43123 0.48064
5.51 1.42936 0.482683
5.52 1.42749 0.484724
5.53 1.4256 0.486762
5.54 1.42371 0.488797
5.55 1.42182 0.49083
5.56 1.41992 0.492859
5.57 1.41801 0.494887
5.58 1.4161 0.496911
5.59 1.41418 0.498933
5.6 1.41225 0.500951
5.61 1.41031 0.502967
5.62 1.40837 0.504981
5.63 1.40642 0.506991
5.64 1.40447 0.508999
5.65 1.40251 0.511004
5.66 1.40054 0.513006
5.67 1.39856 0.515006
5.68 1.39658 0.517002
5.69 1.39458 0.518996
5.7 1.39259 0.520987
5.71 1.39058 0.522975
5.72 1.38856 0.52496
5.73 1.38654 0.526942
5.74 1.38451 0.528921
5.75 1.38247 0.530898
5.76 1.38043 0.532871
5.77 1.37837 0.534842
5.78 1.37631 0.53681
5.79 1.37424 0.538774
5.8 1.37216 0.540736
5.81 1.37008 0.542695
5.82 1.36798 0.54465
5.83 1.36588 0.546603
5.84 1.36376 0.548553
5.85 1.36164 0.5505
5.86 1.35951 0.552443
5.87 1.35737 0.554384
5.88 1.35522 0.556321
5.89 1.35306 0.558256
5.9 1.35089 0.560187
5.91 1.34871 0.562116
5.92 1.34653 0.564041
5.93 1.34433 0.565963
5.94 1.34212 0.567882
5.95 1.3399 0.569798
5.96 1.33767 0.57171
5.97 1.33544 0.573619
5.98 1.33319 0.575526
5.99 1.33093 0.577429
6 1.32866 0.579328
6.01 1.32638 0.581225
6.02 1.32408 0.583118
6.03 1.32178 0.585008
6.04 1.31947 0.586894
6.05 1.31714 0.588778
6.06 1.3148 0.590658
6.07 1.31245 0.592534
6.08 1.31009 0.594407
6.09 1.30771 0.596277
6.1 1.30533 0.598144
6.11 1.30293 0.600007
6.12 1.30051 0.601866
6.13 1.29809 0.603723
6.14 1.29565 0.605575
6.15 1.2932 0.607424
6.16 1.29073 0.60927
6.17 1.28825 0.611112
6.18 1.28576 0.612951
6.19 1.28325 0.614786
6.2 1.28073 0.616617
6.21 1.27819 0.618445
6.22 1.27564 0.620269
6.23 1.27307 0.62209
6.24 1.27049 0.623907
6.25 1.26789 0.62572
6.26 1.26528 0.627529
6.27 1.26265 0.629335
6.28 1.26 0.631137
6.29 1.25734 0.632935
6.3 1.25466 0.634729
6.31 1.25196 0.63652
6.32 1.24925 0.638306
6.33 1.24651 0.640089
6.34 1.24376 0.641868
6.35 1.24099 0.643642
6.36 1.2382 0.645413
6.37 1.23539 0.64718
6.38 1.23256 0.648943
6.39 1.22971 0.650702
6.4 1.22684 0.652456
6.41 1.22395 0.654207
6.42 1.22104 0.655953
6.43 1.21811 0.657696
6.44 1.21515 0.659434
6.45 1.21218 0.661167
6.46 1.20917 0.662897
6.47 1.20615 0.664622
6.48 1.2031 0.666343
6.49 1.20003 0.66806
6.5 1.19693 0.669772
6.51 1.19381 0.671479
6.52 1.19066 0.673183
6.53 1.18748 0.674881
6.54 1.18428 0.676575
6.55 1.18105 0.678265
6.56 1.17779 0.67995
6.57 1.1745 0.68163
6.58 1.17118 0.683306
6.59 1.16784 0.684976
6.6 1.16446 0.686642
6.61 1.16105 0.688303
6.62 1.1576 0.689959
6.63 1.15412 0.691611
6.64 1.15061 0.693257
6.65 1.14707 0.694898
6.66 1.14348 0.696534
6.67 1.13986 0.698165
6.68 1.13621 0.699791
6.69 1.13251 0.701412
6.7 1.12878 0.703027
6.71 1.125 0.704637
6.72 1.12118 0.706241
6.73 1.11732 0.70784
6.74 1.11341 0.709433
6.75 1.10946 0.711021
6.76 1.10546 0.712603
6.77 1.10142 0.71418
6.78 1.09732 0.71575
6.79 1.09318 0.717315
6.8 1.08898 0.718873
6.81 1.08473 0.720426
6.82 1.08042 0.721973
6.83 1.07605 0.723513
6.84 1.07163 0.725047
6.85 1.06714 0.726575
6.86 1.0626 0.728096
6.87 1.05798 0.729611
6.88 1.0533 0.731119
6.89 1.04855 0.73262
6.9 1.04373 0.734115
6.91 1.03884 0.735602
6.92 1.03387 0.737083
6.93 1.02882 0.738556
6.94 1.02369 0.740022
6.95 1.01847 0.741481
6.96 1.01316 0.742932
6.97 1.00777 0.744376
6.98 1.00227 0.745811
6.99 0.996683 0.747239
7 0.990991 0.748659
7.01 0.985192 0.75007
7.02 0.979282 0.751474
7.03 0.973257 0.752868
7.04 0.967113 0.754254
7.05 0.960844 0.755631
7.06 0.954444 0.757
7.07 0.947909 0.758358
7.08 0.941232 0.759708
7.09 0.934407 0.761048
7.1 0.927427 0.762377
7.11 0.920286 0.763697
7.12 0.912974 0.765007
7.13 0.905486 0.766306
7.14 0.897811 0.767594
7.15 0.889941 0.768871
7.16 0.881865 0.770136
7.17 0.873574 0.77139
7.18 0.865057 0.772632
7.19 0.8563 0.773862
7.2 0.847292 0.775079
7.21 0.838019 0.776282
7.22 0.828466 0.777473
7.23 0.818617 0.778649
7.24 0.808455 0.779812
7.25 0.797962 0.780959
7.26 0.787118 0.782091
7.27 0.775901 0.783208
7.28 0.764288 0.784308
7.29 0.752255 0.785391
7.3 0.739774 0.786457
7.31 0.726816 0.787505
7.32 0.713349 0.788533
7.33 0.699338 0.789543
7.34 0.684746 0.790531
7.35 0.669531 0.791499
7.36 0.653649 0.792444
7.37 0.63705 0.793366
7.38 0.619681 0.794264
7.39 0.601483 0.795136
7.4 0.582392 0.795982
7.41 0.562337 0.7968
7.42 0.541242 0.797588
7.43 0.51902 0.798345
7.44 0.495579 0.79907
7.45 0.470815 0.799761
7.46 0.444617 0.800415
7.47 0.416859 0.80103
7.48 0.387405 0.801605
7.49 0.356105 0.802136
7.5 0.322796 0.802622
7.51 0.287297 0.803058
7.52 0.249415 0.803441
7.53 0.208936 0.803769
7.54 0.165634 0.804037
7.55 0.119264 0.804241
7.56 0.0695706 0.804376
7.57 0.0162858 0.804438
7.58 -0.0408612 0.804421
7.59 -0.102138 0.804319
7.6 -0.167795 0.804127
7.61 -0.238052 0.803837
7.62 -0.313073 0.803444
7.63 -0.392944 0.802941
7.64 -0.477634 0.802319
7.65 -0.566964 0.801574
7.66 -0.660566 0.800697
7.67 -0.757853 0.799685
7.68 -0.857989 0.798531
7.69 -0.959889 0.797232
7.7 -1.06224 0.795788
7.71 -1.16356 0.794198
7.72 -1.26229 0.792465
7.73 -1.35687 0.790593
7.74 -1.44592 0.788591
7.75 -1.5283 0.786465
7.76 -1.6032 0.784228
7.77 -1.67016 0.781889
7.78 -1.7291 0.77946
7.79 -1.78022 0.776952
7.8 -1.824 0.774377
7.81 -1.86103 0.771744
7.82 -1.89204 0.769062
7.83 -1.91775 0.766341
7.84 -1.9389 0.763585
7.85 -1.95616 0.760803
7.86 -1.97015 0.757998
7.87 -1.98141 0.755175
7.88 -1.9904 0.752338
7.89 -1.99753 0.749489
7.9 -2.00313 0.746631
7.91 -2.00749 0.743766
7.92 -2.01083 0.740896
7.93 -2.01336 0.738021
7.94 -2.01521 0.735144
7.95 -2.01653 0.732264
7.96 -2.01741 0.729383
7.97 -2.01794 0.7265
7.98 -2.01818 0.723617
7.99 -2.0182 0.720734
8 -2.01803 0.717851
8.01 -2.01771 0.714968
8.02 -2.01727 0.712086
8.03 -2.01674 0.709205
8.04 -2.01612 0.706324
8.05 -2.01545 0.703444
8.06 -2.01472 0.700566
8.07 -2.01395 0.697688
8.08 -2.01315 0.694812
8.09 -2.01232 0.691936
8.1 -2.01147 0.689062
8.11 -2.0106 0.686189
8.12 -2.00972 0.683317
8.13 -2.00883 0.680447
8.14 -2.00792 0.677578
8.15 -2.00701 0.67471
8.16 -2.00609 0.671844
8.17 -2.00517 0.668978
8.18 -2.00424 0.666115
8.19 -2.0033 0.663252
8.2 -2.00237 0.660391
8.21 -2.00143 0.657531
8.22 -2.00049 0.654673
8.23 -1.99955 0.651815
8.24 -1.9986 0.64896
8.25 -1.99765 0.646105
8.26 -1.99671 0.643252
8.27 -1.99576 0.6404
8.28 -1.99481 0.63755
8.29 -1.99385 0.634701
8.3 -1.9929 0.631853
8.31 -1.99195 0.629007
8.32 -1.99099 0.626162
8.33 -1.99004 0.623318
8.34 -1.98908 0.620476
8.35 -1.98812 0.617635
8.36 -1.98717 0.614796
8.37 -1.98621 0.611958
8.38 -1.98525 0.609121
8.39 -1.98429 0.606285
8.4 -1.98332 0.603451
8.41 -1.98236 0.600619
8.42 -1.9814 0.597787
8.43 -1.98043 0.594958
8.44 -1.97947 0.592129
8.45 -1.9785 0.589302
8.46 -1.97754 0.586476
8.47 -1.97657 0.583652
8.48 -1.9756 0.580829
8.49 -1.97463 0.578007
8.5 -1.97366 0.575187
8.51 -1.97269 0.572368
8.52 -1.97172 0.569551
8.53 -1.97075 0.566735
8.54 -1.96978 0.56392
8.55 -1.96881 0.561107
8.56 -1.96783 0.558295
8.57 -1.96686 0.555484
8.58 -1.96588 0.552675
8.59 -1.9649 0.549868
8.6 -1.96393 0.547061
8.61 -1.96295 0.544256
8.62 -1.96197 0.541453
8.63 -1.96099 0.538651
8.64 -1.96001 0.53585
8.65 -1.95903 0.533051
8.66 -1.95804 0.530253
8.67 -1.95706 0.527456
8.68 -1.95608 0.524661
8.69 -1.95509 0.521868
8.7 -1.95411 0.519075
8.71 -1.95312 0.516284
8.72 -1.95213 0.513495
8.73 -1.95114 0.510707
8.74 -1.95015 0.50792
8.75 -1.94916 0.505135
8.76 -1.94817 0.502351
8.77 -1.94718 0.499569
8.78 -1.94619 0.496788
8.79 -1.9452 0.494008
8.8 -1.9442 0.49123
8.81 -1.94321 0.488453
8.82 -1.94221 0.485678
8.83 -1.94121 0.482904
8.84 -1.94022 0.480132
8.85 -1.93922 0.477361
8.86 -1.93822 0.474591
8.87 -1.93722 0.471823
8.88 -1.93622 0.469056
8.89 -1.93521 0.466291
8.9 -1.93421 0.463527
8.91 -1.93321 0.460765
8.92 -1.9322 0.458004
8.93 -1.9312 0.455244
8.94 -1.93019 0.452486
8.95 -1.92918 0.449729
8.96 -1.92817 0.446974
8.97 -1.92717 0.44422
8.98 -1.92616 0.441468
8.99 -1.92514 0.438717
9 -1.92413 0.435967
9.01 -1.92312 0.433219
9.02 -1.92211 0.430473
9.03 -1.92109 0.427728
9.04 -1.92008 0.424984
9.05 -1.91906 0.422242
9.06 -1.91804 0.419501
9.07 -1.91702 0.416762
9.08 -1.916 0.414024
9.09 -1.91498 0.411287
9.1 -1.91396 0.408552
9.11 -1.91294 0.405819
9.12 -1.91192 0.403087
9.13 -1.91089 0.400356
9.14 -1.90987 0.397627
9.15 -1.90884 0.394899
9.16 -1.90782 0.392173
9.17 -1.90679 0.389449
9.18 -1.90576 0.386725
9.19 -1.90473 0.384003
9.2 -1.9037 0.381283
9.21 -1.90267 0.378564
9.22 -1.90163 0.375847
9.23 -1.9006 0.373131
9.24 -1.89957 0.370417
9.25 -1.89853 0.367704
9.26 -1.89749 0.364992
9.27 -1.89646 0.362282
9.28 -1.89542 0.359574
9.29 -1.89438 0.356867
9.3 -1.89334 0.354161
9.31 -1.8923 0.351457
9.32 -1.89125 0.348755
9.33 -1.89021 0.346054
9.34 -1.88917 0.343354
9.35 -1.88812 0.340656
9.36 -1.88708 0.33796
9.37 -1.88603 0.335264
9.38 -1.88498 0.332571
9.39 -1.88393 0.329879
9.4 -1.88288 0.327188
9.41 -1.88183 0.324499
9.42 -1.88078 0.321812
9.43 -1.87972 0.319126
9.44 -1.87867 0.316441
9.45 -1.87761 0.313758
9.46 -1.87655 0.311076
9.47 -1.8755 0.308396
9.48 -1.87444 0.305718
9.49 -1.87338 0.303041
9.5 -1.87232 0.300365
9.51 -1.87125 0.297691
9.52 -1.87019 0.295019
9.53 -1.86913 0.292348
9.54 -1.86806 0.289679
9.55 -1.867 0.287011
9.56 -1.86593 0.284344
9.57 -1.86486 0.281679
9.58 -1.86379 0.279016
9.59 -1.86272 0.276354
9.6 -1.86165 0.273694
9.61 -1.86058 0.271035
9.62 -1.8595 0.268378
9.63 -1.85843 0.265722
9.64 -1.85735 0.263068
9.65 -1.85627 0.260416
9.66 -1.8552 0.257765
9.67 -1.85412 0.255115
9.68 -1.85304 0.252467
9.69 -1.85195 0.249821
9.7 -1.85087 0.247176
9.71 -1.84979 0.244533
9.72 -1.8487 0.241891
9.73 -1.84762 0.239251
9.74 -1.84653 0.236612
9.75 -1.84544 0.233975
9.76 -1.84435 0.231339
9.77 -1.84326 0.228705
9.78 -1.84217 0.226073
9.79 -1.84107 0.223442
9.8 -1.83998 0.220813
9.81 -1.83888 0.218185
9.82 -1.83779 0.215559
9.83 -1.83669 0.212934
9.84 -1.83559 0.210311
9.85 -1.83449 0.207689
9.86 -1.83339 0.205069
9.87 -1.83229 0.202451
9.88 -1.83118 0.199834
9.89 -1.83008 0.197219
9.9 -1.82897 0.194606
9.91 -1.82786 0.191994
9.92 -1.82676 0.189383
9.93 -1.82565 0.186774
9.94 -1.82454 0.184167
9.95 -1.82342 0.181561
9.96 -1.82231 0.178957
9.97 -1.82119 0.176355
9.98 -1.82008 0.173754
9.99 -1.81896 0.171154
10 -1.81784 0.168557
10.01 -1.81672 0.165961
10.02 -1.8156 0.163366
10.03 -1.81448 0.160773
10.04 -1.81336 0.158182
10.05 -1.81223 0.155592
10.06 -1.81111 0.153004
10.07 -1.80998 0.150418
10.08 -1.80885 0.147833
10.09 -1.80772 0.145249
10.1 -1.80659 0.142668
10.11 -1.80546 0.140088
10.12 -1.80432 0.137509
10.13 -1.80319 0.134933
10.14 -1.80205 0.132357
10.15 -1.80091 0.129784
10.16 -1.79977 0.127212
10.17 -1.79863 0.124642
10.18 -1.79749 0.122073
10.19 -1.79635 0.119506
10.2 -1.7952 0.116941
10.21 -1.79406 0.114377
10.22 -1.79291 0.111815
10.23 -1.79176 0.109254
10.24 -1.79061 0.106695
10.25 -1.78946 0.104138
10.26 -1.78831 0.101583
10.27 -1.78716 0.0990287
10.28 -1.786 0.0964764
10.29 -1.78484 0.0939258
10.3 -1.78368 0.0913769
10.31 -1.78253 0.0888296
10.32 -1.78136 0.086284
10.33 -1.7802 0.08374
10.34 -1.77904 0.0811977
10.35 -1.77787 0.078657
10.36 -1.77671 0.076118
10.37 -1.77554 0.0735807
10.38 -1.77437 0.0710451
10.39 -1.7732 0.0685111
10.4 -1.77203 0.0659788
10.41 -1.77085 0.0634482
10.42 -1.76968 0.0609192
10.43 -1.7685 0.0583919
10.44 -1.76732 0.0558663
10.45 -1.76614 0.0533424
10.46 -1.76496 0.0508202
10.47 -1.76378 0.0482997
10.48 -1.76259 0.0457809
10.49 -1.76141 0.0432637
10.5 -1.76022 0.0407483
10.51 -1.75903 0.0382345
10.52 -1.75784 0.0357225
10.53 -1.75665 0.0332121
10.54 -1.75546 0.0307035
10.55 -1.75426 0.0281965
10.56 -1.75306 0.0256913
10.57 -1.75187 0.0231878
10.58 -1.75067 0.020686
10.59 -1.74947 0.0181859
10.6 -1.74826 0.0156875
10.61 -1.74706 0.0131908
10.62 -1.74585 0.0106959
10.63 -1.74465 0.0082027
10.64 -1.74344 0.00571121
10.65 -1.74223 0.00322145
10.66 -1.74101 0.000733423
10.67 -1.7398 -0.00175287
10.68 -1.73858 -0.00423743
10.69 -1.73737 -0.00672025
10.7 -1.73615 -0.00920133
10.71 -1.73493 -0.0116807
10.72 -1.7337 -0.0141583
10.73 -1.73248 -0.0166341
10.74 -1.73126 -0.0191082
10.75 -1.73003 -0.0215806
10.76 -1.7288 -0.0240511
10.77 -1.72757 -0.02652
10.78 -1.72634 -0.0289871
10.79 -1.7251 -0.0314524
10.8 -1.72387 -0.0339159
10.81 -1.72263 -0.0363777
10.82 -1.72139 -0.0388377
10.83 -1.72015 -0.041296
10.84 -1.71891 -0.0437524
10.85 -1.71766 -0.0462071
10.86 -1.71642 -0.04866
10.87 -1.71517 -0.0511112
10.88 -1.71392 -0.0535605
10.89 -1.71267 -0.0560081
10.9 -1.71141 -0.0584539
10.91 -1.71016 -0.0608978
10.92 -1.7089 -0.06334
10.93 -1.70764 -0.0657804
10.94 -1.70638 -0.068219
10.95 -1.70512 -0.0706558
10.96 -1.70386 -0.0730908
10.97 -1.70259 -0.075524
10.98 -1.70132 -0.0779553
10.99 -1.70005 -0.0803849
11 -1.69878 -0.0828126
11.01 -1.69751 -0.0852385
11.02 -1.69623 -0.0876627
11.03 -1.69496 -0.0900849
11.04 -1.69368 -0.0925054
11.05 -1.6924 -0.094924
11.06 -1.69111 -0.0973408
11.07 -1.68983 -0.0997558
11.08 -1.68854 -0.102169
11.09 -1.68725 -0.10458
11.1 -1.68596 -0.10699
11.11 -1.68467 -0.109397
11.12 -1.68337 -0.111803
11.13 -1.68208 -0.114207
11.14 -1.68078 -0.116609
11.15 -1.67948 -0.119009
11.16 -1.67817 -0.121407
11.17 -1.67687 -0.123804
11.18 -1.67556 -0.126198
11.19 -1.67425 -0.128591
11.2 -1.67294 -0.130982
11.21 -1.67163 -0.133371
11.22 -1.67031 -0.135758
11.23 -1.669 -0.138143
11.24 -1.66768 -0.140527
11.25 -1.66635 -0.142908
11.26 -1.66503 -0.145288
11.27 -1.6637 -0.147665
11.28 -1.66238 -0.150041
11.29 -1.66105 -0.152415
11.3 -1.65971 -0.154787
11.31 -1.65838 -0.157157
11.32 -1.65704 -0.159525
11.33 -1.6557 -0.161891
11.34 -1.65436 -0.164256
11.35 -1.65302 -0.166618
11.36 -1.65167 -0.168979
11.37 -1.65033 -0.171337
11.38 -1.64897 -0.173694
11.39 -1.64762 -0.176049
11.4 -1.64627 -0.178401
11.41 -1.64491 -0.180752
11.42 -1.64355 -0.183101
11.43 -1.64219 -0.185448
11.44 -1.64083 -0.187793
11.45 -1.63946 -0.190136
11.46 -1.63809 -0.192477
11.47 -1.63672 -0.194816
11.48 -1.63535 -0.197154
11.49 -1.63397 -0.199489
11.5 -1.63259 -0.201822
11.51 -1.63121 -0.204153
11.52 -1.62983 -0.206483
11.53 -1.62844 -0.20881
11.54 -1.62705 -0.211135
11.55 -1.62566 -0.213459
11.56 -1.62427 -0.21578
11.57 -1.62287 -0.218099
11.58 -1.62148 -0.220417
11.59 -1.62007 -0.222732
11.6 -1.61867 -0.225046
11.61 -1.61727 -0.227357
11.62 -1.61586 -0.229666
11.63 -1.61445 -0.231974
11.64 -1.61303 -0.234279
11.65 -1.61162 -0.236582
11.66 -1.6102 -0.238884
11.67 -1.60877 -0.241183
11.68 -1.60735 -0.24348
11.69 -1.60592 -0.245775
11.7 -1.60449 -0.248069
11.71 -1.60306 -0.25036
11.72 -1.60163 -0.252649
11.73 -1.60019 -0.254936
11.74 -1.59875 -0.257221
11.75 -1.5973 -0.259504
11.76 -1.59586 -0.261784
11.77 -1.59441 -0.264063
11.78 -1.59296 -0.26634
11.79 -1.5915 -0.268614
11.8 -1.59004 -0.270887
11.81 -1.58858 -0.273157
11.82 -1.58712 -0.275426
11.83 -1.58565 -0.277692
11.84 -1.58418 -0.279956
11.85 -1.58271 -0.282218
11.86 -1.58124 -0.284478
11.87 -1.57976 -0.286736
11.88 -1.57828 -0.288992
11.89 -1.57679 -0.291245
11.9 -1.5753 -0.293497
11.91 -1.57381 -0.295746
11.92 -1.57232 -0.297994
11.93 -1.57082 -0.300239
11.94 -1.56932 -0.302482
11.95 -1.56782 -0.304722
11.96 -1.56631 -0.306961
11.97 -1.5648 -0.309198
11.98 -1.56329 -0.311432
11.99 -1.56177 -0.313664
12 -1.56025 -0.315894
12.01 -1.55873 -0.318122
12.02 -1.5572 -0.320348
12.03 -1.55568 -0.322571
12.04 -1.55414 -0.324792
12.05 -1.55261 -0.327012
12.06 -1.55107 -0.329229
12.07 -1.54952 -0.331443
12.08 -1.54798 -0.333656
12.09 -1.54643 -0.335866
12.1 -1.54487 -0.338074
12.11 -1.54332 -0.34028
12.12 -1.54176 -0.342484
12.13 -1.54019 -0.344685
12.14 -1.53862 -0.346884
12.15 -1.53705 -0.349081
12.16 -1.53548 -0.351276
12.17 -1.5339 -0.353468
12.18 -1.53232 -0.355658
12.19 -1.53073 -0.357846
12.2 -1.52914 -0.360032
12.21 -1.52755 -0.362215
12.22 -1.52595 -0.364396
12.23 -1.52435 -0.366575
12.24 -1.52274 -0.368751
12.25 -1.52113 -0.370926
12.26 -1.51952 -0.373098
12.27 -1.5179 -0.375267
12.28 -1.51628 -0.377434
12.29 -1.51466 -0.379599
12.3 -1.51303 -0.381762
12.31 -1.5114 -0.383922
12.32 -1.50976 -0.38608
12.33 -1.50812 -0.388236
12.34 -1.50647 -0.390389
12.35 -1.50482 -0.39254
12.36 -1.50317 -0.394689
12.37 -1.50151 -0.396835
12.38 -1.49985 -0.398979
12.39 -1.49818 -0.40112
12.4 -1.49651 -0.403259
12.41 -1.49483 -0.405396
12.42 -1.49315 -0.40753
12.43 -1.49147 -0.409662
12.44 -1.48978 -0.411791
12.45 -1.48808 -0.413919
12.46 -1.48638 -0.416043
12.47 -1.48468 -0.418165
12.48 -1.48297 -0.420285
12.49 -1.48126 -0.422402
12.5 -1.47954 -0.424517
12.51 -1.47782 -0.42663
12.52 -1.47609 -0.42874
12.53 -1.47436 -0.430847
12.54 -1.47262 -0.432952
12.55 -1.47088 -0.435055
12.56 -1.46913 -0.437155
12.57 -1.46738 -0.439252
12.58 -1.46563 -0.441347
12.59 -1.46386 -0.44344
12.6 -1.4621 -0.44553
12.61 -1.46032 -0.447617
12.62 -1.45855 -0.449702
12.63 -1.45676 -0.451784
12.64 -1.45497 -0.453864
12.65 -1.45318 -0.455941
12.66 -1.45138 -0.458016
12.67 -1.44957 -0.460088
12.68 -1.44776 -0.462158
12.69 -1.44595 -0.464225
12.7 -1.44413 -0.466289
12.71 -1.4423 -0.468351
12.72 -1.44046 -0.47041
12.73 -1.43862 -0.472466
12.74 -1.43678 -0.47452
12.75 -1.43493 -0.476571
12.76 -1.43307 -0.47862
12.77 -1.43121 -0.480666
12.78 -1.42934 -0.482709
12.79 -1.42746 -0.48475
12.8 -1.42558 -0.486788
12.81 -1.42369 -0.488823
12.82 -1.4218 -0.490855
12.83 -1.41989 -0.492885
12.84 -1.41799 -0.494912
12.85 -1.41607 -0.496936
12.86 -1.41415 -0.498958
12.87 -1.41222 -0.500977
12.88 -1.41029 -0.502993
12.89 -1.40835 -0.505006
12.9 -1.4064 -0.507017
12.91 -1.40444 -0.509024
12.92 -1.40248 -0.511029
12.93 -1.40051 -0.513032
12.94 -1.39853 -0.515031
12.95 -1.39655 -0.517027
12.96 -1.39456 -0.519021
12.97 -1.39256 -0.521012
12.98 -1.39055 -0.523
12.99 -1.38854 -0.524985
13 -1.38652 -0.526967
13.01 -1.38449 -0.528946
13.02 -1.38245 -0.530923
13.03 -1.3804 -0.532896
13.04 -1.37835 -0.534867
13.05 -1.37629 -0.536834
13.06 -1.37422 -0.538799
13.07 -1.37214 -0.540761
13.08 -1.37005 -0.542719
13.09 -1.36795 -0.544675
13.1 -1.36585 -0.546628
13.11 -1.36374 -0.548577
13.12 -1.36161 -0.550524
13.13 -1.35948 -0.552468
13.14 -1.35734 -0.554408
13.15 -1.35519 -0.556346
13.16 -1.35303 -0.55828
13.17 -1.35086 -0.560212
13.18 -1.34869 -0.56214
13.19 -1.3465 -0.564065
13.2 -1.3443 -0.565987
13.21 -1.34209 -0.567906
13.22 -1.33987 -0.569822
13.23 -1.33765 -0.571734
13.24 -1.33541 -0.573643
13.25 -1.33316 -0.57555
13.26 -1.3309 -0.577452
13.27 -1.32863 -0.579352
13.28 -1.32635 -0.581249
13.29 -1.32405 -0.583142
13.3 -1.32175 -0.585032
13.31 -1.31944 -0.586918
13.32 -1.31711 -0.588801
13.33 -1.31477 -0.590681
13.34 -1.31242 -0.592558
13.35 -1.31006 -0.594431
13.36 -1.30768 -0.596301
13.37 -1.3053 -0.598167
13.38 -1.3029 -0.60003
13.39 -1.30048 -0.60189
13.4 -1.29806 -0.603746
13.41 -1.29562 -0.605599
13.42 -1.29317 -0.607448
13.43 -1.2907 -0.609293
13.44 -1.28822 -0.611135
13.45 -1.28573 -0.612974
13.46 -1.28322 -0.614809
13.47 -1.2807 -0.61664
13.48 -1.27816 -0.618468
13.49 -1.27561 -0.620292
13.5 -1.27304 -0.622113
13.51 -1.27046 -0.623929
13.52 -1.26786 -0.625743
13.53 -1.26525 -0.627552
13.54 -1.26262 -0.629358
13.55 -1.25997 -0.631159
13.56 -1.25731 -0.632957
13.57 -1.25463 -0.634752
13.58 -1.25193 -0.636542
13.59 -1.24921 -0.638329
13.6 -1.24648 -0.640111
13.61 -1.24372 -0.64189
13.62 -1.24095 -0.643665
13.63 -1.23816 -0.645436
13.64 -1.23535 -0.647202
13.65 -1.23253 -0.648965
13.66 -1.22968 -0.650724
13.67 -1.22681 -0.652478
13.68 -1.22392 -0.654229
13.69 -1.221 -0.655975
13.7 -1.21807 -0.657718
13.71 -1.21512 -0.659456
13.72 -1.21214 -0.661189
13.73 -1.20914 -0.662919
13.74 -1.20611 -0.664644
13.75 -1.20306 -0.666365
13.76 -1.19999 -0.668081
13.77 -1.19689 -0.669793
13.78 -1.19377 -0.671501
13.79 -1.19062 -0.673204
13.8 -1.18744 -0.674903
13.81 -1.18424 -0.676597
13.82 -1.18101 -0.678286
13.83 -1.17775 -0.679971
13.84 -1.17446 -0.681651
13.85 -1.17114 -0.683327
13.86 -1.16779 -0.684997
13.87 -1.16441 -0.686663
13.88 -1.161 -0.688324
13.89 -1.15756 -0.68998
13.9 -1.15408 -0.691631
13.91 -1.15057 -0.693278
13.92 -1.14702 -0.694919
13.93 -1.14344 -0.696555
13.94 -1.13982 -0.698186
13.95 -1.13616 -0.699811
13.96 -1.13246 -0.701432
13.97 -1.12873 -0.703047
13.98 -1.12495 -0.704657
13.99 -1.12113 -0.706261
14 -1.11727 -0.70786
14.01 -1.11336 -0.709453
14.02 -1.10941 -0.711041
14.03 -1.10541 -0.712623
14.04 -1.10137 -0.714199
14.05 -1.09727 -0.71577
14.06 -1.09313 -0.717334
14.07 -1.08893 -0.718893
14.08 -1.08467 -0.720446
14.09 -1.08036 -0.721992
14.1 -1.076 -0.723532
14.11 -1.07157 -0.725066
14.12 -1.06709 -0.726594
14.13 -1.06254 -0.728115
14.14 -1.05793 -0.72963
14.15 -1.05324 -0.731138
14.16 -1.04849 -0.732639
14.17 -1.04367 -0.734133
14.18 -1.03878 -0.735621
14.19 -1.03381 -0.737101
14.2 -1.02875 -0.738575
14.21 -1.02362 -0.740041
14.22 -1.0184 -0.741499
14.23 -1.0131 -0.74295
14.24 -1.0077 -0.744394
14.25 -1.0022 -0.745829
14.26 -0.996612 -0.747257
14.27 -0.990918 -0.748677
14.28 -0.985118 -0.750088
14.29 -0.979207 -0.751491
14.3 -0.973181 -0.752886
14.31 -0.967035 -0.754272
14.32 -0.960764 -0.755649
14.33 -0.954363 -0.757017
14.34 -0.947826 -0.758375
14.35 -0.941147 -0.759725
14.36 -0.93432 -0.761064
14.37 -0.927338 -0.762394
14.38 -0.920195 -0.763714
14.39 -0.912881 -0.765023
14.4 -0.90539 -0.766322
14.41 -0.897713 -0.76761
14.42 -0.88984 -0.768887
14.43 -0.881762 -0.770152
14.44 -0.873468 -0.771406
14.45 -0.864948 -0.772648
14.46 -0.856188 -0.773877
14.47 -0.847177 -0.775094
14.48 -0.837901 -0.776298
14.49 -0.828344 -0.777488
14.5 -0.818491 -0.778664
14.51 -0.808325 -0.779826
14.52 -0.797828 -0.780973
14.53 -0.786979 -0.782105
14.54 -0.775757 -0.783222
14.55 -0.764139 -0.784322
14.56 -0.752101 -0.785405
14.57 -0.739614 -0.78647
14.58 -0.72665 -0.787518
14.59 -0.713176 -0.788546
14.6 -0.699158 -0.789555
14.61 -0.684558 -0.790544
14.62 -0.669335 -0.791511
14.63 -0.653444 -0.792456
14.64 -0.636836 -0.793377
14.65 -0.619457 -0.794275
14.66 -0.601248 -0.795147
14.67 -0.582145 -0.795992
14.68 -0.562078 -0.79681
14.69 -0.540969 -0.797598
14.7 -0.518732 -0.798355
14.71 -0.495275 -0.799079
14.72 -0.470494 -0.799769
14.73 -0.444277 -0.800423
14.74 -0.416498 -0.801038
14.75 -0.387022 -0.801612
14.76 -0.355698 -0.802143
14.77 -0.322362 -0.802627
14.78 -0.286835 -0.803063
14.79 -0.248921 -0.803446
14.8 -0.208409 -0.803773
14.81 -0.165069 -0.80404
14.82 -0.118659 -0.804243
14.83 -0.068922 -0.804377
14.84 -0.0155902 -0.804438
14.85 0.0416072 -0.80442
14.86 0.102937 -0.804317
14.87 0.168651 -0.804124
14.88 0.238967 -0.803833
14.89 0.31405 -0.803439
14.9 0.393981 -0.802934
14.91 0.478731 -0.802311
14.92 0.568118 -0.801564
14.93 0.661771 -0.800686
14.94 0.759099 -0.799671
14.95 0.859265 -0.798515
14.96 0.961179 -0.797215
14.97 1.06353 -0.795769
14.98 1.16483 -0.794177
14.99 1.26351 -0.792442
15 1.35803 -0.790569
15.01 1.44701 -0.788565
15.02 1.52929 -0.786438
15.03 1.60409 -0.784199
15.04 1.67095 -0.781859
15.05 1.72979 -0.779428
15.06 1.78082 -0.77692
15.07 1.8245 -0.774344
15.08 1.86146 -0.77171
15.09 1.89239 -0.769028
15.1 1.91804 -0.766306
15.11 1.93914 -0.76355
15.12 1.95636 -0.760767
15.13 1.97031 -0.757962
15.14 1.98153 -0.755139
15.15 1.9905 -0.752302
15.16 1.99761 -0.749453
15.17 2.00319 -0.746595
15.18 2.00754 -0.74373
15.19 2.01087 -0.74086
15.2 2.01338 -0.737985
15.21 2.01523 -0.735108
15.22 2.01654 -0.732228
15.23 2.01742 -0.729346
15.24 2.01794 -0.726464
15.25 2.01818 -0.723581
15.26 2.0182 -0.720698
15.27 2.01802 -0.717815
15.28 2.01771 -0.714932
15.29 2.01727 -0.71205
15.3 2.01673 -0.709168
15.31 2.01612 -0.706288
15.32 2.01544 -0.703408
15.33 2.01471 -0.700529
15.34 2.01394 -0.697652
15.35 2.01314 -0.694775
15.36 2.01231 -0.6919
15.37 2.01146 -0.689026
15.38 2.01059 -0.686153
15.39 2.00971 -0.683281
15.4 2.00882 -0.680411
15.41 2.00791 -0.677542
15.42 2.007 -0.674674
15.43 2.00608 -0.671808
15.44 2.00515 -0.668942
15.45 2.00423 -0.666079
15.46 2.00329 -0.663216
15.47 2.00236 -0.660355
15.48 2.00142 -0.657495
15.49 2.00048 -0.654637
15.5 1.99953 -0.651779
15.51 1.99859 -0.648924
15.52 1.99764 -0.646069
15.53 1.99669 -0.643216
15.54 1.99574 -0.640364
15.55 1.99479 -0.637514
15.56 1.99384 -0.634665
15.57 1.99289 -0.631817
15.58 1.99194 -0.628971
15.59 1.99098 -0.626126
15.6 1.99003 -0.623282
15.61 1.98907 -0.62044
15.62 1.98811 -0.617599
15.63 1.98715 -0.61476
15.64 1.98619 -0.611922
15.65 1.98523 -0.609085
15.66 1.98427 -0.60625
15.67 1.98331 -0.603416
15.68 1.98235 -0.600583
15.69 1.98139 -0.597752
15.7 1.98042 -0.594922
15.71 1.97946 -0.592093
15.72 1.97849 -0.589266
15.73 1.97753 -0.586441
15.74 1.97656 -0.583616
15.75 1.97559 -0.580793
15.76 1.97462 -0.577972
15.77 1.97365 -0.575152
15.78 1.97268 -0.572333
15.79 1.97171 -0.569515
15.8 1.97074 -0.566699
15.81 1.96977 -0.563885
15.82 1.96879 -0.561071
15.83 1.96782 -0.558259
15.84 1.96684 -0.555449
15.85 1.96587 -0.55264
15.86 1.96489 -0.549832
15.87 1.96391 -0.547026
15.88 1.96294 -0.544221
15.89 1.96196 -0.541418
15.9 1.96098 -0.538615
15.91 1.96 -0.535815
15.92 1.95901 -0.533015
15.93 1.95803 -0.530218
15.94 1.95705 -0.527421
15.95 1.95606 -0.524626
15.96 1.95508 -0.521832
15.97 1.95409 -0.51904
15.98 1.95311 -0.516249
15.99 1.95212 -0.51346
16 1.95113 -0.510672
16.01 1.95014 -0.507885
16.02 1.94915 -0.5051
16.03 1.94816 -0.502316
16.04 1.94717 -0.499534
16.05 1.94618 -0.496753
16.06 1.94518 -0.493973
16.07 1.94419 -0.491195
16.08 1.94319 -0.488418
16.09 1.9422 -0.485643
16.1 1.9412 -0.482869
16.11 1.9402 -0.480097
16.12 1.9392 -0.477326
16.13 1.93821 -0.474556
16.14 1.9372 -0.471788
16.15 1.9362 -0.469021
16.16 1.9352 -0.466256
16.17 1.9342 -0.463492
16.18 1.93319 -0.46073
16.19 1.93219 -0.457969
16.2 1.93118 -0.455209
16.21 1.93018 -0.452451
16.22 1.92917 -0.449694
16.23 1.92816 -0.446939
16.24 1.92715 -0.444185
16.25 1.92614 -0.441433
16.26 1.92513 -0.438682
16.27 1.92412 -0.435933
16.28 1.92311 -0.433185
16.29 1.92209 -0.430438
16.3 1.92108 -0.427693
16.31 1.92006 -0.424949
16.32 1.91905 -0.422207
16.33 1.91803 -0.419466
16.34 1.91701 -0.416727
16.35 1.91599 -0.413989
16.36 1.91497 -0.411253
16.37 1.91395 -0.408518
16.38 1.91293 -0.405784
16.39 1.9119 -0.403052
16.4 1.91088 -0.400322
16.41 1.90986 -0.397593
16.42 1.90883 -0.394865
16.43 1.9078 -0.392139
16.44 1.90678 -0.389414
16.45 1.90575 -0.386691
16.46 1.90472 -0.383969
16.47 1.90369 -0.381249
16.48 1.90265 -0.37853
16.49 1.90162 -0.375813
16.5 1.90059 -0.373097
16.51 1.89955 -0.370382
16.52 1.89852 -0.36767
16.53 1.89748 -0.364958
16.54 1.89644 -0.362248
16.55 1.89541 -0.35954
16.56 1.89437 -0.356833
16.57 1.89333 -0.354127
16.58 1.89228 -0.351423
16.59 1.89124 -0.348721
16.6 1.8902 -0.34602
16.61 1.88915 -0.34332
16.62 1.88811 -0.340622
16.63 1.88706 -0.337926
16.64 1.88601 -0.335231
16.65 1.88497 -0.332537
16.66 1.88392 -0.329845
16.67 1.88287 -0.327154
16.68 1.88181 -0.324465
16.69 1.88076 -0.321778
16.7 1.87971 -0.319092
16.71 1.87865 -0.316407
16.72 1.8776 -0.313724
16.73 1.87654 -0.311043
16.74 1.87548 -0.308363
16.75 1.87442 -0.305684
16.76 1.87336 -0.303007
16.77 1.8723 -0.300332
16.78 1.87124 -0.297658
16.79 1.87018 -0.294985
16.8 1.86911 -0.292314
16.81 1.86805 -0.289645
16.82 1.86698 -0.286977
16.83 1.86592 -0.284311
16.84 1.86485 -0.281646
16.85 1.86378 -0.278982
16.86 1.86271 -0.276321
16.87 1.86164 -0.27366
16.88 1.86056 -0.271002
16.89 1.85949 -0.268345
16.9 1.85841 -0.265689
16.91 1.85734 -0.263035
16.92 1.85626 -0.260382
16.93 1.85518 -0.257731
16.94 1.8541 -0.255082
16.95 1.85302 -0.252434
16.96 1.85194 -0.249787
16.97 1.85086 -0.247143
16.98 1.84977 -0.244499
16.99 1.84869 -0.241857
17 1.8476 -0.239217
17.01 1.84651 -0.236579
17.02 1.84543 -0.233942
17.03 1.84434 -0.231306
17.04 1.84325 -0.228672
17.05 1.84215 -0.22604
17.06 1.84106 -0.223409
17.07 1.83997 -0.220779
17.08 1.83887 -0.218152
17.09 1.83777 -0.215525
17.1 1.83668 -0.212901
17.11 1.83558 -0.210278
17.12 1.83448 -0.207656
17.13 1.83338 -0.205036
17.14 1.83227 -0.202418
17.15 1.83117 -0.199801
17.16 1.83006 -0.197186
17.17 1.82896 -0.194573
17.18 1.82785 -0.191961
17.19 1.82674 -0.18935
17.2 1.82563 -0.186741
17.21 1.82452 -0.184134
17.22 1.82341 -0.181528
17.23 1.8223 -0.178924
17.24 1.82118 -0.176322
17.25 1.82006 -0.173721
17.26 1.81895 -0.171122
17.27 1.81783 -0.168524
17.28 1.81671 -0.165928
17.29 1.81559 -0.163333
17.3 1.81447 -0.160741
17.31 1.81334 -0.158149
17.32 1.81222 -0.15556
17.33 1.81109 -0.152971
17.34 1.80996 -0.150385
17.35 1.80884 -0.1478
17.36 1.80771 -0.145217
17.37 1.80657 -0.142635
17.38 1.80544 -0.140055
17.39 1.80431 -0.137477
17.4 1.80317 -0.1349
17.41 1.80204 -0.132325
17.42 1.8009 -0.129751
17.43 1.79976 -0.12718
17.44 1.79862 -0.124609
17.45 1.79748 -0.122041
17.46 1.79633 -0.119474
17.47 1.79519 -0.116908
17.48 1.79404 -0.114344
17.49 1.7929 -0.111782
17.5 1.79175 -0.109222
17.51 1.7906 -0.106663
17.52 1.78945 -0.104106
17.53 1.78829 -0.10155
17.54 1.78714 -0.0989965
17.55 1.78599 -0.0964443
17.56 1.78483 -0.0938937
17.57 1.78367 -0.0913448
17.58 1.78251 -0.0887975
17.59 1.78135 -0.0862519
17.6 1.78019 -0.0837079
17.61 1.77902 -0.0811656
17.62 1.77786 -0.078625
17.63 1.77669 -0.076086
17.64 1.77552 -0.0735487
17.65 1.77435 -0.0710131
17.66 1.77318 -0.0684792
17.67 1.77201 -0.0659469
17.68 1.77084 -0.0634163
17.69 1.76966 -0.0608873
17.7 1.76848 -0.0583601
17.71 1.76731 -0.0558345
17.72 1.76613 -0.0533106
17.73 1.76495 -0.0507885
17.74 1.76376 -0.048268
17.75 1.76258 -0.0457491
17.76 1.76139 -0.043232
17.77 1.7602 -0.0407166
17.78 1.75902 -0.0382029
17.79 1.75783 -0.0356908
17.8 1.75663 -0.0331805
17.81 1.75544 -0.0306719
17.82 1.75425 -0.028165
17.83 1.75305 -0.0256597
17.84 1.75185 -0.0231562
17.85 1.75065 -0.0206545
17.86 1.74945 -0.0181544
17.87 1.74825 -0.015656
17.88 1.74704 -0.0131594
17.89 1.74584 -0.0106645
17.9 1.74463 -0.00817128
17.91 1.74342 -0.00567982
17.92 1.74221 -0.00319008
17.93 1.741 -0.000702078
17.94 1.73978 0.0017842
17.95 1.73857 0.00426873
17.96 1.73735 0.00675153
17.97 1.73613 0.00923259
17.98 1.73491 0.0117119
17.99 1.73369 0.0141895
18 1.73247 0.0166653
18.01 1.73124 0.0191394
18.02 1.73001 0.0216117
18.03 1.72878 0.0240823
18.04 1.72755 0.0265511
18.05 1.72632 0.0290181
18.06 1.72509 0.0314834
18.07 1.72385 0.033947
18.08 1.72261 0.0364087
18.09 1.72138 0.0388687
18.1 1.72013 0.0413269
18.11 1.71889 0.0437834
18.12 1.71765 0.0462381
18.13 1.7164 0.0486909
18.14 1.71515 0.0511421
18.15 1.7139 0.0535914
18.16 1.71265 0.0560389
18.17 1.7114 0.0584847
18.18 1.71014 0.0609286
18.19 1.70889 0.0633708
18.2 1.70763 0.0658112
18.21 1.70637 0.0682497
18.22 1.70511 0.0706865
18.23 1.70384 0.0731215
18.24 1.70258 0.0755546
18.25 1.70131 0.077986
18.26 1.70004 0.0804155
18.27 1.69877 0.0828432
18.28 1.69749 0.0852691
18.29 1.69622 0.0876932
18.3 1.69494 0.0901154
18.31 1.69366 0.0925359
18.32 1.69238 0.0949545
18.33 1.6911 0.0973712
18.34 1.68981 0.0997862
18.35 1.68852 0.102199
18.36 1.68724 0.104611
18.37 1.68594 0.10702
18.38 1.68465 0.109428
18.39 1.68336 0.111833
18.4 1.68206 0.114237
18.41 1.68076 0.116639
18.42 1.67946 0.119039
18.43 1.67816 0.121438
18.44 1.67685 0.123834
18.45 1.67554 0.126229
18.46 1.67424 0.128621
18.47 1.67292 0.131012
18.48 1.67161 0.133401
18.49 1.6703 0.135788
18.5 1.66898 0.138173
18.51 1.66766 0.140557
18.52 1.66634 0.142938
18.53 1.66501 0.145318
18.54 1.66369 0.147695
18.55 1.66236 0.150071
18.56 1.66103 0.152445
18.57 1.6597 0.154817
18.58 1.65836 0.157187
18.59 1.65703 0.159555
18.6 1.65569 0.161921
18.61 1.65435 0.164286
18.62 1.653 0.166648
18.63 1.65166 0.169008
18.64 1.65031 0.171367
18.65 1.64896 0.173724
18.66 1.64761 0.176078
18.67 1.64625 0.178431
18.68 1.64489 0.180782
18.69 1.64353 0.183131
18.7 1.64217 0.185478
18.71 1.64081 0.187823
18.72 1.63944 0.190166
18.73 1.63807 0.192507
18.74 1.6367 0.194846
18.75 1.63533 0.197183
18.76 1.63395 0.199518
18.77 1.63257 0.201851
18.78 1.63119 0.204183
18.79 1.62981 0.206512
18.8 1.62842 0.208839
18.81 1.62704 0.211165
18.82 1.62564 0.213488
18.83 1.62425 0.215809
18.84 1.62286 0.218129
18.85 1.62146 0.220446
18.86 1.62006 0.222761
18.87 1.61865 0.225075
18.88 1.61725 0.227386
18.89 1.61584 0.229695
18.9 1.61443 0.232003
18.91 1.61301 0.234308
18.92 1.6116 0.236611
18.93 1.61018 0.238913
18.94 1.60876 0.241212
18.95 1.60733 0.243509
18.96 1.60591 0.245804
18.97 1.60448 0.248097
18.98 1.60304 0.250389
18.99 1.60161 0.252678
19 1.60017 0.254965
19.01 1.59873 0.257249
19.02 1.59729 0.259532
19.03 1.59584 0.261813
19.04 1.59439 0.264092
19.05 1.59294 0.266369
19.06 1.59148 0.268643
19.07 1.59003 0.270916
19.08 1.58856 0.273186
19.09 1.5871 0.275454
19.1 1.58563 0.277721
19.11 1.58416 0.279985
19.12 1.58269 0.282247
19.13 1.58122 0.284507
19.14 1.57974 0.286765
19.15 1.57826 0.28902
19.16 1.57677 0.291274
19.17 1.57528 0.293525
19.18 1.57379 0.295775
19.19 1.5723 0.298022
19.2 1.5708 0.300267
19.21 1.5693 0.30251
19.22 1.5678 0.304751
19.23 1.56629 0.306989
19.24 1.56478 0.309226
19.25 1.56327 0.31146
19.26 1.56175 0.313692
19.27 1.56023 0.315922
19.28 1.55871 0.31815
19.29 1.55719 0.320376
19.3 1.55566 0.322599
19.31 1.55412 0.32482
19.32 1.55259 0.32704
19.33 1.55105 0.329256
19.34 1.5495 0.331471
19.35 1.54796 0.333684
19.36 1.54641 0.335894
19.37 1.54485 0.338102
19.38 1.5433 0.340308
19.39 1.54174 0.342511
19.4 1.54017 0.344713
19.41 1.5386 0.346912
19.42 1.53703 0.349109
19.43 1.53546 0.351303
19.44 1.53388 0.353496
19.45 1.5323 0.355686
19.46 1.53071 0.357874
19.47 1.52912 0.360059
19.48 1.52753 0.362243
19.49 1.52593 0.364424
19.5 1.52433 0.366602
19.51 1.52272 0.368779
19.52 1.52111 0.370953
19.53 1.5195 0.373125
19.54 1.51788 0.375294
19.55 1.51626 0.377462
19.56 1.51464 0.379627
19.57 1.51301 0.381789
19.58 1.51137 0.38395
19.59 1.50974 0.386107
19.6 1.5081 0.388263
19.61 1.50645 0.390416
19.62 1.5048 0.392567
19.63 1.50315 0.394716
19.64 1.50149 0.396862
19.65 1.49982 0.399006
19.66 1.49816 0.401147
19.67 1.49649 0.403286
19.68 1.49481 0.405423
19.69 1.49313 0.407557
19.7 1.49144 0.409689
19.71 1.48975 0.411818
19.72 1.48806 0.413945
19.73 1.48636 0.41607
19.74 1.48466 0.418192
19.75 1.48295 0.420312
19.76 1.48124 0.422429
19.77 1.47952 0.424544
19.78 1.4778 0.426656
19.79 1.47607 0.428766
19.8 1.47434 0.430874
19.81 1.4726 0.432979
19.82 1.47086 0.435081
19.83 1.46911 0.437181
19.84 1.46736 0.439278
19.85 1.4656 0.441373
19.86 1.46384 0.443466
19.87 1.46207 0.445556
19.88 1.4603 0.447643
19.89 1.45852 0.449728
19.9 1.45674 0.45181
19.91 1.45495 0.45389
19.92 1.45316 0.455967
19.93 1.45136 0.458042
19.94 1.44955 0.460114
19.95 1.44774 0.462184
19.96 1.44592 0.464251
19.97 1.4441 0.466315
19.98 1.44227 0.468377
19.99 1.44044 0.470436
20 1.4386 0.472492
20.01 1.43676 0.474546
20.02 1.4349 0.476597
20.03 1.43305 0.478646
20.04 1.43118 0.480692
20.05 1.42931 0.482735
20.06 1.42744 0.484775
20.07 1.42556 0.486813
20.08 1.42367 0.488848
20.09 1.42177 0.490881
20.1 1.41987 0.492911
20.11 1.41796 0.494938
20.12 1.41605 0.496962
20.13 1.41413 0.498983
20.14 1.4122 0.501002
20.15 1.41026 0.503018
20.16 1.40832 0.505032
20.17 1.40637 0.507042
20.18 1.40442 0.50905
20.19 1.40246 0.511055
20.2 1.40049 0.513057
20.21 1.39851 0.515056
20.22 1.39653 0.517053
20.23 1.39453 0.519046
20.24 1.39253 0.521037
20.25 1.39053 0.523025
20.26 1.38851 0.52501
20.27 1.38649 0.526992
20.28 1.38446 0.528971
20.29 1.38242 0.530948
20.3 1.38038 0.532921
20.31 1.37832 0.534892
20.32 1.37626 0.536859
20.33 1.37419 0.538824
20.34 1.37211 0.540785
20.35 1.37002 0.542744
20.36 1.36793 0.5447
20.37 1.36582 0.546652
20.38 1.36371 0.548602
20.39 1.36159 0.550549
20.4 1.35946 0.552492
20.41 1.35731 0.554433
20.42 1.35516 0.55637
20.43 1.35301 0.558305
20.44 1.35084 0.560236
20.45 1.34866 0.562164
20.46 1.34647 0.564089
20.47 1.34427 0.566011
20.48 1.34206 0.56793
20.49 1.33985 0.569846
20.5 1.33762 0.571758
20.51 1.33538 0.573668
20.52 1.33313 0.575574
20.53 1.33087 0.577476
20.54 1.3286 0.579376
20.55 1.32632 0.581272
20.56 1.32403 0.583166
20.57 1.32172 0.585055
20.58 1.31941 0.586942
20.59 1.31708 0.588825
20.6 1.31474 0.590705
20.61 1.31239 0.592581
20.62 1.31003 0.594455
20.63 1.30765 0.596324
20.64 1.30527 0.598191
20.65 1.30287 0.600054
20.66 1.30045 0.601913
20.67 1.29803 0.603769
20.68 1.29559 0.605622
20.69 1.29314 0.607471
20.7 1.29067 0.609317
20.71 1.28819 0.611159
20.72 1.2857 0.612997
20.73 1.28319 0.614832
20.74 1.28067 0.616663
20.75 1.27813 0.618491
20.76 1.27558 0.620315
20.77 1.27301 0.622136
20.78 1.27043 0.623952
20.79 1.26783 0.625765
20.8 1.26521 0.627575
20.81 1.26258 0.62938
20.82 1.25994 0.631182
20.83 1.25727 0.63298
20.84 1.25459 0.634774
20.85 1.25189 0.636565
20.86 1.24918 0.638351
20.87 1.24644 0.640134
20.88 1.24369 0.641912
20.89 1.24092 0.643687
20.9 1.23813 0.645458
20.91 1.23532 0.647225
20.92 1.23249 0.648987
20.93 1.22964 0.650746
20.94 1.22677 0.652501
20.95 1.22388 0.654251
20.96 1.22097 0.655997
20.97 1.21803 0.657739
20.98 1.21508 0.659477
20.99 1.2121 0.661211
21 1.2091 0.662941
21.01 1.20607 0.664666
21.02 1.20302 0.666386
21.03 1.19995 0.668103
21.04 1.19685 0.669815
21.05 1.19373 0.671522
21.06 1.19058 0.673226
21.07 1.1874 0.674924
21.08 1.1842 0.676618
21.09 1.18097 0.678307
21.1 1.17771 0.679992
21.11 1.17442 0.681672
21.12 1.1711 0.683348
21.13 1.16775 0.685018
21.14 1.16437 0.686684
21.15 1.16096 0.688345
21.16 1.15751 0.690001
21.17 1.15404 0.691652
21.18 1.15052 0.693298
21.19 1.14698 0.694939
21.2 1.14339 0.696575
21.21 1.13977 0.698206
21.22 1.13611 0.699832
21.23 1.13242 0.701452
21.24 1.12868 0.703067
21.25 1.1249 0.704677
21.26 1.12108 0.706281
21.27 1.11722 0.70788
21.28 1.11331 0.709473
21.29 1.10936 0.711061
21.3 1.10536 0.712643
21.31 1.10132 0.714219
21.32 1.09722 0.71579
21.33 1.09307 0.717354
21.34 1.08887 0.718913
21.35 1.08462 0.720465
21.36 1.08031 0.722012
21.37 1.07594 0.723552
21.38 1.07152 0.725086
21.39 1.06703 0.726613
21.4 1.06248 0.728134
21.41 1.05787 0.729649
21.42 1.05319 0.731157
21.43 1.04843 0.732658
21.44 1.04361 0.734152
21.45 1.03872 0.73564
21.46 1.03374 0.73712
21.47 1.02869 0.738593
21.48 1.02356 0.740059
21.49 1.01834 0.741517
21.5 1.01303 0.742968
21.51 1.00763 0.744412
21.52 1.00213 0.745847
21.53 0.996541 0.747275
21.54 0.990846 0.748695
21.55 0.985044 0.750106
21.56 0.979132 0.751509
21.57 0.973104 0.752903
21.58 0.966957 0.754289
21.59 0.960684 0.755666
21.6 0.954281 0.757034
21.61 0.947742 0.758393
21.62 0.941062 0.759742
21.63 0.934233 0.761081
21.64 0.927249 0.762411
21.65 0.920103 0.76373
21.66 0.912788 0.76504
21.67 0.905295 0.766338
21.68 0.897615 0.767626
21.69 0.88974 0.768903
21.7 0.881659 0.770168
21.71 0.873362 0.771422
21.72 0.864839 0.772663
21.73 0.856076 0.773893
21.74 0.847062 0.775109
21.75 0.837782 0.776313
21.76 0.828222 0.777503
21.77 0.818365 0.778679
21.78 0.808195 0.779841
21.79 0.797693 0.780988
21.8 0.78684 0.78212
21.81 0.775613 0.783236
21.82 0.76399 0.784336
21.83 0.751946 0.785418
21.84 0.739453 0.786484
21.85 0.726483 0.787531
21.86 0.713003 0.788559
21.87 0.698978 0.789568
21.88 0.68437 0.790556
21.89 0.669139 0.791523
21.9 0.653239 0.792467
21.91 0.636622 0.793389
21.92 0.619232 0.794286
21.93 0.601013 0.795158
21.94 0.581899 0.796003
21.95 0.561819 0.79682
21.96 0.540696 0.797607
21.97 0.518445 0.798364
21.98 0.494971 0.799088
21.99 0.470173 0.799778
22 0.443937 0.800431
22.01 0.416138 0.801045
22.02 0.386639 0.801619
22.03 0.355291 0.802149
22.04 0.321929 0.802633
22.05 0.286373 0.803068
22.06 0.248427 0.80345
22.07 0.207881 0.803776
22.08 0.164504 0.804043
22.09 0.118054 0.804245
22.1 0.0682728 0.804378
22.11 0.014894 0.804438
22.12 -0.0423539 0.804419
22.13 -0.103738 0.804315
22.14 -0.169509 0.804121
22.15 -0.239884 0.803829
22.16 -0.315027 0.803433
22.17 -0.39502 0.802926
22.18 -0.479829 0.802302
22.19 -0.569272 0.801553
22.2 -0.662976 0.800674
22.21 -0.760346 0.799657
22.22 -0.860541 0.7985
22.23 -0.962469 0.797198
22.24 -1.06481 0.79575
22.25 -1.16609 0.794156
22.26 -1.26473 0.792419
22.27 -1.35919 0.790544
22.28 -1.44809 0.788539
22.29 -1.53028 0.78641
22.3 -1.60498 0.78417
22.31 -1.67174 0.781828
22.32 -1.73048 0.779397
22.33 -1.78141 0.776888
22.34 -1.82501 0.774311
22.35 -1.86188 0.771677
22.36 -1.89275 0.768994
22.37 -1.91834 0.766271
22.38 -1.93938 0.763515
22.39 -1.95655 0.760732
22.4 -1.97046 0.757927
22.41 -1.98166 0.755104
22.42 -1.9906 0.752266
22.43 -1.99769 0.749417
22.44 -2.00326 0.746559
22.45 -2.00759 0.743694
22.46 -2.01091 0.740824
22.47 -2.01341 0.737949
22.48 -2.01525 0.735071
22.49 -2.01655 0.732191
22.5 -2.01742 0.72931
22.51 -2.01795 0.726427
22.52 -2.01818 0.723545
22.53 -2.01819 0.720661
22.54 -2.01802 0.717778
22.55 -2.0177 0.714896
22.56 -2.01726 0.712014
22.57 -2.01672 0.709132
22.58 -2.01611 0.706251
22.59 -2.01543 0.703372
22.6 -2.0147 0.700493
22.61 -2.01393 0.697616
22.62 -2.01313 0.694739
22.63 -2.0123 0.691864
22.64 -2.01145 0.68899
22.65 -2.01058 0.686117
22.66 -2.0097 0.683245
22.67 -2.0088 0.680375
22.68 -2.0079 0.677506
22.69 -2.00699 0.674638
22.7 -2.00607 0.671771
22.71 -2.00514 0.668906
22.72 -2.00421 0.666042
22.73 -2.00328 0.66318
22.74 -2.00234 0.660319
22.75 -2.00141 0.657459
22.76 -2.00046 0.6546
22.77 -1.99952 0.651743
22.78 -1.99858 0.648888
22.79 -1.99763 0.646033
22.8 -1.99668 0.64318
22.81 -1.99573 0.640328
22.82 -1.99478 0.637478
22.83 -1.99383 0.634629
22.84 -1.99288 0.631781
22.85 -1.99192 0.628935
22.86 -1.99097 0.62609
22.87 -1.99001 0.623247
22.88 -1.98906 0.620404
22.89 -1.9881 0.617564
22.9 -1.98714 0.614724
22.91 -1.98618 0.611886
22.92 -1.98522 0.609049
22.93 -1.98426 0.606214
22.94 -1.9833 0.60338
22.95 -1.98234 0.600547
22.96 -1.98137 0.597716
22.97 -1.98041 0.594886
22.98 -1.97945 0.592058
22.99 -1.97848 0.589231
23 -1.97751 0.586405
23.01 -1.97655 0.583581
23.02 -1.97558 0.580758
23.03 -1.97461 0.577936
23.04 -1.97364 0.575116
23.05 -1.97267 0.572297
23.06 -1.9717 0.56948
23.07 -1.97073 0.566664
23.08 -1.96975 0.563849
23.09 -1.96878 0.561036
23.1 -1.96781 0.558224
23.11 -1.96683 0.555414
23.12 -1.96586 0.552605
23.13 -1.96488 0.549797
23.14 -1.9639 0.546991
23.15 -1.96292 0.544186
23.16 -1.96194 0.541382
23.17 -1.96096 0.53858
23.18 -1.95998 0.53578
23.19 -1.959 0.53298
23.2 -1.95802 0.530182
23.21 -1.95704 0.527386
23.22 -1.95605 0.524591
23.23 -1.95507 0.521797
23.24 -1.95408 0.519005
23.25 -1.95309 0.516214
23.26 -1.95211 0.513425
23.27 -1.95112 0.510637
23.28 -1.95013 0.50785
23.29 -1.94914 0.505065
23.3 -1.94815 0.502281
23.31 -1.94716 0.499499
23.32 -1.94616 0.496718
23.33 -1.94517 0.493938
23.34 -1.94418 0.49116
23.35 -1.94318 0.488383
23.36 -1.94219 0.485608
23.37 -1.94119 0.482834
23.38 -1.94019 0.480062
23.39 -1.93919 0.477291
23.4 -1.93819 0.474521
23.41 -1.93719 0.471753
23.42 -1.93619 0.468987
23.43 -1.93519 0.466221
23.44 -1.93419 0.463457
23.45 -1.93318 0.460695
23.46 -1.93218 0.457934
23.47 -1.93117 0.455175
23.48 -1.93017 0.452416
23.49 -1.92916 0.44966
23.5 -1.92815 0.446905
23.51 -1.92714 0.444151
23.52 -1.92613 0.441398
23.53 -1.92512 0.438648
23.54 -1.92411 0.435898
23.55 -1.92309 0.43315
23.56 -1.92208 0.430404
23.57 -1.92107 0.427658
23.58 -1.92005 0.424915
23.59 -1.91903 0.422173
23.6 -1.91802 0.419432
23.61 -1.917 0.416693
23.62 -1.91598 0.413955
23.63 -1.91496 0.411218
23.64 -1.91394 0.408483
23.65 -1.91291 0.40575
23.66 -1.91189 0.403018
23.67 -1.91087 0.400287
23.68 -1.90984 0.397558
23.69 -1.90882 0.394831
23.7 -1.90779 0.392105
23.71 -1.90676 0.38938
23.72 -1.90573 0.386657
23.73 -1.9047 0.383935
23.74 -1.90367 0.381215
23.75 -1.90264 0.378496
23.76 -1.90161 0.375779
23.77 -1.90058 0.373063
23.78 -1.89954 0.370348
23.79 -1.89851 0.367635
23.8 -1.89747 0.364924
23.81 -1.89643 0.362214
23.82 -1.89539 0.359506
23.83 -1.89435 0.356799
23.84 -1.89331 0.354093
23.85 -1.89227 0.351389
23.86 -1.89123 0.348687
23.87 -1.89019 0.345986
23.88 -1.88914 0.343286
23.89 -1.8881 0.340588
23.9 -1.88705 0.337892
23.91 -1.886 0.335197
23.92 -1.88495 0.332503
23.93 -1.8839 0.329811
23.94 -1.88285 0.32712
23.95 -1.8818 0.324431
23.96 -1.88075 0.321744
23.97 -1.87969 0.319058
23.98 -1.87864 0.316373
23.99 -1.87758 0.31369
24 -1.87653 0.311009
24.01 -1.87547 0.308329
24.02 -1.87441 0.30565
24.03 -1.87335 0.302973
24.04 -1.87229 0.300298
24.05 -1.87123 0.297624
24.06 -1.87016 0.294952
24.07 -1.8691 0.292281
24.08 -1.86804 0.289611
24.09 -1.86697 0.286943
24.1 -1.8659 0.284277
24.11 -1.86483 0.281612
24.12 -1.86376 0.278949
24.13 -1.86269 0.276287
24.14 -1.86162 0.273627
24.15 -1.86055 0.270968
24.16 -1.85947 0.268311
24.17 -1.8584 0.265655
24.18 -1.85732 0.263001
24.19 -1.85625 0.260349
24.2 -1.85517 0.257698
24.21 -1.85409 0.255048
24.22 -1.85301 0.2524
24.23 -1.85193 0.249754
24.24 -1.85084 0.247109
24.25 -1.84976 0.244466
24.26 -1.84867 0.241824
24.27 -1.84759 0.239184
24.28 -1.8465 0.236545
24.29 -1.84541 0.233908
24.3 -1.84432 0.231273
24.31 -1.84323 0.228639
24.32 -1.84214 0.226006
24.33 -1.84105 0.223376
24.34 -1.83995 0.220746
24.35 -1.83886 0.218119
24.36 -1.83776 0.215492
24.37 -1.83666 0.212868
24.38 -1.83556 0.210245
24.39 -1.83446 0.207623
24.4 -1.83336 0.205003
24.41 -1.83226 0.202385
24.42 -1.83116 0.199768
24.43 -1.83005 0.197153
24.44 -1.82894 0.19454
24.45 -1.82784 0.191928
24.46 -1.82673 0.189317
24.47 -1.82562 0.186709
24.48 -1.82451 0.184101
24.49 -1.8234 0.181496
24.5 -1.82228 0.178892
24.51 -1.82117 0.176289
24.52 -1.82005 0.173688
24.53 -1.81893 0.171089
24.54 -1.81781 0.168491
24.55 -1.8167 0.165895
24.56 -1.81557 0.163301
24.57 -1.81445 0.160708
24.58 -1.81333 0.158117
24.59 -1.8122 0.155527
24.6 -1.81108 0.152939
24.61 -1.80995 0.150352
24.62 -1.80882 0.147768
24.63 -1.80769 0.145184
24.64 -1.80656 0.142603
24.65 -1.80543 0.140023
24.66 -1.80429 0.137444
24.67 -1.80316 0.134868
24.68 -1.80202 0.132292
24.69 -1.80088 0.129719
24.7 -1.79975 0.127147
24.71 -1.7986 0.124577
24.72 -1.79746 0.122008
24.73 -1.79632 0.119441
24.74 -1.79518 0.116876
24.75 -1.79403 0.114312
24.76 -1.79288 0.11175
24.77 -1.79173 0.10919
24.78 -1.79058 0.106631
24.79 -1.78943 0.104074
24.8 -1.78828 0.101518
24.81 -1.78713 0.0989643
24.82 -1.78597 0.0964121
24.83 -1.78481 0.0938616
24.84 -1.78366 0.0913127
24.85 -1.7825 0.0887654
24.86 -1.78134 0.0862198
24.87 -1.78017 0.0836759
24.88 -1.77901 0.0811336
24.89 -1.77784 0.078593
24.9 -1.77668 0.076054
24.91 -1.77551 0.0735168
24.92 -1.77434 0.0709812
24.93 -1.77317 0.0684472
24.94 -1.772 0.065915
24.95 -1.77082 0.0633844
24.96 -1.76965 0.0608555
24.97 -1.76847 0.0583283
24.98 -1.76729 0.0558027
24.99 -1.76611 0.0532789
25 -1.76493 0.0507567
25.01 -1.76375 0.0482362
25.02 -1.76256 0.0457174
25.03 -1.76138 0.0432003
25.04 -1.76019 0.0406849
25.05 -1.759 0.0381712
25.06 -1.75781 0.0356592
25.07 -1.75662 0.0331489
25.08 -1.75543 0.0306403
25.09 -1.75423 0.0281334
25.1 -1.75303 0.0256282
25.11 -1.75184 0.0231247
25.12 -1.75064 0.0206229
25.13 -1.74944 0.0181229
25.14 -1.74823 0.0156246
25.15 -1.74703 0.0131279
25.16 -1.74582 0.010633
25.17 -1.74461 0.00813987
25.18 -1.74341 0.00564843
25.19 -1.74219 0.00315872
25.2 -1.74098 0.000670733
25.21 -1.73977 -0.00181552
25.22 -1.73855 -0.00430003
25.23 -1.73734 -0.00678281
25.24 -1.73612 -0.00926385
25.25 -1.7349 -0.0117431
25.26 -1.73367 -0.0142207
25.27 -1.73245 -0.0166965
25.28 -1.73122 -0.0191706
25.29 -1.73 -0.0216429
25.3 -1.72877 -0.0241134
25.31 -1.72754 -0.0265822
25.32 -1.72631 -0.0290492
25.33 -1.72507 -0.0315145
25.34 -1.72384 -0.033978
25.35 -1.7226 -0.0364397
25.36 -1.72136 -0.0388997
25.37 -1.72012 -0.0413579
25.38 -1.71888 -0.0438143
25.39 -1.71763 -0.046269
25.4 -1.71639 -0.0487218
25.41 -1.71514 -0.0511729
25.42 -1.71389 -0.0536222
25.43 -1.71264 -0.0560698
25.44 -1.71138 -0.0585155
25.45 -1.71013 -0.0609594
25.46 -1.70887 -0.0634016
25.47 -1.70761 -0.0658419
25.48 -1.70635 -0.0682805
25.49 -1.70509 -0.0707172
25.5 -1.70383 -0.0731521
25.51 -1.70256 -0.0755853
25.52 -1.70129 -0.0780166
25.53 -1.70002 -0.0804461
25.54 -1.69875 -0.0828738
25.55 -1.69748 -0.0852997
25.56 -1.6962 -0.0877237
25.57 -1.69492 -0.090146
25.58 -1.69364 -0.0925664
25.59 -1.69236 -0.0949849
25.6 -1.69108 -0.0974017
25.61 -1.68979 -0.0998166
25.62 -1.68851 -0.10223
25.63 -1.68722 -0.104641
25.64 -1.68593 -0.10705
25.65 -1.68463 -0.109458
25.66 -1.68334 -0.111864
25.67 -1.68204 -0.114267
25.68 -1.68074 -0.116669
25.69 -1.67944 -0.11907
25.7 -1.67814 -0.121468
25.71 -1.67684 -0.123864
25.72 -1.67553 -0.126259
25.73 -1.67422 -0.128651
25.74 -1.67291 -0.131042
25.75 -1.67159 -0.133431
25.76 -1.67028 -0.135818
25.77 -1.66896 -0.138203
25.78 -1.66764 -0.140587
25.79 -1.66632 -0.142968
25.8 -1.665 -0.145348
25.81 -1.66367 -0.147725
25.82 -1.66234 -0.150101
25.83 -1.66101 -0.152475
25.84 -1.65968 -0.154847
25.85 -1.65835 -0.157217
25.86 -1.65701 -0.159585
25.87 -1.65567 -0.161951
25.88 -1.65433 -0.164315
25.89 -1.65298 -0.166678
25.9 -1.65164 -0.169038
25.91 -1.65029 -0.171397
25.92 -1.64894 -0.173753
25.93 -1.64759 -0.176108
25.94 -1.64623 -0.178461
25.95 -1.64488 -0.180811
25.96 -1.64352 -0.18316
25.97 -1.64216 -0.185507
25.98 -1.64079 -0.187852
25.99 -1.63942 -0.190195
26 -1.63806 -0.192536
26.01 -1.63668 -0.194875
26.02 -1.63531 -0.197212
26.03 -1.63393 -0.199548
26.04 -1.63256 -0.201881
26.05 -1.63118 -0.204212
26.06 -1.62979 -0.206541
26.07 -1.62841 -0.208869
26.08 -1.62702 -0.211194
26.09 -1.62563 -0.213517
26.1 -1.62423 -0.215839
26.11 -1.62284 -0.218158
26.12 -1.62144 -0.220475
26.13 -1.62004 -0.222791
26.14 -1.61864 -0.225104
26.15 -1.61723 -0.227415
26.16 -1.61582 -0.229725
26.17 -1.61441 -0.232032
26.18 -1.613 -0.234337
26.19 -1.61158 -0.23664
26.2 -1.61016 -0.238942
26.21 -1.60874 -0.241241
26.22 -1.60731 -0.243538
26.23 -1.60589 -0.245833
26.24 -1.60446 -0.248126
26.25 -1.60303 -0.250417
26.26 -1.60159 -0.252706
26.27 -1.60015 -0.254993
26.28 -1.59871 -0.257278
26.29 -1.59727 -0.259561
26.3 -1.59582 -0.261842
26.31 -1.59437 -0.264121
26.32 -1.59292 -0.266397
26.33 -1.59146 -0.268672
26.34 -1.59001 -0.270944
26.35 -1.58855 -0.273215
26.36 -1.58708 -0.275483
26.37 -1.58562 -0.277749
26.38 -1.58415 -0.280013
26.39 -1.58267 -0.282275
26.4 -1.5812 -0.284535
26.41 -1.57972 -0.286793
26.42 -1.57824 -0.289049
26.43 -1.57675 -0.291302
26.44 -1.57527 -0.293554
26.45 -1.57377 -0.295803
26.46 -1.57228 -0.29805
26.47 -1.57078 -0.300295
26.48 -1.56928 -0.302538
26.49 -1.56778 -0.304779
26.5 -1.56627 -0.307018
26.51 -1.56476 -0.309254
26.52 -1.56325 -0.311488
26.53 -1.56173 -0.31372
26.54 -1.56022 -0.31595
26.55 -1.55869 -0.318178
26.56 -1.55717 -0.320404
26.57 -1.55564 -0.322627
26.58 -1.5541 -0.324848
26.59 -1.55257 -0.327068
26.6 -1.55103 -0.329284
26.61 -1.54948 -0.331499
26.62 -1.54794 -0.333711
26.63 -1.54639 -0.335922
26.64 -1.54483 -0.33813
26.65 -1.54328 -0.340336
26.66 -1.54172 -0.342539
26.67 -1.54015 -0.34474
26.68 -1.53859 -0.34694
26.69 -1.53701 -0.349136
26.7 -1.53544 -0.351331
26.71 -1.53386 -0.353523
26.72 -1.53228 -0.355713
26.73 -1.53069 -0.357901
26.74 -1.5291 -0.360087
26.75 -1.52751 -0.36227
26.76 -1.52591 -0.364451
26.77 -1.52431 -0.36663
26.78 -1.5227 -0.368806
26.79 -1.52109 -0.37098
26.8 -1.51948 -0.373152
26.81 -1.51786 -0.375322
26.82 -1.51624 -0.377489
26.83 -1.51462 -0.379654
26.84 -1.51299 -0.381817
26.85 -1.51135 -0.383977
26.86 -1.50972 -0.386135
26.87 -1.50807 -0.38829
26.88 -1.50643 -0.390443
26.89 -1.50478 -0.392594
26.9 -1.50312 -0.394743
26.91 -1.50147 -0.396889
26.92 -1.4998 -0.399033
26.93 -1.49814 -0.401174
26.94 -1.49646 -0.403313
26.95 -1.49479 -0.40545
26.96 -1.49311 -0.407584
26.97 -1.49142 -0.409716
26.98 -1.48973 -0.411845
26.99 -1.48804 -0.413972
27 -1.48634 -0.416097
27.01 -1.48464 -0.418219
27.02 -1.48293 -0.420338
27.03 -1.48122 -0.422456
27.04 -1.4795 -0.424571
27.05 -1.47778 -0.426683
27.06 -1.47605 -0.428793
27.07 -1.47432 -0.4309
27.08 -1.47258 -0.433005
27.09 -1.47084 -0.435108
27.1 -1.46909 -0.437207
27.11 -1.46734 -0.439305
27.12 -1.46558 -0.4414
27.13 -1.46382 -0.443492
27.14 -1.46205 -0.445582
27.15 -1.46028 -0.44767
27.16 -1.4585 -0.449754
27.17 -1.45672 -0.451837
27.18 -1.45493 -0.453916
27.19 -1.45313 -0.455994
27.2 -1.45133 -0.458068
27.21 -1.44953 -0.46014
27.22 -1.44772 -0.46221
27.23 -1.4459 -0.464277
27.24 -1.44408 -0.466341
27.25 -1.44225 -0.468403
27.26 -1.44042 -0.470462
27.27 -1.43858 -0.472518
27.28 -1.43673 -0.474572
27.29 -1.43488 -0.476623
27.3 -1.43302 -0.478672
27.31 -1.43116 -0.480717
27.32 -1.42929 -0.482761
27.33 -1.42741 -0.484801
27.34 -1.42553 -0.486839
27.35 -1.42364 -0.488874
27.36 -1.42175 -0.490906
27.37 -1.41985 -0.492936
27.38 -1.41794 -0.494963
27.39 -1.41602 -0.496987
27.4 -1.4141 -0.499009
27.41 -1.41218 -0.501028
27.42 -1.41024 -0.503044
27.43 -1.4083 -0.505057
27.44 -1.40635 -0.507067
27.45 -1.40439 -0.509075
27.46 -1.40243 -0.51108
27.47 -1.40046 -0.513082
27.48 -1.39848 -0.515081
27.49 -1.3965 -0.517078
27.5 -1.39451 -0.519071
27.51 -1.39251 -0.521062
27.52 -1.3905 -0.52305
27.53 -1.38849 -0.525035
27.54 -1.38647 -0.527017
27.55 -1.38444 -0.528996
27.56 -1.3824 -0.530972
27.57 -1.38035 -0.532946
27.58 -1.3783 -0.534916
27.59 -1.37623 -0.536884
27.6 -1.37416 -0.538848
27.61 -1.37208 -0.54081
27.62 -1.37 -0.542769
27.63 -1.3679 -0.544724
27.64 -1.3658 -0.546677
27.65 -1.36368 -0.548627
27.66 -1.36156 -0.550573
27.67 -1.35943 -0.552517
27.68 -1.35729 -0.554457
27.69 -1.35514 -0.556395
27.7 -1.35298 -0.558329
27.71 -1.35081 -0.56026
27.72 -1.34863 -0.562189
27.73 -1.34644 -0.564114
27.74 -1.34424 -0.566035
27.75 -1.34204 -0.567954
27.76 -1.33982 -0.56987
27.77 -1.33759 -0.571782
27.78 -1.33535 -0.573692
27.79 -1.3331 -0.575598
27.8 -1.33084 -0.5775
27.81 -1.32857 -0.5794
27.82 -1.32629 -0.581296
27.83 -1.324 -0.583189
27.84 -1.32169 -0.585079
27.85 -1.31938 -0.586966
27.86 -1.31705 -0.588849
27.87 -1.31471 -0.590729
27.88 -1.31236 -0.592605
27.89 -1.31 -0.594478
27.9 -1.30762 -0.596348
27.91 -1.30524 -0.598214
27.92 -1.30284 -0.600077
27.93 -1.30042 -0.601937
27.94 -1.298 -0.603793
27.95 -1.29556 -0.605645
27.96 -1.29311 -0.607494
27.97 -1.29064 -0.60934
27.98 -1.28816 -0.611182
27.99 -1.28567 -0.61302
28 -1.28316 -0.614855
28.01 -1.28063 -0.616686
28.02 -1.2781 -0.618514
28.03 -1.27554 -0.620338
28.04 -1.27298 -0.622159
28.05 -1.27039 -0.623975
28.06 -1.2678 -0.625788
28.07 -1.26518 -0.627597
28.08 -1.26255 -0.629403
28.09 -1.2599 -0.631205
28.1 -1.25724 -0.633003
28.11 -1.25456 -0.634797
28.12 -1.25186 -0.636587
28.13 -1.24914 -0.638374
28.14 -1.24641 -0.640156
28.15 -1.24365 -0.641935
28.16 -1.24088 -0.643709
28.17 -1.23809 -0.64548
28.18 -1.23528 -0.647247
28.19 -1.23245 -0.649009
28.2 -1.2296 -0.650768
28.21 -1.22673 -0.652523
28.22 -1.22384 -0.654273
28.23 -1.22093 -0.656019
28.24 -1.218 -0.657761
28.25 -1.21504 -0.659499
28.26 -1.21206 -0.661233
28.27 -1.20906 -0.662962
28.28 -1.20604 -0.664687
28.29 -1.20299 -0.666408
28.3 -1.19991 -0.668124
28.31 -1.19681 -0.669836
28.32 -1.19369 -0.671544
28.33 -1.19054 -0.673247
28.34 -1.18736 -0.674945
28.35 -1.18416 -0.676639
28.36 -1.18093 -0.678329
28.37 -1.17767 -0.680013
28.38 -1.17438 -0.681694
28.39 -1.17106 -0.683369
28.4 -1.16771 -0.685039
28.41 -1.16433 -0.686705
28.42 -1.16092 -0.688366
28.43 -1.15747 -0.690022
28.44 -1.15399 -0.691673
28.45 -1.15048 -0.693319
28.46 -1.14693 -0.69496
28.47 -1.14335 -0.696596
28.48 -1.13973 -0.698227
28.49 -1.13607 -0.699852
28.5 -1.13237 -0.701473
28.51 -1.12863 -0.703088
28.52 -1.12486 -0.704697
28.53 -1.12104 -0.706302
28.54 -1.11717 -0.7079
28.55 -1.11326 -0.709493
28.56 -1.10931 -0.711081
28.57 -1.10531 -0.712663
28.58 -1.10127 -0.714239
28.59 -1.09717 -0.715809
28.6 -1.09302 -0.717374
28.61 -1.08882 -0.718932
28.62 -1.08457 -0.720485
28.63 -1.08026 -0.722031
28.64 -1.07589 -0.723571
28.65 -1.07146 -0.725105
28.66 -1.06697 -0.726632
28.67 -1.06242 -0.728153
28.68 -1.05781 -0.729668
28.69 -1.05313 -0.731176
28.7 -1.04837 -0.732677
28.71 -1.04355 -0.734171
28.72 -1.03865 -0.735658
28.73 -1.03368 -0.737139
28.74 -1.02863 -0.738612
28.75 -1.02349 -0.740077
28.76 -1.01827 -0.741536
28.77 -1.01296 -0.742987
28.78 -1.00756 -0.74443
28.79 -1.00206 -0.745865
28.8 -0.99647 -0.747293
28.81 -0.990773 -0.748712
28.82 -0.98497 -0.750124
28.83 -0.979056 -0.751527
28.84 -0.973027 -0.752921
28.85 -0.966878 -0.754307
28.86 -0.960604 -0.755683
28.87 -0.9542 -0.757051
28.88 -0.947659 -0.75841
28.89 -0.940977 -0.759759
28.9 -0.934146 -0.761098
28.91 -0.92716 -0.762428
28.92 -0.920012 -0.763747
28.93 -0.912695 -0.765056
28.94 -0.905199 -0.766355
28.95 -0.897517 -0.767642
28.96 -0.889639 -0.768919
28.97 -0.881556 -0.770184
28.98 -0.873256 -0.771437
28.99 -0.86473 -0.772679
29 -0.855964 -0.773908
29.01 -0.846947 -0.775124
29.02 -0.837663 -0.776328
29.03 -0.828099 -0.777518
29.04 -0.818239 -0.778694
29.05 -0.808065 -0.779855
29.06 -0.797559 -0.781002
29.07 -0.7867 -0.782134
29.08 -0.775469 -0.78325
29.09 -0.763841 -0.784349
29.1 -0.751791 -0.785432
29.11 -0.739293 -0.786497
29.12 -0.726316 -0.787544
29.13 -0.712829 -0.788572
29.14 -0.698797 -0.78958
29.15 -0.684182 -0.790568
29.16 -0.668943 -0.791535
29.17 -0.653034 -0.792479
29.18 -0.636407 -0.7934
29.19 -0.619008 -0.794297
29.2 -0.600778 -0.795169
29.21 -0.581652 -0.796013
29.22 -0.561559 -0.79683
29.23 -0.540423 -0.797617
29.24 -0.518157 -0.798373
29.25 -0.494667 -0.799097
29.26 -0.469852 -0.799786
29.27 -0.443596 -0.800439
29.28 -0.415777 -0.801053
29.29 -0.386256 -0.801626
29.3 -0.354883 -0.802156
29.31 -0.321495 -0.802639
29.32 -0.28591 -0.803073
29.33 -0.247933 -0.803455
29.34 -0.207352 -0.80378
29.35 -0.163938 -0.804046
29.36 -0.117448 -0.804247
29.37 -0.067623 -0.80438
29.38 -0.0141971 -0.804439
29.39 0.0431012 -0.804418
29.4 0.104539 -0.804313
29.41 0.170366 -0.804118
29.42 0.240801 -0.803825
29.43 0.316005 -0.803427
29.44 0.396059 -0.802919
29.45 0.480928 -0.802293
29.46 0.570428 -0.801543
29.47 0.664182 -0.800662
29.48 0.761593 -0.799644
29.49 0.861817 -0.798484
29.5 0.963759 -0.79718
29.51 1.0661 -0.795731
29.52 1.16735 -0.794135
29.53 1.26595 -0.792397
29.54 1.36035 -0.79052
29.55 1.44917 -0.788512
29.56 1.53127 -0.786383
29.57 1.60587 -0.784141
29.58 1.67253 -0.781798
29.59 1.73117 -0.779366
29.6 1.78201 -0.776856
29.61 1.82551 -0.774278
29.62 1.86231 -0.771643
29.63 1.8931 -0.76896
29.64 1.91863 -0.766237
29.65 1.93962 -0.763481
29.66 1.95675 -0.760697
29.67 1.97062 -0.757891
29.68 1.98178 -0.755068
29.69 1.9907 -0.75223
29.7 1.99777 -0.749381
29.71 2.00332 -0.746523
29.72 2.00763 -0.743658
29.73 2.01094 -0.740787
29.74 2.01344 -0.737913
29.75 2.01527 -0.735035
29.76 2.01657 -0.732155
29.77 2.01743 -0.729274
29.78 2.01795 -0.726391
29.79 2.01819 -0.723508
29.8 2.01819 -0.720625
29.81 2.01802 -0.717742
29.82 2.0177 -0.714859
29.83 2.01725 -0.711977
29.84 2.01672 -0.709096
29.85 2.0161 -0.706215
29.86 2.01542 -0.703336
29.87 2.01469 -0.700457
29.88 2.01392 -0.697579
29.89 2.01312 -0.694703
29.9 2.01229 -0.691828
29.91 2.01144 -0.688953
29.92 2.01057 -0.686081
29.93 2.00969 -0.683209
29.94 2.00879 -0.680339
29.95 2.00789 -0.67747
29.96 2.00698 -0.674602
29.97 2.00606 -0.671735
29.98 2.00513 -0.66887
29.99 2.0042 -0.666006
30 2.00327 -0.663144
