0 -3.42625 1.12491
0.01 -2.97541 1.12038
0.02 -2.71869 1.11632
0.03 -2.55536 1.11257
0.04 -2.44461 1.109
0.05 -2.36636 1.10557
0.06 -2.30953 1.10223
0.07 -2.2674 1.09896
0.08 -2.23569 1.09574
0.09 -2.21153 1.09257
0.1 -2.19295 1.08942
0.11 -2.17853 1.0863
0.12 -2.16724 1.0832
0.13 -2.15834 1.08011
0.14 -2.15125 1.07703
0.15 -2.14557 1.07396
0.16 -2.14097 1.0709
0.17 -2.13719 1.06784
0.18 -2.13406 1.06479
0.19 -2.13144 1.06175
0.2 -2.1292 1.0587
0.21 -2.12726 1.05566
0.22 -2.12556 1.05262
0.23 -2.12404 1.04959
0.24 -2.12266 1.04656
0.25 -2.1214 1.04352
0.26 -2.12022 1.04049
0.27 -2.11911 1.03747
0.28 -2.11805 1.03444
0.29 -2.11703 1.03142
0.3 -2.11605 1.02839
0.31 -2.11509 1.02537
0.32 -2.11415 1.02235
0.33 -2.11322 1.01933
0.34 -2.11231 1.01631
0.35 -2.1114 1.01329
0.36 -2.11051 1.01028
0.37 -2.10961 1.00726
0.38 -2.10873 1.00425
0.39 -2.10784 1.00124
0.4 -2.10696 0.998228
0.41 -2.10608 0.995219
0.42 -2.1052 0.992211
0.43 -2.10432 0.989204
0.44 -2.10344 0.986198
0.45 -2.10256 0.983194
0.46 -2.10168 0.980191
0.47 -2.1008 0.977189
0.48 -2.09992 0.974189
0.49 -2.09905 0.97119
0.5 -2.09817 0.968192
0.51 -2.09729 0.965195
0.52 -2.09641 0.962199
0.53 -2.09553 0.959205
0.54 -2.09465 0.956212
0.55 -2.09376 0.95322
0.56 -2.09288 0.95023
0.57 -2.092 0.947241
0.58 -2.09112 0.944253
0.59 -2.09023 0.941266
0.6 -2.08935 0.938281
0.61 -2.08846 0.935296
0.62 -2.08758 0.932314
0.63 -2.08669 0.929332
0.64 -2.08581 0.926352
0.65 -2.08492 0.923373
0.66 -2.08403 0.920395
0.67 -2.08314 0.917418
0.68 -2.08225 0.914443
0.69 -2.08136 0.911469
0.7 -2.08047 0.908496
0.71 -2.07958 0.905525
0.72 -2.07869 0.902554
0.73 -2.0778 0.899586
0.74 -2.07691 0.896618
0.75 -2.07601 0.893651
0.76 -2.07512 0.890686
0.77 -2.07423 0.887723
0.78 -2.07333 0.88476
0.79 -2.07244 0.881799
0.8 -2.07154 0.878839
0.81 -2.07064 0.87588
0.82 -2.06975 0.872923
0.83 -2.06885 0.869967
0.84 -2.06795 0.867012
0.85 -2.06705 0.864058
0.86 -2.06615 0.861106
0.87 -2.06525 0.858155
0.88 -2.06435 0.855205
0.89 -2.06345 0.852257
0.9 -2.06254 0.84931
0.91 -2.06164 0.846364
0.92 -2.06074 0.843419
0.93 -2.05983 0.840476
0.94 -2.05893 0.837534
0.95 -2.05802 0.834593
0.96 -2.05712 0.831654
0.97 -2.05621 0.828716
0.98 -2.0553 0.825779
0.99 -2.05439 0.822843
1 -2.05349 0.819909
1.01 -2.05258 0.816976
1.02 -2.05167 0.814045
1.03 -2.05076 0.811114
1.04 -2.04984 0.808185
1.05 -2.04893 0.805258
1.06 -2.04802 0.802331
1.07 -2.04711 0.799406
1.08 -2.04619 0.796482
1.09 -2.04528 0.79356
1.1 -2.04436 0.790639
1.11 -2.04345 0.787719
1.12 -2.04253 0.7848
1.13 -2.04161 0.781883
1.14 -2.04069 0.778967
1.15 -2.03978 0.776053
1.16 -2.03886 0.773139
1.17 -2.03794 0.770227
1.18 -2.03702 0.767317
1.19 -2.0361 0.764407
1.2 -2.03517 0.761499
1.21 -2.03425 0.758592
1.22 -2.03333 0.755687
1.23 -2.0324 0.752783
1.24 -2.03148 0.74988
1.25 -2.03055 0.746979
1.26 -2.02963 0.744079
1.27 -2.0287 0.74118
1.28 -2.02777 0.738282
1.29 -2.02684 0.735386
1.3 -2.02592 0.732491
1.31 -2.02499 0.729598
1.32 -2.02406 0.726706
1.33 -2.02313 0.723815
1.34 -2.02219 0.720925
1.35 -2.02126 0.718037
1.36 -2.02033 0.71515
1.37 -2.0194 0.712265
1.38 -2.01846 0.709381
1.39 -2.01753 0.706498
1.4 -2.01659 0.703616
1.41 -2.01565 0.700736
1.42 -2.01472 0.697857
1.43 -2.01378 0.69498
1.44 -2.01284 0.692104
1.45 -2.0119 0.689229
1.46 -2.01096 0.686355
1.47 -2.01002 0.683483
1.48 -2.00908 0.680612
1.49 -2.00814 0.677743
1.5 -2.00719 0.674875
1.51 -2.00625 0.672008
1.52 -2.00531 0.669143
1.53 -2.00436 0.666279
1.54 -2.00341 0.663416
1.55 -2.00247 0.660555
1.56 -2.00152 0.657695
1.57 -2.00057 0.654836
1.58 -1.99962 0.651979
1.59 -1.99867 0.649123
1.6 -1.99772 0.646268
1.61 -1.99677 0.643415
1.62 -1.99582 0.640563
1.63 -1.99487 0.637713
1.64 -1.99392 0.634863
1.65 -1.99296 0.632016
1.66 -1.99201 0.629169
1.67 -1.99105 0.626324
1.68 -1.99009 0.623481
1.69 -1.98914 0.620638
1.7 -1.98818 0.617797
1.71 -1.98722 0.614958
1.72 -1.98626 0.61212
1.73 -1.9853 0.609283
1.74 -1.98434 0.606447
1.75 -1.98338 0.603613
1.76 -1.98242 0.60078
1.77 -1.98145 0.597949
1.78 -1.98049 0.595119
1.79 -1.97953 0.592291
1.8 -1.97856 0.589463
1.81 -1.97759 0.586638
1.82 -1.97663 0.583813
1.83 -1.97566 0.58099
1.84 -1.97469 0.578168
1.85 -1.97372 0.575348
1.86 -1.97275 0.572529
1.87 -1.97178 0.569712
1.88 -1.97081 0.566896
1.89 -1.96983 0.564081
1.9 -1.96886 0.561267
1.91 -1.96789 0.558455
1.92 -1.96691 0.555645
1.93 -1.96594 0.552836
1.94 -1.96496 0.550028
1.95 -1.96398 0.547222
1.96 -1.963 0.544417
1.97 -1.96202 0.541613
1.98 -1.96104 0.538811
1.99 -1.96006 0.53601
2 -1.95908 0.533211
2.01 -1.9581 0.530413
2.02 -1.95712 0.527616
2.03 -1.95613 0.524821
2.04 -1.95515 0.522027
2.05 -1.95416 0.519235
2.06 -1.95318 0.516444
2.07 -1.95219 0.513654
2.08 -1.9512 0.510866
2.09 -1.95021 0.508079
2.1 -1.94922 0.505294
2.11 -1.94823 0.50251
2.12 -1.94724 0.499728
2.13 -1.94625 0.496947
2.14 -1.94525 0.494167
2.15 -1.94426 0.491389
2.16 -1.94326 0.488612
2.17 -1.94227 0.485837
2.18 -1.94127 0.483063
2.19 -1.94027 0.48029
2.2 -1.93927 0.477519
2.21 -1.93827 0.474749
2.22 -1.93727 0.471981
2.23 -1.93627 0.469214
2.24 -1.93527 0.466449
2.25 -1.93427 0.463685
2.26 -1.93326 0.460922
2.27 -1.93226 0.458161
2.28 -1.93125 0.455402
2.29 -1.93025 0.452643
2.3 -1.92924 0.449887
2.31 -1.92823 0.447131
2.32 -1.92722 0.444377
2.33 -1.92621 0.441625
2.34 -1.9252 0.438874
2.35 -1.92419 0.436124
2.36 -1.92318 0.433376
2.37 -1.92216 0.43063
2.38 -1.92115 0.427884
2.39 -1.92013 0.425141
2.4 -1.91912 0.422398
2.41 -1.9181 0.419657
2.42 -1.91708 0.416918
2.43 -1.91606 0.41418
2.44 -1.91504 0.411444
2.45 -1.91402 0.408708
2.46 -1.913 0.405975
2.47 -1.91198 0.403243
2.48 -1.91095 0.400512
2.49 -1.90993 0.397783
2.5 -1.9089 0.395055
2.51 -1.90787 0.392329
2.52 -1.90685 0.389604
2.53 -1.90582 0.386881
2.54 -1.90479 0.384159
2.55 -1.90376 0.381438
2.56 -1.90273 0.37872
2.57 -1.90169 0.376002
2.58 -1.90066 0.373286
2.59 -1.89963 0.370572
2.6 -1.89859 0.367859
2.61 -1.89755 0.365147
2.62 -1.89652 0.362437
2.63 -1.89548 0.359729
2.64 -1.89444 0.357021
2.65 -1.8934 0.354316
2.66 -1.89236 0.351612
2.67 -1.89131 0.348909
2.68 -1.89027 0.346208
2.69 -1.88923 0.343508
2.7 -1.88818 0.34081
2.71 -1.88713 0.338114
2.72 -1.88609 0.335418
2.73 -1.88504 0.332725
2.74 -1.88399 0.330033
2.75 -1.88294 0.327342
2.76 -1.88189 0.324653
2.77 -1.88084 0.321965
2.78 -1.87978 0.319279
2.79 -1.87873 0.316594
2.8 -1.87767 0.313911
2.81 -1.87661 0.311229
2.82 -1.87556 0.308549
2.83 -1.8745 0.305871
2.84 -1.87344 0.303194
2.85 -1.87238 0.300518
2.86 -1.87132 0.297844
2.87 -1.87025 0.295171
2.88 -1.86919 0.2925
2.89 -1.86812 0.289831
2.9 -1.86706 0.287163
2.91 -1.86599 0.284496
2.92 -1.86492 0.281832
2.93 -1.86385 0.279168
2.94 -1.86278 0.276506
2.95 -1.86171 0.273846
2.96 -1.86064 0.271187
2.97 -1.85956 0.26853
2.98 -1.85849 0.265874
2.99 -1.85741 0.26322
3 -1.85634 0.260567
3.01 -1.85526 0.257916
3.02 -1.85418 0.255266
3.03 -1.8531 0.252618
3.04 -1.85202 0.249972
3.05 -1.85093 0.247327
3.06 -1.84985 0.244683
3.07 -1.84876 0.242042
3.08 -1.84768 0.239401
3.09 -1.84659 0.236763
3.1 -1.8455 0.234125
3.11 -1.84441 0.23149
3.12 -1.84332 0.228856
3.13 -1.84223 0.226223
3.14 -1.84114 0.223592
3.15 -1.84004 0.220963
3.16 -1.83895 0.218335
3.17 -1.83785 0.215708
3.18 -1.83675 0.213084
3.19 -1.83565 0.210461
3.2 -1.83455 0.207839
3.21 -1.83345 0.205219
3.22 -1.83235 0.202601
3.23 -1.83125 0.199984
3.24 -1.83014 0.197368
3.25 -1.82904 0.194755
3.26 -1.82793 0.192143
3.27 -1.82682 0.189532
3.28 -1.82571 0.186923
3.29 -1.8246 0.184316
3.3 -1.82349 0.18171
3.31 -1.82237 0.179106
3.32 -1.82126 0.176503
3.33 -1.82014 0.173902
3.34 -1.81903 0.171303
3.35 -1.81791 0.168705
3.36 -1.81679 0.166109
3.37 -1.81567 0.163514
3.38 -1.81454 0.160921
3.39 -1.81342 0.15833
3.4 -1.8123 0.15574
3.41 -1.81117 0.153152
3.42 -1.81004 0.150565
3.43 -1.80891 0.14798
3.44 -1.80778 0.145397
3.45 -1.80665 0.142815
3.46 -1.80552 0.140235
3.47 -1.80439 0.137657
3.48 -1.80325 0.13508
3.49 -1.80212 0.132504
3.5 -1.80098 0.129931
3.51 -1.79984 0.127359
3.52 -1.7987 0.124788
3.53 -1.79756 0.12222
3.54 -1.79641 0.119652
3.55 -1.79527 0.117087
3.56 -1.79412 0.114523
3.57 -1.79298 0.111961
3.58 -1.79183 0.1094
3.59 -1.79068 0.106841
3.6 -1.78953 0.104284
3.61 -1.78838 0.101728
3.62 -1.78722 0.0991745
3.63 -1.78607 0.0966221
3.64 -1.78491 0.0940715
3.65 -1.78375 0.0915224
3.66 -1.78259 0.088975
3.67 -1.78143 0.0864293
3.68 -1.78027 0.0838852
3.69 -1.7791 0.0813428
3.7 -1.77794 0.0788021
3.71 -1.77677 0.076263
3.72 -1.77561 0.0737256
3.73 -1.77444 0.0711898
3.74 -1.77326 0.0686558
3.75 -1.77209 0.0661234
3.76 -1.77092 0.0635926
3.77 -1.76974 0.0610636
3.78 -1.76857 0.0585362
3.79 -1.76739 0.0560105
3.8 -1.76621 0.0534865
3.81 -1.76503 0.0509642
3.82 -1.76384 0.0484436
3.83 -1.76266 0.0459247
3.84 -1.76147 0.0434074
3.85 -1.76029 0.0408919
3.86 -1.7591 0.038378
3.87 -1.75791 0.0358659
3.88 -1.75672 0.0333554
3.89 -1.75552 0.0308467
3.9 -1.75433 0.0283397
3.91 -1.75313 0.0258343
3.92 -1.75193 0.0233307
3.93 -1.75074 0.0208288
3.94 -1.74953 0.0183286
3.95 -1.74833 0.0158301
3.96 -1.74713 0.0133334
3.97 -1.74592 0.0108383
3.98 -1.74471 0.00834504
3.99 -1.74351 0.00585345
4 -1.74229 0.0033636
4.01 -1.74108 0.000875469
4.02 -1.73987 -0.00161092
4.03 -1.73865 -0.00409558
4.04 -1.73744 -0.0065785
4.05 -1.73622 -0.00905968
4.06 -1.735 -0.0115391
4.07 -1.73377 -0.0140168
4.08 -1.73255 -0.0164928
4.09 -1.73133 -0.018967
4.1 -1.7301 -0.0214394
4.11 -1.72887 -0.0239101
4.12 -1.72764 -0.026379
4.13 -1.72641 -0.0288462
4.14 -1.72517 -0.0313116
4.15 -1.72394 -0.0337753
4.16 -1.7227 -0.0362372
4.17 -1.72146 -0.0386973
4.18 -1.72022 -0.0411556
4.19 -1.71898 -0.0436122
4.2 -1.71773 -0.046067
4.21 -1.71649 -0.04852
4.22 -1.71524 -0.0509712
4.23 -1.71399 -0.0534207
4.24 -1.71274 -0.0558684
4.25 -1.71149 -0.0583142
4.26 -1.71023 -0.0607583
4.27 -1.70897 -0.0632006
4.28 -1.70772 -0.0656411
4.29 -1.70646 -0.0680798
4.3 -1.70519 -0.0705167
4.31 -1.70393 -0.0729518
4.32 -1.70266 -0.0753851
4.33 -1.7014 -0.0778165
4.34 -1.70013 -0.0802462
4.35 -1.69885 -0.082674
4.36 -1.69758 -0.0851001
4.37 -1.69631 -0.0875243
4.38 -1.69503 -0.0899466
4.39 -1.69375 -0.0923672
4.4 -1.69247 -0.0947859
4.41 -1.69119 -0.0972028
4.42 -1.6899 -0.0996179
4.43 -1.68861 -0.102031
4.44 -1.68732 -0.104442
4.45 -1.68603 -0.106852
4.46 -1.68474 -0.10926
4.47 -1.68345 -0.111666
4.48 -1.68215 -0.11407
4.49 -1.68085 -0.116472
4.5 -1.67955 -0.118872
4.51 -1.67825 -0.12127
4.52 -1.67694 -0.123667
4.53 -1.67564 -0.126062
4.54 -1.67433 -0.128455
4.55 -1.67302 -0.130845
4.56 -1.6717 -0.133235
4.57 -1.67039 -0.135622
4.58 -1.66907 -0.138007
4.59 -1.66775 -0.140391
4.6 -1.66643 -0.142772
4.61 -1.66511 -0.145152
4.62 -1.66378 -0.14753
4.63 -1.66245 -0.149905
4.64 -1.66112 -0.152279
4.65 -1.65979 -0.154651
4.66 -1.65846 -0.157022
4.67 -1.65712 -0.15939
4.68 -1.65578 -0.161756
4.69 -1.65444 -0.164121
4.7 -1.6531 -0.166483
4.71 -1.65175 -0.168844
4.72 -1.6504 -0.171203
4.73 -1.64905 -0.173559
4.74 -1.6477 -0.175914
4.75 -1.64635 -0.178267
4.76 -1.64499 -0.180618
4.77 -1.64363 -0.182967
4.78 -1.64227 -0.185314
4.79 -1.6409 -0.187659
4.8 -1.63954 -0.190002
4.81 -1.63817 -0.192344
4.82 -1.6368 -0.194683
4.83 -1.63542 -0.19702
4.84 -1.63405 -0.199355
4.85 -1.63267 -0.201689
4.86 -1.63129 -0.20402
4.87 -1.62991 -0.20635
4.88 -1.62852 -0.208677
4.89 -1.62713 -0.211003
4.9 -1.62574 -0.213326
4.91 -1.62435 -0.215648
4.92 -1.62295 -0.217967
4.93 -1.62156 -0.220285
4.94 -1.62015 -0.2226
4.95 -1.61875 -0.224914
4.96 -1.61735 -0.227225
4.97 -1.61594 -0.229535
4.98 -1.61453 -0.231842
4.99 -1.61311 -0.234147
5 -1.6117 -0.236451
5.01 -1.61028 -0.238752
5.02 -1.60886 -0.241052
5.03 -1.60743 -0.243349
5.04 -1.60601 -0.245644
5.05 -1.60458 -0.247938
5.06 -1.60314 -0.250229
5.07 -1.60171 -0.252518
5.08 -1.60027 -0.254805
5.09 -1.59883 -0.25709
5.1 -1.59739 -0.259373
5.11 -1.59594 -0.261654
5.12 -1.59449 -0.263933
5.13 -1.59304 -0.26621
5.14 -1.59158 -0.268485
5.15 -1.59013 -0.270757
5.16 -1.58867 -0.273028
5.17 -1.5872 -0.275296
5.18 -1.58574 -0.277563
5.19 -1.58427 -0.279827
5.2 -1.58279 -0.282089
5.21 -1.58132 -0.284349
5.22 -1.57984 -0.286607
5.23 -1.57836 -0.288863
5.24 -1.57688 -0.291117
5.25 -1.57539 -0.293368
5.26 -1.5739 -0.295618
5.27 -1.5724 -0.297865
5.28 -1.57091 -0.300111
5.29 -1.56941 -0.302354
5.3 -1.5679 -0.304595
5.31 -1.5664 -0.306833
5.32 -1.56489 -0.30907
5.33 -1.56338 -0.311304
5.34 -1.56186 -0.313537
5.35 -1.56034 -0.315767
5.36 -1.55882 -0.317995
5.37 -1.55729 -0.320221
5.38 -1.55576 -0.322444
5.39 -1.55423 -0.324666
5.4 -1.55269 -0.326885
5.41 -1.55115 -0.329102
5.42 -1.54961 -0.331317
5.43 -1.54807 -0.333529
5.44 -1.54652 -0.33574
5.45 -1.54496 -0.337948
5.46 -1.54341 -0.340154
5.47 -1.54185 -0.342358
5.48 -1.54028 -0.344559
5.49 -1.53871 -0.346759
5.5 -1.53714 -0.348956
5.51 -1.53557 -0.35115
5.52 -1.53399 -0.353343
5.53 -1.53241 -0.355533
5.54 -1.53082 -0.357721
5.55 -1.52923 -0.359907
5.56 -1.52764 -0.36209
5.57 -1.52604 -0.364272
5.58 -1.52444 -0.366451
5.59 -1.52283 -0.368627
5.6 -1.52123 -0.370802
5.61 -1.51961 -0.372974
5.62 -1.518 -0.375143
5.63 -1.51638 -0.377311
5.64 -1.51475 -0.379476
5.65 -1.51312 -0.381639
5.66 -1.51149 -0.383799
5.67 -1.50985 -0.385957
5.68 -1.50821 -0.388113
5.69 -1.50656 -0.390266
5.7 -1.50491 -0.392417
5.71 -1.50326 -0.394566
5.72 -1.5016 -0.396712
5.73 -1.49994 -0.398856
5.74 -1.49827 -0.400998
5.75 -1.4966 -0.403137
5.76 -1.49493 -0.405274
5.77 -1.49325 -0.407408
5.78 -1.49156 -0.40954
5.79 -1.48987 -0.41167
5.8 -1.48818 -0.413797
5.81 -1.48648 -0.415922
5.82 -1.48478 -0.418044
5.83 -1.48307 -0.420164
5.84 -1.48136 -0.422282
5.85 -1.47964 -0.424397
5.86 -1.47792 -0.426509
5.87 -1.47619 -0.428619
5.88 -1.47446 -0.430727
5.89 -1.47272 -0.432832
5.9 -1.47098 -0.434935
5.91 -1.46923 -0.437035
5.92 -1.46748 -0.439132
5.93 -1.46573 -0.441227
5.94 -1.46396 -0.44332
5.95 -1.4622 -0.44541
5.96 -1.46042 -0.447498
5.97 -1.45865 -0.449583
5.98 -1.45686 -0.451665
5.99 -1.45508 -0.453745
6 -1.45328 -0.455823
6.01 -1.45148 -0.457898
6.02 -1.44968 -0.45997
6.03 -1.44787 -0.46204
6.04 -1.44605 -0.464107
6.05 -1.44423 -0.466171
6.06 -1.4424 -0.468233
6.07 -1.44057 -0.470292
6.08 -1.43873 -0.472349
6.09 -1.43688 -0.474403
6.1 -1.43503 -0.476454
6.11 -1.43318 -0.478503
6.12 -1.43131 -0.480549
6.13 -1.42944 -0.482592
6.14 -1.42757 -0.484633
6.15 -1.42569 -0.486671
6.16 -1.4238 -0.488707
6.17 -1.4219 -0.490739
6.18 -1.42 -0.492769
6.19 -1.4181 -0.494796
6.2 -1.41618 -0.496821
6.21 -1.41426 -0.498843
6.22 -1.41233 -0.500862
6.23 -1.4104 -0.502878
6.24 -1.40846 -0.504891
6.25 -1.40651 -0.506902
6.26 -1.40456 -0.50891
6.27 -1.40259 -0.510915
6.28 -1.40062 -0.512917
6.29 -1.39865 -0.514917
6.3 -1.39666 -0.516913
6.31 -1.39467 -0.518907
6.32 -1.39267 -0.520898
6.33 -1.39067 -0.522886
6.34 -1.38865 -0.524872
6.35 -1.38663 -0.526854
6.36 -1.3846 -0.528833
6.37 -1.38257 -0.53081
6.38 -1.38052 -0.532784
6.39 -1.37847 -0.534754
6.4 -1.3764 -0.536722
6.41 -1.37433 -0.538687
6.42 -1.37226 -0.540649
6.43 -1.37017 -0.542608
6.44 -1.36807 -0.544563
6.45 -1.36597 -0.546516
6.46 -1.36386 -0.548466
6.47 -1.36173 -0.550413
6.48 -1.3596 -0.552357
6.49 -1.35746 -0.554298
6.5 -1.35531 -0.556235
6.51 -1.35316 -0.55817
6.52 -1.35099 -0.560101
6.53 -1.34881 -0.56203
6.54 -1.34662 -0.563955
6.55 -1.34443 -0.565877
6.56 -1.34222 -0.567796
6.57 -1.34 -0.569712
6.58 -1.33777 -0.571625
6.59 -1.33554 -0.573535
6.6 -1.33329 -0.575441
6.61 -1.33103 -0.577344
6.62 -1.32876 -0.579244
6.63 -1.32648 -0.58114
6.64 -1.32419 -0.583034
6.65 -1.32188 -0.584924
6.66 -1.31957 -0.58681
6.67 -1.31724 -0.588694
6.68 -1.3149 -0.590574
6.69 -1.31256 -0.592451
6.7 -1.31019 -0.594324
6.71 -1.30782 -0.596194
6.72 -1.30543 -0.598061
6.73 -1.30303 -0.599924
6.74 -1.30062 -0.601784
6.75 -1.2982 -0.60364
6.76 -1.29576 -0.605493
6.77 -1.29331 -0.607342
6.78 -1.29084 -0.609188
6.79 -1.28836 -0.61103
6.8 -1.28587 -0.612869
6.81 -1.28336 -0.614704
6.82 -1.28084 -0.616536
6.83 -1.27831 -0.618364
6.84 -1.27576 -0.620188
6.85 -1.27319 -0.622009
6.86 -1.27061 -0.623826
6.87 -1.26801 -0.625639
6.88 -1.2654 -0.627449
6.89 -1.26277 -0.629255
6.9 -1.26012 -0.631057
6.91 -1.25746 -0.632855
6.92 -1.25478 -0.634649
6.93 -1.25208 -0.63644
6.94 -1.24937 -0.638227
6.95 -1.24663 -0.64001
6.96 -1.24388 -0.641788
6.97 -1.24111 -0.643563
6.98 -1.23832 -0.645334
6.99 -1.23552 -0.647102
7 -1.23269 -0.648865
7.01 -1.22984 -0.650623
7.02 -1.22697 -0.652378
7.03 -1.22408 -0.654129
7.04 -1.22117 -0.655876
7.05 -1.21824 -0.657618
7.06 -1.21528 -0.659356
7.07 -1.21231 -0.66109
7.08 -1.20931 -0.66282
7.09 -1.20629 -0.664546
7.1 -1.20324 -0.666267
7.11 -1.20017 -0.667983
7.12 -1.19707 -0.669696
7.13 -1.19395 -0.671404
7.14 -1.1908 -0.673107
7.15 -1.18763 -0.674806
7.16 -1.18442 -0.6765
7.17 -1.18119 -0.67819
7.18 -1.17794 -0.679875
7.19 -1.17465 -0.681555
7.2 -1.17133 -0.683231
7.21 -1.16799 -0.684902
7.22 -1.16461 -0.686568
7.23 -1.1612 -0.688229
7.24 -1.15776 -0.689886
7.25 -1.15428 -0.691537
7.26 -1.15077 -0.693184
7.27 -1.14722 -0.694825
7.28 -1.14364 -0.696462
7.29 -1.14003 -0.698093
7.3 -1.13637 -0.699719
7.31 -1.13268 -0.70134
7.32 -1.12894 -0.702955
7.33 -1.12517 -0.704565
7.34 -1.12135 -0.70617
7.35 -1.11749 -0.707769
7.36 -1.11359 -0.709363
7.37 -1.10964 -0.710951
7.38 -1.10564 -0.712533
7.39 -1.1016 -0.71411
7.4 -1.09751 -0.71568
7.41 -1.09336 -0.717245
7.42 -1.08917 -0.718804
7.43 -1.08492 -0.720357
7.44 -1.08061 -0.721904
7.45 -1.07625 -0.723445
7.46 -1.07183 -0.724979
7.47 -1.06735 -0.726507
7.48 -1.0628 -0.728028
7.49 -1.05819 -0.729543
7.5 -1.05351 -0.731052
7.51 -1.04877 -0.732553
7.52 -1.04395 -0.734048
7.53 -1.03906 -0.735536
7.54 -1.03409 -0.737017
7.55 -1.02904 -0.738491
7.56 -1.02392 -0.739957
7.57 -1.0187 -0.741416
7.58 -1.0134 -0.742868
7.59 -1.00801 -0.744311
7.6 -1.00252 -0.745748
7.61 -0.996934 -0.747176
7.62 -0.991246 -0.748596
7.63 -0.985452 -0.750008
7.64 -0.979548 -0.751411
7.65 -0.973528 -0.752806
7.66 -0.967389 -0.754193
7.67 -0.961125 -0.75557
7.68 -0.954732 -0.756939
7.69 -0.948203 -0.758298
7.7 -0.941532 -0.759648
7.71 -0.934714 -0.760988
7.72 -0.927741 -0.762318
7.73 -0.920607 -0.763639
7.74 -0.913304 -0.764949
7.75 -0.905823 -0.766248
7.76 -0.898156 -0.767537
7.77 -0.890295 -0.768814
7.78 -0.882229 -0.77008
7.79 -0.873948 -0.771335
7.8 -0.865441 -0.772577
7.81 -0.856695 -0.773807
7.82 -0.847699 -0.775025
7.83 -0.838438 -0.776229
7.84 -0.828898 -0.77742
7.85 -0.819062 -0.778597
7.86 -0.808914 -0.77976
7.87 -0.798436 -0.780908
7.88 -0.787608 -0.782041
7.89 -0.776408 -0.783158
7.9 -0.764814 -0.784259
7.91 -0.7528 -0.785343
7.92 -0.74034 -0.78641
7.93 -0.727403 -0.787458
7.94 -0.71396 -0.788488
7.95 -0.699974 -0.789498
7.96 -0.685408 -0.790488
7.97 -0.670222 -0.791456
7.98 -0.65437 -0.792402
7.99 -0.637805 -0.793325
8 -0.620471 -0.794224
8.01 -0.602311 -0.795098
8.02 -0.583262 -0.795945
8.03 -0.563252 -0.796764
8.04 -0.542204 -0.797554
8.05 -0.520034 -0.798312
8.06 -0.49665 -0.799039
8.07 -0.471947 -0.799731
8.08 -0.445815 -0.800386
8.09 -0.418129 -0.801004
8.1 -0.388754 -0.80158
8.11 -0.35754 -0.802114
8.12 -0.324323 -0.802601
8.13 -0.288927 -0.803039
8.14 -0.251155 -0.803425
8.15 -0.210796 -0.803756
8.16 -0.167625 -0.804026
8.17 -0.121397 -0.804233
8.18 -0.0718568 -0.804372
8.19 -0.0187375 -0.804437
8.2 0.0382319 -0.804423
8.21 0.0993191 -0.804325
8.22 0.164776 -0.804137
8.23 0.234825 -0.803852
8.24 0.309632 -0.803464
8.25 0.389286 -0.802966
8.26 0.473764 -0.80235
8.27 0.562893 -0.80161
8.28 0.656317 -0.800739
8.29 0.753455 -0.799733
8.3 0.853486 -0.798585
8.31 0.955334 -0.797293
8.32 1.0577 -0.795855
8.33 1.1591 -0.794272
8.34 1.25797 -0.792545
8.35 1.35277 -0.79068
8.36 1.44209 -0.788682
8.37 1.52479 -0.786562
8.38 1.60003 -0.784329
8.39 1.66735 -0.781995
8.4 1.72664 -0.779569
8.41 1.77811 -0.777065
8.42 1.8222 -0.774493
8.43 1.85952 -0.771862
8.44 1.89077 -0.769183
8.45 1.91671 -0.766462
8.46 1.93805 -0.763709
8.47 1.95547 -0.760927
8.48 1.96959 -0.758123
8.49 1.98096 -0.755301
8.5 1.99004 -0.752464
8.51 1.99725 -0.749616
8.52 2.00291 -0.746759
8.53 2.00732 -0.743894
8.54 2.0107 -0.741024
8.55 2.01326 -0.738149
8.56 2.01514 -0.735272
8.57 2.01648 -0.732392
8.58 2.01738 -0.729511
8.59 2.01792 -0.726628
8.6 2.01818 -0.723745
8.61 2.0182 -0.720862
8.62 2.01804 -0.717979
8.63 2.01773 -0.715097
8.64 2.01729 -0.712214
8.65 2.01676 -0.709333
8.66 2.01615 -0.706452
8.67 2.01548 -0.703573
8.68 2.01476 -0.700694
8.69 2.01399 -0.697816
8.7 2.01319 -0.69494
8.71 2.01236 -0.692064
8.72 2.01151 -0.68919
8.73 2.01064 -0.686317
8.74 2.00976 -0.683445
8.75 2.00887 -0.680575
8.76 2.00796 -0.677706
8.77 2.00705 -0.674838
8.78 2.00613 -0.671971
8.79 2.00521 -0.669106
8.8 2.00428 -0.666242
8.81 2.00335 -0.663379
8.82 2.00241 -0.660518
8.83 2.00147 -0.657658
8.84 2.00053 -0.6548
8.85 1.99959 -0.651943
8.86 1.99864 -0.649087
8.87 1.9977 -0.646232
8.88 1.99675 -0.643379
8.89 1.9958 -0.640527
8.9 1.99485 -0.637677
8.91 1.9939 -0.634828
8.92 1.99294 -0.63198
8.93 1.99199 -0.629133
8.94 1.99104 -0.626288
8.95 1.99008 -0.623445
8.96 1.98912 -0.620602
8.97 1.98817 -0.617762
8.98 1.98721 -0.614922
8.99 1.98625 -0.612084
9 1.98529 -0.609247
9.01 1.98433 -0.606412
9.02 1.98337 -0.603577
9.03 1.9824 -0.600745
9.04 1.98144 -0.597913
9.05 1.98048 -0.595084
9.06 1.97951 -0.592255
9.07 1.97855 -0.589428
9.08 1.97758 -0.586602
9.09 1.97661 -0.583778
9.1 1.97565 -0.580954
9.11 1.97468 -0.578133
9.12 1.97371 -0.575313
9.13 1.97274 -0.572494
9.14 1.97177 -0.569676
9.15 1.97079 -0.56686
9.16 1.96982 -0.564045
9.17 1.96885 -0.561232
9.18 1.96787 -0.55842
9.19 1.9669 -0.555609
9.2 1.96592 -0.5528
9.21 1.96495 -0.549993
9.22 1.96397 -0.547186
9.23 1.96299 -0.544381
9.24 1.96201 -0.541578
9.25 1.96103 -0.538775
9.26 1.96005 -0.535975
9.27 1.95907 -0.533175
9.28 1.95809 -0.530377
9.29 1.9571 -0.527581
9.3 1.95612 -0.524786
9.31 1.95514 -0.521992
9.32 1.95415 -0.5192
9.33 1.95316 -0.516409
9.34 1.95218 -0.513619
9.35 1.95119 -0.510831
9.36 1.9502 -0.508044
9.37 1.94921 -0.505259
9.38 1.94822 -0.502475
9.39 1.94723 -0.499693
9.4 1.94623 -0.496912
9.41 1.94524 -0.494132
9.42 1.94425 -0.491354
9.43 1.94325 -0.488577
9.44 1.94225 -0.485802
9.45 1.94126 -0.483028
9.46 1.94026 -0.480255
9.47 1.93926 -0.477484
9.48 1.93826 -0.474714
9.49 1.93726 -0.471946
9.5 1.93626 -0.469179
9.51 1.93526 -0.466414
9.52 1.93426 -0.46365
9.53 1.93325 -0.460888
9.54 1.93225 -0.458126
9.55 1.93124 -0.455367
9.56 1.93024 -0.452609
9.57 1.92923 -0.449852
9.58 1.92822 -0.447097
9.59 1.92721 -0.444343
9.6 1.9262 -0.44159
9.61 1.92519 -0.438839
9.62 1.92418 -0.43609
9.63 1.92316 -0.433342
9.64 1.92215 -0.430595
9.65 1.92114 -0.42785
9.66 1.92012 -0.425106
9.67 1.9191 -0.422364
9.68 1.91809 -0.419623
9.69 1.91707 -0.416883
9.7 1.91605 -0.414146
9.71 1.91503 -0.411409
9.72 1.91401 -0.408674
9.73 1.91299 -0.40594
9.74 1.91196 -0.403208
9.75 1.91094 -0.400478
9.76 1.90991 -0.397749
9.77 1.90889 -0.395021
9.78 1.90786 -0.392295
9.79 1.90683 -0.38957
9.8 1.90581 -0.386846
9.81 1.90478 -0.384125
9.82 1.90374 -0.381404
9.83 1.90271 -0.378685
9.84 1.90168 -0.375968
9.85 1.90065 -0.373252
9.86 1.89961 -0.370537
9.87 1.89858 -0.367824
9.88 1.89754 -0.365113
9.89 1.8965 -0.362403
9.9 1.89546 -0.359694
9.91 1.89443 -0.356987
9.92 1.89339 -0.354282
9.93 1.89234 -0.351578
9.94 1.8913 -0.348875
9.95 1.89026 -0.346174
9.96 1.88921 -0.343474
9.97 1.88817 -0.340776
9.98 1.88712 -0.33808
9.99 1.88607 -0.335384
10 1.88503 -0.332691
10.01 1.88398 -0.329999
10.02 1.88293 -0.327308
10.03 1.88187 -0.324619
10.04 1.88082 -0.321931
10.05 1.87977 -0.319245
10.06 1.87871 -0.31656
10.07 1.87766 -0.313877
10.08 1.8766 -0.311196
10.09 1.87554 -0.308516
10.1 1.87448 -0.305837
10.11 1.87342 -0.30316
10.12 1.87236 -0.300484
10.13 1.8713 -0.29781
10.14 1.87024 -0.295138
10.15 1.86917 -0.292467
10.16 1.86811 -0.289797
10.17 1.86704 -0.287129
10.18 1.86598 -0.284463
10.19 1.86491 -0.281798
10.2 1.86384 -0.279135
10.21 1.86277 -0.276473
10.22 1.8617 -0.273812
10.23 1.86062 -0.271154
10.24 1.85955 -0.268496
10.25 1.85847 -0.265841
10.26 1.8574 -0.263186
10.27 1.85632 -0.260534
10.28 1.85524 -0.257883
10.29 1.85416 -0.255233
10.3 1.85308 -0.252585
10.31 1.852 -0.249938
10.32 1.85092 -0.247294
10.33 1.84984 -0.24465
10.34 1.84875 -0.242008
10.35 1.84766 -0.239368
10.36 1.84658 -0.236729
10.37 1.84549 -0.234092
10.38 1.8444 -0.231456
10.39 1.84331 -0.228822
10.4 1.84222 -0.22619
10.41 1.84112 -0.223559
10.42 1.84003 -0.22093
10.43 1.83893 -0.218302
10.44 1.83784 -0.215675
10.45 1.83674 -0.213051
10.46 1.83564 -0.210428
10.47 1.83454 -0.207806
10.48 1.83344 -0.205186
10.49 1.83234 -0.202568
10.5 1.83123 -0.199951
10.51 1.83013 -0.197336
10.52 1.82902 -0.194722
10.53 1.82791 -0.19211
10.54 1.82681 -0.189499
10.55 1.8257 -0.18689
10.56 1.82458 -0.184283
10.57 1.82347 -0.181677
10.58 1.82236 -0.179073
10.59 1.82124 -0.17647
10.6 1.82013 -0.17387
10.61 1.81901 -0.17127
10.62 1.81789 -0.168672
10.63 1.81677 -0.166076
10.64 1.81565 -0.163482
10.65 1.81453 -0.160889
10.66 1.81341 -0.158297
10.67 1.81228 -0.155707
10.68 1.81116 -0.153119
10.69 1.81003 -0.150533
10.7 1.8089 -0.147948
10.71 1.80777 -0.145364
10.72 1.80664 -0.142783
10.73 1.80551 -0.140203
10.74 1.80437 -0.137624
10.75 1.80324 -0.135047
10.76 1.8021 -0.132472
10.77 1.80096 -0.129898
10.78 1.79982 -0.127326
10.79 1.79868 -0.124756
10.8 1.79754 -0.122187
10.81 1.7964 -0.11962
10.82 1.79526 -0.117055
10.83 1.79411 -0.114491
10.84 1.79296 -0.111929
10.85 1.79181 -0.109368
10.86 1.79066 -0.106809
10.87 1.78951 -0.104252
10.88 1.78836 -0.101696
10.89 1.78721 -0.0991423
10.9 1.78605 -0.09659
10.91 1.78489 -0.0940393
10.92 1.78374 -0.0914903
10.93 1.78258 -0.0889429
10.94 1.78142 -0.0863972
10.95 1.78025 -0.0838532
10.96 1.77909 -0.0813108
10.97 1.77792 -0.0787701
10.98 1.77676 -0.076231
10.99 1.77559 -0.0736936
11 1.77442 -0.0711579
11.01 1.77325 -0.0686238
11.02 1.77208 -0.0660915
11.03 1.7709 -0.0635607
11.04 1.76973 -0.0610317
11.05 1.76855 -0.0585044
11.06 1.76737 -0.0559787
11.07 1.76619 -0.0534547
11.08 1.76501 -0.0509325
11.09 1.76383 -0.0484119
11.1 1.76265 -0.0458929
11.11 1.76146 -0.0433757
11.12 1.76027 -0.0408602
11.13 1.75908 -0.0383464
11.14 1.75789 -0.0358342
11.15 1.7567 -0.0333238
11.16 1.75551 -0.0308151
11.17 1.75431 -0.0283081
11.18 1.75312 -0.0258028
11.19 1.75192 -0.0232992
11.2 1.75072 -0.0207973
11.21 1.74952 -0.0182971
11.22 1.74832 -0.0157987
11.23 1.74711 -0.0133019
11.24 1.74591 -0.0108069
11.25 1.7447 -0.00831363
11.26 1.74349 -0.00582206
11.27 1.74228 -0.00333223
11.28 1.74107 -0.000844123
11.29 1.73985 0.00164225
11.3 1.73864 0.00412689
11.31 1.73742 0.00660978
11.32 1.7362 0.00909094
11.33 1.73498 0.0115704
11.34 1.73376 0.014048
11.35 1.73254 0.016524
11.36 1.73131 0.0189981
11.37 1.73008 0.0214706
11.38 1.72885 0.0239412
11.39 1.72762 0.0264101
11.4 1.72639 0.0288773
11.41 1.72516 0.0313427
11.42 1.72392 0.0338063
11.43 1.72268 0.0362682
11.44 1.72145 0.0387283
11.45 1.72021 0.0411866
11.46 1.71896 0.0436431
11.47 1.71772 0.0460979
11.48 1.71647 0.0485509
11.49 1.71522 0.0510021
11.5 1.71397 0.0534515
11.51 1.71272 0.0558992
11.52 1.71147 0.058345
11.53 1.71022 0.0607891
11.54 1.70896 0.0632314
11.55 1.7077 0.0656718
11.56 1.70644 0.0681105
11.57 1.70518 0.0705474
11.58 1.70391 0.0729824
11.59 1.70265 0.0754157
11.6 1.70138 0.0778472
11.61 1.70011 0.0802768
11.62 1.69884 0.0827046
11.63 1.69757 0.0851306
11.64 1.69629 0.0875548
11.65 1.69501 0.0899772
11.66 1.69373 0.0923977
11.67 1.69245 0.0948164
11.68 1.69117 0.0972333
11.69 1.68988 0.0996483
11.7 1.6886 0.102062
11.71 1.68731 0.104473
11.72 1.68602 0.106882
11.73 1.68473 0.10929
11.74 1.68343 0.111696
11.75 1.68213 0.1141
11.76 1.68083 0.116502
11.77 1.67953 0.118902
11.78 1.67823 0.121301
11.79 1.67693 0.123697
11.8 1.67562 0.126092
11.81 1.67431 0.128485
11.82 1.673 0.130876
11.83 1.67169 0.133265
11.84 1.67037 0.135652
11.85 1.66905 0.138037
11.86 1.66773 0.140421
11.87 1.66641 0.142802
11.88 1.66509 0.145182
11.89 1.66376 0.14756
11.9 1.66244 0.149935
11.91 1.66111 0.152309
11.92 1.65977 0.154681
11.93 1.65844 0.157052
11.94 1.6571 0.15942
11.95 1.65576 0.161786
11.96 1.65442 0.164151
11.97 1.65308 0.166513
11.98 1.65173 0.168874
11.99 1.65039 0.171232
12 1.64904 0.173589
12.01 1.64768 0.175944
12.02 1.64633 0.178297
12.03 1.64497 0.180648
12.04 1.64361 0.182997
12.05 1.64225 0.185344
12.06 1.64089 0.187689
12.07 1.63952 0.190032
12.08 1.63815 0.192373
12.09 1.63678 0.194712
12.1 1.63541 0.19705
12.11 1.63403 0.199385
12.12 1.63265 0.201718
12.13 1.63127 0.20405
12.14 1.62989 0.206379
12.15 1.6285 0.208706
12.16 1.62711 0.211032
12.17 1.62572 0.213355
12.18 1.62433 0.215677
12.19 1.62294 0.217996
12.2 1.62154 0.220314
12.21 1.62014 0.222629
12.22 1.61873 0.224943
12.23 1.61733 0.227254
12.24 1.61592 0.229564
12.25 1.61451 0.231871
12.26 1.61309 0.234177
12.27 1.61168 0.23648
12.28 1.61026 0.238781
12.29 1.60884 0.241081
12.3 1.60741 0.243378
12.31 1.60599 0.245673
12.32 1.60456 0.247967
12.33 1.60313 0.250258
12.34 1.60169 0.252547
12.35 1.60025 0.254834
12.36 1.59881 0.257119
12.37 1.59737 0.259402
12.38 1.59592 0.261683
12.39 1.59447 0.263962
12.4 1.59302 0.266239
12.41 1.59157 0.268513
12.42 1.59011 0.270786
12.43 1.58865 0.273056
12.44 1.58718 0.275325
12.45 1.58572 0.277591
12.46 1.58425 0.279856
12.47 1.58278 0.282118
12.48 1.5813 0.284378
12.49 1.57982 0.286636
12.5 1.57834 0.288892
12.51 1.57686 0.291145
12.52 1.57537 0.293397
12.53 1.57388 0.295646
12.54 1.57238 0.297894
12.55 1.57089 0.300139
12.56 1.56939 0.302382
12.57 1.56789 0.304623
12.58 1.56638 0.306862
12.59 1.56487 0.309098
12.6 1.56336 0.311333
12.61 1.56184 0.313565
12.62 1.56032 0.315795
12.63 1.5588 0.318023
12.64 1.55727 0.320249
12.65 1.55574 0.322472
12.66 1.55421 0.324694
12.67 1.55267 0.326913
12.68 1.55114 0.32913
12.69 1.54959 0.331345
12.7 1.54805 0.333557
12.71 1.5465 0.335768
12.72 1.54494 0.337976
12.73 1.54339 0.340182
12.74 1.54183 0.342386
12.75 1.54026 0.344587
12.76 1.53869 0.346786
12.77 1.53712 0.348983
12.78 1.53555 0.351178
12.79 1.53397 0.353371
12.8 1.53239 0.355561
12.81 1.5308 0.357749
12.82 1.52921 0.359935
12.83 1.52762 0.362118
12.84 1.52602 0.364299
12.85 1.52442 0.366478
12.86 1.52281 0.368655
12.87 1.52121 0.370829
12.88 1.51959 0.373001
12.89 1.51798 0.375171
12.9 1.51635 0.377338
12.91 1.51473 0.379503
12.92 1.5131 0.381666
12.93 1.51147 0.383826
12.94 1.50983 0.385984
12.95 1.50819 0.38814
12.96 1.50654 0.390293
12.97 1.50489 0.392444
12.98 1.50324 0.394593
12.99 1.50158 0.396739
13 1.49992 0.398883
13.01 1.49825 0.401025
13.02 1.49658 0.403164
13.03 1.49491 0.405301
13.04 1.49323 0.407435
13.05 1.49154 0.409567
13.06 1.48985 0.411697
13.07 1.48816 0.413824
13.08 1.48646 0.415949
13.09 1.48476 0.418071
13.1 1.48305 0.420191
13.11 1.48134 0.422308
13.12 1.47962 0.424423
13.13 1.4779 0.426536
13.14 1.47617 0.428646
13.15 1.47444 0.430753
13.16 1.4727 0.432858
13.17 1.47096 0.434961
13.18 1.46921 0.437061
13.19 1.46746 0.439159
13.2 1.4657 0.441254
13.21 1.46394 0.443346
13.22 1.46217 0.445437
13.23 1.4604 0.447524
13.24 1.45862 0.449609
13.25 1.45684 0.451692
13.26 1.45505 0.453772
13.27 1.45326 0.455849
13.28 1.45146 0.457924
13.29 1.44965 0.459996
13.3 1.44784 0.462066
13.31 1.44603 0.464133
13.32 1.44421 0.466197
13.33 1.44238 0.468259
13.34 1.44055 0.470318
13.35 1.43871 0.472375
13.36 1.43686 0.474429
13.37 1.43501 0.47648
13.38 1.43315 0.478529
13.39 1.43129 0.480575
13.4 1.42942 0.482618
13.41 1.42755 0.484659
13.42 1.42566 0.486697
13.43 1.42378 0.488732
13.44 1.42188 0.490765
13.45 1.41998 0.492795
13.46 1.41807 0.494822
13.47 1.41616 0.496846
13.48 1.41424 0.498868
13.49 1.41231 0.500887
13.5 1.41038 0.502903
13.51 1.40843 0.504917
13.52 1.40649 0.506927
13.53 1.40453 0.508935
13.54 1.40257 0.51094
13.55 1.4006 0.512943
13.56 1.39862 0.514942
13.57 1.39664 0.516939
13.58 1.39465 0.518932
13.59 1.39265 0.520923
13.6 1.39064 0.522911
13.61 1.38863 0.524897
13.62 1.38661 0.526879
13.63 1.38458 0.528858
13.64 1.38254 0.530835
13.65 1.38049 0.532808
13.66 1.37844 0.534779
13.67 1.37638 0.536747
13.68 1.37431 0.538712
13.69 1.37223 0.540673
13.7 1.37014 0.542632
13.71 1.36805 0.544588
13.72 1.36594 0.546541
13.73 1.36383 0.548491
13.74 1.36171 0.550438
13.75 1.35958 0.552381
13.76 1.35744 0.554322
13.77 1.35529 0.55626
13.78 1.35313 0.558194
13.79 1.35096 0.560126
13.8 1.34878 0.562054
13.81 1.3466 0.563979
13.82 1.3444 0.565902
13.83 1.34219 0.567821
13.84 1.33997 0.569736
13.85 1.33775 0.571649
13.86 1.33551 0.573559
13.87 1.33326 0.575465
13.88 1.331 0.577368
13.89 1.32873 0.579268
13.9 1.32645 0.581164
13.91 1.32416 0.583058
13.92 1.32185 0.584948
13.93 1.31954 0.586834
13.94 1.31721 0.588718
13.95 1.31488 0.590598
13.96 1.31253 0.592474
13.97 1.31016 0.594348
13.98 1.30779 0.596218
13.99 1.3054 0.598084
14 1.303 0.599947
14.01 1.30059 0.601807
14.02 1.29817 0.603663
14.03 1.29573 0.605516
14.04 1.29328 0.607365
14.05 1.29081 0.609211
14.06 1.28833 0.611054
14.07 1.28584 0.612892
14.08 1.28333 0.614727
14.09 1.28081 0.616559
14.1 1.27827 0.618387
14.11 1.27572 0.620211
14.12 1.27316 0.622032
14.13 1.27058 0.623849
14.14 1.26798 0.625662
14.15 1.26536 0.627471
14.16 1.26273 0.629277
14.17 1.26009 0.631079
14.18 1.25742 0.632877
14.19 1.25474 0.634672
14.2 1.25205 0.636462
14.21 1.24933 0.638249
14.22 1.2466 0.640032
14.23 1.24385 0.641811
14.24 1.24108 0.643586
14.25 1.23829 0.645357
14.26 1.23548 0.647124
14.27 1.23265 0.648887
14.28 1.2298 0.650646
14.29 1.22693 0.6524
14.3 1.22405 0.654151
14.31 1.22113 0.655898
14.32 1.2182 0.65764
14.33 1.21525 0.659378
14.34 1.21227 0.661112
14.35 1.20927 0.662842
14.36 1.20625 0.664567
14.37 1.2032 0.666288
14.38 1.20013 0.668005
14.39 1.19703 0.669717
14.4 1.19391 0.671425
14.41 1.19076 0.673128
14.42 1.18759 0.674827
14.43 1.18438 0.676521
14.44 1.18115 0.678211
14.45 1.17789 0.679896
14.46 1.17461 0.681577
14.47 1.17129 0.683252
14.48 1.16794 0.684923
14.49 1.16456 0.686589
14.5 1.16115 0.68825
14.51 1.15771 0.689907
14.52 1.15424 0.691558
14.53 1.15072 0.693205
14.54 1.14718 0.694846
14.55 1.1436 0.696482
14.56 1.13998 0.698113
14.57 1.13632 0.699739
14.58 1.13263 0.70136
14.59 1.12889 0.702975
14.6 1.12512 0.704585
14.61 1.1213 0.70619
14.62 1.11744 0.707789
14.63 1.11354 0.709383
14.64 1.10959 0.710971
14.65 1.10559 0.712553
14.66 1.10155 0.714129
14.67 1.09746 0.7157
14.68 1.09331 0.717265
14.69 1.08911 0.718824
14.7 1.08486 0.720377
14.71 1.08056 0.721923
14.72 1.07619 0.723464
14.73 1.07177 0.724998
14.74 1.06729 0.726526
14.75 1.06274 0.728048
14.76 1.05813 0.729562
14.77 1.05345 0.731071
14.78 1.04871 0.732572
14.79 1.04389 0.734067
14.8 1.039 0.735555
14.81 1.03403 0.737036
14.82 1.02898 0.738509
14.83 1.02385 0.739975
14.84 1.01864 0.741434
14.85 1.01333 0.742886
14.86 1.00794 0.74433
14.87 1.00245 0.745766
14.88 0.996863 0.747194
14.89 0.991174 0.748614
14.9 0.985378 0.750026
14.91 0.979472 0.751429
14.92 0.973451 0.752824
14.93 0.967311 0.75421
14.94 0.961046 0.755588
14.95 0.95465 0.756956
14.96 0.94812 0.758315
14.97 0.941447 0.759665
14.98 0.934627 0.761005
14.99 0.927652 0.762335
15 0.920516 0.763655
15.01 0.91321 0.764965
15.02 0.905727 0.766264
15.03 0.898059 0.767553
15.04 0.890195 0.76883
15.05 0.882126 0.770096
15.06 0.873842 0.77135
15.07 0.865332 0.772593
15.08 0.856584 0.773823
15.09 0.847584 0.77504
15.1 0.838319 0.776244
15.11 0.828775 0.777435
15.12 0.818936 0.778612
15.13 0.808784 0.779775
15.14 0.798302 0.780923
15.15 0.787469 0.782055
15.16 0.776265 0.783172
15.17 0.764665 0.784273
15.18 0.752646 0.785357
15.19 0.740179 0.786423
15.2 0.727237 0.787472
15.21 0.713787 0.788501
15.22 0.699794 0.789511
15.23 0.685221 0.7905
15.24 0.670027 0.791468
15.25 0.654166 0.792414
15.26 0.637591 0.793337
15.27 0.620247 0.794235
15.28 0.602077 0.795109
15.29 0.583016 0.795955
15.3 0.562993 0.796774
15.31 0.541932 0.797563
15.32 0.519747 0.798322
15.33 0.496347 0.799048
15.34 0.471627 0.799739
15.35 0.445476 0.800395
15.36 0.41777 0.801011
15.37 0.388372 0.801587
15.38 0.357134 0.80212
15.39 0.323891 0.802607
15.4 0.288466 0.803044
15.41 0.250662 0.80343
15.42 0.21027 0.803759
15.43 0.167062 0.804029
15.44 0.120794 0.804235
15.45 0.0712101 0.804373
15.46 0.0180441 0.804437
15.47 -0.0389756 0.804423
15.48 -0.100116 0.804324
15.49 -0.16563 0.804134
15.5 -0.235737 0.803848
15.51 -0.310605 0.803459
15.52 -0.390321 0.802959
15.53 -0.474859 0.802341
15.54 -0.564045 0.8016
15.55 -0.657519 0.800727
15.56 -0.7547 0.799719
15.57 -0.85476 0.79857
15.58 -0.956623 0.797276
15.59 -1.05898 0.795836
15.6 -1.16036 0.794251
15.61 -1.25919 0.792522
15.62 -1.35393 0.790655
15.63 -1.44318 0.788657
15.64 -1.52579 0.786535
15.65 -1.60093 0.784301
15.66 -1.66815 0.781965
15.67 -1.72734 0.779538
15.68 -1.77871 0.777033
15.69 -1.82271 0.77446
15.7 -1.85995 0.771829
15.71 -1.89113 0.769149
15.72 -1.917 0.766428
15.73 -1.93829 0.763674
15.74 -1.95567 0.760892
15.75 -1.96975 0.758088
15.76 -1.98108 0.755265
15.77 -1.99014 0.752428
15.78 -1.99733 0.74958
15.79 -2.00297 0.746722
15.8 -2.00737 0.743858
15.81 -2.01074 0.740988
15.82 -2.01329 0.738113
15.83 -2.01516 0.735236
15.84 -2.01649 0.732356
15.85 -2.01739 0.729475
15.86 -2.01792 0.726592
15.87 -2.01818 0.723709
15.88 -2.0182 0.720826
15.89 -2.01804 0.717943
15.9 -2.01772 0.71506
15.91 -2.01729 0.712178
15.92 -2.01676 0.709297
15.93 -2.01615 0.706416
15.94 -2.01547 0.703536
15.95 -2.01475 0.700658
15.96 -2.01398 0.69778
15.97 -2.01318 0.694903
15.98 -2.01235 0.692028
15.99 -2.0115 0.689154
16 -2.01063 0.686281
16.01 -2.00975 0.683409
16.02 -2.00886 0.680539
16.03 -2.00795 0.67767
16.04 -2.00704 0.674802
16.05 -2.00612 0.671935
16.06 -2.0052 0.66907
16.07 -2.00427 0.666206
16.08 -2.00333 0.663343
16.09 -2.0024 0.660482
16.1 -2.00146 0.657622
16.11 -2.00052 0.654764
16.12 -1.99958 0.651907
16.13 -1.99863 0.649051
16.14 -1.99768 0.646196
16.15 -1.99674 0.643343
16.16 -1.99579 0.640491
16.17 -1.99484 0.637641
16.18 -1.99388 0.634792
16.19 -1.99293 0.631944
16.2 -1.99198 0.629098
16.21 -1.99102 0.626253
16.22 -1.99007 0.623409
16.23 -1.98911 0.620567
16.24 -1.98815 0.617726
16.25 -1.9872 0.614886
16.26 -1.98624 0.612048
16.27 -1.98528 0.609211
16.28 -1.98432 0.606376
16.29 -1.98335 0.603542
16.3 -1.98239 0.600709
16.31 -1.98143 0.597878
16.32 -1.98047 0.595048
16.33 -1.9795 0.592219
16.34 -1.97854 0.589392
16.35 -1.97757 0.586566
16.36 -1.9766 0.583742
16.37 -1.97563 0.580919
16.38 -1.97467 0.578097
16.39 -1.9737 0.575277
16.4 -1.97273 0.572458
16.41 -1.97175 0.569641
16.42 -1.97078 0.566825
16.43 -1.96981 0.56401
16.44 -1.96884 0.561197
16.45 -1.96786 0.558385
16.46 -1.96689 0.555574
16.47 -1.96591 0.552765
16.48 -1.96493 0.549957
16.49 -1.96396 0.547151
16.5 -1.96298 0.544346
16.51 -1.962 0.541542
16.52 -1.96102 0.53874
16.53 -1.96004 0.535939
16.54 -1.95906 0.53314
16.55 -1.95808 0.530342
16.56 -1.95709 0.527546
16.57 -1.95611 0.52475
16.58 -1.95512 0.521957
16.59 -1.95414 0.519164
16.6 -1.95315 0.516373
16.61 -1.95216 0.513584
16.62 -1.95117 0.510796
16.63 -1.95019 0.508009
16.64 -1.9492 0.505224
16.65 -1.9482 0.50244
16.66 -1.94721 0.499658
16.67 -1.94622 0.496877
16.68 -1.94523 0.494097
16.69 -1.94423 0.491319
16.7 -1.94324 0.488542
16.71 -1.94224 0.485767
16.72 -1.94125 0.482993
16.73 -1.94025 0.48022
16.74 -1.93925 0.477449
16.75 -1.93825 0.47468
16.76 -1.93725 0.471911
16.77 -1.93625 0.469145
16.78 -1.93525 0.466379
16.79 -1.93424 0.463615
16.8 -1.93324 0.460853
16.81 -1.93223 0.458092
16.82 -1.93123 0.455332
16.83 -1.93022 0.452574
16.84 -1.92922 0.449817
16.85 -1.92821 0.447062
16.86 -1.9272 0.444308
16.87 -1.92619 0.441556
16.88 -1.92518 0.438805
16.89 -1.92416 0.436055
16.9 -1.92315 0.433307
16.91 -1.92214 0.43056
16.92 -1.92112 0.427815
16.93 -1.92011 0.425071
16.94 -1.91909 0.422329
16.95 -1.91807 0.419588
16.96 -1.91706 0.416849
16.97 -1.91604 0.414111
16.98 -1.91502 0.411375
16.99 -1.914 0.40864
17 -1.91297 0.405906
17.01 -1.91195 0.403174
17.02 -1.91093 0.400443
17.03 -1.9099 0.397714
17.04 -1.90888 0.394986
17.05 -1.90785 0.39226
17.06 -1.90682 0.389535
17.07 -1.90579 0.386812
17.08 -1.90476 0.38409
17.09 -1.90373 0.38137
17.1 -1.9027 0.378651
17.11 -1.90167 0.375934
17.12 -1.90063 0.373218
17.13 -1.8996 0.370503
17.14 -1.89856 0.36779
17.15 -1.89753 0.365079
17.16 -1.89649 0.362369
17.17 -1.89545 0.35966
17.18 -1.89441 0.356953
17.19 -1.89337 0.354248
17.2 -1.89233 0.351544
17.21 -1.89129 0.348841
17.22 -1.89024 0.34614
17.23 -1.8892 0.34344
17.24 -1.88816 0.340742
17.25 -1.88711 0.338046
17.26 -1.88606 0.33535
17.27 -1.88501 0.332657
17.28 -1.88396 0.329965
17.29 -1.88291 0.327274
17.3 -1.88186 0.324585
17.31 -1.88081 0.321897
17.32 -1.87976 0.319211
17.33 -1.8787 0.316527
17.34 -1.87764 0.313844
17.35 -1.87659 0.311162
17.36 -1.87553 0.308482
17.37 -1.87447 0.305803
17.38 -1.87341 0.303126
17.39 -1.87235 0.300451
17.4 -1.87129 0.297777
17.41 -1.87023 0.295104
17.42 -1.86916 0.292433
17.43 -1.8681 0.289764
17.44 -1.86703 0.287096
17.45 -1.86596 0.284429
17.46 -1.86489 0.281764
17.47 -1.86382 0.279101
17.48 -1.86275 0.276439
17.49 -1.86168 0.273779
17.5 -1.86061 0.27112
17.51 -1.85954 0.268463
17.52 -1.85846 0.265807
17.53 -1.85739 0.263153
17.54 -1.85631 0.2605
17.55 -1.85523 0.257849
17.56 -1.85415 0.2552
17.57 -1.85307 0.252552
17.58 -1.85199 0.249905
17.59 -1.85091 0.24726
17.6 -1.84982 0.244617
17.61 -1.84874 0.241975
17.62 -1.84765 0.239335
17.63 -1.84656 0.236696
17.64 -1.84547 0.234059
17.65 -1.84438 0.231423
17.66 -1.84329 0.228789
17.67 -1.8422 0.226157
17.68 -1.84111 0.223526
17.69 -1.84001 0.220896
17.7 -1.83892 0.218269
17.71 -1.83782 0.215642
17.72 -1.83673 0.213018
17.73 -1.83563 0.210395
17.74 -1.83453 0.207773
17.75 -1.83342 0.205153
17.76 -1.83232 0.202535
17.77 -1.83122 0.199918
17.78 -1.83011 0.197303
17.79 -1.82901 0.194689
17.8 -1.8279 0.192077
17.81 -1.82679 0.189466
17.82 -1.82568 0.186857
17.83 -1.82457 0.18425
17.84 -1.82346 0.181644
17.85 -1.82235 0.17904
17.86 -1.82123 0.176438
17.87 -1.82011 0.173837
17.88 -1.819 0.171237
17.89 -1.81788 0.16864
17.9 -1.81676 0.166043
17.91 -1.81564 0.163449
17.92 -1.81452 0.160856
17.93 -1.81339 0.158265
17.94 -1.81227 0.155675
17.95 -1.81114 0.153087
17.96 -1.81001 0.1505
17.97 -1.80889 0.147915
17.98 -1.80776 0.145332
17.99 -1.80662 0.14275
18 -1.80549 0.14017
18.01 -1.80436 0.137592
18.02 -1.80322 0.135015
18.03 -1.80209 0.13244
18.04 -1.80095 0.129866
18.05 -1.79981 0.127294
18.06 -1.79867 0.124724
18.07 -1.79753 0.122155
18.08 -1.79639 0.119588
18.09 -1.79524 0.117022
18.1 -1.7941 0.114459
18.11 -1.79295 0.111896
18.12 -1.7918 0.109336
18.13 -1.79065 0.106777
18.14 -1.7895 0.10422
18.15 -1.78835 0.101664
18.16 -1.78719 0.0991101
18.17 -1.78604 0.0965578
18.18 -1.78488 0.0940072
18.19 -1.78372 0.0914582
18.2 -1.78256 0.0889108
18.21 -1.7814 0.0863651
18.22 -1.78024 0.0838211
18.23 -1.77908 0.0812787
18.24 -1.77791 0.078738
18.25 -1.77674 0.076199
18.26 -1.77558 0.0736616
18.27 -1.77441 0.0711259
18.28 -1.77324 0.0685919
18.29 -1.77206 0.0660595
18.3 -1.77089 0.0635289
18.31 -1.76971 0.0609999
18.32 -1.76854 0.0584725
18.33 -1.76736 0.0559469
18.34 -1.76618 0.0534229
18.35 -1.765 0.0509007
18.36 -1.76381 0.0483801
18.37 -1.76263 0.0458612
18.38 -1.76145 0.043344
18.39 -1.76026 0.0408285
18.4 -1.75907 0.0383147
18.41 -1.75788 0.0358026
18.42 -1.75669 0.0332922
18.43 -1.75549 0.0307835
18.44 -1.7543 0.0282765
18.45 -1.7531 0.0257712
18.46 -1.7519 0.0232676
18.47 -1.7507 0.0207658
18.48 -1.7495 0.0182656
18.49 -1.7483 0.0157672
18.5 -1.7471 0.0132705
18.51 -1.74589 0.0107755
18.52 -1.74468 0.00828221
18.53 -1.74347 0.00579067
18.54 -1.74226 0.00330086
18.55 -1.74105 0.000812777
18.56 -1.73984 -0.00167357
18.57 -1.73862 -0.00415819
18.58 -1.73741 -0.00664106
18.59 -1.73619 -0.0091222
18.6 -1.73497 -0.0116016
18.61 -1.73374 -0.0140792
18.62 -1.73252 -0.0165551
18.63 -1.73129 -0.0190293
18.64 -1.73007 -0.0215017
18.65 -1.72884 -0.0239724
18.66 -1.72761 -0.0264412
18.67 -1.72638 -0.0289084
18.68 -1.72514 -0.0313737
18.69 -1.72391 -0.0338374
18.7 -1.72267 -0.0362992
18.71 -1.72143 -0.0387593
18.72 -1.72019 -0.0412176
18.73 -1.71895 -0.0436741
18.74 -1.7177 -0.0461288
18.75 -1.71646 -0.0485818
18.76 -1.71521 -0.051033
18.77 -1.71396 -0.0534824
18.78 -1.71271 -0.05593
18.79 -1.71145 -0.0583759
18.8 -1.7102 -0.0608199
18.81 -1.70894 -0.0632621
18.82 -1.70768 -0.0657026
18.83 -1.70642 -0.0681412
18.84 -1.70516 -0.0705781
18.85 -1.7039 -0.0730131
18.86 -1.70263 -0.0754464
18.87 -1.70136 -0.0778778
18.88 -1.70009 -0.0803074
18.89 -1.69882 -0.0827352
18.9 -1.69755 -0.0851612
18.91 -1.69627 -0.0875853
18.92 -1.695 -0.0900077
18.93 -1.69372 -0.0924282
18.94 -1.69244 -0.0948469
18.95 -1.69115 -0.0972637
18.96 -1.68987 -0.0996787
18.97 -1.68858 -0.102092
18.98 -1.68729 -0.104503
18.99 -1.686 -0.106913
19 -1.68471 -0.10932
19.01 -1.68341 -0.111726
19.02 -1.68212 -0.11413
19.03 -1.68082 -0.116532
19.04 -1.67952 -0.118932
19.05 -1.67821 -0.121331
19.06 -1.67691 -0.123727
19.07 -1.6756 -0.126122
19.08 -1.67429 -0.128515
19.09 -1.67298 -0.130906
19.1 -1.67167 -0.133295
19.11 -1.67035 -0.135682
19.12 -1.66904 -0.138067
19.13 -1.66772 -0.140451
19.14 -1.6664 -0.142832
19.15 -1.66507 -0.145212
19.16 -1.66375 -0.147589
19.17 -1.66242 -0.149965
19.18 -1.66109 -0.152339
19.19 -1.65976 -0.154711
19.2 -1.65842 -0.157081
19.21 -1.65708 -0.15945
19.22 -1.65575 -0.161816
19.23 -1.6544 -0.16418
19.24 -1.65306 -0.166543
19.25 -1.65172 -0.168903
19.26 -1.65037 -0.171262
19.27 -1.64902 -0.173619
19.28 -1.64767 -0.175973
19.29 -1.64631 -0.178326
19.3 -1.64495 -0.180677
19.31 -1.64359 -0.183026
19.32 -1.64223 -0.185373
19.33 -1.64087 -0.187718
19.34 -1.6395 -0.190061
19.35 -1.63813 -0.192403
19.36 -1.63676 -0.194742
19.37 -1.63539 -0.197079
19.38 -1.63401 -0.199414
19.39 -1.63264 -0.201748
19.4 -1.63125 -0.204079
19.41 -1.62987 -0.206408
19.42 -1.62849 -0.208736
19.43 -1.6271 -0.211061
19.44 -1.62571 -0.213385
19.45 -1.62431 -0.215706
19.46 -1.62292 -0.218025
19.47 -1.62152 -0.220343
19.48 -1.62012 -0.222658
19.49 -1.61872 -0.224972
19.5 -1.61731 -0.227283
19.51 -1.6159 -0.229593
19.52 -1.61449 -0.2319
19.53 -1.61308 -0.234206
19.54 -1.61166 -0.236509
19.55 -1.61024 -0.23881
19.56 -1.60882 -0.24111
19.57 -1.6074 -0.243407
19.58 -1.60597 -0.245702
19.59 -1.60454 -0.247995
19.6 -1.60311 -0.250287
19.61 -1.60167 -0.252576
19.62 -1.60023 -0.254863
19.63 -1.59879 -0.257148
19.64 -1.59735 -0.259431
19.65 -1.5959 -0.261712
19.66 -1.59445 -0.263991
19.67 -1.593 -0.266267
19.68 -1.59155 -0.268542
19.69 -1.59009 -0.270815
19.7 -1.58863 -0.273085
19.71 -1.58717 -0.275353
19.72 -1.5857 -0.27762
19.73 -1.58423 -0.279884
19.74 -1.58276 -0.282146
19.75 -1.58128 -0.284406
19.76 -1.5798 -0.286664
19.77 -1.57832 -0.28892
19.78 -1.57684 -0.291174
19.79 -1.57535 -0.293425
19.8 -1.57386 -0.295675
19.81 -1.57237 -0.297922
19.82 -1.57087 -0.300167
19.83 -1.56937 -0.30241
19.84 -1.56787 -0.304651
19.85 -1.56636 -0.30689
19.86 -1.56485 -0.309126
19.87 -1.56334 -0.311361
19.88 -1.56182 -0.313593
19.89 -1.5603 -0.315823
19.9 -1.55878 -0.318051
19.91 -1.55725 -0.320277
19.92 -1.55572 -0.3225
19.93 -1.55419 -0.324722
19.94 -1.55266 -0.326941
19.95 -1.55112 -0.329158
19.96 -1.54957 -0.331373
19.97 -1.54803 -0.333585
19.98 -1.54648 -0.335796
19.99 -1.54492 -0.338004
20 -1.54337 -0.34021
20.01 -1.54181 -0.342413
20.02 -1.54024 -0.344615
20.03 -1.53867 -0.346814
20.04 -1.5371 -0.349011
20.05 -1.53553 -0.351206
20.06 -1.53395 -0.353398
20.07 -1.53237 -0.355588
20.08 -1.53078 -0.357776
20.09 -1.52919 -0.359962
20.1 -1.5276 -0.362145
20.11 -1.526 -0.364327
20.12 -1.5244 -0.366505
20.13 -1.52279 -0.368682
20.14 -1.52119 -0.370856
20.15 -1.51957 -0.373028
20.16 -1.51796 -0.375198
20.17 -1.51633 -0.377365
20.18 -1.51471 -0.37953
20.19 -1.51308 -0.381693
20.2 -1.51145 -0.383853
20.21 -1.50981 -0.386011
20.22 -1.50817 -0.388167
20.23 -1.50652 -0.390321
20.24 -1.50487 -0.392472
20.25 -1.50322 -0.39462
20.26 -1.50156 -0.396766
20.27 -1.4999 -0.39891
20.28 -1.49823 -0.401052
20.29 -1.49656 -0.403191
20.3 -1.49488 -0.405328
20.31 -1.4932 -0.407462
20.32 -1.49152 -0.409594
20.33 -1.48983 -0.411724
20.34 -1.48814 -0.413851
20.35 -1.48644 -0.415975
20.36 -1.48473 -0.418098
20.37 -1.48303 -0.420217
20.38 -1.48131 -0.422335
20.39 -1.4796 -0.42445
20.4 -1.47787 -0.426562
20.41 -1.47615 -0.428672
20.42 -1.47442 -0.43078
20.43 -1.47268 -0.432885
20.44 -1.47094 -0.434987
20.45 -1.46919 -0.437088
20.46 -1.46744 -0.439185
20.47 -1.46568 -0.44128
20.48 -1.46392 -0.443373
20.49 -1.46215 -0.445463
20.5 -1.46038 -0.44755
20.51 -1.4586 -0.449635
20.52 -1.45682 -0.451718
20.53 -1.45503 -0.453798
20.54 -1.45324 -0.455875
20.55 -1.45144 -0.45795
20.56 -1.44963 -0.460022
20.57 -1.44782 -0.462092
20.58 -1.44601 -0.464159
20.59 -1.44418 -0.466223
20.6 -1.44236 -0.468285
20.61 -1.44052 -0.470344
20.62 -1.43868 -0.472401
20.63 -1.43684 -0.474455
20.64 -1.43499 -0.476506
20.65 -1.43313 -0.478555
20.66 -1.43127 -0.480601
20.67 -1.4294 -0.482644
20.68 -1.42752 -0.484685
20.69 -1.42564 -0.486723
20.7 -1.42375 -0.488758
20.71 -1.42186 -0.49079
20.72 -1.41996 -0.49282
20.73 -1.41805 -0.494847
20.74 -1.41613 -0.496872
20.75 -1.41421 -0.498894
20.76 -1.41229 -0.500912
20.77 -1.41035 -0.502929
20.78 -1.40841 -0.504942
20.79 -1.40646 -0.506953
20.8 -1.40451 -0.50896
20.81 -1.40254 -0.510966
20.82 -1.40057 -0.512968
20.83 -1.3986 -0.514967
20.84 -1.39661 -0.516964
20.85 -1.39462 -0.518957
20.86 -1.39262 -0.520948
20.87 -1.39062 -0.522936
20.88 -1.3886 -0.524922
20.89 -1.38658 -0.526904
20.9 -1.38455 -0.528883
20.91 -1.38251 -0.53086
20.92 -1.38047 -0.532833
20.93 -1.37841 -0.534804
20.94 -1.37635 -0.536772
20.95 -1.37428 -0.538736
20.96 -1.3722 -0.540698
20.97 -1.37012 -0.542657
20.98 -1.36802 -0.544613
20.99 -1.36592 -0.546566
21 -1.3638 -0.548515
21.01 -1.36168 -0.550462
21.02 -1.35955 -0.552406
21.03 -1.35741 -0.554347
21.04 -1.35526 -0.556284
21.05 -1.3531 -0.558219
21.06 -1.35093 -0.56015
21.07 -1.34876 -0.562078
21.08 -1.34657 -0.564004
21.09 -1.34437 -0.565926
21.1 -1.34216 -0.567845
21.11 -1.33995 -0.569761
21.12 -1.33772 -0.571673
21.13 -1.33548 -0.573583
21.14 -1.33323 -0.575489
21.15 -1.33097 -0.577392
21.16 -1.3287 -0.579292
21.17 -1.32642 -0.581188
21.18 -1.32413 -0.583081
21.19 -1.32182 -0.584971
21.2 -1.31951 -0.586858
21.21 -1.31718 -0.588741
21.22 -1.31485 -0.590621
21.23 -1.3125 -0.592498
21.24 -1.31013 -0.594371
21.25 -1.30776 -0.596241
21.26 -1.30537 -0.598108
21.27 -1.30297 -0.599971
21.28 -1.30056 -0.601831
21.29 -1.29814 -0.603687
21.3 -1.2957 -0.60554
21.31 -1.29325 -0.607389
21.32 -1.29078 -0.609235
21.33 -1.2883 -0.611077
21.34 -1.28581 -0.612915
21.35 -1.2833 -0.61475
21.36 -1.28078 -0.616582
21.37 -1.27824 -0.61841
21.38 -1.27569 -0.620234
21.39 -1.27312 -0.622055
21.4 -1.27054 -0.623872
21.41 -1.26794 -0.625685
21.42 -1.26533 -0.627494
21.43 -1.2627 -0.6293
21.44 -1.26005 -0.631102
21.45 -1.25739 -0.6329
21.46 -1.25471 -0.634694
21.47 -1.25201 -0.636485
21.48 -1.2493 -0.638272
21.49 -1.24656 -0.640054
21.5 -1.24381 -0.641833
21.51 -1.24104 -0.643608
21.52 -1.23825 -0.645379
21.53 -1.23544 -0.647146
21.54 -1.23262 -0.648909
21.55 -1.22977 -0.650668
21.56 -1.2269 -0.652423
21.57 -1.22401 -0.654173
21.58 -1.2211 -0.65592
21.59 -1.21817 -0.657662
21.6 -1.21521 -0.6594
21.61 -1.21223 -0.661134
21.62 -1.20923 -0.662864
21.63 -1.20621 -0.664589
21.64 -1.20316 -0.66631
21.65 -1.20009 -0.668027
21.66 -1.19699 -0.669739
21.67 -1.19387 -0.671447
21.68 -1.19072 -0.67315
21.69 -1.18754 -0.674849
21.7 -1.18434 -0.676543
21.71 -1.18111 -0.678232
21.72 -1.17785 -0.679917
21.73 -1.17457 -0.681598
21.74 -1.17125 -0.683273
21.75 -1.1679 -0.684944
21.76 -1.16452 -0.68661
21.77 -1.16111 -0.688271
21.78 -1.15767 -0.689928
21.79 -1.15419 -0.691579
21.8 -1.15068 -0.693225
21.81 -1.14713 -0.694867
21.82 -1.14355 -0.696503
21.83 -1.13993 -0.698134
21.84 -1.13628 -0.69976
21.85 -1.13258 -0.70138
21.86 -1.12885 -0.702996
21.87 -1.12507 -0.704606
21.88 -1.12125 -0.70621
21.89 -1.11739 -0.707809
21.9 -1.11349 -0.709403
21.91 -1.10954 -0.71099
21.92 -1.10554 -0.712573
21.93 -1.1015 -0.714149
21.94 -1.0974 -0.71572
21.95 -1.09326 -0.717285
21.96 -1.08906 -0.718843
21.97 -1.08481 -0.720396
21.98 -1.0805 -0.721943
21.99 -1.07614 -0.723483
22 -1.07172 -0.725017
22.01 -1.06723 -0.726545
22.02 -1.06268 -0.728067
22.03 -1.05807 -0.729582
22.04 -1.05339 -0.73109
22.05 -1.04865 -0.732591
22.06 -1.04383 -0.734086
22.07 -1.03893 -0.735574
22.08 -1.03397 -0.737054
22.09 -1.02892 -0.738528
22.1 -1.02379 -0.739994
22.11 -1.01857 -0.741453
22.12 -1.01327 -0.742904
22.13 -1.00787 -0.744348
22.14 -1.00238 -0.745784
22.15 -0.996792 -0.747212
22.16 -0.991101 -0.748632
22.17 -0.985305 -0.750043
22.18 -0.979397 -0.751447
22.19 -0.973375 -0.752842
22.2 -0.967233 -0.754228
22.21 -0.960966 -0.755605
22.22 -0.954569 -0.756973
22.23 -0.948036 -0.758332
22.24 -0.941362 -0.759682
22.25 -0.93454 -0.761022
22.26 -0.927563 -0.762352
22.27 -0.920425 -0.763672
22.28 -0.913117 -0.764982
22.29 -0.905632 -0.766281
22.3 -0.897961 -0.767569
22.31 -0.890094 -0.768846
22.32 -0.882023 -0.770112
22.33 -0.873736 -0.771366
22.34 -0.865223 -0.772608
22.35 -0.856472 -0.773838
22.36 -0.847469 -0.775055
22.37 -0.838201 -0.776259
22.38 -0.828653 -0.77745
22.39 -0.81881 -0.778627
22.4 -0.808654 -0.779789
22.41 -0.798168 -0.780937
22.42 -0.78733 -0.78207
22.43 -0.776121 -0.783186
22.44 -0.764516 -0.784287
22.45 -0.752491 -0.785371
22.46 -0.740019 -0.786437
22.47 -0.727071 -0.787485
22.48 -0.713614 -0.788514
22.49 -0.699614 -0.789523
22.5 -0.685033 -0.790512
22.51 -0.669831 -0.79148
22.52 -0.653962 -0.792426
22.53 -0.637377 -0.793348
22.54 -0.620024 -0.794247
22.55 -0.601842 -0.795119
22.56 -0.582769 -0.795966
22.57 -0.562734 -0.796784
22.58 -0.541659 -0.797573
22.59 -0.51946 -0.798331
22.6 -0.496044 -0.799057
22.61 -0.471307 -0.799748
22.62 -0.445137 -0.800403
22.63 -0.41741 -0.801019
22.64 -0.38799 -0.801594
22.65 -0.356728 -0.802126
22.66 -0.323459 -0.802613
22.67 -0.288005 -0.80305
22.68 -0.25017 -0.803434
22.69 -0.209744 -0.803763
22.7 -0.166498 -0.804032
22.71 -0.12019 -0.804237
22.72 -0.070563 -0.804374
22.73 -0.01735 -0.804437
22.74 0.0397199 -0.804422
22.75 0.100914 -0.804322
22.76 0.166485 -0.804131
22.77 0.236651 -0.803844
22.78 0.31158 -0.803453
22.79 0.391356 -0.802951
22.8 0.475954 -0.802333
22.81 0.565197 -0.801589
22.82 0.658723 -0.800716
22.83 0.755945 -0.799706
22.84 0.856035 -0.798554
22.85 0.957913 -0.797259
22.86 1.06027 -0.795817
22.87 1.16163 -0.79423
22.88 1.26042 -0.7925
22.89 1.35509 -0.790631
22.9 1.44426 -0.788631
22.91 1.52678 -0.786507
22.92 1.60182 -0.784272
22.93 1.66894 -0.781935
22.94 1.72803 -0.779507
22.95 1.77931 -0.777001
22.96 1.82322 -0.774427
22.97 1.86037 -0.771795
22.98 1.89149 -0.769115
22.99 1.9173 -0.766393
23 1.93853 -0.763639
23.01 1.95586 -0.760857
23.02 1.96991 -0.758052
23.03 1.98121 -0.75523
23.04 1.99024 -0.752393
23.05 1.99741 -0.749544
23.06 2.00304 -0.746686
23.07 2.00742 -0.743822
23.08 2.01078 -0.740951
23.09 2.01331 -0.738077
23.1 2.01518 -0.735199
23.11 2.01651 -0.73232
23.12 2.01739 -0.729438
23.13 2.01793 -0.726556
23.14 2.01818 -0.723673
23.15 2.0182 -0.72079
23.16 2.01803 -0.717907
23.17 2.01772 -0.715024
23.18 2.01728 -0.712142
23.19 2.01675 -0.70926
23.2 2.01614 -0.70638
23.21 2.01546 -0.7035
23.22 2.01474 -0.700621
23.23 2.01397 -0.697744
23.24 2.01317 -0.694867
23.25 2.01234 -0.691992
23.26 2.01149 -0.689118
23.27 2.01062 -0.686245
23.28 2.00974 -0.683373
23.29 2.00884 -0.680502
23.3 2.00794 -0.677633
23.31 2.00703 -0.674766
23.32 2.00611 -0.671899
23.33 2.00518 -0.669034
23.34 2.00426 -0.66617
23.35 2.00332 -0.663307
23.36 2.00239 -0.660446
23.37 2.00145 -0.657586
23.38 2.00051 -0.654728
23.39 1.99956 -0.651871
23.4 1.99862 -0.649015
23.41 1.99767 -0.64616
23.42 1.99672 -0.643307
23.43 1.99577 -0.640455
23.44 1.99482 -0.637605
23.45 1.99387 -0.634756
23.46 1.99292 -0.631908
23.47 1.99197 -0.629062
23.48 1.99101 -0.626217
23.49 1.99006 -0.623373
23.5 1.9891 -0.620531
23.51 1.98814 -0.61769
23.52 1.98718 -0.61485
23.53 1.98622 -0.612012
23.54 1.98526 -0.609175
23.55 1.9843 -0.60634
23.56 1.98334 -0.603506
23.57 1.98238 -0.600673
23.58 1.98142 -0.597842
23.59 1.98045 -0.595012
23.6 1.97949 -0.592184
23.61 1.97852 -0.589357
23.62 1.97756 -0.586531
23.63 1.97659 -0.583706
23.64 1.97562 -0.580883
23.65 1.97465 -0.578062
23.66 1.97368 -0.575241
23.67 1.97271 -0.572423
23.68 1.97174 -0.569605
23.69 1.97077 -0.566789
23.7 1.9698 -0.563974
23.71 1.96882 -0.561161
23.72 1.96785 -0.558349
23.73 1.96688 -0.555539
23.74 1.9659 -0.55273
23.75 1.96492 -0.549922
23.76 1.96394 -0.547115
23.77 1.96297 -0.544311
23.78 1.96199 -0.541507
23.79 1.96101 -0.538705
23.8 1.96003 -0.535904
23.81 1.95905 -0.533105
23.82 1.95806 -0.530307
23.83 1.95708 -0.52751
23.84 1.9561 -0.524715
23.85 1.95511 -0.521921
23.86 1.95412 -0.519129
23.87 1.95314 -0.516338
23.88 1.95215 -0.513549
23.89 1.95116 -0.510761
23.9 1.95017 -0.507974
23.91 1.94918 -0.505189
23.92 1.94819 -0.502405
23.93 1.9472 -0.499623
23.94 1.94621 -0.496841
23.95 1.94521 -0.494062
23.96 1.94422 -0.491284
23.97 1.94323 -0.488507
23.98 1.94223 -0.485732
23.99 1.94123 -0.482958
24 1.94024 -0.480185
24.01 1.93924 -0.477414
24.02 1.93824 -0.474645
24.03 1.93724 -0.471876
24.04 1.93624 -0.46911
24.05 1.93523 -0.466344
24.06 1.93423 -0.46358
24.07 1.93323 -0.460818
24.08 1.93222 -0.458057
24.09 1.93122 -0.455297
24.1 1.93021 -0.452539
24.11 1.9292 -0.449782
24.12 1.92819 -0.447027
24.13 1.92718 -0.444273
24.14 1.92617 -0.441521
24.15 1.92516 -0.43877
24.16 1.92415 -0.43602
24.17 1.92314 -0.433272
24.18 1.92213 -0.430526
24.19 1.92111 -0.427781
24.2 1.9201 -0.425037
24.21 1.91908 -0.422295
24.22 1.91806 -0.419554
24.23 1.91704 -0.416814
24.24 1.91602 -0.414077
24.25 1.915 -0.41134
24.26 1.91398 -0.408605
24.27 1.91296 -0.405872
24.28 1.91194 -0.403139
24.29 1.91091 -0.400409
24.3 1.90989 -0.39768
24.31 1.90886 -0.394952
24.32 1.90784 -0.392226
24.33 1.90681 -0.389501
24.34 1.90578 -0.386778
24.35 1.90475 -0.384056
24.36 1.90372 -0.381336
24.37 1.90269 -0.378617
24.38 1.90165 -0.375899
24.39 1.90062 -0.373184
24.4 1.89959 -0.370469
24.41 1.89855 -0.367756
24.42 1.89751 -0.365045
24.43 1.89648 -0.362335
24.44 1.89544 -0.359626
24.45 1.8944 -0.356919
24.46 1.89336 -0.354214
24.47 1.89232 -0.35151
24.48 1.89128 -0.348807
24.49 1.89023 -0.346106
24.5 1.88919 -0.343406
24.51 1.88814 -0.340708
24.52 1.8871 -0.338012
24.53 1.88605 -0.335316
24.54 1.885 -0.332623
24.55 1.88395 -0.329931
24.56 1.8829 -0.32724
24.57 1.88185 -0.324551
24.58 1.8808 -0.321863
24.59 1.87974 -0.319177
24.6 1.87869 -0.316493
24.61 1.87763 -0.31381
24.62 1.87657 -0.311128
24.63 1.87552 -0.308448
24.64 1.87446 -0.30577
24.65 1.8734 -0.303092
24.66 1.87234 -0.300417
24.67 1.87128 -0.297743
24.68 1.87021 -0.29507
24.69 1.86915 -0.292399
24.7 1.86808 -0.28973
24.71 1.86702 -0.287062
24.72 1.86595 -0.284396
24.73 1.86488 -0.281731
24.74 1.86381 -0.279067
24.75 1.86274 -0.276406
24.76 1.86167 -0.273745
24.77 1.8606 -0.271087
24.78 1.85952 -0.268429
24.79 1.85845 -0.265774
24.8 1.85737 -0.263119
24.81 1.85629 -0.260467
24.82 1.85522 -0.257816
24.83 1.85414 -0.255166
24.84 1.85306 -0.252518
24.85 1.85197 -0.249872
24.86 1.85089 -0.247227
24.87 1.84981 -0.244584
24.88 1.84872 -0.241942
24.89 1.84764 -0.239301
24.9 1.84655 -0.236663
24.91 1.84546 -0.234026
24.92 1.84437 -0.23139
24.93 1.84328 -0.228756
24.94 1.84219 -0.226124
24.95 1.8411 -0.223493
24.96 1.84 -0.220863
24.97 1.83891 -0.218235
24.98 1.83781 -0.215609
24.99 1.83671 -0.212985
25 1.83561 -0.210361
25.01 1.83451 -0.20774
25.02 1.83341 -0.20512
25.03 1.83231 -0.202502
25.04 1.8312 -0.199885
25.05 1.8301 -0.19727
25.06 1.82899 -0.194656
25.07 1.82789 -0.192044
25.08 1.82678 -0.189433
25.09 1.82567 -0.186825
25.1 1.82456 -0.184217
25.11 1.82344 -0.181612
25.12 1.82233 -0.179007
25.13 1.82122 -0.176405
25.14 1.8201 -0.173804
25.15 1.81898 -0.171205
25.16 1.81786 -0.168607
25.17 1.81675 -0.166011
25.18 1.81562 -0.163416
25.19 1.8145 -0.160823
25.2 1.81338 -0.158232
25.21 1.81225 -0.155642
25.22 1.81113 -0.153054
25.23 1.81 -0.150467
25.24 1.80887 -0.147883
25.25 1.80774 -0.145299
25.26 1.80661 -0.142718
25.27 1.80548 -0.140138
25.28 1.80434 -0.137559
25.29 1.80321 -0.134982
25.3 1.80207 -0.132407
25.31 1.80094 -0.129833
25.32 1.7998 -0.127262
25.33 1.79866 -0.124691
25.34 1.79751 -0.122123
25.35 1.79637 -0.119555
25.36 1.79523 -0.11699
25.37 1.79408 -0.114426
25.38 1.79293 -0.111864
25.39 1.79179 -0.109304
25.4 1.79064 -0.106745
25.41 1.78948 -0.104187
25.42 1.78833 -0.101632
25.43 1.78718 -0.099078
25.44 1.78602 -0.0965257
25.45 1.78487 -0.093975
25.46 1.78371 -0.0914261
25.47 1.78255 -0.0888787
25.48 1.78139 -0.0863331
25.49 1.78022 -0.0837891
25.5 1.77906 -0.0812467
25.51 1.7779 -0.078706
25.52 1.77673 -0.076167
25.53 1.77556 -0.0736297
25.54 1.77439 -0.071094
25.55 1.77322 -0.06856
25.56 1.77205 -0.0660276
25.57 1.77087 -0.063497
25.58 1.7697 -0.060968
25.59 1.76852 -0.0584407
25.6 1.76734 -0.0559151
25.61 1.76616 -0.0533911
25.62 1.76498 -0.0508689
25.63 1.7638 -0.0483483
25.64 1.76262 -0.0458295
25.65 1.76143 -0.0433123
25.66 1.76024 -0.0407968
25.67 1.75905 -0.038283
25.68 1.75786 -0.0357709
25.69 1.75667 -0.0332606
25.7 1.75548 -0.0307519
25.71 1.75428 -0.0282449
25.72 1.75309 -0.0257396
25.73 1.75189 -0.0232361
25.74 1.75069 -0.0207342
25.75 1.74949 -0.0182341
25.76 1.74829 -0.0157357
25.77 1.74708 -0.013239
25.78 1.74588 -0.010744
25.79 1.74467 -0.0082508
25.8 1.74346 -0.00575928
25.81 1.74225 -0.00326949
25.82 1.74104 -0.000781431
25.83 1.73982 0.0017049
25.84 1.73861 0.00418949
25.85 1.73739 0.00667234
25.86 1.73617 0.00915346
25.87 1.73495 0.0116328
25.88 1.73373 0.0141105
25.89 1.7325 0.0165863
25.9 1.73128 0.0190605
25.91 1.73005 0.0215329
25.92 1.72882 0.0240035
25.93 1.72759 0.0264723
25.94 1.72636 0.0289395
25.95 1.72513 0.0314048
25.96 1.72389 0.0338684
25.97 1.72265 0.0363302
25.98 1.72141 0.0387903
25.99 1.72017 0.0412485
26 1.71893 0.043705
26.01 1.71769 0.0461598
26.02 1.71644 0.0486127
26.03 1.71519 0.0510639
26.04 1.71394 0.0535133
26.05 1.71269 0.0559609
26.06 1.71144 0.0584067
26.07 1.71018 0.0608507
26.08 1.70893 0.0632929
26.09 1.70767 0.0657333
26.1 1.70641 0.068172
26.11 1.70515 0.0706088
26.12 1.70388 0.0730438
26.13 1.70262 0.075477
26.14 1.70135 0.0779084
26.15 1.70008 0.080338
26.16 1.69881 0.0827658
26.17 1.69753 0.0851917
26.18 1.69626 0.0876159
26.19 1.69498 0.0900382
26.2 1.6937 0.0924587
26.21 1.69242 0.0948773
26.22 1.69114 0.0972942
26.23 1.68985 0.0997092
26.24 1.68857 0.102122
26.25 1.68728 0.104534
26.26 1.68599 0.106943
26.27 1.68469 0.109351
26.28 1.6834 0.111757
26.29 1.6821 0.11416
26.3 1.6808 0.116563
26.31 1.6795 0.118963
26.32 1.6782 0.121361
26.33 1.67689 0.123758
26.34 1.67559 0.126152
26.35 1.67428 0.128545
26.36 1.67297 0.130936
26.37 1.67165 0.133325
26.38 1.67034 0.135712
26.39 1.66902 0.138097
26.4 1.6677 0.140481
26.41 1.66638 0.142862
26.42 1.66506 0.145242
26.43 1.66373 0.147619
26.44 1.6624 0.149995
26.45 1.66107 0.152369
26.46 1.65974 0.154741
26.47 1.6584 0.157111
26.48 1.65707 0.159479
26.49 1.65573 0.161846
26.5 1.65439 0.16421
26.51 1.65304 0.166573
26.52 1.6517 0.168933
26.53 1.65035 0.171292
26.54 1.649 0.173648
26.55 1.64765 0.176003
26.56 1.64629 0.178356
26.57 1.64494 0.180707
26.58 1.64358 0.183056
26.59 1.64222 0.185403
26.6 1.64085 0.187748
26.61 1.63949 0.190091
26.62 1.63812 0.192432
26.63 1.63675 0.194771
26.64 1.63537 0.197108
26.65 1.634 0.199444
26.66 1.63262 0.201777
26.67 1.63124 0.204108
26.68 1.62985 0.206438
26.69 1.62847 0.208765
26.7 1.62708 0.21109
26.71 1.62569 0.213414
26.72 1.6243 0.215735
26.73 1.6229 0.218055
26.74 1.6215 0.220372
26.75 1.6201 0.222688
26.76 1.6187 0.225001
26.77 1.61729 0.227312
26.78 1.61588 0.229622
26.79 1.61447 0.231929
26.8 1.61306 0.234235
26.81 1.61164 0.236538
26.82 1.61022 0.238839
26.83 1.6088 0.241139
26.84 1.60738 0.243436
26.85 1.60595 0.245731
26.86 1.60452 0.248024
26.87 1.60309 0.250315
26.88 1.60165 0.252605
26.89 1.60022 0.254892
26.9 1.59878 0.257177
26.91 1.59733 0.25946
26.92 1.59589 0.26174
26.93 1.59444 0.264019
26.94 1.59298 0.266296
26.95 1.59153 0.268571
26.96 1.59007 0.270843
26.97 1.58861 0.273114
26.98 1.58715 0.275382
26.99 1.58568 0.277648
27 1.58421 0.279913
27.01 1.58274 0.282175
27.02 1.58126 0.284435
27.03 1.57979 0.286693
27.04 1.5783 0.288948
27.05 1.57682 0.291202
27.06 1.57533 0.293454
27.07 1.57384 0.295703
27.08 1.57235 0.29795
27.09 1.57085 0.300195
27.1 1.56935 0.302438
27.11 1.56785 0.304679
27.12 1.56634 0.306918
27.13 1.56483 0.309154
27.14 1.56332 0.311389
27.15 1.5618 0.313621
27.16 1.56028 0.315851
27.17 1.55876 0.318079
27.18 1.55723 0.320305
27.19 1.5557 0.322528
27.2 1.55417 0.32475
27.21 1.55264 0.326969
27.22 1.5511 0.329186
27.23 1.54955 0.3314
27.24 1.54801 0.333613
27.25 1.54646 0.335823
27.26 1.5449 0.338031
27.27 1.54335 0.340237
27.28 1.54179 0.342441
27.29 1.54022 0.344642
27.3 1.53865 0.346842
27.31 1.53708 0.349039
27.32 1.53551 0.351233
27.33 1.53393 0.353426
27.34 1.53235 0.355616
27.35 1.53076 0.357804
27.36 1.52917 0.35999
27.37 1.52758 0.362173
27.38 1.52598 0.364354
27.39 1.52438 0.366533
27.4 1.52277 0.368709
27.41 1.52117 0.370884
27.42 1.51955 0.373056
27.43 1.51794 0.375225
27.44 1.51631 0.377393
27.45 1.51469 0.379558
27.46 1.51306 0.38172
27.47 1.51143 0.383881
27.48 1.50979 0.386039
27.49 1.50815 0.388194
27.5 1.5065 0.390348
27.51 1.50485 0.392499
27.52 1.5032 0.394647
27.53 1.50154 0.396793
27.54 1.49988 0.398937
27.55 1.49821 0.401079
27.56 1.49654 0.403218
27.57 1.49486 0.405355
27.58 1.49318 0.407489
27.59 1.4915 0.409621
27.6 1.48981 0.41175
27.61 1.48811 0.413877
27.62 1.48642 0.416002
27.63 1.48471 0.418124
27.64 1.483 0.420244
27.65 1.48129 0.422362
27.66 1.47957 0.424476
27.67 1.47785 0.426589
27.68 1.47613 0.428699
27.69 1.47439 0.430806
27.7 1.47266 0.432911
27.71 1.47092 0.435014
27.72 1.46917 0.437114
27.73 1.46742 0.439212
27.74 1.46566 0.441307
27.75 1.4639 0.443399
27.76 1.46213 0.445489
27.77 1.46036 0.447577
27.78 1.45858 0.449662
27.79 1.4568 0.451744
27.8 1.45501 0.453824
27.81 1.45321 0.455901
27.82 1.45141 0.457976
27.83 1.44961 0.460048
27.84 1.4478 0.462118
27.85 1.44598 0.464185
27.86 1.44416 0.466249
27.87 1.44233 0.468311
27.88 1.4405 0.47037
27.89 1.43866 0.472427
27.9 1.43681 0.47448
27.91 1.43496 0.476532
27.92 1.43311 0.47858
27.93 1.43124 0.480626
27.94 1.42937 0.48267
27.95 1.4275 0.48471
27.96 1.42562 0.486748
27.97 1.42373 0.488783
27.98 1.42183 0.490816
27.99 1.41993 0.492846
28 1.41802 0.494873
28.01 1.41611 0.496897
28.02 1.41419 0.498919
28.03 1.41226 0.500938
28.04 1.41033 0.502954
28.05 1.40839 0.504967
28.06 1.40644 0.506978
28.07 1.40448 0.508986
28.08 1.40252 0.510991
28.09 1.40055 0.512993
28.1 1.39857 0.514992
28.11 1.39659 0.516989
28.12 1.3946 0.518983
28.13 1.3926 0.520973
28.14 1.39059 0.522961
28.15 1.38858 0.524947
28.16 1.38656 0.526929
28.17 1.38453 0.528908
28.18 1.38249 0.530885
28.19 1.38044 0.532858
28.2 1.37839 0.534829
28.21 1.37633 0.536796
28.22 1.37426 0.538761
28.23 1.37218 0.540723
28.24 1.37009 0.542682
28.25 1.36799 0.544637
28.26 1.36589 0.54659
28.27 1.36378 0.54854
28.28 1.36165 0.550487
28.29 1.35952 0.55243
28.3 1.35738 0.554371
28.31 1.35523 0.556309
28.32 1.35307 0.558243
28.33 1.35091 0.560174
28.34 1.34873 0.562103
28.35 1.34654 0.564028
28.36 1.34434 0.56595
28.37 1.34214 0.567869
28.38 1.33992 0.569785
28.39 1.33769 0.571697
28.4 1.33545 0.573607
28.41 1.3332 0.575513
28.42 1.33094 0.577416
28.43 1.32867 0.579316
28.44 1.32639 0.581212
28.45 1.3241 0.583105
28.46 1.3218 0.584995
28.47 1.31948 0.586882
28.48 1.31715 0.588765
28.49 1.31482 0.590645
28.5 1.31247 0.592522
28.51 1.3101 0.594395
28.52 1.30773 0.596265
28.53 1.30534 0.598131
28.54 1.30294 0.599994
28.55 1.30053 0.601854
28.56 1.29811 0.60371
28.57 1.29567 0.605563
28.58 1.29321 0.607412
28.59 1.29075 0.609258
28.6 1.28827 0.6111
28.61 1.28578 0.612939
28.62 1.28327 0.614774
28.63 1.28075 0.616605
28.64 1.27821 0.618433
28.65 1.27566 0.620257
28.66 1.27309 0.622078
28.67 1.27051 0.623894
28.68 1.26791 0.625708
28.69 1.2653 0.627517
28.7 1.26267 0.629323
28.71 1.26002 0.631125
28.72 1.25736 0.632923
28.73 1.25468 0.634717
28.74 1.25198 0.636508
28.75 1.24926 0.638294
28.76 1.24653 0.640077
28.77 1.24378 0.641856
28.78 1.24101 0.643631
28.79 1.23822 0.645401
28.8 1.23541 0.647168
28.81 1.23258 0.648931
28.82 1.22973 0.65069
28.83 1.22686 0.652445
28.84 1.22397 0.654195
28.85 1.22106 0.655942
28.86 1.21813 0.657684
28.87 1.21517 0.659422
28.88 1.2122 0.661156
28.89 1.20919 0.662885
28.9 1.20617 0.664611
28.91 1.20312 0.666332
28.92 1.20005 0.668048
28.93 1.19695 0.66976
28.94 1.19383 0.671468
28.95 1.19068 0.673171
28.96 1.1875 0.67487
28.97 1.1843 0.676564
28.98 1.18107 0.678254
28.99 1.17781 0.679939
29 1.17452 0.681619
29.01 1.17121 0.683294
29.02 1.16786 0.684965
29.03 1.16448 0.686631
29.04 1.16107 0.688292
29.05 1.15762 0.689948
29.06 1.15415 0.6916
29.07 1.15064 0.693246
29.08 1.14709 0.694887
29.09 1.14351 0.696523
29.1 1.13989 0.698154
29.11 1.13623 0.69978
29.12 1.13254 0.701401
29.13 1.1288 0.703016
29.14 1.12502 0.704626
29.15 1.12121 0.70623
29.16 1.11735 0.707829
29.17 1.11344 0.709423
29.18 1.10949 0.71101
29.19 1.10549 0.712593
29.2 1.10145 0.714169
29.21 1.09735 0.71574
29.22 1.09321 0.717304
29.23 1.08901 0.718863
29.24 1.08476 0.720416
29.25 1.08045 0.721962
29.26 1.07608 0.723503
29.27 1.07166 0.725037
29.28 1.06717 0.726565
29.29 1.06263 0.728086
29.3 1.05801 0.729601
29.31 1.05334 0.731109
29.32 1.04859 0.73261
29.33 1.04377 0.734105
29.34 1.03887 0.735592
29.35 1.0339 0.737073
29.36 1.02885 0.738546
29.37 1.02372 0.740012
29.38 1.0185 0.741471
29.39 1.0132 0.742922
29.4 1.0078 0.744366
29.41 1.00231 0.745802
29.42 0.996721 0.74723
29.43 0.991029 0.748649
29.44 0.985231 0.750061
29.45 0.979322 0.751464
29.46 0.973298 0.752859
29.47 0.967155 0.754245
29.48 0.960886 0.755622
29.49 0.954488 0.75699
29.5 0.947953 0.758349
29.51 0.941277 0.759699
29.52 0.934453 0.761039
29.53 0.927475 0.762369
29.54 0.920334 0.763688
29.55 0.913024 0.764998
29.56 0.905536 0.766297
29.57 0.897863 0.767585
29.58 0.889994 0.768862
29.59 0.88192 0.770128
29.6 0.873631 0.771382
29.61 0.865115 0.772624
29.62 0.85636 0.773854
29.63 0.847354 0.775071
29.64 0.838082 0.776274
29.65 0.828531 0.777465
29.66 0.818684 0.778642
29.67 0.808524 0.779804
29.68 0.798033 0.780951
29.69 0.787191 0.782084
29.7 0.775977 0.7832
29.71 0.764367 0.784301
29.72 0.752337 0.785384
29.73 0.739859 0.78645
29.74 0.726905 0.787498
29.75 0.713441 0.788527
29.76 0.699434 0.789536
29.77 0.684846 0.790525
29.78 0.669635 0.791492
29.79 0.653757 0.792438
29.8 0.637163 0.79336
29.81 0.6198 0.794258
29.82 0.601608 0.79513
29.83 0.582523 0.795976
29.84 0.562475 0.796794
29.85 0.541387 0.797583
29.86 0.519173 0.79834
29.87 0.49574 0.799066
29.88 0.470986 0.799756
29.89 0.444797 0.800411
29.9 0.41705 0.801026
29.91 0.387608 0.801601
29.92 0.356321 0.802133
29.93 0.323026 0.802618
29.94 0.287543 0.803055
29.95 0.249677 0.803439
29.96 0.209217 0.803767
29.97 0.165934 0.804035
29.98 0.119586 0.80424
29.99 0.0699152 0.804375
30 0.0166554 0.804438
