0 -3.0112 2.53365
0.01 -2.81843 2.5295
0.02 -2.7002 2.52556
0.03 -2.62406 2.52176
0.04 -2.57348 2.51805
0.05 -2.53918 2.5144
0.06 -2.51556 2.51079
0.07 -2.49908 2.50721
0.08 -2.48747 2.50365
0.09 -2.47918 2.5001
0.1 -2.47319 2.49656
0.11 -2.46879 2.49303
0.12 -2.46551 2.48951
0.13 -2.463 2.48599
0.14 -2.46104 2.48247
0.15 -2.45945 2.47896
0.16 -2.45813 2.47545
0.17 -2.45699 2.47193
0.18 -2.45598 2.46843
0.19 -2.45507 2.46492
0.2 -2.45422 2.46141
0.21 -2.45341 2.45791
0.22 -2.45264 2.4544
0.23 -2.45189 2.4509
0.24 -2.45115 2.4474
0.25 -2.45043 2.44389
0.26 -2.44971 2.44039
0.27 -2.449 2.4369
0.28 -2.44829 2.4334
0.29 -2.44758 2.4299
0.3 -2.44688 2.4264
0.31 -2.44618 2.42291
0.32 -2.44547 2.41941
0.33 -2.44477 2.41592
0.34 -2.44407 2.41243
0.35 -2.44337 2.40894
0.36 -2.44267 2.40545
0.37 -2.44196 2.40196
0.38 -2.44126 2.39847
0.39 -2.44056 2.39498
0.4 -2.43985 2.3915
0.41 -2.43915 2.38801
0.42 -2.43845 2.38453
0.43 -2.43774 2.38105
0.44 -2.43704 2.37756
0.45 -2.43634 2.37408
0.46 -2.43563 2.3706
0.47 -2.43493 2.36712
0.48 -2.43422 2.36365
0.49 -2.43352 2.36017
0.5 -2.43281 2.35669
0.51 -2.43211 2.35322
0.52 -2.4314 2.34974
0.53 -2.43069 2.34627
0.54 -2.42999 2.3428
0.55 -2.42928 2.33933
0.56 -2.42857 2.33586
0.57 -2.42786 2.33239
0.58 -2.42716 2.32892
0.59 -2.42645 2.32546
0.6 -2.42574 2.32199
0.61 -2.42503 2.31853
0.62 -2.42432 2.31506
0.63 -2.42361 2.3116
0.64 -2.4229 2.30814
0.65 -2.42219 2.30468
0.66 -2.42148 2.30122
0.67 -2.42077 2.29776
0.68 -2.42006 2.2943
0.69 -2.41935 2.29084
0.7 -2.41864 2.28739
0.71 -2.41793 2.28393
0.72 -2.41721 2.28048
0.73 -2.4165 2.27703
0.74 -2.41579 2.27357
0.75 -2.41508 2.27012
0.76 -2.41436 2.26667
0.77 -2.41365 2.26323
0.78 -2.41294 2.25978
0.79 -2.41222 2.25633
0.8 -2.41151 2.25289
0.81 -2.41079 2.24944
0.82 -2.41008 2.246
0.83 -2.40936 2.24256
0.84 -2.40865 2.23911
0.85 -2.40793 2.23567
0.86 -2.40721 2.23223
0.87 -2.4065 2.2288
0.88 -2.40578 2.22536
0.89 -2.40506 2.22192
0.9 -2.40435 2.21849
0.91 -2.40363 2.21505
0.92 -2.40291 2.21162
0.93 -2.40219 2.20819
0.94 -2.40147 2.20476
0.95 -2.40076 2.20133
0.96 -2.40004 2.1979
0.97 -2.39932 2.19447
0.98 -2.3986 2.19104
0.99 -2.39788 2.18762
1 -2.39716 2.18419
1.01 -2.39644 2.18077
1.02 -2.39571 2.17734
1.03 -2.39499 2.17392
1.04 -2.39427 2.1705
1.05 -2.39355 2.16708
1.06 -2.39283 2.16366
1.07 -2.3921 2.16024
1.08 -2.39138 2.15683
1.09 -2.39066 2.15341
1.1 -2.38994 2.15
1.11 -2.38921 2.14658
1.12 -2.38849 2.14317
1.13 -2.38776 2.13976
1.14 -2.38704 2.13635
1.15 -2.38631 2.13294
1.16 -2.38559 2.12953
1.17 -2.38486 2.12612
1.18 -2.38414 2.12272
1.19 -2.38341 2.11931
1.2 -2.38268 2.11591
1.21 -2.38196 2.1125
1.22 -2.38123 2.1091
1.23 -2.3805 2.1057
1.24 -2.37977 2.1023
1.25 -2.37905 2.0989
1.26 -2.37832 2.0955
1.27 -2.37759 2.09211
1.28 -2.37686 2.08871
1.29 -2.37613 2.08531
1.3 -2.3754 2.08192
1.31 -2.37467 2.07853
1.32 -2.37394 2.07514
1.33 -2.37321 2.07174
1.34 -2.37248 2.06836
1.35 -2.37175 2.06497
1.36 -2.37101 2.06158
1.37 -2.37028 2.05819
1.38 -2.36955 2.05481
1.39 -2.36882 2.05142
1.4 -2.36808 2.04804
1.41 -2.36735 2.04466
1.42 -2.36662 2.04127
1.43 -2.36588 2.03789
1.44 -2.36515 2.03451
1.45 -2.36441 2.03114
1.46 -2.36368 2.02776
1.47 -2.36294 2.02438
1.48 -2.36221 2.02101
1.49 -2.36147 2.01763
1.5 -2.36074 2.01426
1.51 -2.36 2.01089
1.52 -2.35926 2.00752
1.53 -2.35852 2.00415
1.54 -2.35779 2.00078
1.55 -2.35705 1.99741
1.56 -2.35631 1.99405
1.57 -2.35557 1.99068
1.58 -2.35483 1.98732
1.59 -2.35409 1.98395
1.6 -2.35335 1.98059
1.61 -2.35261 1.97723
1.62 -2.35187 1.97387
1.63 -2.35113 1.97051
1.64 -2.35039 1.96715
1.65 -2.34965 1.96379
1.66 -2.34891 1.96044
1.67 -2.34817 1.95708
1.68 -2.34743 1.95373
1.69 -2.34668 1.95037
1.7 -2.34594 1.94702
1.71 -2.3452 1.94367
1.72 -2.34445 1.94032
1.73 -2.34371 1.93697
1.74 -2.34297 1.93363
1.75 -2.34222 1.93028
1.76 -2.34148 1.92693
1.77 -2.34073 1.92359
1.78 -2.33998 1.92025
1.79 -2.33924 1.9169
1.8 -2.33849 1.91356
1.81 -2.33775 1.91022
1.82 -2.337 1.90688
1.83 -2.33625 1.90355
1.84 -2.3355 1.90021
1.85 -2.33476 1.89687
1.86 -2.33401 1.89354
1.87 -2.33326 1.8902
1.88 -2.33251 1.88687
1.89 -2.33176 1.88354
1.9 -2.33101 1.88021
1.91 -2.33026 1.87688
1.92 -2.32951 1.87355
1.93 -2.32876 1.87022
1.94 -2.32801 1.8669
1.95 -2.32726 1.86357
1.96 -2.3265 1.86025
1.97 -2.32575 1.85692
1.98 -2.325 1.8536
1.99 -2.32425 1.85028
2 -2.32349 1.84696
2.01 -2.32274 1.84364
2.02 -2.32199 1.84033
2.03 -2.32123 1.83701
2.04 -2.32048 1.83369
2.05 -2.31972 1.83038
2.06 -2.31897 1.82707
2.07 -2.31821 1.82375
2.08 -2.31745 1.82044
2.09 -2.3167 1.81713
2.1 -2.31594 1.81382
2.11 -2.31518 1.81052
2.12 -2.31443 1.80721
2.13 -2.31367 1.8039
2.14 -2.31291 1.8006
2.15 -2.31215 1.79729
2.16 -2.31139 1.79399
2.17 -2.31063 1.79069
2.18 -2.30987 1.78739
2.19 -2.30911 1.78409
2.2 -2.30835 1.78079
2.21 -2.30759 1.7775
2.22 -2.30683 1.7742
2.23 -2.30607 1.7709
2.24 -2.30531 1.76761
2.25 -2.30454 1.76432
2.26 -2.30378 1.76103
2.27 -2.30302 1.75774
2.28 -2.30226 1.75445
2.29 -2.30149 1.75116
2.3 -2.30073 1.74787
2.31 -2.29996 1.74458
2.32 -2.2992 1.7413
2.33 -2.29843 1.73802
2.34 -2.29767 1.73473
2.35 -2.2969 1.73145
2.36 -2.29614 1.72817
2.37 -2.29537 1.72489
2.38 -2.2946 1.72161
2.39 -2.29383 1.71833
2.4 -2.29307 1.71506
2.41 -2.2923 1.71178
2.42 -2.29153 1.70851
2.43 -2.29076 1.70524
2.44 -2.28999 1.70196
2.45 -2.28922 1.69869
2.46 -2.28845 1.69542
2.47 -2.28768 1.69215
2.48 -2.28691 1.68889
2.49 -2.28614 1.68562
2.5 -2.28537 1.68235
2.51 -2.28459 1.67909
2.52 -2.28382 1.67583
2.53 -2.28305 1.67257
2.54 -2.28228 1.6693
2.55 -2.2815 1.66604
2.56 -2.28073 1.66279
2.57 -2.27995 1.65953
2.58 -2.27918 1.65627
2.59 -2.2784 1.65302
2.6 -2.27763 1.64976
2.61 -2.27685 1.64651
2.62 -2.27608 1.64326
2.63 -2.2753 1.64001
2.64 -2.27452 1.63676
2.65 -2.27375 1.63351
2.66 -2.27297 1.63026
2.67 -2.27219 1.62701
2.68 -2.27141 1.62377
2.69 -2.27063 1.62052
2.7 -2.26985 1.61728
2.71 -2.26907 1.61404
2.72 -2.26829 1.6108
2.73 -2.26751 1.60756
2.74 -2.26673 1.60432
2.75 -2.26595 1.60108
2.76 -2.26517 1.59784
2.77 -2.26439 1.59461
2.78 -2.2636 1.59137
2.79 -2.26282 1.58814
2.8 -2.26204 1.58491
2.81 -2.26125 1.58168
2.82 -2.26047 1.57845
2.83 -2.25968 1.57522
2.84 -2.2589 1.57199
2.85 -2.25811 1.56877
2.86 -2.25733 1.56554
2.87 -2.25654 1.56232
2.88 -2.25576 1.55909
2.89 -2.25497 1.55587
2.9 -2.25418 1.55265
2.91 -2.25339 1.54943
2.92 -2.25261 1.54621
2.93 -2.25182 1.54299
2.94 -2.25103 1.53978
2.95 -2.25024 1.53656
2.96 -2.24945 1.53335
2.97 -2.24866 1.53014
2.98 -2.24787 1.52692
2.99 -2.24708 1.52371
3 -2.24629 1.5205
3.01 -2.24549 1.5173
3.02 -2.2447 1.51409
3.03 -2.24391 1.51088
3.04 -2.24311 1.50768
3.05 -2.24232 1.50447
3.06 -2.24153 1.50127
3.07 -2.24073 1.49807
3.08 -2.23994 1.49487
3.09 -2.23914 1.49167
3.1 -2.23835 1.48847
3.11 -2.23755 1.48527
3.12 -2.23675 1.48208
3.13 -2.23596 1.47888
3.14 -2.23516 1.47569
3.15 -2.23436 1.4725
3.16 -2.23356 1.46931
3.17 -2.23277 1.46612
3.18 -2.23197 1.46293
3.19 -2.23117 1.45974
3.2 -2.23037 1.45655
3.21 -2.22957 1.45337
3.22 -2.22877 1.45018
3.23 -2.22796 1.447
3.24 -2.22716 1.44382
3.25 -2.22636 1.44063
3.26 -2.22556 1.43745
3.27 -2.22476 1.43428
3.28 -2.22395 1.4311
3.29 -2.22315 1.42792
3.3 -2.22234 1.42475
3.31 -2.22154 1.42157
3.32 -2.22073 1.4184
3.33 -2.21993 1.41523
3.34 -2.21912 1.41206
3.35 -2.21832 1.40889
3.36 -2.21751 1.40572
3.37 -2.2167 1.40255
3.38 -2.21589 1.39938
3.39 -2.21509 1.39622
3.4 -2.21428 1.39306
3.41 -2.21347 1.38989
3.42 -2.21266 1.38673
3.43 -2.21185 1.38357
3.44 -2.21104 1.38041
3.45 -2.21023 1.37725
3.46 -2.20942 1.3741
3.47 -2.20861 1.37094
3.48 -2.20779 1.36779
3.49 -2.20698 1.36463
3.5 -2.20617 1.36148
3.51 -2.20535 1.35833
3.52 -2.20454 1.35518
3.53 -2.20373 1.35203
3.54 -2.20291 1.34888
3.55 -2.2021 1.34574
3.56 -2.20128 1.34259
3.57 -2.20046 1.33945
3.58 -2.19965 1.33631
3.59 -2.19883 1.33316
3.6 -2.19801 1.33002
3.61 -2.19719 1.32688
3.62 -2.19637 1.32375
3.63 -2.19556 1.32061
3.64 -2.19474 1.31747
3.65 -2.19392 1.31434
3.66 -2.1931 1.3112
3.67 -2.19228 1.30807
3.68 -2.19145 1.30494
3.69 -2.19063 1.30181
3.7 -2.18981 1.29868
3.71 -2.18899 1.29555
3.72 -2.18816 1.29243
3.73 -2.18734 1.2893
3.74 -2.18652 1.28618
3.75 -2.18569 1.28305
3.76 -2.18487 1.27993
3.77 -2.18404 1.27681
3.78 -2.18321 1.27369
3.79 -2.18239 1.27057
3.8 -2.18156 1.26746
3.81 -2.18073 1.26434
3.82 -2.17991 1.26123
3.83 -2.17908 1.25811
3.84 -2.17825 1.255
3.85 -2.17742 1.25189
3.86 -2.17659 1.24878
3.87 -2.17576 1.24567
3.88 -2.17493 1.24256
3.89 -2.1741 1.23946
3.9 -2.17327 1.23635
3.91 -2.17243 1.23325
3.92 -2.1716 1.23014
3.93 -2.17077 1.22704
3.94 -2.16993 1.22394
3.95 -2.1691 1.22084
3.96 -2.16826 1.21774
3.97 -2.16743 1.21465
3.98 -2.16659 1.21155
3.99 -2.16576 1.20846
4 -2.16492 1.20536
4.01 -2.16408 1.20227
4.02 -2.16325 1.19918
4.03 -2.16241 1.19609
4.04 -2.16157 1.193
4.05 -2.16073 1.18992
4.06 -2.15989 1.18683
4.07 -2.15905 1.18374
4.08 -2.15821 1.18066
4.09 -2.15737 1.17758
4.1 -2.15653 1.1745
4.11 -2.15568 1.17142
4.12 -2.15484 1.16834
4.13 -2.154 1.16526
4.14 -2.15315 1.16218
4.15 -2.15231 1.15911
4.16 -2.15147 1.15603
4.17 -2.15062 1.15296
4.18 -2.14977 1.14989
4.19 -2.14893 1.14682
4.2 -2.14808 1.14375
4.21 -2.14723 1.14068
4.22 -2.14639 1.13761
4.23 -2.14554 1.13455
4.24 -2.14469 1.13148
4.25 -2.14384 1.12842
4.26 -2.14299 1.12536
4.27 -2.14214 1.1223
4.28 -2.14129 1.11924
4.29 -2.14044 1.11618
4.3 -2.13959 1.11312
4.31 -2.13873 1.11007
4.32 -2.13788 1.10701
4.33 -2.13703 1.10396
4.34 -2.13617 1.10091
4.35 -2.13532 1.09786
4.36 -2.13446 1.09481
4.37 -2.13361 1.09176
4.38 -2.13275 1.08871
4.39 -2.13189 1.08566
4.4 -2.13104 1.08262
4.41 -2.13018 1.07957
4.42 -2.12932 1.07653
4.43 -2.12846 1.07349
4.44 -2.1276 1.07045
4.45 -2.12674 1.06741
4.46 -2.12588 1.06437
4.47 -2.12502 1.06134
4.48 -2.12416 1.0583
4.49 -2.1233 1.05527
4.5 -2.12243 1.05224
4.51 -2.12157 1.04921
4.52 -2.12071 1.04617
4.53 -2.11984 1.04315
4.54 -2.11898 1.04012
4.55 -2.11811 1.03709
4.56 -2.11725 1.03407
4.57 -2.11638 1.03104
4.58 -2.11551 1.02802
4.59 -2.11465 1.025
4.6 -2.11378 1.02198
4.61 -2.11291 1.01896
4.62 -2.11204 1.01594
4.63 -2.11117 1.01292
4.64 -2.1103 1.00991
4.65 -2.10943 1.00689
4.66 -2.10856 1.00388
4.67 -2.10769 1.00087
4.68 -2.10681 0.99786
4.69 -2.10594 0.994851
4.7 -2.10507 0.991843
4.71 -2.10419 0.988837
4.72 -2.10332 0.985831
4.73 -2.10244 0.982827
4.74 -2.10157 0.979824
4.75 -2.10069 0.976823
4.76 -2.09981 0.973822
4.77 -2.09893 0.970823
4.78 -2.09806 0.967825
4.79 -2.09718 0.964829
4.8 -2.0963 0.961833
4.81 -2.09542 0.958839
4.82 -2.09454 0.955846
4.83 -2.09366 0.952855
4.84 -2.09277 0.949865
4.85 -2.09189 0.946875
4.86 -2.09101 0.943888
4.87 -2.09012 0.940901
4.88 -2.08924 0.937916
4.89 -2.08836 0.934932
4.9 -2.08747 0.931949
4.91 -2.08658 0.928968
4.92 -2.0857 0.925988
4.93 -2.08481 0.923009
4.94 -2.08392 0.920031
4.95 -2.08303 0.917055
4.96 -2.08215 0.914079
4.97 -2.08126 0.911106
4.98 -2.08037 0.908133
4.99 -2.07947 0.905162
5 -2.07858 0.902192
5.01 -2.07769 0.899223
5.02 -2.0768 0.896255
5.03 -2.07591 0.893289
5.04 -2.07501 0.890324
5.05 -2.07412 0.887361
5.06 -2.07322 0.884398
5.07 -2.07233 0.881437
5.08 -2.07143 0.878477
5.09 -2.07053 0.875519
5.1 -2.06964 0.872561
5.11 -2.06874 0.869605
5.12 -2.06784 0.866651
5.13 -2.06694 0.863697
5.14 -2.06604 0.860745
5.15 -2.06514 0.857794
5.16 -2.06424 0.854845
5.17 -2.06334 0.851896
5.18 -2.06243 0.84895
5.19 -2.06153 0.846004
5.2 -2.06063 0.843059
5.21 -2.05972 0.840116
5.22 -2.05882 0.837175
5.23 -2.05791 0.834234
5.24 -2.05701 0.831295
5.25 -2.0561 0.828357
5.26 -2.05519 0.82542
5.27 -2.05428 0.822485
5.28 -2.05337 0.819551
5.29 -2.05247 0.816618
5.3 -2.05155 0.813687
5.31 -2.05064 0.810756
5.32 -2.04973 0.807828
5.33 -2.04882 0.8049
5.34 -2.04791 0.801974
5.35 -2.04699 0.799049
5.36 -2.04608 0.796125
5.37 -2.04517 0.793203
5.38 -2.04425 0.790282
5.39 -2.04333 0.787362
5.4 -2.04242 0.784444
5.41 -2.0415 0.781527
5.42 -2.04058 0.778611
5.43 -2.03966 0.775697
5.44 -2.03874 0.772783
5.45 -2.03782 0.769872
5.46 -2.0369 0.766961
5.47 -2.03598 0.764052
5.48 -2.03506 0.761144
5.49 -2.03414 0.758237
5.5 -2.03321 0.755332
5.51 -2.03229 0.752428
5.52 -2.03137 0.749526
5.53 -2.03044 0.746624
5.54 -2.02951 0.743724
5.55 -2.02859 0.740826
5.56 -2.02766 0.737928
5.57 -2.02673 0.735032
5.58 -2.0258 0.732138
5.59 -2.02487 0.729244
5.6 -2.02394 0.726352
5.61 -2.02301 0.723462
5.62 -2.02208 0.720572
5.63 -2.02115 0.717684
5.64 -2.02021 0.714798
5.65 -2.01928 0.711912
5.66 -2.01835 0.709028
5.67 -2.01741 0.706146
5.68 -2.01648 0.703264
5.69 -2.01554 0.700384
5.7 -2.0146 0.697506
5.71 -2.01366 0.694628
5.72 -2.01273 0.691752
5.73 -2.01179 0.688878
5.74 -2.01085 0.686004
5.75 -2.0099 0.683132
5.76 -2.00896 0.680262
5.77 -2.00802 0.677392
5.78 -2.00708 0.674524
5.79 -2.00613 0.671658
5.8 -2.00519 0.668793
5.81 -2.00424 0.665929
5.82 -2.0033 0.663066
5.83 -2.00235 0.660205
5.84 -2.0014 0.657345
5.85 -2.00046 0.654487
5.86 -1.99951 0.65163
5.87 -1.99856 0.648774
5.88 -1.99761 0.645919
5.89 -1.99666 0.643066
5.9 -1.9957 0.640215
5.91 -1.99475 0.637364
5.92 -1.9938 0.634515
5.93 -1.99284 0.631668
5.94 -1.99189 0.628822
5.95 -1.99093 0.625977
5.96 -1.98998 0.623133
5.97 -1.98902 0.620291
5.98 -1.98806 0.61745
5.99 -1.9871 0.614611
6 -1.98614 0.611773
6.01 -1.98518 0.608936
6.02 -1.98422 0.606101
6.03 -1.98326 0.603267
6.04 -1.9823 0.600434
6.05 -1.98134 0.597603
6.06 -1.98037 0.594773
6.07 -1.97941 0.591945
6.08 -1.97844 0.589118
6.09 -1.97748 0.586292
6.1 -1.97651 0.583468
6.11 -1.97554 0.580645
6.12 -1.97457 0.577824
6.13 -1.9736 0.575004
6.14 -1.97263 0.572185
6.15 -1.97166 0.569367
6.16 -1.97069 0.566552
6.17 -1.96972 0.563737
6.18 -1.96874 0.560924
6.19 -1.96777 0.558112
6.2 -1.96679 0.555302
6.21 -1.96582 0.552493
6.22 -1.96484 0.549685
6.23 -1.96386 0.546879
6.24 -1.96288 0.544074
6.25 -1.9619 0.541271
6.26 -1.96092 0.538468
6.27 -1.95994 0.535668
6.28 -1.95896 0.532869
6.29 -1.95798 0.530071
6.3 -1.957 0.527274
6.31 -1.95601 0.524479
6.32 -1.95503 0.521686
6.33 -1.95404 0.518894
6.34 -1.95305 0.516103
6.35 -1.95207 0.513313
6.36 -1.95108 0.510526
6.37 -1.95009 0.507739
6.38 -1.9491 0.504954
6.39 -1.94811 0.50217
6.4 -1.94712 0.499388
6.41 -1.94612 0.496607
6.42 -1.94513 0.493827
6.43 -1.94414 0.491049
6.44 -1.94314 0.488273
6.45 -1.94215 0.485498
6.46 -1.94115 0.482724
6.47 -1.94015 0.479951
6.48 -1.93915 0.47718
6.49 -1.93815 0.474411
6.5 -1.93715 0.471643
6.51 -1.93615 0.468876
6.52 -1.93515 0.466111
6.53 -1.93415 0.463347
6.54 -1.93314 0.460585
6.55 -1.93214 0.457824
6.56 -1.93113 0.455065
6.57 -1.93012 0.452306
6.58 -1.92912 0.44955
6.59 -1.92811 0.446795
6.6 -1.9271 0.444041
6.61 -1.92609 0.441289
6.62 -1.92508 0.438538
6.63 -1.92407 0.435788
6.64 -1.92305 0.433041
6.65 -1.92204 0.430294
6.66 -1.92103 0.427549
6.67 -1.92001 0.424805
6.68 -1.91899 0.422063
6.69 -1.91798 0.419323
6.7 -1.91696 0.416583
6.71 -1.91594 0.413846
6.72 -1.91492 0.411109
6.73 -1.9139 0.408374
6.74 -1.91287 0.405641
6.75 -1.91185 0.402909
6.76 -1.91083 0.400179
6.77 -1.9098 0.39745
6.78 -1.90878 0.394722
6.79 -1.90775 0.391996
6.8 -1.90672 0.389271
6.81 -1.90569 0.386548
6.82 -1.90466 0.383826
6.83 -1.90363 0.381106
6.84 -1.9026 0.378387
6.85 -1.90157 0.37567
6.86 -1.90053 0.372954
6.87 -1.8995 0.37024
6.88 -1.89846 0.367527
6.89 -1.89743 0.364816
6.9 -1.89639 0.362106
6.91 -1.89535 0.359398
6.92 -1.89431 0.356691
6.93 -1.89327 0.353985
6.94 -1.89223 0.351281
6.95 -1.89119 0.348579
6.96 -1.89014 0.345878
6.97 -1.8891 0.343179
6.98 -1.88805 0.340481
6.99 -1.88701 0.337784
7 -1.88596 0.335089
7.01 -1.88491 0.332396
7.02 -1.88386 0.329704
7.03 -1.88281 0.327013
7.04 -1.88176 0.324324
7.05 -1.88071 0.321637
7.06 -1.87965 0.318951
7.07 -1.8786 0.316266
7.08 -1.87754 0.313583
7.09 -1.87649 0.310902
7.1 -1.87543 0.308222
7.11 -1.87437 0.305544
7.12 -1.87331 0.302867
7.13 -1.87225 0.300191
7.14 -1.87119 0.297517
7.15 -1.87012 0.294845
7.16 -1.86906 0.292174
7.17 -1.86799 0.289505
7.18 -1.86693 0.286837
7.19 -1.86586 0.284171
7.2 -1.86479 0.281506
7.21 -1.86372 0.278843
7.22 -1.86265 0.276181
7.23 -1.86158 0.273521
7.24 -1.86051 0.270862
7.25 -1.85943 0.268205
7.26 -1.85836 0.26555
7.27 -1.85728 0.262896
7.28 -1.8562 0.260243
7.29 -1.85513 0.257592
7.3 -1.85405 0.254943
7.31 -1.85296 0.252295
7.32 -1.85188 0.249649
7.33 -1.8508 0.247004
7.34 -1.84972 0.244361
7.35 -1.84863 0.241719
7.36 -1.84754 0.239079
7.37 -1.84646 0.23644
7.38 -1.84537 0.233803
7.39 -1.84428 0.231168
7.4 -1.84319 0.228534
7.41 -1.8421 0.225901
7.42 -1.841 0.223271
7.43 -1.83991 0.220641
7.44 -1.83881 0.218014
7.45 -1.83772 0.215388
7.46 -1.83662 0.212763
7.47 -1.83552 0.21014
7.48 -1.83442 0.207519
7.49 -1.83332 0.204899
7.5 -1.83222 0.202281
7.51 -1.83111 0.199664
7.52 -1.83001 0.197049
7.53 -1.8289 0.194436
7.54 -1.82779 0.191824
7.55 -1.82668 0.189213
7.56 -1.82557 0.186605
7.57 -1.82446 0.183997
7.58 -1.82335 0.181392
7.59 -1.82224 0.178788
7.6 -1.82112 0.176185
7.61 -1.82001 0.173585
7.62 -1.81889 0.170985
7.63 -1.81777 0.168388
7.64 -1.81665 0.165792
7.65 -1.81553 0.163197
7.66 -1.81441 0.160605
7.67 -1.81328 0.158013
7.68 -1.81216 0.155424
7.69 -1.81103 0.152836
7.7 -1.80991 0.150249
7.71 -1.80878 0.147665
7.72 -1.80765 0.145081
7.73 -1.80652 0.1425
7.74 -1.80538 0.13992
7.75 -1.80425 0.137342
7.76 -1.80311 0.134765
7.77 -1.80198 0.13219
7.78 -1.80084 0.129616
7.79 -1.7997 0.127045
7.8 -1.79856 0.124474
7.81 -1.79742 0.121906
7.82 -1.79627 0.119339
7.83 -1.79513 0.116774
7.84 -1.79398 0.11421
7.85 -1.79284 0.111648
7.86 -1.79169 0.109088
7.87 -1.79054 0.106529
7.88 -1.78939 0.103972
7.89 -1.78823 0.101416
7.9 -1.78708 0.0988625
7.91 -1.78592 0.0963104
7.92 -1.78477 0.0937599
7.93 -1.78361 0.0912111
7.94 -1.78245 0.0886639
7.95 -1.78129 0.0861183
7.96 -1.78013 0.0835745
7.97 -1.77896 0.0810323
7.98 -1.7778 0.0784917
7.99 -1.77663 0.0759529
8 -1.77546 0.0734156
8.01 -1.77429 0.0708801
8.02 -1.77312 0.0683462
8.03 -1.77195 0.065814
8.04 -1.77078 0.0632835
8.05 -1.7696 0.0607547
8.06 -1.76842 0.0582275
8.07 -1.76724 0.055702
8.08 -1.76606 0.0531783
8.09 -1.76488 0.0506562
8.1 -1.7637 0.0481357
8.11 -1.76252 0.045617
8.12 -1.76133 0.0431
8.13 -1.76014 0.0405846
8.14 -1.75895 0.038071
8.15 -1.75776 0.0355591
8.16 -1.75657 0.0330488
8.17 -1.75538 0.0305403
8.18 -1.75418 0.0280335
8.19 -1.75299 0.0255283
8.2 -1.75179 0.0230249
8.21 -1.75059 0.0205232
8.22 -1.74939 0.0180232
8.23 -1.74818 0.015525
8.24 -1.74698 0.0130284
8.25 -1.74577 0.0105336
8.26 -1.74457 0.0080405
8.27 -1.74336 0.00554913
8.28 -1.74215 0.00305948
8.29 -1.74093 0.000571569
8.3 -1.73972 -0.00191461
8.31 -1.7385 -0.00439906
8.32 -1.73729 -0.00688177
8.33 -1.73607 -0.00936274
8.34 -1.73485 -0.011842
8.35 -1.73363 -0.0143194
8.36 -1.7324 -0.0167952
8.37 -1.73118 -0.0192692
8.38 -1.72995 -0.0217414
8.39 -1.72872 -0.0242119
8.4 -1.72749 -0.0266806
8.41 -1.72626 -0.0291475
8.42 -1.72502 -0.0316127
8.43 -1.72379 -0.0340762
8.44 -1.72255 -0.0365379
8.45 -1.72131 -0.0389978
8.46 -1.72007 -0.0414559
8.47 -1.71883 -0.0439122
8.48 -1.71758 -0.0463668
8.49 -1.71634 -0.0488196
8.5 -1.71509 -0.0512706
8.51 -1.71384 -0.0537199
8.52 -1.71259 -0.0561673
8.53 -1.71133 -0.058613
8.54 -1.71008 -0.0610568
8.55 -1.70882 -0.0634989
8.56 -1.70756 -0.0659392
8.57 -1.7063 -0.0683776
8.58 -1.70504 -0.0708143
8.59 -1.70377 -0.0732492
8.6 -1.70251 -0.0756822
8.61 -1.70124 -0.0781135
8.62 -1.69997 -0.0805429
8.63 -1.6987 -0.0829706
8.64 -1.69743 -0.0853964
8.65 -1.69615 -0.0878203
8.66 -1.69487 -0.0902425
8.67 -1.69359 -0.0926628
8.68 -1.69231 -0.0950813
8.69 -1.69103 -0.097498
8.7 -1.68974 -0.0999128
8.71 -1.68846 -0.102326
8.72 -1.68717 -0.104737
8.73 -1.68588 -0.107146
8.74 -1.68458 -0.109554
8.75 -1.68329 -0.111959
8.76 -1.68199 -0.114363
8.77 -1.68069 -0.116765
8.78 -1.67939 -0.119165
8.79 -1.67809 -0.121563
8.8 -1.67678 -0.12396
8.81 -1.67548 -0.126354
8.82 -1.67417 -0.128747
8.83 -1.67286 -0.131138
8.84 -1.67154 -0.133526
8.85 -1.67023 -0.135913
8.86 -1.66891 -0.138298
8.87 -1.66759 -0.140682
8.88 -1.66627 -0.143063
8.89 -1.66494 -0.145442
8.9 -1.66362 -0.14782
8.91 -1.66229 -0.150196
8.92 -1.66096 -0.152569
8.93 -1.65963 -0.154941
8.94 -1.65829 -0.157311
8.95 -1.65696 -0.159679
8.96 -1.65562 -0.162045
8.97 -1.65427 -0.16441
8.98 -1.65293 -0.166772
8.99 -1.65159 -0.169132
9 -1.65024 -0.171491
9.01 -1.64889 -0.173847
9.02 -1.64753 -0.176202
9.03 -1.64618 -0.178554
9.04 -1.64482 -0.180905
9.05 -1.64346 -0.183254
9.06 -1.6421 -0.185601
9.07 -1.64074 -0.187946
9.08 -1.63937 -0.190289
9.09 -1.638 -0.192629
9.1 -1.63663 -0.194969
9.11 -1.63526 -0.197306
9.12 -1.63388 -0.199641
9.13 -1.6325 -0.201974
9.14 -1.63112 -0.204305
9.15 -1.62974 -0.206634
9.16 -1.62835 -0.208961
9.17 -1.62696 -0.211287
9.18 -1.62557 -0.21361
9.19 -1.62418 -0.215931
9.2 -1.62278 -0.21825
9.21 -1.62138 -0.220568
9.22 -1.61998 -0.222883
9.23 -1.61858 -0.225196
9.24 -1.61717 -0.227507
9.25 -1.61577 -0.229817
9.26 -1.61435 -0.232124
9.27 -1.61294 -0.234429
9.28 -1.61152 -0.236732
9.29 -1.6101 -0.239033
9.3 -1.60868 -0.241333
9.31 -1.60726 -0.24363
9.32 -1.60583 -0.245925
9.33 -1.6044 -0.248218
9.34 -1.60297 -0.250509
9.35 -1.60153 -0.252798
9.36 -1.60009 -0.255084
9.37 -1.59865 -0.257369
9.38 -1.59721 -0.259652
9.39 -1.59576 -0.261933
9.4 -1.59431 -0.264211
9.41 -1.59286 -0.266488
9.42 -1.59141 -0.268762
9.43 -1.58995 -0.271035
9.44 -1.58849 -0.273305
9.45 -1.58702 -0.275573
9.46 -1.58556 -0.277839
9.47 -1.58409 -0.280104
9.48 -1.58261 -0.282365
9.49 -1.58114 -0.284625
9.5 -1.57966 -0.286883
9.51 -1.57818 -0.289139
9.52 -1.57669 -0.291392
9.53 -1.57521 -0.293643
9.54 -1.57372 -0.295893
9.55 -1.57222 -0.29814
9.56 -1.57072 -0.300385
9.57 -1.56922 -0.302628
9.58 -1.56772 -0.304868
9.59 -1.56621 -0.307107
9.6 -1.5647 -0.309343
9.61 -1.56319 -0.311577
9.62 -1.56167 -0.313809
9.63 -1.56015 -0.316039
9.64 -1.55863 -0.318267
9.65 -1.55711 -0.320492
9.66 -1.55558 -0.322716
9.67 -1.55404 -0.324937
9.68 -1.55251 -0.327156
9.69 -1.55097 -0.329373
9.7 -1.54942 -0.331587
9.71 -1.54788 -0.3338
9.72 -1.54633 -0.33601
9.73 -1.54477 -0.338218
9.74 -1.54322 -0.340423
9.75 -1.54165 -0.342627
9.76 -1.54009 -0.344828
9.77 -1.53852 -0.347027
9.78 -1.53695 -0.349224
9.79 -1.53538 -0.351418
9.8 -1.5338 -0.353611
9.81 -1.53221 -0.355801
9.82 -1.53063 -0.357988
9.83 -1.52904 -0.360174
9.84 -1.52744 -0.362357
9.85 -1.52585 -0.364538
9.86 -1.52424 -0.366717
9.87 -1.52264 -0.368893
9.88 -1.52103 -0.371067
9.89 -1.51942 -0.373239
9.9 -1.5178 -0.375408
9.91 -1.51618 -0.377575
9.92 -1.51455 -0.37974
9.93 -1.51292 -0.381903
9.94 -1.51129 -0.384063
9.95 -1.50965 -0.386221
9.96 -1.50801 -0.388376
9.97 -1.50636 -0.390529
9.98 -1.50471 -0.39268
9.99 -1.50306 -0.394828
10 -1.5014 -0.396974
10.01 -1.49974 -0.399118
10.02 -1.49807 -0.401259
10.03 -1.4964 -0.403398
10.04 -1.49472 -0.405535
10.05 -1.49304 -0.407669
10.06 -1.49136 -0.409801
10.07 -1.48967 -0.41193
10.08 -1.48797 -0.414057
10.09 -1.48627 -0.416181
10.1 -1.48457 -0.418303
10.11 -1.48286 -0.420423
10.12 -1.48115 -0.42254
10.13 -1.47943 -0.424655
10.14 -1.47771 -0.426767
10.15 -1.47598 -0.428877
10.16 -1.47425 -0.430984
10.17 -1.47251 -0.433089
10.18 -1.47077 -0.435191
10.19 -1.46902 -0.437291
10.2 -1.46727 -0.439388
10.21 -1.46551 -0.441483
10.22 -1.46375 -0.443576
10.23 -1.46198 -0.445665
10.24 -1.46021 -0.447753
10.25 -1.45843 -0.449837
10.26 -1.45665 -0.45192
10.27 -1.45486 -0.453999
10.28 -1.45306 -0.456076
10.29 -1.45126 -0.458151
10.3 -1.44946 -0.460223
10.31 -1.44765 -0.462292
10.32 -1.44583 -0.464359
10.33 -1.44401 -0.466423
10.34 -1.44218 -0.468485
10.35 -1.44034 -0.470544
10.36 -1.4385 -0.4726
10.37 -1.43666 -0.474654
10.38 -1.43481 -0.476705
10.39 -1.43295 -0.478753
10.4 -1.43109 -0.480799
10.41 -1.42922 -0.482842
10.42 -1.42734 -0.484882
10.43 -1.42546 -0.48692
10.44 -1.42357 -0.488955
10.45 -1.42167 -0.490987
10.46 -1.41977 -0.493017
10.47 -1.41786 -0.495044
10.48 -1.41595 -0.497068
10.49 -1.41403 -0.499089
10.5 -1.4121 -0.501108
10.51 -1.41016 -0.503124
10.52 -1.40822 -0.505137
10.53 -1.40627 -0.507147
10.54 -1.40432 -0.509155
10.55 -1.40235 -0.51116
10.56 -1.40038 -0.513162
10.57 -1.39841 -0.515161
10.58 -1.39642 -0.517157
10.59 -1.39443 -0.519151
10.6 -1.39243 -0.521141
10.61 -1.39042 -0.523129
10.62 -1.38841 -0.525114
10.63 -1.38638 -0.527096
10.64 -1.38435 -0.529075
10.65 -1.38232 -0.531051
10.66 -1.38027 -0.533024
10.67 -1.37821 -0.534995
10.68 -1.37615 -0.536962
10.69 -1.37408 -0.538927
10.7 -1.372 -0.540888
10.71 -1.36991 -0.542847
10.72 -1.36782 -0.544802
10.73 -1.36571 -0.546755
10.74 -1.3636 -0.548704
10.75 -1.36147 -0.550651
10.76 -1.35934 -0.552594
10.77 -1.3572 -0.554535
10.78 -1.35505 -0.556472
10.79 -1.35289 -0.558406
10.8 -1.35072 -0.560337
10.81 -1.34854 -0.562265
10.82 -1.34636 -0.56419
10.83 -1.34416 -0.566112
10.84 -1.34195 -0.568031
10.85 -1.33973 -0.569946
10.86 -1.3375 -0.571858
10.87 -1.33526 -0.573768
10.88 -1.33301 -0.575674
10.89 -1.33075 -0.577576
10.9 -1.32848 -0.579476
10.91 -1.3262 -0.581372
10.92 -1.32391 -0.583265
10.93 -1.3216 -0.585154
10.94 -1.31929 -0.587041
10.95 -1.31696 -0.588924
10.96 -1.31462 -0.590804
10.97 -1.31227 -0.59268
10.98 -1.3099 -0.594553
10.99 -1.30753 -0.596422
11 -1.30514 -0.598289
11.01 -1.30274 -0.600151
11.02 -1.30033 -0.602011
11.03 -1.2979 -0.603867
11.04 -1.29546 -0.605719
11.05 -1.29301 -0.607568
11.06 -1.29054 -0.609413
11.07 -1.28806 -0.611255
11.08 -1.28557 -0.613094
11.09 -1.28306 -0.614928
11.1 -1.28053 -0.616759
11.11 -1.278 -0.618587
11.12 -1.27544 -0.620411
11.13 -1.27287 -0.622231
11.14 -1.27029 -0.624048
11.15 -1.26769 -0.62586
11.16 -1.26508 -0.62767
11.17 -1.26244 -0.629475
11.18 -1.2598 -0.631277
11.19 -1.25713 -0.633074
11.2 -1.25445 -0.634868
11.21 -1.25175 -0.636658
11.22 -1.24903 -0.638445
11.23 -1.2463 -0.640227
11.24 -1.24354 -0.642006
11.25 -1.24077 -0.64378
11.26 -1.23798 -0.645551
11.27 -1.23517 -0.647317
11.28 -1.23234 -0.64908
11.29 -1.22949 -0.650838
11.3 -1.22662 -0.652592
11.31 -1.22373 -0.654343
11.32 -1.22081 -0.656089
11.33 -1.21788 -0.657831
11.34 -1.21492 -0.659568
11.35 -1.21194 -0.661302
11.36 -1.20894 -0.663031
11.37 -1.20591 -0.664756
11.38 -1.20286 -0.666477
11.39 -1.19979 -0.668193
11.4 -1.19669 -0.669905
11.41 -1.19356 -0.671612
11.42 -1.19041 -0.673315
11.43 -1.18724 -0.675013
11.44 -1.18403 -0.676707
11.45 -1.1808 -0.678396
11.46 -1.17754 -0.680081
11.47 -1.17425 -0.68176
11.48 -1.17093 -0.683436
11.49 -1.16757 -0.685106
11.5 -1.16419 -0.686771
11.51 -1.16078 -0.688432
11.52 -1.15733 -0.690088
11.53 -1.15385 -0.691739
11.54 -1.15034 -0.693385
11.55 -1.14679 -0.695025
11.56 -1.1432 -0.696661
11.57 -1.13958 -0.698292
11.58 -1.13592 -0.699917
11.59 -1.13222 -0.701537
11.6 -1.12848 -0.703152
11.61 -1.1247 -0.704761
11.62 -1.12088 -0.706365
11.63 -1.11702 -0.707964
11.64 -1.11311 -0.709557
11.65 -1.10915 -0.711144
11.66 -1.10515 -0.712726
11.67 -1.1011 -0.714302
11.68 -1.097 -0.715872
11.69 -1.09285 -0.717436
11.7 -1.08865 -0.718994
11.71 -1.08439 -0.720546
11.72 -1.08008 -0.722092
11.73 -1.07571 -0.723632
11.74 -1.07128 -0.725166
11.75 -1.06679 -0.726693
11.76 -1.06224 -0.728214
11.77 -1.05762 -0.729728
11.78 -1.05294 -0.731236
11.79 -1.04818 -0.732736
11.8 -1.04336 -0.73423
11.81 -1.03846 -0.735717
11.82 -1.03348 -0.737197
11.83 -1.02842 -0.73867
11.84 -1.02328 -0.740136
11.85 -1.01806 -0.741594
11.86 -1.01275 -0.743044
11.87 -1.00734 -0.744487
11.88 -1.00184 -0.745922
11.89 -0.996245 -0.74735
11.9 -0.990544 -0.748769
11.91 -0.984737 -0.75018
11.92 -0.978818 -0.751582
11.93 -0.972784 -0.752976
11.94 -0.966631 -0.754362
11.95 -0.960351 -0.755738
11.96 -0.953942 -0.757105
11.97 -0.947396 -0.758464
11.98 -0.940707 -0.759812
11.99 -0.93387 -0.761151
12 -0.926878 -0.76248
12.01 -0.919724 -0.763799
12.02 -0.912399 -0.765108
12.03 -0.904896 -0.766406
12.04 -0.897207 -0.767693
12.05 -0.889321 -0.768969
12.06 -0.881229 -0.770234
12.07 -0.872921 -0.771487
12.08 -0.864385 -0.772728
12.09 -0.85561 -0.773957
12.1 -0.846582 -0.775173
12.11 -0.837287 -0.776375
12.12 -0.827712 -0.777565
12.13 -0.817839 -0.77874
12.14 -0.807652 -0.779901
12.15 -0.797132 -0.781048
12.16 -0.78626 -0.782179
12.17 -0.775013 -0.783294
12.18 -0.763369 -0.784393
12.19 -0.751302 -0.785475
12.2 -0.738785 -0.786539
12.21 -0.725789 -0.787585
12.22 -0.712281 -0.788613
12.23 -0.698226 -0.78962
12.24 -0.683587 -0.790607
12.25 -0.668322 -0.791573
12.26 -0.652386 -0.792516
12.27 -0.635729 -0.793437
12.28 -0.618298 -0.794332
12.29 -0.600033 -0.795203
12.3 -0.58087 -0.796046
12.31 -0.560737 -0.796862
12.32 -0.539557 -0.797648
12.33 -0.517244 -0.798403
12.34 -0.493704 -0.799125
12.35 -0.468833 -0.799813
12.36 -0.442518 -0.800464
12.37 -0.414633 -0.801076
12.38 -0.385041 -0.801648
12.39 -0.353592 -0.802176
12.4 -0.320119 -0.802657
12.41 -0.284443 -0.803089
12.42 -0.246366 -0.803469
12.43 -0.205677 -0.803792
12.44 -0.162145 -0.804055
12.45 -0.115527 -0.804254
12.46 -0.0655636 -0.804384
12.47 -0.0119885 -0.804439
12.48 0.0454699 -0.804416
12.49 0.107078 -0.804307
12.5 0.173085 -0.804108
12.51 0.243707 -0.803811
12.52 0.319104 -0.803409
12.53 0.399351 -0.802897
12.54 0.48441 -0.802266
12.55 0.574088 -0.80151
12.56 0.668001 -0.800624
12.57 0.765542 -0.7996
12.58 0.865857 -0.798435
12.59 0.967842 -0.797125
12.6 1.07017 -0.79567
12.61 1.17135 -0.794068
12.62 1.2698 -0.792324
12.63 1.364 -0.790442
12.64 1.45257 -0.78843
12.65 1.5344 -0.786295
12.66 1.60868 -0.784049
12.67 1.67502 -0.781703
12.68 1.73334 -0.779267
12.69 1.78388 -0.776754
12.7 1.82711 -0.774174
12.71 1.86365 -0.771537
12.72 1.89421 -0.768852
12.73 1.91955 -0.766128
12.74 1.94037 -0.76337
12.75 1.95736 -0.760586
12.76 1.97112 -0.757779
12.77 1.98218 -0.754955
12.78 1.99101 -0.752117
12.79 1.99801 -0.749267
12.8 2.00351 -0.746409
12.81 2.00778 -0.743544
12.82 2.01106 -0.740673
12.83 2.01352 -0.737798
12.84 2.01533 -0.73492
12.85 2.01661 -0.73204
12.86 2.01746 -0.729159
12.87 2.01796 -0.726276
12.88 2.01819 -0.723393
12.89 2.01819 -0.72051
12.9 2.01801 -0.717627
12.91 2.01768 -0.714744
12.92 2.01723 -0.711862
12.93 2.01669 -0.708981
12.94 2.01607 -0.7061
12.95 2.01539 -0.703221
12.96 2.01466 -0.700342
12.97 2.01389 -0.697465
12.98 2.01309 -0.694588
12.99 2.01226 -0.691713
13 2.01141 -0.688839
13.01 2.01054 -0.685966
13.02 2.00965 -0.683094
13.03 2.00876 -0.680224
13.04 2.00785 -0.677355
13.05 2.00694 -0.674487
13.06 2.00602 -0.671621
13.07 2.00509 -0.668756
13.08 2.00417 -0.665892
13.09 2.00323 -0.66303
13.1 2.0023 -0.660169
13.11 2.00136 -0.657309
13.12 2.00042 -0.654451
13.13 1.99947 -0.651593
13.14 1.99853 -0.648738
13.15 1.99758 -0.645883
13.16 1.99663 -0.64303
13.17 1.99568 -0.640179
13.18 1.99473 -0.637328
13.19 1.99378 -0.63448
13.2 1.99283 -0.631632
13.21 1.99187 -0.628786
13.22 1.99092 -0.625941
13.23 1.98996 -0.623097
13.24 1.98901 -0.620255
13.25 1.98805 -0.617414
13.26 1.98709 -0.614575
13.27 1.98613 -0.611737
13.28 1.98517 -0.6089
13.29 1.98421 -0.606065
13.3 1.98325 -0.603231
13.31 1.98229 -0.600399
13.32 1.98132 -0.597568
13.33 1.98036 -0.594738
13.34 1.97939 -0.591909
13.35 1.97843 -0.589082
13.36 1.97746 -0.586257
13.37 1.9765 -0.583433
13.38 1.97553 -0.58061
13.39 1.97456 -0.577788
13.4 1.97359 -0.574968
13.41 1.97262 -0.572149
13.42 1.97165 -0.569332
13.43 1.97068 -0.566516
13.44 1.9697 -0.563701
13.45 1.96873 -0.560888
13.46 1.96776 -0.558077
13.47 1.96678 -0.555266
13.48 1.9658 -0.552457
13.49 1.96483 -0.54965
13.5 1.96385 -0.546843
13.51 1.96287 -0.544039
13.52 1.96189 -0.541235
13.53 1.96091 -0.538433
13.54 1.95993 -0.535633
13.55 1.95895 -0.532833
13.56 1.95797 -0.530036
13.57 1.95698 -0.527239
13.58 1.956 -0.524444
13.59 1.95501 -0.521651
13.6 1.95403 -0.518858
13.61 1.95304 -0.516068
13.62 1.95205 -0.513278
13.63 1.95107 -0.51049
13.64 1.95008 -0.507704
13.65 1.94909 -0.504919
13.66 1.9481 -0.502135
13.67 1.9471 -0.499353
13.68 1.94611 -0.496572
13.69 1.94512 -0.493792
13.7 1.94412 -0.491014
13.71 1.94313 -0.488238
13.72 1.94213 -0.485463
13.73 1.94114 -0.482689
13.74 1.94014 -0.479916
13.75 1.93914 -0.477146
13.76 1.93814 -0.474376
13.77 1.93714 -0.471608
13.78 1.93614 -0.468841
13.79 1.93514 -0.466076
13.8 1.93413 -0.463312
13.81 1.93313 -0.46055
13.82 1.93212 -0.457789
13.83 1.93112 -0.45503
13.84 1.93011 -0.452272
13.85 1.9291 -0.449515
13.86 1.9281 -0.44676
13.87 1.92709 -0.444006
13.88 1.92608 -0.441254
13.89 1.92507 -0.438503
13.9 1.92405 -0.435754
13.91 1.92304 -0.433006
13.92 1.92203 -0.430259
13.93 1.92101 -0.427514
13.94 1.92 -0.424771
13.95 1.91898 -0.422029
13.96 1.91796 -0.419288
13.97 1.91694 -0.416549
13.98 1.91592 -0.413811
13.99 1.9149 -0.411075
14 1.91388 -0.40834
14.01 1.91286 -0.405607
14.02 1.91184 -0.402875
14.03 1.91081 -0.400144
14.04 1.90979 -0.397415
14.05 1.90876 -0.394688
14.06 1.90774 -0.391962
14.07 1.90671 -0.389237
14.08 1.90568 -0.386514
14.09 1.90465 -0.383792
14.1 1.90362 -0.381072
14.11 1.90259 -0.378353
14.12 1.90155 -0.375636
14.13 1.90052 -0.37292
14.14 1.89949 -0.370206
14.15 1.89845 -0.367493
14.16 1.89741 -0.364782
14.17 1.89638 -0.362072
14.18 1.89534 -0.359364
14.19 1.8943 -0.356657
14.2 1.89326 -0.353951
14.21 1.89222 -0.351247
14.22 1.89117 -0.348545
14.23 1.89013 -0.345844
14.24 1.88909 -0.343145
14.25 1.88804 -0.340447
14.26 1.88699 -0.33775
14.27 1.88595 -0.335055
14.28 1.8849 -0.332362
14.29 1.88385 -0.32967
14.3 1.8828 -0.326979
14.31 1.88175 -0.32429
14.32 1.88069 -0.321603
14.33 1.87964 -0.318917
14.34 1.87858 -0.316233
14.35 1.87753 -0.31355
14.36 1.87647 -0.310868
14.37 1.87541 -0.308188
14.38 1.87436 -0.30551
14.39 1.8733 -0.302833
14.4 1.87223 -0.300158
14.41 1.87117 -0.297484
14.42 1.87011 -0.294811
14.43 1.86904 -0.292141
14.44 1.86798 -0.289471
14.45 1.86691 -0.286803
14.46 1.86585 -0.284137
14.47 1.86478 -0.281472
14.48 1.86371 -0.278809
14.49 1.86264 -0.276148
14.5 1.86157 -0.273487
14.51 1.86049 -0.270829
14.52 1.85942 -0.268172
14.53 1.85834 -0.265516
14.54 1.85727 -0.262862
14.55 1.85619 -0.26021
14.56 1.85511 -0.257559
14.57 1.85403 -0.254909
14.58 1.85295 -0.252262
14.59 1.85187 -0.249615
14.6 1.85079 -0.24697
14.61 1.8497 -0.244327
14.62 1.84862 -0.241686
14.63 1.84753 -0.239046
14.64 1.84644 -0.236407
14.65 1.84536 -0.23377
14.66 1.84427 -0.231135
14.67 1.84317 -0.228501
14.68 1.84208 -0.225868
14.69 1.84099 -0.223238
14.7 1.83989 -0.220608
14.71 1.8388 -0.217981
14.72 1.8377 -0.215355
14.73 1.8366 -0.21273
14.74 1.83551 -0.210107
14.75 1.83441 -0.207486
14.76 1.8333 -0.204866
14.77 1.8322 -0.202248
14.78 1.8311 -0.199631
14.79 1.82999 -0.197016
14.8 1.82889 -0.194403
14.81 1.82778 -0.191791
14.82 1.82667 -0.18918
14.83 1.82556 -0.186572
14.84 1.82445 -0.183965
14.85 1.82334 -0.181359
14.86 1.82222 -0.178755
14.87 1.82111 -0.176153
14.88 1.81999 -0.173552
14.89 1.81887 -0.170953
14.9 1.81776 -0.168355
14.91 1.81664 -0.165759
14.92 1.81552 -0.163165
14.93 1.81439 -0.160572
14.94 1.81327 -0.157981
14.95 1.81214 -0.155391
14.96 1.81102 -0.152803
14.97 1.80989 -0.150217
14.98 1.80876 -0.147632
14.99 1.80763 -0.145049
15 1.8065 -0.142467
15.01 1.80537 -0.139887
15.02 1.80423 -0.137309
15.03 1.8031 -0.134732
15.04 1.80196 -0.132157
15.05 1.80082 -0.129584
15.06 1.79969 -0.127012
15.07 1.79855 -0.124442
15.08 1.7974 -0.121873
15.09 1.79626 -0.119307
15.1 1.79512 -0.116741
15.11 1.79397 -0.114178
15.12 1.79282 -0.111616
15.13 1.79167 -0.109055
15.14 1.79052 -0.106497
15.15 1.78937 -0.10394
15.16 1.78822 -0.101384
15.17 1.78707 -0.0988304
15.18 1.78591 -0.0962782
15.19 1.78475 -0.0937278
15.2 1.78359 -0.0911789
15.21 1.78244 -0.0886318
15.22 1.78127 -0.0860863
15.23 1.78011 -0.0835424
15.24 1.77895 -0.0810002
15.25 1.77778 -0.0784597
15.26 1.77662 -0.0759209
15.27 1.77545 -0.0733837
15.28 1.77428 -0.0708482
15.29 1.77311 -0.0683143
15.3 1.77193 -0.0657821
15.31 1.77076 -0.0632516
15.32 1.76958 -0.0607228
15.33 1.76841 -0.0581957
15.34 1.76723 -0.0556702
15.35 1.76605 -0.0531465
15.36 1.76487 -0.0506244
15.37 1.76369 -0.048104
15.38 1.7625 -0.0455853
15.39 1.76132 -0.0430683
15.4 1.76013 -0.0405529
15.41 1.75894 -0.0380393
15.42 1.75775 -0.0355274
15.43 1.75656 -0.0330172
15.44 1.75536 -0.0305087
15.45 1.75417 -0.0280019
15.46 1.75297 -0.0254968
15.47 1.75177 -0.0229934
15.48 1.75057 -0.0204917
15.49 1.74937 -0.0179917
15.5 1.74817 -0.0154935
15.51 1.74696 -0.012997
15.52 1.74576 -0.0105022
15.53 1.74455 -0.00800909
15.54 1.74334 -0.00551774
15.55 1.74213 -0.00302812
15.56 1.74092 -0.000540225
15.57 1.7397 0.00194593
15.58 1.73849 0.00443036
15.59 1.73727 0.00691305
15.6 1.73605 0.00939399
15.61 1.73483 0.0118732
15.62 1.73361 0.0143507
15.63 1.73239 0.0168264
15.64 1.73116 0.0193003
15.65 1.72993 0.0217725
15.66 1.7287 0.024243
15.67 1.72747 0.0267117
15.68 1.72624 0.0291786
15.69 1.72501 0.0316438
15.7 1.72377 0.0341072
15.71 1.72253 0.0365689
15.72 1.72129 0.0390287
15.73 1.72005 0.0414868
15.74 1.71881 0.0439432
15.75 1.71757 0.0463977
15.76 1.71632 0.0488505
15.77 1.71507 0.0513015
15.78 1.71382 0.0537507
15.79 1.71257 0.0561981
15.8 1.71132 0.0586438
15.81 1.71006 0.0610876
15.82 1.70881 0.0635297
15.83 1.70755 0.0659699
15.84 1.70629 0.0684084
15.85 1.70502 0.070845
15.86 1.70376 0.0732799
15.87 1.70249 0.0757129
15.88 1.70122 0.0781441
15.89 1.69995 0.0805735
15.9 1.69868 0.0830011
15.91 1.69741 0.0854269
15.92 1.69613 0.0878509
15.93 1.69486 0.090273
15.94 1.69358 0.0926933
15.95 1.6923 0.0951118
15.96 1.69101 0.0975285
15.97 1.68973 0.0999433
15.98 1.68844 0.102356
15.99 1.68715 0.104767
16 1.68586 0.107177
16.01 1.68457 0.109584
16.02 1.68327 0.11199
16.03 1.68197 0.114393
16.04 1.68068 0.116795
16.05 1.67937 0.119195
16.06 1.67807 0.121594
16.07 1.67677 0.12399
16.08 1.67546 0.126384
16.09 1.67415 0.128777
16.1 1.67284 0.131168
16.11 1.67153 0.133556
16.12 1.67021 0.135943
16.13 1.66889 0.138328
16.14 1.66757 0.140712
16.15 1.66625 0.143093
16.16 1.66493 0.145472
16.17 1.6636 0.14785
16.18 1.66227 0.150226
16.19 1.66094 0.152599
16.2 1.65961 0.154971
16.21 1.65828 0.157341
16.22 1.65694 0.159709
16.23 1.6556 0.162075
16.24 1.65426 0.164439
16.25 1.65291 0.166802
16.26 1.65157 0.169162
16.27 1.65022 0.17152
16.28 1.64887 0.173877
16.29 1.64752 0.176231
16.3 1.64616 0.178584
16.31 1.64481 0.180935
16.32 1.64345 0.183283
16.33 1.64208 0.18563
16.34 1.64072 0.187975
16.35 1.63935 0.190318
16.36 1.63798 0.192659
16.37 1.63661 0.194998
16.38 1.63524 0.197335
16.39 1.63386 0.19967
16.4 1.63248 0.202003
16.41 1.6311 0.204334
16.42 1.62972 0.206663
16.43 1.62833 0.208991
16.44 1.62695 0.211316
16.45 1.62555 0.213639
16.46 1.62416 0.21596
16.47 1.62277 0.21828
16.48 1.62137 0.220597
16.49 1.61997 0.222912
16.5 1.61856 0.225225
16.51 1.61716 0.227536
16.52 1.61575 0.229846
16.53 1.61434 0.232153
16.54 1.61292 0.234458
16.55 1.61151 0.236761
16.56 1.61009 0.239062
16.57 1.60866 0.241361
16.58 1.60724 0.243659
16.59 1.60581 0.245954
16.6 1.60438 0.248247
16.61 1.60295 0.250538
16.62 1.60151 0.252826
16.63 1.60008 0.255113
16.64 1.59864 0.257398
16.65 1.59719 0.259681
16.66 1.59574 0.261962
16.67 1.5943 0.26424
16.68 1.59284 0.266517
16.69 1.59139 0.268791
16.7 1.58993 0.271063
16.71 1.58847 0.273334
16.72 1.58701 0.275602
16.73 1.58554 0.277868
16.74 1.58407 0.280132
16.75 1.5826 0.282394
16.76 1.58112 0.284654
16.77 1.57964 0.286911
16.78 1.57816 0.289167
16.79 1.57668 0.29142
16.8 1.57519 0.293672
16.81 1.5737 0.295921
16.82 1.5722 0.298168
16.83 1.57071 0.300413
16.84 1.5692 0.302656
16.85 1.5677 0.304896
16.86 1.56619 0.307135
16.87 1.56468 0.309371
16.88 1.56317 0.311605
16.89 1.56165 0.313837
16.9 1.56014 0.316067
16.91 1.55861 0.318295
16.92 1.55709 0.320521
16.93 1.55556 0.322744
16.94 1.55402 0.324965
16.95 1.55249 0.327184
16.96 1.55095 0.329401
16.97 1.5494 0.331615
16.98 1.54786 0.333827
16.99 1.54631 0.336038
17 1.54475 0.338246
17.01 1.5432 0.340451
17.02 1.54164 0.342655
17.03 1.54007 0.344856
17.04 1.5385 0.347055
17.05 1.53693 0.349252
17.06 1.53536 0.351446
17.07 1.53378 0.353638
17.08 1.53219 0.355828
17.09 1.53061 0.358016
17.1 1.52902 0.360201
17.11 1.52742 0.362385
17.12 1.52583 0.364566
17.13 1.52422 0.366744
17.14 1.52262 0.36892
17.15 1.52101 0.371094
17.16 1.5194 0.373266
17.17 1.51778 0.375436
17.18 1.51616 0.377603
17.19 1.51453 0.379767
17.2 1.5129 0.38193
17.21 1.51127 0.38409
17.22 1.50963 0.386248
17.23 1.50799 0.388403
17.24 1.50634 0.390556
17.25 1.50469 0.392707
17.26 1.50304 0.394855
17.27 1.50138 0.397001
17.28 1.49972 0.399145
17.29 1.49805 0.401286
17.3 1.49638 0.403425
17.31 1.4947 0.405562
17.32 1.49302 0.407696
17.33 1.49133 0.409828
17.34 1.48964 0.411957
17.35 1.48795 0.414084
17.36 1.48625 0.416208
17.37 1.48455 0.41833
17.38 1.48284 0.42045
17.39 1.48113 0.422567
17.4 1.47941 0.424681
17.41 1.47769 0.426794
17.42 1.47596 0.428903
17.43 1.47423 0.431011
17.44 1.47249 0.433115
17.45 1.47075 0.435218
17.46 1.469 0.437318
17.47 1.46725 0.439415
17.48 1.46549 0.44151
17.49 1.46373 0.443602
17.5 1.46196 0.445692
17.51 1.46019 0.447779
17.52 1.45841 0.449864
17.53 1.45662 0.451946
17.54 1.45483 0.454026
17.55 1.45304 0.456103
17.56 1.45124 0.458177
17.57 1.44943 0.460249
17.58 1.44762 0.462318
17.59 1.44581 0.464385
17.6 1.44398 0.466449
17.61 1.44216 0.468511
17.62 1.44032 0.47057
17.63 1.43848 0.472626
17.64 1.43664 0.47468
17.65 1.43478 0.476731
17.66 1.43293 0.478779
17.67 1.43106 0.480825
17.68 1.42919 0.482868
17.69 1.42732 0.484908
17.7 1.42543 0.486946
17.71 1.42354 0.488981
17.72 1.42165 0.491013
17.73 1.41975 0.493043
17.74 1.41784 0.495069
17.75 1.41592 0.497094
17.76 1.414 0.499115
17.77 1.41207 0.501134
17.78 1.41014 0.503149
17.79 1.4082 0.505162
17.8 1.40625 0.507173
17.81 1.40429 0.50918
17.82 1.40233 0.511185
17.83 1.40036 0.513187
17.84 1.39838 0.515186
17.85 1.3964 0.517182
17.86 1.3944 0.519176
17.87 1.3924 0.521166
17.88 1.3904 0.523154
17.89 1.38838 0.525139
17.9 1.38636 0.527121
17.91 1.38433 0.5291
17.92 1.38229 0.531076
17.93 1.38024 0.533049
17.94 1.37819 0.53502
17.95 1.37613 0.536987
17.96 1.37405 0.538951
17.97 1.37198 0.540913
17.98 1.36989 0.542871
17.99 1.36779 0.544827
18 1.36569 0.546779
18.01 1.36357 0.548729
18.02 1.36145 0.550675
18.03 1.35932 0.552619
18.04 1.35717 0.554559
18.05 1.35502 0.556496
18.06 1.35286 0.55843
18.07 1.3507 0.560362
18.08 1.34852 0.56229
18.09 1.34633 0.564214
18.1 1.34413 0.566136
18.11 1.34192 0.568055
18.12 1.3397 0.56997
18.13 1.33747 0.571883
18.14 1.33523 0.573792
18.15 1.33298 0.575698
18.16 1.33072 0.5776
18.17 1.32845 0.5795
18.18 1.32617 0.581396
18.19 1.32388 0.583289
18.2 1.32157 0.585178
18.21 1.31926 0.587065
18.22 1.31693 0.588948
18.23 1.31459 0.590827
18.24 1.31224 0.592704
18.25 1.30987 0.594576
18.26 1.3075 0.596446
18.27 1.30511 0.598312
18.28 1.30271 0.600175
18.29 1.3003 0.602034
18.3 1.29787 0.60389
18.31 1.29543 0.605742
18.32 1.29298 0.607591
18.33 1.29051 0.609437
18.34 1.28803 0.611278
18.35 1.28553 0.613117
18.36 1.28303 0.614951
18.37 1.2805 0.616782
18.38 1.27796 0.61861
18.39 1.27541 0.620434
18.4 1.27284 0.622254
18.41 1.27026 0.62407
18.42 1.26766 0.625883
18.43 1.26504 0.627692
18.44 1.26241 0.629498
18.45 1.25976 0.631299
18.46 1.2571 0.633097
18.47 1.25442 0.634891
18.48 1.25172 0.636681
18.49 1.249 0.638467
18.5 1.24626 0.64025
18.51 1.24351 0.642028
18.52 1.24074 0.643802
18.53 1.23795 0.645573
18.54 1.23514 0.647339
18.55 1.2323 0.649102
18.56 1.22945 0.65086
18.57 1.22658 0.652615
18.58 1.22369 0.654365
18.59 1.22078 0.656111
18.6 1.21784 0.657853
18.61 1.21489 0.65959
18.62 1.21191 0.661324
18.63 1.2089 0.663053
18.64 1.20588 0.664778
18.65 1.20283 0.666498
18.66 1.19975 0.668214
18.67 1.19665 0.669926
18.68 1.19353 0.671633
18.69 1.19037 0.673336
18.7 1.1872 0.675034
18.71 1.18399 0.676728
18.72 1.18076 0.678417
18.73 1.17749 0.680102
18.74 1.1742 0.681782
18.75 1.17088 0.683457
18.76 1.16753 0.685127
18.77 1.16415 0.686792
18.78 1.16074 0.688453
18.79 1.15729 0.690109
18.8 1.15381 0.69176
18.81 1.15029 0.693405
18.82 1.14674 0.695046
18.83 1.14316 0.696682
18.84 1.13954 0.698312
18.85 1.13587 0.699938
18.86 1.13218 0.701558
18.87 1.12844 0.703172
18.88 1.12466 0.704782
18.89 1.12083 0.706386
18.9 1.11697 0.707984
18.91 1.11306 0.709577
18.92 1.1091 0.711164
18.93 1.1051 0.712746
18.94 1.10105 0.714322
18.95 1.09695 0.715892
18.96 1.0928 0.717456
18.97 1.0886 0.719014
18.98 1.08434 0.720566
18.99 1.08003 0.722112
19 1.07566 0.723652
19.01 1.07123 0.725185
19.02 1.06674 0.726712
19.03 1.06218 0.728233
19.04 1.05756 0.729747
19.05 1.05288 0.731255
19.06 1.04812 0.732755
19.07 1.0433 0.734249
19.08 1.03839 0.735736
19.09 1.03342 0.737216
19.1 1.02836 0.738689
19.11 1.02322 0.740154
19.12 1.01799 0.741612
19.13 1.01268 0.743063
19.14 1.00727 0.744505
19.15 1.00177 0.74594
19.16 0.996174 0.747368
19.17 0.990471 0.748787
19.18 0.984663 0.750197
19.19 0.978743 0.7516
19.2 0.972708 0.752994
19.21 0.966552 0.754379
19.22 0.960271 0.755755
19.23 0.95386 0.757123
19.24 0.947312 0.758481
19.25 0.940622 0.759829
19.26 0.933783 0.761168
19.27 0.926789 0.762497
19.28 0.919633 0.763816
19.29 0.912306 0.765124
19.3 0.904801 0.766422
19.31 0.897108 0.76771
19.32 0.88922 0.768985
19.33 0.881126 0.77025
19.34 0.872815 0.771503
19.35 0.864276 0.772744
19.36 0.855498 0.773972
19.37 0.846466 0.775188
19.38 0.837169 0.77639
19.39 0.827589 0.77758
19.4 0.817713 0.778755
19.41 0.807522 0.779916
19.42 0.796998 0.781062
19.43 0.786121 0.782193
19.44 0.774869 0.783308
19.45 0.763219 0.784406
19.46 0.751147 0.785488
19.47 0.738624 0.786552
19.48 0.725622 0.787598
19.49 0.712107 0.788625
19.5 0.698045 0.789633
19.51 0.683398 0.79062
19.52 0.668125 0.791585
19.53 0.65218 0.792528
19.54 0.635514 0.793448
19.55 0.618073 0.794344
19.56 0.599797 0.795214
19.57 0.580622 0.796057
19.58 0.560477 0.796872
19.59 0.539283 0.797658
19.6 0.516955 0.798412
19.61 0.493399 0.799134
19.62 0.468511 0.799821
19.63 0.442177 0.800472
19.64 0.414271 0.801084
19.65 0.384657 0.801655
19.66 0.353183 0.802182
19.67 0.319684 0.802663
19.68 0.283978 0.803094
19.69 0.24587 0.803473
19.7 0.205146 0.803796
19.71 0.161577 0.804058
19.72 0.114918 0.804256
19.73 0.0649114 0.804385
19.74 0.0112891 0.80444
19.75 -0.04622 0.804415
19.76 -0.107882 0.804306
19.77 -0.173946 0.804105
19.78 -0.244628 0.803806
19.79 -0.320085 0.803404
19.8 -0.400393 0.802889
19.81 -0.485512 0.802257
19.82 -0.575246 0.8015
19.83 -0.669209 0.800612
19.84 -0.766791 0.799586
19.85 -0.867134 0.79842
19.86 -0.969132 0.797108
19.87 -1.07145 0.79565
19.88 -1.17261 0.794047
19.89 -1.27102 0.792301
19.9 -1.36516 0.790418
19.91 -1.45365 0.788404
19.92 -1.53538 0.786268
19.93 -1.60957 0.78402
19.94 -1.67581 0.781673
19.95 -1.73403 0.779236
19.96 -1.78447 0.776722
19.97 -1.82761 0.774141
19.98 -1.86407 0.771504
19.99 -1.89456 0.768818
20 -1.91984 0.766093
20.01 -1.94061 0.763335
20.02 -1.95755 0.76055
20.03 -1.97127 0.757744
20.04 -1.9823 0.754919
20.05 -1.99111 0.752081
20.06 -1.99809 0.749231
20.07 -2.00357 0.746373
20.08 -2.00783 0.743507
20.09 -2.01109 0.740637
20.1 -2.01355 0.737762
20.11 -2.01535 0.734884
20.12 -2.01662 0.732004
20.13 -2.01747 0.729122
20.14 -2.01797 0.72624
20.15 -2.01819 0.723357
20.16 -2.01819 0.720474
20.17 -2.018 0.717591
20.18 -2.01768 0.714708
20.19 -2.01723 0.711826
20.2 -2.01669 0.708945
20.21 -2.01607 0.706064
20.22 -2.01539 0.703184
20.23 -2.01465 0.700306
20.24 -2.01388 0.697428
20.25 -2.01308 0.694552
20.26 -2.01225 0.691677
20.27 -2.0114 0.688803
20.28 -2.01053 0.68593
20.29 -2.00964 0.683058
20.3 -2.00875 0.680188
20.31 -2.00784 0.677319
20.32 -2.00693 0.674451
20.33 -2.00601 0.671585
20.34 -2.00508 0.66872
20.35 -2.00415 0.665856
20.36 -2.00322 0.662994
20.37 -2.00228 0.660133
20.38 -2.00134 0.657273
20.39 -2.0004 0.654415
20.4 -1.99946 0.651557
20.41 -1.99851 0.648702
20.42 -1.99757 0.645847
20.43 -1.99662 0.642994
20.44 -1.99567 0.640143
20.45 -1.99472 0.637293
20.46 -1.99377 0.634444
20.47 -1.99282 0.631596
20.48 -1.99186 0.62875
20.49 -1.99091 0.625905
20.5 -1.98995 0.623062
20.51 -1.98899 0.620219
20.52 -1.98804 0.617379
20.53 -1.98708 0.614539
20.54 -1.98612 0.611701
20.55 -1.98516 0.608865
20.56 -1.9842 0.606029
20.57 -1.98324 0.603196
20.58 -1.98227 0.600363
20.59 -1.98131 0.597532
20.6 -1.98035 0.594702
20.61 -1.97938 0.591874
20.62 -1.97842 0.589047
20.63 -1.97745 0.586221
20.64 -1.97648 0.583397
20.65 -1.97552 0.580574
20.66 -1.97455 0.577753
20.67 -1.97358 0.574933
20.68 -1.97261 0.572114
20.69 -1.97164 0.569296
20.7 -1.97066 0.566481
20.71 -1.96969 0.563666
20.72 -1.96872 0.560853
20.73 -1.96774 0.558041
20.74 -1.96677 0.555231
20.75 -1.96579 0.552422
20.76 -1.96482 0.549614
20.77 -1.96384 0.546808
20.78 -1.96286 0.544003
20.79 -1.96188 0.5412
20.8 -1.9609 0.538398
20.81 -1.95992 0.535597
20.82 -1.95894 0.532798
20.83 -1.95795 0.53
20.84 -1.95697 0.527204
20.85 -1.95599 0.524409
20.86 -1.955 0.521615
20.87 -1.95402 0.518823
20.88 -1.95303 0.516033
20.89 -1.95204 0.513243
20.9 -1.95105 0.510455
20.91 -1.95006 0.507669
20.92 -1.94907 0.504884
20.93 -1.94808 0.5021
20.94 -1.94709 0.499318
20.95 -1.9461 0.496537
20.96 -1.94511 0.493757
20.97 -1.94411 0.490979
20.98 -1.94312 0.488203
20.99 -1.94212 0.485428
21 -1.94112 0.482654
21.01 -1.94013 0.479882
21.02 -1.93913 0.477111
21.03 -1.93813 0.474341
21.04 -1.93713 0.471573
21.05 -1.93613 0.468807
21.06 -1.93512 0.466041
21.07 -1.93412 0.463278
21.08 -1.93312 0.460515
21.09 -1.93211 0.457754
21.1 -1.93111 0.454995
21.11 -1.9301 0.452237
21.12 -1.92909 0.44948
21.13 -1.92808 0.446725
21.14 -1.92707 0.443972
21.15 -1.92606 0.441219
21.16 -1.92505 0.438469
21.17 -1.92404 0.435719
21.18 -1.92303 0.432971
21.19 -1.92201 0.430225
21.2 -1.921 0.42748
21.21 -1.91998 0.424736
21.22 -1.91897 0.421994
21.23 -1.91795 0.419254
21.24 -1.91693 0.416514
21.25 -1.91591 0.413777
21.26 -1.91489 0.41104
21.27 -1.91387 0.408305
21.28 -1.91285 0.405572
21.29 -1.91183 0.40284
21.3 -1.9108 0.40011
21.31 -1.90978 0.397381
21.32 -1.90875 0.394653
21.33 -1.90772 0.391927
21.34 -1.9067 0.389203
21.35 -1.90567 0.386479
21.36 -1.90464 0.383758
21.37 -1.90361 0.381038
21.38 -1.90257 0.378319
21.39 -1.90154 0.375602
21.4 -1.90051 0.372886
21.41 -1.89947 0.370172
21.42 -1.89844 0.367459
21.43 -1.8974 0.364748
21.44 -1.89636 0.362038
21.45 -1.89532 0.359329
21.46 -1.89429 0.356623
21.47 -1.89324 0.353917
21.48 -1.8922 0.351213
21.49 -1.89116 0.348511
21.5 -1.89012 0.34581
21.51 -1.88907 0.343111
21.52 -1.88803 0.340413
21.53 -1.88698 0.337716
21.54 -1.88593 0.335021
21.55 -1.88488 0.332328
21.56 -1.88383 0.329636
21.57 -1.88278 0.326945
21.58 -1.88173 0.324256
21.59 -1.88068 0.321569
21.6 -1.87963 0.318883
21.61 -1.87857 0.316199
21.62 -1.87752 0.313516
21.63 -1.87646 0.310834
21.64 -1.8754 0.308154
21.65 -1.87434 0.305476
21.66 -1.87328 0.302799
21.67 -1.87222 0.300124
21.68 -1.87116 0.29745
21.69 -1.8701 0.294778
21.7 -1.86903 0.292107
21.71 -1.86797 0.289438
21.72 -1.8669 0.28677
21.73 -1.86583 0.284104
21.74 -1.86476 0.281439
21.75 -1.86369 0.278776
21.76 -1.86262 0.276114
21.77 -1.86155 0.273454
21.78 -1.86048 0.270795
21.79 -1.8594 0.268138
21.8 -1.85833 0.265483
21.81 -1.85725 0.262829
21.82 -1.85618 0.260176
21.83 -1.8551 0.257525
21.84 -1.85402 0.254876
21.85 -1.85294 0.252228
21.86 -1.85186 0.249582
21.87 -1.85077 0.246937
21.88 -1.84969 0.244294
21.89 -1.8486 0.241652
21.9 -1.84752 0.239012
21.91 -1.84643 0.236374
21.92 -1.84534 0.233737
21.93 -1.84425 0.231101
21.94 -1.84316 0.228467
21.95 -1.84207 0.225835
21.96 -1.84098 0.223204
21.97 -1.83988 0.220575
21.98 -1.83879 0.217948
21.99 -1.83769 0.215322
22 -1.83659 0.212697
22.01 -1.83549 0.210074
22.02 -1.83439 0.207453
22.03 -1.83329 0.204833
22.04 -1.83219 0.202215
22.05 -1.83108 0.199598
22.06 -1.82998 0.196983
22.07 -1.82887 0.19437
22.08 -1.82776 0.191758
22.09 -1.82666 0.189148
22.1 -1.82555 0.186539
22.11 -1.82443 0.183932
22.12 -1.82332 0.181326
22.13 -1.82221 0.178722
22.14 -1.82109 0.17612
22.15 -1.81998 0.173519
22.16 -1.81886 0.17092
22.17 -1.81774 0.168322
22.18 -1.81662 0.165726
22.19 -1.8155 0.163132
22.2 -1.81438 0.160539
22.21 -1.81326 0.157948
22.22 -1.81213 0.155358
22.23 -1.811 0.15277
22.24 -1.80988 0.150184
22.25 -1.80875 0.147599
22.26 -1.80762 0.145016
22.27 -1.80649 0.142435
22.28 -1.80535 0.139855
22.29 -1.80422 0.137277
22.3 -1.80308 0.1347
22.31 -1.80195 0.132125
22.32 -1.80081 0.129552
22.33 -1.79967 0.12698
22.34 -1.79853 0.12441
22.35 -1.79739 0.121841
22.36 -1.79625 0.119274
22.37 -1.7951 0.116709
22.38 -1.79396 0.114145
22.39 -1.79281 0.111583
22.4 -1.79166 0.109023
22.41 -1.79051 0.106464
22.42 -1.78936 0.103907
22.43 -1.78821 0.101352
22.44 -1.78705 0.0987982
22.45 -1.7859 0.0962461
22.46 -1.78474 0.0936956
22.47 -1.78358 0.0911468
22.48 -1.78242 0.0885997
22.49 -1.78126 0.0860542
22.5 -1.7801 0.0835104
22.51 -1.77893 0.0809682
22.52 -1.77777 0.0784277
22.53 -1.7766 0.0758889
22.54 -1.77543 0.0733517
22.55 -1.77426 0.0708162
22.56 -1.77309 0.0682824
22.57 -1.77192 0.0657502
22.58 -1.77075 0.0632198
22.59 -1.76957 0.060691
22.6 -1.76839 0.0581638
22.61 -1.76721 0.0556384
22.62 -1.76603 0.0531147
22.63 -1.76485 0.0505926
22.64 -1.76367 0.0480722
22.65 -1.76249 0.0455535
22.66 -1.7613 0.0430366
22.67 -1.76011 0.0405213
22.68 -1.75892 0.0380077
22.69 -1.75773 0.0354958
22.7 -1.75654 0.0329856
22.71 -1.75535 0.0304771
22.72 -1.75415 0.0279703
22.73 -1.75296 0.0254652
22.74 -1.75176 0.0229618
22.75 -1.75056 0.0204602
22.76 -1.74936 0.0179602
22.77 -1.74815 0.015462
22.78 -1.74695 0.0129655
22.79 -1.74574 0.0104707
22.8 -1.74454 0.00797769
22.81 -1.74333 0.00548635
22.82 -1.74212 0.00299675
22.83 -1.7409 0.000508882
22.84 -1.73969 -0.00197726
22.85 -1.73847 -0.00446166
22.86 -1.73726 -0.00694432
22.87 -1.73604 -0.00942525
22.88 -1.73482 -0.0119044
22.89 -1.73359 -0.0143819
22.9 -1.73237 -0.0168576
22.91 -1.73114 -0.0193315
22.92 -1.72992 -0.0218037
22.93 -1.72869 -0.0242741
22.94 -1.72746 -0.0267428
22.95 -1.72623 -0.0292097
22.96 -1.72499 -0.0316749
22.97 -1.72376 -0.0341383
22.98 -1.72252 -0.0365999
22.99 -1.72128 -0.0390597
23 -1.72004 -0.0415178
23.01 -1.71879 -0.0439741
23.02 -1.71755 -0.0464287
23.03 -1.7163 -0.0488814
23.04 -1.71506 -0.0513324
23.05 -1.71381 -0.0537816
23.06 -1.71255 -0.056229
23.07 -1.7113 -0.0586746
23.08 -1.71005 -0.0611184
23.09 -1.70879 -0.0635604
23.1 -1.70753 -0.0660007
23.11 -1.70627 -0.0684391
23.12 -1.70501 -0.0708757
23.13 -1.70374 -0.0733105
23.14 -1.70248 -0.0757436
23.15 -1.70121 -0.0781748
23.16 -1.69994 -0.0806041
23.17 -1.69867 -0.0830317
23.18 -1.69739 -0.0854575
23.19 -1.69612 -0.0878814
23.2 -1.69484 -0.0903035
23.21 -1.69356 -0.0927238
23.22 -1.69228 -0.0951423
23.23 -1.691 -0.0975589
23.24 -1.68971 -0.0999737
23.25 -1.68842 -0.102387
23.26 -1.68713 -0.104798
23.27 -1.68584 -0.107207
23.28 -1.68455 -0.109614
23.29 -1.68326 -0.11202
23.3 -1.68196 -0.114424
23.31 -1.68066 -0.116826
23.32 -1.67936 -0.119226
23.33 -1.67806 -0.121624
23.34 -1.67675 -0.12402
23.35 -1.67544 -0.126415
23.36 -1.67413 -0.128807
23.37 -1.67282 -0.131198
23.38 -1.67151 -0.133587
23.39 -1.67019 -0.135973
23.4 -1.66888 -0.138359
23.41 -1.66756 -0.140742
23.42 -1.66623 -0.143123
23.43 -1.66491 -0.145502
23.44 -1.66358 -0.14788
23.45 -1.66226 -0.150255
23.46 -1.66093 -0.152629
23.47 -1.65959 -0.155001
23.48 -1.65826 -0.157371
23.49 -1.65692 -0.159739
23.5 -1.65558 -0.162105
23.51 -1.65424 -0.164469
23.52 -1.6529 -0.166831
23.53 -1.65155 -0.169192
23.54 -1.6502 -0.17155
23.55 -1.64885 -0.173907
23.56 -1.6475 -0.176261
23.57 -1.64615 -0.178614
23.58 -1.64479 -0.180964
23.59 -1.64343 -0.183313
23.6 -1.64207 -0.18566
23.61 -1.6407 -0.188005
23.62 -1.63934 -0.190348
23.63 -1.63797 -0.192688
23.64 -1.6366 -0.195027
23.65 -1.63522 -0.197364
23.66 -1.63385 -0.1997
23.67 -1.63247 -0.202033
23.68 -1.63109 -0.204364
23.69 -1.6297 -0.206693
23.7 -1.62832 -0.20902
23.71 -1.62693 -0.211345
23.72 -1.62554 -0.213668
23.73 -1.62414 -0.21599
23.74 -1.62275 -0.218309
23.75 -1.62135 -0.220626
23.76 -1.61995 -0.222941
23.77 -1.61854 -0.225254
23.78 -1.61714 -0.227566
23.79 -1.61573 -0.229875
23.8 -1.61432 -0.232182
23.81 -1.6129 -0.234487
23.82 -1.61149 -0.23679
23.83 -1.61007 -0.239091
23.84 -1.60865 -0.24139
23.85 -1.60722 -0.243688
23.86 -1.60579 -0.245983
23.87 -1.60436 -0.248275
23.88 -1.60293 -0.250566
23.89 -1.6015 -0.252855
23.9 -1.60006 -0.255142
23.91 -1.59862 -0.257427
23.92 -1.59717 -0.25971
23.93 -1.59573 -0.26199
23.94 -1.59428 -0.264269
23.95 -1.59282 -0.266545
23.96 -1.59137 -0.26882
23.97 -1.58991 -0.271092
23.98 -1.58845 -0.273362
23.99 -1.58699 -0.275631
24 -1.58552 -0.277897
24.01 -1.58405 -0.280161
24.02 -1.58258 -0.282422
24.03 -1.5811 -0.284682
24.04 -1.57962 -0.28694
24.05 -1.57814 -0.289195
24.06 -1.57666 -0.291449
24.07 -1.57517 -0.2937
24.08 -1.57368 -0.295949
24.09 -1.57218 -0.298196
24.1 -1.57069 -0.300441
24.11 -1.56919 -0.302684
24.12 -1.56768 -0.304925
24.13 -1.56618 -0.307163
24.14 -1.56467 -0.309399
24.15 -1.56315 -0.311634
24.16 -1.56164 -0.313866
24.17 -1.56012 -0.316095
24.18 -1.55859 -0.318323
24.19 -1.55707 -0.320549
24.2 -1.55554 -0.322772
24.21 -1.554 -0.324993
24.22 -1.55247 -0.327212
24.23 -1.55093 -0.329429
24.24 -1.54938 -0.331643
24.25 -1.54784 -0.333855
24.26 -1.54629 -0.336065
24.27 -1.54473 -0.338273
24.28 -1.54318 -0.340479
24.29 -1.54162 -0.342682
24.3 -1.54005 -0.344884
24.31 -1.53848 -0.347083
24.32 -1.53691 -0.349279
24.33 -1.53534 -0.351474
24.34 -1.53376 -0.353666
24.35 -1.53217 -0.355856
24.36 -1.53059 -0.358044
24.37 -1.529 -0.360229
24.38 -1.5274 -0.362412
24.39 -1.52581 -0.364593
24.4 -1.5242 -0.366772
24.41 -1.5226 -0.368948
24.42 -1.52099 -0.371122
24.43 -1.51938 -0.373294
24.44 -1.51776 -0.375463
24.45 -1.51614 -0.37763
24.46 -1.51451 -0.379795
24.47 -1.51288 -0.381957
24.48 -1.51125 -0.384117
24.49 -1.50961 -0.386275
24.5 -1.50797 -0.38843
24.51 -1.50632 -0.390583
24.52 -1.50467 -0.392734
24.53 -1.50302 -0.394883
24.54 -1.50136 -0.397029
24.55 -1.49969 -0.399172
24.56 -1.49803 -0.401313
24.57 -1.49636 -0.403452
24.58 -1.49468 -0.405589
24.59 -1.493 -0.407723
24.6 -1.49131 -0.409854
24.61 -1.48962 -0.411984
24.62 -1.48793 -0.41411
24.63 -1.48623 -0.416235
24.64 -1.48453 -0.418357
24.65 -1.48282 -0.420476
24.66 -1.4811 -0.422593
24.67 -1.47939 -0.424708
24.68 -1.47766 -0.42682
24.69 -1.47594 -0.42893
24.7 -1.4742 -0.431037
24.71 -1.47247 -0.433142
24.72 -1.47072 -0.435244
24.73 -1.46898 -0.437344
24.74 -1.46722 -0.439441
24.75 -1.46547 -0.441536
24.76 -1.4637 -0.443628
24.77 -1.46194 -0.445718
24.78 -1.46016 -0.447805
24.79 -1.45838 -0.44989
24.8 -1.4566 -0.451972
24.81 -1.45481 -0.454052
24.82 -1.45302 -0.456129
24.83 -1.45122 -0.458203
24.84 -1.44941 -0.460275
24.85 -1.4476 -0.462344
24.86 -1.44578 -0.464411
24.87 -1.44396 -0.466475
24.88 -1.44213 -0.468537
24.89 -1.4403 -0.470596
24.9 -1.43846 -0.472652
24.91 -1.43661 -0.474705
24.92 -1.43476 -0.476756
24.93 -1.4329 -0.478805
24.94 -1.43104 -0.48085
24.95 -1.42917 -0.482893
24.96 -1.42729 -0.484934
24.97 -1.42541 -0.486971
24.98 -1.42352 -0.489006
24.99 -1.42162 -0.491039
25 -1.41972 -0.493068
25.01 -1.41781 -0.495095
25.02 -1.4159 -0.497119
25.03 -1.41398 -0.49914
25.04 -1.41205 -0.501159
25.05 -1.41011 -0.503175
25.06 -1.40817 -0.505188
25.07 -1.40622 -0.507198
25.08 -1.40427 -0.509206
25.09 -1.4023 -0.51121
25.1 -1.40033 -0.513212
25.11 -1.39836 -0.515211
25.12 -1.39637 -0.517207
25.13 -1.39438 -0.519201
25.14 -1.39238 -0.521191
25.15 -1.39037 -0.523179
25.16 -1.38836 -0.525164
25.17 -1.38633 -0.527146
25.18 -1.3843 -0.529125
25.19 -1.38226 -0.531101
25.2 -1.38022 -0.533074
25.21 -1.37816 -0.535044
25.22 -1.3761 -0.537012
25.23 -1.37403 -0.538976
25.24 -1.37195 -0.540938
25.25 -1.36986 -0.542896
25.26 -1.36776 -0.544851
25.27 -1.36566 -0.546804
25.28 -1.36354 -0.548753
25.29 -1.36142 -0.5507
25.3 -1.35929 -0.552643
25.31 -1.35715 -0.554583
25.32 -1.355 -0.556521
25.33 -1.35284 -0.558455
25.34 -1.35067 -0.560386
25.35 -1.34849 -0.562314
25.36 -1.3463 -0.564239
25.37 -1.3441 -0.56616
25.38 -1.34189 -0.568079
25.39 -1.33967 -0.569994
25.4 -1.33744 -0.571907
25.41 -1.33521 -0.573816
25.42 -1.33296 -0.575722
25.43 -1.33069 -0.577624
25.44 -1.32842 -0.579524
25.45 -1.32614 -0.58142
25.46 -1.32385 -0.583312
25.47 -1.32154 -0.585202
25.48 -1.31923 -0.587088
25.49 -1.3169 -0.588971
25.5 -1.31456 -0.590851
25.51 -1.31221 -0.592727
25.52 -1.30984 -0.5946
25.53 -1.30747 -0.59647
25.54 -1.30508 -0.598336
25.55 -1.30268 -0.600198
25.56 -1.30027 -0.602058
25.57 -1.29784 -0.603913
25.58 -1.2954 -0.605766
25.59 -1.29295 -0.607614
25.6 -1.29048 -0.60946
25.61 -1.288 -0.611302
25.62 -1.2855 -0.61314
25.63 -1.28299 -0.614974
25.64 -1.28047 -0.616805
25.65 -1.27793 -0.618633
25.66 -1.27538 -0.620457
25.67 -1.27281 -0.622277
25.68 -1.27023 -0.624093
25.69 -1.26763 -0.625906
25.7 -1.26501 -0.627715
25.71 -1.26238 -0.62952
25.72 -1.25973 -0.631322
25.73 -1.25706 -0.63312
25.74 -1.25438 -0.634913
25.75 -1.25168 -0.636704
25.76 -1.24896 -0.63849
25.77 -1.24623 -0.640272
25.78 -1.24348 -0.64205
25.79 -1.2407 -0.643825
25.8 -1.23791 -0.645595
25.81 -1.2351 -0.647362
25.82 -1.23227 -0.649124
25.83 -1.22942 -0.650882
25.84 -1.22655 -0.652637
25.85 -1.22365 -0.654387
25.86 -1.22074 -0.656133
25.87 -1.21781 -0.657875
25.88 -1.21485 -0.659612
25.89 -1.21187 -0.661346
25.9 -1.20886 -0.663075
25.91 -1.20584 -0.664799
25.92 -1.20279 -0.66652
25.93 -1.19971 -0.668236
25.94 -1.19661 -0.669948
25.95 -1.19349 -0.671655
25.96 -1.19033 -0.673358
25.97 -1.18716 -0.675056
25.98 -1.18395 -0.676749
25.99 -1.18072 -0.678439
26 -1.17745 -0.680123
26.01 -1.17416 -0.681803
26.02 -1.17084 -0.683478
26.03 -1.16749 -0.685148
26.04 -1.16411 -0.686813
26.05 -1.16069 -0.688474
26.06 -1.15724 -0.69013
26.07 -1.15376 -0.69178
26.08 -1.15025 -0.693426
26.09 -1.1467 -0.695067
26.1 -1.14311 -0.696702
26.11 -1.13949 -0.698333
26.12 -1.13583 -0.699958
26.13 -1.13213 -0.701578
26.14 -1.12839 -0.703193
26.15 -1.12461 -0.704802
26.16 -1.12079 -0.706406
26.17 -1.11692 -0.708004
26.18 -1.11301 -0.709597
26.19 -1.10905 -0.711184
26.2 -1.10505 -0.712766
26.21 -1.101 -0.714341
26.22 -1.0969 -0.715911
26.23 -1.09275 -0.717475
26.24 -1.08854 -0.719033
26.25 -1.08429 -0.720585
26.26 -1.07997 -0.722131
26.27 -1.0756 -0.723671
26.28 -1.07117 -0.725204
26.29 -1.06668 -0.726732
26.3 -1.06212 -0.728252
26.31 -1.05751 -0.729766
26.32 -1.05282 -0.731274
26.33 -1.04806 -0.732774
26.34 -1.04323 -0.734268
26.35 -1.03833 -0.735755
26.36 -1.03335 -0.737235
26.37 -1.02829 -0.738707
26.38 -1.02315 -0.740173
26.39 -1.01793 -0.74163
26.4 -1.01261 -0.743081
26.41 -1.0072 -0.744524
26.42 -1.0017 -0.745959
26.43 -0.996102 -0.747386
26.44 -0.990399 -0.748804
26.45 -0.984589 -0.750215
26.46 -0.978668 -0.751618
26.47 -0.972631 -0.753011
26.48 -0.966474 -0.754396
26.49 -0.960191 -0.755773
26.5 -0.953778 -0.75714
26.51 -0.947229 -0.758498
26.52 -0.940537 -0.759846
26.53 -0.933696 -0.761185
26.54 -0.9267 -0.762514
26.55 -0.919541 -0.763832
26.56 -0.912212 -0.765141
26.57 -0.904705 -0.766439
26.58 -0.89701 -0.767726
26.59 -0.889119 -0.769001
26.6 -0.881022 -0.770266
26.61 -0.872709 -0.771519
26.62 -0.864167 -0.772759
26.63 -0.855385 -0.773988
26.64 -0.846351 -0.775203
26.65 -0.83705 -0.776406
26.66 -0.827467 -0.777595
26.67 -0.817586 -0.77877
26.68 -0.807391 -0.77993
26.69 -0.796863 -0.781076
26.7 -0.785981 -0.782207
26.71 -0.774725 -0.783322
26.72 -0.76307 -0.78442
26.73 -0.750992 -0.785502
26.74 -0.738463 -0.786566
26.75 -0.725455 -0.787611
26.76 -0.711933 -0.788638
26.77 -0.697864 -0.789645
26.78 -0.68321 -0.790632
26.79 -0.667929 -0.791597
26.8 -0.651975 -0.79254
26.81 -0.635299 -0.793459
26.82 -0.617848 -0.794355
26.83 -0.599561 -0.795224
26.84 -0.580374 -0.796067
26.85 -0.560216 -0.796882
26.86 -0.539009 -0.797667
26.87 -0.516666 -0.798422
26.88 -0.493094 -0.799143
26.89 -0.468188 -0.79983
26.9 -0.441835 -0.80048
26.91 -0.413909 -0.801091
26.92 -0.384272 -0.801662
26.93 -0.352774 -0.802188
26.94 -0.319248 -0.802669
26.95 -0.283513 -0.8031
26.96 -0.245374 -0.803478
26.97 -0.204616 -0.803799
26.98 -0.161009 -0.804061
26.99 -0.11431 -0.804258
27 -0.0642587 -0.804386
27.01 -0.0105891 -0.80444
27.02 0.0469707 -0.804414
27.03 0.108687 -0.804304
27.04 0.174808 -0.804102
27.05 0.245549 -0.803802
27.06 0.321067 -0.803398
27.07 0.401436 -0.802882
27.08 0.486615 -0.802249
27.09 0.576405 -0.80149
27.1 0.670418 -0.8006
27.11 0.768041 -0.799573
27.12 0.868412 -0.798404
27.13 0.970423 -0.797091
27.14 1.07274 -0.795631
27.15 1.17387 -0.794026
27.16 1.27223 -0.792279
27.17 1.36631 -0.790393
27.18 1.45472 -0.788377
27.19 1.53636 -0.78624
27.2 1.61046 -0.783991
27.21 1.67659 -0.781643
27.22 1.73471 -0.779205
27.23 1.78506 -0.77669
27.24 1.82811 -0.774108
27.25 1.86449 -0.77147
27.26 1.89491 -0.768784
27.27 1.92013 -0.766058
27.28 1.94085 -0.7633
27.29 1.95774 -0.760515
27.3 1.97143 -0.757708
27.31 1.98243 -0.754884
27.32 1.99121 -0.752045
27.33 1.99817 -0.749195
27.34 2.00363 -0.746337
27.35 2.00788 -0.743471
27.36 2.01113 -0.7406
27.37 2.01358 -0.737726
27.38 2.01537 -0.734848
27.39 2.01664 -0.731968
27.4 2.01748 -0.729086
27.41 2.01797 -0.726204
27.42 2.01819 -0.723321
27.43 2.01819 -0.720437
27.44 2.018 -0.717554
27.45 2.01767 -0.714672
27.46 2.01722 -0.71179
27.47 2.01668 -0.708908
27.48 2.01606 -0.706028
27.49 2.01538 -0.703148
27.5 2.01464 -0.70027
27.51 2.01387 -0.697392
27.52 2.01307 -0.694516
27.53 2.01224 -0.69164
27.54 2.01138 -0.688766
27.55 2.01051 -0.685894
27.56 2.00963 -0.683022
27.57 2.00873 -0.680152
27.58 2.00783 -0.677283
27.59 2.00692 -0.674415
27.6 2.006 -0.671549
27.61 2.00507 -0.668684
27.62 2.00414 -0.66582
27.63 2.00321 -0.662958
27.64 2.00227 -0.660097
27.65 2.00133 -0.657237
27.66 2.00039 -0.654379
27.67 1.99945 -0.651521
27.68 1.9985 -0.648666
27.69 1.99756 -0.645811
27.7 1.99661 -0.642958
27.71 1.99566 -0.640107
27.72 1.99471 -0.637257
27.73 1.99376 -0.634408
27.74 1.9928 -0.63156
27.75 1.99185 -0.628714
27.76 1.99089 -0.625869
27.77 1.98994 -0.623026
27.78 1.98898 -0.620184
27.79 1.98802 -0.617343
27.8 1.98707 -0.614504
27.81 1.98611 -0.611666
27.82 1.98515 -0.608829
27.83 1.98419 -0.605994
27.84 1.98322 -0.60316
27.85 1.98226 -0.600327
27.86 1.9813 -0.597496
27.87 1.98034 -0.594667
27.88 1.97937 -0.591838
27.89 1.9784 -0.589011
27.9 1.97744 -0.586186
27.91 1.97647 -0.583361
27.92 1.9755 -0.580539
27.93 1.97453 -0.577717
27.94 1.97357 -0.574897
27.95 1.97259 -0.572078
27.96 1.97162 -0.569261
27.97 1.97065 -0.566445
27.98 1.96968 -0.563631
27.99 1.96871 -0.560817
28 1.96773 -0.558006
28.01 1.96676 -0.555195
28.02 1.96578 -0.552386
28.03 1.9648 -0.549579
28.04 1.96383 -0.546773
28.05 1.96285 -0.543968
28.06 1.96187 -0.541165
28.07 1.96089 -0.538363
28.08 1.95991 -0.535562
28.09 1.95893 -0.532763
28.1 1.95794 -0.529965
28.11 1.95696 -0.527169
28.12 1.95597 -0.524374
28.13 1.95499 -0.52158
28.14 1.954 -0.518788
28.15 1.95302 -0.515997
28.16 1.95203 -0.513208
28.17 1.95104 -0.51042
28.18 1.95005 -0.507634
28.19 1.94906 -0.504849
28.2 1.94807 -0.502065
28.21 1.94708 -0.499283
28.22 1.94609 -0.496502
28.23 1.94509 -0.493722
28.24 1.9441 -0.490944
28.25 1.9431 -0.488168
28.26 1.94211 -0.485393
28.27 1.94111 -0.482619
28.28 1.94011 -0.479847
28.29 1.93911 -0.477076
28.3 1.93811 -0.474306
28.31 1.93711 -0.471538
28.32 1.93611 -0.468772
28.33 1.93511 -0.466007
28.34 1.93411 -0.463243
28.35 1.9331 -0.460481
28.36 1.9321 -0.45772
28.37 1.93109 -0.45496
28.38 1.93009 -0.452202
28.39 1.92908 -0.449446
28.4 1.92807 -0.446691
28.41 1.92706 -0.443937
28.42 1.92605 -0.441185
28.43 1.92504 -0.438434
28.44 1.92403 -0.435685
28.45 1.92302 -0.432937
28.46 1.922 -0.43019
28.47 1.92099 -0.427445
28.48 1.91997 -0.424702
28.49 1.91895 -0.42196
28.5 1.91794 -0.419219
28.51 1.91692 -0.41648
28.52 1.9159 -0.413742
28.53 1.91488 -0.411006
28.54 1.91386 -0.408271
28.55 1.91284 -0.405538
28.56 1.91181 -0.402806
28.57 1.91079 -0.400075
28.58 1.90976 -0.397346
28.59 1.90874 -0.394619
28.6 1.90771 -0.391893
28.61 1.90668 -0.389168
28.62 1.90565 -0.386445
28.63 1.90462 -0.383724
28.64 1.90359 -0.381003
28.65 1.90256 -0.378285
28.66 1.90153 -0.375567
28.67 1.90049 -0.372852
28.68 1.89946 -0.370138
28.69 1.89842 -0.367425
28.7 1.89739 -0.364713
28.71 1.89635 -0.362004
28.72 1.89531 -0.359295
28.73 1.89427 -0.356588
28.74 1.89323 -0.353883
28.75 1.89219 -0.351179
28.76 1.89115 -0.348477
28.77 1.8901 -0.345776
28.78 1.88906 -0.343077
28.79 1.88801 -0.340379
28.8 1.88697 -0.337682
28.81 1.88592 -0.334987
28.82 1.88487 -0.332294
28.83 1.88382 -0.329602
28.84 1.88277 -0.326912
28.85 1.88172 -0.324223
28.86 1.88067 -0.321535
28.87 1.87961 -0.318849
28.88 1.87856 -0.316165
28.89 1.8775 -0.313482
28.9 1.87645 -0.310801
28.91 1.87539 -0.308121
28.92 1.87433 -0.305442
28.93 1.87327 -0.302765
28.94 1.87221 -0.30009
28.95 1.87115 -0.297416
28.96 1.87008 -0.294744
28.97 1.86902 -0.292073
28.98 1.86795 -0.289404
28.99 1.86689 -0.286736
29 1.86582 -0.28407
29.01 1.86475 -0.281405
29.02 1.86368 -0.278742
29.03 1.86261 -0.27608
29.04 1.86154 -0.27342
29.05 1.86047 -0.270762
29.06 1.85939 -0.268105
29.07 1.85832 -0.265449
29.08 1.85724 -0.262795
29.09 1.85616 -0.260143
29.1 1.85508 -0.257492
29.11 1.854 -0.254843
29.12 1.85292 -0.252195
29.13 1.85184 -0.249549
29.14 1.85076 -0.246904
29.15 1.84968 -0.244261
29.16 1.84859 -0.241619
29.17 1.8475 -0.238979
29.18 1.84642 -0.23634
29.19 1.84533 -0.233704
29.2 1.84424 -0.231068
29.21 1.84315 -0.228434
29.22 1.84205 -0.225802
29.23 1.84096 -0.223171
29.24 1.83987 -0.220542
29.25 1.83877 -0.217914
29.26 1.83767 -0.215288
29.27 1.83658 -0.212664
29.28 1.83548 -0.210041
29.29 1.83438 -0.20742
29.3 1.83328 -0.2048
29.31 1.83217 -0.202182
29.32 1.83107 -0.199565
29.33 1.82996 -0.19695
29.34 1.82886 -0.194337
29.35 1.82775 -0.191725
29.36 1.82664 -0.189115
29.37 1.82553 -0.186506
29.38 1.82442 -0.183899
29.39 1.82331 -0.181293
29.4 1.82219 -0.178689
29.41 1.82108 -0.176087
29.42 1.81996 -0.173486
29.43 1.81885 -0.170887
29.44 1.81773 -0.16829
29.45 1.81661 -0.165694
29.46 1.81549 -0.163099
29.47 1.81436 -0.160507
29.48 1.81324 -0.157915
29.49 1.81212 -0.155326
29.5 1.81099 -0.152738
29.51 1.80986 -0.150152
29.52 1.80873 -0.147567
29.53 1.8076 -0.144984
29.54 1.80647 -0.142402
29.55 1.80534 -0.139822
29.56 1.80421 -0.137244
29.57 1.80307 -0.134668
29.58 1.80193 -0.132093
29.59 1.8008 -0.129519
29.6 1.79966 -0.126947
29.61 1.79852 -0.124377
29.62 1.79737 -0.121809
29.63 1.79623 -0.119242
29.64 1.79509 -0.116677
29.65 1.79394 -0.114113
29.66 1.79279 -0.111551
29.67 1.79164 -0.108991
29.68 1.79049 -0.106432
29.69 1.78934 -0.103875
29.7 1.78819 -0.10132
29.71 1.78704 -0.098766
29.72 1.78588 -0.0962139
29.73 1.78472 -0.0936635
29.74 1.78357 -0.0911147
29.75 1.78241 -0.0885676
29.76 1.78124 -0.0860221
29.77 1.78008 -0.0834783
29.78 1.77892 -0.0809362
29.79 1.77775 -0.0783957
29.8 1.77659 -0.0758569
29.81 1.77542 -0.0733197
29.82 1.77425 -0.0707843
29.83 1.77308 -0.0682505
29.84 1.7719 -0.0657183
29.85 1.77073 -0.0631879
29.86 1.76956 -0.0606591
29.87 1.76838 -0.058132
29.88 1.7672 -0.0556066
29.89 1.76602 -0.0530829
29.9 1.76484 -0.0505608
29.91 1.76366 -0.0480405
29.92 1.76247 -0.0455218
29.93 1.76129 -0.0430048
29.94 1.7601 -0.0404896
29.95 1.75891 -0.037976
29.96 1.75772 -0.0354641
29.97 1.75653 -0.0329539
29.98 1.75533 -0.0304455
29.99 1.75414 -0.0279387
30 1.75294 -0.0254337
