0 2 0
0.1 1.92689 0.173727
0.2 1.85647 0.341121
0.3 1.78683 0.502329
0.4 1.71662 0.657358
0.5 1.64485 0.80611
0.6 1.57067 0.948411
0.7 1.49332 1.08401
0.8 1.41204 1.2126
0.9 1.32602 1.33379
1 1.23431 1.44713
1.1 1.13587 1.55206
1.2 1.02939 1.64793
1.3 0.913341 1.73397
1.4 0.785851 1.80924
1.5 0.644682 1.87265
1.6 0.48721 1.92287
1.7 0.310503 1.95832
1.8 0.11161 1.97717
1.9 -0.111779 1.97735
2 -0.36007 1.95664
2.1 -0.629823 1.91298
2.2 -0.911622 1.84481
2.3 -1.18932 1.75174
2.4 -1.4427 1.63503
2.5 -1.65373 1.49765
2.6 -1.8127 1.34388
2.7 -1.91996 1.17835
2.8 -1.98286 1.00537
2.9 -2.01129 0.828412
3 -2.01447 0.650122
3.1 -1.9997 0.472392
3.2 -1.97219 0.296565
3.3 -1.9355 0.123599
3.4 -1.89193 -0.0458011
3.5 -1.84294 -0.211097
3.6 -1.7894 -0.371852
3.7 -1.73178 -0.527686
3.8 -1.67029 -0.678249
3.9 -1.60491 -0.823198
4 -1.53546 -0.962184
4.1 -1.46163 -1.09483
4.2 -1.38295 -1.22074
4.3 -1.2988 -1.33944
4.4 -1.20842 -1.45043
4.5 -1.11081 -1.55311
4.6 -1.00476 -1.64678
4.7 -0.888743 -1.73065
4.8 -0.760925 -1.80374
4.9 -0.619069 -1.86491
5 -0.460562 -1.91281
5.1 -0.28251 -1.94585
5.2 -0.0820569 -1.96215
5.3 0.142899 -1.95965
5.4 0.392378 -1.93613
5.5 0.662348 -1.88959
5.6 0.942705 -1.81859
5.7 1.21683 -1.72292
5.8 1.46468 -1.604
5.9 1.66909 -1.46497
6 1.82155 -1.31013
6.1 1.92329 -1.14407
6.2 1.98196 -0.970988
6.3 2.00737 -0.794256
6.4 2.00845 -0.616412
6.5 1.99222 -0.439283
6.6 1.96367 -0.264167
6.7 1.92619 -0.0919921
6.8 1.88198 0.0765551
6.9 1.83242 0.240945
7 1.77834 0.400745
7.1 1.72018 0.555576
7.2 1.65811 0.705087
7.3 1.5921 0.848931
7.4 1.52196 0.986753
7.5 1.44734 1.11817
7.6 1.36776 1.24277
7.7 1.28259 1.36009
7.8 1.191 1.46959
7.9 1.09198 1.57067
8 0.984256 1.66261
8.1 0.866265 1.74457
8.2 0.736088 1.81557
8.3 0.591425 1.87442
8.4 0.429599 1.91974
8.5 0.247693 1.94987
8.6 0.0429187 1.9629
8.7 -0.186564 1.95673
8.8 -0.440199 1.92916
8.9 -0.712982 1.87825
9 -0.993577 1.80273
9.1 -1.2644 1.70268
9.2 -1.5054 1.57983
9.3 -1.70068 1.43759
9.4 -1.84357 1.28038
9.5 -1.93679 1.11276
9.6 -1.98869 0.938799
9.7 -2.00905 0.761707
9.8 -2.00653 0.583883
9.9 -1.98774 0.407043
10 -1.95736 0.232408
10.1 -1.91852 0.0608544
10.2 -1.87326 -0.106966
10.3 -1.82283 -0.270544
10.4 -1.76798 -0.429461
10.5 -1.7091 -0.583343
10.6 -1.64632 -0.731842
10.7 -1.57958 -0.874611
10.8 -1.50864 -1.01129
10.9 -1.43316 -1.14149
11 -1.35261 -1.2648
11.1 -1.26633 -1.38073
11.2 -1.17347 -1.48873
11.3 -1.07296 -1.58819
11.4 -0.963482 -1.67837
11.5 -0.843415 -1.75841
11.6 -0.710772 -1.82728
11.7 -0.563178 -1.88377
11.8 -0.3979 -1.92643
11.9 -0.212004 -1.95358
12 -0.00279938 -1.96327
12.1 0.231245 -1.95334
12.2 0.488924 -1.92164
12.3 0.764188 -1.86628
12.4 1.04446 -1.78623
12.5 1.31129 -1.68182
12.6 1.54488 -1.55513
12.7 1.73077 -1.4098
12.8 1.86414 -1.25035
12.9 1.94908 -1.08129
13 1.99449 -0.906543
13.1 2.01008 -0.729161
13.2 2.00414 -0.551406
13.3 1.98294 -0.37489
13.4 1.95081 -0.200761
13.5 1.91067 -0.0298475
13.6 1.86438 0.137231
13.7 1.8131 0.299986
13.8 1.7575 0.458008
13.9 1.6979 0.610931
14 1.63441 0.758408
14.1 1.56692 0.900089
14.2 1.49518 1.03561
14.3 1.41882 1.16459
14.4 1.33727 1.28658
14.5 1.24986 1.4011
14.6 1.15568 1.50759
14.7 1.05364 1.60541
14.8 0.942355 1.69381
14.9 0.820146 1.77188
15 0.684956 1.83858
15.1 0.534339 1.89266
15.2 0.365508 1.93262
15.3 0.17553 1.95672
15.4 -0.0381615 1.96298
15.5 -0.276734 1.94923
15.6 -0.538261 1.91332
15.7 -0.815583 1.85349
15.8 -1.09489 1.7689
15.9 -1.35706 1.66021
16 -1.58275 1.5298
16.1 -1.75908 1.38154
16.2 -1.88308 1.22001
16.3 -1.96005 1.04964
16.4 -1.9993 0.874202
16.5 -2.01039 0.696604
16.6 -2.00125 0.518971
16.7 -1.97777 0.342818
16.8 -1.944 0.169223
16.9 -1.90262 -0.00103066
17 -1.85535 -0.167352
17.1 -1.80324 -0.32927
17.2 -1.74688 -0.486385
17.3 -1.68657 -0.638337
17.4 -1.62236 -0.784779
17.5 -1.55412 -0.925362
17.6 -1.48157 -1.05972
17.7 -1.4043 -1.18745
17.8 -1.32174 -1.30811
17.9 -1.23316 -1.42121
18 -1.13763 -1.52616
18.1 -1.03401 -1.62232
18.2 -0.920863 -1.70889
18.3 -0.796443 -1.78497
18.4 -0.658624 -1.84946
18.5 -0.504891 -1.90107
18.6 -0.332408 -1.93827
18.7 -0.138258 -1.95927
18.8 0.0799639 -1.96203
18.9 0.323007 -1.94438
19 0.588146 -1.9042
19.1 0.867061 -1.83986
19.2 1.14476 -1.75077
19.3 1.40159 -1.63787
19.4 1.61893 -1.50387
19.5 1.78562 -1.35284
19.6 1.90043 -1.18937
19.7 1.96976 -1.01782
19.8 2.00317 -0.841791
19.9 2.01003 -0.664048
20 1.99789 -0.486588
20.1 1.97227 -0.310833
20.2 1.93693 -0.137797
20.3 1.89437 0.0317768
20.4 1.84615 0.197325
20.5 1.79323 0.358392
20.6 1.73614 0.514588
20.7 1.67512 0.665558
20.8 1.61018 0.810954
20.9 1.54117 0.950426
21 1.4678 1.0836
21.1 1.38961 1.21007
21.2 1.306 1.32939
21.3 1.21622 1.44104
21.4 1.11931 1.54444
21.5 1.01406 1.6389
21.6 0.898994 1.72363
21.7 0.772293 1.79767
21.8 0.631761 1.85991
21.9 0.474815 1.90901
22 0.29858 1.94338
22.1 0.100176 1.9612
22.2 -0.122607 1.96039
22.3 -0.370035 1.93876
22.4 -0.638512 1.89427
22.5 -0.918513 1.82541
22.6 -1.19392 1.73183
22.7 -1.44477 1.61482
22.8 -1.65339 1.47737
22.9 -1.8104 1.32371
23 -1.91626 1.15846
23.1 -1.97827 0.985844
23.2 -2.00616 0.809324
23.3 -2.00904 0.631503
23.4 -1.99408 0.454262
23.5 -1.96644 0.278939
23.6 -1.92963 0.106488
23.7 -1.88593 -0.0623877
23.8 -1.8368 -0.227147
23.9 -1.78308 -0.387351
24 -1.72526 -0.542617
24.1 -1.66353 -0.692593
24.2 -1.59786 -0.836931
24.3 -1.52808 -0.975279
24.4 -1.45386 -1.10726
24.5 -1.37473 -1.23246
24.6 -1.29006 -1.35041
24.7 -1.19905 -1.4606
24.8 -1.10071 -1.56242
24.9 -0.993786 -1.65516
25 -0.876737 -1.73801
25.1 -0.74768 -1.80998
25.2 -0.604348 -1.86992
25.3 -0.444094 -1.91645
25.4 -0.264009 -1.94794
25.5 -0.0612719 -1.96251
25.6 0.166085 -1.95805
25.7 0.417784 -1.93239
25.8 0.689282 -1.88352
25.9 0.969823 -1.81011
26 1.24226 -1.7121
26.1 1.48652 -1.59108
26.2 1.68609 -1.45033
26.3 1.83344 -1.29421
26.4 1.93061 -1.12731
26.5 1.98563 -0.953745
26.6 2.00832 -0.776815
26.7 2.00745 -0.598979
26.8 1.98984 -0.422002
26.9 1.96031 -0.247142
27 1.9221 -0.0752983
27.1 1.87732 0.0928606
27.2 1.82729 0.256817
27.3 1.7728 0.416145
27.4 1.71426 0.570468
27.5 1.65181 0.719438
27.6 1.58541 0.862708
27.7 1.51484 0.999919
27.8 1.43977 1.13069
27.9 1.35967 1.2546
28 1.27391 1.37117
28.1 1.18164 1.47988
28.2 1.08183 1.58009
28.3 0.973174 1.67109
28.4 0.854079 1.75202
28.5 0.722591 1.82189
28.6 0.57637 1.87948
28.7 0.412708 1.92339
28.8 0.228677 1.95193
28.9 0.021538 1.96318
29 -0.21039 1.955
29.1 -0.466213 1.92523
29.2 -0.740374 1.87194
29.3 -1.02087 1.79399
29.4 -1.28964 1.6916
29.5 -1.52674 1.56668
29.6 -1.71702 1.42277
29.7 -1.85479 1.26434
29.8 -1.94354 1.09593
29.9 -1.99192 0.921535
30 -2.00969 0.744279
30.1 -2.00532 0.566485
30.2 -1.98522 0.389814
30.3 -1.95389 0.215446
30.4 -1.91434 0.0442327
30.5 -1.86853 -0.123192
30.6 -1.81764 -0.286332
30.7 -1.76238 -0.444771
30.8 -1.70312 -0.598141
30.9 -1.63996 -0.746093
31 -1.57281 -0.888281
31.1 -1.50146 -1.02434
31.2 -1.4255 -1.15389
31.3 -1.34442 -1.27649
31.4 -1.25754 -1.39167
31.5 -1.16397 -1.49887
31.6 -1.06265 -1.59745
31.7 -0.952212 -1.68668
31.8 -0.831007 -1.76567
31.9 -0.697009 -1.83338
32 -0.547808 -1.88859
32.1 -0.38064 -1.92981
32.2 -0.192568 -1.95534
32.3 0.0190327 -1.9632
32.4 0.255508 -1.95123
32.5 0.515275 -1.91728
32.6 0.791696 -1.85953
32.7 1.07153 -1.77705
32.8 1.33595 -1.67034
32.9 1.56537 -1.54164
33 1.74616 -1.39472
33.1 1.87448 -1.23414
33.2 1.95512 -1.06436
33.3 1.99718 -0.889232
33.4 2.01033 -0.711726
33.5 2.00266 -0.534029
33.6 1.98022 -0.357704
33.7 1.9472 -0.183857
33.8 1.90638 -0.0132944
33.9 1.85957 0.153381
34 1.80784 0.315689
34.1 1.75183 0.473227
34.2 1.69185 0.625631
34.3 1.62797 0.772555
34.4 1.56008 0.91365
34.5 1.48791 1.04855
34.6 1.41106 1.17686
34.7 1.32898 1.29814
34.8 1.24094 1.4119
34.9 1.14605 1.51758
35 1.04316 1.61451
35.1 0.930891 1.70193
35.2 0.807507 1.77894
35.3 0.670919 1.84446
35.4 0.518645 1.89722
35.5 0.347871 1.93571
35.6 0.155669 1.95816
35.7 -0.0604442 1.96256
35.8 -0.30142 1.94672
35.9 -0.564913 1.90854
36 -0.843149 1.8463
36.1 -1.12168 1.75929
36.2 -1.38107 1.64833
36.3 -1.60234 1.51599
36.4 -1.77352 1.36622
36.5 -1.89257 1.20363
36.6 -1.9654 1.03262
36.7 -2.00149 0.856852
36.8 -2.01028 0.679168
36.9 -1.99951 0.501621
37 -1.97486 0.325677
37.1 -1.94025 0.152379
37.2 -1.89823 -0.0175134
37.3 -1.85044 -0.183422
37.4 -1.7979 -0.344886
37.5 -1.74115 -0.501511
37.6 -1.68045 -0.652938
37.7 -1.61585 -0.798822
37.8 -1.5472 -0.938811
37.9 -1.47421 -1.07254
38 -1.39645 -1.19959
38.1 -1.31334 -1.31954
38.2 -1.22412 -1.43186
38.3 -1.12785 -1.53599
38.4 -1.02337 -1.63124
38.5 -0.909199 -1.71683
38.6 -0.783566 -1.79182
38.7 -0.644304 -1.85511
38.8 -0.488863 -1.90538
38.9 -0.314383 -1.94107
39 -0.117964 -1.96038
39.1 0.102697 -1.96124
39.2 0.348101 -1.94147
39.3 0.615065 -1.89898
39.4 0.894627 -1.83222
39.5 1.17118 -1.74072
39.6 1.42489 -1.62561
39.7 1.6376 -1.48975
39.8 1.79911 -1.33729
39.9 1.9091 -1.17285
40 1.97446 -1.00071
40.1 2.00488 -0.824409
40.2 2.00957 -0.646616
40.3 1.9959 -0.469268
40.4 1.96918 -0.29374
40.5 1.93305 -0.121015
40.6 1.88988 0.0481875
40.7 1.84116 0.213315
40.8 1.78781 0.373921
40.9 1.73033 0.529621
41 1.66893 0.68006
41.1 1.6036 0.824891
41.2 1.53418 0.963762
41.3 1.46035 1.0963
41.4 1.38166 1.22209
41.5 1.29749 1.34068
41.6 1.20706 1.45155
41.7 1.10939 1.5541
41.8 1.00324 1.64765
41.9 0.887124 1.73138
42 0.75917 1.80432
42.1 0.617149 1.86533
42.2 0.458444 1.91305
42.3 0.280159 1.94589
42.4 0.0794434 1.96198
42.5 -0.145788 1.95922
42.6 -0.395519 1.93544
42.7 -0.665657 1.88861
42.8 -0.946017 1.81732
42.9 -1.21992 1.72136
43 -1.46731 1.60219
43.1 -1.67112 1.46295
43.2 -1.82295 1.30796
43.3 -1.92412 1.1418
43.4 -1.98235 0.968668
43.5 -2.00742 0.791918
43.6 -2.00826 0.614081
43.7 -1.99186 0.436977
43.8 -1.96319 0.261897
43.9 -1.92562 0.0897689
44 -1.88134 -0.0787249
44.1 -1.83173 -0.243056
44.2 -1.77759 -0.402792
44.3 -1.71938 -0.557555
44.4 -1.65727 -0.706993
44.5 -1.59121 -0.850761
44.6 -1.52101 -0.988502
44.7 -1.44633 -1.11984
44.8 -1.36669 -1.24434
44.9 -1.28144 -1.36156
45 -1.18976 -1.47096
45.1 -1.09063 -1.57192
45.2 -0.98279 -1.66373
45.3 -0.864653 -1.74556
45.4 -0.734304 -1.81641
45.5 -0.589436 -1.8751
45.6 -0.427369 -1.92023
45.7 -0.245182 -1.95014
45.8 -0.0400961 -1.96294
45.9 0.189711 -1.95651
46 0.443638 -1.92865
46.1 0.71661 -1.87742
46.2 0.997202 -1.80158
46.3 1.26776 -1.70122
46.4 1.50825 -1.57809
46.5 1.70287 -1.43563
46.6 1.84508 -1.27825
46.7 1.9377 -1.11053
46.8 1.98913 -0.936508
46.9 2.00915 -0.759393
47 2.00638 -0.581572
47.1 1.98741 -0.404754
47.2 1.9569 -0.230154
47.3 1.91797 -0.0586454
47.4 1.87263 0.109123
47.5 1.82214 0.272643
47.6 1.76724 0.431496
47.7 1.70831 0.585311
47.8 1.64548 0.733737
47.9 1.57868 0.876429
48 1.50769 1.01303
48.1 1.43215 1.14314
48.2 1.35153 1.26635
48.3 1.26517 1.38218
48.4 1.17221 1.49008
48.5 1.07159 1.58943
48.6 0.961992 1.67948
48.7 0.841775 1.75938
48.8 0.708953 1.8281
48.9 0.561147 1.88442
49 0.39562 1.92689
49.1 0.209436 1.95383
49.2 -8.53555e-05 1.96327
49.3 -0.234453 1.95308
49.4 -0.492413 1.92107
49.5 -0.767837 1.8654
49.6 -1.04806 1.78502
49.7 -1.31458 1.6803
49.8 -1.54763 1.55335
49.9 -1.73284 1.40781
50 -1.86554 1.2482
50.1 -1.9499 1.07905
50.2 -1.99486 0.904246
50.3 -2.01012 0.726846
50.4 -2.00396 0.549098
50.5 -1.98258 0.372607
50.6 -1.95034 0.198515
50.7 -1.91011 0.0276476
50.8 -1.86375 -0.139378
50.9 -1.81241 -0.302074
51 -1.75675 -0.460032
51.1 -1.6971 -0.612886
51.2 -1.63355 -0.760289
51.3 -1.56601 -0.901893
51.4 -1.49422 -1.03733
51.5 -1.41779 -1.16622
51.6 -1.33618 -1.28812
51.7 -1.24868 -1.40254
51.8 -1.1544 -1.50892
51.9 -1.05225 -1.60663
52 -0.940839 -1.69489
52.1 -0.818475 -1.77282
52.2 -0.683101 -1.83937
52.3 -0.532266 -1.89327
52.4 -0.363178 -1.93304
52.5 -0.172906 -1.95692
52.6 0.0411061 -1.96294
52.7 0.279999 -1.94891
52.8 0.541791 -1.9127
52.9 0.819242 -1.85255
53 1.09846 -1.76764
53.1 1.36026 -1.65864
53.2 1.58538 -1.52797
53.3 1.76103 -1.37951
53.4 1.88437 -1.21784
53.5 1.96078 -1.04738
53.6 1.9996 -0.871899
53.7 2.01038 -0.694289
53.8 2.00103 -0.516667
53.9 1.97739 -0.340541
54 1.94351 -0.166985
54.1 1.90204 0.00322127
54.2 1.8547 0.169488
54.3 1.80253 0.331346
54.4 1.74613 0.488396
54.5 1.68576 0.640279
54.6 1.6215 0.786647
54.7 1.5532 0.927151
54.8 1.4806 1.06142
54.9 1.40326 1.18906
55 1.32063 1.30963
55.1 1.23196 1.42263
55.2 1.13634 1.52747
55.3 1.0326 1.62351
55.4 0.919321 1.70995
55.5 0.794741 1.78589
55.6 0.656732 1.85022
55.7 0.502774 1.90165
55.8 0.330027 1.93865
55.9 0.135577 1.95942
56 -0.0829683 1.96193
56.1 -0.326326 1.944
56.2 -0.591713 1.90352
56.3 -0.870722 1.83886
56.4 -1.14828 1.74945
56.5 -1.4047 1.63625
56.6 -1.62144 1.50201
56.7 -1.78744 1.35078
56.8 -1.90161 1.18718
56.9 -1.9704 1.01555
57 -2.00341 0.839484
57.1 -2.00998 0.661733
57.2 -1.99763 0.484287
57.3 -1.97186 0.308562
57.4 -1.93642 0.135567
57.5 -1.89378 -0.0339579
57.6 -1.84549 -0.19945
57.7 -1.79251 -0.360456
57.8 -1.73537 -0.516587
57.9 -1.6743 -0.667486
58 -1.60931 -0.812808
58.1 -1.54025 -0.9522
58.2 -1.46681 -1.08529
58.3 -1.38855 -1.21167
58.4 -1.30488 -1.33089
58.5 -1.21501 -1.44244
58.6 -1.118 -1.54573
58.7 -1.01263 -1.64007
58.8 -0.897425 -1.72466
58.9 -0.770558 -1.79856
59 -0.62983 -1.86064
59.1 -0.472653 -1.90955
59.2 -0.296147 -1.94372
59.3 -0.0974365 -1.96131
59.4 0.125671 -1.96025
59.5 0.373406 -1.93834
59.6 0.642109 -1.89353
59.7 0.922167 -1.82435
59.8 1.19739 -1.73045
59.9 1.44779 -1.61315
60 1.65577 -1.47547
60.1 1.81209 -1.32163
60.2 1.91733 -1.15625
60.3 1.97883 -0.983566
60.4 2.00634 -0.807013
60.5 2.00894 -0.629189
60.6 1.99379 -0.451966
60.7 1.96601 -0.276674
60.8 1.9291 -0.104266
60.9 1.88533 0.0645591
61 1.83613 0.229262
61.1 1.78236 0.389404
61.2 1.72448 0.544603
61.3 1.6627 0.694508
61.4 1.59698 0.838771
61.5 1.52715 0.977038
61.6 1.45287 1.10893
61.7 1.37367 1.23404
61.8 1.28892 1.3519
61.9 1.19782 1.46198
62 1.09938 1.56368
62.1 0.992332 1.65631
62.2 0.875139 1.73902
62.3 0.745912 1.81084
62.4 0.602378 1.87062
62.5 0.441884 1.91696
62.6 0.261522 1.94824
62.7 0.0584742 1.96257
62.8 -0.169208 1.95786
62.9 -0.421205 1.9319
63 -0.692906 1.88272
63.1 -0.973462 1.809
63.2 -1.24566 1.71067
63.3 -1.48943 1.58937
63.4 -1.68835 1.44839
63.5 -1.83502 1.29209
63.6 -1.93157 1.12508
63.7 -1.98611 0.951458
63.8 -2.00844 0.774503
63.9 -2.00732 0.596667
64 -1.98953 0.419711
64.1 -1.95986 0.244885
64.2 -1.92155 0.0730852
64.3 -1.8767 -0.095022
64.4 -1.82661 -0.258921
64.5 -1.77206 -0.418186
64.6 -1.71347 -0.572442
64.7 -1.65097 -0.72134
64.8 -1.58452 -0.864533
64.9 -1.5139 -1.00166
65 -1.43876 -1.13235
65.1 -1.35859 -1.25616
65.2 -1.27275 -1.37264
65.3 -1.18039 -1.48124
65.4 -1.08047 -1.58133
65.5 -0.971695 -1.67221
65.6 -0.852452 -1.75301
65.7 -0.720788 -1.82272
65.8 -0.574358 -1.88015
65.9 -0.41045 -1.92386
66 -0.226135 -1.95219
66.1 -0.0186809 -1.9632
66.2 0.213572 -1.95476
66.3 0.469681 -1.92469
66.4 0.744017 -1.87108
66.5 1.02449 -1.79282
66.6 1.29297 -1.69011
66.7 1.52954 -1.56492
66.8 1.71915 -1.42079
66.9 1.85625 -1.2622
67 1.94441 -1.0937
67.1 1.99233 -0.919241
67.2 2.00976 -0.741964
67.3 2.00514 -0.564175
67.4 1.98487 -0.387528
67.5 1.95342 -0.213197
67.6 1.91379 -0.0420286
67.7 1.86789 0.125344
67.8 1.81695 0.288424
67.9 1.76164 0.4468
68 1.70232 0.600101
68.1 1.63911 0.747981
68.2 1.57191 0.890092
68.3 1.5005 1.02607
68.4 1.42448 1.15553
68.5 1.34333 1.27804
68.6 1.25636 1.39312
68.7 1.16271 1.50021
68.8 1.06127 1.59868
68.9 0.950708 1.68778
69 0.82935 1.76663
69.1 0.695171 1.83419
69.2 0.545755 1.88922
69.3 0.378333 1.93025
69.4 0.189971 1.95556
69.5 -0.0219495 1.96317
69.6 -0.258747 1.95094
69.7 -0.518786 1.91669
69.8 -0.795352 1.85862
69.9 -1.07512 1.77581
70 -1.3392 1.6688
70.1 -1.56805 1.53983
70.2 -1.74816 1.39271
70.3 -1.87582 1.23198
70.4 -1.95589 1.06211
70.5 -1.99752 0.886932
70.6 -2.01035 0.709411
70.7 -2.00245 0.531723
70.8 -1.97985 0.355423
70.9 -1.94671 0.181615
71 -1.90581 0.0110994
71.1 -1.85892 -0.155522
71.2 -1.80714 -0.31777
71.3 -1.75108 -0.475244
71.4 -1.69105 -0.627579
71.5 -1.62711 -0.774429
71.6 -1.55917 -0.915446
71.7 -1.48694 -1.05026
71.8 -1.41003 -1.17848
71.9 -1.32787 -1.29967
72 -1.23975 -1.41333
72.1 -1.14476 -1.51889
72.2 -1.04177 -1.61571
72.3 -0.929361 -1.703
72.4 -0.805819 -1.77987
72.5 -0.669044 -1.84523
72.6 -0.516548 -1.89782
72.7 -0.345513 -1.93611
72.8 -0.153014 -1.95834
72.9 0.0634209 -1.96248
73 0.304714 -1.94638
73.1 0.568463 -1.90788
73.2 0.84681 -1.84532
73.3 1.12522 -1.758
73.4 1.38423 -1.64674
73.5 1.6049 -1.51414
73.6 1.77539 -1.36418
73.7 1.89379 -1.20145
73.8 1.96609 -1.03035
73.9 2.00176 -0.854547
74 2.01025 -0.676853
74.1 1.99927 -0.499319
74.2 1.97447 -0.323403
74.3 1.93974 -0.150145
74.4 1.89764 0.019699
74.5 1.84979 0.185553
74.6 1.79718 0.346956
74.7 1.74038 0.503516
74.8 1.67964 0.654873
74.9 1.61499 0.800682
75 1.54628 0.940592
75.1 1.47323 1.07423
75.2 1.39541 1.2012
75.3 1.31222 1.32105
75.4 1.22291 1.43327
75.5 1.12655 1.53729
75.6 1.02195 1.63242
75.7 0.907642 1.71788
75.8 0.781847 1.79272
75.9 0.642392 1.85585
76 0.486722 1.90594
76.1 0.311974 1.94144
76.2 0.115252 1.96051
76.3 -0.105733 1.96112
76.4 -0.351448 1.94106
76.5 -0.618648 1.89827
76.6 -0.898285 1.83119
76.7 -1.17468 1.73937
76.8 -1.42795 1.62397
76.9 -1.64005 1.48786
77 -1.80086 1.33522
77.1 -1.91021 1.17065
77.2 -1.97506 0.998436
77.3 -2.00509 0.8221
77.4 -2.0095 0.644302
77.5 -1.99563 0.46697
77.6 -1.96877 0.291473
77.7 -1.93253 0.118789
77.8 -1.88927 -0.0503635
77.9 -1.8405 -0.215435
78 -1.78709 -0.37598
78.1 -1.72956 -0.531613
78.2 -1.6681 -0.681981
78.3 -1.60272 -0.826737
78.4 -1.53325 -0.965529
78.5 -1.45936 -1.09798
78.6 -1.3806 -1.22368
78.7 -1.29636 -1.34217
78.8 -1.20584 -1.45294
78.9 -1.10806 -1.55538
79 -1.0018 -1.64881
79.1 -0.885539 -1.7324
79.2 -0.757418 -1.80519
79.3 -0.615197 -1.86604
79.4 -0.456256 -1.91358
79.5 -0.277697 -1.94621
79.6 -0.076673 -1.96207
79.7 0.148884 -1.95905
79.8 0.398918 -1.93499
79.9 0.669269 -1.88784
80 0.949665 -1.81623
80.1 1.22335 -1.71995
80.2 1.47027 -1.6005
80.3 1.67344 -1.46103
80.4 1.82458 -1.30586
80.5 1.92513 -1.13959
80.6 1.98287 -0.966385
80.7 2.00757 -0.789606
80.8 2.00815 -0.611769
80.9 1.99156 -0.434683
81 1.96275 -0.259637
81.1 1.92509 -0.0875518
81.2 1.88073 0.080891
81.3 1.83105 0.245165
81.4 1.77686 0.404839
81.5 1.7186 0.559535
81.6 1.65643 0.708901
81.7 1.59032 0.852593
81.8 1.52007 0.990253
81.9 1.44533 1.1215
82 1.36562 1.24592
82.1 1.28029 1.36304
82.2 1.18852 1.47233
82.3 1.08929 1.57317
82.4 0.981322 1.66486
82.5 0.86304 1.74656
82.6 0.732518 1.81725
82.7 0.587444 1.87578
82.8 0.425134 1.92072
82.9 0.242666 1.95043
83 0.0372666 1.96299
83.1 -0.192865 1.95629
83.2 -0.447086 1.92814
83.3 -0.720245 1.87659
83.4 -1.00083 1.80043
83.5 -1.27112 1.69975
83.6 -1.51111 1.57635
83.7 -1.70506 1.43367
83.8 -1.84659 1.27613
83.9 -1.93862 1.1083
84 -1.98957 0.934217
84.1 -2.00924 0.757079
84.2 -2.00622 0.579262
84.3 -1.98708 0.402466
84.4 -1.95645 0.227901
84.5 -1.91742 0.0564371
84.6 -1.872 -0.111279
84.7 -1.82145 -0.274741
84.8 -1.7665 -0.433531
84.9 -1.70752 -0.587277
85 -1.64463 -0.735632
85.1 -1.57778 -0.878247
85.2 -1.50674 -1.01476
85.3 -1.43113 -1.14479
85.4 -1.35044 -1.26791
85.5 -1.264 -1.38364
85.6 -1.17095 -1.49143
85.7 -1.07023 -1.59066
85.8 -0.960499 -1.68059
85.9 -0.840132 -1.76035
86 -0.707131 -1.82891
86.1 -0.559113 -1.88506
86.2 -0.393336 -1.92735
86.3 -0.206865 -1.95407
86.4 0.00297439 -1.96327
86.5 0.237666 -1.9528
86.6 0.495905 -1.9205
86.7 0.771488 -1.86451
86.8 1.05166 -1.78381
86.9 1.31787 -1.67879
87 1.55037 -1.55156
87.1 1.73491 -1.40581
87.2 1.86693 -1.24606
87.3 1.95072 -1.0768
87.4 1.99523 -0.901949
87.5 2.01016 -0.724531
87.6 2.00376 -0.54679
87.7 1.98222 -0.370324
87.8 1.94986 -0.19627
87.9 1.90954 -0.0254483
88 1.86311 0.141524
88.1 1.81171 0.30416
88.2 1.756 0.462054
88.3 1.6963 0.61484
88.4 1.6327 0.76217
88.5 1.56511 0.903696
88.6 1.49326 1.03905
88.7 1.41676 1.16785
88.8 1.33508 1.28966
88.9 1.2475 1.40398
89 1.15313 1.51025
89.1 1.05086 1.60784
89.2 0.939321 1.69597
89.3 0.816802 1.77376
89.4 0.681243 1.84015
89.5 0.530189 1.89388
89.6 0.360845 1.93345
89.7 0.170278 1.95712
89.8 -0.0440549 1.96289
89.9 -0.283268 1.94859
90 -0.545324 1.91207
90.1 -0.822901 1.8516
90.2 -1.10202 1.76637
90.3 -1.36347 1.65707
90.4 -1.588 1.52615
90.5 -1.76297 1.37749
90.6 -1.88564 1.21567
90.7 -1.96151 1.04512
90.8 -1.99991 0.869597
90.9 -2.01038 0.691974
91 -2.0008 0.514363
91.1 -1.97701 0.338264
91.2 -1.94301 0.164747
91.3 -1.90146 -0.00541121
91.4 -1.85405 -0.171623
91.5 -1.80182 -0.333421
91.6 -1.74536 -0.490406
91.7 -1.68495 -0.642219
91.8 -1.62064 -0.788514
91.9 -1.55228 -0.928939
92 -1.47962 -1.06313
92.1 -1.40222 -1.19068
92.2 -1.31951 -1.31115
92.3 -1.23076 -1.42404
92.4 -1.13504 -1.52878
92.5 -1.03119 -1.6247
92.6 -0.917776 -1.71101
92.7 -0.793037 -1.7868
92.8 -0.654837 -1.85097
92.9 -0.500653 -1.90223
93 -0.327642 -1.93903
93.1 -0.132892 -1.95958
93.2 0.085977 -1.96184
93.3 0.329649 -1.94362
93.4 0.595281 -1.90284
93.5 0.874383 -1.83786
93.6 1.1518 -1.74812
93.7 1.40781 -1.63463
93.8 1.62394 -1.50014
93.9 1.78925 -1.34872
94 1.90278 -1.18499
94.1 1.97104 -1.01328
94.2 2.00365 -0.837177
94.3 2.00992 -0.659419
94.4 1.99737 -0.481987
94.5 1.97146 -0.306291
94.6 1.93591 -0.133337
94.7 1.89318 0.0361383
94.8 1.84483 0.201575
94.9 1.7918 0.36252
95 1.7346 0.518585
95.1 1.67348 0.669414
95.2 1.60843 0.814661
95.3 1.53932 0.953973
95.4 1.46582 1.08698
95.5 1.3875 1.21327
95.6 1.30375 1.33239
95.7 1.2138 1.44384
95.8 1.11668 1.54701
95.9 1.0112 1.64124
96 0.895853 1.7257
96.1 0.768821 1.79945
96.2 0.627896 1.86136
96.3 0.470486 1.91009
96.4 0.29371 1.94406
96.5 0.0946934 1.96142
96.6 -0.128739 1.9601
96.7 -0.376782 1.9379
96.8 -0.645709 1.89279
96.9 -0.925821 1.82328
97 -1.20085 1.72907
97.1 -1.4508 1.61148
97.2 -1.65815 1.47356
97.3 -1.81378 1.31954
97.4 -1.91839 1.15404
97.5 -1.97938 0.981287
97.6 -2.00652 0.804703
97.7 -2.00885 0.626876
97.8 -1.9935 0.449671
97.9 -1.96558 0.274411
98 -1.92857 0.102045
98.1 -1.88472 -0.0667298
98.2 -1.83545 -0.231376
98.3 -1.78163 -0.391456
98.4 -1.72371 -0.546589
98.5 -1.66187 -0.696422
98.6 -1.5961 -0.840609
98.7 -1.52621 -0.978796
98.8 -1.45187 -1.1106
98.9 -1.3726 -1.23562
99 -1.28778 -1.35338
99.1 -1.19659 -1.46336
99.2 -1.09804 -1.56495
99.3 -0.990876 -1.65745
99.4 -0.87354 -1.74002
99.5 -0.744142 -1.8117
99.6 -0.600404 -1.87131
99.7 -0.439671 -1.91747
99.8 -0.259031 -1.94854
99.9 -0.0556722 -1.96264
100 0.172336 -1.95766
100.1 0.42463 -1.93142
100.2 0.69653 -1.88192
100.3 0.977101 -1.80787
100.4 1.24906 -1.70923
100.5 1.49233 -1.58765
100.6 1.6906 -1.44644
100.7 1.83658 -1.28998
100.8 1.93253 -1.12286
100.9 1.98659 -0.949171
101 2.00856 -0.77219
101.1 2.00718 -0.594356
101.2 1.98921 -0.41742
101.3 1.95941 -0.242628
101.4 1.92101 -0.0708728
101.5 1.87608 0.0971828
101.6 1.82593 0.261024
101.7 1.77133 0.420226
101.8 1.71268 0.574415
101.9 1.65013 0.723241
102 1.58362 0.866357
102.1 1.51295 1.00341
102.2 1.43775 1.134
102.3 1.35751 1.25773
102.4 1.27159 1.3741
102.5 1.17914 1.48259
102.6 1.07912 1.58258
102.7 0.970214 1.67333
102.8 0.850823 1.75399
102.9 0.718983 1.82355
103 0.572344 1.88081
103.1 0.408189 1.92433
103.2 0.22359 1.95245
103.3 0.0158196 1.96322
103.4 -0.216757 1.95451
103.5 -0.473153 1.92415
103.6 -0.747661 1.87023
103.7 -1.0281 1.79163
103.8 -1.29629 1.68862
103.9 -1.53233 1.56316
104 -1.72127 1.41881
104.1 -1.85769 1.26006
104.2 -1.94527 1.09146
104.3 -1.99273 0.916947
104.4 -2.00983 0.73965
104.5 -2.00497 0.561867
104.6 -1.98453 0.385243
104.7 -1.95295 0.210947
104.8 -1.91322 0.0398251
104.9 -1.86726 -0.127494
105 -1.81625 -0.290516
105.1 -1.76089 -0.448828
105.2 -1.70152 -0.602061
105.3 -1.63826 -0.749868
105.4 -1.57101 -0.891902
105.5 -1.49954 -1.0278
105.6 -1.42346 -1.15717
105.7 -1.34224 -1.27959
105.8 -1.25519 -1.39456
105.9 -1.16144 -1.50155
106 -1.0599 -1.5999
106.1 -0.949202 -1.68887
106.2 -0.827691 -1.76758
106.3 -0.69333 -1.83499
106.4 -0.543698 -1.88984
106.5 -0.376023 -1.93068
106.6 -0.187369 -1.95578
106.7 0.0248706 -1.96315
106.8 0.26199 -1.95064
106.9 0.5223 -1.91609
107 0.799008 -1.8577
107.1 1.0787 -1.77457
107.2 1.34244 -1.66725
107.3 1.57073 -1.53803
107.4 1.75016 -1.3907
107.5 1.87715 -1.22982
107.6 1.95666 -1.05986
107.7 1.99785 -0.884632
107.8 2.01036 -0.707096
107.9 2.00224 -0.529418
108 1.97948 -0.353144
108.1 1.94622 -0.179374
108.2 1.90524 -0.00890514
108.3 1.85828 0.157662
108.4 1.80643 0.319851
108.5 1.75032 0.47726
108.6 1.69024 0.629526
108.7 1.62626 0.776303
108.8 1.55826 0.917241
108.9 1.48597 1.05197
109 1.409 1.18011
109.1 1.32677 1.3012
109.2 1.23856 1.41476
109.3 1.14348 1.52021
109.4 1.04037 1.61691
109.5 0.927829 1.70407
109.6 0.80413 1.78079
109.7 0.667166 1.846
109.8 0.514448 1.89841
109.9 0.343152 1.93651
110 0.150356 1.95851
110.1 -0.0664017 1.96241
110.2 -0.308012 1.94602
110.3 -0.572016 1.90723
110.4 -0.850471 1.84435
110.5 -1.12876 1.7567
110.6 -1.38738 1.64515
110.7 -1.60746 1.51229
110.8 -1.77726 1.36213
110.9 -1.89501 1.19927
111 -1.96677 1.02809
111.1 -2.00202 0.852241
111.2 -2.01021 0.674538
111.3 -1.99902 0.497017
111.4 -1.97408 0.32113
111.5 -1.93924 0.147911
111.6 -1.89705 -0.0218838
111.7 -1.84913 -0.187683
111.8 -1.79647 -0.349025
111.9 -1.73962 -0.505519
112 -1.67882 -0.656807
112.1 -1.61412 -0.802541
112.2 -1.54536 -0.942372
112.3 -1.47225 -1.07593
112.4 -1.39436 -1.20281
112.5 -1.3111 -1.32256
112.6 -1.22171 -1.43468
112.7 -1.12524 -1.53858
112.8 -1.02052 -1.63359
112.9 -0.906083 -1.71892
113 -0.780125 -1.79362
113.1 -0.640476 -1.85659
113.2 -0.484577 -1.9065
113.3 -0.309561 -1.94179
113.4 -0.112536 -1.96064
113.5 0.108774 -1.96099
113.6 0.3548 -1.94066
113.7 0.622234 -1.89756
113.8 0.901943 -1.83016
113.9 1.17816 -1.73802
114 1.43101 -1.62232
114.1 1.64248 -1.48597
114.2 1.8026 -1.33314
114.3 1.91132 -1.16845
114.4 1.97565 -0.996162
114.5 2.00529 -0.819791
114.6 2.00942 -0.641988
114.7 1.99535 -0.464672
114.8 1.96835 -0.289206
114.9 1.93201 -0.116564
115 1.88867 0.0525387
115.1 1.83983 0.217554
115.2 1.78637 0.378037
115.3 1.72878 0.533604
115.4 1.66728 0.683902
115.5 1.60185 0.828583
115.6 1.53232 0.967294
115.7 1.45837 1.09966
115.8 1.37954 1.22527
115.9 1.29522 1.34366
116 1.20461 1.45433
116.1 1.10674 1.55666
116.2 1.00036 1.64996
116.3 0.883952 1.73342
116.4 0.755663 1.80606
116.5 0.613242 1.86674
116.6 0.454065 1.9141
116.7 0.275231 1.94653
116.8 0.0738984 1.96215
116.9 -0.151984 1.95888
117 -0.402321 1.93453
117.1 -0.672883 1.88707
117.2 -0.953311 1.81513
117.3 -1.22678 1.71854
117.4 -1.47323 1.5988
117.5 -1.67575 1.4591
117.6 -1.8262 1.30376
117.7 -1.92614 1.13737
117.8 -1.98338 0.964102
117.9 -2.00771 0.787295
118 -2.00803 0.609456
118.1 -1.99125 0.43239
118.2 -1.96231 0.257377
118.3 -1.92455 0.0853353
118.4 -1.88011 -0.0830564
118.5 -1.83037 -0.247273
118.6 -1.77613 -0.406884
118.7 -1.71782 -0.561513
118.8 -1.6556 -0.710808
118.9 -1.58944 -0.854424
119 -1.51913 -0.992003
119.1 -1.44433 -1.12316
119.2 -1.36454 -1.24749
119.3 -1.27914 -1.36451
119.4 -1.18728 -1.47369
119.5 -1.08794 -1.57443
119.6 -0.979853 -1.66599
119.7 -0.861425 -1.74755
119.8 -0.730729 -1.8181
119.9 -0.585448 -1.87645
120 -0.422895 -1.92121
120.1 -0.240146 -1.9507
120.2 -0.0344329 -1.96303
120.3 0.196024 -1.95606
120.4 0.450536 -1.92762
120.5 0.723881 -1.87576
120.6 1.00446 -1.79928
120.7 1.27448 -1.69829
120.8 1.51395 -1.57461
120.9 1.70725 -1.4317
121 1.8481 -1.274
121.1 1.93952 -1.10607
121.2 1.99001 -0.931926
121.3 2.00933 -0.754766
121.4 2.00606 -0.576952
121.5 1.98675 -0.400178
121.6 1.95599 -0.225648
121.7 1.91687 -0.0542294
121.8 1.87138 0.113434
121.9 1.82076 0.276838
122 1.76575 0.435565
122.1 1.70672 0.589243
122.2 1.64379 0.737525
122.3 1.57689 0.880063
122.4 1.50579 1.0165
122.5 1.43012 1.14644
122.6 1.34936 1.26946
122.7 1.26283 1.38509
122.8 1.16969 1.49278
122.9 1.06886 1.59189
123 0.959005 1.68169
123.1 0.838487 1.76131
123.2 0.705307 1.82973
123.3 0.557077 1.8857
123.4 0.391049 1.9278
123.5 0.20429 1.9543
123.6 -0.00586766 1.96326
123.7 -0.240882 1.95253
123.8 -0.4994 1.91993
123.9 -0.775139 1.86362
124 -1.05526 1.7826
124.1 -1.32115 1.67727
124.2 -1.5531 1.54978
124.3 -1.73696 1.40381
124.4 -1.86832 1.2439
124.5 -1.95153 1.07456
124.6 -1.9956 0.899651
124.7 -2.0102 0.722216
124.8 -2.00357 0.544483
124.9 -1.98187 0.368042
125 -1.94938 0.194025
125.1 -1.90897 0.0232497
125.2 -1.86247 -0.143669
125.3 -1.81101 -0.306246
125.4 -1.75525 -0.464076
125.5 -1.6955 -0.616793
125.6 -1.63185 -0.764049
125.7 -1.5642 -0.905498
125.8 -1.49229 -1.04077
125.9 -1.41573 -1.16948
126 -1.33398 -1.29119
126.1 -1.24631 -1.40541
126.2 -1.15185 -1.51158
126.3 -1.04948 -1.60905
126.4 -0.937801 -1.69705
126.5 -0.815127 -1.7747
126.6 -0.679383 -1.84094
126.7 -0.528109 -1.89449
126.8 -0.358508 -1.93387
126.9 -0.167646 -1.95732
127 0.047008 -1.96284
127.1 0.28654 -1.94826
127.2 0.548859 -1.91144
127.3 0.826561 -1.85065
127.4 1.10558 -1.7651
127.5 1.36666 -1.6555
127.6 1.59061 -1.52432
127.7 1.76489 -1.37545
127.8 1.88691 -1.21349
127.9 1.96223 -1.04286
128 2.0002 -0.867293
128.1 2.01037 -0.689659
128.2 2.00058 -0.512059
128.3 1.97663 -0.335988
128.4 1.94251 -0.16251
128.5 1.90088 0.00760048
128.6 1.8534 0.173758
128.7 1.80111 0.335495
128.8 1.7446 0.492416
128.9 1.68414 0.644159
129 1.61977 0.790379
129.1 1.55137 0.930726
129.2 1.47864 1.06483
129.3 1.40118 1.19229
129.4 1.3184 1.31267
129.5 1.22956 1.42546
129.6 1.13375 1.53009
129.7 1.02978 1.62588
129.8 0.91623 1.71207
129.9 0.79133 1.78771
130 0.652939 1.85173
130.1 0.498529 1.90281
130.2 0.325253 1.93941
130.3 0.130203 1.95973
130.4 -0.0889899 1.96174
130.5 -0.332976 1.94324
130.6 -0.598852 1.90215
130.7 -0.878043 1.83685
130.8 -1.15531 1.74679
130.9 -1.41091 1.63301
131 -1.62643 1.49827
131.1 -1.79105 1.34666
131.2 -1.90394 1.1828
131.3 -1.97167 1.01101
131.4 -2.00388 0.834869
131.5 -2.00987 0.657104
131.6 -1.99711 0.479687
131.7 -1.97105 0.304021
131.8 -1.9354 0.131108
131.9 -1.89259 -0.038318
132 -1.84417 -0.203699
132.1 -1.79108 -0.364583
132.2 -1.73383 -0.520582
132.3 -1.67266 -0.671341
132.4 -1.60756 -0.816512
132.5 -1.53839 -0.955745
132.6 -1.46484 -1.08867
132.7 -1.38645 -1.21487
132.8 -1.30262 -1.33389
132.9 -1.21258 -1.44524
133 -1.11537 -1.5483
133.1 -1.00976 -1.6424
133.2 -0.89428 -1.72673
133.3 -0.767082 -1.80033
133.4 -0.62596 -1.86208
133.5 -0.468317 -1.91063
133.6 -0.291269 -1.9444
133.7 -0.091946 -1.96153
133.8 0.131812 -1.95995
133.9 0.380161 -1.93747
134 0.649311 -1.89204
134.1 0.929474 -1.82221
134.2 1.20431 -1.72769
134.3 1.4538 -1.60981
134.4 1.66051 -1.47165
134.5 1.81546 -1.31745
134.6 1.91944 -1.15183
134.7 1.97993 -0.979007
134.8 2.00669 -0.802392
134.9 2.00875 -0.624563
135 1.99321 -0.447375
135.1 1.96516 -0.272148
135.2 1.92804 -0.0998242
135.3 1.88411 0.0688998
135.4 1.83478 0.233489
135.5 1.7809 0.393507
135.6 1.72293 0.548573
135.7 1.66104 0.698335
135.8 1.59522 0.842447
135.9 1.52527 0.980553
136 1.45087 1.11228
136.1 1.37153 1.2372
136.2 1.28663 1.35486
136.3 1.19536 1.46473
136.4 1.09671 1.56621
136.5 0.989418 1.65859
136.6 0.871938 1.74103
136.7 0.742369 1.81256
136.8 0.598428 1.872
136.9 0.437455 1.91797
137 0.256537 1.94884
137.1 0.052866 1.9627
137.2 -0.175467 1.95746
137.3 -0.428059 1.93093
137.4 -0.700157 1.88112
137.5 -0.980738 1.80675
137.6 -1.25245 1.70779
137.7 -1.49523 1.58593
137.8 -1.69284 1.44449
137.9 -1.83814 1.28786
138 -1.93348 1.12063
138.1 -1.98706 0.946883
138.2 -2.00867 0.769877
138.3 -2.00704 0.592044
138.4 -1.98889 0.41513
138.5 -1.95896 0.240372
138.6 -1.92046 0.068661
138.7 -1.87546 -0.0993428
138.8 -1.82524 -0.263126
138.9 -1.77059 -0.422265
139 -1.71189 -0.576386
139.1 -1.64929 -0.72514
139.2 -1.58273 -0.86818
139.3 -1.512 -1.00515
139.4 -1.43674 -1.13566
139.5 -1.35643 -1.25929
139.6 -1.27043 -1.37557
139.7 -1.17789 -1.48395
139.8 -1.07776 -1.58382
139.9 -0.968732 -1.67444
140 -0.849192 -1.75497
140.1 -0.717176 -1.82438
140.2 -0.570327 -1.88146
140.3 -0.405925 -1.9248
140.4 -0.22104 -1.9527
140.5 -0.012954 -1.96324
140.6 0.219947 -1.95426
140.7 0.476628 -1.9236
140.8 0.751306 -1.86936
140.9 1.03171 -1.79045
141 1.29961 -1.68713
141.1 1.53512 -1.56139
141.2 1.72338 -1.41683
141.3 1.85913 -1.25792
141.4 1.94612 -1.08922
141.5 1.99313 -0.914652
141.6 2.00989 -0.737335
141.7 2.00479 -0.559558
141.8 1.98418 -0.382958
141.9 1.95248 -0.208699
142 1.91266 -0.0376223
142.1 1.86663 0.129644
142.2 1.81556 0.292607
142.3 1.76014 0.450855
142.4 1.70073 0.60402
142.5 1.63741 0.751754
142.6 1.57011 0.89371
142.7 1.49858 1.02953
142.8 1.42243 1.15881
142.9 1.34114 1.28113
143 1.25401 1.39601
143.1 1.16017 1.50288
143.2 1.05852 1.60112
143.3 0.947695 1.68996
143.4 0.82603 1.76853
143.5 0.691487 1.83578
143.6 0.541638 1.89047
143.7 0.373709 1.93111
143.8 0.184764 1.95599
143.9 -0.0277959 1.96312
144 -0.265236 1.95033
144.1 -0.525817 1.91548
144.2 -0.802664 1.85678
144.3 -1.08228 1.77333
144.4 -1.34567 1.6657
144.5 -1.5734 1.53622
144.6 -1.75214 1.38868
144.7 -1.87848 1.22766
144.8 -1.95742 1.05761
144.9 -1.99818 0.882331
145 -2.01037 0.70478
145.1 -2.00203 0.527112
145.2 -1.9791 0.350865
145.3 -1.94573 0.177133
145.4 -1.90466 0.00671152
145.5 -1.85763 -0.159801
145.6 -1.80573 -0.321931
145.7 -1.74956 -0.479275
145.8 -1.68943 -0.631472
145.9 -1.6254 -0.778175
146 -1.55734 -0.919035
146.1 -1.485 -1.05368
146.2 -1.40796 -1.18173
146.3 -1.32566 -1.30273
146.4 -1.23737 -1.41618
146.5 -1.14219 -1.52153
146.6 -1.03897 -1.6181
146.7 -0.926295 -1.70514
146.8 -0.802438 -1.78172
146.9 -0.665286 -1.84677
147 -0.512345 -1.899
147.1 -0.340788 -1.9369
147.2 -0.147694 -1.95868
147.3 0.0693869 -1.96233
147.4 0.311314 -1.94567
147.5 0.575571 -1.90657
147.6 0.854132 -1.84336
147.7 1.1323 -1.7554
147.8 1.39053 -1.64355
147.9 1.61001 -1.51044
148 1.77912 -1.36008
148.1 1.89622 -1.19709
148.2 1.96744 -1.02582
148.3 2.00228 -0.849936
148.4 2.01018 -0.672223
148.5 1.99878 -0.494715
148.6 1.97368 -0.318857
148.7 1.93873 -0.145678
148.8 1.89646 0.024068
148.9 1.84848 0.189812
149 1.79576 0.351094
149.1 1.73885 0.507522
149.2 1.67801 0.658739
149.3 1.61325 0.8044
149.4 1.54444 0.944151
149.5 1.47127 1.07762
149.6 1.39331 1.20441
149.7 1.30997 1.32407
149.8 1.2205 1.43609
149.9 1.12394 1.53988
150 1.0191 1.63477
150.1 0.904522 1.71996
150.2 0.778401 1.79452
150.3 0.638558 1.85733
150.4 0.482428 1.90706
150.5 0.307145 1.94215
150.6 0.109816 1.96077
150.7 -0.111819 1.96087
150.8 -0.358155 1.94025
150.9 -0.625822 1.89684
151 -0.905601 1.82911
151.1 -1.18165 1.73666
151.2 -1.43406 1.62067
151.3 -1.6449 1.48408
151.4 -1.80434 1.33107
151.5 -1.91242 1.16625
151.6 -1.97624 0.993886
151.7 -2.00549 0.817482
151.8 -2.00934 0.639674
151.9 -1.99507 0.462374
152 -1.96793 0.286939
152.1 -1.93149 0.114339
152.2 -1.88807 -0.0547132
152.3 -1.83916 -0.219672
152.4 -1.78564 -0.380094
152.5 -1.72801 -0.535595
152.6 -1.66645 -0.685821
152.7 -1.60097 -0.830427
152.8 -1.53138 -0.969058
152.9 -1.45738 -1.10134
153 -1.37848 -1.22686
153.1 -1.29408 -1.34516
153.2 -1.20339 -1.45571
153.3 -1.10541 -1.55793
153.4 -0.998909 -1.65111
153.5 -0.882364 -1.73443
153.6 -0.753906 -1.80693
153.7 -0.611285 -1.86745
153.8 -0.451871 -1.91463
153.9 -0.272762 -1.94684
154 -0.0711196 -1.96224
154.1 0.155088 -1.9587
154.2 0.405727 -1.93406
154.3 0.676499 -1.88629
154.4 0.956957 -1.81403
154.5 1.2302 -1.71713
154.6 1.47617 -1.59711
154.7 1.67805 -1.45717
154.8 1.82782 -1.30165
154.9 1.92714 -1.13515
155 1.98389 -0.961817
155.1 2.00785 -0.784983
155.2 2.00791 -0.607144
155.3 1.99094 -0.430097
155.4 1.96187 -0.255118
155.5 1.92401 -0.0831194
155.6 1.8795 0.085221
155.7 1.82969 0.24938
155.8 1.7754 0.408929
155.9 1.71703 0.563491
156 1.65476 0.712714
156.1 1.58855 0.856254
156.2 1.51818 0.993751
156.3 1.44332 1.12483
156.4 1.36347 1.24906
156.5 1.27798 1.36598
156.6 1.18604 1.47506
156.7 1.0866 1.57568
156.8 0.978382 1.66712
156.9 0.859807 1.74854
157 0.728937 1.81894
157.1 0.58345 1.87712
157.2 0.420653 1.92169
157.3 0.237622 1.95098
157.4 0.031595 1.96307
157.5 -0.199187 1.95584
157.6 -0.45399 1.9271
157.7 -0.727518 1.87492
157.8 -1.00808 1.79812
157.9 -1.27784 1.69682
158 -1.51679 1.57287
158.1 -1.70942 1.42974
158.2 -1.84959 1.27187
158.3 -1.94042 1.10383
158.4 -1.99044 0.929634
158.5 -2.00942 0.752452
158.6 -2.0059 0.574642
158.7 -1.98641 0.39789
158.8 -1.95553 0.223396
158.9 -1.91631 0.0520224
159 -1.87075 -0.115589
159.1 -1.82008 -0.278934
159.2 -1.76501 -0.437598
159.3 -1.70593 -0.591208
159.4 -1.64294 -0.739417
159.5 -1.57599 -0.881878
159.6 -1.50483 -1.01823
159.7 -1.4291 -1.14809
159.8 -1.34827 -1.27102
159.9 -1.26167 -1.38655
160 -1.16843 -1.49413
160.1 -1.06749 -1.59312
160.2 -0.95751 -1.6828
160.3 -0.83684 -1.76228
160.4 -0.703481 -1.83054
160.5 -0.555037 -1.88634
160.6 -0.388758 -1.92825
160.7 -0.20171 -1.95454
160.8 0.00876519 -1.96325
160.9 0.244102 -1.95225
161 0.502898 -1.91935
161.1 0.778791 -1.86273
161.2 1.05885 -1.78138
161.3 1.32442 -1.67575
161.4 1.55582 -1.54799
161.5 1.73901 -1.40181
161.6 1.86969 -1.24175
161.7 1.95233 -1.07231
161.8 1.99596 -0.897352
161.9 2.01024 -0.719902
162 2.00337 -0.542176
162.1 1.9815 -0.36576
162.2 1.9489 -0.19178
162.3 1.9084 -0.0210518
162.4 1.86183 0.145813
162.5 1.81031 0.308331
162.6 1.75449 0.466097
162.7 1.69469 0.618745
162.8 1.63099 0.765928
162.9 1.56329 0.907299
163 1.49133 1.04249
163.1 1.41471 1.17111
163.2 1.33288 1.29273
163.3 1.24513 1.40685
163.4 1.15057 1.5129
163.5 1.04809 1.61025
163.6 0.93628 1.69813
163.7 0.813449 1.77564
163.8 0.67752 1.84172
163.9 0.526027 1.8951
164 0.356167 1.93428
164.1 0.165011 1.95751
164.2 -0.0499654 1.96278
164.3 -0.289817 1.94793
164.4 -0.552397 1.91081
164.5 -0.830221 1.8497
164.6 -1.10914 1.76383
164.7 -1.36985 1.65393
164.8 -1.59321 1.52248
164.9 -1.76681 1.37342
165 -1.88818 1.21132
165.1 -1.96294 1.0406
165.2 -2.00049 0.86499
165.3 -2.01035 0.687344
165.4 -2.00034 0.509755
165.5 -1.97624 0.333712
165.6 -1.94202 0.160273
165.7 -1.90029 -0.00978907
165.8 -1.85275 -0.175892
165.9 -1.80041 -0.337569
166 -1.74384 -0.494424
166.1 -1.68333 -0.646098
166.2 -1.61891 -0.792244
166.3 -1.55045 -0.932512
166.4 -1.47767 -1.06653
166.5 -1.40014 -1.19391
166.6 -1.31728 -1.31419
166.7 -1.22836 -1.42688
166.8 -1.13245 -1.53139
166.9 -1.02837 -1.62707
167 -0.914682 -1.71312
167.1 -0.789621 -1.78862
167.2 -0.651038 -1.85248
167.3 -0.496402 -1.90338
167.4 -0.322861 -1.93978
167.5 -0.127509 -1.95988
167.6 0.092007 -1.96163
167.7 0.336307 -1.94286
167.8 0.602426 -1.90146
167.9 0.881703 -1.83584
168 1.15882 -1.74546
168.1 1.41401 -1.63138
168.2 1.62891 -1.49639
168.3 1.79284 -1.34459
168.4 1.90509 -1.1806
168.5 1.9723 -1.00874
168.6 2.00411 -0.832561
168.7 2.00981 -0.65479
168.8 1.99685 -0.477388
168.9 1.97064 -0.301752
169 1.93488 -0.12888
169.1 1.89199 0.040497
169.2 1.84351 0.205822
169.3 1.79036 0.366645
169.4 1.73306 0.522578
169.5 1.67183 0.673266
169.6 1.60669 0.818363
169.7 1.53746 0.957516
169.8 1.46385 1.09035
169.9 1.38539 1.21646
170 1.30149 1.33539
170.1 1.21137 1.44663
170.2 1.11405 1.54958
170.3 1.00833 1.64356
170.4 0.892704 1.72776
170.5 0.76534 1.80122
170.6 0.62402 1.8628
170.7 0.466144 1.91117
170.8 0.288824 1.94473
170.9 0.0891945 1.96163
171 -0.134888 1.9598
171.1 -0.383544 1.93703
171.2 -0.652914 1.89129
171.3 -0.933126 1.82114
171.4 -1.20776 1.7263
171.5 -1.45679 1.60814
171.6 -1.66287 1.46973
171.7 -1.81713 1.31536
171.8 -1.92049 1.14962
171.9 -1.98047 0.976727
172 -2.00686 0.800081
172.1 -2.00865 0.62225
172.2 -1.99291 0.44508
172.3 -1.96472 0.269885
172.4 -1.92751 0.0976043
172.5 -1.8835 -0.071069
172.6 -1.83411 -0.235602
172.7 -1.78017 -0.395557
172.8 -1.72215 -0.550557
172.9 -1.66021 -0.700247
173 -1.59433 -0.844283
173.1 -1.52433 -0.982309
173.2 -1.44987 -1.11395
173.3 -1.37047 -1.23878
173.4 -1.28549 -1.35634
173.5 -1.19413 -1.46611
173.6 -1.09537 -1.56747
173.7 -0.987958 -1.65973
173.8 -0.870334 -1.74203
173.9 -0.740594 -1.81341
174 -0.596449 -1.87269
174.1 -0.435235 -1.91847
174.2 -0.254038 -1.94913
174.3 -0.0500556 -1.96276
174.4 0.178603 -1.95726
174.5 0.431491 -1.93043
174.6 0.703785 -1.88031
174.7 0.984374 -1.80561
174.8 1.25584 -1.70635
174.9 1.49812 -1.58421
175 1.69507 -1.44254
175.1 1.83969 -1.28575
175.2 1.93442 -1.11841
175.3 1.98753 -0.944595
175.4 2.00879 -0.767564
175.5 2.0069 -0.589733
175.6 1.98857 -0.41284
175.7 1.95851 -0.238116
175.8 1.91991 -0.0664498
175.9 1.87483 0.101502
176 1.82456 0.265228
176.1 1.76985 0.424304
176.2 1.7111 0.578357
176.3 1.64845 0.727039
176.4 1.58184 0.870002
176.5 1.51105 1.00689
176.6 1.43573 1.13731
176.7 1.35535 1.26085
176.8 1.26927 1.37703
176.9 1.17664 1.48531
177 1.0764 1.58506
177.1 0.967248 1.67556
177.2 0.847559 1.75594
177.3 0.715366 1.8252
177.4 0.568306 1.88212
177.5 0.403657 1.92527
177.6 0.218487 1.95296
177.7 0.0100842 1.96325
177.8 -0.223141 1.95401
177.9 -0.480105 1.92305
178 -0.754952 1.8685
178.1 -1.03532 1.78926
178.2 -1.30292 1.68563
178.3 -1.53789 1.55962
178.4 -1.72549 1.41484
178.5 -1.86056 1.25578
178.6 -1.94697 1.08697
178.7 -1.99352 0.912357
178.8 -2.00995 0.735021
178.9 -2.00461 0.557249
179 -1.98383 0.380673
179.1 -1.95201 0.206451
179.2 -1.9121 0.0354201
179.3 -1.86599 -0.131793
179.4 -1.81486 -0.294698
179.5 -1.75939 -0.452881
179.6 -1.69993 -0.605978
179.7 -1.63656 -0.753639
179.8 -1.56921 -0.895518
179.9 -1.49762 -1.03125
180 -1.42141 -1.16045
180.1 -1.34005 -1.28268
180.2 -1.25284 -1.39745
180.3 -1.1589 -1.50422
180.4 -1.05714 -1.60234
180.5 -0.946185 -1.69105
180.6 -0.824367 -1.76948
180.7 -0.689641 -1.83658
180.8 -0.539576 -1.89109
180.9 -0.371391 -1.93154
181 -0.182154 -1.9562
181.1 0.0307254 -1.96308
181.2 0.268487 -1.95003
181.3 0.529337 -1.91488
181.4 0.806322 -1.85585
181.5 1.08585 -1.77208
181.6 1.34891 -1.66415
181.7 1.57606 -1.5344
181.8 1.75412 -1.38666
181.9 1.87979 -1.22549
182 1.95817 -1.05535
182.1 1.9985 -0.88003
182.2 2.01038 -0.702465
182.3 2.00181 -0.524807
182.4 1.97873 -0.348586
182.5 1.94525 -0.174893
182.6 1.90408 -0.00451856
182.7 1.85699 0.16194
182.8 1.80502 0.32401
182.9 1.74881 0.481289
183 1.68862 0.633417
183.1 1.62454 0.780046
183.2 1.55643 0.920827
183.3 1.48403 1.05539
183.4 1.40693 1.18335
183.5 1.32455 1.30425
183.6 1.23618 1.41761
183.7 1.1409 1.52284
183.8 1.03756 1.6193
183.9 0.92476 1.7062
184 0.800743 1.78264
184.1 0.663403 1.84753
184.2 0.510238 1.89959
184.3 0.33842 1.93729
184.4 0.145027 1.95885
184.5 -0.0723763 1.96225
184.6 -0.31462 1.94531
184.7 -0.579128 1.9059
184.8 -0.857793 1.84238
184.9 -1.13583 1.75409
185 -1.39367 1.64194
185.1 -1.61255 1.50858
185.2 -1.78097 1.35803
185.3 -1.89743 1.1949
185.4 -1.9681 1.02356
185.5 -2.00254 0.84763
185.6 -2.01014 0.669908
185.7 -1.99853 0.492414
185.8 -1.97328 0.316584
185.9 -1.93822 0.143446
186 -1.89587 -0.0262515
186.1 -1.84782 -0.19194
186.2 -1.79504 -0.353161
186.3 -1.73808 -0.509524
186.4 -1.67719 -0.660671
186.5 -1.61238 -0.806257
186.6 -1.54351 -0.945929
186.7 -1.47029 -1.07932
186.8 -1.39226 -1.20602
186.9 -1.30885 -1.32558
187 -1.21929 -1.43749
187.1 -1.12263 -1.54117
187.2 -1.01768 -1.63594
187.3 -0.90296 -1.721
187.4 -0.776674 -1.79542
187.5 -0.636637 -1.85806
187.6 -0.480277 -1.90761
187.7 -0.304725 -1.9425
187.8 -0.107092 -1.96089
187.9 0.114868 -1.96073
188 0.361514 -1.93983
188.1 0.629412 -1.89612
188.2 0.909257 -1.82807
188.3 1.18513 -1.7353
188.4 1.4371 -1.61902
188.5 1.64732 -1.48218
188.6 1.80607 -1.32899
188.7 1.91352 -1.16404
188.8 1.97682 -0.99161
188.9 2.00569 -0.815172
189 2.00926 -0.637361
189.1 1.99479 -0.460077
189.2 1.96751 -0.284673
189.3 1.93096 -0.112115
189.4 1.88747 0.0568871
189.5 1.83849 0.22179
189.6 1.78492 0.38215
189.7 1.72723 0.537584
189.8 1.66562 0.687739
189.9 1.60009 0.83227
190 1.53045 0.970821
190.1 1.45638 1.10302
190.2 1.37742 1.22844
190.3 1.29295 1.34664
190.4 1.20216 1.4571
190.5 1.10408 1.5592
190.6 0.997461 1.65226
190.7 0.880773 1.73545
190.8 0.752146 1.8078
190.9 0.609324 1.86815
191 0.449673 1.91514
191.1 0.270288 1.94716
191.2 0.0683367 1.96232
191.3 -0.158197 1.95852
191.4 -0.409136 1.93359
191.5 -0.680116 1.88551
191.6 -0.960601 1.81293
191.7 -1.23362 1.71571
191.8 -1.47911 1.5954
191.9 -1.68034 1.45524
192 -1.82942 1.29955
192.1 -1.92813 1.13293
192.2 -1.98439 0.959533
192.3 -2.00799 0.78267
192.4 -2.00778 0.604832
192.5 -1.99063 0.427805
192.6 -1.96143 0.252859
192.7 -1.92347 0.0809042
192.8 -1.87888 -0.087385
192.9 -1.82901 -0.251487
193 -1.77466 -0.410973
193.1 -1.71625 -0.565468
193.2 -1.65393 -0.714619
193.3 -1.58766 -0.858082
193.4 -1.51724 -0.995499
193.5 -1.44232 -1.12649
193.6 -1.3624 -1.25063
193.7 -1.27683 -1.36745
193.8 -1.18479 -1.47643
193.9 -1.08525 -1.57693
194 -0.97691 -1.66825
194.1 -0.858188 -1.74953
194.2 -0.727144 -1.81978
194.3 -0.581449 -1.87779
194.4 -0.418408 -1.92217
194.5 -0.235095 -1.95125
194.6 -0.0287528 -1.9631
194.7 0.202354 -1.95561
194.8 0.457446 -1.92658
194.9 0.731157 -1.87408
195 1.0117 -1.79696
195.1 1.28119 -1.69535
195.2 1.51962 -1.57112
195.3 1.71158 -1.42777
195.4 1.85107 -1.26974
195.5 1.94131 -1.1016
195.6 1.99086 -0.927341
195.7 2.0095 -0.750138
195.8 2.00574 -0.572332
195.9 1.98608 -0.395603
196 1.95506 -0.221145
196.1 1.91576 -0.049816
196.2 1.87012 0.117742
196.3 1.81939 0.28103
196.4 1.76427 0.43963
196.5 1.70513 0.593172
196.6 1.6421 0.741309
196.7 1.57509 0.883693
196.8 1.50388 1.01996
196.9 1.42808 1.14973
197 1.34718 1.27257
197.1 1.2605 1.388
197.2 1.16717 1.49547
197.3 1.06612 1.59435
197.4 0.956012 1.6839
197.5 0.835191 1.76324
197.6 0.701651 1.83135
197.7 0.552994 1.88698
197.8 0.386464 1.92869
197.9 0.199127 1.95477
198 -0.011667 1.96324
198.1 -0.247327 1.95197
198.2 -0.506398 1.91877
198.3 -0.782444 1.86183
198.4 -1.06244 1.78016
198.5 -1.32769 1.67422
198.6 -1.55854 1.54619
198.7 -1.74104 1.39981
198.8 -1.87106 1.2396
198.9 -1.95313 1.07006
199 -1.99631 0.895054
199.1 -2.01027 0.717587
199.2 -2.00317 0.539869
199.3 -1.98114 0.363478
199.4 -1.94842 0.189536
199.5 -1.90783 0.0188545
199.6 -1.86119 -0.147957
199.7 -1.80961 -0.310416
199.8 -1.75374 -0.468117
199.9 -1.69389 -0.620696
200 -1.63014 -0.767806
