0 2 0
0.1 1.92407 0.164834
0.2 1.85256 0.323495
0.3 1.78292 0.47624
0.4 1.71346 0.62315
0.5 1.64296 0.764187
0.6 1.57048 0.899223
0.7 1.49516 1.02805
0.8 1.41621 1.15041
0.9 1.33279 1.26595
1 1.24397 1.37426
1.1 1.14868 1.47484
1.2 1.04564 1.5671
1.3 0.933311 1.65032
1.4 0.809809 1.72364
1.5 0.672854 1.78604
1.6 0.519721 1.83627
1.7 0.34728 1.87285
1.8 0.152222 1.89401
1.9 -0.0683385 1.89772
2 -0.315621 1.88177
2.1 -0.587097 1.84399
2.2 -0.873952 1.78266
2.3 -1.15971 1.69713
2.4 -1.42256 1.58839
2.5 -1.64227 1.45926
2.6 -1.80751 1.31391
2.7 -1.91834 1.157
2.8 -1.98279 0.9928
2.9 -2.01168 0.82475
3 -2.01496 0.655412
3.1 -2.00036 0.486595
3.2 -1.97331 0.319561
3.3 -1.93742 0.155191
3.4 -1.89501 -0.00587607
3.5 -1.84752 -0.163158
3.6 -1.7958 -0.316267
3.7 -1.74031 -0.464869
3.8 -1.68123 -0.608656
3.9 -1.61855 -0.747329
4 -1.55212 -0.880578
4.1 -1.48162 -1.00808
4.2 -1.40663 -1.12946
4.3 -1.32657 -1.24434
4.4 -1.24072 -1.35226
4.5 -1.14816 -1.45268
4.6 -1.04775 -1.545
4.7 -0.938041 -1.62851
4.8 -0.81728 -1.70235
4.9 -0.683291 -1.7655
5 -0.53346 -1.81674
5.1 -0.364758 -1.85463
5.2 -0.173939 -1.87743
5.3 0.0419243 -1.88316
5.4 0.284307 -1.86963
5.5 0.551285 -1.83468
5.6 0.835054 -1.7765
5.7 1.12029 -1.69429
5.8 1.38586 -1.58877
5.9 1.61108 -1.46251
6 1.78325 -1.3195
6.1 1.90089 -1.16433
6.2 1.97108 -1.00134
6.3 2.00437 -0.834085
6.4 2.01083 -0.66522
6.5 1.99848 -0.49665
6.6 1.973 -0.329704
6.7 1.93822 -0.165311
6.8 1.89663 -0.00414091
6.9 1.84974 0.153303
7 1.7985 0.30662
7.1 1.74341 0.455466
7.2 1.68468 0.599528
7.3 1.62233 0.738504
7.4 1.55621 0.872083
7.5 1.48604 0.999939
7.6 1.4114 1.12171
7.7 1.33172 1.23701
7.8 1.2463 1.34537
7.9 1.15423 1.44628
8 1.05438 1.53914
8.1 0.945347 1.62324
8.2 0.825379 1.69772
8.3 0.692336 1.76159
8.4 0.543634 1.81364
8.5 0.376268 1.85243
8.6 0.186995 1.87626
8.7 -0.0271598 1.88316
8.8 -0.267812 1.87095
8.9 -0.533335 1.83745
9 -0.816375 1.78082
9.1 -1.1021 1.70016
9.2 -1.3696 1.5961
9.3 -1.59793 1.47108
9.4 -1.77369 1.32902
9.5 -1.89472 1.17452
9.6 -1.9677 1.01193
9.7 -2.00306 0.844859
9.8 -2.011 0.676038
9.9 -1.99967 0.507409
10 -1.97491 0.34033
10.1 -1.94066 0.175754
10.2 -1.89945 0.0143621
10.3 -1.85288 -0.143333
10.4 -1.8019 -0.296923
10.5 -1.74704 -0.446065
10.6 -1.68854 -0.590443
10.7 -1.62643 -0.729753
10.8 -1.56056 -0.863688
10.9 -1.49066 -0.99192
11 -1.41632 -1.1141
11.1 -1.33699 -1.22982
11.2 -1.25197 -1.33864
11.3 -1.16035 -1.44005
11.4 -1.06104 -1.53344
11.5 -0.952643 -1.61812
11.6 -0.833436 -1.69325
11.7 -0.701304 -1.75783
11.8 -0.553692 -1.81068
11.9 -0.387619 -1.85037
12 -0.199846 -1.87522
12.1 0.0126417 -1.88327
12.2 0.251598 -1.87235
12.3 0.515672 -1.84027
12.4 0.797952 -1.78516
12.5 1.08408 -1.70605
12.6 1.35343 -1.60343
12.7 1.58478 -1.47965
12.8 1.7641 -1.33855
12.9 1.88851 -1.18471
13 1.96426 -1.02252
13.1 2.00171 -0.855645
13.2 2.01114 -0.686871
13.3 2.00085 -0.518183
13.4 1.97682 -0.350973
13.5 1.94308 -0.186213
13.6 1.90226 -0.0246009
13.7 1.856 0.133344
13.8 1.80529 0.287208
13.9 1.75067 0.436645
14 1.6924 0.581337
14.1 1.63052 0.720981
14.2 1.5649 0.85527
14.3 1.49527 0.983878
14.4 1.42123 1.10645
14.5 1.34224 1.2226
14.6 1.2576 1.33188
14.7 1.16644 1.43378
14.8 1.06766 1.52771
14.9 0.959895 1.61297
15 0.84144 1.68874
15.1 0.710208 1.75403
15.2 0.563674 1.80767
15.3 0.39888 1.84825
15.4 0.212595 1.87411
15.5 0.00176488 1.8833
15.6 -0.23549 1.87366
15.7 -0.49809 1.843
15.8 -0.77955 1.78941
15.9 -1.06601 1.71184
16 -1.3371 1.61068
16.1 -1.57142 1.48815
16.2 -1.75428 1.34803
16.3 -1.88209 1.19486
16.4 -1.96067 1.03309
16.5 -2.00025 0.866423
16.6 -2.0112 0.697704
16.7 -2.00198 0.528964
16.8 -1.97868 0.361626
16.9 -1.94548 0.196686
17 -1.90505 0.0348548
17.1 -1.85911 -0.123338
17.2 -1.80866 -0.277475
17.3 -1.75428 -0.427205
17.4 -1.69624 -0.572211
17.5 -1.6346 -0.712188
17.6 -1.56922 -0.846829
17.7 -1.49986 -0.975812
17.8 -1.42612 -1.09878
17.9 -1.34746 -1.21536
18 -1.26321 -1.32509
18.1 -1.1725 -1.42748
18.2 -1.07425 -1.52194
18.3 -0.967104 -1.60778
18.4 -0.849391 -1.68418
18.5 -0.71905 -1.75018
18.6 -0.57358 -1.80461
18.7 -0.410053 -1.84608
18.8 -0.225243 -1.87293
18.9 -0.0160619 -1.88325
19 0.219488 -1.87489
19.1 0.480587 -1.84564
19.2 0.761172 -1.79356
19.3 1.04787 -1.71753
19.4 1.32062 -1.61784
19.5 1.55784 -1.49658
19.6 1.74423 -1.35745
19.7 1.87547 -1.20498
19.8 1.95692 -1.04364
19.9 1.99868 -0.877193
20 2.01119 -0.708537
20.1 2.00304 -0.539751
20.2 1.98051 -0.372289
20.3 1.94785 -0.207172
20.4 1.90783 -0.0451238
20.5 1.8622 0.113316
20.6 1.81201 0.267724
20.7 1.75788 0.417746
20.8 1.70007 0.563064
20.9 1.63866 0.703372
21 1.57353 0.838365
21.1 1.50444 0.967721
21.2 1.43099 1.09109
21.3 1.35267 1.20809
21.4 1.2688 1.31827
21.5 1.17853 1.42115
21.6 1.0808 1.51614
21.7 0.974269 1.60255
21.8 0.857291 1.67959
21.9 0.727829 1.74628
22 0.583413 1.80149
22.1 0.421138 1.84384
22.2 0.23779 1.87168
22.3 0.0302497 1.88312
22.4 -0.203593 1.87603
22.5 -0.463167 1.84818
22.6 -0.742821 1.79761
22.7 -1.02967 1.72312
22.8 -1.30399 1.62491
22.9 -1.54405 1.50493
23 -1.73395 1.36682
23.1 -1.86864 1.21507
23.2 -1.95301 1.05417
23.3 -1.99698 0.887955
23.4 -2.01108 0.71937
23.5 -2.00405 0.550543
23.6 -1.98229 0.382962
23.7 -1.95018 0.21767
23.8 -1.91057 0.0554076
23.9 -1.86527 -0.103277
24 -1.81535 -0.257955
24.1 -1.76146 -0.408268
24.2 -1.70389 -0.553896
24.3 -1.64271 -0.694535
24.4 -1.57782 -0.829878
24.5 -1.50899 -0.959605
24.6 -1.43584 -1.08337
24.7 -1.35784 -1.20079
24.8 -1.27436 -1.31142
24.9 -1.18453 -1.41479
25 -1.08731 -1.5103
25.1 -0.981391 -1.59728
25.2 -0.86514 -1.67495
25.3 -0.736548 -1.74234
25.4 -0.593173 -1.79832
25.5 -0.432137 -1.84154
25.6 -0.250237 -1.87037
25.7 -0.0443286 -1.88292
25.8 0.187806 -1.87708
25.9 0.445833 -1.85063
26 0.724502 -1.80156
26.1 1.01143 -1.72862
26.2 1.28721 -1.63188
26.3 1.53005 -1.51321
26.4 1.72344 -1.37613
26.5 1.86161 -1.22511
26.6 1.94893 -1.06468
26.7 1.99516 -0.898707
26.8 2.01089 -0.730203
26.9 2.005 -0.56134
27 1.98404 -0.393644
27.1 1.95249 -0.228181
27.2 1.9133 -0.0657062
27.3 1.86832 0.0932216
27.4 1.81868 0.248168
27.5 1.76503 0.39877
27.6 1.70768 0.544708
27.7 1.64674 0.685676
27.8 1.5821 0.821368
27.9 1.51353 0.951465
28 1.44066 1.07562
28.1 1.363 1.19346
28.2 1.27989 1.30455
28.3 1.19049 1.40839
28.4 1.09379 1.50442
28.5 0.988471 1.59198
28.6 0.872938 1.67027
28.7 0.745205 1.73835
28.8 0.60286 1.7951
28.9 0.44305 1.83918
29 0.262586 1.86899
29.1 0.0582988 1.88265
29.2 -0.172126 1.87805
29.3 -0.428585 1.85298
29.4 -0.70622 1.80542
29.5 -0.993137 1.73402
29.6 -1.2703 1.63877
29.7 -1.51584 1.52142
29.8 -1.7127 1.38538
29.9 -1.85436 1.23512
30 -1.94468 1.07516
30.1 -1.99322 0.909448
30.2 -2.01062 0.741034
30.3 -2.00589 0.572142
30.4 -1.98574 0.404336
30.5 -1.95477 0.238704
30.6 -1.916 0.0760193
30.7 -1.87135 -0.0831499
30.8 -1.82198 -0.238362
30.9 -1.76858 -0.389253
31 -1.71147 -0.535499
31.1 -1.65075 -0.676795
31.2 -1.58635 -0.812834
31.3 -1.51805 -0.9433
31.4 -1.44547 -1.06785
31.5 -1.36813 -1.1861
31.6 -1.28539 -1.29764
31.7 -1.19643 -1.40196
31.8 -1.10023 -1.49852
31.9 -0.995509 -1.58664
32 -0.880686 -1.66554
32.1 -0.753803 -1.73431
32.2 -0.612476 -1.79183
32.3 -0.453878 -1.83677
32.4 -0.274836 -1.86754
32.5 -0.0721609 -1.88229
32.6 0.156556 -1.87893
32.7 0.411428 -1.85524
32.8 0.687979 -1.80917
32.9 0.974807 -1.73932
33 1.25326 -1.64557
33.1 1.50143 -1.52954
33.2 1.70173 -1.39458
33.3 1.84691 -1.24509
33.4 1.94026 -1.08563
33.5 1.99115 -0.920179
33.6 2.01025 -0.751863
33.7 2.00671 -0.582949
33.8 1.98739 -0.415037
33.9 1.95701 -0.249239
34 1.91868 -0.086347
34.1 1.87436 0.0730618
34.2 1.82527 0.22854
34.3 1.77211 0.379718
34.4 1.71524 0.526271
34.5 1.65475 0.667892
34.6 1.5906 0.804278
34.7 1.52255 0.935111
34.8 1.45026 1.06005
34.9 1.37325 1.17872
35 1.29087 1.2907
35.1 1.20234 1.3955
35.2 1.10664 1.49257
35.3 1.00251 1.58125
35.4 0.888385 1.66078
35.5 0.762342 1.73023
35.6 0.62202 1.78851
35.7 0.464622 1.83429
35.8 0.286989 1.86603
35.9 0.0859153 1.88187
36 -0.141094 1.87974
36.1 -0.394361 1.85741
36.2 -0.669782 1.81283
36.3 -0.956444 1.74452
36.4 -1.23609 1.65227
36.5 -1.48682 1.53759
36.6 -1.69052 1.40372
36.7 -1.83923 1.25502
36.8 -1.93566 1.09607
36.9 -1.98895 0.930899
37 -2.00979 0.76269
37.1 -2.00747 0.59376
37.2 -1.989 0.425746
37.3 -1.95922 0.259787
37.4 -1.92133 0.096689
37.5 -1.87735 -0.0629576
37.6 -1.82855 -0.218699
37.7 -1.77563 -0.370163
37.8 -1.71899 -0.517021
37.9 -1.65874 -0.658968
38 -1.59482 -0.795699
38.1 -1.52703 -0.926898
38.2 -1.45503 -1.05223
38.3 -1.37834 -1.17131
38.4 -1.29633 -1.28373
38.5 -1.20822 -1.38901
38.6 -1.11301 -1.48659
38.7 -1.00946 -1.57584
38.8 -0.896035 -1.65597
38.9 -0.770822 -1.7261
39 -0.631495 -1.78513
39.1 -0.475283 -1.83176
39.2 -0.299045 -1.86445
39.3 -0.0995623 -1.88137
39.4 0.125741 -1.88045
39.5 0.377388 -1.85949
39.6 0.651635 -1.81639
39.7 0.938054 -1.74962
39.8 1.2188 -1.65888
39.9 1.47201 -1.54556
40 1.67909 -1.41279
40.1 1.83134 -1.2649
40.2 1.93089 -1.10648
40.3 1.98662 -0.941606
40.4 2.00924 -0.773514
40.5 2.00817 -0.604576
40.6 1.99057 -0.436464
40.7 1.9614 -0.270346
40.8 1.92396 -0.107045
40.9 1.88033 0.0528373
41 1.8318 0.208841
41.1 1.77914 0.360589
41.2 1.72273 0.507752
41.3 1.66271 0.650023
41.4 1.59903 0.787097
41.5 1.5315 0.91866
41.6 1.45978 1.04438
41.7 1.3834 1.16387
41.8 1.30176 1.27673
41.9 1.21407 1.38249
42 1.11935 1.48058
42.1 1.01638 1.57038
42.2 0.903637 1.65113
42.3 0.779244 1.72193
42.4 0.6409 1.7817
42.5 0.485862 1.82917
42.6 0.311006 1.8628
42.7 0.113103 1.8808
42.8 -0.110499 1.88109
42.9 -0.360511 1.86148
43 -0.63354 1.81985
43.1 -0.919642 1.75463
43.2 -1.2014 1.6654
43.3 -1.45701 1.55345
43.4 -1.66743 1.4218
43.5 -1.82323 1.27475
43.6 -1.92593 1.11687
43.7 -1.98415 0.952301
43.8 -2.00859 0.784335
43.9 -2.0088 0.615394
44 -1.99209 0.44719
44.1 -1.96355 0.280917
44.2 -1.92656 0.117416
44.3 -1.88328 -0.0427011
44.4 -1.83505 -0.198965
44.5 -1.78263 -0.350996
44.6 -1.72645 -0.498463
44.7 -1.66666 -0.641056
44.8 -1.60323 -0.778473
44.9 -1.53595 -0.910399
45 -1.46451 -1.0365
45.1 -1.38845 -1.15641
45.2 -1.30716 -1.26971
45.3 -1.21989 -1.37593
45.4 -1.12565 -1.47453
45.5 -1.02325 -1.56489
45.6 -0.911191 -1.64624
45.7 -0.787609 -1.71771
45.8 -0.650237 -1.77823
45.9 -0.496359 -1.82653
46 -0.322872 -1.8611
46.1 -0.126537 -1.88015
46.2 0.0953658 -1.88165
46.3 0.34373 -1.86338
46.4 0.615502 -1.82321
46.5 0.901214 -1.75953
46.6 1.18389 -1.67183
46.7 1.44181 -1.56125
46.8 1.65554 -1.43075
46.9 1.8149 -1.28454
47 1.9208 -1.12723
47.1 1.98155 -0.962981
47.2 2.00784 -0.795152
47.3 2.00936 -0.626216
47.4 1.99356 -0.457924
47.5 1.96566 -0.291499
47.6 1.92914 -0.1278
47.7 1.88622 0.032549
47.8 1.83827 0.189072
47.9 1.78611 0.341385
48 1.73016 0.489153
48.1 1.6706 0.632068
48.2 1.60741 0.769826
48.3 1.54038 0.902114
48.4 1.46922 1.0286
48.5 1.39347 1.14891
48.6 1.31255 1.26265
48.7 1.22568 1.36934
48.8 1.13192 1.46845
48.9 1.03009 1.55936
49 0.918698 1.64131
49.1 0.795918 1.71344
49.2 0.659506 1.7747
49.3 0.506776 1.82383
49.4 0.334644 1.85933
49.5 0.139865 1.87943
49.6 -0.080343 1.88212
49.7 -0.327047 1.86518
49.8 -0.597523 1.82648
49.9 -0.882775 1.76434
50 -1.16627 1.67816
50.1 -1.42644 1.56898
50.2 -1.64342 1.43964
50.3 -1.80635 1.2943
50.4 -1.91547 1.13756
50.5 -1.9788 0.973648
50.6 -2.00699 0.805965
50.7 -2.00985 0.637041
50.8 -1.99498 0.468667
50.9 -1.96774 0.302093
51 -1.93169 0.138198
51.1 -1.88913 -0.0223811
51.2 -1.84147 -0.179162
51.3 -1.78957 -0.331755
51.4 -1.73386 -0.479824
51.5 -1.67453 -0.623059
51.6 -1.61157 -0.761156
51.7 -1.5448 -0.893805
51.8 -1.47392 -1.02067
51.9 -1.39848 -1.14139
52 -1.3179 -1.25557
52.1 -1.23144 -1.36273
52.2 -1.13816 -1.46234
52.3 -1.03689 -1.55379
52.4 -0.926158 -1.63634
52.5 -0.804171 -1.70913
52.6 -0.668709 -1.77112
52.7 -0.517114 -1.82107
52.8 -0.346322 -1.85749
52.9 -0.153089 -1.87864
53 0.0654303 -1.88251
53.1 0.310465 -1.8669
53.2 0.579608 -1.82965
53.3 0.864331 -1.76904
53.4 1.14856 -1.68439
53.5 1.41088 -1.57662
53.6 1.63108 -1.44846
53.7 1.79758 -1.304
53.8 1.90996 -1.14786
53.9 1.97591 -0.984299
54 2.00603 -0.816774
54.1 2.01026 -0.647868
54.2 1.99635 -0.479416
54.3 1.96978 -0.312697
54.4 1.93422 -0.14861
54.5 1.89202 0.0121976
54.6 1.84466 0.169234
54.7 1.79301 0.322106
54.8 1.73754 0.470475
54.9 1.67844 0.614029
55 1.61572 0.752465
55.1 1.5492 0.885472
55.2 1.47859 1.01272
55.3 1.40346 1.13385
55.4 1.32323 1.24845
55.5 1.23718 1.35608
55.6 1.14437 1.45619
55.7 1.04364 1.54819
55.8 0.933572 1.63133
55.9 0.812368 1.70478
56 0.677845 1.76749
56.1 0.527372 1.81825
56.2 0.357909 1.8556
56.3 0.166208 1.87778
56.4 -0.0506277 1.88282
56.5 -0.293983 1.86853
56.6 -0.56176 1.83272
56.7 -0.845887 1.77365
56.8 -1.13076 1.69053
56.9 -1.39514 1.58418
57 -1.61851 1.45721
57.1 -1.78857 1.31366
57.2 -1.90426 1.15814
57.3 -1.97287 0.994934
57.4 -2.00498 0.827576
57.5 -2.01061 0.658697
57.6 -1.99767 0.490173
57.7 -1.97178 0.323313
57.8 -1.93671 0.159035
57.9 -1.89489 -0.00199864
58 -1.84783 -0.15929
58.1 -1.79644 -0.312439
58.2 -1.7412 -0.461106
58.3 -1.68234 -0.604977
58.4 -1.61985 -0.743751
58.5 -1.55358 -0.877115
58.6 -1.48325 -1.00474
58.7 -1.40842 -1.12628
58.8 -1.32854 -1.24131
58.9 -1.24288 -1.3494
59 -1.15054 -1.45001
59.1 -1.05036 -1.54255
59.2 -0.94094 -1.62629
59.3 -0.820511 -1.70038
59.4 -0.686916 -1.76382
59.5 -0.537553 -1.81539
59.6 -0.369404 -1.85364
59.7 -0.179223 -1.87685
59.8 0.0359353 -1.88306
59.9 0.277604 -1.87007
60 0.543982 -1.8357
60.1 0.827448 -1.77815
60.2 1.11288 -1.69657
60.3 1.37924 -1.59165
60.4 1.60572 -1.46589
60.5 1.77935 -1.32327
60.6 1.89836 -1.16838
60.7 1.96968 -1.00555
60.8 2.00381 -0.838373
60.9 2.01087 -0.669528
61 1.99894 -0.500937
61.1 1.97375 -0.333939
61.2 1.93918 -0.169474
61.3 1.89774 -0.00821578
61.4 1.85099 0.149328
61.5 1.79985 0.302753
61.6 1.74485 0.451717
61.7 1.68622 0.595905
61.8 1.62396 0.735014
61.9 1.55795 0.868735
62 1.48789 0.996741
62.1 1.41336 1.11868
62.2 1.33383 1.23414
62.3 1.24857 1.34269
62.4 1.15668 1.4438
62.5 1.05704 1.53687
62.6 0.948263 1.6212
62.7 0.8286 1.69594
62.8 0.695922 1.76009
62.9 0.547656 1.81246
63 0.380808 1.85162
63.1 0.192135 1.87585
63.2 -0.0213529 1.88321
63.3 -0.261329 1.87152
63.4 -0.526277 1.83858
63.5 -0.80902 1.78256
63.6 -1.09492 1.70252
63.7 -1.36317 1.59904
63.8 -1.59271 1.47451
63.9 -1.76989 1.33283
64 -1.89227 1.17859
64.1 -1.96634 1.01615
64.2 -2.00253 0.849163
64.3 -2.01107 0.68036
64.4 -2.00015 0.511707
64.5 -1.97568 0.344576
64.6 -1.94163 0.179926
64.7 -1.90057 0.0184455
64.8 -1.85412 -0.139349
64.9 -1.80325 -0.293049
65 -1.74849 -0.442309
65.1 -1.69008 -0.586812
65.2 -1.62806 -0.726256
65.3 -1.5623 -0.860332
65.4 -1.4925 -0.988715
65.5 -1.41828 -1.11105
65.6 -1.33909 -1.22694
65.7 -1.25422 -1.33595
65.8 -1.16279 -1.43755
65.9 -1.06369 -1.53116
66 -0.955542 -1.61607
66.1 -0.836636 -1.69145
66.2 -0.704864 -1.75632
66.3 -0.557684 -1.80949
66.4 -0.392123 -1.84953
66.5 -0.204945 -1.87478
66.6 0.00688036 -1.88329
66.7 0.245158 -1.87288
66.8 0.508647 -1.84137
66.9 0.790607 -1.78687
67 1.07688 -1.70837
67.1 1.34693 -1.60633
67.2 1.57948 -1.48305
67.3 1.76021 -1.34234
67.4 1.88597 -1.18876
67.5 1.96285 -1.02674
67.6 2.00114 -0.859946
67.7 2.01118 -0.691193
67.8 2.00131 -0.522484
67.9 1.97757 -0.355223
68 1.94404 -0.190391
68.1 1.90338 -0.0286904
68.2 1.85724 0.129354
68.3 1.80663 0.283327
68.4 1.75211 0.432881
68.5 1.69394 0.577698
68.6 1.63215 0.717475
68.7 1.56663 0.851905
68.8 1.49711 0.980663
68.9 1.42318 1.1034
69 1.34433 1.21972
69.1 1.25985 1.32918
69.2 1.16887 1.43127
69.3 1.0703 1.52541
69.4 0.962777 1.6109
69.5 0.844619 1.68693
69.6 0.713744 1.7525
69.7 0.567635 1.80646
69.8 0.403348 1.84739
69.9 0.217654 1.87365
70 0.00748249 1.88329
70.1 -0.229092 1.87416
70.2 -0.491096 1.84406
70.3 -0.772214 1.79108
70.4 -1.05878 1.71412
70.5 -1.33054 1.61355
70.6 -1.56603 1.49152
70.7 -1.7503 1.35179
70.8 -1.87947 1.1989
70.9 -1.95919 1.0373
71 -1.99964 0.870721
71.1 -2.01121 0.702027
71.2 -2.00241 0.533267
71.3 -1.97942 0.36588
71.4 -1.94643 0.200868
71.5 -1.90616 0.0389503
71.6 -1.86034 -0.119341
71.7 -1.81 -0.273587
71.8 -1.75572 -0.423433
71.9 -1.69777 -0.568563
72 -1.63622 -0.708673
72.1 -1.57095 -0.843455
72.2 -1.50169 -0.972586
72.3 -1.42806 -1.09572
72.4 -1.34954 -1.21246
72.5 -1.26544 -1.32238
72.6 -1.17491 -1.42496
72.7 -1.07687 -1.51963
72.8 -0.969968 -1.6057
72.9 -0.85255 -1.68236
73 -0.72256 -1.74863
73.1 -0.577513 -1.80337
73.2 -0.414486 -1.84519
73.3 -0.230261 -1.87244
73.4 -0.0217359 -1.88321
73.5 0.213133 -1.87535
73.6 0.473627 -1.84666
73.7 0.753846 -1.79519
73.8 1.04062 -1.71977
73.9 1.314 -1.62067
74 1.55237 -1.49992
74.1 1.74016 -1.36119
74.2 1.87277 -1.20901
74.3 1.95538 -1.04784
74.4 1.99801 -0.881488
74.5 2.01115 -0.71286
74.6 2.00345 -0.544056
74.7 1.98123 -0.376547
74.8 1.94878 -0.211359
74.9 1.90892 -0.0492252
75 1.86342 0.109312
75.1 1.81335 0.263828
75.2 1.75931 0.413967
75.3 1.7016 0.559408
75.4 1.64028 0.699849
75.5 1.57525 0.834982
75.6 1.50625 0.964485
75.7 1.43292 1.08801
75.8 1.35473 1.20518
75.9 1.27102 1.31554
76 1.18093 1.41862
76.1 1.0834 1.51381
76.2 0.977116 1.60045
76.3 0.860429 1.67774
76.4 0.731315 1.74472
76.5 0.587316 1.80024
76.6 0.425537 1.84293
76.7 0.242768 1.87117
76.8 0.0358802 1.88305
76.9 -0.197281 1.87646
77 -0.456241 1.84917
77.1 -0.735508 1.7992
77.2 -1.0224 1.72533
77.3 -1.29731 1.6277
77.4 -1.53849 1.50824
77.5 -1.72978 1.37054
77.6 -1.86586 1.21908
77.7 -1.9514 1.05836
77.8 -1.99627 0.892246
77.9 -2.01102 0.723693
78 -2.00444 0.55485
78.1 -1.98299 0.387223
78.2 -1.95111 0.221862
78.3 -1.91166 0.0595149
78.4 -1.86648 -0.0992669
78.5 -1.81668 -0.254052
78.6 -1.76288 -0.404481
78.7 -1.7054 -0.550232
78.8 -1.64432 -0.691003
78.9 -1.57953 -0.826485
79 -1.5108 -0.95636
79.1 -1.43776 -1.08028
79.2 -1.3599 -1.19787
79.3 -1.27657 -1.30868
79.4 -1.18691 -1.41224
79.5 -1.0899 -1.50796
79.6 -0.984221 -1.59517
79.7 -0.868258 -1.67309
79.8 -0.740009 -1.74075
79.9 -0.597047 -1.79705
80 -0.436501 -1.84061
80.1 -0.255176 -1.86982
80.2 -0.0499157 -1.88282
80.3 0.181537 -1.87748
80.4 0.43894 -1.85158
80.5 0.717203 -1.80311
80.6 1.00413 -1.73079
80.7 1.28048 -1.63464
80.8 1.52441 -1.51649
80.9 1.71918 -1.37983
81 1.85874 -1.22911
81.1 1.94725 -1.06886
81.2 1.9944 -0.902994
81.3 2.01079 -0.734524
81.4 2.00536 -0.56565
81.5 1.98472 -0.397909
81.6 1.9534 -0.232378
81.7 1.91438 -0.0698193
81.8 1.86953 0.089205
81.9 1.82 0.244257
82 1.76644 0.394975
82.1 1.70919 0.541036
82.2 1.64834 0.682135
82.3 1.5838 0.817965
82.4 1.51533 0.94821
82.5 1.44258 1.07252
82.6 1.36505 1.19053
82.7 1.28209 1.30179
82.8 1.19287 1.40583
82.9 1.09636 1.50207
83 0.991284 1.58985
83.1 0.876036 1.66839
83.2 0.748643 1.73674
83.3 0.606705 1.7938
83.4 0.44738 1.83823
83.5 0.267485 1.86842
83.6 0.0638427 1.88251
83.7 -0.165901 1.87841
83.8 -0.421729 1.8539
83.9 -0.698937 1.80693
84 -0.985828 1.73615
84.1 -1.26352 1.64149
84.2 -1.51012 1.52467
84.3 -1.70835 1.38906
84.4 -1.85141 1.2391
84.5 -1.94293 1.07934
84.6 -1.99241 0.913731
84.7 -2.01048 0.745355
84.8 -2.00623 0.576454
84.9 -1.9864 0.408604
85 -1.95567 0.242906
85.1 -1.91707 0.0801383
85.2 -1.87255 -0.0791267
85.3 -1.8233 -0.234445
85.4 -1.76999 -0.385451
85.5 -1.71297 -0.53182
85.6 -1.65235 -0.673245
85.7 -1.58805 -0.809423
85.8 -1.51984 -0.940035
85.9 -1.44738 -1.06474
86 -1.37018 -1.18316
86.1 -1.28758 -1.29487
86.2 -1.19879 -1.39939
86.3 -1.10279 -1.49615
86.4 -0.998306 -1.58449
86.5 -0.883764 -1.66365
86.6 -0.757217 -1.73269
86.7 -0.616292 -1.79051
86.8 -0.458175 -1.83579
86.9 -0.279696 -1.86694
87 -0.0776618 -1.88213
87.1 0.150373 -1.87926
87.2 0.404607 -1.85612
87.3 0.680713 -1.81064
87.4 0.967484 -1.74141
87.5 1.24642 -1.64825
87.6 1.49562 -1.53276
87.7 1.69728 -1.39823
87.8 1.84387 -1.24906
87.9 1.93844 -1.0898
88 1.99029 -0.924458
88.1 2.01008 -0.756183
88.2 2.00702 -0.587262
88.3 1.98804 -0.419309
88.4 1.9579 -0.253446
88.5 1.91974 -0.0904717
88.6 1.87556 0.0690322
88.7 1.82658 0.224615
88.8 1.77352 0.375907
88.9 1.71674 0.522583
89 1.65634 0.664334
89.1 1.59228 0.800858
89.2 1.52434 0.931837
89.3 1.45217 1.05693
89.4 1.37528 1.17577
89.5 1.29305 1.28792
89.6 1.20469 1.39291
89.7 1.10918 1.49019
89.8 1.00529 1.5791
89.9 0.891443 1.65887
90 0.765732 1.72859
90.1 0.625809 1.78716
90.2 0.468886 1.83329
90.3 0.291811 1.8654
90.4 0.0913733 1.88168
90.5 -0.134955 1.88003
90.6 -0.387578 1.85825
90.7 -0.662535 1.81426
90.8 -0.949109 1.74657
90.9 -1.22921 1.65492
91 -1.48093 1.54078
91.1 -1.68599 1.40734
91.2 -1.83611 1.25897
91.3 -1.93378 1.10022
91.4 -1.98804 0.935173
91.5 -2.00958 0.767009
91.6 -2.00776 0.598075
91.7 -1.98963 0.430021
91.8 -1.9601 0.263998
91.9 -1.92238 0.100819
92 -1.87854 -0.0589216
92.1 -1.82985 -0.214768
92.2 -1.77704 -0.366345
92.3 -1.72048 -0.513325
92.4 -1.66032 -0.655402
92.5 -1.5965 -0.79227
92.6 -1.52882 -0.923614
92.7 -1.45693 -1.0491
92.8 -1.38036 -1.16835
92.9 -1.2985 -1.28094
93 -1.21055 -1.38641
93.1 -1.11554 -1.4842
93.2 -1.01223 -1.57366
93.3 -0.899074 -1.65405
93.4 -0.774189 -1.72444
93.5 -0.635256 -1.78377
93.6 -0.479514 -1.83074
93.7 -0.303829 -1.8638
93.8 -0.104978 -1.88115
93.9 0.119646 -1.88072
94 0.370643 -1.8603
94.1 0.644408 -1.81778
94.2 0.93071 -1.75163
94.3 1.21187 -1.6615
94.4 1.46604 -1.54872
94.5 1.67447 -1.41639
94.6 1.82813 -1.26884
94.7 1.92893 -1.11063
94.8 1.98565 -0.945875
94.9 2.00899 -0.777832
95 2.00843 -0.608892
95.1 1.99118 -0.440743
95.2 1.96226 -0.274562
95.3 1.925 -0.111181
95.4 1.88151 0.0487949
95.5 1.8331 0.204903
95.6 1.78054 0.356764
95.7 1.72422 0.504048
95.8 1.66429 0.646448
95.9 1.60071 0.783659
96 1.53328 0.915367
96.1 1.46167 1.04124
96.2 1.38542 1.1609
96.3 1.30392 1.27393
96.4 1.21639 1.37987
96.5 1.12187 1.47817
96.6 1.01913 1.56819
96.7 0.906657 1.64918
96.8 0.782589 1.72025
96.9 0.644634 1.78032
97 0.49006 1.82812
97.1 0.315752 1.86213
97.2 0.118476 1.88055
97.3 -0.104448 1.88132
97.4 -0.353803 1.86225
97.5 -0.626336 1.8212
97.6 -0.912291 1.7566
97.7 -1.19443 1.66798
97.8 -1.45097 1.55657
97.9 -1.66271 1.42538
98 -1.81994 1.27866
98.1 -1.92391 1.121
98.2 -1.98313 0.956564
98.3 -2.0083 0.788652
98.4 -2.00903 0.619712
98.5 -1.99268 0.451472
98.6 -1.9644 0.285138
98.7 -1.92759 0.121557
98.8 -1.88446 -0.0386523
98.9 -1.83633 -0.19502
99 -1.78402 -0.347164
99.1 -1.72794 -0.494751
99.2 -1.66824 -0.637473
99.3 -1.6049 -0.775025
99.4 -1.53772 -0.907096
99.5 -1.46639 -1.03335
99.6 -1.39046 -1.15342
99.7 -1.30931 -1.26689
99.8 -1.2222 -1.37331
99.9 -1.12816 -1.47211
100 -1.02598 -1.56268
100.1 -0.914192 -1.64428
100.2 -0.790931 -1.71601
100.3 -0.653944 -1.77682
100.4 -0.500525 -1.82546
100.5 -0.32758 -1.8604
100.6 -0.131868 -1.87987
100.7 0.0893586 -1.88184
100.8 0.337062 -1.86411
100.9 0.608321 -1.82453
101 0.893858 -1.76146
101.1 1.17687 -1.67436
101.2 1.4357 -1.56435
101.3 1.65073 -1.43431
101.4 1.81152 -1.28844
101.5 1.9187 -1.13135
101.6 1.98047 -0.967239
101.7 2.00751 -0.799467
101.8 2.00956 -0.630535
101.9 1.99413 -0.46221
102 1.96649 -0.295724
102.1 1.93016 -0.131947
102.2 1.88738 0.0284939
102.3 1.83955 0.18512
102.4 1.78749 0.337545
102.5 1.73164 0.485433
102.6 1.67217 0.628476
102.7 1.60907 0.766369
102.8 1.54215 0.898801
102.9 1.4711 1.02544
103 1.39547 1.14592
103.1 1.31469 1.25983
103.2 1.22798 1.36671
103.3 1.13442 1.46602
103.4 1.03281 1.55714
103.5 0.92168 1.63933
103.6 0.799217 1.71173
103.7 0.663186 1.77328
103.8 0.51091 1.82273
103.9 0.339315 1.8586
104 0.145154 1.87913
104.1 -0.0743797 1.88229
104.2 -0.320419 1.86588
104.3 -0.590367 1.82776
104.4 -0.875416 1.76623
104.5 -1.15922 1.68066
104.6 -1.42025 1.57204
104.7 -1.63853 1.44316
104.8 -1.80288 1.29818
104.9 -1.9133 1.14167
105 -1.97766 0.977899
105.1 -2.00662 0.810279
105.2 -2.01002 0.641361
105.3 -1.99553 0.472955
105.4 -1.96856 0.306322
105.5 -1.9327 0.142351
105.6 -1.89029 -0.0183198
105.7 -1.84275 -0.175203
105.8 -1.79094 -0.327907
105.9 -1.73533 -0.476096
106 -1.67609 -0.619458
106.1 -1.61322 -0.757691
106.2 -1.54656 -0.890483
106.3 -1.47578 -1.0175
106.4 -1.40047 -1.13839
106.5 -1.32003 -1.25273
106.6 -1.23373 -1.36008
106.7 -1.14064 -1.45989
106.8 -1.03959 -1.55156
106.9 -0.929121 -1.63435
107 -0.807448 -1.7074
107.1 -0.672362 -1.76968
107.2 -0.521216 -1.81995
107.3 -0.350956 -1.85674
107.4 -0.158336 -1.87831
107.5 0.0595109 -1.88265
107.6 0.303876 -1.86756
107.7 0.572479 -1.83089
107.8 0.856972 -1.77089
107.9 1.14147 -1.68685
108 1.40462 -1.57965
108.1 1.62609 -1.45196
108.2 1.79401 -1.30786
108.3 1.90771 -1.15197
108.4 1.97471 -0.988544
108.5 2.00562 -0.821085
108.6 2.01041 -0.652189
108.7 1.99688 -0.483707
108.8 1.97058 -0.316931
108.9 1.93522 -0.152768
109 1.89317 0.00813012
109.1 1.84593 0.165268
109.2 1.79438 0.318251
109.3 1.739 0.466739
109.4 1.68 0.61042
109.5 1.61737 0.74899
109.6 1.55095 0.882141
109.7 1.48045 1.00954
109.8 1.40544 1.13083
109.9 1.32536 1.24561
110 1.23946 1.35342
110.1 1.14683 1.45373
110.2 1.04633 1.54594
110.3 0.936517 1.62932
110.4 0.815624 1.70303
110.5 0.681472 1.76603
110.6 0.531444 1.81712
110.7 0.362506 1.85482
110.8 0.171413 1.87742
110.9 -0.0447523 1.88293
111 -0.287436 1.86915
111.1 -0.554658 1.83392
111.2 -0.838529 1.77546
111.3 -1.12364 1.69295
111.4 -1.38882 1.58717
111.5 -1.61344 1.46068
111.6 -1.78492 1.3175
111.7 -1.90193 1.16223
111.8 -1.97162 0.999173
111.9 -2.00452 0.831885
112 -2.01072 0.663019
112.1 -1.99818 0.494467
112.2 -1.97257 0.327551
112.3 -1.9377 0.163198
112.4 -1.89603 0.00207505
112.5 -1.8491 -0.155317
112.6 -1.7978 -0.308577
112.7 -1.74266 -0.457362
112.8 -1.68389 -0.60136
112.9 -1.62149 -0.740268
113 -1.55532 -0.873775
113.1 -1.4851 -1.00155
113.2 -1.4104 -1.12325
113.3 -1.33065 -1.23845
113.4 -1.24515 -1.34672
113.5 -1.15299 -1.44754
113.6 -1.05303 -1.54029
113.7 -0.943867 -1.62426
113.8 -0.823745 -1.69861
113.9 -0.690517 -1.76234
114 -0.541593 -1.81423
114.1 -0.373965 -1.85284
114.2 -0.184388 -1.87646
114.3 0.0301038 -1.88313
114.4 0.271098 -1.87066
114.5 0.536909 -1.83686
114.6 0.820094 -1.77992
114.7 1.10572 -1.69896
114.8 1.37285 -1.59461
114.9 1.60056 -1.46934
115 1.7756 -1.32709
115.1 1.89595 -1.17245
115.2 1.96837 -1.00978
115.3 2.00331 -0.842679
115.4 2.01096 -0.67385
115.5 1.99943 -0.505233
115.6 1.97452 -0.338182
115.7 1.94016 -0.173642
115.8 1.89887 -0.0122956
115.9 1.85224 0.145348
116 1.80121 0.298884
116.1 1.74631 0.447965
116.2 1.68776 0.592279
116.3 1.6256 0.731522
116.4 1.55968 0.865385
116.5 1.48973 0.993542
116.6 1.41533 1.11564
116.7 1.33593 1.23127
116.8 1.25082 1.34
116.9 1.15912 1.44131
117 1.0597 1.5346
117.1 0.951173 1.61916
117.2 0.831813 1.69415
117.3 0.699498 1.75859
117.4 0.551666 1.81128
117.5 0.385333 1.85079
117.6 0.197259 1.87544
117.7 -0.0155652 1.88325
117.8 -0.254864 1.87207
117.9 -0.519233 1.83971
118 -0.801671 1.78429
118.1 -1.08773 1.70486
118.2 -1.35671 1.60196
118.3 -1.58746 1.47792
118.4 -1.76606 1.33663
118.5 -1.88978 1.18265
118.6 -1.96497 1.02038
118.7 -2.00199 0.853467
118.8 -2.01112 0.684683
118.9 -2.00062 0.516006
119 -1.97644 0.348823
119.1 -1.94259 0.184099
119.2 -1.90169 0.0225314
119.3 -1.85537 -0.135363
119.4 -1.8046 -0.289172
119.5 -1.74994 -0.438549
119.6 -1.69162 -0.583178
119.7 -1.6297 -0.722755
119.8 -1.56403 -0.856972
119.9 -1.49434 -0.985505
120 -1.42024 -1.108
120.1 -1.34118 -1.22406
120.2 -1.25647 -1.33325
120.3 -1.16522 -1.43505
120.4 -1.06633 -1.52887
120.5 -0.958434 -1.61401
120.6 -0.839827 -1.68965
120.7 -0.708415 -1.7548
120.8 -0.561663 -1.80828
120.9 -0.396612 -1.84869
121 -0.210028 -1.87434
121.1 0.00113647 -1.8833
121.2 0.238735 -1.8734
121.3 0.501635 -1.84246
121.4 0.783266 -1.78856
121.5 1.06966 -1.71067
121.6 1.34041 -1.60922
121.7 1.57414 -1.48644
121.8 1.75628 -1.34612
121.9 1.8834 -1.19281
122 1.96141 -1.03095
122.1 2.00056 -0.864246
122.2 2.0112 -0.695516
122.3 2.00175 -0.526786
122.4 1.97831 -0.359474
122.5 1.945 -0.19457
122.6 1.90449 -0.0327823
122.7 1.85848 0.125361
122.8 1.80798 0.279443
122.9 1.75355 0.429114
123 1.69547 0.574056
123.1 1.63378 0.713966
123.2 1.56835 0.848536
123.3 1.49894 0.977443
123.4 1.42513 1.10034
123.5 1.34641 1.21682
123.6 1.26208 1.32647
123.7 1.17128 1.42876
123.8 1.07292 1.52311
123.9 0.965651 1.60883
124 0.847789 1.68511
124.1 0.717269 1.75096
124.2 0.571585 1.80523
124.3 0.407803 1.84652
124.4 0.222696 1.87317
124.5 0.0131827 1.88326
124.6 -0.222712 1.87465
124.7 -0.484116 1.84511
124.8 -0.764882 1.79273
124.9 -1.05154 1.71639
125 -1.32396 1.6164
125.1 -1.5606 1.49488
125.2 -1.74628 1.35555
125.3 -1.87682 1.20294
125.4 -1.95769 1.04151
125.5 -1.999 0.875018
125.6 -2.0112 0.706349
125.7 -2.00283 0.537571
125.8 -1.98014 0.370135
125.9 -1.94737 0.205053
126 -1.90727 0.0430482
126.1 -1.86157 -0.115342
126.2 -1.81134 -0.269695
126.3 -1.75715 -0.419658
126.4 -1.6993 -0.564913
126.5 -1.63784 -0.705155
126.6 -1.57266 -0.840077
126.7 -1.50351 -0.969357
126.8 -1.43001 -1.09265
126.9 -1.35162 -1.20956
127 -1.26767 -1.31965
127.1 -1.17732 -1.42243
127.2 -1.07948 -1.51731
127.3 -0.972825 -1.60361
127.4 -0.8557 -1.68052
127.5 -0.726061 -1.74708
127.6 -0.581433 -1.80213
127.7 -0.418906 -1.84429
127.8 -0.235263 -1.87194
127.9 -0.0273925 -1.88315
128 0.206795 -1.8758
128.1 0.46668 -1.84767
128.2 0.746525 -1.7968
128.3 1.03335 -1.722
128.4 1.30736 -1.62348
128.5 1.54685 -1.50325
128.6 1.73604 -1.36493
128.7 1.87004 -1.21303
128.8 1.95381 -1.05204
128.9 1.99733 -0.885782
129 2.01111 -0.717182
129.1 2.00385 -0.548362
129.2 1.98194 -0.380805
129.3 1.94971 -0.215548
129.4 1.91002 -0.053329
129.5 1.86465 0.105306
129.6 1.81468 0.25993
129.7 1.76074 0.410184
129.8 1.70312 0.55575
129.9 1.64189 0.696322
130 1.57696 0.831594
130.1 1.50807 0.961246
130.2 1.43486 1.08493
130.3 1.3568 1.20226
130.4 1.27323 1.31281
130.5 1.18332 1.41608
130.6 1.086 1.51148
130.7 0.979956 1.59835
130.8 0.863559 1.67589
130.9 0.734791 1.74314
131 0.591207 1.79897
131.1 0.429922 1.84201
131.2 0.247731 1.87064
131.3 0.0414933 1.88297
131.4 -0.190986 1.87687
131.5 -0.449327 1.85014
131.6 -0.7282 1.80077
131.7 -1.01512 1.72752
131.8 -1.29061 1.63048
131.9 -1.5329 1.51155
132 -1.72558 1.37425
132.1 -1.86305 1.22309
132.2 -1.94976 1.06256
132.3 -1.99554 0.896535
132.4 -2.01094 0.728015
132.5 -2.00481 0.559158
132.6 -1.98369 0.391486
132.7 -1.95203 0.226057
132.8 -1.91275 0.0636246
132.9 -1.8677 -0.0952542
133 -1.81801 -0.250146
133.1 -1.76431 -0.40069
133.2 -1.70692 -0.546566
133.3 -1.64592 -0.687467
133.4 -1.58123 -0.823088
133.5 -1.51261 -0.953111
133.6 -1.43969 -1.07719
133.7 -1.36196 -1.19494
133.8 -1.27877 -1.30594
133.9 -1.18929 -1.40969
134 -1.09248 -1.50561
134.1 -0.987044 -1.59305
134.2 -0.871367 -1.67122
134.3 -0.743461 -1.73916
134.4 -0.600909 -1.79576
134.5 -0.440852 -1.83966
134.6 -0.260099 -1.86927
134.7 -0.0554855 -1.88271
134.8 0.175285 -1.87786
134.9 0.432062 -1.85251
135 0.70991 -1.80465
135.1 0.996835 -1.73294
135.2 1.27373 -1.63739
135.3 1.51873 -1.51976
135.4 1.71489 -1.38352
135.5 1.85584 -1.2331
135.6 1.94555 -1.07305
135.7 1.99362 -0.907279
135.8 2.01068 -0.738846
135.9 2.00571 -0.56996
136 1.9854 -0.402176
136.1 1.95431 -0.236577
136.2 1.91546 -0.0739348
136.3 1.87074 0.0851857
136.4 1.82132 0.240345
136.5 1.76786 0.391177
136.6 1.7107 0.537361
136.7 1.64994 0.67859
136.8 1.58549 0.81456
136.9 1.51714 0.944951
137 1.4445 1.06942
137.1 1.3671 1.18759
137.2 1.28428 1.29903
137.3 1.19524 1.40326
137.4 1.09893 1.49971
137.5 0.994091 1.58772
137.6 0.879125 1.6665
137.7 0.752071 1.73513
137.8 0.610539 1.7925
137.9 0.451697 1.83726
138 0.272369 1.86784
138.1 0.0693694 1.88237
138.2 -0.159692 1.87876
138.3 -0.414886 1.85479
138.4 -0.69166 1.80842
138.5 -0.978513 1.73826
138.6 -1.25671 1.6442
138.7 -1.50436 1.52791
138.8 -1.70396 1.39273
138.9 -1.84843 1.24308
139 -1.94116 1.08352
139.1 -1.99158 0.918013
139.2 -2.01033 0.749675
139.3 -2.00655 0.580766
139.4 -1.98706 0.412874
139.5 -1.95656 0.24711
139.6 -1.91814 0.0842596
139.7 -1.87375 -0.075101
139.8 -1.82461 -0.230525
139.9 -1.7714 -0.381645
140 -1.71448 -0.528136
140.1 -1.65395 -0.669692
140.2 -1.58974 -0.806008
140.3 -1.52164 -0.936767
140.4 -1.44929 -1.06163
140.5 -1.37222 -1.18021
140.6 -1.28977 -1.2921
140.7 -1.20115 -1.39681
140.8 -1.10534 -1.49377
140.9 -1.0011 -1.58234
141 -0.886834 -1.66175
141.1 -0.760622 -1.73106
141.2 -0.620098 -1.78918
141.3 -0.462458 -1.8348
141.4 -0.284542 -1.86634
141.5 -0.0831455 -1.88196
141.6 0.144208 -1.87958
141.7 0.397801 -1.85698
141.8 0.673454 -1.8121
141.9 0.960156 -1.74348
142 1.23957 -1.65093
142.1 1.48979 -1.53597
142.2 1.6928 -1.40187
142.3 1.8408 -1.25301
142.4 1.9366 -1.09396
142.5 1.98941 -0.928735
142.6 2.00989 -0.760503
142.7 2.00733 -0.591576
142.8 1.98868 -0.423582
142.9 1.95878 -0.257655
143 1.9208 -0.0945987
143.1 1.87675 0.065
143.2 1.82789 0.220688
143.3 1.77492 0.372094
143.4 1.71823 0.518891
143.5 1.65793 0.660773
143.6 1.59397 0.797434
143.7 1.52613 0.928559
143.8 1.45407 1.05381
143.9 1.37731 1.17281
144 1.29523 1.28514
144.1 1.20703 1.39032
144.2 1.11172 1.4878
144.3 1.00806 1.57693
144.4 0.894494 1.65695
144.5 0.769114 1.72694
144.6 0.629587 1.78582
144.7 0.473136 1.83228
144.8 0.296617 1.86477
144.9 0.0968142 1.88148
145 -0.128834 1.88032
145.1 -0.380809 1.85908
145.2 -0.655296 1.81568
145.3 -0.941771 1.7486
145.4 -1.2223 1.65756
145.5 -1.47502 1.54395
145.6 -1.68142 1.41096
145.7 -1.83295 1.26291
145.8 -1.93187 1.10438
145.9 -1.9871 0.939444
146 -2.00936 0.771328
146.1 -2.00803 0.602391
146.2 -1.99026 0.434298
146.3 -1.96097 0.268212
146.4 -1.92343 0.104952
146.5 -1.87973 -0.054883
146.6 -1.83115 -0.210834
146.7 -1.77843 -0.362524
146.8 -1.72198 -0.509626
146.9 -1.66191 -0.651832
147 -1.59818 -0.788837
147.1 -1.5306 -0.920326
147.2 -1.45882 -1.04596
147.3 -1.38238 -1.16538
147.4 -1.30066 -1.27815
147.5 -1.21289 -1.38381
147.6 -1.11807 -1.4818
147.7 -1.01498 -1.57149
147.8 -0.902105 -1.65211
147.9 -0.777547 -1.72277
148 -0.639006 -1.7824
148.1 -0.483732 -1.8297
148.2 -0.308597 -1.86314
148.3 -0.110376 -1.88092
148.4 0.113569 -1.88097
148.5 0.363912 -1.86109
148.6 0.637191 -1.81916
148.7 0.923363 -1.75362
148.8 1.20492 -1.66409
148.9 1.46005 -1.55186
149 1.6698 -1.41999
149.1 1.82489 -1.27276
149.2 1.92695 -1.11477
149.3 1.98466 -0.950141
149.4 2.00872 -0.78215
149.5 2.00868 -0.613209
149.6 1.99178 -0.445023
149.7 1.96312 -0.27878
149.8 1.92604 -0.11532
149.9 1.88269 0.0447499
150 1.83439 0.200962
150.1 1.78193 0.352936
150.2 1.7257 0.500341
150.3 1.66587 0.642869
150.4 1.60238 0.780217
150.5 1.53505 0.91207
150.6 1.46356 1.03809
150.7 1.38743 1.15792
150.8 1.30607 1.27113
150.9 1.21871 1.37726
151 1.12438 1.47576
151.1 1.02187 1.566
151.2 0.909669 1.64723
151.3 0.785924 1.71856
151.4 0.648357 1.77893
151.5 0.494245 1.82707
151.6 0.320482 1.86145
151.7 0.123832 1.88029
151.8 -0.0984139 1.88154
151.9 -0.347112 1.863
152 -0.619141 1.82254
152.1 -0.904937 1.75855
152.2 -1.18743 1.67054
152.3 -1.4449 1.55968
152.4 -1.65796 1.42895
152.5 -1.8166 1.28257
152.6 -1.92185 1.12514
152.7 -1.98208 0.960825
152.8 -2.008 0.792968
152.9 -2.00925 0.62403
153 -1.99326 0.455755
153.1 -1.96524 0.28936
153.2 -1.92862 0.125701
153.3 -1.88563 -0.034601
153.4 -1.83762 -0.191072
153.5 -1.78541 -0.343328
153.6 -1.72942 -0.491035
153.7 -1.66981 -0.633885
153.8 -1.60656 -0.771574
153.9 -1.53949 -0.903789
154 -1.46827 -1.0302
154.1 -1.39246 -1.15043
154.2 -1.31146 -1.26408
154.3 -1.22451 -1.37068
154.4 -1.13066 -1.46969
154.5 -1.02871 -1.56048
154.6 -0.917185 -1.64231
154.7 -0.794244 -1.71431
154.8 -0.657639 -1.77541
154.9 -0.504679 -1.82438
155 -0.332273 -1.85969
155.1 -0.137181 -1.87958
155.2 0.0833688 -1.88203
155.3 0.330409 -1.86483
155.4 0.60115 -1.82583
155.5 0.8865 -1.76337
155.6 1.16984 -1.67689
155.7 1.42956 -1.56742
155.8 1.64589 -1.43785
155.9 1.8081 -1.29233
156 1.91656 -1.13548
156.1 1.97937 -0.971494
156.2 2.00717 -0.803782
156.3 2.00975 -0.634854
156.4 1.99469 -0.466496
156.5 1.96732 -0.299952
156.6 1.93118 -0.136096
156.7 1.88854 0.0244363
156.8 1.84083 0.181165
156.9 1.78887 0.333702
157 1.73311 0.48171
157.1 1.67374 0.624881
157.2 1.61073 0.76291
157.3 1.54391 0.895485
157.4 1.47297 1.02228
157.5 1.39747 1.14292
157.6 1.31682 1.257
157.7 1.23028 1.36407
157.8 1.1369 1.46358
157.9 1.03552 1.55492
158 0.924654 1.63735
158.1 0.802508 1.71001
158.2 0.666855 1.77185
158.3 0.515032 1.82163
158.4 0.343971 1.85787
158.5 0.150426 1.87881
158.6 -0.0684338 1.88244
158.7 -0.313806 1.86656
158.8 -0.583222 1.82902
158.9 -0.868057 1.7681
159 -1.15215 1.68314
159.1 -1.41404 1.57508
159.2 -1.63359 1.44668
159.3 -1.79937 1.30205
159.4 -1.91109 1.14578
159.5 -1.9765 0.982149
159.6 -2.00624 0.814591
159.7 -2.01019 0.645681
159.8 -1.99608 0.477244
159.9 -1.96937 0.310554
160 -1.93371 0.146505
160.1 -1.89144 -0.014256
160.2 -1.84402 -0.171241
160.3 -1.79232 -0.324057
160.4 -1.7368 -0.472365
160.5 -1.67765 -0.615855
160.6 -1.61488 -0.754222
160.7 -1.54831 -0.887157
160.8 -1.47765 -1.01433
160.9 -1.40246 -1.13537
161 -1.32216 -1.24989
161.1 -1.23602 -1.35742
161.2 -1.14311 -1.45744
161.3 -1.04228 -1.54932
161.4 -0.932078 -1.63235
161.5 -0.810717 -1.70566
161.6 -0.676005 -1.76823
161.7 -0.525306 -1.81883
161.8 -0.355576 -1.85598
161.9 -0.163566 -1.87796
162 0.053609 -1.88277
162.1 0.297304 -1.86821
162.2 0.56536 -1.83211
162.3 0.849613 -1.77273
162.4 1.13437 -1.6893
162.5 1.39834 -1.58266
162.6 1.62107 -1.45545
162.7 1.79041 -1.31171
162.8 1.90543 -1.15606
162.9 1.9735 -0.992787
163 2.0052 -0.825395
163.1 2.01054 -0.65651
163.2 1.99741 -0.487999
163.3 1.97138 -0.321167
163.4 1.93621 -0.156928
163.5 1.89432 0.00406013
163.6 1.8472 0.1613
163.7 1.79575 0.314393
163.8 1.74046 0.463
163.9 1.68155 0.606807
164 1.61901 0.745513
164.1 1.5527 0.878805
164.2 1.48231 1.00636
164.3 1.40742 1.12781
164.4 1.32747 1.24276
164.5 1.24173 1.35075
164.6 1.14929 1.45126
164.7 1.04901 1.54369
164.8 0.939455 1.62731
164.9 0.818871 1.70127
165 0.685089 1.76456
165.1 0.535503 1.81597
165.2 0.367089 1.85404
165.3 0.176602 1.87705
165.4 -0.0388944 1.88302
165.5 -0.280905 1.86976
165.6 -0.547568 1.83511
165.7 -0.831172 1.77725
165.8 -1.1165 1.69536
165.9 -1.38246 1.59015
166 -1.60832 1.46414
166.1 -1.78123 1.32133
166.2 -1.89957 1.16631
166.3 -1.97034 1.00341
166.4 -2.00405 0.836193
166.5 -2.01083 0.66734
166.6 -1.99868 0.498762
166.7 -1.97335 0.331792
166.8 -1.93869 0.167364
166.9 -1.89717 0.00615119
167 -1.85035 -0.151341
167.1 -1.79917 -0.304711
167.2 -1.74412 -0.453615
167.3 -1.68544 -0.597739
167.4 -1.62313 -0.736781
167.5 -1.55707 -0.87043
167.6 -1.48695 -0.99836
167.7 -1.41237 -1.12021
167.8 -1.33276 -1.23559
167.9 -1.24742 -1.34405
168 -1.15544 -1.44506
168.1 -1.0557 -1.53802
168.2 -0.946788 -1.62223
168.3 -0.82697 -1.69684
168.4 -0.694108 -1.76085
168.5 -0.545622 -1.81306
168.6 -0.378512 -1.85203
168.7 -0.189535 -1.87606
168.8 0.0242897 -1.88319
168.9 0.264608 -1.87123
169 0.529847 -1.83801
169.1 0.812742 -1.78168
169.2 1.09855 -1.70133
169.3 1.36643 -1.59755
169.4 1.59536 -1.47277
169.5 1.77182 -1.3309
169.6 1.89351 -1.17653
169.7 1.96703 -1.01401
169.8 2.0028 -0.846984
169.9 2.01103 -0.678172
170 1.99991 -0.509531
170.1 1.97529 -0.342426
170.2 1.94114 -0.177813
170.3 1.9 -0.0163778
170.4 1.85349 0.141366
170.5 1.80257 0.295011
170.6 1.74776 0.444211
170.7 1.68931 0.588651
170.8 1.62724 0.728027
170.9 1.56142 0.862031
171 1.49157 0.990338
171.1 1.41729 1.11259
171.2 1.33803 1.2284
171.3 1.25308 1.33731
171.4 1.16156 1.43882
171.5 1.06235 1.53232
171.6 0.954075 1.61711
171.7 0.835017 1.69236
171.8 0.703063 1.75709
171.9 0.555664 1.81009
172 0.389844 1.84996
172.1 0.202366 1.87501
172.2 -0.00979503 1.88328
172.3 -0.248416 1.87261
172.4 -0.512202 1.84082
172.5 -0.794325 1.78601
172.6 -1.08053 1.70719
172.7 -1.35022 1.60487
172.8 -1.58217 1.48133
172.9 -1.76218 1.34042
173 -1.88726 1.18671
173.1 -1.96357 1.0246
173.2 -2.00143 0.857769
173.3 -2.01116 0.689005
173.4 -2.00108 0.520307
173.5 -1.97719 0.353071
173.6 -1.94356 0.188276
173.7 -1.90281 0.0266197
173.8 -1.85661 -0.131374
173.9 -1.80595 -0.285293
174 -1.75138 -0.434787
174.1 -1.69316 -0.579541
174.2 -1.63133 -0.719251
174.3 -1.56575 -0.853609
174.4 -1.49618 -0.982291
174.5 -1.4222 -1.10494
174.6 -1.34327 -1.22118
174.7 -1.25871 -1.33055
174.8 -1.16764 -1.43254
174.9 -1.06896 -1.52658
175 -0.961319 -1.61195
175.1 -0.84301 -1.68784
175.2 -0.711955 -1.75328
175.3 -0.565631 -1.80707
175.4 -0.401088 -1.84783
175.5 -0.215095 -1.87388
175.6 -0.00458997 -1.88329
175.7 0.232329 -1.87391
175.8 0.494635 -1.84353
175.9 0.775928 -1.79024
176 1.06244 -1.71297
176.1 1.33386 -1.6121
176.2 1.56876 -1.48982
176.3 1.75232 -1.34989
176.4 1.8808 -1.19686
176.5 1.95994 -1.03517
176.6 1.99995 -0.868545
176.7 2.01121 -0.699838
176.8 2.00219 -0.531088
176.9 1.97905 -0.363726
177 1.94595 -0.198751
177.1 1.9056 -0.0368766
177.2 1.85972 0.121365
177.3 1.80932 0.275556
177.4 1.75499 0.425343
177.5 1.697 0.57041
177.6 1.6354 0.710453
177.7 1.57007 0.845164
177.8 1.50077 0.97422
177.9 1.42708 1.09727
178 1.34849 1.21393
178.1 1.26432 1.32375
178.2 1.17369 1.42624
178.3 1.07554 1.5208
178.4 0.968519 1.60675
178.5 0.850952 1.68328
178.6 0.720784 1.74942
178.7 0.575523 1.804
178.8 0.412243 1.84564
178.9 0.227722 1.87269
179 0.0188655 1.88323
179.1 -0.216349 1.87512
179.2 -0.477149 1.84615
179.3 -0.757554 1.79437
179.4 -1.04429 1.71864
179.5 -1.31735 1.61924
179.6 -1.55514 1.49823
179.7 -1.74222 1.3593
179.8 -1.87414 1.20697
179.9 -1.95616 1.04571
180 -1.99835 0.879314
180.1 -2.01117 0.710671
180.2 -2.00325 0.541876
180.3 -1.98086 0.374391
180.4 -1.94831 0.209239
180.5 -1.90837 0.0471485
180.6 -1.8628 -0.11134
180.7 -1.81267 -0.265801
180.8 -1.75858 -0.41588
180.9 -1.70082 -0.561259
181 -1.63946 -0.701633
181.1 -1.57438 -0.836695
181.2 -1.50533 -0.966124
181.3 -1.43194 -1.08957
181.4 -1.35369 -1.20665
181.5 -1.26989 -1.31693
181.6 -1.17971 -1.4199
181.7 -1.08208 -1.51499
181.8 -0.975675 -1.60152
181.9 -0.858842 -1.67868
182 -0.729552 -1.74551
182.1 -0.585342 -1.80087
182.2 -0.423311 -1.84339
182.3 -0.24025 -1.87143
182.4 -0.0330318 -1.88309
182.5 0.200475 -1.87624
182.6 0.459746 -1.84867
182.7 0.73921 -1.7984
182.8 1.02608 -1.72422
182.9 1.30069 -1.62629
183 1.54131 -1.50657
183.1 1.7319 -1.36866
183.2 1.86727 -1.21705
183.3 1.95221 -1.05624
183.4 1.99663 -0.890074
183.5 2.01105 -0.721504
183.6 2.00424 -0.552669
183.7 1.98264 -0.385066
183.8 1.95064 -0.21974
183.9 1.91111 -0.0574352
184 1.86587 0.101297
184.1 1.81601 0.256028
184.2 1.76216 0.406398
184.3 1.70463 0.552088
184.4 1.6435 0.692791
184.5 1.57866 0.828203
184.6 1.50989 0.958003
184.7 1.43679 1.08184
184.8 1.35886 1.19935
184.9 1.27545 1.31007
185 1.18571 1.41353
185.1 1.08859 1.50914
185.2 0.982789 1.59624
185.3 0.86668 1.67403
185.4 0.738258 1.74156
185.5 0.595087 1.79769
185.6 0.434293 1.84108
185.7 0.252677 1.8701
185.8 0.0470892 1.88287
185.9 -0.184709 1.87728
186 -0.442428 1.8511
186.1 -0.720898 1.80233
186.2 -1.00783 1.72969
186.3 -1.28389 1.63325
186.4 -1.52727 1.51483
186.5 -1.72134 1.37796
186.6 -1.8602 1.22709
186.7 -1.9481 1.06674
186.8 -1.99479 0.900824
186.9 -2.01085 0.732336
187 -2.00518 0.563468
187.1 -1.98438 0.39575
187.2 -1.95294 0.230253
187.3 -1.91383 0.0677366
187.4 -1.86891 -0.0912388
187.5 -1.81933 -0.246237
187.6 -1.76573 -0.396897
187.7 -1.70843 -0.542896
187.8 -1.64753 -0.683928
187.9 -1.58294 -0.819688
188 -1.51442 -0.949858
188.1 -1.44161 -1.07409
188.2 -1.36401 -1.19201
188.3 -1.28097 -1.30319
188.4 -1.19167 -1.40713
188.5 -1.09506 -1.50326
188.6 -0.989861 -1.59093
188.7 -0.874469 -1.66934
188.8 -0.746904 -1.73756
188.9 -0.60476 -1.79446
189 -0.445189 -1.83871
189.1 -0.265006 -1.86871
189.2 -0.0610381 -1.88258
189.3 0.169051 -1.87823
189.4 0.425198 -1.85343
189.5 0.702623 -1.80616
189.6 0.989529 -1.73507
189.7 1.26696 -1.64012
189.8 1.51302 -1.52302
189.9 1.71055 -1.3872
190 1.85291 -1.23709
190.1 1.94382 -1.07723
190.2 1.99282 -0.911563
190.3 2.01055 -0.743167
190.4 2.00606 -0.574271
190.5 1.98607 -0.406443
190.6 1.95521 -0.240779
190.7 1.91653 -0.0780527
190.8 1.87194 0.0811639
190.9 1.82263 0.236429
191 1.76927 0.387376
191.1 1.71221 0.533683
191.2 1.65154 0.675043
191.3 1.58719 0.81115
191.4 1.51893 0.941689
191.5 1.44642 1.06631
191.6 1.36914 1.18465
191.7 1.28647 1.29627
191.8 1.1976 1.40069
191.9 1.10149 1.49735
192 0.996891 1.58558
192.1 0.882207 1.66461
192.2 0.75549 1.73351
192.3 0.614361 1.79118
192.4 0.456001 1.83628
192.5 0.277238 1.86725
192.6 0.0748789 1.88222
192.7 -0.153501 1.8791
192.8 -0.408058 1.85568
192.9 -0.68439 1.8099
193 -0.971192 1.74035
193.1 -1.24989 1.6469
193.2 -1.49857 1.53113
193.3 -1.69954 1.39638
193.4 -1.84541 1.24705
193.5 -1.93936 1.08769
193.6 -1.99073 0.922292
193.7 -2.01017 0.753996
193.8 -2.00687 0.585079
193.9 -1.98771 0.417146
194 -1.95745 0.251316
194.1 -1.9192 0.0883831
194.2 -1.87495 -0.0710726
194.3 -1.82592 -0.226602
194.4 -1.77281 -0.377837
194.5 -1.71598 -0.52445
194.6 -1.65554 -0.666136
194.7 -1.59143 -0.80259
194.8 -1.52343 -0.933495
194.9 -1.4512 -1.05851
195 -1.37425 -1.17726
195.1 -1.29195 -1.28933
195.2 -1.2035 -1.39422
195.3 -1.10789 -1.4914
195.4 -1.00388 -1.58019
195.5 -0.889896 -1.65984
195.6 -0.764017 -1.72942
195.7 -0.623892 -1.78784
195.8 -0.466729 -1.8338
195.9 -0.289371 -1.86572
196 -0.0886121 -1.88178
196.1 0.138061 -1.87988
196.2 0.39101 -1.85783
196.3 0.666203 -1.81354
196.4 0.952823 -1.74553
196.5 1.23269 -1.65358
196.6 1.48392 -1.53917
196.7 1.68829 -1.40551
196.8 1.8377 -1.25697
196.9 1.93473 -1.09812
197 1.9885 -0.933009
197.1 2.00969 -0.764822
197.2 2.00762 -0.595891
197.3 1.98932 -0.427857
197.4 1.95966 -0.261866
197.5 1.92185 -0.098728
197.6 1.87794 0.0609652
197.7 1.82919 0.216758
197.8 1.77633 0.368278
197.9 1.71973 0.515197
198 1.65952 0.657208
198.1 1.59565 0.794006
198.2 1.52791 0.925277
198.3 1.45597 1.05068
198.4 1.37934 1.16985
198.5 1.2974 1.28235
198.6 1.20937 1.38773
198.7 1.11426 1.48541
198.8 1.01083 1.57476
198.9 0.897537 1.65502
199 0.772486 1.72528
199.1 0.633353 1.78446
199.2 0.477374 1.83126
199.3 0.301409 1.86413
199.4 0.102238 1.88126
199.5 -0.12273 1.88059
199.6 -0.374056 1.85989
199.7 -0.648066 1.81708
199.8 -0.934428 1.75062
199.9 -1.21538 1.66018
200 -1.46907 1.54712
