0 2 0
0.1 1.92222 0.159388
0.2 1.85002 0.312704
0.3 1.78041 0.460273
0.4 1.71146 0.60222
0.5 1.64183 0.738541
0.6 1.57045 0.869136
0.7 1.49646 0.993829
0.8 1.41903 1.11237
0.9 1.3373 1.22445
1 1.25035 1.32968
1.1 1.15711 1.42759
1.2 1.05631 1.51762
1.3 0.946419 1.5991
1.4 0.82555 1.67121
1.5 0.691407 1.73298
1.6 0.541214 1.7832
1.7 0.37173 1.82046
1.8 0.179432 1.84303
1.9 -0.0389344 1.84892
2 -0.285137 1.83594
2.1 -0.557318 1.80185
2.2 -0.847195 1.74483
2.3 -1.13821 1.66405
2.4 -1.40758 1.56034
2.5 -1.63344 1.43637
2.6 -1.80327 1.29627
2.7 -1.9168 1.14468
2.8 -1.98252 0.985885
2.9 -2.01186 0.8233
3 -2.01531 0.659446
3.1 -2.00089 0.496085
3.2 -1.97418 0.334427
3.3 -1.93884 0.175311
3.4 -1.89721 0.0193357
3.5 -1.85071 -0.133049
3.6 -1.80017 -0.281484
3.7 -1.74604 -0.425663
3.8 -1.68851 -0.565302
3.9 -1.62757 -0.700126
4 -1.56305 -0.829851
4.1 -1.49468 -0.954177
4.2 -1.42204 -1.07277
4.3 -1.34459 -1.18527
4.4 -1.26164 -1.29126
4.5 -1.17231 -1.39025
4.6 -1.07551 -1.48168
4.7 -0.969876 -1.56489
4.8 -0.853699 -1.63909
4.9 -0.724873 -1.70336
5 -0.580819 -1.75655
5.1 -0.418483 -1.7973
5.2 -0.234449 -1.824
5.3 -0.025358 -1.83475
5.4 0.211115 -1.82738
5.5 0.474439 -1.79968
5.6 0.758575 -1.74966
5.7 1.04963 -1.67614
5.8 1.3264 -1.57938
5.9 1.56609 -1.46148
6 1.75279 -1.32618
6.1 1.8826 -1.17802
6.2 1.96177 -1.02143
6.3 2.00119 -0.860104
6.4 2.01178 -0.696809
6.5 2.00231 -0.533521
6.6 1.97901 -0.3716
6.7 1.94609 -0.211988
6.8 1.90622 -0.0553486
6.9 1.86108 0.0978259
7 1.81165 0.247151
7.1 1.7585 0.392303
7.2 1.70188 0.532993
7.3 1.64183 0.668939
7.4 1.57824 0.799861
7.5 1.51085 0.925461
7.6 1.4393 1.04542
7.7 1.36306 1.15937
7.8 1.2815 1.26691
7.9 1.19377 1.36757
8 1.09886 1.46082
8.1 0.995449 1.54602
8.2 0.881933 1.62241
8.3 0.756301 1.6891
8.4 0.616091 1.74499
8.5 0.458355 1.7888
8.6 0.279741 1.81895
8.7 0.0768148 1.83362
8.8 -0.153119 1.83071
8.9 -0.410414 1.80798
9 -0.69058 1.76335
9.1 -0.981677 1.69538
9.2 -1.26391 1.60396
9.3 -1.51411 1.49074
9.4 -1.71406 1.35914
9.5 -1.85696 1.21359
9.6 -1.94712 1.05862
9.7 -1.99485 0.898127
9.8 -2.01133 0.735094
9.9 -2.00592 0.571667
10 -1.98543 0.409331
10.1 -1.95448 0.249112
10.2 -1.91607 0.0917284
10.3 -1.87205 -0.062294
10.4 -1.82357 -0.21255
10.5 -1.77126 -0.358706
10.6 -1.71544 -0.500465
10.7 -1.6562 -0.637547
10.8 -1.59345 -0.769671
10.9 -1.52699 -0.896545
11 -1.45645 -1.01785
11.1 -1.38136 -1.13324
11.2 -1.30111 -1.24232
11.3 -1.21492 -1.34464
11.4 -1.12179 -1.43968
11.5 -1.0205 -1.52683
11.6 -0.909517 -1.60536
11.7 -0.786926 -1.6744
11.8 -0.650376 -1.73293
11.9 -0.497032 -1.7797
12 -0.32362 -1.81321
12.1 -0.126676 -1.83168
12.2 0.0967809 -1.83309
12.3 0.347846 -1.81519
12.4 0.623419 -1.77585
12.5 0.913473 -1.71342
12.6 1.19986 -1.62741
12.7 1.45952 -1.51905
12.8 1.67231 -1.39137
12.9 1.82853 -1.24867
13 1.93024 -1.09553
13.1 1.98687 -0.936029
13.2 2.00974 -0.77337
13.3 2.00875 -0.609881
13.4 1.99131 -0.447184
13.5 1.96249 -0.286395
13.6 1.92562 -0.128295
13.7 1.88279 0.0265541
13.8 1.83528 0.177724
13.9 1.78383 0.324868
14 1.72881 0.467682
14.1 1.67038 0.605883
14.2 1.60847 0.739194
14.3 1.5429 0.867324
14.4 1.47335 0.989965
14.5 1.39938 1.10677
14.6 1.32041 1.21737
14.7 1.23568 1.32132
14.8 1.14428 1.41811
14.9 1.04503 1.50717
15 0.936468 1.58779
15.1 0.816787 1.65914
15.2 0.683742 1.72023
15.3 0.53461 1.76988
15.4 0.366208 1.80664
15.5 0.175075 1.82881
15.6 -0.0419754 1.8344
15.7 -0.286654 1.82123
15.8 -0.557092 1.78709
15.9 -0.845094 1.73016
16 -1.13433 1.64963
16.1 -1.40231 1.54629
16.2 -1.62741 1.42279
16.3 -1.79708 1.28319
16.4 -1.91088 1.1321
16.5 -1.97704 0.973762
16.6 -2.00685 0.811603
16.7 -2.01069 0.648141
16.8 -1.99656 0.485142
16.9 -1.97006 0.323827
17 -1.93485 0.165041
17.1 -1.89327 0.00938791
17.2 -1.84678 -0.142677
17.3 -1.7962 -0.290792
17.4 -1.742 -0.434645
17.5 -1.68437 -0.573952
17.6 -1.62328 -0.708433
17.7 -1.55859 -0.837803
17.8 -1.49001 -0.961758
17.9 -1.41713 -1.07997
18 -1.33938 -1.19205
18.1 -1.25608 -1.2976
18.2 -1.16634 -1.39612
18.3 -1.06904 -1.48704
18.4 -0.96281 -1.56971
18.5 -0.845918 -1.64331
18.6 -0.716228 -1.70691
18.7 -0.571133 -1.75935
18.8 -0.407548 -1.79927
18.9 -0.222047 -1.82503
19 -0.0113004 -1.83469
19.1 0.226902 -1.82612
19.2 0.491765 -1.79707
19.3 0.776813 -1.7456
19.4 1.06763 -1.67059
19.5 1.3427 -1.57243
19.6 1.57941 -1.45331
19.7 1.76253 -1.31707
19.8 1.8889 -1.16827
19.9 1.96523 -1.01129
20 2.00255 -0.849769
20.1 2.01165 -0.686428
20.2 2.00115 -0.523195
20.3 1.97715 -0.361398
20.4 1.94373 -0.201958
20.5 1.90349 -0.0455269
20.6 1.85805 0.107413
20.7 1.80838 0.256482
20.8 1.75501 0.40136
20.9 1.69817 0.541756
21 1.6379 0.677392
21.1 1.57408 0.807985
21.2 1.50644 0.933237
21.3 1.43461 1.05282
21.4 1.35806 1.16638
21.5 1.27613 1.2735
21.6 1.18798 1.37371
21.7 1.09257 1.46647
21.8 0.98857 1.55113
21.9 0.87435 1.62694
22 0.747872 1.69297
22.1 0.606643 1.74814
22.2 0.447687 1.79113
22.3 0.267631 1.82036
22.4 0.0630586 1.83398
22.5 -0.168636 1.82988
22.6 -0.427581 1.80582
22.7 -0.708883 1.75974
22.8 -1.00008 1.69028
22.9 -1.28096 1.5974
23 -1.52841 1.4829
23.1 -1.72482 1.35027
23.2 -1.86415 1.204
23.3 -1.95129 1.04857
23.4 -1.99671 0.887838
23.5 -2.01155 0.724725
23.6 -2.00501 0.561328
23.7 -1.98374 0.3991
23.8 -1.95224 0.239042
23.9 -1.91343 0.0818578
24 -1.8691 -0.0719368
24.1 -1.82036 -0.221943
24.2 -1.76782 -0.367828
24.3 -1.71178 -0.509299
24.4 -1.65232 -0.646075
24.5 -1.58935 -0.777875
24.6 -1.52264 -0.904405
24.7 -1.45183 -1.02535
24.8 -1.37644 -1.14035
24.9 -1.29583 -1.24902
25 -1.20923 -1.35089
25.1 -1.11562 -1.44545
25.2 -1.01377 -1.53207
25.3 -0.902111 -1.61003
25.4 -0.778709 -1.67844
25.5 -0.641184 -1.73626
25.6 -0.486669 -1.78224
25.7 -0.311868 -1.81485
25.8 -0.11332 -1.8323
25.9 0.111886 -1.83255
26 0.364656 -1.81336
26.1 0.641531 -1.77259
26.2 0.931971 -1.70867
26.3 1.21736 -1.62118
26.4 1.47457 -1.51149
26.5 1.68393 -1.38272
26.6 1.83652 -1.23923
26.7 1.93505 -1.08557
26.8 1.9892 -0.92578
26.9 2.01029 -0.763008
27 2.00807 -0.599527
27.1 1.98977 -0.436922
27.2 1.96036 -0.276284
27.3 1.92306 -0.118375
27.4 1.87991 0.0362524
27.5 1.83213 0.187177
27.6 1.78044 0.334055
27.7 1.72521 0.476584
27.8 1.66655 0.614484
27.9 1.60442 0.747475
28 1.53861 0.875267
28.1 1.4688 0.997548
28.2 1.39453 1.11398
28.3 1.31521 1.22416
28.4 1.2301 1.32767
28.5 1.13823 1.424
28.6 1.03844 1.51254
28.7 0.929231 1.59259
28.8 0.808774 1.66333
28.9 0.674795 1.72374
29 0.52454 1.77261
29.1 0.3548 1.8085
29.2 0.162111 1.82968
29.3 -0.0566652 1.83415
29.4 -0.303085 1.81971
29.5 -0.574961 1.78417
29.6 -0.863612 1.72576
29.7 -1.1522 1.64374
29.8 -1.41805 1.53902
29.9 -1.63988 1.41437
30 -1.8059 1.2739
30.1 -1.91638 1.12223
30.2 -1.97989 0.963563
30.3 -2.00777 0.801256
30.4 -2.01026 0.637777
30.5 -1.9952 0.474853
30.6 -1.96805 0.313676
30.7 -1.93238 0.155073
30.8 -1.89046 -0.000364698
30.9 -1.84368 -0.152189
31 -1.79287 -0.300043
31.1 -1.73845 -0.443616
31.2 -1.6806 -0.582625
31.3 -1.61929 -0.716791
31.4 -1.55437 -0.845827
31.5 -1.48553 -0.969428
31.6 -1.41235 -1.08726
31.7 -1.33427 -1.19895
31.8 -1.25059 -1.30406
31.9 -1.1604 -1.40212
32 -1.06259 -1.49254
32.1 -0.955735 -1.57465
32.2 -0.8381 -1.64765
32.3 -0.707516 -1.71058
32.4 -0.561344 -1.76227
32.5 -0.396474 -1.80135
32.6 -0.209466 -1.82614
32.7 0.00297591 -1.83471
32.8 0.242937 -1.82491
32.9 0.509348 -1.79449
33 0.795279 -1.74155
33.1 1.08579 -1.66504
33.2 1.35907 -1.56546
33.3 1.59271 -1.44514
33.4 1.77219 -1.30796
33.5 1.89512 -1.15852
33.6 1.96864 -1.00115
33.7 2.00386 -0.839442
33.8 2.01149 -0.676059
33.9 1.99998 -0.512882
34 1.97528 -0.351211
34.1 1.94136 -0.191945
34.2 1.90075 -0.0357215
34.3 1.85502 0.116984
34.4 1.8051 0.265796
34.5 1.7515 0.410398
34.6 1.69445 0.5505
34.7 1.63396 0.685825
34.8 1.56991 0.816089
34.9 1.50202 0.940991
35 1.4299 1.06021
35.1 1.35303 1.17337
35.2 1.27073 1.28006
35.3 1.18216 1.37982
35.4 1.08624 1.47209
35.5 0.98165 1.55621
35.6 0.866718 1.63142
35.7 0.739384 1.6968
35.8 0.597125 1.75124
35.9 0.436934 1.79341
36 0.255422 1.82171
36.1 0.0491915 1.83427
36.2 -0.184265 1.82897
36.3 -0.444842 1.80357
36.4 -0.72723 1.75604
36.5 -1.01844 1.68507
36.6 -1.29788 1.59075
36.7 -1.54251 1.47499
36.8 -1.73534 1.34135
36.9 -1.87113 1.19437
37 -1.95528 1.0385
37.1 -1.99845 0.87754
37.2 -2.01169 0.714354
37.3 -2.00404 0.550995
37.4 -1.98201 0.388878
37.5 -1.94998 0.228984
37.6 -1.91076 0.0720009
37.7 -1.86613 -0.0815644
37.8 -1.81713 -0.231318
37.9 -1.76437 -0.376932
38 -1.70811 -0.518114
38.1 -1.64844 -0.654582
38.2 -1.58524 -0.786057
38.3 -1.51827 -0.912243
38.4 -1.44719 -1.03282
38.5 -1.37149 -1.14743
38.6 -1.29053 -1.25568
38.7 -1.20351 -1.35711
38.8 -1.10943 -1.45119
38.9 -1.007 -1.53728
39 -0.894658 -1.61466
39.1 -0.770436 -1.68243
39.2 -0.631924 -1.73954
39.3 -0.476225 -1.78472
39.4 -0.300019 -1.81642
39.5 -0.0998554 -1.83285
39.6 0.127103 -1.83193
39.7 0.381566 -1.81143
39.8 0.659701 -1.76924
39.9 0.950451 -1.70381
40 1.23475 -1.61486
40.1 1.48942 -1.50385
40.2 1.69532 -1.37401
40.3 1.8443 -1.22974
40.4 1.93968 -1.07558
40.5 1.99141 -0.91552
40.6 2.01076 -0.752643
40.7 2.00732 -0.589177
40.8 1.9882 -0.426669
40.9 1.9582 -0.266184
41 1.92048 -0.108468
41.1 1.877 0.0459359
41.2 1.82896 0.196613
41.3 1.77704 0.343224
41.4 1.72159 0.485469
41.5 1.66272 0.623066
41.6 1.60036 0.755736
41.7 1.53431 0.883187
41.8 1.46423 1.00511
41.9 1.38966 1.12115
42 1.31 1.23093
42.1 1.22448 1.334
42.2 1.13215 1.42985
42.3 1.03181 1.51787
42.4 0.921949 1.59737
42.5 0.800707 1.66748
42.6 0.665783 1.72719
42.7 0.514392 1.77529
42.8 0.343301 1.8103
42.9 0.149042 1.83048
43 -0.0714673 1.83382
43.1 -0.31962 1.81811
43.2 -0.5929 1.78116
43.3 -0.882132 1.72126
43.4 -1.16999 1.63775
43.5 -1.4336 1.53167
43.6 -1.65212 1.40588
43.7 -1.81449 1.26457
43.8 -1.92168 1.11234
43.9 -1.9826 0.953349
44 -2.00858 0.790903
44.1 -2.00975 0.627415
44.2 -1.9938 0.464572
44.3 -1.96601 0.303536
44.4 -1.92989 0.145118
44.5 -1.88763 -0.0101028
44.6 -1.84058 -0.161685
44.7 -1.78952 -0.309276
44.8 -1.73488 -0.452569
44.9 -1.67681 -0.591279
45 -1.61528 -0.725128
45.1 -1.55012 -0.853829
45.2 -1.48102 -0.977074
45.3 -1.40755 -1.09453
45.4 -1.32914 -1.20581
45.5 -1.24508 -1.31049
45.6 -1.15444 -1.40808
45.7 -1.0561 -1.498
45.8 -0.948617 -1.57956
45.9 -0.83023 -1.65195
46 -0.698741 -1.7142
46.1 -0.551481 -1.76514
46.2 -0.385311 -1.80336
46.3 -0.196782 -1.82719
46.4 0.0173639 -1.83466
46.5 0.259081 -1.82361
46.6 0.527012 -1.79182
46.7 0.813766 -1.7374
46.8 1.10388 -1.6594
46.9 1.37527 -1.55841
47 1.60578 -1.43689
47.1 1.78163 -1.2988
47.2 1.90114 -1.14873
47.3 1.97189 -0.990993
47.4 2.00506 -0.829109
47.5 2.01126 -0.66569
47.6 1.99875 -0.502575
47.7 1.97337 -0.341033
47.8 1.93896 -0.181943
47.9 1.89799 -0.0259302
48 1.85197 0.126538
48.1 1.80181 0.275093
48.2 1.74799 0.419418
48.3 1.69072 0.559226
48.4 1.63001 0.694238
48.5 1.56572 0.824171
48.6 1.49757 0.948723
48.7 1.42517 1.06756
48.8 1.34798 1.18033
48.9 1.26531 1.2866
49 1.17631 1.3859
49.1 1.07988 1.47767
49.2 0.97469 1.56125
49.3 0.859037 1.63587
49.4 0.730836 1.70059
49.5 0.587534 1.7543
49.6 0.426095 1.79564
49.7 0.243113 1.823
49.8 0.0352141 1.83449
49.9 -0.200006 1.82798
50 -0.462193 1.80123
50.1 -0.745616 1.75224
50.2 -1.03675 1.67978
50.3 -1.31465 1.58402
50.4 -1.5564 1.467
50.5 -1.74563 1.33238
50.6 -1.87791 1.18471
50.7 -1.95911 1.02841
50.8 -2.00007 0.867234
50.9 -2.01175 0.703984
51 -2.00302 0.540666
51.1 -1.98024 0.378666
51.2 -1.94768 0.218938
51.3 -1.90808 0.0621578
51.4 -1.86315 -0.0911766
51.5 -1.8139 -0.240677
51.6 -1.7609 -0.386019
51.7 -1.70443 -0.526909
51.8 -1.64454 -0.66307
51.9 -1.5811 -0.794218
52 -1.51389 -0.920058
52.1 -1.44253 -1.04027
52.2 -1.36652 -1.15449
52.3 -1.2852 -1.26232
52.4 -1.19777 -1.3633
52.5 -1.10319 -1.45689
52.6 -1.00019 -1.54245
52.7 -0.887157 -1.61925
52.8 -0.762106 -1.68638
52.9 -0.622595 -1.74278
53 -0.465698 -1.78715
53.1 -0.288074 -1.81794
53.2 -0.0862829 -1.83333
53.3 0.142432 -1.83124
53.4 0.398573 -1.80942
53.5 0.677924 -1.76579
53.6 0.968906 -1.69887
53.7 1.25202 -1.60845
53.8 1.50407 -1.49613
53.9 1.70647 -1.36524
54 1.85185 -1.22021
54.1 1.94414 -1.06557
54.2 1.99348 -0.905249
54.3 2.01113 -0.742277
54.4 2.00652 -0.578832
54.5 1.98658 -0.416424
54.6 1.95602 -0.256095
54.7 1.91788 -0.0985748
54.8 1.87408 0.0556043
54.9 1.82578 0.206034
55 1.77363 0.352376
55.1 1.71796 0.494334
55.2 1.65887 0.631627
55.3 1.59628 0.763975
55.4 1.52999 0.891086
55.5 1.45964 1.01264
55.6 1.38476 1.1283
55.7 1.30476 1.23767
55.8 1.21884 1.3403
55.9 1.12604 1.43567
56 1.02514 1.52318
56.1 0.914621 1.6021
56.2 0.792585 1.67158
56.3 0.656705 1.7306
56.4 0.504165 1.77791
56.5 0.331708 1.81204
56.6 0.135866 1.83121
56.7 -0.0863819 1.83341
56.8 -0.336259 1.81642
56.9 -0.610907 1.77806
57 -0.900649 1.71666
57.1 -1.18767 1.63168
57.2 -1.44898 1.52424
57.3 -1.66413 1.39733
57.4 -1.82286 1.25519
57.5 -1.9268 1.10242
57.6 -1.98517 0.943122
57.7 -2.0093 0.780547
57.8 -2.00918 0.617056
57.9 -1.99234 0.454297
58 -1.96394 0.293407
58.1 -1.92737 0.135176
58.2 -1.88478 -0.0198262
58.3 -1.83745 -0.171166
58.4 -1.78616 -0.318493
58.5 -1.7313 -0.461503
58.6 -1.67301 -0.599913
58.7 -1.61126 -0.733444
58.8 -1.54586 -0.861809
58.9 -1.4765 -0.984697
59 -1.40273 -1.10177
59.1 -1.32399 -1.21265
59.2 -1.23954 -1.3169
59.3 -1.14845 -1.41402
59.4 -1.04957 -1.50343
59.5 -0.941455 -1.58443
59.6 -0.822307 -1.65621
59.7 -0.689903 -1.71778
59.8 -0.541541 -1.76796
59.9 -0.374058 -1.80532
60 -0.183995 -1.82817
60.1 0.0318638 -1.83454
60.2 0.275332 -1.82223
60.3 0.544755 -1.78906
60.4 0.832269 -1.73316
60.5 1.1219 -1.65366
60.6 1.3913 -1.55128
60.7 1.61863 -1.42858
60.8 1.79083 -1.28959
60.9 1.90696 -1.13891
61 1.97498 -0.98082
61.1 2.00615 -0.81877
61.2 2.01095 -0.655322
61.3 1.99748 -0.492275
61.4 1.97142 -0.330865
61.5 1.93654 -0.171954
61.6 1.89521 -0.0161532
61.7 1.84891 0.136078
61.8 1.7985 0.284373
61.9 1.74446 0.428419
62 1.68697 0.567932
62.1 1.62604 0.702631
62.2 1.56152 0.832231
62.3 1.49311 0.956431
62.4 1.42043 1.0749
62.5 1.34291 1.18726
62.6 1.25987 1.29311
62.7 1.17043 1.39195
62.8 1.07349 1.48322
62.9 0.967687 1.56626
63 0.851305 1.64028
63.1 0.722228 1.70434
63.2 0.577871 1.7573
63.3 0.415169 1.7978
63.4 0.230704 1.82422
63.5 0.021126 1.83464
63.6 -0.215856 1.82691
63.7 -0.479632 1.7988
63.8 -0.764035 1.74835
63.9 -1.05501 1.67438
64 -1.33128 1.5772
64.1 -1.57006 1.45894
64.2 -1.75569 1.32336
64.3 -1.88447 1.17501
64.4 -1.96278 1.0183
64.5 -2.00157 0.856919
64.6 -2.01172 0.693613
64.7 -2.00193 0.530344
64.8 -1.97843 0.368462
64.9 -1.94536 0.208903
65 -1.90538 0.0523286
65.1 -1.86014 -0.100773
65.2 -1.81064 -0.250019
65.3 -1.75742 -0.395087
65.4 -1.70074 -0.535686
65.5 -1.64062 -0.671537
65.6 -1.57696 -0.802358
65.7 -1.5095 -0.927851
65.8 -1.43786 -1.04769
65.9 -1.36153 -1.16152
66 -1.27985 -1.26893
66.1 -1.192 -1.36946
66.2 -1.09693 -1.46256
66.3 -0.99334 -1.54759
66.4 -0.879608 -1.6238
66.5 -0.753718 -1.69029
66.6 -0.613196 -1.74596
66.7 -0.455087 -1.78952
66.8 -0.276032 -1.81939
66.9 -0.0726015 -1.83374
67 0.157873 -1.83046
67.1 0.415676 -1.80732
67.2 0.696196 -1.76225
67.3 0.987331 -1.69382
67.4 1.26916 -1.60195
67.5 1.51852 -1.48834
67.6 1.71739 -1.35642
67.7 1.85919 -1.21065
67.8 1.94842 -1.05554
67.9 1.99543 -0.894967
68 2.01141 -0.731909
68.1 2.00565 -0.56849
68.2 1.98492 -0.406187
68.3 1.9538 -0.246017
68.4 1.91526 -0.0886949
68.5 1.87115 0.0652577
68.6 1.82258 0.215437
68.7 1.7702 0.36151
68.8 1.71432 0.503181
68.9 1.65501 0.640169
69 1.59219 0.772193
69.1 1.52565 0.898961
69.2 1.45503 1.02016
69.3 1.37985 1.13543
69.4 1.29949 1.24438
69.5 1.21317 1.34657
69.6 1.1199 1.44146
69.7 1.01844 1.52844
69.8 0.907247 1.6068
69.9 0.784408 1.67565
70 0.647559 1.73396
70.1 0.493858 1.78049
70.2 0.32002 1.81372
70.3 0.122584 1.83188
70.4 -0.101409 1.83293
70.5 -0.352999 1.81464
70.6 -0.628977 1.77486
70.7 -0.919157 1.71197
70.8 -1.20525 1.62551
70.9 -1.46416 1.51674
71 -1.6759 1.38872
71.1 -1.83101 1.24578
71.2 -1.93174 1.09247
71.3 -1.9876 0.932882
71.4 -2.00992 0.770187
71.5 -2.00855 0.6067
71.6 -1.99084 0.444031
71.7 -1.96184 0.283288
71.8 -1.92484 0.125246
71.9 -1.88191 -0.0295348
72 -1.83431 -0.18063
72.1 -1.78279 -0.327692
72.2 -1.72771 -0.470418
72.3 -1.6692 -0.608528
72.4 -1.60723 -0.74174
72.5 -1.54158 -0.869766
72.6 -1.47196 -0.992297
72.7 -1.39789 -1.10899
72.8 -1.31881 -1.21946
72.9 -1.23397 -1.32327
73 -1.14242 -1.41992
73.1 -1.04301 -1.50882
73.2 -0.934249 -1.58927
73.3 -0.814332 -1.66043
73.4 -0.681001 -1.72131
73.5 -0.531525 -1.77072
73.6 -0.362713 -1.80722
73.7 -0.171104 -1.82908
73.8 0.0464759 -1.83433
73.9 0.29169 -1.82077
74 0.562573 -1.7862
74.1 0.850782 -1.72882
74.2 1.13983 -1.64783
74.3 1.40716 -1.54407
74.4 1.63126 -1.42021
74.5 1.79981 -1.28034
74.6 1.91259 -1.12907
74.7 1.97794 -0.970631
74.8 2.00714 -0.808425
74.9 2.01056 -0.644957
75 1.99615 -0.481981
75.1 1.96944 -0.320708
75.2 1.93409 -0.161977
75.3 1.89241 -0.00639054
75.4 1.84583 0.145601
75.5 1.79518 0.293635
75.6 1.74091 0.437403
75.7 1.68321 0.576618
75.8 1.62206 0.711003
75.9 1.5573 0.84027
76 1.48864 0.964117
76.1 1.41566 1.08221
76.2 1.33782 1.19417
76.3 1.2544 1.29959
76.4 1.16452 1.39797
76.5 1.06706 1.48874
76.6 0.960641 1.57123
76.7 0.843522 1.64465
76.8 0.713559 1.70804
76.9 0.568134 1.76026
77 0.404156 1.79992
77.1 0.218193 1.82538
77.2 0.00692687 1.83471
77.3 -0.231816 1.82575
77.4 -0.497158 1.79629
77.5 -0.782483 1.74436
77.6 -1.07322 1.6689
77.7 -1.34775 1.57029
77.8 -1.58352 1.45081
77.9 -1.76552 1.31428
78 -1.89083 1.16528
78.1 -1.9663 1.00818
78.2 -2.00296 0.846597
78.3 -2.01161 0.683243
78.4 -2.0008 0.520026
78.5 -1.97658 0.358268
78.6 -1.943 0.198881
78.7 -1.90265 0.0425134
78.8 -1.85712 -0.110355
78.9 -1.80738 -0.259345
79 -1.75393 -0.404138
79.1 -1.69703 -0.544444
79.2 -1.63669 -0.679985
79.3 -1.5728 -0.810477
79.4 -1.50508 -0.935621
79.5 -1.43316 -1.05509
79.6 -1.35651 -1.16853
79.7 -1.27447 -1.27552
79.8 -1.1862 -1.37559
79.9 -1.09063 -1.4682
80 -0.986449 -1.5527
80.1 -0.872011 -1.62832
80.2 -0.745271 -1.69415
80.3 -0.603727 -1.7491
80.4 -0.444393 -1.79184
80.5 -0.263891 -1.82078
80.6 -0.0588105 -1.83408
80.7 0.173425 -1.82961
80.8 0.432873 -1.80514
80.9 0.714515 -1.75861
81 1.00572 -1.68869
81.1 1.28617 -1.59537
81.2 1.53277 -1.48048
81.3 1.72807 -1.34754
81.4 1.86632 -1.20104
81.5 1.95253 -1.04548
81.6 1.99726 -0.884676
81.7 2.01161 -0.721539
81.8 2.00472 -0.558153
81.9 1.98321 -0.395959
82 1.95155 -0.235951
82.1 1.91261 -0.0788285
82.2 1.86819 0.0748959
82.3 1.81937 0.224824
82.4 1.76676 0.370627
82.5 1.71066 0.512009
82.6 1.65113 0.64869
82.7 1.58809 0.78039
82.8 1.5213 0.906815
82.9 1.4504 1.02765
83 1.37492 1.14253
83.1 1.29421 1.25107
83.2 1.20748 1.35281
83.3 1.11372 1.44722
83.4 1.0117 1.53368
83.5 0.899827 1.61145
83.6 0.776174 1.67967
83.7 0.638347 1.73728
83.8 0.48347 1.783
83.9 0.308238 1.81534
84 0.109195 1.83248
84.1 -0.116548 1.83237
84.2 -0.36984 1.81278
84.3 -0.647107 1.77157
84.4 -0.93765 1.70719
84.5 -1.22272 1.61925
84.6 -1.47915 1.50915
84.7 -1.68745 1.38005
84.8 -1.83894 1.23632
84.9 -1.93649 1.0825
85 -1.9899 0.92263
85.1 -2.01045 0.759824
85.2 -2.00785 0.596348
85.3 -1.98929 0.433772
85.4 -1.9597 0.27318
85.5 -1.92227 0.11533
85.6 -1.87902 -0.0392286
85.7 -1.83116 -0.190077
85.8 -1.7794 -0.336873
85.9 -1.7241 -0.479315
86 -1.66538 -0.617123
86.1 -1.60318 -0.750015
86.2 -1.53729 -0.877702
86.3 -1.4674 -0.999873
86.4 -1.39304 -1.11618
86.5 -1.31361 -1.22625
86.6 -1.22837 -1.32962
86.7 -1.13637 -1.4258
86.8 -1.0364 -1.51418
86.9 -0.926999 -1.59406
87 -0.806302 -1.66461
87.1 -0.672034 -1.7248
87.2 -0.521431 -1.77344
87.3 -0.351278 -1.80906
87.4 -0.158108 -1.82993
87.5 0.0612002 -1.83406
87.6 0.308153 -1.81923
87.7 0.580464 -1.78326
87.8 0.869301 -1.72439
87.9 1.15768 -1.64191
88 1.42284 -1.53678
88.1 1.64366 -1.41177
88.2 1.80856 -1.27104
88.3 1.91803 -1.1192
88.4 1.98074 -0.960427
88.5 2.00803 -0.798076
88.6 2.01011 -0.634593
88.7 1.99478 -0.471694
88.8 1.96743 -0.31056
88.9 1.93162 -0.152013
89 1.88959 0.0033576
89.1 1.84273 0.155108
89.2 1.79184 0.302881
89.3 1.73736 0.446368
89.4 1.67944 0.585285
89.5 1.61806 0.719354
89.6 1.55306 0.848287
89.7 1.48414 0.971779
89.8 1.41088 1.08949
89.9 1.3327 1.20106
90 1.2489 1.30604
90.1 1.15858 1.40395
90.2 1.0606 1.49422
90.3 0.953553 1.57616
90.4 0.835688 1.64898
90.5 0.704827 1.7117
90.6 0.558322 1.76316
90.7 0.393054 1.80197
90.8 0.205581 1.82647
90.9 -0.00738375 1.83471
91 -0.247885 1.82452
91.1 -0.514766 1.79368
91.2 -0.800956 1.74028
91.3 -1.09135 1.66332
91.4 -1.36406 1.56331
91.5 -1.59675 1.44261
91.6 -1.77512 1.30515
91.7 -1.89699 1.15551
91.8 -1.96965 0.998032
91.9 -2.00424 0.836269
92 -2.01143 0.672873
92.1 -1.99961 0.509715
92.2 -1.9747 0.348083
92.3 -1.94063 0.188871
92.4 -1.89991 0.0327123
92.5 -1.85409 -0.11992
92.6 -1.80409 -0.268653
92.7 -1.75042 -0.41317
92.8 -1.6933 -0.553183
92.9 -1.63275 -0.688412
93 -1.56862 -0.818574
93.1 -1.50065 -0.943368
93.2 -1.42845 -1.06247
93.3 -1.35148 -1.17551
93.4 -1.26907 -1.28207
93.5 -1.18037 -1.38169
93.6 -1.08429 -1.4738
93.7 -0.979517 -1.55776
93.8 -0.864364 -1.63279
93.9 -0.736765 -1.69797
94 -0.594186 -1.75219
94.1 -0.433613 -1.7941
94.2 -0.251651 -1.82211
94.3 -0.0449096 -1.83435
94.4 0.189089 -1.82867
94.5 0.450162 -1.80286
94.6 0.732874 -1.75488
94.7 1.02407 -1.68346
94.8 1.30305 -1.58869
94.9 1.5468 -1.47254
95 1.73853 -1.3386
95.1 1.87324 -1.1914
95.2 1.95648 -1.03541
95.3 1.99896 -0.874375
95.4 2.01172 -0.711169
95.5 2.00373 -0.547821
95.6 1.98147 -0.38574
95.7 1.94927 -0.225897
95.8 1.90994 -0.0689758
95.9 1.86522 0.0845187
96 1.81614 0.234195
96.1 1.7633 0.379725
96.2 1.70698 0.520818
96.3 1.64724 0.657192
96.4 1.58397 0.788566
96.5 1.51693 0.914646
96.6 1.44576 1.03511
96.7 1.36996 1.1496
96.8 1.2889 1.25773
96.9 1.20175 1.35902
97 1.10752 1.45294
97.1 1.00491 1.53887
97.2 0.892359 1.61607
97.3 0.767884 1.68365
97.4 0.629066 1.74054
97.5 0.473 1.78547
97.6 0.29636 1.8169
97.7 0.0956978 1.83301
97.8 -0.1318 1.83173
97.9 -0.38678 1.81083
98 -0.665293 1.76819
98.1 -0.956123 1.7023
98.2 -1.24007 1.6129
98.3 -1.49394 1.50149
98.4 -1.69877 1.37133
98.5 -1.84664 1.22682
98.6 -1.94107 1.07251
98.7 -1.99206 0.912366
98.8 -2.01088 0.749459
98.9 -2.00708 0.585999
99 -1.9877 0.423521
99.1 -1.95754 0.263083
99.2 -1.91969 0.105428
99.3 -1.87611 -0.0489075
99.4 -1.82799 -0.199509
99.5 -1.77599 -0.346037
99.6 -1.72048 -0.488194
99.7 -1.66154 -0.625698
99.8 -1.59911 -0.758269
99.9 -1.53298 -0.885616
100 -1.46282 -1.00743
100.1 -1.38816 -1.12335
100.2 -1.30839 -1.233
100.3 -1.22275 -1.33594
100.4 -1.13028 -1.43164
100.5 -1.02976 -1.51951
100.6 -0.919703 -1.59882
100.7 -0.798218 -1.66874
100.8 -0.663001 -1.72824
100.9 -0.511259 -1.7761
101 -0.339749 -1.81084
101.1 -0.145006 -1.83071
101.2 0.0760368 -1.8337
101.3 0.32472 -1.8176
101.4 0.598425 -1.78022
101.5 0.887821 -1.71986
101.6 1.17543 -1.6359
101.7 1.43835 -1.5294
101.8 1.65583 -1.40326
101.9 1.81709 -1.26169
102 1.92327 -1.10929
102.1 1.98341 -0.950209
102.2 2.00881 -0.787722
102.3 2.00959 -0.624232
102.4 1.99335 -0.461415
102.5 1.96538 -0.300424
102.6 1.92912 -0.142062
102.7 1.88675 0.0130912
102.8 1.83962 0.164599
102.9 1.78849 0.312109
103 1.73378 0.455315
103.1 1.67565 0.593933
103.2 1.61405 0.727685
103.3 1.54881 0.856282
103.4 1.47963 0.979418
103.5 1.40607 1.09675
103.6 1.32756 1.20791
103.7 1.24338 1.31246
103.8 1.1526 1.40991
103.9 1.0541 1.49967
104 0.946422 1.58106
104.1 0.827802 1.65326
104.2 0.696033 1.71531
104.3 0.548436 1.76601
104.4 0.381864 1.80397
104.5 0.192865 1.82749
104.6 -0.0218061 1.83463
104.7 -0.264062 1.8232
104.8 -0.532454 1.79098
104.9 -0.819448 1.73611
105 -1.10942 1.65765
105.1 -1.38021 1.55623
105.2 -1.60975 1.43435
105.3 -1.78448 1.29598
105.4 -1.90295 1.14572
105.5 -1.97285 0.98787
105.6 -2.00541 0.825933
105.7 -2.01117 0.662505
105.8 -1.99837 0.49941
105.9 -1.97278 0.337909
106 -1.93822 0.178873
106.1 -1.89714 0.0229253
106.2 -1.85103 -0.12947
106.3 -1.8008 -0.277945
106.4 -1.7469 -0.422185
106.5 -1.68957 -0.561902
106.6 -1.62879 -0.696818
106.7 -1.56443 -0.826649
106.8 -1.49621 -0.951093
106.9 -1.42372 -1.06982
107 -1.34642 -1.18246
107.1 -1.26364 -1.2886
107.2 -1.17451 -1.38776
107.3 -1.07792 -1.47938
107.4 -0.972543 -1.56279
107.5 -0.856667 -1.63723
107.6 -0.728199 -1.70175
107.7 -0.584574 -1.75523
107.8 -0.422748 -1.79631
107.9 -0.239312 -1.82338
108 -0.0308983 -1.83454
108.1 0.204863 -1.82766
108.2 0.467541 -1.8005
108.3 0.75127 -1.75106
108.4 1.04237 -1.67813
108.5 1.31977 -1.58193
108.6 1.56062 -1.46453
108.7 1.74875 -1.32961
108.8 1.87994 -1.18173
108.9 1.96026 -1.02531
109 2.00054 -0.864066
109.1 2.01175 -0.700798
109.2 2.00269 -0.537495
109.3 1.97969 -0.37553
109.4 1.94697 -0.215854
109.5 1.90725 -0.059137
109.6 1.86223 0.0941262
109.7 1.8129 0.243549
109.8 1.75984 0.388806
109.9 1.7033 0.529608
110 1.64333 0.665673
110.1 1.57983 0.796721
110.2 1.51255 0.922455
110.3 1.4411 1.04255
110.4 1.36499 1.15665
110.5 1.28356 1.26436
110.6 1.196 1.3652
110.7 1.10127 1.45863
110.8 0.99809 1.54404
110.9 0.884844 1.62065
111 0.759536 1.68759
111.1 0.619715 1.74376
111.2 0.462447 1.78788
111.3 0.284385 1.81839
111.4 0.0820919 1.83346
111.5 -0.147163 1.83101
111.6 -0.403817 1.80879
111.7 -0.683532 1.76471
111.8 -0.974569 1.69733
111.9 -1.2573 1.60647
112 -1.50853 1.49375
112.1 -1.70985 1.36254
112.2 -1.85413 1.21728
112.3 -1.94547 1.06249
112.4 -1.9941 0.902091
112.5 -2.01122 0.739092
112.6 -2.00625 0.575654
112.7 -1.98607 0.413278
112.8 -1.95534 0.252998
112.9 -1.91708 0.0955385
113 -1.87318 -0.0585713
113.1 -1.8248 -0.208924
113.2 -1.77258 -0.355184
113.3 -1.71684 -0.497054
113.4 -1.65769 -0.634253
113.5 -1.59503 -0.766502
113.6 -1.52866 -0.893507
113.7 -1.45822 -1.01495
113.8 -1.38326 -1.13049
113.9 -1.30314 -1.23974
114 -1.2171 -1.34223
114.1 -1.12416 -1.43745
114.2 -1.02309 -1.5248
114.3 -0.912361 -1.60355
114.4 -0.790079 -1.67284
114.5 -0.653902 -1.73164
114.6 -0.501007 -1.77871
114.7 -0.328127 -1.81256
114.8 -0.131798 -1.83143
114.9 0.0909859 -1.83327
115 0.34139 -1.81588
115.1 0.616451 -1.77709
115.2 0.906335 -1.71523
115.3 1.19308 -1.62979
115.4 1.45366 -1.52195
115.5 1.66777 -1.39469
115.6 1.82539 -1.2523
115.7 1.92834 -1.09937
115.8 1.98593 -0.939978
115.9 2.0095 -0.777365
116 2.009 -0.613874
116.1 1.99188 -0.451143
116.2 1.9633 -0.290297
116.3 1.9266 -0.132124
116.4 1.8839 0.02281
116.5 1.83649 0.174074
116.6 1.78513 0.32132
116.7 1.7302 0.464243
116.8 1.67185 0.602561
116.9 1.61002 0.735995
117 1.54455 0.864255
117.1 1.4751 0.987034
117.2 1.40125 1.10399
117.3 1.3224 1.21474
117.4 1.23783 1.31886
117.5 1.1466 1.41584
117.6 1.04756 1.50509
117.7 0.939247 1.58592
117.8 0.819863 1.65751
117.9 0.687175 1.71887
118 0.538473 1.76881
118.1 0.370583 1.80591
118.2 0.180046 1.82846
118.3 -0.0363404 1.83448
118.4 -0.280346 1.82179
118.5 -0.550221 1.78819
118.6 -0.837955 1.73183
118.7 -1.12741 1.65188
118.8 -1.39619 1.54908
118.9 -1.62254 1.42602
119 -1.79362 1.28676
119.1 -1.90871 1.13589
119.2 -1.97591 0.977691
119.3 -2.00647 0.815593
119.4 -2.01084 0.652138
119.5 -1.99708 0.489112
119.6 -1.97082 0.327744
119.7 -1.93579 0.168888
119.8 -1.89435 0.0131527
119.9 -1.84796 -0.139005
120 -1.79748 -0.28722
120.1 -1.74337 -0.431181
120.2 -1.68582 -0.570602
120.3 -1.62482 -0.705205
120.4 -1.56022 -0.834703
120.5 -1.49174 -0.958794
120.6 -1.41896 -1.07715
120.7 -1.34135 -1.18939
120.8 -1.25819 -1.2951
120.9 -1.16862 -1.3938
121 -1.07152 -1.48492
121.1 -0.965527 -1.56779
121.2 -0.84892 -1.64163
121.3 -0.719572 -1.70548
121.4 -0.574888 -1.75821
121.5 -0.411795 -1.79846
121.6 -0.226872 -1.82458
121.7 -0.0167762 -1.83467
121.8 0.220747 -1.82656
121.9 0.485007 -1.79804
122 0.769699 -1.74714
122.1 1.06061 -1.67271
122.2 1.33635 -1.57509
122.3 1.57422 -1.45645
122.4 1.75874 -1.32057
122.5 1.88645 -1.17202
122.6 1.96388 -1.0152
122.7 2.00201 -0.853749
122.8 2.0117 -0.690428
122.9 2.00159 -0.527174
123 1.97787 -0.36533
123.1 1.94464 -0.205823
123.2 1.90454 -0.0493121
123.3 1.85922 0.103718
123.4 1.80964 0.252886
123.5 1.75635 0.397869
123.6 1.6996 0.538379
123.7 1.63942 0.674134
123.8 1.57568 0.804854
123.9 1.50814 0.93024
124 1.43642 1.04997
124.1 1.35999 1.16368
124.2 1.2782 1.27096
124.3 1.19022 1.37135
124.4 1.095 1.4643
124.5 0.991227 1.54916
124.6 0.87728 1.62519
124.7 0.75113 1.69148
124.8 0.610295 1.74693
124.9 0.451811 1.79024
125 0.272313 1.81983
125.1 0.0683768 1.83385
125.2 -0.162638 1.83021
125.3 -0.420949 1.80666
125.4 -0.701819 1.76114
125.5 -0.992984 1.69226
125.6 -1.2744 1.59994
125.7 -1.52292 1.48593
125.8 -1.7207 1.3537
125.9 -1.86141 1.2077
126 -1.9497 1.05245
126.1 -1.99601 0.891807
126.2 -2.01148 0.728723
126.3 -2.00537 0.565314
126.4 -1.9844 0.403044
126.5 -1.95311 0.242924
126.6 -1.91445 0.0856627
126.7 -1.87024 -0.06822
126.8 -1.8216 -0.218322
126.9 -1.76915 -0.364312
127 -1.71319 -0.505894
127.1 -1.65382 -0.642788
127.2 -1.59093 -0.774714
127.3 -1.52432 -0.901376
127.4 -1.45361 -1.02246
127.5 -1.37834 -1.13761
127.6 -1.29787 -1.24644
127.7 -1.21143 -1.34849
127.8 -1.11801 -1.44323
127.9 -1.01637 -1.53005
128 -0.904973 -1.60823
128.1 -0.781885 -1.67689
128.2 -0.644737 -1.73498
128.3 -0.490675 -1.78126
128.4 -0.316411 -1.81422
128.5 -0.118483 -1.83207
128.6 0.106047 -1.83276
128.7 0.358162 -1.81408
128.8 0.63454 -1.77386
128.9 0.924839 -1.71051
129 1.21063 -1.6236
129.1 1.46879 -1.51441
129.2 1.67948 -1.38607
129.3 1.83347 -1.24287
129.4 1.93322 -1.08941
129.5 1.98832 -0.929734
129.6 2.01009 -0.767004
129.7 2.00834 -0.60352
129.8 1.99037 -0.440878
129.9 1.96119 -0.280182
130 1.92405 -0.122199
130.1 1.88102 0.0325141
130.2 1.83334 0.183534
130.3 1.78175 0.330514
130.4 1.7266 0.473153
130.5 1.66803 0.61117
130.6 1.60598 0.744284
130.7 1.54027 0.872207
130.8 1.47056 0.994626
130.9 1.3964 1.1112
131 1.31722 1.22155
131.1 1.23225 1.32523
131.2 1.14057 1.42173
131.3 1.04098 1.51047
131.4 0.932027 1.59074
131.5 0.811871 1.66172
131.6 0.678253 1.72239
131.7 0.528433 1.77156
131.8 0.35921 1.80779
131.9 0.167123 1.82935
132 -0.0509869 1.83426
132.1 -0.296736 1.82031
132.2 -0.568062 1.78531
132.3 -0.856471 1.72747
132.4 -1.14532 1.64602
132.5 -1.412 1.54184
132.6 -1.63509 1.41762
132.7 -1.80252 1.27749
132.8 -1.91428 1.12604
132.9 -1.97881 0.967498
133 -2.00742 0.805247
133.1 -2.01043 0.641773
133.2 -1.99573 0.47882
133.3 -1.96883 0.31759
133.4 -1.93333 0.158915
133.5 -1.89155 0.00339454
133.6 -1.84488 -0.148523
133.7 -1.79416 -0.296477
133.8 -1.73982 -0.440159
133.9 -1.68205 -0.579283
134 -1.62083 -0.71357
134.1 -1.556 -0.842735
134.2 -1.48726 -0.966473
134.3 -1.41419 -1.08445
134.4 -1.33625 -1.19629
134.5 -1.25271 -1.30157
134.6 -1.1627 -1.39981
134.7 -1.06508 -1.49042
134.8 -0.958469 -1.57275
134.9 -0.841121 -1.64598
135 -0.710883 -1.70917
135.1 -0.565128 -1.76115
135.2 -0.400755 -1.80055
135.3 -0.21433 -1.82572
135.4 -0.00254278 -1.83472
135.5 0.236741 -1.82538
135.6 0.502558 -1.7955
135.7 0.788155 -1.74312
135.8 1.0788 -1.66719
135.9 1.35278 -1.56816
136 1.5876 -1.4483
136.1 1.76849 -1.31148
136.2 1.89274 -1.16228
136.3 1.96734 -1.00506
136.4 2.00337 -0.843425
136.5 2.01156 -0.680057
136.6 2.00044 -0.516858
136.7 1.97601 -0.355138
136.8 1.94228 -0.195805
136.9 1.90181 -0.0395011
137 1.85619 0.113295
137.1 1.80637 0.262206
137.2 1.75286 0.406914
137.3 1.69588 0.54713
137.4 1.63548 0.682576
137.5 1.57152 0.812966
137.6 1.50372 0.938003
137.7 1.43172 1.05736
137.8 1.35497 1.17067
137.9 1.27282 1.27753
138 1.18441 1.37747
138.1 1.08869 1.46992
138.2 0.984324 1.55426
138.3 0.869667 1.6297
138.4 0.742665 1.69533
138.5 0.600804 1.75005
138.6 0.441091 1.79254
138.7 0.260142 1.8212
138.8 0.0545522 1.83417
138.9 -0.178225 1.82933
139 -0.438175 1.80445
139.1 -0.72015 1.75748
139.2 -1.01136 1.68709
139.3 -1.29137 1.59333
139.4 -1.5371 1.47805
139.5 -1.73131 1.3448
139.6 -1.86847 1.19809
139.7 -1.95376 1.04239
139.8 -1.99779 0.881512
139.9 -2.01165 0.718354
140 -2.00442 0.554979
140.1 -1.98268 0.392819
140.2 -1.95085 0.232861
140.3 -1.91179 0.0758005
140.4 -1.86728 -0.0778535
140.5 -1.81838 -0.227705
140.6 -1.7657 -0.373424
140.7 -1.70953 -0.514717
140.8 -1.64994 -0.651304
140.9 -1.58682 -0.782904
141 -1.51996 -0.909223
141.1 -1.44898 -1.02994
141.2 -1.3734 -1.14471
141.3 -1.29258 -1.25312
141.4 -1.20572 -1.35472
141.5 -1.11182 -1.44898
141.6 -1.00962 -1.53528
141.7 -0.897538 -1.61288
141.8 -0.773634 -1.6809
141.9 -0.635503 -1.73828
142 -0.480262 -1.78377
142.1 -0.3046 -1.81582
142.2 -0.10506 -1.83265
142.3 0.121221 -1.83218
142.4 0.375033 -1.81219
142.5 0.652687 -1.77054
142.6 0.943327 -1.7057
142.7 1.22806 -1.61731
142.8 1.48372 -1.5068
142.9 1.69095 -1.37738
143 1.84133 -1.2334
143.1 1.93792 -1.07943
143.2 1.99057 -0.919478
143.3 2.01059 -0.756641
143.4 2.00762 -0.593168
143.5 1.98881 -0.430622
143.6 1.95904 -0.270077
143.7 1.92148 -0.112287
143.8 1.87812 0.0422034
143.9 1.83018 0.192976
144 1.77835 0.33969
144.1 1.72299 0.482045
144.2 1.6642 0.619759
144.3 1.60193 0.752553
144.4 1.53597 0.880136
144.5 1.46599 1.0022
144.6 1.39154 1.11839
144.7 1.31201 1.22832
144.8 1.22665 1.33156
144.9 1.1345 1.4276
145 1.03437 1.51582
145.1 0.924762 1.59553
145.2 0.803825 1.66588
145.3 0.669266 1.72586
145.4 0.518315 1.77426
145.5 0.347746 1.80961
145.6 0.154094 1.83018
145.7 -0.0657458 1.83396
145.8 -0.313231 1.81874
145.9 -0.585974 1.78233
146 -0.87499 1.723
146.1 -1.16314 1.64007
146.2 -1.42762 1.53452
146.3 -1.64742 1.40916
146.4 -1.81121 1.26817
146.5 -1.91966 1.11616
146.6 -1.98157 0.95729
146.7 -2.00828 0.794896
146.8 -2.00996 0.63141
146.9 -1.99434 0.468536
147 -1.9668 0.307445
147.1 -1.93085 0.148955
147.2 -1.88872 -0.00634913
147.3 -1.84178 -0.158025
147.4 -1.79082 -0.305717
147.5 -1.73626 -0.449118
147.6 -1.67827 -0.587944
147.7 -1.61683 -0.721915
147.8 -1.55176 -0.850745
147.9 -1.48276 -0.974128
148 -1.4094 -1.09173
148.1 -1.33112 -1.20317
148.2 -1.24721 -1.30802
148.3 -1.15674 -1.40579
148.4 -1.0586 -1.4959
148.5 -0.951367 -1.57767
148.6 -0.833271 -1.6503
148.7 -0.702132 -1.71281
148.8 -0.555293 -1.76404
148.9 -0.389626 -1.80259
149 -0.201686 -1.82679
149.1 0.0118021 -1.83469
149.2 0.252843 -1.82412
149.3 0.520191 -1.79286
149.4 0.806635 -1.73901
149.5 1.09691 -1.66159
149.6 1.36904 -1.56114
149.7 1.60077 -1.44008
149.8 1.77802 -1.30234
149.9 1.89884 -1.15251
150 1.97065 -0.994912
150.1 2.00461 -0.833094
150.2 2.01136 -0.669688
150.3 1.99923 -0.506549
150.4 1.97411 -0.344957
150.5 1.93989 -0.185799
150.6 1.89906 -0.0297044
150.7 1.85315 0.122856
150.8 1.80308 0.27151
150.9 1.74934 0.415941
151 1.69216 0.555863
151.1 1.63153 0.690996
151.2 1.56733 0.821057
151.3 1.49929 0.945744
151.4 1.427 1.06473
151.5 1.34993 1.17765
151.6 1.26741 1.28408
151.7 1.17857 1.38356
151.8 1.08234 1.47552
151.9 0.977379 1.55931
152 0.862005 1.63416
152.1 0.73414 1.69914
152.2 0.591241 1.75313
152.3 0.430285 1.79478
152.4 0.247872 1.82251
152.5 0.0406174 1.83441
152.6 -0.193923 1.82837
152.7 -0.455491 1.80214
152.8 -0.738521 1.75372
152.9 -1.02969 1.68183
153 -1.3082 1.58663
153.1 -1.55107 1.47009
153.2 -1.74169 1.33585
153.3 -1.87532 1.18844
153.4 -1.95766 1.03231
153.5 -1.99946 0.871209
153.6 -2.01174 0.707983
153.7 -2.00342 0.544649
153.8 -1.98093 0.382603
153.9 -1.94857 0.222811
154 -1.90912 0.0659521
154.1 -1.8643 -0.0874716
154.2 -1.81515 -0.23707
154.3 -1.76224 -0.382517
154.4 -1.70585 -0.52352
154.5 -1.64604 -0.659799
154.6 -1.5827 -0.791074
154.7 -1.51559 -0.917047
154.8 -1.44433 -1.0374
154.9 -1.36844 -1.15177
155 -1.28726 -1.25977
155.1 -1.19999 -1.36092
155.2 -1.1056 -1.45469
155.3 -1.00282 -1.54046
155.4 -0.890056 -1.61748
155.5 -0.765325 -1.68486
155.6 -0.626201 -1.74154
155.7 -0.469767 -1.78622
155.8 -0.292692 -1.81736
155.9 -0.0915299 -1.83315
156 0.136507 -1.83151
156.1 0.392003 -1.81021
156.2 0.67089 -1.76713
156.3 0.961792 -1.70079
156.4 1.24538 -1.61094
156.5 1.49845 -1.49912
156.6 1.70219 -1.36863
156.7 1.84897 -1.22389
156.8 1.94244 -1.06943
156.9 1.9927 -0.909211
157 2.01099 -0.746275
157.1 2.00683 -0.582821
157.2 1.98721 -0.420374
157.3 1.95686 -0.259984
157.4 1.91889 -0.102389
157.5 1.87521 0.0518776
157.6 1.82701 0.202403
157.7 1.77495 0.348849
157.8 1.71936 0.490917
157.9 1.66036 0.628328
158 1.59786 0.7608
158.1 1.53166 0.888042
158.2 1.46141 1.00974
158.3 1.38665 1.12555
158.4 1.30678 1.23507
158.5 1.22102 1.33787
158.6 1.1284 1.43343
158.7 1.02772 1.52114
158.8 0.917452 1.60028
158.9 0.795724 1.67
159 0.660213 1.72929
159.1 0.508118 1.77691
159.2 0.336189 1.81137
159.3 0.14096 1.83094
159.4 -0.080617 1.83358
159.5 -0.32983 1.81708
159.6 -0.603955 1.77926
159.7 -0.893509 1.71845
159.8 -1.18086 1.63403
159.9 -1.44307 1.52712
160 -1.65952 1.40064
160.1 -1.81966 1.25881
160.2 -1.92485 1.10625
160.3 -1.9842 0.947068
160.4 -2.00903 0.784541
160.5 -2.00941 0.62105
160.6 -1.99291 0.458259
160.7 -1.96474 0.297312
160.8 -1.92835 0.139008
160.9 -1.88588 -0.0160782
161 -1.83866 -0.167512
161.1 -1.78746 -0.31494
161.2 -1.73268 -0.45806
161.3 -1.67448 -0.596586
161.4 -1.61281 -0.73024
161.5 -1.54751 -0.858734
161.6 -1.47824 -0.98176
161.7 -1.40459 -1.09898
161.8 -1.32598 -1.21001
161.9 -1.24168 -1.31443
162 -1.15076 -1.41173
162.1 -1.05209 -1.50134
162.2 -0.944222 -1.58256
162.3 -0.825369 -1.65457
162.4 -0.693319 -1.71641
162.5 -0.545383 -1.76688
162.6 -0.378408 -1.80457
162.7 -0.188939 -1.8278
162.8 0.0262589 -1.83459
162.9 0.269053 -1.82278
163 0.537904 -1.79013
163.1 0.825132 -1.7348
163.2 1.11496 -1.65589
163.3 1.38514 -1.55404
163.4 1.61371 -1.4318
163.5 1.78731 -1.29315
163.6 1.90474 -1.1427
163.7 1.97381 -0.984745
163.8 2.00574 -0.822758
163.9 2.01108 -0.65932
164 1.99798 -0.496246
164.1 1.97218 -0.334785
164.2 1.93748 -0.175805
164.3 1.89629 -0.0199218
164.4 1.85009 0.132401
164.5 1.79978 0.280796
164.6 1.74582 0.42495
164.7 1.68842 0.564577
164.8 1.62757 0.699397
164.9 1.56314 0.829126
165 1.49484 0.953461
165.1 1.42226 1.07207
165.2 1.34487 1.18459
165.3 1.26197 1.2906
165.4 1.1727 1.38962
165.5 1.07596 1.48108
165.6 0.970392 1.56433
165.7 0.854293 1.63858
165.8 0.725555 1.7029
165.9 0.581606 1.75615
166 0.419393 1.79697
166.1 0.235501 1.82376
166.2 0.0265721 1.83459
166.3 -0.209731 1.82733
166.4 -0.472897 1.79975
166.5 -0.756928 1.74986
166.6 -1.04798 1.67647
166.7 -1.32488 1.57984
166.8 -1.56482 1.46206
166.9 -1.75184 1.32684
167 -1.88196 1.17875
167.1 -1.96139 1.0222
167.2 -2.00101 0.860898
167.3 -2.01174 0.697612
167.4 -2.00236 0.534324
167.5 -1.97913 0.372396
167.6 -1.94626 0.212772
167.7 -1.90642 0.0561175
167.8 -1.8613 -0.0970744
167.9 -1.8119 -0.246419
168 -1.75877 -0.391592
168.1 -1.70216 -0.532304
168.2 -1.64213 -0.668274
168.3 -1.57856 -0.799222
168.4 -1.51119 -0.924849
168.5 -1.43966 -1.04483
168.6 -1.36345 -1.15881
168.7 -1.28192 -1.26639
168.8 -1.19423 -1.36709
168.9 -1.09935 -1.46038
169 -0.995986 -1.54562
169.1 -0.882525 -1.62205
169.2 -0.75696 -1.68879
169.3 -0.616829 -1.74474
169.4 -0.459189 -1.78861
169.5 -0.280687 -1.81884
169.6 -0.0778905 -1.83359
169.7 0.151905 -1.83077
169.8 0.40907 -1.80814
169.9 0.689144 -1.76363
170 0.98023 -1.69578
170.1 1.26257 -1.60447
170.2 1.51298 -1.49135
170.3 1.7132 -1.35983
170.4 1.85639 -1.21434
170.5 1.94679 -1.05941
170.6 1.9947 -0.898933
170.7 2.01131 -0.735907
170.8 2.00599 -0.572478
170.9 1.98556 -0.410134
171 1.95466 -0.249902
171.1 1.91627 -0.0925034
171.2 1.87228 0.0615368
171.3 1.82382 0.211813
171.4 1.77152 0.35799
171.5 1.71572 0.499771
171.6 1.6565 0.636877
171.7 1.59377 0.769026
171.8 1.52733 0.895927
171.9 1.45681 1.01726
172 1.38175 1.13268
172.1 1.30153 1.2418
172.2 1.21536 1.34415
172.3 1.12227 1.43923
172.4 1.02103 1.52642
172.5 0.910096 1.60499
172.6 0.787568 1.67409
172.7 0.651094 1.73267
172.8 0.497842 1.7795
172.9 0.324539 1.81308
173 0.127719 1.83163
173.1 -0.0956006 1.83312
173.2 -0.346532 1.81533
173.3 -0.622001 1.7761
173.4 -0.912021 1.71379
173.5 -1.19848 1.6279
173.6 -1.45833 1.51964
173.7 -1.67139 1.39205
173.8 -1.82789 1.24941
173.9 -1.92986 1.09631
174 -1.98668 0.936832
174.1 -2.00969 0.774183
174.2 -2.0088 0.610693
174.3 -1.99142 0.447989
174.4 -1.96265 0.287189
174.5 -1.92582 0.129074
174.6 -1.88301 -0.0257925
174.7 -1.83553 -0.176982
174.8 -1.78409 -0.324146
174.9 -1.7291 -0.466982
175 -1.67067 -0.605208
175.1 -1.60878 -0.738543
175.2 -1.54323 -0.8667
175.3 -1.47371 -0.989369
175.4 -1.39976 -1.10621
175.5 -1.32081 -1.21684
175.6 -1.23612 -1.32082
175.7 -1.14475 -1.41765
175.8 -1.04554 -1.50675
175.9 -0.937034 -1.58741
176 -0.817414 -1.65881
176.1 -0.684441 -1.71996
176.2 -0.535397 -1.76966
176.3 -0.367099 -1.80649
176.4 -0.176087 -1.82874
176.5 0.0408276 -1.83442
176.6 0.285369 -1.82135
176.7 0.555693 -1.78731
176.8 0.843642 -1.7305
176.9 1.13292 -1.65009
177 1.40106 -1.54686
177.1 1.62642 -1.42344
177.2 1.79638 -1.28391
177.3 1.91044 -1.13287
177.4 1.97681 -0.974562
177.5 2.00677 -0.812415
177.6 2.01072 -0.648954
177.7 1.99667 -0.48595
177.8 1.97021 -0.324624
177.9 1.93504 -0.165823
178 1.89349 -0.0101537
178.1 1.84702 0.14193
178.2 1.79646 0.290065
178.3 1.74228 0.433941
178.4 1.68466 0.573271
178.5 1.62359 0.707777
178.6 1.55893 0.837173
178.7 1.49037 0.961155
178.8 1.4175 1.07939
178.9 1.33978 1.19151
179 1.25651 1.29709
179.1 1.1668 1.39565
179.2 1.06955 1.48661
179.3 0.963363 1.56932
179.4 0.84653 1.64297
179.5 0.716909 1.70662
179.6 0.571898 1.75912
179.7 0.408413 1.79911
179.8 0.22303 1.82494
179.9 0.0124158 1.83469
180 -0.225648 1.82621
180.1 -0.490389 1.79727
180.2 -0.775366 1.74591
180.3 -1.0662 1.67103
180.4 -1.34141 1.57297
180.5 -1.57835 1.45395
180.6 -1.76176 1.31779
180.7 -1.8884 1.16903
180.8 -1.96496 1.01208
180.9 -2.00244 0.850579
181 -2.01166 0.687242
181.1 -2.00124 0.524004
181.2 -1.9773 0.362198
181.3 -1.94392 0.202745
181.4 -1.90371 0.0462968
181.5 -1.85829 -0.106662
181.6 -1.80864 -0.255751
181.7 -1.75528 -0.40065
181.8 -1.69846 -0.541069
181.9 -1.63821 -0.67673
182 -1.5744 -0.807349
182.1 -1.50679 -0.932627
182.2 -1.43497 -1.05224
182.3 -1.35845 -1.16583
182.4 -1.27655 -1.27298
182.5 -1.18844 -1.37323
182.6 -1.09306 -1.46603
182.7 -0.989111 -1.55073
182.8 -0.874946 -1.62658
182.9 -0.748536 -1.69267
183 -0.607387 -1.7479
183.1 -0.448527 -1.79095
183.2 -0.268585 -1.82026
183.3 -0.0641418 -1.83396
183.4 0.167415 -1.82995
183.5 0.426231 -1.80599
183.6 0.707445 -1.76003
183.7 0.998633 -1.69068
183.8 1.27963 -1.59792
183.9 1.5273 -1.48352
184 1.72398 -1.35097
184.1 1.8636 -1.20475
184.2 1.95097 -1.04936
184.3 1.99657 -0.888645
184.4 2.01154 -0.725538
184.5 2.00508 -0.562139
184.6 1.98387 -0.399903
184.7 1.95242 -0.239832
184.8 1.91363 -0.0826317
184.9 1.86933 0.0711808
185 1.82061 0.221206
185.1 1.76809 0.367113
185.2 1.71207 0.508606
185.3 1.65263 0.645406
185.4 1.58967 0.777232
185.5 1.52298 0.903789
185.6 1.45219 1.02476
185.7 1.37682 1.13979
185.8 1.29625 1.24849
185.9 1.20968 1.3504
186 1.11611 1.445
186.1 1.0143 1.53166
186.2 0.902694 1.60966
186.3 0.779356 1.67812
186.4 0.641908 1.736
186.5 0.487485 1.78204
186.6 0.312793 1.81472
186.7 0.114371 1.83226
186.8 -0.110697 1.83259
186.9 -0.363334 1.8135
187 -0.640108 1.77285
187.1 -0.93052 1.70904
187.2 -1.21599 1.62168
187.3 -1.47339 1.51208
187.4 -1.68303 1.3834
187.5 -1.8359 1.23997
187.6 -1.93468 1.08635
187.7 -1.98903 0.926585
187.8 -2.01025 0.763821
187.9 -2.00812 0.600339
188 -1.98989 0.437727
188.1 -1.96053 0.277077
188.2 -1.92326 0.119153
188.3 -1.88013 -0.0354921
188.4 -1.83238 -0.186436
188.5 -1.78071 -0.333334
188.6 -1.72549 -0.475887
188.7 -1.66685 -0.61381
188.8 -1.60474 -0.746826
188.9 -1.53895 -0.874645
189 -1.46916 -0.996954
189.1 -1.39491 -1.11341
189.2 -1.31562 -1.22363
189.3 -1.23053 -1.32718
189.4 -1.13871 -1.42354
189.5 -1.03895 -1.51212
189.6 -0.9298 -1.59222
189.7 -0.809405 -1.663
189.8 -0.675499 -1.72346
189.9 -0.525333 -1.7724
190 -0.355699 -1.80836
190.1 -0.163132 -1.82961
190.2 0.0555086 -1.83417
190.3 0.301792 -1.81983
190.4 0.573557 -1.7844
190.5 0.862159 -1.72611
190.6 1.1508 -1.64421
190.7 1.41682 -1.5396
190.8 1.63891 -1.41503
190.9 1.80522 -1.27463
191 1.91595 -1.12301
191.1 1.97968 -0.964364
191.2 2.0077 -0.802068
191.3 2.01029 -0.63859
191.4 1.99531 -0.47566
191.5 1.96821 -0.314472
191.6 1.93257 -0.155854
191.7 1.89068 -0.000399913
191.8 1.84393 0.151444
191.9 1.79313 0.299317
192 1.73873 0.442913
192.1 1.68089 0.581945
192.2 1.6196 0.716136
192.3 1.5547 0.845198
192.4 1.48588 0.968827
192.5 1.41272 1.08669
192.6 1.33468 1.19841
192.7 1.25102 1.30356
192.8 1.16087 1.40165
192.9 1.06309 1.49211
193 0.956292 1.57426
193.1 0.838715 1.64731
193.2 0.708202 1.71029
193.3 0.562115 1.76205
193.4 0.397346 1.80119
193.5 0.210457 1.82605
193.6 -0.00185183 1.83472
193.7 -0.241675 1.825
193.8 -0.507966 1.7947
193.9 -0.79383 1.74187
194 -1.08437 1.66548
194.1 -1.35779 1.56601
194.2 -1.59167 1.44578
194.3 -1.77144 1.30868
194.4 -1.89464 1.15928
194.5 -1.96838 1.00195
194.6 -2.00376 0.840252
194.7 -2.01151 0.676872
194.8 -2.00007 0.513691
194.9 -1.97543 0.35201
195 -1.94155 0.19273
195.1 -1.90097 0.0364902
195.2 -1.85526 -0.116233
195.3 -1.80536 -0.265066
195.4 -1.75178 -0.409689
195.5 -1.69474 -0.549815
195.6 -1.63427 -0.685164
195.7 -1.57023 -0.815454
195.8 -1.50236 -0.940384
195.9 -1.43027 -1.05963
196 -1.35342 -1.17282
196.1 -1.27116 -1.27955
196.2 -1.18262 -1.37934
196.3 -1.08674 -1.47165
196.4 -0.982195 -1.55581
196.5 -0.867319 -1.63107
196.6 -0.740052 -1.6965
196.7 -0.597874 -1.751
196.8 -0.43778 -1.79323
196.9 -0.256383 -1.82161
197 -0.0502834 -1.83425
197.1 0.183035 -1.82904
197.2 0.443484 -1.80375
197.3 0.725789 -1.75633
197.4 1.017 -1.68548
197.5 1.29656 -1.59128
197.6 1.54141 -1.47561
197.7 1.73452 -1.34206
197.8 1.87059 -1.19513
197.9 1.95497 -1.03929
198 1.99832 -0.878348
198.1 2.01168 -0.715168
198.2 2.00412 -0.551805
198.3 1.98215 -0.38968
198.4 1.95016 -0.229773
198.5 1.91097 -0.0727738
198.6 1.86636 0.0808096
198.7 1.81739 0.230583
198.8 1.76464 0.376219
198.9 1.7084 0.517423
199 1.64874 0.653916
199.1 1.58556 0.785416
199.2 1.51862 0.911629
199.3 1.44755 1.03223
199.4 1.37188 1.14688
199.5 1.29095 1.25516
199.6 1.20396 1.35663
199.7 1.10991 1.45074
199.8 1.00753 1.53687
199.9 0.895245 1.6143
200 0.771088 1.68212
