0 2 0
0.1 1.91368 0.137716
0.2 1.83863 0.269792
0.3 1.7695 0.396814
0.4 1.70315 0.519081
0.5 1.63754 0.636712
0.6 1.57129 0.749706
0.7 1.5033 0.857979
0.8 1.43265 0.961376
0.9 1.35848 1.05968
1 1.27986 1.15261
1.1 1.19579 1.23981
1.2 1.10506 1.32087
1.3 1.00622 1.39527
1.4 0.897455 1.46236
1.5 0.776509 1.52138
1.6 0.640528 1.57138
1.7 0.485969 1.61116
1.8 0.308586 1.63929
1.9 0.103686 1.65398
2 -0.132994 1.65314
2.1 -0.403204 1.63445
2.2 -0.702514 1.59566
2.3 -1.01604 1.53516
2.4 -1.31755 1.45283
2.5 -1.57694 1.35059
2.6 -1.77357 1.23221
2.7 -1.90406 1.10235
2.8 -1.97852 0.965345
2.9 -2.01177 0.824638
3 -2.01709 0.682642
3.1 -2.00418 0.54096
3.2 -1.97946 0.400634
3.3 -1.94689 0.262344
3.4 -1.90888 0.126549
3.5 -1.86683 -0.00641964
3.6 -1.82152 -0.136309
3.7 -1.77338 -0.262907
3.8 -1.72256 -0.386019
3.9 -1.66907 -0.505459
4 -1.6128 -0.621035
4.1 -1.55351 -0.732543
4.2 -1.4909 -0.839762
4.3 -1.42456 -0.942442
4.4 -1.35395 -1.0403
4.5 -1.27842 -1.13302
4.6 -1.19714 -1.22023
4.7 -1.10906 -1.30148
4.8 -1.01286 -1.37624
4.9 -0.906865 -1.4439
5 -0.78894 -1.50369
5.1 -0.656381 -1.55468
5.2 -0.505805 -1.59572
5.3 -0.333121 -1.6254
5.4 -0.133727 -1.64201
5.5 0.0967342 -1.6435
5.6 0.360543 -1.6276
5.7 0.654513 -1.592
5.8 0.9657 -1.53499
5.9 1.26965 -1.45615
6 1.53633 -1.35705
6.1 1.74296 -1.24119
6.2 1.88335 -1.11313
6.3 1.96586 -0.977286
6.4 2.00489 -0.837254
6.5 2.0141 -0.695596
6.6 2.00375 -0.554028
6.7 1.98069 -0.41367
6.8 1.94923 -0.275251
6.9 1.91198 -0.139264
7 1.87048 -0.0060565
7.1 1.8256 0.124106
7.2 1.77781 0.251003
7.3 1.72732 0.374439
7.4 1.67414 0.494225
7.5 1.61817 0.610168
7.6 1.55921 0.722066
7.7 1.49695 0.829698
7.8 1.431 0.932818
7.9 1.36084 1.03115
8 1.28582 1.12437
8.1 1.20514 1.21212
8.2 1.11777 1.29395
8.3 1.02241 1.36936
8.4 0.917443 1.43773
8.5 0.80077 1.49831
8.6 0.669747 1.55018
8.7 0.521063 1.59222
8.8 0.350689 1.62306
8.9 0.154054 1.641
9 -0.0732817 1.64403
9.1 -0.333917 1.62989
9.2 -0.625375 1.59627
9.3 -0.935799 1.54135
9.4 -1.24173 1.46457
9.5 -1.51317 1.36727
9.6 -1.72609 1.25283
9.7 -1.87262 1.12573
9.8 -1.96007 0.990464
9.9 -2.00263 0.850707
10 -2.01419 0.70912
10.1 -2.00536 0.567489
10.2 -1.9833 0.426979
10.3 -1.95251 0.288352
10.4 -1.91573 0.152116
10.5 -1.87459 0.0186312
10.6 -1.83001 -0.111831
10.7 -1.78249 -0.239049
10.8 -1.73225 -0.362823
10.9 -1.67932 -0.482965
11 -1.62363 -0.599283
11.1 -1.56497 -0.711576
11.2 -1.50304 -0.819625
11.3 -1.43746 -0.923187
11.4 -1.36773 -1.02199
11.5 -1.29321 -1.11571
11.6 -1.2131 -1.204
11.7 -1.12642 -1.28642
11.8 -1.03189 -1.36246
11.9 -0.927921 -1.43153
12 -0.812468 -1.49289
12.1 -0.682946 -1.54564
12.2 -0.536108 -1.58867
12.3 -0.367995 -1.62064
12.4 -0.174066 -1.6399
12.5 0.0501821 -1.64445
12.6 0.307637 -1.63204
12.7 0.596489 -1.60037
12.8 0.905941 -1.54754
12.9 1.21357 -1.47281
13 1.48953 -1.37736
13.1 1.70866 -1.26436
13.2 1.86139 -1.13827
13.3 1.9539 -1.00361
13.4 2.0001 -0.864148
13.5 2.01411 -0.722646
13.6 2.00686 -0.580961
13.7 1.98583 -0.440307
13.8 1.95573 -0.301475
13.9 1.91945 -0.164994
14 1.87867 -0.0312338
14.1 1.8344 0.0995271
14.2 1.78714 0.227063
14.3 1.73715 0.351174
14.4 1.68449 0.47167
14.5 1.62906 0.588361
14.6 1.5707 0.701047
14.7 1.5091 0.809511
14.8 1.44389 0.913512
14.9 1.37457 1.01278
15 1.30054 1.107
15.1 1.22101 1.19582
15.2 1.135 1.27882
15.3 1.04129 1.3555
15.4 0.938296 1.42527
15.5 0.824039 1.48739
15.6 0.695988 1.54101
15.7 0.550961 1.58502
15.8 0.385065 1.61812
15.9 0.193801 1.63866
16 -0.027388 1.64471
16.1 -0.281651 1.63402
16.2 -0.5678 1.60428
16.3 -0.876073 1.55352
16.4 -1.18512 1.48086
16.5 -1.46537 1.38728
16.6 -1.69061 1.27578
16.7 -1.84961 1.15073
16.8 -1.94732 1.01671
16.9 -1.99729 0.877571
17 -2.01383 0.736171
17.1 -2.00824 0.594443
17.2 -1.98829 0.453651
17.3 -1.95891 0.314619
17.4 -1.92312 0.177896
17.5 -1.88272 0.0438637
17.6 -1.83875 -0.0871936
17.7 -1.79177 -0.215046
17.8 -1.74204 -0.339491
17.9 -1.68963 -0.460341
18 -1.63447 -0.577403
18.1 -1.5764 -0.69048
18.2 -1.51512 -0.799356
18.3 -1.45027 -0.903794
18.4 -1.38138 -1.00353
18.5 -1.30782 -1.09824
18.6 -1.22885 -1.1876
18.7 -1.14351 -1.27117
18.8 -1.05059 -1.34848
18.9 -0.948568 -1.41893
19 -0.835485 -1.48182
19.1 -0.708875 -1.53629
19.2 -0.565624 -1.58127
19.3 -0.401905 -1.61547
19.4 -0.213263 -1.63729
19.5 0.0048977 -1.64482
19.6 0.25596 -1.63583
19.7 0.539321 -1.608
19.8 0.84622 -1.5593
19.9 1.15641 -1.48873
20 1.44069 -1.39704
20.1 1.67195 -1.28707
20.2 1.83726 -1.16311
20.3 1.9403 -1.02976
20.4 1.99417 -0.890974
20.5 2.01336 -0.749694
20.6 2.00949 -0.607934
20.7 1.99066 -0.467011
20.8 1.96202 -0.327785
20.9 1.92675 -0.190823
21 1.88674 -0.0565206
21.1 1.84308 0.0748309
21.2 1.79637 0.202998
21.3 1.74689 0.327776
21.4 1.69474 0.448977
21.5 1.63986 0.566409
21.6 1.58207 0.679875
21.7 1.52111 0.789161
21.8 1.45662 0.894033
21.9 1.38814 0.994226
22 1.31506 1.08944
22.1 1.23664 1.17932
22.2 1.15196 1.26347
22.3 1.05982 1.34139
22.4 0.95874 1.41253
22.5 0.846809 1.47617
22.6 0.721612 1.53148
22.7 0.580102 1.57743
22.8 0.418519 1.61272
22.9 0.232456 1.6358
23 0.0172905 1.64477
23.1 -0.230569 1.63746
23.2 -0.511066 1.61153
23.3 -0.816405 1.56489
23.4 -1.12746 1.4964
23.5 -1.41552 1.40663
23.6 -1.65268 1.29823
23.7 -1.82434 1.17541
23.8 -1.93283 1.04277
23.9 -1.99075 0.904355
24 -2.01268 0.763213
24.1 -2.01061 0.621432
24.2 -1.99294 0.480387
24.3 -1.96508 0.340971
24.4 -1.93034 0.203774
24.5 -1.89073 0.0692045
24.6 -1.84738 -0.0624392
24.7 -1.80094 -0.190919
24.8 -1.75173 -0.316029
24.9 -1.69983 -0.437579
25 -1.64521 -0.555378
25.1 -1.58771 -0.669231
25.2 -1.52707 -0.778926
25.3 -1.46294 -0.88423
25.4 -1.39485 -0.984881
25.5 -1.32224 -1.08058
25.6 -1.24437 -1.17099
25.7 -1.16033 -1.2557
25.8 -1.06897 -1.33425
25.9 -0.968813 -1.40605
26 -0.858012 -1.47045
26.1 -0.734202 -1.5266
26.2 -0.594397 -1.57348
26.3 -0.43491 -1.60985
26.4 -0.251383 -1.63417
26.5 -0.0391789 -1.64458
26.6 0.205481 -1.63893
26.7 0.483046 -1.61486
26.8 0.78665 -1.57027
26.9 1.0983 -1.50387
27 1.38988 -1.41605
27.1 1.63279 -1.30926
27.2 1.81084 -1.18761
27.3 1.9249 -1.05572
27.4 1.98699 -0.917712
27.5 2.01178 -0.776726
27.6 2.01159 -0.634938
27.7 1.99513 -0.493779
27.8 1.96807 -0.354178
27.9 1.93389 -0.21675
28 1.89468 -0.081915
28.1 1.85166 0.0500187
28.2 1.8055 0.178809
28.3 1.75654 0.304249
28.4 1.70489 0.426146
28.5 1.65054 0.544312
28.6 1.59332 0.65855
28.7 1.533 0.768651
28.8 1.46921 0.874385
28.9 1.40153 0.975492
29 1.32938 1.07168
29.1 1.25205 1.16261
29.2 1.16864 1.24788
29.3 1.07803 1.32704
29.4 0.97879 1.39952
29.5 0.869098 1.46465
29.6 0.746646 1.52162
29.7 0.608515 1.56944
29.8 0.451083 1.60688
29.9 0.27005 1.63242
30 0.0607698 1.64425
30.1 -0.180698 1.64022
30.2 -0.455271 1.61801
30.3 -0.756976 1.57545
30.4 -1.06895 1.51115
30.5 -1.36378 1.42529
30.6 -1.6123 1.32016
30.7 -1.79675 1.19973
30.8 -1.9165 1.06862
30.9 -1.9829 0.931042
31 -2.01066 0.790233
31.1 -2.01242 0.64845
31.2 -1.99723 0.507184
31.3 -1.971 0.367404
31.4 -1.93739 0.229748
31.5 -1.8986 0.0946519
31.6 -1.8559 -0.0375697
31.7 -1.81002 -0.166669
31.8 -1.76132 -0.292437
31.9 -1.70994 -0.41468
32 -1.65584 -0.53321
32.1 -1.59891 -0.647832
32.2 -1.53889 -0.758337
32.3 -1.47546 -0.864497
32.4 -1.40817 -0.966058
32.5 -1.33647 -1.06273
32.6 -1.25967 -1.15417
32.7 -1.17689 -1.24001
32.8 -1.08702 -1.31977
32.9 -0.988673 -1.39291
33 -0.880068 -1.45878
33.1 -0.758948 -1.51657
33.2 -0.622457 -1.56531
33.3 -0.467041 -1.60379
33.4 -0.288459 -1.63055
33.5 -0.082066 -1.64377
33.6 0.156221 -1.64135
33.7 0.427752 -1.62098
33.8 0.727405 -1.58044
33.9 1.03946 -1.51823
34 1.33725 -1.43436
34.1 1.59122 -1.33092
34.2 1.78206 -1.21174
34.3 1.9076 -1.08146
34.4 1.97846 -0.944344
34.5 2.00931 -0.803732
34.6 2.0131 -0.661967
34.7 1.99923 -0.520603
34.8 1.97386 -0.38065
34.9 1.94085 -0.242771
35 1.90248 -0.107415
35.1 1.86012 0.0250922
35.2 1.81452 0.154499
35.3 1.76608 0.280593
35.4 1.71495 0.40318
35.5 1.66112 0.522072
35.6 1.60447 0.637075
35.7 1.54476 0.747983
35.8 1.48167 0.854568
35.9 1.41477 0.956579
36 1.34352 1.05373
36.1 1.26724 1.14569
36.2 1.18507 1.23208
36.3 1.09593 1.31244
36.4 0.998463 1.38624
36.5 0.890925 1.45283
36.6 0.771111 1.51143
36.7 0.636227 1.56108
36.8 0.48279 1.60061
36.9 0.306614 1.62855
37 0.10307 1.64315
37.1 -0.13205 1.64232
37.2 -0.400497 1.62376
37.3 -0.697956 1.58522
37.4 -1.00983 1.52511
37.5 -1.31031 1.44325
37.6 -1.56954 1.34153
37.7 -1.76676 1.22366
37.8 -1.89821 1.09424
37.9 -1.97366 0.957615
38 -2.00772 0.81722
38.1 -2.01362 0.675488
38.2 -2.00112 0.534036
38.3 -1.97666 0.393915
38.4 -1.94425 0.255816
38.5 -1.90633 0.120204
38.6 -1.86431 -0.0125864
38.7 -1.819 -0.142298
38.8 -1.77082 -0.268717
38.9 -1.71994 -0.391647
39 -1.66637 -0.5109
39.1 -1.61 -0.626282
39.2 -1.55059 -0.737589
39.3 -1.48784 -0.844597
39.4 -1.42132 -0.947056
39.5 -1.35052 -1.04468
39.6 -1.27475 -1.13715
39.7 -1.19319 -1.22409
39.8 -1.10477 -1.30505
39.9 -1.00816 -1.3795
40 -0.90167 -1.44681
40.1 -0.783138 -1.50621
40.2 -0.64983 -1.55676
40.3 -0.498332 -1.59731
40.4 -0.324521 -1.62643
40.5 -0.123786 -1.64239
40.6 0.108188 -1.64313
40.7 0.373513 -1.62636
40.8 0.668647 -1.58981
40.9 0.980112 -1.53179
41 1.283 -1.45196
41.1 1.54729 -1.352
41.2 1.75086 -1.23547
41.3 1.88831 -1.10696
41.4 1.96848 -0.970852
41.5 2.00587 -0.830698
41.6 2.01398 -0.689012
41.7 2.00291 -0.54748
41.8 1.97938 -0.407199
41.9 1.94761 -0.268884
42 1.91014 -0.133019
42.1 1.86847 5.26821e-05
42.2 1.82345 0.130068
42.3 1.77553 0.256809
42.4 1.72491 0.38008
42.5 1.6716 0.499691
42.6 1.6155 0.615452
42.7 1.55639 0.727157
42.8 1.49398 0.834585
42.9 1.42784 0.937489
43 1.35747 1.03559
43.1 1.28221 1.12857
43.2 1.20124 1.21605
43.3 1.11353 1.2976
43.4 1.01777 1.3727
43.5 0.912307 1.44072
43.6 0.79503 1.50091
43.7 0.663267 1.55236
43.8 0.513671 1.59391
43.9 0.342183 1.62419
44 0.144215 1.64149
44.1 -0.0846323 1.64378
44.2 -0.346808 1.62878
44.3 -0.639497 1.5942
44.4 -0.950316 1.53827
44.5 -1.25532 1.46049
44.6 -1.52447 1.36231
44.7 -1.73435 1.24718
44.8 -1.87789 1.1196
44.9 -1.96292 0.984054
45 -2.00375 0.844161
45.1 -2.01416 0.702538
45.2 -2.00459 0.560937
45.3 -1.98203 0.4205
45.4 -1.95092 0.281974
45.5 -1.91391 0.145859
45.6 -1.87259 0.0125089
45.7 -1.82787 -0.117808
45.8 -1.78022 -0.24487
45.9 -1.72985 -0.36848
46 -1.6768 -0.488448
46.1 -1.62098 -0.604584
46.2 -1.56217 -0.716685
46.3 -1.50008 -0.824532
46.4 -1.43432 -0.927879
46.5 -1.36438 -1.02645
46.6 -1.28962 -1.11993
46.7 -1.20923 -1.20796
46.8 -1.12222 -1.29009
46.9 -1.02729 -1.36583
47 -0.922836 -1.43456
47.1 -0.806792 -1.49553
47.2 -0.676543 -1.54786
47.3 -0.528812 -1.59041
47.4 -0.359604 -1.62183
47.5 -0.164363 -1.64045
47.6 0.0613838 -1.64427
47.7 0.320389 -1.63102
47.8 0.61052 -1.5984
47.9 0.920472 -1.54455
48 1.22731 -1.46882
48.1 1.5011 -1.37247
48.2 1.71722 -1.25877
48.3 1.86692 -1.13218
48.4 1.95695 -0.997216
48.5 2.00137 -0.85761
48.6 2.01417 -0.716064
48.7 2.00615 -0.574404
48.8 1.98461 -0.43382
48.9 1.95417 -0.295087
49 1.91764 -0.158725
49.1 1.87669 -0.0250981
49.2 1.83227 0.105518
49.3 1.78488 0.232899
49.4 1.73477 0.356846
49.5 1.68198 0.47717
49.6 1.62642 0.59368
49.7 1.56791 0.706175
49.8 1.50615 0.814437
49.9 1.44076 0.918225
50 1.37125 1.01727
50.1 1.29698 1.11125
50.2 1.21717 1.19981
50.3 1.13083 1.28253
50.4 1.03673 1.3589
50.5 0.93326 1.42832
50.6 0.818425 1.49008
50.7 0.689661 1.54327
50.8 0.543758 1.58681
50.9 0.376788 1.61936
51 0.184232 1.63928
51.1 -0.0384413 1.6446
51.2 -0.294259 1.63308
51.3 -0.581734 1.6024
51.4 -0.890606 1.55063
51.5 -1.199 1.47697
51.6 -1.47719 1.38247
51.7 -1.69947 1.27024
51.8 -1.85541 1.14468
51.9 -1.95057 1.01034
52 -1.9987 0.871042
52.1 -2.01399 0.72959
52.2 -2.00759 0.587881
52.3 -1.9871 0.447156
52.4 -1.95737 0.308221
52.5 -1.92134 0.171615
52.6 -1.88076 0.0377147
52.7 -1.83664 -0.0931986
52.8 -1.78952 -0.220897
52.9 -1.73966 -0.34518
53 -1.68713 -0.465858
53.1 -1.63185 -0.58274
53.2 -1.57363 -0.695627
53.3 -1.51219 -0.804302
53.4 -1.44717 -0.908528
53.5 -1.37807 -1.00803
53.6 -1.30428 -1.10251
53.7 -1.22504 -1.19161
53.8 -1.13938 -1.2749
53.9 -1.04608 -1.35191
54 -0.943582 -1.42202
54.1 -0.829931 -1.48454
54.2 -0.702623 -1.53859
54.3 -0.558513 -1.58311
54.4 -0.39374 -1.61677
54.5 -0.203827 -1.63798
54.6 0.0158034 -1.64478
54.7 0.268424 -1.63497
54.8 0.553151 -1.60621
54.9 0.860743 -1.55651
55 1.17041 -1.48492
55.1 1.45276 -1.39231
55.2 1.68111 -1.28159
55.3 1.84334 -1.1571
55.4 1.94377 -1.02341
55.5 1.99573 -0.884455
55.6 2.01361 -0.743114
55.7 2.0089 -0.601368
55.8 1.98951 -0.460508
55.9 1.96051 -0.321376
56 1.92499 -0.18453
56.1 1.88479 -0.0503585
56.2 1.84098 0.0808501
56.3 1.79413 0.208864
56.4 1.74453 0.333481
56.5 1.69226 0.454511
56.6 1.63724 0.571763
56.7 1.57931 0.68504
56.8 1.5182 0.794127
56.9 1.45354 0.898788
57 1.38485 0.998757
57.1 1.31154 1.09373
57.2 1.23286 1.18336
57.3 1.14786 1.26722
57.4 1.05534 1.34485
57.5 0.953802 1.41565
57.6 0.841314 1.47893
57.7 0.715433 1.53383
57.8 0.57308 1.57931
57.9 0.410463 1.61407
58 0.22315 1.63654
58.1 0.00653153 1.64481
58.2 -0.242887 1.63669
58.3 -0.524786 1.60983
58.4 -0.830907 1.56219
58.5 -1.14157 1.49269
58.6 -1.42783 1.40198
58.7 -1.66213 1.29282
58.8 -1.8307 1.16943
58.9 -1.93652 1.03644
59 -1.99245 0.897847
59.1 -2.01304 0.756635
59.2 -2.01008 0.614863
59.3 -1.99184 0.473877
59.4 -1.9636 0.334552
59.5 -1.9286 0.197469
59.6 -1.88879 0.0630293
59.7 -1.84529 -0.0684725
59.8 -1.79872 -0.1968
59.9 -1.74938 -0.321749
60 -1.69736 -0.443129
60.1 -1.64261 -0.56075
60.2 -1.58497 -0.674415
60.3 -1.52417 -0.783912
60.4 -1.45987 -0.889006
60.5 -1.39159 -0.989434
60.6 -1.31875 -1.0849
60.7 -1.24062 -1.17505
60.8 -1.15627 -1.25949
60.9 -1.06453 -1.33773
61 -0.963924 -1.40921
61.1 -0.852576 -1.47324
61.2 -0.728094 -1.52899
61.3 -0.587464 -1.57541
61.4 -0.426962 -1.61126
61.5 -0.242206 -1.63498
61.6 -0.0285655 -1.6447
61.7 0.217651 -1.63823
61.8 0.49665 -1.61326
61.9 0.801119 -1.56767
62 1.11251 -1.50026
62.1 1.40241 -1.41149
62.2 1.64254 -1.30391
62.3 1.81748 -1.18168
62.4 1.92881 -1.04942
62.5 1.98886 -0.911215
62.6 2.01225 -0.770152
62.7 2.01113 -0.628366
62.8 1.99408 -0.487261
62.9 1.96662 -0.347749
63 1.93217 -0.210433
63.1 1.89276 -0.0757268
63.2 1.84958 0.056066
63.3 1.80328 0.184705
63.4 1.7542 0.309985
63.5 1.70243 0.431714
63.6 1.64795 0.549701
63.7 1.5906 0.663752
63.8 1.53012 0.773656
63.9 1.46616 0.879181
64 1.39829 0.980066
64.1 1.32591 1.07602
64.2 1.24832 1.16669
64.3 1.16461 1.25169
64.4 1.07363 1.33055
64.5 0.973947 1.40271
64.6 0.863718 1.46748
64.7 0.740609 1.52405
64.8 0.601667 1.57142
64.9 0.44324 1.60834
65 0.260999 1.63329
65.1 0.0503009 1.64443
65.2 -0.192719 1.63961
65.3 -0.468755 1.61651
65.4 -0.771404 1.57295
65.5 -1.08325 1.50763
65.6 -1.37653 1.42082
65.7 -1.62235 1.31488
65.8 -1.80368 1.19384
65.9 -1.92064 1.06235
66 -1.98494 0.924559
66.1 -2.01124 0.783662
66.2 -2.01203 0.641875
66.3 -1.99622 0.500659
66.4 -1.96958 0.360966
66.5 -1.93569 0.22342
66.6 -1.8967 0.0884509
66.7 -1.85384 -0.0436308
66.8 -1.80782 -0.17258
66.9 -1.759 -0.298189
67 -1.70749 -0.420264
67.1 -1.65327 -0.538617
67.2 -1.5962 -0.653052
67.3 -1.53603 -0.763361
67.4 -1.47242 -0.869314
67.5 -1.40494 -0.970654
67.6 -1.33303 -1.06709
67.7 -1.25597 -1.15828
67.8 -1.17288 -1.24385
67.9 -1.08266 -1.32331
68 -0.983876 -1.39613
68.1 -0.874744 -1.46164
68.2 -0.75298 -1.51904
68.3 -0.615694 -1.56733
68.4 -0.459303 -1.60531
68.5 -0.279533 -1.63147
68.6 -0.0717401 -1.64402
68.7 0.168093 -1.64082
68.8 0.44111 -1.61956
68.9 0.74178 -1.57804
69 1.05383 -1.51481
69.1 1.35021 -1.42997
69.2 1.60155 -1.3257
69.3 1.78928 -1.20591
69.4 1.91199 -1.07522
69.5 1.98067 -0.937875
69.6 2.01 -0.797165
69.7 2.01279 -0.655389
69.8 1.99827 -0.514072
69.9 1.97248 -0.374203
70 1.93917 -0.236431
70.1 1.9006 -0.101201
70.2 1.85807 0.0311671
70.3 1.81234 0.160425
70.4 1.76377 0.28636
70.5 1.71251 0.40878
70.6 1.65856 0.527496
70.7 1.60177 0.642314
70.8 1.54191 0.753026
70.9 1.47865 0.859405
71 1.41156 0.961197
71.1 1.34009 1.05811
71.2 1.26356 1.14982
71.3 1.1811 1.23594
71.4 1.09161 1.31601
71.5 0.99371 1.38949
71.6 0.885656 1.45573
71.7 0.76521 1.51394
71.8 0.629548 1.56315
71.9 0.475153 1.60217
72 0.297811 1.62954
72.1 0.092886 1.64347
72.2 -0.143773 1.64187
72.3 -0.413725 1.62243
72.4 -0.712269 1.58292
72.5 -1.02426 1.52178
72.6 -1.32347 1.43895
72.7 -1.58016 1.33639
72.8 -1.77428 1.21787
72.9 -1.90285 1.08803
73 -1.97604 0.951161
73.1 -2.00852 0.810658
73.2 -2.01339 0.668908
73.3 -2.00021 0.527498
73.4 -1.97531 0.387458
73.5 -1.9426 0.249465
73.6 -1.90446 0.113978
73.7 -1.86227 -0.0186751
73.8 -1.81682 -0.148239
73.9 -1.76852 -0.2745
74 -1.71752 -0.397263
74.1 -1.66382 -0.516341
74.2 -1.60731 -0.631539
74.3 -1.54776 -0.742651
74.4 -1.48484 -0.849454
74.5 -1.41814 -0.951695
74.6 -1.34712 -1.04909
74.7 -1.2711 -1.14131
74.8 -1.18924 -1.22798
74.9 -1.10048 -1.30865
75 -1.00345 -1.38279
75.1 -0.896455 -1.44975
75.2 -0.777303 -1.50876
75.3 -0.643232 -1.55888
75.4 -0.490795 -1.59893
75.5 -0.315839 -1.62747
75.6 -0.113742 -1.64277
75.7 0.119761 -1.64276
75.8 0.386609 -1.62512
75.9 0.68289 -1.5876
76 0.994586 -1.52856
76.1 1.29633 -1.44775
76.2 1.55819 -1.34692
76.3 1.75868 -1.22974
76.4 1.8932 -1.10078
76.5 1.97105 -0.964416
76.6 2.0068 -0.824141
76.7 2.01383 -0.682431
76.8 2.00205 -0.540937
76.9 1.97807 -0.400733
77 1.94598 -0.262522
77.1 1.90829 -0.12678
77.2 1.86645 0.00615499
77.3 1.82128 0.136023
77.4 1.77324 0.262607
77.5 1.72249 0.385712
77.6 1.66906 0.50515
77.7 1.61283 0.620726
77.8 1.55357 0.732238
77.9 1.49099 0.839462
78 1.42468 0.94215
78.1 1.35409 1.04002
78.2 1.27859 1.13275
78.3 1.19733 1.21997
78.4 1.10927 1.30123
78.5 1.01311 1.37601
78.6 0.907145 1.44369
78.7 0.78926 1.5035
78.8 0.656749 1.55451
78.9 0.506232 1.59558
79 0.333619 1.62529
79.1 0.13431 1.64194
79.2 -0.0960557 1.64348
79.3 -0.359767 1.62762
79.4 -0.65366 1.59209
79.5 -0.964822 1.53514
79.6 -1.26883 1.45636
79.7 -1.53565 1.35731
79.8 -1.74246 1.24149
79.9 -1.88303 1.11346
80 -1.96568 0.977635
80.1 -2.00482 0.837612
80.2 -2.01409 0.695956
80.3 -2.00378 0.554388
80.4 -1.98075 0.414026
80.5 -1.94931 0.275602
80.6 -1.91208 0.139608
80.7 -1.87059 0.00639307
80.8 -1.82572 -0.123777
80.9 -1.77794 -0.250683
81 -1.72745 -0.374128
81.1 -1.67427 -0.493924
81.2 -1.61831 -0.609877
81.3 -1.55936 -0.721785
81.4 -1.49712 -0.829429
81.5 -1.43117 -0.932561
81.6 -1.36102 -1.0309
81.7 -1.28602 -1.12414
81.8 -1.20535 -1.2119
81.9 -1.118 -1.29375
82 -1.02267 -1.36918
82.1 -0.917726 -1.43756
82.2 -0.801085 -1.49816
82.3 -0.670103 -1.55006
82.4 -0.521469 -1.59213
82.5 -0.351157 -1.62299
82.6 -0.154595 -1.64097
82.7 0.072658 -1.64405
82.8 0.333208 -1.62995
82.9 0.624597 -1.59638
83 0.934998 -1.54152
83.1 1.24098 -1.46479
83.2 1.51254 -1.36755
83.3 1.72563 -1.25314
83.4 1.87232 -1.12607
83.5 1.95991 -0.990817
83.6 2.00256 -0.851068
83.7 2.01419 -0.709483
83.8 2.0054 -0.56785
83.9 1.98337 -0.427336
84 1.95259 -0.288704
84.1 1.91583 -0.152461
84.2 1.8747 -0.0189688
84.3 1.83013 0.111502
84.4 1.78261 0.238728
84.5 1.73238 0.362511
84.6 1.67946 0.482663
84.7 1.62378 0.598991
84.8 1.56512 0.711294
84.9 1.5032 0.819354
85 1.43763 0.922928
85.1 1.36791 1.02174
85.2 1.2934 1.11548
85.3 1.21332 1.20378
85.4 1.12665 1.28621
85.5 1.03215 1.36228
85.6 0.928201 1.43137
85.7 0.81278 1.49274
85.8 0.683298 1.54551
85.9 0.536509 1.58858
86 0.368456 1.62058
86.1 0.174599 1.63986
86.2 -0.0495668 1.64446
86.3 -0.306937 1.6321
86.4 -0.595717 1.60048
86.5 -0.90514 1.5477
86.6 -1.21281 1.47303
86.7 -1.48889 1.37763
86.8 -1.70818 1.26467
86.9 -1.86108 1.1386
87 -1.95373 1.00396
87.1 -2.00003 0.864508
87.2 -2.0141 0.723009
87.3 -2.0069 0.581322
87.4 -1.9859 0.440664
87.5 -1.95582 0.301827
87.6 -1.91955 0.165339
87.7 -1.87878 0.0315721
87.8 -1.83451 -0.0991968
87.9 -1.78726 -0.226741
88 -1.73728 -0.350861
88.1 -1.68463 -0.471367
88.2 -1.62921 -0.588068
88.3 -1.57085 -0.700764
88.4 -1.50926 -0.809239
88.5 -1.44406 -0.913252
88.6 -1.37476 -1.01253
88.7 -1.30073 -1.10677
88.8 -1.22122 -1.19561
88.9 -1.13523 -1.27862
89 -1.04154 -1.35532
89.1 -0.938572 -1.4251
89.2 -0.824348 -1.48725
89.3 -0.696335 -1.54088
89.4 -0.551357 -1.58492
89.5 -0.38552 -1.61805
89.6 -0.194326 -1.63863
89.7 0.0267809 -1.64471
89.8 0.280958 -1.63407
89.9 0.567033 -1.60438
90 0.875273 -1.55368
90.1 1.18436 -1.48108
90.2 1.46472 -1.38754
90.3 1.69012 -1.27608
90.4 1.84928 -1.15106
90.5 1.94713 -1.01706
90.6 1.99721 -0.877931
90.7 2.01382 -0.736534
90.8 2.00828 -0.594805
90.9 1.98835 -0.454009
91 1.95899 -0.314972
91.1 1.92322 -0.178243
91.2 1.88283 -0.0442027
91.3 1.83887 0.0868624
91.4 1.79189 0.214723
91.5 1.74217 0.339178
91.6 1.68976 0.460036
91.7 1.63462 0.577109
91.8 1.57655 0.690196
91.9 1.51528 0.799083
92 1.45044 0.903533
92.1 1.38156 1.00328
92.2 1.30802 1.09801
92.3 1.22906 1.18738
92.4 1.14374 1.27097
92.5 1.05084 1.34829
92.6 0.948842 1.41876
92.7 0.835791 1.48167
92.8 0.709219 1.53616
92.9 0.566015 1.58117
93 0.402354 1.6154
93.1 0.213781 1.63726
93.2 -0.00429875 1.64482
93.3 -0.255275 1.63587
93.4 -0.53856 1.6081
93.5 -0.84542 1.55946
93.6 -1.15564 1.48893
93.7 -1.44002 1.3973
93.8 -1.67144 1.28737
93.9 -1.83692 1.16344
94 -1.9401 1.03011
94.1 -1.99409 0.891333
94.2 -2.01334 0.750057
94.3 -2.00953 0.608296
94.4 -1.99072 0.46737
94.5 -1.9621 0.328138
94.6 -1.92685 0.19117
94.7 -1.88685 0.0568604
94.8 -1.8432 -0.074499
94.9 -1.79649 -0.202674
95 -1.74702 -0.327462
95.1 -1.69488 -0.448672
95.2 -1.64 -0.566114
95.3 -1.58222 -0.67959
95.4 -1.52127 -0.788887
95.5 -1.45679 -0.893771
95.6 -1.38832 -0.993976
95.7 -1.31525 -1.0892
95.8 -1.23685 -1.1791
95.9 -1.15218 -1.26326
96 -1.06007 -1.3412
96.1 -0.959011 -1.41235
96.2 -0.847111 -1.47602
96.3 -0.721952 -1.53135
96.4 -0.580487 -1.57732
96.5 -0.418961 -1.61264
96.6 -0.232967 -1.63576
96.7 -0.0178814 -1.64477
96.8 0.229893 -1.6375
96.9 0.510311 -1.61162
97 0.815606 -1.56503
97.1 1.12668 -1.4966
97.2 1.41484 -1.40688
97.3 1.65215 -1.29853
97.4 1.82399 -1.17573
97.5 1.93262 -1.04311
97.6 1.99065 -0.904713
97.7 2.01266 -0.763575
97.8 2.01064 -0.621794
97.9 1.993 -0.480746
98 1.96516 -0.341325
98.1 1.93044 -0.204122
98.2 1.89083 -0.069545
98.3 1.8475 0.0621065
98.4 1.80107 0.190594
98.5 1.75186 0.315713
98.6 1.69997 0.437273
98.7 1.64535 0.555082
98.8 1.58786 0.668945
98.9 1.52723 0.778651
99 1.46311 0.883967
99.1 1.39503 0.98463
99.2 1.32243 1.08034
99.3 1.24458 1.17077
99.4 1.16056 1.25549
99.5 1.06921 1.33405
99.6 0.969082 1.40588
99.7 0.858311 1.47029
99.8 0.734537 1.52646
99.9 0.594778 1.57337
100 0.435347 1.60977
100.1 0.251887 1.63413
100.2 0.0397618 1.64458
100.3 -0.204813 1.63896
100.4 -0.482298 1.61495
100.5 -0.785853 1.57041
100.6 -1.09751 1.50407
100.7 -1.38918 1.4163
100.8 -1.63225 1.30956
100.9 -1.81047 1.18794
101 -1.92468 1.05607
101.1 -1.98689 0.918069
101.2 -2.01176 0.777089
101.3 -2.01161 0.6353
101.4 -1.99519 0.494138
101.5 -1.96815 0.354532
101.6 -1.93398 0.217098
101.7 -1.89479 0.0822562
101.8 -1.85177 -0.0496853
101.9 -1.80562 -0.178484
102 -1.75666 -0.303933
102.1 -1.70503 -0.425839
102.2 -1.65068 -0.544015
102.3 -1.59347 -0.658263
102.4 -1.53316 -0.768375
102.5 -1.46938 -0.87412
102.6 -1.40171 -0.975239
102.7 -1.32957 -1.07144
102.8 -1.25225 -1.16238
102.9 -1.16887 -1.24767
103 -1.07828 -1.32684
103.1 -0.979057 -1.39934
103.2 -0.869394 -1.46449
103.3 -0.746978 -1.52149
103.4 -0.608891 -1.56933
103.5 -0.451514 -1.6068
103.6 -0.270547 -1.63237
103.7 -0.0613448 -1.64424
103.8 0.180037 -1.64025
103.9 0.45453 -1.6181
104 0.756182 -1.57559
104.1 1.06817 -1.51134
104.2 1.36307 -1.42554
104.3 1.61174 -1.32045
104.4 1.79636 -1.20005
104.5 1.91626 -1.06896
104.6 1.98279 -0.931399
104.7 2.01063 -0.790595
104.8 2.01244 -0.648813
104.9 1.99728 -0.507544
105 1.97108 -0.367759
105.1 1.93748 -0.230097
105.2 1.8987 -0.0949938
105.3 1.85602 0.0372354
105.4 1.81014 0.166343
105.5 1.76145 0.29212
105.6 1.71007 0.414372
105.7 1.65599 0.532912
105.8 1.59906 0.647544
105.9 1.53905 0.75806
106 1.47562 0.864231
106.1 1.40835 0.965804
106.2 1.33666 1.06249
106.3 1.25987 1.15395
106.4 1.17711 1.23979
106.5 1.08726 1.31957
106.6 0.988937 1.39273
106.7 0.880361 1.45862
106.8 0.759276 1.51643
106.9 0.622828 1.5652
107 0.467467 1.60371
107.1 0.288949 1.63049
107.2 0.082633 1.64375
107.3 -0.155568 1.64138
107.4 -0.427017 1.62106
107.5 -0.726614 1.58057
107.6 -1.03867 1.51841
107.7 -1.33653 1.4346
107.8 -1.59064 1.3312
107.9 -1.78166 1.21206
108 -1.90736 1.0818
108.1 -1.97834 0.9447
108.2 -2.00927 0.804094
108.3 -2.01312 0.66233
108.4 -1.99928 0.520963
108.5 -1.97394 0.381006
108.6 -1.94094 0.24312
108.7 -1.90258 0.107758
108.8 -1.86023 -0.0247572
108.9 -1.81464 -0.154172
109 -1.76621 -0.280275
109.1 -1.71508 -0.402871
109.2 -1.66126 -0.521773
109.3 -1.60462 -0.636786
109.4 -1.54491 -0.747704
109.5 -1.48183 -0.854301
109.6 -1.41494 -0.956324
109.7 -1.34371 -1.05349
109.8 -1.26744 -1.14546
109.9 -1.18529 -1.23186
110 -1.09617 -1.31224
110.1 -0.998724 -1.38606
110.2 -0.891214 -1.45267
110.3 -0.771436 -1.51129
110.4 -0.636594 -1.56097
110.5 -0.483209 -1.60052
110.6 -0.307098 -1.62849
110.7 -0.103629 -1.64313
110.8 0.131406 -1.64235
110.9 0.399769 -1.62383
111 0.697168 -1.58535
111.1 1.00904 -1.52529
111.2 1.30959 -1.44349
111.3 1.56895 -1.34181
111.4 1.76635 -1.22398
111.5 1.89796 -1.09458
111.6 1.97353 -0.95797
111.7 2.00767 -0.817582
111.8 2.01363 -0.675851
111.9 2.00117 -0.534396
112 1.97673 -0.394271
112.1 1.94434 -0.256166
112.2 1.90643 -0.120547
112.3 1.86442 0.0122507
112.4 1.81912 0.141971
112.5 1.77094 0.268398
112.6 1.72008 0.391337
112.7 1.66651 0.510599
112.8 1.61015 0.625992
112.9 1.55075 0.73731
113 1.488 0.844329
113.1 1.4215 0.9468
113.2 1.3507 1.04444
113.3 1.27495 1.13692
113.4 1.1934 1.22387
113.5 1.105 1.30485
113.6 1.00842 1.37932
113.7 0.901957 1.44665
113.8 0.783458 1.50607
113.9 0.650192 1.55665
114 0.498746 1.59722
114.1 0.324998 1.62637
114.2 0.124337 1.64236
114.3 -0.107552 1.64315
114.4 -0.372793 1.62643
114.5 -0.667864 1.58993
114.6 -0.979314 1.53197
114.7 -1.28226 1.45219
114.8 -1.54669 1.35228
114.9 -1.75043 1.23579
115 -1.88804 1.1073
115.1 -1.96834 0.971207
115.2 -2.00581 0.831059
115.3 -2.01399 0.689375
115.4 -2.00296 0.547841
115.5 -1.97946 0.407555
115.6 -1.9477 0.269235
115.7 -1.91024 0.133363
115.8 -1.86858 0.000283818
115.9 -1.82357 -0.12974
116 -1.77566 -0.256489
116.1 -1.72504 -0.379769
116.2 -1.67174 -0.49939
116.3 -1.61565 -0.615161
116.4 -1.55655 -0.726876
116.5 -1.49414 -0.834316
116.6 -1.42802 -0.937232
116.7 -1.35766 -1.03535
116.8 -1.28241 -1.12834
116.9 -1.20146 -1.21583
117 -1.11376 -1.2974
117.1 -1.01803 -1.37251
117.2 -0.91259 -1.44055
117.3 -0.795347 -1.50077
117.4 -0.663626 -1.55224
117.5 -0.51408 -1.59382
117.6 -0.342653 -1.62413
117.7 -0.144759 -1.64146
117.8 0.0840048 -1.64379
117.9 0.346096 -1.62884
118 0.638717 -1.59432
118.1 0.949516 -1.53844
118.2 1.25457 -1.46071
118.3 1.52385 -1.36259
118.4 1.7339 -1.24749
118.5 1.8776 -1.11994
118.6 1.96277 -0.984407
118.7 2.00369 -0.844522
118.8 2.01417 -0.702901
118.9 2.00463 -0.561298
119 1.9821 -0.420857
119.1 1.951 -0.282326
119.2 1.91401 -0.146204
119.3 1.8727 -0.0128461
119.4 1.82799 0.117479
119.5 1.78034 0.244549
119.6 1.72998 0.368168
119.7 1.67694 0.488146
119.8 1.62112 0.604292
119.9 1.56232 0.716404
120 1.50025 0.824261
120.1 1.4345 0.92762
120.2 1.36457 1.02621
120.3 1.28982 1.1197
120.4 1.20945 1.20774
120.5 1.12245 1.28989
120.6 1.02754 1.36564
120.7 0.923117 1.43439
120.8 0.807105 1.49539
120.9 0.676897 1.54773
121 0.529215 1.59032
121.1 0.360068 1.62177
121.2 0.1649 1.64042
121.3 -0.0607646 1.64428
121.4 -0.319684 1.63108
121.5 -0.609746 1.59851
121.6 -0.919671 1.54472
121.7 -1.22656 1.46904
121.8 -1.50047 1.37274
121.9 -1.71675 1.25907
122 -1.86662 1.13251
122.1 -1.95679 0.997569
122.2 -2.0013 0.85797
122.3 -2.01417 0.716427
122.4 -2.00619 0.574765
122.5 -1.98468 0.434177
122.6 -1.95426 0.295439
122.7 -1.91774 0.15907
122.8 -1.8768 0.0254361
122.9 -1.83238 -0.105188
123 -1.78501 -0.232578
123.1 -1.7349 -0.356534
123.2 -1.68212 -0.476868
123.3 -1.62657 -0.593387
123.4 -1.56807 -0.705893
123.5 -1.50632 -0.814166
123.6 -1.44094 -0.917965
123.7 -1.37143 -1.01702
123.8 -1.29717 -1.11101
123.9 -1.21738 -1.19959
124 -1.13106 -1.28232
124.1 -1.03698 -1.35871
124.2 -0.933539 -1.42816
124.3 -0.818735 -1.48993
124.4 -0.690011 -1.54315
124.5 -0.544156 -1.58671
124.6 -0.377246 -1.61929
124.7 -0.184761 -1.63925
124.8 0.0378303 -1.64461
124.9 0.293562 -1.63314
125 0.580965 -1.60251
125.1 0.889805 -1.55079
125.2 1.19824 -1.47718
125.3 1.47655 -1.38274
125.4 1.69899 -1.27054
125.5 1.85509 -1.14501
125.6 1.9504 -1.01069
125.7 1.99862 -0.871402
125.8 2.01398 -0.729953
125.9 2.00762 -0.588243
126 1.98717 -0.447514
126.1 1.95745 -0.308573
126.2 1.92144 -0.171961
126.3 1.88087 -0.0380534
126.4 1.83675 0.0928679
126.5 1.78964 0.220575
126.6 1.73979 0.344867
126.7 1.68727 0.465554
126.8 1.63199 0.582446
126.9 1.57378 0.695343
127 1.51235 0.80403
127.1 1.44734 0.908267
127.2 1.37825 1.00779
127.3 1.30448 1.10228
127.4 1.22525 1.19139
127.5 1.13961 1.2747
127.6 1.04633 1.35172
127.7 0.943857 1.42185
127.8 0.830238 1.48439
127.9 0.702969 1.53847
128 0.558906 1.58301
128.1 0.394191 1.6167
128.2 0.204349 1.63794
128.3 -0.0152005 1.64479
128.4 -0.267735 1.63502
128.5 -0.552388 1.60631
128.6 -0.859943 1.55667
128.7 -1.16964 1.48514
128.8 -1.4521 1.39257
128.9 -1.68061 1.28189
129 -1.84301 1.15743
129.1 -1.94358 1.02376
129.2 -1.99565 0.884814
129.3 -2.0136 0.743477
129.4 -2.00893 0.60173
129.5 -1.98958 0.460867
129.6 -1.9606 0.321729
129.7 -1.92509 0.184877
129.8 -1.8849 0.0506979
129.9 -1.84109 -0.0805186
130 -1.79426 -0.208541
130.1 -1.74466 -0.333167
130.2 -1.69239 -0.454206
130.3 -1.63738 -0.571468
130.4 -1.57946 -0.684756
130.5 -1.51836 -0.793854
130.6 -1.45371 -0.898526
130.7 -1.38503 -0.998507
130.8 -1.31174 -1.09349
130.9 -1.23307 -1.18313
131 -1.14808 -1.26702
131.1 -1.05559 -1.34466
131.2 -0.954075 -1.41548
131.3 -0.841618 -1.47878
131.4 -0.715775 -1.5337
131.5 -0.573468 -1.57921
131.6 -0.410908 -1.614
131.7 -0.223665 -1.6365
131.8 -0.00712633 -1.64481
131.9 0.242206 -1.63673
132 0.524028 -1.60993
132.1 0.830107 -1.56234
132.2 1.1408 -1.49289
132.3 1.42716 -1.40224
132.4 1.66161 -1.29312
132.5 1.83035 -1.16976
132.6 1.93632 -1.03679
132.7 1.99236 -0.898205
132.8 2.01302 -0.756998
132.9 2.01011 -0.615225
133 1.9919 -0.474236
133.1 1.96368 -0.334906
133.2 1.9287 -0.197817
133.3 1.8889 -0.0633694
133.4 1.84541 0.0681402
133.5 1.79884 0.196476
133.6 1.74951 0.321434
133.7 1.69749 0.442823
133.8 1.64275 0.560454
133.9 1.58512 0.67413
134 1.52433 0.783637
134.1 1.46004 0.888743
134.2 1.39177 0.989183
134.3 1.31894 1.08466
134.4 1.24083 1.17483
134.5 1.15649 1.25928
134.6 1.06477 1.33754
134.7 0.964194 1.40904
134.8 0.852876 1.47309
134.9 0.728432 1.52885
135 0.587847 1.57531
135.1 0.427401 1.61118
135.2 0.242714 1.63494
135.3 0.0291523 1.64469
135.4 -0.216978 1.63827
135.5 -0.495899 1.61335
135.6 -0.800322 1.56782
135.7 -1.11173 1.50046
135.8 -1.40173 1.41174
135.9 -1.64201 1.30421
136 -1.81712 1.18201
136.1 -1.9286 1.04977
136.2 -1.98876 0.911574
136.3 -2.01222 0.770514
136.4 -2.01116 0.628728
136.5 -1.99414 0.48762
136.6 -1.9667 0.348103
136.7 -1.93226 0.210781
136.8 -1.89287 0.0760677
136.9 -1.8497 -0.0557329
137 -1.80341 -0.184381
137.1 -1.75433 -0.309669
137.2 -1.70257 -0.431407
137.3 -1.64809 -0.549405
137.4 -1.59075 -0.663466
137.5 -1.53028 -0.77338
137.6 -1.46633 -0.878917
137.7 -1.39847 -0.979815
137.8 -1.3261 -1.07578
137.9 -1.24853 -1.16647
138 -1.16483 -1.25148
138.1 -1.07387 -1.33036
138.2 -0.974215 -1.40253
138.3 -0.864016 -1.46732
138.4 -0.740942 -1.52392
138.5 -0.602046 -1.57131
138.6 -0.443674 -1.60826
138.7 -0.261499 -1.63324
138.8 -0.0508797 -1.64442
138.9 0.192055 -1.63965
139 0.46801 -1.61659
139.1 0.770608 -1.57309
139.2 1.08247 -1.50782
139.3 1.37583 -1.42107
139.4 1.6218 -1.31517
139.5 1.8033 -1.19417
139.6 1.92042 -1.0627
139.7 1.98483 -0.924917
139.8 2.01121 -0.784024
139.9 2.01206 -0.642237
140 1.99628 -0.501019
140.1 1.96966 -0.361321
140.2 1.93579 -0.223769
140.3 1.8968 -0.0887925
140.4 1.85395 0.043297
140.5 1.80794 0.172255
140.6 1.75912 0.297872
140.7 1.70762 0.419956
140.8 1.65341 0.538319
140.9 1.59634 0.652764
141 1.53619 0.763084
141.1 1.47259 0.869048
141.2 1.40512 0.970401
141.3 1.33322 1.06685
141.4 1.25617 1.15806
141.5 1.17311 1.24363
141.6 1.0829 1.32312
141.7 0.984141 1.39595
141.8 0.875039 1.46149
141.9 0.753309 1.5189
142 0.616068 1.56722
142.1 0.45973 1.60523
142.2 0.280026 1.63142
142.3 0.072311 1.64401
142.4 -0.167436 1.64085
142.5 -0.440372 1.61964
142.6 -0.740987 1.57817
142.7 -1.05304 1.515
142.8 -1.3495 1.43022
142.9 -1.60099 1.32599
143 -1.78889 1.20623
143.1 -1.91175 1.07556
143.2 -1.98055 0.938232
143.3 -2.00996 0.797527
143.4 -2.01281 0.655752
143.5 -1.99832 0.514432
143.6 -1.97256 0.374558
143.7 -1.93926 0.236781
143.8 -1.9007 0.101544
143.9 -1.85818 -0.0308325
144 -1.81246 -0.160098
144.1 -1.7639 -0.286042
144.2 -1.71265 -0.408472
144.3 -1.6587 -0.527198
144.4 -1.60192 -0.642025
144.5 -1.54206 -0.752748
144.6 -1.47882 -0.859138
144.7 -1.41174 -0.960942
144.8 -1.34028 -1.05787
144.9 -1.26376 -1.1496
145 -1.18131 -1.23573
145.1 -1.09184 -1.31581
145.2 -0.993973 -1.38931
145.3 -0.885947 -1.45557
145.4 -0.765536 -1.5138
145.5 -0.629917 -1.56304
145.6 -0.475575 -1.60208
145.7 -0.298298 -1.62948
145.8 -0.093449 -1.64345
145.9 0.143125 -1.6419
146 0.412995 -1.6225
146.1 0.71148 -1.58305
146.2 1.02347 -1.52197
146.3 1.32275 -1.43919
146.4 1.57958 -1.33667
146.5 1.77387 -1.21819
146.6 1.9026 -1.08837
146.7 1.97591 -0.951517
146.8 2.00848 -0.81102
146.9 2.0134 -0.669271
147 2.00026 -0.527858
147.1 1.97538 -0.387814
147.2 1.94269 -0.249815
147.3 1.90456 -0.114321
147.4 1.86239 0.0183397
147.5 1.81694 0.147912
147.6 1.76864 0.274181
147.7 1.71765 0.396954
147.8 1.66396 0.516041
147.9 1.60746 0.631249
148 1.54791 0.742373
148.1 1.485 0.849187
148.2 1.41831 0.95144
148.3 1.3473 1.04885
148.4 1.2713 1.14108
148.5 1.18946 1.22777
148.6 1.10071 1.30845
148.7 1.00371 1.3826
148.8 0.896743 1.44959
148.9 0.777625 1.50862
149 0.643596 1.55876
149.1 0.491211 1.59884
149.2 0.316319 1.62742
149.3 0.114297 1.64275
149.4 -0.119121 1.64278
149.5 -0.385885 1.62519
149.6 -0.682104 1.58773
149.7 -0.993788 1.52874
149.8 -1.2956 1.44798
149.9 -1.55759 1.3472
150 -1.75825 1.23005
150.1 -1.89293 1.10112
150.2 -1.97091 0.96477
150.3 -2.00675 0.824503
150.4 -2.01383 0.682794
150.5 -2.0021 0.541297
150.6 -1.97814 0.401089
150.7 -1.94607 0.262873
150.8 -1.90839 0.127124
150.9 -1.86656 -0.00581885
151 -1.8214 -0.135695
151.1 -1.77337 -0.262288
151.2 -1.72263 -0.385402
151.3 -1.6692 -0.504849
151.4 -1.61297 -0.620436
151.5 -1.55373 -0.731958
151.6 -1.49116 -0.839193
151.7 -1.42485 -0.941893
151.8 -1.35428 -1.03978
151.9 -1.27879 -1.13252
152 -1.19754 -1.21975
152.1 -1.10951 -1.30103
152.2 -1.01336 -1.37583
152.3 -0.90743 -1.44353
152.4 -0.789579 -1.50336
152.5 -0.657109 -1.55439
152.6 -0.506643 -1.59549
152.7 -0.334093 -1.62523
152.8 -0.134858 -1.64192
152.9 0.0954243 -1.6435
153 0.359052 -1.62769
153.1 0.652879 -1.59221
153.2 0.964023 -1.53532
153.3 1.26809 -1.45659
153.4 1.53503 -1.35759
153.5 1.74202 -1.24181
153.6 1.88275 -1.1138
153.7 1.96553 -0.977989
153.8 2.00476 -0.837973
153.9 2.0141 -0.696319
154 2.00383 -0.554749
154.1 1.98082 -0.414382
154.2 1.9494 -0.275953
154.3 1.91218 -0.139952
154.4 1.8707 -0.00672995
154.5 1.82584 0.123448
154.6 1.77807 0.250363
154.7 1.72758 0.373817
154.8 1.67441 0.493622
154.9 1.61846 0.609585
155 1.55952 0.721505
155.1 1.49728 0.829159
155.2 1.43135 0.932303
155.3 1.36121 1.03066
155.4 1.28622 1.12391
155.5 1.20557 1.21168
155.6 1.11823 1.29355
155.7 1.02292 1.36899
155.8 0.918008 1.4374
155.9 0.8014 1.49802
156 0.670459 1.54994
156.1 0.521875 1.59203
156.2 0.351624 1.62293
156.3 0.155135 1.64094
156.4 -0.0720348 1.64406
156.5 -0.3325 1.63001
156.6 -0.62382 1.59649
156.7 -0.934198 1.54169
156.8 -1.24023 1.46501
156.9 -1.51192 1.36782
157 -1.72517 1.25345
157.1 -1.87203 1.1264
157.2 -1.95975 0.99117
157.3 -2.0025 0.851429
157.4 -2.01419 0.709845
157.5 -2.00544 0.568211
157.6 -1.98343 0.427694
157.7 -1.95268 0.289055
157.8 -1.91593 0.152806
157.9 -1.87481 0.0193065
158 -1.83025 -0.111172
158.1 -1.78274 -0.238407
158.2 -1.73251 -0.362199
158.3 -1.6796 -0.48236
158.4 -1.62392 -0.598698
158.5 -1.56527 -0.711012
158.6 -1.50337 -0.819083
158.7 -1.43781 -0.922669
158.8 -1.3681 -1.02149
158.9 -1.2936 -1.11525
159 -1.21353 -1.20356
159.1 -1.12688 -1.28601
159.2 -1.0324 -1.36209
159.3 -0.92848 -1.4312
159.4 -0.813092 -1.4926
159.5 -0.683649 -1.54539
159.6 -0.53691 -1.58848
159.7 -0.368916 -1.62051
159.8 -0.175131 -1.63983
159.9 0.0489518 -1.64447
160 0.306236 -1.63216
160.1 0.594945 -1.60059
160.2 0.904339 -1.54786
160.3 1.21205 -1.47325
160.4 1.48825 -1.37789
160.5 1.70771 -1.26498
160.6 1.86077 -1.13894
160.7 1.95356 -1.00431
160.8 1.99996 -0.864868
160.9 2.0141 -0.723372
161 2.00694 -0.581684
161.1 1.98597 -0.441022
161.2 1.95591 -0.302179
161.3 1.91964 -0.165685
161.4 1.87889 -0.0319105
161.5 1.83463 0.0988664
161.6 1.78739 0.226419
161.7 1.73742 0.350548
161.8 1.68476 0.471063
161.9 1.62936 0.587775
162 1.571 0.700481
162.1 1.50942 0.808967
162.2 1.44423 0.912992
162.3 1.37494 1.01228
162.4 1.30093 1.10653
162.5 1.22143 1.19539
162.6 1.13546 1.27842
162.7 1.04179 1.35513
162.8 0.938849 1.42493
162.9 0.824656 1.4871
163 0.696683 1.54075
163.1 0.551752 1.58482
163.2 0.385974 1.61798
163.3 0.194852 1.63859
163.4 -0.026174 1.64472
163.5 -0.280265 1.63412
163.6 -0.566267 1.60449
163.7 -0.874472 1.55384
163.8 -1.18359 1.48129
163.9 -1.46406 1.38781
164 -1.68963 1.27639
164.1 -1.84896 1.1514
164.2 -1.94695 1.01741
164.3 -1.99713 0.87829
164.4 -2.01381 0.736897
164.5 -2.00831 0.595166
164.6 -1.98842 0.454367
164.7 -1.95907 0.315325
164.8 -1.92332 0.178589
164.9 -1.88294 0.0445418
165 -1.83898 -0.0865313
165.1 -1.79201 -0.2144
165.2 -1.7423 -0.338864
165.3 -1.6899 -0.459732
165.4 -1.63476 -0.576814
165.5 -1.5767 -0.689912
165.6 -1.51544 -0.79881
165.7 -1.45061 -0.903272
165.8 -1.38174 -1.00303
165.9 -1.30821 -1.09777
166 -1.22927 -1.18716
166.1 -1.14397 -1.27076
166.2 -1.05109 -1.3481
166.3 -0.949116 -1.41859
166.4 -0.836096 -1.48152
166.5 -0.709562 -1.53603
166.6 -0.566405 -1.58107
166.7 -0.402802 -1.61533
166.8 -0.214299 -1.63722
166.9 0.00370001 -1.64482
167 0.254591 -1.63592
167.1 0.5378 -1.60819
167.2 0.84462 -1.55961
167.3 1.15486 -1.48914
167.4 1.43936 -1.39756
167.5 1.67093 -1.28767
167.6 1.83658 -1.16377
167.7 1.93991 -1.03046
167.8 1.994 -0.891692
167.9 2.01333 -0.750419
168 2.00956 -0.608657
168.1 1.99078 -0.467728
168.2 1.96219 -0.328492
168.3 1.92695 -0.191517
168.4 1.88696 -0.0572002
168.5 1.84331 0.074167
168.6 1.79661 0.202351
168.7 1.74715 0.327147
168.8 1.69501 0.448366
168.9 1.64014 0.565818
169 1.58237 0.679305
169.1 1.52143 0.788613
169.2 1.45696 0.893509
169.3 1.3885 0.993726
169.4 1.31544 1.08896
169.5 1.23706 1.17887
169.6 1.15241 1.26305
169.7 1.06031 1.34101
169.8 0.959282 1.41218
169.9 0.847413 1.47587
170 0.722291 1.53122
170.1 0.580873 1.57722
170.2 0.419404 1.61257
170.3 0.233478 1.63571
170.4 0.0184721 1.64477
170.5 -0.229216 1.63754
170.6 -0.509557 1.61171
170.7 -0.814807 1.56518
170.8 -1.1259 1.4968
170.9 -1.41416 1.40714
171 -1.65162 1.29883
171.1 -1.82363 1.17606
171.2 -1.93241 1.04346
171.3 -1.99055 0.905072
171.4 -2.01264 0.763938
171.5 -2.01067 0.622157
171.6 -1.99306 0.481105
171.7 -1.96524 0.341679
171.8 -1.93053 0.20447
171.9 -1.89094 0.0698855
172 -1.84761 -0.0617738
172.1 -1.80119 -0.19027
172.2 -1.75198 -0.315398
172.3 -1.7001 -0.436966
172.4 -1.6455 -0.554786
172.5 -1.58801 -0.66866
172.6 -1.52739 -0.778376
172.7 -1.46327 -0.883703
172.8 -1.39521 -0.984379
172.9 -1.32263 -1.08011
173 -1.24479 -1.17054
173.1 -1.16078 -1.25528
173.2 -1.06946 -1.33386
173.3 -0.969351 -1.40571
173.4 -0.85861 -1.47014
173.5 -0.734873 -1.52633
173.6 -0.595159 -1.57327
173.7 -0.435783 -1.6097
173.8 -0.252391 -1.63408
173.9 -0.0403444 -1.64457
174 0.204144 -1.639
174.1 0.48155 -1.61504
174.2 0.785056 -1.57055
174.3 1.09673 -1.50426
174.4 1.38849 -1.41655
174.5 1.63171 -1.30985
174.6 1.8101 -1.18826
174.7 1.92446 -1.05641
174.8 1.98678 -0.918427
174.9 2.01173 -0.777451
175 2.01164 -0.635663
175.1 1.99525 -0.494497
175.2 1.96823 -0.354887
175.3 1.93408 -0.217446
175.4 1.89489 -0.0825974
175.5 1.85189 0.0493518
175.6 1.80574 0.178159
175.7 1.75679 0.303616
175.8 1.70517 0.425532
175.9 1.65083 0.543718
176 1.59362 0.657976
176.1 1.53331 0.768099
176.2 1.46955 0.873855
176.3 1.40189 0.974987
176.4 1.32976 1.0712
176.5 1.25246 1.16216
176.6 1.16909 1.24746
176.7 1.07852 1.32665
176.8 0.979323 1.39916
176.9 0.869689 1.46434
177 0.747309 1.52136
177.1 0.609267 1.56922
177.2 0.451944 1.60672
177.3 0.271043 1.63232
177.4 0.0619195 1.64423
177.5 -0.179377 1.64029
177.6 -0.453789 1.61818
177.7 -0.755388 1.57572
177.8 -1.06738 1.51153
177.9 -1.36237 1.42579
178 -1.61119 1.32074
178.1 -1.79597 1.20037
178.2 -1.91603 1.06931
178.3 -1.98267 0.931756
178.4 -2.0106 0.790957
178.5 -2.01246 0.649175
178.6 -1.99734 0.507903
178.7 -1.97115 0.368114
178.8 -1.93758 0.230446
178.9 -1.89881 0.0953358
179 -1.85613 -0.0369012
179.1 -1.81026 -0.166017
179.2 -1.76158 -0.291803
179.3 -1.7102 -0.414064
179.4 -1.65613 -0.532614
179.5 -1.59921 -0.647256
179.6 -1.53921 -0.757782
179.7 -1.47579 -0.863966
179.8 -1.40852 -0.96555
179.9 -1.33685 -1.06225
180 -1.26008 -1.15372
180.1 -1.17733 -1.23958
180.2 -1.0875 -1.31937
180.3 -0.9892 -1.39255
180.4 -0.880653 -1.45846
180.5 -0.759604 -1.5163
180.6 -0.6232 -1.56509
180.7 -0.467891 -1.60363
180.8 -0.289439 -1.63044
180.9 -0.0831999 -1.64374
181 0.154916 -1.64141
181.1 0.426283 -1.62113
181.2 0.725822 -1.5807
181.3 1.03787 -1.5186
181.4 1.33581 -1.43485
181.5 1.59007 -1.33149
181.6 1.78125 -1.21239
181.7 1.90711 -1.08215
181.8 1.97821 -0.945057
181.9 2.00923 -0.804455
182 2.01313 -0.662692
182.1 1.99933 -0.521323
182.2 1.97402 -0.381361
182.3 1.94103 -0.24347
182.4 1.90269 -0.1081
182.5 1.86034 0.0244221
182.6 1.81476 0.153845
182.7 1.76634 0.279957
182.8 1.71522 0.402563
182.9 1.6614 0.521474
183 1.60476 0.636497
183.1 1.54507 0.747426
183.2 1.482 0.854034
183.3 1.41512 0.956069
183.4 1.34389 1.05325
183.5 1.26764 1.14523
183.6 1.18551 1.23165
183.7 1.09641 1.31204
183.8 0.998985 1.38588
183.9 0.891504 1.45251
184 0.77176 1.51115
184.1 0.636961 1.56085
184.2 0.483628 1.60043
184.3 0.307581 1.62844
184.4 0.104189 1.64311
184.5 -0.130763 1.64237
184.6 -0.399042 1.6239
184.7 -0.69638 1.58547
184.8 -1.00824 1.52547
184.9 -1.30886 1.44373
185 -1.56836 1.3421
185.1 -1.76593 1.2243
185.2 -1.8977 1.09492
185.3 -1.97339 0.958326
185.4 -2.00762 0.817944
185.5 -2.01364 0.676213
185.6 -2.00122 0.534757
185.7 -1.97681 0.394627
185.8 -1.94443 0.256516
185.9 -1.90653 0.120891
186 -1.86453 -0.0119149
186.1 -1.81924 -0.141643
186.2 -1.77107 -0.268079
186.3 -1.72021 -0.391027
186.4 -1.66666 -0.510299
186.5 -1.61029 -0.625702
186.6 -1.5509 -0.737031
186.7 -1.48817 -0.844061
186.8 -1.42167 -0.946544
186.9 -1.35089 -1.0442
187 -1.27515 -1.13669
187.1 -1.19362 -1.22366
187.2 -1.10524 -1.30465
187.3 -1.00868 -1.37914
187.4 -0.902243 -1.44649
187.5 -0.783779 -1.50593
187.6 -0.650555 -1.55653
187.7 -0.499159 -1.59713
187.8 -0.325474 -1.62631
187.9 -0.124889 -1.64234
188 0.106916 -1.64317
188.1 0.372074 -1.62649
188.2 0.66708 -1.59005
188.3 0.978515 -1.53214
188.4 1.28152 -1.45242
188.5 1.54608 -1.35255
188.6 1.74999 -1.2361
188.7 1.88777 -1.10764
188.8 1.9682 -0.971561
188.9 2.00576 -0.83142
189 2.01399 -0.689738
189.1 2.003 -0.548202
189.2 1.97953 -0.407912
189.3 1.94779 -0.269585
189.4 1.91034 -0.133707
189.5 1.86869 -0.000620337
189.6 1.82368 0.129411
189.7 1.77578 0.256169
189.8 1.72517 0.379459
189.9 1.67188 0.499089
190 1.61579 0.61487
190.1 1.5567 0.726596
190.2 1.49431 0.834047
190.3 1.42819 0.936975
190.4 1.35784 1.0351
190.5 1.28261 1.12811
190.6 1.20167 1.21562
190.7 1.114 1.2972
190.8 1.01828 1.37233
190.9 0.912874 1.44039
191 0.795665 1.50063
191.1 0.663984 1.55212
191.2 0.514488 1.59373
191.3 0.343123 1.62407
191.4 0.145303 1.64143
191.5 -0.0833776 1.64381
191.6 -0.345384 1.6289
191.7 -0.637938 1.59443
191.8 -0.948716 1.53861
191.9 -1.25383 1.46094
192 -1.52323 1.36286
192.1 -1.73344 1.2478
192.2 -1.87731 1.12028
192.3 -1.96261 0.984761
192.4 -2.00363 0.844883
192.5 -2.01417 0.703263
192.6 -2.00467 0.561659
192.7 -1.98217 0.421214
192.8 -1.95109 0.282677
192.9 -1.91411 0.146548
193 -1.87281 0.0131834
193.1 -1.82811 -0.117149
193.2 -1.78047 -0.244228
193.3 -1.73012 -0.367857
193.4 -1.67708 -0.487844
193.5 -1.62127 -0.604
193.6 -1.56248 -0.716123
193.7 -1.50041 -0.823991
193.8 -1.43467 -0.927362
193.9 -1.36475 -1.02596
194 -1.29001 -1.11947
194.1 -1.20966 -1.20752
194.2 -1.12268 -1.28969
194.3 -1.0278 -1.36546
194.4 -0.923398 -1.43422
194.5 -0.807419 -1.49524
194.6 -0.677251 -1.54761
194.7 -0.529618 -1.59022
194.8 -0.360531 -1.6217
194.9 -0.165436 -1.64039
195 0.0601456 -1.64429
195.1 0.31898 -1.63113
195.2 0.608972 -1.59862
195.3 0.918871 -1.54488
195.4 1.2258 -1.46926
195.5 1.49983 -1.37301
195.6 1.71628 -1.25938
195.7 1.86632 -1.13285
195.8 1.95662 -0.997921
195.9 2.00123 -0.858331
196 2.01416 -0.71679
196.1 2.00623 -0.575127
196.2 1.98474 -0.434534
196.3 1.95434 -0.295791
196.4 1.91784 -0.159415
196.5 1.87691 -0.0257741
196.6 1.8325 0.104858
196.7 1.78513 0.232256
196.8 1.73503 0.356221
196.9 1.68226 0.476565
197 1.62672 0.593095
197.1 1.56822 0.705611
197.2 1.50648 0.813895
197.3 1.44111 0.917706
197.4 1.37161 1.01677
197.5 1.29737 1.11078
197.6 1.21759 1.19937
197.7 1.13129 1.28212
197.8 1.03723 1.35853
197.9 0.933817 1.42799
198 0.819045 1.48978
198.1 0.69036 1.54302
198.2 0.544554 1.58661
198.3 0.377703 1.61922
198.4 0.18529 1.63921
198.5 -0.0372194 1.64461
198.6 -0.292866 1.63319
198.7 -0.580196 1.60261
198.8 -0.889004 1.55095
198.9 -1.19747 1.4774
199 -1.4759 1.383
199.1 -1.6985 1.27085
199.2 -1.85478 1.14534
199.3 -1.95022 1.01104
199.4 -1.99854 0.871762
199.5 -2.01397 0.730316
199.6 -2.00766 0.588605
199.7 -1.98723 0.447871
199.8 -1.95754 0.308926
199.9 -1.92153 0.172307
200 -1.88097 0.0383921
