0 2 0
0.1 1.91237 0.134814
0.2 1.83693 0.26405
0.3 1.76792 0.388329
0.4 1.70199 0.507971
0.5 1.63702 0.623109
0.6 1.57154 0.733755
0.7 1.50446 0.839837
0.8 1.43482 0.941208
0.9 1.36177 1.03766
1 1.28439 1.12894
1.1 1.20167 1.2147
1.2 1.11244 1.29454
1.3 1.01526 1.36796
1.4 0.908336 1.43435
1.5 0.789429 1.49297
1.6 0.655694 1.5429
1.7 0.503576 1.58299
1.8 0.328762 1.61183
1.9 0.126387 1.6277
2 -0.108159 1.62852
2.1 -0.377218 1.61198
2.2 -0.677138 1.57577
2.3 -0.993632 1.51819
2.4 -1.30025 1.43894
2.5 -1.56555 1.3398
2.6 -1.76725 1.22448
2.7 -1.90112 1.09761
2.8 -1.97745 0.963573
2.9 -2.0116 0.825816
3 -2.01737 0.686752
3.1 -2.0048 0.547971
3.2 -1.98044 0.410493
3.3 -1.94832 0.274982
3.4 -1.91087 0.14188
3.5 -1.86948 0.0115025
3.6 -1.82494 -0.115908
3.7 -1.77766 -0.240151
3.8 -1.72781 -0.361045
3.9 -1.67539 -0.478412
4 -1.62028 -0.592072
4.1 -1.56229 -0.701833
4.2 -1.5011 -0.807487
4.3 -1.43632 -0.908799
4.4 -1.36745 -1.00551
4.5 -1.29387 -1.09731
4.6 -1.21478 -1.18385
4.7 -1.12918 -1.26471
4.8 -1.03583 -1.33942
4.9 -0.93311 -1.40737
5 -0.81899 -1.46786
5.1 -0.690863 -1.52001
5.2 -0.545441 -1.56275
5.3 -0.378682 -1.59476
5.4 -0.185892 -1.61439
5.5 0.0376901 -1.61969
5.6 0.295322 -1.6084
5.7 0.585592 -1.57819
5.8 0.897867 -1.52711
5.9 1.20926 -1.45436
6 1.4888 -1.36105
6.1 1.71021 -1.25036
6.2 1.86365 -1.12673
6.3 1.95581 -0.994709
6.4 2.00124 -0.85803
6.5 2.01452 -0.719402
6.6 2.0068 -0.580638
6.7 1.98557 -0.442906
6.8 1.95553 -0.306964
6.9 1.91951 -0.173313
7 1.87918 -0.0423015
7.1 1.83549 0.0858085
7.2 1.78894 0.210804
7.3 1.73976 0.332499
7.4 1.688 0.450712
7.5 1.63359 0.565266
7.6 1.57633 0.67597
7.7 1.51595 0.782619
7.8 1.45209 0.884987
7.9 1.38426 0.982816
8 1.31188 1.07581
8.1 1.23419 1.16364
8.2 1.15026 1.2459
8.3 1.05889 1.32213
8.4 0.958583 1.39175
8.5 0.847405 1.4541
8.6 0.722899 1.50833
8.7 0.581953 1.55343
8.8 0.420703 1.58813
8.9 0.234583 1.61089
9 0.018755 1.61981
9.1 -0.230619 1.6127
9.2 -0.513627 1.58722
9.3 -0.822254 1.54125
9.4 -1.13653 1.47366
9.5 -1.4265 1.38505
9.6 -1.66341 1.27813
9.7 -1.833 1.15717
9.8 -1.93861 1.02678
9.9 -1.9938 0.890927
10 -2.0136 0.752572
10.1 -2.01009 0.613715
10.2 -1.99158 0.475656
10.3 -1.96333 0.339234
10.4 -1.92855 0.204999
10.5 -1.88914 0.0733315
10.6 -1.84619 -0.0554919
10.7 -1.80029 -0.181249
10.8 -1.75173 -0.303748
10.9 -1.7006 -0.422809
11 -1.64683 -0.538253
11.1 -1.59027 -0.649894
11.2 -1.53067 -0.757532
11.3 -1.46768 -0.860944
11.4 -1.40085 -0.959882
11.5 -1.32961 -1.05406
11.6 -1.25327 -1.14316
11.7 -1.17093 -1.22679
11.8 -1.08146 -1.3045
11.9 -0.983444 -1.37576
12 -0.875063 -1.43991
12.1 -0.753996 -1.49617
12.2 -0.617298 -1.54355
12.3 -0.461288 -1.58087
12.4 -0.28155 -1.60663
12.5 -0.0732348 -1.61905
12.6 0.167918 -1.61598
12.7 0.443237 -1.59509
12.8 0.74708 -1.55418
12.9 1.06248 -1.49177
13 1.36116 -1.40801
13.1 1.61273 -1.30512
13.2 1.79868 -1.18708
13.3 1.91856 -1.05854
13.4 1.98437 -0.923689
13.5 2.01138 -0.785718
13.6 2.01255 -0.646841
13.7 1.99704 -0.508501
13.8 1.97076 -0.371629
13.9 1.93733 -0.236833
14 1.89891 -0.104524
14.1 1.85673 0.0250002
14.2 1.8115 0.151508
14.3 1.76356 0.274801
14.4 1.71304 0.394699
14.5 1.65992 0.511024
14.6 1.60404 0.623591
14.7 1.5452 0.732204
14.8 1.48305 0.836646
14.9 1.41718 0.936677
15 1.34706 1.03202
15.1 1.27201 1.12237
15.2 1.19119 1.20734
15.3 1.10354 1.28651
15.4 1.00772 1.35936
15.5 0.902001 1.42528
15.6 0.784205 1.4835
15.7 0.651545 1.5331
15.8 0.500523 1.57295
15.9 0.326885 1.60162
16 0.12583 1.6174
16.1 -0.107196 1.61824
16.2 -0.374528 1.60182
16.3 -0.672623 1.56586
16.4 -0.987483 1.50865
16.5 -1.29307 1.42987
16.6 -1.55823 1.33123
16.7 -1.76054 1.2164
16.8 -1.89541 1.08996
16.9 -1.97274 0.956278
17 -2.0077 0.818816
17.1 -2.01407 0.679999
17.2 -2.0019 0.541431
17.3 -1.97779 0.404144
17.4 -1.94583 0.268809
17.5 -1.90846 0.135876
17.6 -1.8671 0.00566371
17.7 -1.82256 -0.121583
17.8 -1.77525 -0.245661
17.9 -1.72534 -0.366386
18 -1.67285 -0.48358
18.1 -1.61765 -0.597062
18.2 -1.55954 -0.706638
18.3 -1.49821 -0.812097
18.4 -1.43328 -0.913205
18.5 -1.36422 -1.0097
18.6 -1.29042 -1.10126
18.7 -1.21107 -1.18756
18.8 -1.12516 -1.26816
18.9 -1.03143 -1.34257
19 -0.928252 -1.41021
19.1 -0.81357 -1.47034
19.2 -0.684749 -1.5221
19.3 -0.53847 -1.56439
19.4 -0.370656 -1.59588
19.5 -0.176593 -1.61491
19.6 0.0484557 -1.61952
19.7 0.307621 -1.60744
19.8 0.59918 -1.57634
19.9 0.911989 -1.52429
20 1.22264 -1.45059
20.1 1.50005 -1.35642
20.2 1.71849 -1.24505
20.3 1.86896 -1.12096
20.4 1.9587 -0.988656
20.5 2.00241 -0.85184
20.6 2.01455 -0.713175
20.7 2.00609 -0.574436
20.8 1.98438 -0.436771
20.9 1.95402 -0.300923
21 1.91779 -0.167383
21.1 1.87729 -0.0364969
21.2 1.83346 0.0914777
21.3 1.78679 0.21633
21.4 1.73749 0.337871
21.5 1.68562 0.455925
21.6 1.63108 0.57031
21.7 1.57369 0.680837
21.8 1.51317 0.7873
21.9 1.44914 0.88947
22 1.38112 0.987089
22.1 1.30852 1.07986
22.2 1.23057 1.16745
22.3 1.14633 1.24945
22.4 1.0546 1.32539
22.5 0.95385 1.39471
22.6 0.842132 1.45671
22.7 0.716961 1.51056
22.8 0.575193 1.55522
22.9 0.412931 1.58942
23 0.225583 1.6116
23.1 0.0083185 1.61985
23.2 -0.242604 1.61197
23.3 -0.52701 1.58561
23.4 -0.836413 1.53869
23.5 -1.15029 1.47013
23.6 -1.43842 1.38062
23.7 -1.67248 1.27298
23.8 -1.83902 1.1515
23.9 -1.94204 1.02078
24 -1.99534 0.884763
24.1 -2.01387 0.746349
24.2 -2.00954 0.607504
24.3 -1.99049 0.469503
24.4 -1.96189 0.333169
24.5 -1.92687 0.199042
24.6 -1.88729 0.0674963
24.7 -1.8442 -0.0611941
24.8 -1.79817 -0.186809
24.9 -1.7495 -0.309158
25 -1.69824 -0.428061
25.1 -1.64436 -0.543339
25.2 -1.58767 -0.654805
25.3 -1.52792 -0.762258
25.4 -1.46477 -0.865475
25.5 -1.39775 -0.964206
25.6 -1.32631 -1.05817
25.7 -1.24972 -1.14703
25.8 -1.16708 -1.2304
25.9 -1.07726 -1.30784
26 -0.978825 -1.37879
26.1 -0.869929 -1.44261
26.2 -0.74823 -1.49849
26.3 -0.610751 -1.54545
26.4 -0.453777 -1.58228
26.5 -0.272863 -1.60749
26.6 -0.063157 -1.61926
26.7 0.179533 -1.61544
26.8 0.456322 -1.5937
26.9 0.761142 -1.55184
27 1.07646 -1.48847
27.1 1.37364 -1.40378
27.2 1.62254 -1.30012
27.3 1.80541 -1.18151
27.4 1.92255 -1.05261
27.5 1.9863 -0.917554
27.6 2.0119 -0.779501
27.7 2.01216 -0.640622
27.8 1.99606 -0.502331
27.9 1.96939 -0.365541
28 1.9357 -0.230849
28.1 1.89709 -0.0986588
28.2 1.85477 0.030735
28.3 1.80941 0.157103
28.4 1.76136 0.280248
28.5 1.71072 0.39999
28.6 1.65747 0.51615
28.7 1.60147 0.628544
28.8 1.54249 0.736974
28.9 1.48018 0.841225
29 1.41414 0.941052
29.1 1.34381 1.03618
29.2 1.26852 1.12629
29.3 1.18742 1.21101
29.4 1.09943 1.28991
29.5 1.00321 1.36247
29.6 0.896999 1.42806
29.7 0.778602 1.48592
29.8 0.6452 1.53511
29.9 0.49326 1.57448
30 0.318499 1.60262
30.1 0.116102 1.61778
30.2 -0.118439 1.61789
30.3 -0.387287 1.60065
30.4 -0.686525 1.56376
30.5 -1.00161 1.50558
30.6 -1.30604 1.42585
30.7 -1.56874 1.3264
30.8 -1.768 1.21094
30.9 -1.9 1.08409
31 -1.9751 0.950178
31.1 -2.00851 0.81261
31.2 -2.01386 0.673775
31.3 -2.00104 0.535246
31.4 -1.9765 0.398034
31.5 -1.94426 0.262798
31.6 -1.90668 0.129981
31.7 -1.86517 -0.000103235
31.8 -1.8205 -0.127212
31.9 -1.77307 -0.251144
32 -1.72305 -0.371714
32.1 -1.67043 -0.488746
32.2 -1.61511 -0.602057
32.3 -1.55686 -0.711453
32.4 -1.49538 -0.816722
32.5 -1.43027 -0.917629
32.6 -1.36102 -1.01391
32.7 -1.28699 -1.10525
32.8 -1.20737 -1.19129
32.9 -1.12114 -1.27163
33 -1.02702 -1.34575
33.1 -0.923377 -1.41307
33.2 -0.808122 -1.47285
33.3 -0.678596 -1.52421
33.4 -0.531445 -1.56604
33.5 -0.362559 -1.59701
33.6 -0.167205 -1.61544
33.7 0.0593276 -1.61935
33.8 0.320034 -1.60647
33.9 0.612872 -1.57446
34 0.926174 -1.52145
34.1 1.23602 -1.44679
34.2 1.51123 -1.35177
34.3 1.72668 -1.23973
34.4 1.87419 -1.11518
34.5 1.96153 -0.982598
34.6 2.00354 -0.84565
34.7 2.01454 -0.706949
34.8 2.00536 -0.568237
34.9 1.98318 -0.430641
35 1.95251 -0.294887
35.1 1.91605 -0.161459
35.2 1.87539 -0.0306984
35.3 1.83143 0.0971405
35.4 1.78463 0.221848
35.5 1.73522 0.343237
35.6 1.68324 0.461131
35.7 1.62857 0.575347
35.8 1.57105 0.685696
35.9 1.51038 0.791971
36 1.44618 0.893943
36.1 1.37797 0.991352
36.2 1.30514 1.0839
36.3 1.22694 1.17125
36.4 1.14239 1.25299
36.5 1.05029 1.32865
36.6 0.949095 1.39765
36.7 0.836832 1.4593
36.8 0.71099 1.51276
36.9 0.568393 1.55699
37 0.405109 1.59069
37.1 0.216523 1.61228
37.2 -0.00218633 1.61986
37.3 -0.254657 1.6112
37.4 -0.540445 1.58396
37.5 -0.850582 1.53608
37.6 -1.16399 1.46655
37.7 -1.45023 1.37616
37.8 -1.68142 1.2678
37.9 -1.84491 1.14581
38 -1.94538 1.01477
38.1 -1.99681 0.878594
38.2 -2.01409 0.740125
38.3 -2.00895 0.601294
38.4 -1.98938 0.463353
38.5 -1.96044 0.327108
38.6 -1.92519 0.19309
38.7 -1.88543 0.0616669
38.8 -1.84219 -0.0668902
38.9 -1.79605 -0.192363
39 -1.74726 -0.314561
39.1 -1.69589 -0.433305
39.2 -1.64188 -0.548416
39.3 -1.58506 -0.659707
39.4 -1.52517 -0.766975
39.5 -1.46185 -0.869997
39.6 -1.39465 -0.968521
39.7 -1.32299 -1.06226
39.8 -1.24615 -1.15088
39.9 -1.16322 -1.234
40 -1.07305 -1.31116
40.1 -0.974185 -1.38181
40.2 -0.864769 -1.44529
40.3 -0.742432 -1.50079
40.4 -0.604165 -1.54733
40.5 -0.446218 -1.58367
40.6 -0.264118 -1.60832
40.7 -0.0530125 -1.61944
40.8 0.191218 -1.61487
40.9 0.469465 -1.59227
41 0.775226 -1.54947
41.1 1.0904 -1.48512
41.2 1.38602 -1.39952
41.3 1.63221 -1.29509
41.4 1.812 -1.17592
41.5 1.92643 -1.04666
41.6 1.98815 -0.911412
41.7 2.01238 -0.773283
41.8 2.01173 -0.634404
41.9 1.99506 -0.496164
42 1.96801 -0.359457
42.1 1.93407 -0.224869
42.2 1.89527 -0.092799
42.3 1.8528 0.0364638
42.4 1.80731 0.162691
42.5 1.75914 0.285688
42.6 1.70839 0.405273
42.7 1.65502 0.521268
42.8 1.5989 0.633489
42.9 1.53977 0.741737
43 1.47731 0.845795
43.1 1.41108 0.945417
43.2 1.34054 1.04033
43.3 1.26502 1.13021
43.4 1.18363 1.21468
43.5 1.09531 1.29331
43.6 0.998675 1.36556
43.7 0.891973 1.43082
43.8 0.772969 1.48831
43.9 0.638818 1.53709
44 0.485952 1.576
44.1 0.310058 1.60359
44.2 0.106309 1.61812
44.3 -0.129752 1.61751
44.4 -0.400108 1.59943
44.5 -0.700462 1.56162
44.6 -1.01571 1.50246
44.7 -1.31892 1.42179
44.8 -1.57912 1.32154
44.9 -1.77531 1.20547
45 -1.90447 1.07821
45.1 -1.97737 0.94407
45.2 -2.00926 0.806402
45.3 -2.01362 0.667552
45.4 -2.00015 0.529063
45.5 -1.9752 0.391928
45.6 -1.94267 0.256793
45.7 -1.9049 0.124091
45.8 -1.86323 -0.00586421
45.9 -1.81843 -0.132835
46 -1.77088 -0.25662
46.1 -1.72074 -0.377036
46.2 -1.66801 -0.493905
46.3 -1.61256 -0.607044
46.4 -1.55418 -0.71626
46.5 -1.49255 -0.821339
46.6 -1.42726 -0.922045
46.7 -1.35781 -1.01811
46.8 -1.28355 -1.10922
46.9 -1.20365 -1.19502
47 -1.1171 -1.27509
47.1 -1.02259 -1.34892
47.2 -0.918479 -1.41591
47.3 -0.802646 -1.47534
47.4 -0.672407 -1.52629
47.5 -0.524376 -1.56767
47.6 -0.354408 -1.59812
47.7 -0.157753 -1.61595
47.8 0.0702688 -1.61915
47.9 0.332513 -1.60546
48 0.626606 -1.57255
48.1 0.940353 -1.51857
48.2 1.24932 -1.44295
48.3 1.5223 -1.34708
48.4 1.73473 -1.23438
48.5 1.87929 -1.10938
48.6 1.96426 -0.976532
48.7 2.0046 -0.839457
48.8 2.0145 -0.700724
48.9 2.0046 -0.562041
49 1.98196 -0.424514
49.1 1.95099 -0.288855
49.2 1.91431 -0.155541
49.3 1.87349 -0.0249058
49.4 1.82939 0.102797
49.5 1.78247 0.22736
49.6 1.73295 0.348596
49.7 1.68084 0.466329
49.8 1.62606 0.580376
49.9 1.5684 0.690547
50 1.50758 0.796635
50.1 1.44321 0.898408
50.2 1.37481 0.995606
50.3 1.30176 1.08793
50.4 1.22329 1.17503
50.5 1.13844 1.25651
50.6 1.04597 1.33189
50.7 0.944318 1.40057
50.8 0.831504 1.46188
50.9 0.704985 1.51495
51 0.561551 1.55873
51.1 0.397237 1.59193
51.2 0.207401 1.61294
51.3 -0.0127596 1.61983
51.4 -0.266778 1.61039
51.5 -0.553931 1.58227
51.6 -0.86476 1.53343
51.7 -1.17764 1.46293
51.8 -1.46194 1.37166
51.9 -1.69021 1.26259
52 -1.85068 1.1401
52.1 -1.94862 1.00876
52.2 -1.99821 0.872421
52.3 -2.01427 0.7339
52.4 -2.00833 0.595087
52.5 -1.98826 0.457207
52.6 -1.95898 0.321052
52.7 -1.92349 0.187143
52.8 -1.88356 0.0558432
52.9 -1.84019 -0.07258
53 -1.79392 -0.19791
53.1 -1.74501 -0.319957
53.2 -1.69352 -0.438542
53.3 -1.63939 -0.553486
53.4 -1.58244 -0.664601
53.5 -1.52241 -0.771684
53.6 -1.45893 -0.87451
53.7 -1.39154 -0.972826
53.8 -1.31967 -1.06634
53.9 -1.24257 -1.15473
54 -1.15934 -1.23759
54.1 -1.06882 -1.31447
54.2 -0.969523 -1.38481
54.3 -0.859584 -1.44795
54.4 -0.736603 -1.50308
54.5 -0.597539 -1.54919
54.6 -0.438611 -1.58504
54.7 -0.255316 -1.60912
54.8 -0.042801 -1.61958
54.9 0.202973 -1.61426
55 0.482665 -1.5908
55.1 0.789331 -1.54705
55.2 1.10431 -1.48173
55.3 1.3983 -1.39522
55.4 1.64174 -1.29003
55.5 1.81846 -1.17031
55.6 1.93021 -1.0407
55.7 1.98993 -0.905265
55.8 2.0128 -0.767063
55.9 2.01128 -0.628188
56 1.99403 -0.49
56.1 1.96662 -0.353378
56.2 1.93242 -0.218895
56.3 1.89344 -0.0869448
56.4 1.85082 0.0421865
56.5 1.80521 0.168273
56.6 1.75692 0.29112
56.7 1.70606 0.410549
56.8 1.65257 0.526379
56.9 1.59631 0.638426
57 1.53704 0.746491
57.1 1.47442 0.850355
57.2 1.40802 0.949773
57.3 1.33727 1.04447
57.4 1.2615 1.13411
57.5 1.17983 1.21833
57.6 1.09117 1.29668
57.7 0.994124 1.36864
57.8 0.886923 1.43357
57.9 0.767306 1.49069
58 0.632398 1.53906
58.1 0.478598 1.57749
58.2 0.301561 1.60454
58.3 0.096451 1.61844
58.4 -0.141135 1.61709
58.5 -0.412992 1.59817
58.6 -0.714431 1.55944
58.7 -1.02979 1.4993
58.8 -1.33171 1.4177
58.9 -1.58937 1.31664
59 -1.78249 1.19997
59.1 -1.90883 1.07232
59.2 -1.97957 0.937956
59.3 -2.00996 0.800191
59.4 -2.01333 0.66133
59.5 -1.99924 0.522884
59.6 -1.97388 0.385826
59.7 -1.94108 0.250791
59.8 -1.90311 0.118208
59.9 -1.86129 -0.0116192
60 -1.81635 -0.138451
60.1 -1.76869 -0.262089
60.2 -1.71844 -0.38235
60.3 -1.66559 -0.499056
60.4 -1.61001 -0.612024
60.5 -1.55149 -0.721059
60.6 -1.4897 -0.825947
60.7 -1.42425 -0.926451
60.8 -1.35459 -1.0223
60.9 -1.2801 -1.11318
61 -1.19992 -1.19873
61.1 -1.11305 -1.27853
61.2 -1.01815 -1.35207
61.3 -0.913557 -1.41874
61.4 -0.797141 -1.47781
61.5 -0.666183 -1.52836
61.6 -0.517263 -1.56928
61.7 -0.346204 -1.5992
61.8 -0.148239 -1.61642
61.9 0.0812797 -1.61892
62 0.345058 -1.60441
62.1 0.640383 -1.57059
62.2 0.954524 -1.51564
62.3 1.26255 -1.43906
62.4 1.53324 -1.34236
62.5 1.74265 -1.22901
62.6 1.88427 -1.10356
62.7 1.96691 -0.970457
62.8 2.0056 -0.83326
62.9 2.01441 -0.694498
63 2.00382 -0.555848
63.1 1.98073 -0.418391
63.2 1.94945 -0.282828
63.3 1.91256 -0.149628
63.4 1.87158 -0.0191191
63.5 1.82734 0.108447
63.6 1.78031 0.232865
63.7 1.73067 0.353948
63.8 1.67845 0.471519
63.9 1.62354 0.585397
64 1.56575 0.69539
64.1 1.50477 0.801289
64.2 1.44024 0.902863
64.3 1.37164 0.99985
64.4 1.29837 1.09195
64.5 1.21964 1.17881
64.6 1.13447 1.26003
64.7 1.04162 1.33511
64.8 0.939519 1.40349
64.9 0.82615 1.46444
65 0.698947 1.51712
65.1 0.554668 1.56046
65.2 0.389313 1.59314
65.3 0.198219 1.61356
65.4 -0.0234015 1.61978
65.5 -0.278968 1.60955
65.6 -0.567467 1.58053
65.7 -0.878944 1.53074
65.8 -1.19123 1.45927
65.9 -1.47352 1.36712
66 -1.69887 1.25735
66.1 -1.85632 1.13437
66.2 -1.95176 1.00273
66.3 -1.99955 0.866244
66.4 -2.0144 0.727675
66.5 -2.00769 0.588882
66.6 -1.98711 0.451065
66.7 -1.9575 0.315
66.8 -1.92179 0.181202
66.9 -1.88168 0.0500253
67 -1.83817 -0.0782637
67.1 -1.79178 -0.20345
67.2 -1.74276 -0.325346
67.3 -1.69116 -0.443772
67.4 -1.6369 -0.558549
67.5 -1.57982 -0.669488
67.6 -1.51964 -0.776385
67.7 -1.456 -0.879014
67.8 -1.38842 -0.977122
67.9 -1.31633 -1.07042
68 -1.23898 -1.15856
68.1 -1.15545 -1.24117
68.2 -1.06457 -1.31777
68.3 -0.964841 -1.3878
68.4 -0.854373 -1.4506
68.5 -0.730741 -1.50535
68.6 -0.590874 -1.55102
68.7 -0.430955 -1.58638
68.8 -0.246454 -1.6099
68.9 -0.0325222 -1.6197
69 0.214796 -1.61361
69.1 0.495921 -1.58929
69.2 0.803456 -1.54459
69.3 1.11817 -1.47829
69.4 1.41048 -1.39088
69.5 1.65113 -1.28494
69.6 1.82479 -1.16468
69.7 1.93389 -1.03473
69.8 1.99164 -0.899113
69.9 2.01318 -0.760843
70 2.01079 -0.621973
70.1 1.99299 -0.483839
70.2 1.96522 -0.347302
70.3 1.93076 -0.212926
70.4 1.8916 -0.0810964
70.5 1.84884 0.047903
70.6 1.8031 0.173848
70.7 1.7547 0.296547
70.8 1.70372 0.415817
70.9 1.65011 0.531482
71 1.59372 0.643355
71.1 1.53431 0.751237
71.2 1.47153 0.854907
71.3 1.40494 0.95412
71.4 1.33399 1.04859
71.5 1.25798 1.138
71.6 1.17602 1.22197
71.7 1.08701 1.30005
71.8 0.989552 1.37171
71.9 0.881848 1.4363
72 0.761612 1.49306
72.1 0.62594 1.541
72.2 0.471198 1.57895
72.3 0.293007 1.60545
72.4 0.0865273 1.61872
72.5 -0.152587 1.61664
72.6 -0.425937 1.59688
72.7 -0.72843 1.55721
72.8 -1.04384 1.4961
72.9 -1.34442 1.41356
73 -1.59949 1.31171
73.1 -1.78953 1.19445
73.2 -1.91308 1.06641
73.3 -1.98168 0.931835
73.4 -2.01061 0.793979
73.5 -2.01302 0.655108
73.6 -1.99831 0.516707
73.7 -1.97255 0.379728
73.8 -1.93948 0.244795
73.9 -1.90131 0.112329
74 -1.85934 -0.0173681
74.1 -1.81428 -0.144061
74.2 -1.76649 -0.267551
74.3 -1.71612 -0.387657
74.4 -1.66315 -0.504199
74.5 -1.60745 -0.616995
74.6 -1.54879 -0.725849
74.7 -1.48685 -0.830547
74.8 -1.42122 -0.930848
74.9 -1.35137 -1.02648
75 -1.27663 -1.11713
75.1 -1.19618 -1.20244
75.2 -1.10898 -1.28197
75.3 -1.01368 -1.35521
75.4 -0.908611 -1.42156
75.5 -0.791607 -1.48026
75.6 -0.659923 -1.53041
75.7 -0.510105 -1.57087
75.8 -0.337946 -1.60026
75.9 -0.13866 -1.61686
76 0.0923601 -1.61865
76.1 0.357667 -1.60333
76.2 0.654199 -1.56859
76.3 0.968684 -1.51267
76.4 1.27571 -1.43514
76.5 1.54405 -1.3376
76.6 1.75042 -1.22361
76.7 1.88913 -1.09773
76.8 1.96947 -0.964375
76.9 2.00654 -0.827061
77 2.01429 -0.688273
77.1 2.00301 -0.549656
77.2 1.97948 -0.412272
77.3 1.9479 -0.276806
77.4 1.91081 -0.14372
77.5 1.86966 -0.0133383
77.6 1.82529 0.114091
77.7 1.77814 0.238363
77.8 1.72839 0.359293
77.9 1.67605 0.476702
78 1.62101 0.59041
78.1 1.56308 0.700224
78.2 1.50196 0.805935
78.3 1.43725 0.907309
78.4 1.36846 1.00408
78.5 1.29496 1.09595
78.6 1.21597 1.18257
78.7 1.13048 1.26353
78.8 1.03726 1.33832
78.9 0.934697 1.40638
79 0.820767 1.46699
79.1 0.692874 1.51927
79.2 0.547742 1.56216
79.3 0.381337 1.59433
79.4 0.188975 1.61416
79.5 -0.0341123 1.61969
79.6 -0.291225 1.60867
79.7 -0.581052 1.57876
79.8 -0.893131 1.528
79.9 -1.20476 1.45557
80 -1.48499 1.36255
80.1 -1.70738 1.25209
80.2 -1.86183 1.12862
80.3 -1.9548 0.996694
80.4 -2.00082 0.860062
80.5 -2.01449 0.72145
80.6 -2.00702 0.582678
80.7 -1.98595 0.444926
80.8 -1.95602 0.308953
80.9 -1.92007 0.175265
81 -1.8798 0.0442132
81.1 -1.83615 -0.0839411
81.2 -1.78964 -0.208984
81.3 -1.7405 -0.330728
81.4 -1.68878 -0.448995
81.5 -1.63441 -0.563604
81.6 -1.57719 -0.674366
81.7 -1.51687 -0.781077
81.8 -1.45306 -0.883509
81.9 -1.38529 -0.981408
82 -1.31298 -1.07448
82.1 -1.23538 -1.16239
82.2 -1.15155 -1.24473
82.3 -1.0603 -1.32105
82.4 -0.960136 -1.39078
82.5 -0.849135 -1.45323
82.6 -0.724847 -1.50759
82.7 -0.584169 -1.55284
82.8 -0.42325 -1.5877
82.9 -0.237533 -1.61065
83 -0.0221758 -1.61979
83.1 0.226689 -1.61293
83.2 0.509233 -1.58774
83.3 0.817596 -1.54209
83.4 1.13199 -1.47481
83.5 1.42255 -1.3865
83.6 1.66039 -1.27982
83.7 1.83098 -1.15904
83.8 1.93746 -1.02875
83.9 1.99328 -0.892955
84 2.01351 -0.754621
84.1 2.01027 -0.61576
84.2 1.99193 -0.477682
84.3 1.9638 -0.341231
84.4 1.9291 -0.206962
84.5 1.88975 -0.0752536
84.6 1.84685 0.0536135
84.7 1.80099 0.179417
84.8 1.75247 0.301966
84.9 1.70137 0.421079
85 1.64764 0.536578
85.1 1.59113 0.648276
85.2 1.53157 0.755974
85.3 1.46863 0.85945
85.4 1.40186 0.958457
85.5 1.3307 1.05271
85.6 1.25444 1.14188
85.7 1.17219 1.2256
85.8 1.08284 1.3034
85.9 0.984961 1.37476
86 0.876747 1.43902
86.1 0.755888 1.4954
86.2 0.619445 1.54292
86.3 0.46375 1.5804
86.4 0.284397 1.60635
86.5 0.0765377 1.61897
86.6 -0.16411 1.61615
86.7 -0.438943 1.59554
86.8 -0.742457 1.55493
86.9 -1.05787 1.49285
87 -1.35703 1.40939
87.1 -1.60948 1.30676
87.2 -1.79644 1.18891
87.3 -1.91722 1.0605
87.4 -1.98372 0.925707
87.5 -2.0112 0.787764
87.6 -2.01267 0.648888
87.7 -1.99736 0.510533
87.8 -1.9712 0.373634
87.9 -1.93786 0.238804
88 -1.8995 0.106456
88.1 -1.85738 -0.023111
88.2 -1.81219 -0.149665
88.3 -1.76429 -0.273007
88.4 -1.71381 -0.392956
88.5 -1.66072 -0.509335
88.6 -1.60489 -0.621959
88.7 -1.54609 -0.730631
88.8 -1.48399 -0.835137
88.9 -1.41818 -0.935235
89 -1.34813 -1.03065
89.1 -1.27316 -1.12107
89.2 -1.19243 -1.20613
89.3 -1.10489 -1.28539
89.4 -1.0092 -1.35834
89.5 -0.903642 -1.42436
89.6 -0.786043 -1.4827
89.7 -0.653626 -1.53244
89.8 -0.502903 -1.57244
89.9 -0.329633 -1.60129
90 -0.129018 -1.61727
90.1 0.10351 -1.61835
90.2 0.370342 -1.6022
90.3 0.668054 -1.56655
90.4 0.98283 -1.50965
90.5 1.28879 -1.43118
90.6 1.55474 -1.33282
90.7 1.75806 -1.21819
90.8 1.89388 -1.09188
90.9 1.97194 -0.958284
91 2.00743 -0.820858
91.1 2.01413 -0.682048
91.2 2.00218 -0.543468
91.3 1.97821 -0.406156
91.4 1.94634 -0.270789
91.5 1.90904 -0.137818
91.6 1.86774 -0.00756339
91.7 1.82324 0.119729
91.8 1.77597 0.243855
91.9 1.7261 0.364631
92 1.67364 0.481878
92.1 1.61848 0.595416
92.2 1.56042 0.705051
92.3 1.49914 0.810572
92.4 1.43426 0.911746
92.5 1.36528 1.00831
92.6 1.29155 1.09995
92.7 1.21228 1.18632
92.8 1.12648 1.26701
92.9 1.03287 1.34152
93 0.929852 1.40926
93.1 0.815357 1.46951
93.2 0.686767 1.5214
93.3 0.540774 1.56384
93.4 0.37331 1.5955
93.5 0.17967 1.61473
93.6 -0.0448921 1.61957
93.7 -0.303549 1.60775
93.8 -0.594683 1.57694
93.9 -0.907319 1.52522
94 -1.21822 1.45183
94.1 -1.49634 1.35795
94.2 -1.71576 1.2468
94.3 -1.86722 1.12286
94.4 -1.95775 0.990648
94.5 -2.00203 0.853877
94.6 -2.01454 0.715224
94.7 -2.00632 0.576477
94.8 -1.98477 0.43879
94.9 -1.95452 0.302911
95 -1.91835 0.169334
95.1 -1.87791 0.0384069
95.2 -1.83413 -0.0896123
95.3 -1.78749 -0.214512
95.4 -1.73824 -0.336104
95.5 -1.6864 -0.45421
95.6 -1.63191 -0.568651
95.7 -1.57456 -0.679236
95.8 -1.51408 -0.78576
95.9 -1.45011 -0.887995
96 -1.38215 -0.985684
96.1 -1.30962 -1.07853
96.2 -1.23176 -1.1662
96.3 -1.14763 -1.24829
96.4 -1.05602 -1.32432
96.5 -0.955411 -1.39374
96.6 -0.84387 -1.45585
96.7 -0.71892 -1.50983
96.8 -0.577423 -1.55463
96.9 -0.415495 -1.589
97 -0.228552 -1.61137
97.1 -0.0117616 -1.61984
97.2 0.238651 -1.61221
97.3 0.522598 -1.58614
97.4 0.831751 -1.53954
97.5 1.14576 -1.4713
97.6 1.43451 -1.38208
97.7 1.66951 -1.27468
97.8 1.83705 -1.15337
97.9 1.94093 -1.02276
98 1.99484 -0.886793
98.1 2.01379 -0.748398
98.2 2.00972 -0.609548
98.3 1.99085 -0.471528
98.4 1.96236 -0.335165
98.5 1.92743 -0.201003
98.6 1.8879 -0.0694165
98.7 1.84485 0.0593177
98.8 1.79887 0.18498
98.9 1.75023 0.307378
99 1.69902 0.426333
99.1 1.64517 0.541665
99.2 1.58853 0.653189
99.3 1.52883 0.760703
99.4 1.46573 0.863984
99.5 1.39877 0.962784
99.6 1.3274 1.05682
99.7 1.25089 1.14576
99.8 1.16835 1.22922
99.9 1.07865 1.30674
100 0.980348 1.3778
100.1 0.871622 1.44172
100.2 0.750132 1.49773
100.3 0.61291 1.54483
100.4 0.456255 1.58182
100.5 0.275729 1.60721
100.6 0.0664818 1.61919
100.7 -0.175702 1.61562
100.8 -0.452008 1.59417
100.9 -0.75651 1.55262
101 -1.07186 1.48956
101.1 -1.36954 1.40518
101.2 -1.61932 1.30177
101.3 -1.80321 1.18335
101.4 -1.92125 1.05456
101.5 -1.98567 0.919574
101.6 -2.01174 0.781548
101.7 -2.01229 0.642669
101.8 -1.99638 0.504362
101.9 -1.96984 0.367545
102 -1.93624 0.232818
102.1 -1.89769 0.100589
102.2 -1.85542 -0.0288479
102.3 -1.8101 -0.155262
102.4 -1.76208 -0.278456
102.5 -1.71148 -0.398249
102.6 -1.65828 -0.514463
102.7 -1.60232 -0.626914
102.8 -1.54338 -0.735405
102.9 -1.48113 -0.839719
103 -1.41514 -0.939613
103.1 -1.34488 -1.03481
103.2 -1.26967 -1.125
103.3 -1.18866 -1.20981
103.4 -1.10079 -1.2888
103.5 -1.00469 -1.36145
103.6 -0.898648 -1.42715
103.7 -0.78045 -1.48512
103.8 -0.647293 -1.53445
103.9 -0.495656 -1.57398
104 -0.321266 -1.60229
104.1 -0.119311 -1.61766
104.2 0.11473 -1.61801
104.3 0.38308 -1.60104
104.4 0.681945 -1.56446
104.5 0.99696 -1.50659
104.6 1.30178 -1.42718
104.7 1.56529 -1.328
104.8 1.76556 -1.21274
104.9 1.8985 -1.08602
105 1.97433 -0.952186
105.1 2.00825 -0.814653
105.2 2.01393 -0.675824
105.3 2.00132 -0.537282
105.4 1.97693 -0.400045
105.5 1.94478 -0.264777
105.6 1.90727 -0.131921
105.7 1.86581 -0.00179448
105.8 1.82118 0.12536
105.9 1.77379 0.24934
106 1.7238 0.369961
106.1 1.67123 0.487047
106.2 1.61594 0.600414
106.3 1.55774 0.709869
106.4 1.49631 0.815201
106.5 1.43126 0.916174
106.6 1.36208 1.01252
106.7 1.28812 1.10394
106.8 1.20859 1.19007
106.9 1.12246 1.27049
107 1.02847 1.34471
107.1 0.924984 1.41213
107.2 0.809919 1.47203
107.3 0.680625 1.52351
107.4 0.533762 1.5655
107.5 0.36523 1.59664
107.6 0.170302 1.61527
107.7 -0.0557411 1.61941
107.8 -0.31594 1.60679
107.9 -0.60836 1.57508
108 -0.921505 1.52239
108.1 -1.23162 1.44804
108.2 -1.50756 1.3533
108.3 -1.724 1.24148
108.4 -1.87248 1.11708
108.5 -1.96061 0.984593
108.6 -2.00317 0.847688
108.7 -2.01455 0.708999
108.8 -2.0056 0.570278
108.9 -1.98358 0.432658
109 -1.95301 0.296873
109.1 -1.91662 0.163409
109.2 -1.87602 0.0326065
109.3 -1.8321 -0.0952771
109.4 -1.78534 -0.220032
109.5 -1.73597 -0.341472
109.6 -1.68402 -0.459418
109.7 -1.6294 -0.57369
109.8 -1.57192 -0.684098
109.9 -1.5113 -0.790435
110 -1.44715 -0.892472
110.1 -1.37901 -0.98995
110.2 -1.30625 -1.08257
110.3 -1.22814 -1.17
110.4 -1.14369 -1.25183
110.5 -1.05171 -1.32758
110.6 -0.950663 -1.39668
110.7 -0.838579 -1.45845
110.8 -0.712959 -1.51204
110.9 -0.570636 -1.55641
111 -0.40769 -1.59027
111.1 -0.219512 -1.61206
111.2 -0.00127921 -1.61986
111.3 0.250682 -1.61146
111.4 0.536017 -1.58451
111.5 0.845917 -1.53695
111.6 1.15948 -1.46773
111.7 1.44636 -1.37763
111.8 1.67849 -1.26951
111.9 1.84299 -1.14768
112 1.94429 -1.01675
112.1 1.99633 -0.880626
112.2 2.01402 -0.742174
112.3 2.00915 -0.603338
112.4 1.98975 -0.465377
112.5 1.96092 -0.329103
112.6 1.92574 -0.195049
112.7 1.88604 -0.0635852
112.8 1.84285 0.0650158
112.9 1.79675 0.190535
113 1.74799 0.312783
113.1 1.69666 0.43158
113.2 1.6427 0.546746
113.3 1.58592 0.658094
113.4 1.52608 0.765423
113.5 1.46281 0.868509
113.6 1.39567 0.967102
113.7 1.32408 1.06091
113.8 1.24733 1.14962
113.9 1.16449 1.23282
114 1.07444 1.31007
114.1 0.975715 1.38082
114.2 0.866471 1.44441
114.3 0.744344 1.50004
114.4 0.606337 1.54671
114.5 0.448712 1.58322
114.6 0.267003 1.60805
114.7 0.0563593 1.61938
114.8 -0.187364 1.61506
114.9 -0.465132 1.59275
115 -0.770587 1.55026
115.1 -1.08582 1.48622
115.2 -1.38195 1.40093
115.3 -1.62904 1.29675
115.4 -1.80985 1.17777
115.5 -1.92517 1.04862
115.6 -1.98755 0.913434
115.7 -2.01223 0.77533
115.8 -2.01188 0.636451
115.9 -1.99539 0.498194
116 -1.96847 0.36146
116.1 -1.93461 0.226837
116.2 -1.89587 0.0947273
116.3 -1.85345 -0.0345787
116.4 -1.80801 -0.160852
116.5 -1.75987 -0.283898
116.6 -1.70916 -0.403534
116.7 -1.65583 -0.519584
116.8 -1.59975 -0.631862
116.9 -1.54066 -0.74017
117 -1.47825 -0.844291
117.1 -1.41209 -0.943981
117.2 -1.34162 -1.03896
117.3 -1.26617 -1.12892
117.4 -1.18488 -1.21347
117.5 -1.09667 -1.29219
117.6 -1.00017 -1.36455
117.7 -0.893631 -1.42991
117.8 -0.774827 -1.48753
117.9 -0.640923 -1.53644
118 -0.488363 -1.5755
118.1 -0.312843 -1.60327
118.2 -0.10954 -1.61801
118.3 0.12602 -1.61764
118.4 0.395881 -1.59984
118.5 0.695871 -1.56233
118.6 1.01107 -1.50349
118.7 1.31469 -1.42313
118.8 1.57572 -1.32314
118.9 1.77292 -1.20727
119 1.90301 -1.08015
119.1 1.97663 -0.946081
119.2 2.00902 -0.808446
119.3 2.0137 -0.669601
119.4 2.00044 -0.531098
119.5 1.97563 -0.393938
119.6 1.9432 -0.258769
119.7 1.90549 -0.12603
119.8 1.86387 0.00396846
119.9 1.81911 0.130985
120 1.7716 0.254818
120.1 1.7215 0.375285
120.2 1.66881 0.492207
120.3 1.6134 0.605403
120.4 1.55506 0.714678
120.5 1.49348 0.81982
120.6 1.42826 0.920592
120.7 1.35887 1.01673
120.8 1.28468 1.10791
120.9 1.20488 1.19379
121 1.11843 1.27395
121.1 1.02405 1.34788
121.2 0.920094 1.41498
121.3 0.804452 1.47452
121.4 0.674448 1.52561
121.5 0.526708 1.56714
121.6 0.357097 1.59776
121.7 0.160871 1.61578
121.8 -0.0666595 1.61922
121.9 -0.328398 1.6058
122 -0.622081 1.57318
122.1 -0.935686 1.51952
122.2 -1.24495 1.44421
122.3 -1.51867 1.34863
122.4 -1.7321 1.23614
122.5 -1.87762 1.11129
122.6 -1.96337 0.97853
122.7 -2.00426 0.841496
122.8 -2.01452 0.702773
122.9 -2.00485 0.564081
123 -1.98237 0.42653
123.1 -1.95149 0.29084
123.2 -1.91489 0.157489
123.3 -1.87411 0.026812
123.4 -1.83006 -0.100936
123.5 -1.78318 -0.225546
123.6 -1.7337 -0.346833
123.7 -1.68163 -0.464618
123.8 -1.62689 -0.578721
123.9 -1.56927 -0.688951
124 -1.5085 -0.795101
124.1 -1.44419 -0.896939
124.2 -1.37585 -0.994207
124.3 -1.30288 -1.08661
124.4 -1.22449 -1.17379
124.5 -1.13974 -1.25536
124.6 -1.04739 -1.33082
124.7 -0.945893 -1.39961
124.8 -0.833261 -1.46103
124.9 -0.706966 -1.51423
125 -0.563808 -1.55816
125.1 -0.399834 -1.59152
125.2 -0.210411 -1.61272
125.3 0.00927149 -1.61985
125.4 0.262781 -1.61066
125.5 0.549486 -1.58283
125.6 0.860092 -1.53431
125.7 1.17315 -1.46413
125.8 1.4581 -1.37314
125.9 1.68733 -1.26431
126 1.84879 -1.14198
126.1 1.94756 -1.01074
126.2 1.99776 -0.874454
126.3 2.01421 -0.735949
126.4 2.00854 -0.59713
126.5 1.98863 -0.45923
126.6 1.95946 -0.323045
126.7 1.92405 -0.1891
126.8 1.88417 -0.0577596
126.9 1.84085 0.0707077
127 1.79462 0.196085
127.1 1.74575 0.318182
127.2 1.6943 0.436819
127.3 1.64021 0.551818
127.4 1.58331 0.662991
127.5 1.52332 0.770135
127.6 1.45989 0.873026
127.7 1.39257 0.97141
127.8 1.32076 1.065
127.9 1.24375 1.15346
128 1.16062 1.23641
128.1 1.07021 1.31338
128.2 0.97106 1.38383
128.3 0.861294 1.44708
128.4 0.738525 1.50233
128.5 0.599725 1.54858
128.6 0.441121 1.58459
128.7 0.25822 1.60886
128.8 0.0461699 1.61954
128.9 -0.199096 1.61446
129 -0.478314 1.59129
129.1 -0.784686 1.54785
129.2 -1.09974 1.48285
129.3 -1.39427 1.39664
129.4 -1.63862 1.2917
129.5 -1.81635 1.17216
129.6 -1.92898 1.04267
129.7 -1.98936 0.907289
129.8 -2.01267 0.769111
129.9 -2.01143 0.630234
130 -1.99437 0.492029
130.1 -1.96708 0.355378
130.2 -1.93296 0.220861
130.3 -1.89404 0.0888713
130.4 -1.85147 -0.0403034
130.5 -1.80591 -0.166436
130.6 -1.75765 -0.289333
130.7 -1.70682 -0.408813
130.8 -1.65338 -0.524697
130.9 -1.59716 -0.636802
131 -1.53794 -0.744927
131.1 -1.47537 -0.848855
131.2 -1.40903 -0.94834
131.3 -1.33835 -1.0431
131.4 -1.26266 -1.13283
131.5 -1.18108 -1.21713
131.6 -1.09253 -1.29557
131.7 -0.995624 -1.36763
131.8 -0.888588 -1.43267
131.9 -0.769174 -1.48991
132 -0.634515 -1.53841
132.1 -0.481024 -1.577
132.2 -0.304364 -1.60423
132.3 -0.0997033 -1.61834
132.4 0.13738 -1.61723
132.5 0.408744 -1.59859
132.6 0.709829 -1.56016
132.7 1.02516 -1.50035
132.8 1.32751 -1.41905
132.9 1.58601 -1.31826
133 1.78014 -1.20178
133.1 1.90741 -1.07426
133.2 1.97885 -0.939969
133.3 2.00974 -0.802236
133.4 2.01343 -0.663378
133.5 1.99954 -0.524918
133.6 1.97432 -0.387834
133.7 1.94161 -0.252766
133.8 1.9037 -0.120144
133.9 1.86193 0.00972541
134 1.81704 0.136603
134.1 1.76941 0.260289
134.2 1.7192 0.380601
134.3 1.66638 0.497361
134.4 1.61085 0.610385
134.5 1.55237 0.71948
134.6 1.49064 0.824431
134.7 1.42524 0.925002
134.8 1.35566 1.02092
134.9 1.28123 1.11188
135 1.20115 1.19751
135.1 1.11438 1.2774
135.2 1.01961 1.35104
135.3 0.91518 1.41781
135.4 0.798956 1.477
135.5 0.668236 1.52768
135.6 0.519609 1.56876
135.7 0.348911 1.59885
135.8 0.151378 1.61627
135.9 -0.0776474 1.619
136 -0.340921 1.60476
136.1 -0.635843 1.57124
136.2 -0.94986 1.51661
136.3 -1.25821 1.44035
136.4 -1.52965 1.34392
136.5 -1.74006 1.23078
136.6 -1.88264 1.10548
136.7 -1.96605 0.972458
136.8 -2.00528 0.8353
136.9 -2.01445 0.696547
137 -2.00408 0.557886
137.1 -1.98114 0.420406
137.2 -1.94996 0.284812
137.3 -1.91314 0.151574
137.4 -1.87221 0.0210233
137.5 -1.82802 -0.106588
137.6 -1.78102 -0.231053
137.7 -1.73142 -0.352187
137.8 -1.67924 -0.469811
137.9 -1.62437 -0.583745
138 -1.56662 -0.693797
138.1 -1.5057 -0.799758
138.2 -1.44122 -0.901398
138.3 -1.37268 -0.998454
138.4 -1.29949 -1.09063
138.5 -1.22084 -1.17757
138.6 -1.13578 -1.25887
138.7 -1.04305 -1.33405
138.8 -0.941101 -1.40253
138.9 -0.827915 -1.4636
139 -0.700939 -1.51641
139.1 -0.556938 -1.55989
139.2 -0.391927 -1.59274
139.3 -0.201249 -1.61336
139.4 0.0198908 -1.6198
139.5 0.274948 -1.60983
139.6 0.563006 -1.58111
139.7 0.874275 -1.53163
139.8 1.18676 -1.46048
139.9 1.46972 -1.36862
140 1.69603 -1.25908
140.1 1.85447 -1.13625
140.2 1.95073 -1.00472
140.3 1.99912 -0.868278
140.4 2.01436 -0.729724
140.5 2.00791 -0.590924
140.6 1.98749 -0.453086
140.7 1.95799 -0.316992
140.8 1.92235 -0.183157
140.9 1.8823 -0.0519398
141 1.83884 0.0763934
141.1 1.79249 0.201627
141.2 1.7435 0.323573
141.3 1.69194 0.442051
141.4 1.63772 0.556883
141.5 1.58069 0.66788
141.6 1.52055 0.774838
141.7 1.45696 0.877533
141.8 1.38945 0.975709
141.9 1.31743 1.06908
142 1.24016 1.1573
142.1 1.15673 1.23999
142.2 1.06597 1.31668
142.3 0.966384 1.38682
142.4 0.856091 1.44973
142.5 0.732674 1.5046
142.6 0.593073 1.55042
142.7 0.433481 1.58594
142.8 0.249377 1.60965
142.9 0.0359132 1.61967
143 -0.210896 1.61383
143.1 -0.491552 1.58979
143.2 -0.798804 1.54541
143.3 -1.11361 1.47943
143.4 -1.40648 1.39231
143.5 -1.64806 1.28662
143.6 -1.82272 1.16654
143.7 -1.93269 1.0367
143.8 -1.99109 0.901139
143.9 -2.01306 0.76289
144 -2.01095 0.624019
144.1 -1.99334 0.485867
144.2 -1.96568 0.349302
144.3 -1.93131 0.21489
144.4 -1.8922 0.0830209
144.5 -1.84949 -0.0460219
144.6 -1.8038 -0.172014
144.7 -1.75543 -0.294761
144.8 -1.70449 -0.414084
144.9 -1.65092 -0.529803
145 -1.59458 -0.641733
145.1 -1.53521 -0.749676
145.2 -1.47248 -0.85341
145.3 -1.40596 -0.95269
145.4 -1.33507 -1.04724
145.5 -1.25914 -1.13672
145.6 -1.17728 -1.22077
145.7 -1.08838 -1.29894
145.8 -0.99106 -1.3707
145.9 -0.883521 -1.43541
146 -0.76349 -1.49228
146.1 -0.62807 -1.54036
146.2 -0.473639 -1.57847
146.3 -0.295829 -1.60515
146.4 -0.0898013 -1.61863
146.5 0.14881 -1.61679
146.6 0.421669 -1.59731
146.7 0.723819 -1.55794
146.8 1.03922 -1.49716
146.9 1.34025 -1.41493
147 1.59617 -1.31334
147.1 1.78723 -1.19627
147.2 1.9117 -1.06836
147.3 1.98099 -0.93385
147.4 2.0104 -0.796024
147.5 2.01313 -0.657156
147.6 1.99862 -0.51874
147.7 1.97299 -0.381735
147.8 1.94001 -0.246769
147.9 1.9019 -0.114264
148 1.85998 0.0154763
148.1 1.81496 0.142215
148.2 1.76722 0.265754
148.3 1.71689 0.38591
148.4 1.66396 0.502507
148.5 1.6083 0.615359
148.6 1.54968 0.724273
148.7 1.48779 0.829034
148.8 1.42222 0.929401
148.9 1.35243 1.0251
149 1.27777 1.11583
149.1 1.19742 1.20122
149.2 1.11032 1.28084
149.3 1.01515 1.35418
149.4 0.910242 1.42064
149.5 0.793432 1.47946
149.6 0.661987 1.52974
149.7 0.512466 1.57035
149.8 0.34067 1.59991
149.9 0.14182 1.61672
150 -0.0887049 1.61874
150.1 -0.353509 1.60369
150.2 -0.649647 1.56925
150.3 -0.964024 1.51365
150.4 -1.27139 1.43644
150.5 -1.5405 1.33917
150.6 -1.74788 1.22539
150.7 -1.88754 1.09965
150.8 -1.96864 0.966378
150.9 -2.00624 0.829102
151 -2.01434 0.690322
151.1 -2.00328 0.551694
151.2 -1.97989 0.414286
151.3 -1.94841 0.278788
151.4 -1.91139 0.145664
151.5 -1.87029 0.0152405
151.6 -1.82597 -0.112234
151.7 -1.77886 -0.236554
151.8 -1.72914 -0.357534
151.9 -1.67684 -0.474997
152 -1.62185 -0.588761
152.1 -1.56396 -0.698634
152.2 -1.50289 -0.804407
152.3 -1.43824 -0.905847
152.4 -1.36951 -1.00269
152.5 -1.29608 -1.09464
152.6 -1.21718 -1.18134
152.7 -1.1318 -1.26237
152.8 -1.0387 -1.33727
152.9 -0.936287 -1.40543
153 -0.822542 -1.46615
153.1 -0.694877 -1.51856
153.2 -0.550027 -1.5616
153.3 -0.383969 -1.59394
153.4 -0.192025 -1.61397
153.5 0.0305789 -1.61972
153.6 0.287183 -1.60896
153.7 0.576575 -1.57935
153.8 0.888461 -1.52891
153.9 1.20031 -1.45679
154 1.48123 -1.36406
154.1 1.7046 -1.25382
154.2 1.86003 -1.13051
154.3 1.95381 -0.998682
154.4 2.00041 -0.862098
154.5 2.01447 -0.723499
154.6 2.00724 -0.58472
154.7 1.98634 -0.446946
154.8 1.95651 -0.310943
154.9 1.92064 -0.177219
155 1.88042 -0.0461258
155.1 1.83682 0.0820729
155.2 1.79035 0.207163
155.3 1.74124 0.328957
155.4 1.68957 0.447276
155.5 1.63523 0.561941
155.6 1.57806 0.672761
155.7 1.51778 0.779533
155.8 1.45402 0.88203
155.9 1.38632 0.979998
156 1.31408 1.07314
156.1 1.23657 1.16113
156.2 1.15283 1.24356
156.3 1.06171 1.31997
156.4 0.961687 1.3898
156.5 0.850862 1.45237
156.6 0.72679 1.50686
156.7 0.58638 1.55224
156.8 0.425792 1.58727
156.9 0.240476 1.6104
157 0.0255891 1.61976
157.1 -0.222767 1.61316
157.2 -0.504845 1.58825
157.3 -0.81294 1.54292
157.4 -1.12745 1.47596
157.5 -1.41858 1.38794
157.6 -1.65736 1.28151
157.7 -1.82896 1.1609
157.8 -1.93629 1.03072
157.9 -1.99275 0.894983
158 -2.0134 0.756669
158.1 -2.01044 0.617805
158.2 -1.99228 0.479709
158.3 -1.96426 0.343229
158.4 -1.92965 0.208924
158.5 -1.89036 0.0771763
158.6 -1.8475 -0.0517344
158.7 -1.80169 -0.177585
158.8 -1.7532 -0.300183
158.9 -1.70214 -0.419347
159 -1.64846 -0.534901
159.1 -1.59198 -0.646657
159.2 -1.53248 -0.754416
159.3 -1.46959 -0.857956
159.4 -1.40288 -0.95703
159.5 -1.33178 -1.05136
159.6 -1.2556 -1.14061
159.7 -1.17345 -1.22441
159.8 -1.08421 -1.3023
159.9 -0.986474 -1.37376
160 -0.878429 -1.43813
160.1 -0.757775 -1.49463
160.2 -0.621587 -1.54229
160.3 -0.466207 -1.57993
160.4 -0.287237 -1.60606
160.5 -0.0798334 -1.61889
160.6 0.160309 -1.61631
160.7 0.434655 -1.59599
160.8 0.737837 -1.55569
160.9 1.05325 -1.49392
161 1.35289 -1.41077
161.1 1.6062 -1.30839
161.2 1.79418 -1.19074
161.3 1.91587 -1.06245
161.4 1.98305 -0.927725
161.5 2.01101 -0.78981
161.6 2.01279 -0.650936
161.7 1.99767 -0.512565
161.8 1.97165 -0.37564
161.9 1.9384 -0.240776
162 1.9001 -0.108389
162.1 1.85802 0.0212212
162.2 1.81288 0.147821
162.3 1.76502 0.271212
162.4 1.71457 0.391213
162.5 1.66152 0.507645
162.6 1.60573 0.620326
162.7 1.54698 0.729058
162.8 1.48493 0.833627
162.9 1.41918 0.933792
163 1.34919 1.02928
163.1 1.2743 1.11978
163.2 1.19367 1.20491
163.3 1.10624 1.28426
163.4 1.01068 1.35731
163.5 0.90528 1.42344
163.6 0.787878 1.4819
163.7 0.655703 1.53177
163.8 0.505279 1.57192
163.9 0.332376 1.60095
164 0.132199 1.61714
164.1 -0.0998322 1.61845
164.2 -0.366162 1.60258
164.3 -0.663489 1.56722
164.4 -0.978175 1.51065
164.5 -1.28449 1.43249
164.6 -1.55123 1.3344
164.7 -1.75556 1.21997
164.8 -1.89233 1.09381
164.9 -1.97114 0.96029
165 -2.00714 0.8229
165.1 -2.01419 0.684097
165.2 -2.00245 0.545505
165.3 -1.97863 0.408169
165.4 -1.94686 0.272769
165.5 -1.90962 0.13976
165.6 -1.86837 0.00946371
165.7 -1.82391 -0.117874
165.8 -1.77668 -0.242048
165.9 -1.72685 -0.362874
166 -1.67443 -0.480175
166.1 -1.61932 -0.593769
166.2 -1.56129 -0.703463
166.3 -1.50007 -0.809047
166.4 -1.43525 -0.910287
166.5 -1.36633 -1.00692
166.6 -1.29267 -1.09864
166.7 -1.2135 -1.18509
166.8 -1.1278 -1.26587
166.9 -1.03432 -1.34047
167 -0.931449 -1.40832
167.1 -0.817141 -1.46868
167.2 -0.688781 -1.5207
167.3 -0.543072 -1.56329
167.4 -0.375958 -1.59512
167.5 -0.18274 -1.61455
167.6 0.0413359 -1.61961
167.7 0.299485 -1.60806
167.8 0.590191 -1.57755
167.9 0.902649 -1.52614
168 1.2138 -1.45306
168.1 1.49261 -1.35947
168.2 1.71302 -1.24854
168.3 1.86546 -1.12476
168.4 1.95679 -0.992639
168.5 2.00164 -0.855914
168.6 2.01453 -0.717274
168.7 2.00656 -0.578518
168.8 1.98516 -0.440809
168.9 1.95501 -0.304899
169 1.91892 -0.171286
169.1 1.87853 -0.0403176
169.2 1.83479 0.0877461
169.3 1.7882 0.212693
169.4 1.73898 0.334335
169.5 1.68719 0.452494
169.6 1.63273 0.56699
169.7 1.57543 0.677634
169.8 1.515 0.784219
169.9 1.45108 0.886519
170 1.38319 0.984277
170.1 1.31073 1.0772
170.2 1.23295 1.16495
170.3 1.14892 1.24712
170.4 1.05743 1.32325
170.5 0.956969 1.39276
170.6 0.845606 1.45499
170.7 0.720874 1.50909
170.8 0.579648 1.55404
170.9 0.418053 1.58858
171 0.231515 1.61113
171.1 0.0151972 1.61982
171.2 -0.234706 1.61245
171.3 -0.518193 1.58667
171.4 -0.82709 1.54038
171.5 -1.14124 1.47246
171.6 -1.43058 1.38354
171.7 -1.66652 1.27638
171.8 -1.83507 1.15524
171.9 -1.93979 1.02473
172 -1.99433 0.888822
172.1 -2.0137 0.750446
172.2 -2.00991 0.611593
172.3 -1.99121 0.473553
172.4 -1.96284 0.337161
172.5 -1.92798 0.202964
172.6 -1.88851 0.0713373
172.7 -1.84551 -0.0574407
172.8 -1.79957 -0.183149
172.9 -1.75097 -0.305597
173 -1.69979 -0.424604
173.1 -1.64599 -0.539991
173.2 -1.58938 -0.651573
173.3 -1.52973 -0.759147
173.4 -1.46668 -0.862493
173.5 -1.39979 -0.961361
173.6 -1.32848 -1.05547
173.7 -1.25206 -1.14448
173.8 -1.16961 -1.22803
173.9 -1.08003 -1.30564
174 -0.981869 -1.3768
174.1 -0.873312 -1.44084
174.2 -0.75203 -1.49696
174.3 -0.615066 -1.5442
174.4 -0.458727 -1.58135
174.5 -0.278589 -1.60693
174.6 -0.0697993 -1.61912
174.7 0.171878 -1.6158
174.8 0.447701 -1.59462
174.9 0.751881 -1.55338
175 1.06726 -1.49065
175.1 1.36543 -1.40657
175.2 1.6161 -1.30341
175.3 1.801 -1.18518
175.4 1.91993 -1.05652
175.5 1.98504 -0.921594
175.6 2.01157 -0.783595
175.7 2.01242 -0.644716
175.8 1.99671 -0.506393
175.9 1.97029 -0.369549
176 1.93678 -0.234788
176.1 1.89829 -0.10252
176.2 1.85606 0.0269601
176.3 1.81079 0.15342
176.4 1.76281 0.276663
176.5 1.71225 0.396508
176.6 1.65908 0.512776
176.7 1.60317 0.625284
176.8 1.54427 0.733834
176.9 1.48207 0.838211
177 1.41614 0.938173
177.1 1.34595 1.03344
177.2 1.27082 1.12371
177.3 1.1899 1.2086
177.4 1.10214 1.28768
177.5 1.00618 1.36043
177.6 0.900295 1.42623
177.7 0.782295 1.48433
177.8 0.649382 1.53379
177.9 0.498047 1.57347
178 0.324026 1.60197
178.1 0.122514 1.61754
178.2 -0.111029 1.61813
178.3 -0.37888 1.60143
178.4 -0.677368 1.56515
178.5 -0.99231 1.50761
178.6 -1.29751 1.4285
178.7 -1.56183 1.32959
178.8 -1.7631 1.21454
178.9 -1.89699 1.08795
179 -1.97355 0.954195
179.1 -2.00799 0.816696
179.2 -2.014 0.677873
179.3 -2.00161 0.539318
179.4 -1.97735 0.402056
179.5 -1.94529 0.266755
179.6 -1.90785 0.133861
179.7 -1.86644 0.00369284
179.8 -1.82186 -0.123507
179.9 -1.7745 -0.247535
180 -1.72456 -0.368207
180.1 -1.67202 -0.485346
180.2 -1.61678 -0.598769
180.3 -1.55862 -0.708284
180.4 -1.49725 -0.813678
180.5 -1.43225 -0.914718
180.6 -1.36313 -1.01114
180.7 -1.28925 -1.10263
180.8 -1.2098 -1.18884
180.9 -1.12379 -1.26935
181 -1.02992 -1.34366
181.1 -0.926589 -1.41119
181.2 -0.811712 -1.4712
181.3 -0.682651 -1.52282
181.4 -0.536075 -1.56496
181.5 -0.367896 -1.59627
181.6 -0.173393 -1.6151
181.7 0.0521621 -1.61947
181.8 0.311854 -1.60711
181.9 0.603853 -1.5757
182 0.916835 -1.52333
182.1 1.22722 -1.44929
182.2 1.50388 -1.35484
182.3 1.7213 -1.24324
182.4 1.87076 -1.11898
182.5 1.95968 -0.986587
182.6 2.0028 -0.849726
182.7 2.01455 -0.711048
182.8 2.00584 -0.572318
182.9 1.98397 -0.434676
183 1.95351 -0.29886
183.1 1.91719 -0.165359
183.2 1.87664 -0.0345152
183.3 1.83276 0.0934131
183.4 1.78605 0.218216
183.5 1.73672 0.339705
183.6 1.68481 0.457704
183.7 1.63023 0.572032
183.8 1.57279 0.682498
183.9 1.51221 0.788897
184 1.44813 0.890999
184.1 1.38004 0.988547
184.2 1.30736 1.08124
184.3 1.22933 1.16875
184.4 1.14499 1.25066
184.5 1.05313 1.32651
184.6 0.952228 1.39571
184.7 0.840324 1.4576
184.8 0.714925 1.51131
184.9 0.572875 1.55582
185 0.410265 1.58986
185.1 0.222494 1.61183
185.2 0.00473734 1.61985
185.3 -0.246714 1.61171
185.4 -0.531594 1.58505
185.5 -0.841253 1.5378
185.6 -1.15497 1.46891
185.7 -1.44247 1.3791
185.8 -1.67555 1.27121
185.9 -1.84105 1.14956
186 -1.9432 1.01873
186.1 -1.99585 0.882656
186.2 -2.01395 0.744223
186.3 -2.00934 0.605382
186.4 -1.99011 0.467402
186.5 -1.9614 0.331098
186.6 -1.9263 0.197008
186.7 -1.88665 0.0655041
186.8 -1.84351 -0.0631408
186.9 -1.79745 -0.188707
187 -1.74873 -0.311005
187.1 -1.69744 -0.429853
187.2 -1.64351 -0.545074
187.3 -1.58678 -0.656481
187.4 -1.52698 -0.76387
187.5 -1.46377 -0.867021
187.6 -1.39669 -0.965682
187.7 -1.32518 -1.05957
187.8 -1.2485 -1.14835
187.9 -1.16576 -1.23163
188 -1.07583 -1.30898
188.1 -0.977242 -1.37983
188.2 -0.868169 -1.44353
188.3 -0.746253 -1.49928
188.4 -0.608505 -1.54609
188.5 -0.4512 -1.58276
188.6 -0.269882 -1.60778
188.7 -0.0596988 -1.61932
188.8 0.183517 -1.61525
188.9 0.460806 -1.59322
189 0.765951 -1.55104
189.1 1.08123 -1.48733
189.2 1.37788 -1.40233
189.3 1.62586 -1.2984
189.4 1.80768 -1.17961
189.5 1.92389 -1.05058
189.6 1.98694 -0.915456
189.7 2.01207 -0.777377
189.8 2.01202 -0.638497
189.9 1.99572 -0.500224
190 1.96892 -0.363462
190.1 1.93515 -0.228805
190.2 1.89647 -0.0966562
190.3 1.8541 0.0326929
190.4 1.8087 0.159013
190.5 1.7606 0.282107
190.6 1.70992 0.401795
190.7 1.65664 0.517899
190.8 1.60059 0.630234
190.9 1.54156 0.738602
191 1.4792 0.842787
191.1 1.41309 0.942544
191.2 1.34269 1.0376
191.3 1.26732 1.12763
191.4 1.18613 1.21227
191.5 1.09803 1.29107
191.6 1.00166 1.36353
191.7 0.895285 1.42901
191.8 0.776681 1.48674
191.9 0.643024 1.53579
192 0.490769 1.575
192.1 0.315622 1.60295
192.2 0.112764 1.6179
192.3 -0.122296 1.61777
192.4 -0.39166 1.60024
192.5 -0.691283 1.56304
192.6 -1.00643 1.50452
192.7 -1.31045 1.42447
192.8 -1.5723 1.32474
192.9 -1.77051 1.20908
193 -1.90154 1.08208
193.1 -1.97588 0.948092
193.2 -2.00878 0.810489
193.3 -2.01378 0.671649
193.4 -2.00074 0.533133
193.5 -1.97606 0.395948
193.6 -1.94372 0.260746
193.7 -1.90607 0.127968
193.8 -1.86451 -0.00207207
193.9 -1.81979 -0.129134
194 -1.77232 -0.253015
194.1 -1.72226 -0.373533
194.2 -1.6696 -0.490509
194.3 -1.61424 -0.603762
194.4 -1.55594 -0.713096
194.5 -1.49441 -0.818301
194.6 -1.42925 -0.919139
194.7 -1.35993 -1.01534
194.8 -1.28582 -1.10661
194.9 -1.2061 -1.19257
195 -1.11976 -1.27281
195.1 -1.02551 -1.34684
195.2 -0.921706 -1.41404
195.3 -0.806255 -1.4737
195.4 -0.676486 -1.52492
195.5 -0.529035 -1.5666
195.6 -0.35978 -1.59739
195.7 -0.163983 -1.61562
195.8 0.0630577 -1.61929
195.9 0.32429 -1.60613
196 0.617559 -1.57381
196.1 0.931019 -1.52047
196.2 1.24057 -1.44548
196.3 1.51503 -1.35017
196.4 1.72945 -1.2379
196.5 1.87594 -1.1132
196.6 1.96247 -0.980527
196.7 2.00391 -0.843535
196.8 2.01453 -0.704822
196.9 2.0051 -0.56612
197 1.98277 -0.428547
197.1 1.95199 -0.292826
197.2 1.91546 -0.159437
197.3 1.87474 -0.0287188
197.4 1.83073 0.0990737
197.5 1.7839 0.223732
197.6 1.73445 0.345069
197.7 1.68242 0.462907
197.8 1.62772 0.577066
197.9 1.57015 0.687354
198 1.50942 0.793566
198.1 1.44516 0.89547
198.2 1.37689 0.992807
198.3 1.30399 1.08528
198.4 1.22569 1.17254
198.5 1.14104 1.25419
198.6 1.04882 1.32975
198.7 0.947466 1.39865
198.8 0.835015 1.46019
198.9 0.708942 1.51351
199 0.56606 1.55758
199.1 0.402425 1.59111
199.2 0.213413 1.61251
199.3 -0.00579084 1.61985
199.4 -0.25879 1.61093
199.5 -0.545047 1.58339
199.6 -0.855425 1.53518
199.7 -1.16866 1.46532
199.8 -1.45424 1.37463
199.9 -1.68444 1.26602
200 -1.8469 1.14386
