0 2 0
0.1 1.91151 0.132946
0.2 1.83581 0.260353
0.3 1.76689 0.382867
0.4 1.70125 0.500819
0.5 1.63669 0.614353
0.6 1.57173 0.723489
0.7 1.50524 0.82816
0.8 1.43627 0.928228
0.9 1.36395 1.02349
1 1.28738 1.1137
1.1 1.20556 1.19853
1.2 1.11731 1.27758
1.3 1.02122 1.35037
1.4 0.915515 1.4163
1.5 0.797956 1.47466
1.6 0.665715 1.52454
1.7 0.515231 1.56482
1.8 0.342154 1.59412
1.9 0.141512 1.61075
2 -0.091524 1.61264
2.1 -0.359687 1.59749
2.2 -0.659863 1.56297
2.3 -0.978219 1.50729
2.4 -1.28822 1.43006
2.5 -1.55754 1.33295
2.6 -1.76275 1.21962
2.7 -1.89901 1.09469
2.8 -1.97665 0.962571
2.9 -2.01145 0.826717
3 -2.01756 0.689542
3.1 -2.00523 0.552628
3.2 -1.98111 0.416984
3.3 -1.94929 0.283261
3.4 -1.91221 0.151891
3.5 -1.87126 0.0231823
3.6 -1.82722 -0.102633
3.7 -1.78051 -0.225359
3.8 -1.73129 -0.344823
3.9 -1.67956 -0.460853
4 -1.62522 -0.573276
4.1 -1.56806 -0.681907
4.2 -1.50779 -0.786547
4.3 -1.44403 -0.88697
4.4 -1.3763 -0.982924
4.5 -1.30397 -1.07412
4.6 -1.2263 -1.16021
4.7 -1.14232 -1.24082
4.8 -1.05081 -1.31546
4.9 -0.950223 -1.38358
5 -0.838579 -1.44449
5.1 -0.713345 -1.49737
5.2 -0.571306 -1.54117
5.3 -0.408467 -1.57462
5.4 -0.220108 -1.59616
5.5 -0.00125818 -1.60388
5.6 0.251914 -1.59555
5.7 0.539117 -1.56882
5.8 0.851318 -1.52162
5.9 1.16696 -1.45291
6 1.45479 -1.36348
6.1 1.68632 -1.25627
6.2 1.84903 -1.13562
6.3 1.94817 -1.00614
6.4 1.99827 -0.871669
6.5 2.0145 -0.735022
6.6 2.00866 -0.598078
6.7 1.98871 -0.462048
6.8 1.95964 -0.327708
6.9 1.92445 -0.195567
7 1.88489 -0.0659756
7.1 1.84197 0.0608058
7.2 1.79622 0.184569
7.3 1.7479 0.305132
7.4 1.69706 0.422322
7.5 1.64365 0.535966
7.6 1.58748 0.645885
7.7 1.52831 0.751883
7.8 1.46579 0.853743
7.9 1.39946 0.951224
8 1.32876 1.04405
8.1 1.25299 1.13189
8.2 1.17125 1.21439
8.3 1.08242 1.29109
8.4 0.985084 1.36146
8.5 0.877406 1.42488
8.6 0.757057 1.48055
8.7 0.621067 1.52752
8.8 0.465706 1.56461
8.9 0.286474 1.59034
9 0.0783875 1.60293
9.1 -0.163007 1.60025
9.2 -0.439251 1.57996
9.3 -0.744806 1.53981
9.4 -1.06246 1.47834
9.5 -1.36327 1.39564
9.6 -1.61606 1.29396
9.7 -1.80205 1.17729
9.8 -1.92115 1.0503
9.9 -1.98592 0.917137
10 -2.012 0.780971
10.1 -2.01251 0.643964
10.2 -1.99661 0.507524
10.3 -1.97019 0.37255
10.4 -1.9368 0.239626
10.5 -1.89857 0.109147
10.6 -1.8567 -0.0186017
10.7 -1.81186 -0.143399
10.8 -1.76439 -0.265054
10.9 -1.7144 -0.383395
11 -1.66186 -0.498248
11.1 -1.60664 -0.609438
11.2 -1.54852 -0.716774
11.3 -1.48716 -0.820048
11.4 -1.42216 -0.919027
11.5 -1.353 -1.01345
11.6 -1.27902 -1.103
11.7 -1.1994 -1.18733
11.8 -1.11309 -1.26603
11.9 -1.01879 -1.33859
12 -0.914813 -1.40442
12.1 -0.799012 -1.46279
12.2 -0.668645 -1.5128
12.3 -0.520247 -1.55336
12.4 -0.349566 -1.58308
12.5 -0.151715 -1.6003
12.6 0.0781199 -1.60299
12.7 0.342836 -1.58887
12.8 0.639822 -1.55561
12.9 0.956158 -1.50137
13 1.26628 -1.42565
13.1 1.53815 -1.32996
13.2 1.74746 -1.21781
13.3 1.88802 -1.09378
13.4 1.96926 -0.962278
13.5 2.00667 -0.826833
13.6 2.01454 -0.68992
13.7 2.00335 -0.553169
13.8 1.97997 -0.417625
13.9 1.94863 -0.283962
14 1.91185 -0.152627
14.1 1.8711 -0.0239351
14.2 1.82721 0.101874
14.3 1.78059 0.224604
14.4 1.73145 0.344075
14.5 1.67977 0.460118
14.6 1.62548 0.572557
14.7 1.56836 0.681208
14.8 1.50813 0.785869
14.9 1.44441 0.886317
15 1.37671 0.982297
15.1 1.30442 1.07352
15.2 1.2268 1.15965
15.3 1.14287 1.24029
15.4 1.05141 1.31497
15.5 0.950894 1.38313
15.6 0.839333 1.44409
15.7 0.7142 1.49702
15.8 0.572286 1.54088
15.9 0.409601 1.57441
16 0.221429 1.59603
16.1 0.00279746 1.60385
16.2 -0.25014 1.59563
16.3 -0.537132 1.56903
16.4 -0.849221 1.52197
16.5 -1.16493 1.4534
16.6 -1.45304 1.36411
16.7 -1.685 1.25699
16.8 -1.84817 1.13642
16.9 -1.94768 1.00698
17 -1.99805 0.872537
17.1 -2.01446 0.735898
17.2 -2.00874 0.598952
17.3 -1.98887 0.462914
17.4 -1.95984 0.328561
17.5 -1.92468 0.196405
17.6 -1.88515 0.0667966
17.7 -1.84225 -0.0600034
17.8 -1.79652 -0.183787
17.9 -1.74821 -0.30437
18 -1.69739 -0.421582
18.1 -1.644 -0.53525
18.2 -1.58785 -0.645194
18.3 -1.5287 -0.751217
18.4 -1.4662 -0.853105
18.5 -1.3999 -0.950614
18.6 -1.32923 -1.04347
18.7 -1.25349 -1.13135
18.8 -1.17179 -1.21388
18.9 -1.08302 -1.29061
19 -0.985738 -1.36103
19.1 -0.878133 -1.42449
19.2 -0.757874 -1.48022
19.3 -0.621995 -1.52725
19.4 -0.466771 -1.56441
19.5 -0.287708 -1.59022
19.6 -0.0798222 -1.6029
19.7 0.161349 -1.60032
19.8 0.437378 -1.58015
19.9 0.742785 -1.54014
20 1.06045 -1.4788
20.1 1.36146 -1.39623
20.2 1.61464 -1.29466
20.3 1.80108 -1.17808
20.4 1.92058 -1.05114
20.5 1.98564 -0.918002
20.6 2.01193 -0.781847
20.7 2.01256 -0.644841
20.8 1.99675 -0.508394
20.9 1.97038 -0.373409
21 1.93704 -0.24047
21.1 1.89883 -0.109974
21.2 1.85698 0.0177927
21.3 1.81216 0.142609
21.4 1.7647 0.264286
21.5 1.71472 0.382648
21.6 1.66221 0.497524
21.7 1.60701 0.608738
21.8 1.5489 0.716099
21.9 1.48757 0.8194
22 1.42259 0.918407
22.1 1.35346 1.01286
22.2 1.27951 1.10244
22.3 1.19993 1.18681
22.4 1.11367 1.26555
22.5 1.01942 1.33815
22.6 0.915514 1.40403
22.7 0.799796 1.46244
22.8 0.669533 1.51251
22.9 0.521263 1.55313
23 0.35074 1.58293
23.1 0.153079 1.60023
23.2 -0.0765382 1.60303
23.3 -0.341031 1.58902
23.4 -0.637838 1.55589
23.5 -0.954119 1.50179
23.6 -1.26439 1.4262
23.7 -1.53659 1.33063
23.8 -1.74635 1.21857
23.9 -1.88732 1.0946
24 -1.96889 0.963136
24.1 -2.00654 0.827707
24.2 -2.01456 0.690797
24.3 -2.00347 0.554042
24.4 -1.98015 0.418488
24.5 -1.94885 0.284811
24.6 -1.9121 0.15346
24.7 -1.87137 0.0247503
24.8 -1.8275 -0.101078
24.9 -1.7809 -0.223828
25 -1.73177 -0.343321
25.1 -1.68011 -0.459386
25.2 -1.62584 -0.571849
25.3 -1.56874 -0.680525
25.4 -1.50852 -0.785212
25.5 -1.44483 -0.885688
25.6 -1.37715 -0.981698
25.7 -1.3049 -1.07295
25.8 -1.22731 -1.15911
25.9 -1.14343 -1.23979
26 -1.05203 -1.31451
26.1 -0.951571 -1.38272
26.2 -0.840088 -1.44373
26.3 -0.715051 -1.49671
26.4 -0.573257 -1.54063
26.5 -0.410719 -1.57423
26.6 -0.222726 -1.59594
26.7 -0.00430392 -1.60385
26.8 0.248408 -1.59574
26.9 0.535199 -1.56927
27 0.847181 -1.52234
27.1 1.16296 -1.45391
27.2 1.45135 -1.36474
27.3 1.68373 -1.25773
27.4 1.84734 -1.13723
27.5 1.94722 -1.00783
27.6 1.99785 -0.873407
27.7 2.01444 -0.736775
27.8 2.00883 -0.599827
27.9 1.98903 -0.46378
28 1.96005 -0.329415
28.1 1.92493 -0.197243
28.2 1.88542 -0.0676179
28.3 1.84253 0.0592008
28.4 1.79682 0.183004
28.5 1.74853 0.303609
28.6 1.69773 0.420843
28.7 1.64435 0.534534
28.8 1.58822 0.644502
28.9 1.52909 0.750551
29 1.46661 0.852466
29.1 1.40033 0.950004
29.2 1.3297 1.04289
29.3 1.25399 1.1308
29.4 1.17234 1.21337
29.5 1.08361 1.29014
29.6 0.986391 1.3606
29.7 0.878859 1.42411
29.8 0.75869 1.47989
29.9 0.622922 1.52698
30 0.467836 1.5642
30.1 0.288941 1.59009
30.2 0.0812555 1.60286
30.3 -0.159692 1.60039
30.4 -0.435505 1.58034
30.5 -0.740765 1.54046
30.6 -1.05843 1.47926
30.7 -1.35966 1.39683
30.8 -1.61322 1.29536
30.9 -1.80011 1.17886
31 -1.92 1.05197
31.1 -1.98536 0.918867
31.2 -2.01185 0.782724
31.3 -2.01262 0.645718
31.4 -1.99689 0.509264
31.5 -1.97058 0.374267
31.6 -1.93727 0.241314
31.7 -1.89908 0.110802
31.8 -1.85726 -0.0169837
31.9 -1.81245 -0.14182
32 -1.76501 -0.263517
32.1 -1.71505 -0.381901
32.2 -1.66255 -0.4968
32.3 -1.60737 -0.608038
32.4 -1.54928 -0.715424
32.5 -1.48797 -0.818752
32.6 -1.42302 -0.917787
32.7 -1.35392 -1.01227
32.8 -1.28 -1.10189
32.9 -1.20046 -1.18629
33 -1.11425 -1.26506
33.1 -1.02006 -1.33771
33.2 -0.916214 -1.40363
33.3 -0.80058 -1.46209
33.4 -0.67042 -1.51222
33.5 -0.522279 -1.5529
33.6 -0.351913 -1.58277
33.7 -0.154442 -1.60017
33.8 0.074958 -1.60306
33.9 0.339227 -1.58917
34 0.635855 -1.55616
34.1 0.952079 -1.5022
34.2 1.26249 -1.42675
34.3 1.53503 -1.3313
34.4 1.74522 -1.21933
34.5 1.88663 -1.09542
34.6 1.96853 -0.963994
34.7 2.00641 -0.828581
34.8 2.01458 -0.691675
34.9 2.00358 -0.554915
35 1.98032 -0.419351
35.1 1.94907 -0.28566
35.2 1.91235 -0.154293
35.3 1.87164 -0.0255656
35.4 1.82779 0.100282
35.5 1.78121 0.223052
35.6 1.73209 0.342567
35.7 1.68045 0.458654
35.8 1.62619 0.571141
35.9 1.56911 0.679841
36 1.50892 0.784555
36.1 1.44525 0.885058
36.2 1.3776 0.981097
36.3 1.30538 1.07238
36.4 1.22783 1.15858
36.5 1.14398 1.23929
36.6 1.05264 1.31405
36.7 0.952247 1.3823
36.8 0.840842 1.44336
36.9 0.715902 1.4964
37 0.574226 1.54038
37.1 0.411835 1.57405
37.2 0.224022 1.59584
37.3 0.00580897 1.60384
37.4 -0.246677 1.59585
37.5 -0.533266 1.5695
37.6 -0.845141 1.52271
37.7 -1.16099 1.45441
37.8 -1.44966 1.36537
37.9 -1.68246 1.25846
38 -1.84651 1.13803
38.1 -1.94675 1.00868
38.2 -1.99765 0.874278
38.3 -2.01441 0.737653
38.4 -2.00892 0.600703
38.5 -1.98919 0.464647
38.6 -1.96026 0.330269
38.7 -1.92517 0.198082
38.8 -1.88568 0.0684393
38.9 -1.84282 -0.0583981
39 -1.79712 -0.182221
39.1 -1.74885 -0.302847
39.2 -1.69806 -0.420103
39.3 -1.6447 -0.533818
39.4 -1.58859 -0.64381
39.5 -1.52948 -0.749885
39.6 -1.46702 -0.851827
39.7 -1.40077 -0.949394
39.8 -1.33016 -1.04231
39.9 -1.2545 -1.13025
40 -1.17288 -1.21285
40.1 -1.08421 -1.28967
40.2 -0.987045 -1.36017
40.3 -0.879585 -1.42373
40.4 -0.759506 -1.47956
40.5 -0.623848 -1.52671
40.6 -0.4689 -1.564
40.7 -0.290173 -1.58997
40.8 -0.0826874 -1.60283
40.9 0.158038 -1.60046
41 0.433634 -1.58053
41.1 0.738745 -1.54078
41.2 1.05641 -1.47972
41.3 1.35785 -1.39742
41.4 1.6118 -1.29607
41.5 1.79913 -1.17965
41.6 1.91942 -1.05281
41.7 1.98509 -0.919732
41.8 2.01178 -0.7836
41.9 2.01267 -0.646595
42 1.99703 -0.510134
42.1 1.97077 -0.375126
42.2 1.9375 -0.242158
42.3 1.89934 -0.111629
42.4 1.85753 0.0161746
42.5 1.81275 0.14103
42.6 1.76532 0.262748
42.7 1.71538 0.381154
42.8 1.66289 0.496076
42.9 1.60773 0.607338
43 1.54966 0.714749
43.1 1.48837 0.818104
43.2 1.42345 0.917167
43.3 1.35438 1.01168
43.4 1.28049 1.10133
43.5 1.20099 1.18577
43.6 1.11482 1.26458
43.7 1.02069 1.33726
43.8 0.916914 1.40323
43.9 0.801364 1.46175
44 0.671307 1.51193
44.1 0.523293 1.55267
44.2 0.353085 1.58262
44.3 0.155803 1.6001
44.4 -0.0733792 1.60309
44.5 -0.337424 1.58932
44.6 -0.633873 1.55644
44.7 -0.95004 1.50262
44.8 -1.26059 1.4273
44.9 -1.53347 1.33197
45 -1.7441 1.22009
45.1 -1.88593 1.09624
45.2 -1.96816 0.964851
45.3 -2.00627 0.829455
45.4 -2.0146 0.692553
45.5 -2.0037 0.555787
45.6 -1.9805 0.420213
45.7 -1.94929 0.286509
45.8 -1.9126 0.155126
45.9 -1.87192 0.026381
46 -1.82808 -0.0994858
46.1 -1.78151 -0.222276
46.2 -1.73241 -0.341812
46.3 -1.68079 -0.457922
46.4 -1.62655 -0.570432
46.5 -1.56949 -0.679158
46.6 -1.50932 -0.783898
46.7 -1.44567 -0.884428
46.8 -1.37805 -0.980497
46.9 -1.30586 -1.07181
47 -1.22834 -1.15804
47.1 -1.14454 -1.23879
47.2 -1.05325 -1.3136
47.3 -0.952922 -1.38189
47.4 -0.841595 -1.443
47.5 -0.716751 -1.49609
47.6 -0.575194 -1.54013
47.7 -0.412951 -1.57387
47.8 -0.225316 -1.59574
47.9 -0.0073126 -1.60384
48 0.244948 -1.59596
48.1 0.531335 -1.56973
48.2 0.843102 -1.52308
48.3 1.15902 -1.45492
48.4 1.44796 -1.366
48.5 1.68119 -1.25919
48.6 1.84567 -1.13884
48.7 1.94629 -1.00953
48.8 1.99745 -0.875148
48.9 2.01439 -0.738531
49 2.009 -0.601578
49.1 1.98935 -0.465514
49.2 1.96047 -0.331123
49.3 1.92541 -0.198921
49.4 1.88595 -0.0692608
49.5 1.8431 0.0575952
49.6 1.79742 0.181438
49.7 1.74916 0.302085
49.8 1.69839 0.419363
49.9 1.64505 0.533101
50 1.58896 0.643118
50.1 1.52987 0.749218
50.2 1.46743 0.851188
50.3 1.40121 0.948784
50.4 1.33063 1.04173
50.5 1.255 1.12971
50.6 1.17343 1.21234
50.7 1.0848 1.2892
50.8 0.987697 1.35974
50.9 0.880311 1.42335
51 0.760321 1.47923
51.1 0.624774 1.52644
51.2 0.469962 1.56379
51.3 0.291403 1.58984
51.4 0.0841179 1.60279
51.5 -0.156384 1.60053
51.6 -0.431764 1.58072
51.7 -0.736726 1.5411
51.8 -1.05439 1.48018
51.9 -1.35604 1.39801
52 -1.61037 1.29677
52.1 -1.79815 1.18043
52.2 -1.91884 1.05364
52.3 -1.98481 0.920597
52.4 -2.0117 0.784477
52.5 -2.01273 0.647472
52.6 -1.99717 0.511004
52.7 -1.97096 0.375984
52.8 -1.93773 0.243002
52.9 -1.8996 0.112457
53 -1.85781 -0.0153653
53.1 -1.81304 -0.14024
53.2 -1.76563 -0.261979
53.3 -1.71571 -0.380406
53.4 -1.66324 -0.495351
53.5 -1.60809 -0.606637
53.6 -1.55005 -0.714074
53.7 -1.48878 -0.817455
53.8 -1.42388 -0.916547
53.9 -1.35483 -1.01109
54 -1.28098 -1.10077
54.1 -1.20152 -1.18524
54.2 -1.1154 -1.26409
54.3 -1.02132 -1.33682
54.4 -0.917613 -1.40283
54.5 -0.802147 -1.4614
54.6 -0.672193 -1.51163
54.7 -0.524306 -1.55245
54.8 -0.354255 -1.58247
54.9 -0.157164 -1.60003
55 0.0718019 -1.60313
55.1 0.335623 -1.58947
55.2 0.631891 -1.55672
55.3 0.948 -1.50303
55.4 1.25868 -1.42785
55.5 1.5319 -1.33264
55.6 1.74297 -1.22085
55.7 1.88522 -1.09707
55.8 1.96779 -0.965708
55.9 2.00614 -0.830329
56 2.01461 -0.69343
56.1 2.00381 -0.55666
56.2 1.98068 -0.421076
56.3 1.9495 -0.287359
56.4 1.91284 -0.155959
56.5 1.87219 -0.0271965
56.6 1.82837 0.0986894
56.7 1.78182 0.2215
56.8 1.73274 0.341057
56.9 1.68113 0.45719
57 1.6269 0.569723
57.1 1.56986 0.678474
57.2 1.50971 0.78324
57.3 1.44608 0.883799
57.4 1.37849 0.979897
57.5 1.30634 1.07125
57.6 1.22886 1.15751
57.7 1.1451 1.2383
57.8 1.05386 1.31314
57.9 0.953597 1.38147
58 0.842348 1.44263
58.1 0.7176 1.49577
58.2 0.576162 1.53988
58.3 0.414065 1.57369
58.4 0.226609 1.59564
58.5 0.0088148 1.60384
58.6 -0.243221 1.59606
58.7 -0.529405 1.56996
58.8 -0.841063 1.52345
58.9 -1.15704 1.45542
59 -1.44627 1.36663
59.1 -1.67991 1.25993
59.2 -1.84484 1.13964
59.3 -1.94582 1.01038
59.4 -1.99724 0.876018
59.5 -2.01436 0.739408
59.6 -2.00909 0.602453
59.7 -1.98951 0.46638
59.8 -1.96067 0.331977
59.9 -1.92565 0.199759
60 -1.88621 0.0700825
60.1 -1.84339 -0.0567922
60.2 -1.79772 -0.180655
60.3 -1.74948 -0.301323
60.4 -1.69873 -0.418623
60.5 -1.6454 -0.532384
60.6 -1.58933 -0.642425
60.7 -1.53026 -0.748552
60.8 -1.46785 -0.850548
60.9 -1.40165 -0.948173
61 -1.3311 -1.04115
61.1 -1.2555 -1.12916
61.2 -1.17397 -1.21183
61.3 -1.08539 -1.28872
61.4 -0.98835 -1.35931
61.5 -0.881036 -1.42296
61.6 -0.761135 -1.4789
61.7 -0.625699 -1.52617
61.8 -0.471024 -1.56359
61.9 -0.292633 -1.58971
62 -0.085547 -1.60275
62.1 0.154732 -1.6006
62.2 0.429896 -1.5809
62.3 0.734708 -1.54142
62.4 1.05238 -1.48064
62.5 1.35423 -1.3986
62.6 1.60895 -1.29747
62.7 1.79717 -1.18121
62.8 1.91826 -1.05448
62.9 1.98452 -0.921461
63 2.01162 -0.785353
63.1 2.01278 -0.648348
63.2 1.99731 -0.511874
63.3 1.97116 -0.376843
63.4 1.93796 -0.243846
63.5 1.89986 -0.113284
63.6 1.85809 0.0145559
63.7 1.81334 0.13945
63.8 1.76595 0.261209
63.9 1.71603 0.379659
64 1.66358 0.494627
64.1 1.60846 0.605936
64.2 1.55043 0.713399
64.3 1.48918 0.816806
64.4 1.42431 0.915927
64.5 1.35529 1.0105
64.6 1.28147 1.10021
64.7 1.20204 1.18472
64.8 1.11597 1.2636
64.9 1.02195 1.33637
65 0.918312 1.40243
65.1 0.802929 1.46105
65.2 0.673078 1.51134
65.3 0.525319 1.55222
65.4 0.355425 1.58231
65.5 0.158522 1.59996
65.6 -0.070226 1.60316
65.7 -0.333824 1.58961
65.8 -0.629911 1.55699
65.9 -0.94596 1.50344
66 -1.25678 1.4284
66.1 -1.53033 1.3333
66.2 -1.74184 1.22161
66.3 -1.88452 1.09789
66.4 -1.96742 0.966566
66.5 -2.006 0.831203
66.6 -2.01463 0.694308
66.7 -2.00393 0.557533
66.8 -1.98086 0.421939
66.9 -1.94972 0.288208
67 -1.91309 0.156793
67.1 -1.87246 0.0280122
67.2 -1.82866 -0.0978928
67.3 -1.78213 -0.220724
67.4 -1.73306 -0.340302
67.5 -1.68147 -0.456457
67.6 -1.62726 -0.569015
67.7 -1.57024 -0.67779
67.8 -1.51011 -0.782582
67.9 -1.4465 -0.883168
68 -1.37894 -0.979296
68.1 -1.30682 -1.07068
68.2 -1.22938 -1.15697
68.3 -1.14566 -1.2378
68.4 -1.05447 -1.31268
68.5 -0.954272 -1.38106
68.6 -0.8431 -1.44226
68.7 -0.718448 -1.49546
68.8 -0.577129 -1.53963
68.9 -0.415179 -1.57351
69 -0.227901 -1.59555
69.1 -0.0103156 -1.60383
69.2 0.241494 -1.59617
69.3 0.527475 -1.57019
69.4 0.839023 -1.52381
69.5 1.15507 -1.45593
69.6 1.44457 -1.36726
69.7 1.67863 -1.26066
69.8 1.844 -1.14045
69.9 1.94534 -1.01122
70 1.99704 -0.876888
70.1 2.01433 -0.740286
70.2 2.00918 -0.603328
70.3 1.98967 -0.467247
70.4 1.96088 -0.332831
70.5 1.92589 -0.200598
70.6 1.88647 -0.0709042
70.7 1.84367 0.0559891
70.8 1.79802 0.179872
70.9 1.7498 0.300561
71 1.69906 0.417883
71.1 1.64575 0.531667
71.2 1.58969 0.641733
71.3 1.53065 0.747885
71.4 1.46826 0.849909
71.5 1.40208 0.947562
71.6 1.33156 1.04057
71.7 1.256 1.12861
71.8 1.17451 1.21132
71.9 1.08598 1.28825
72 0.989002 1.35888
72.1 0.88176 1.42258
72.2 0.761949 1.47856
72.3 0.626623 1.52589
72.4 0.472085 1.56338
72.5 0.293861 1.58959
72.6 0.0869747 1.60272
72.7 -0.153082 1.60066
72.8 -0.428028 1.58109
72.9 -0.73269 1.54174
73 -1.05036 1.4811
73.1 -1.35242 1.39919
73.2 -1.60752 1.29817
73.3 -1.79619 1.182
73.4 -1.91768 1.05532
73.5 -1.98424 0.922326
73.6 -2.01154 0.786229
73.7 -2.01284 0.649225
73.8 -1.99745 0.512744
73.9 -1.97135 0.377702
74 -1.93819 0.244691
74.1 -1.90011 0.114112
74.2 -1.85837 -0.0137464
74.3 -1.81363 -0.13866
74.4 -1.76626 -0.26044
74.5 -1.71636 -0.378911
74.6 -1.66393 -0.493902
74.7 -1.60882 -0.605236
74.8 -1.55081 -0.712723
74.9 -1.48958 -0.816158
75 -1.42474 -0.915306
75.1 -1.35575 -1.00991
75.2 -1.28196 -1.09965
75.3 -1.20257 -1.1842
75.4 -1.11655 -1.26312
75.5 -1.02258 -1.33593
75.6 -0.919011 -1.40203
75.7 -0.803711 -1.4607
75.8 -0.673962 -1.51105
75.9 -0.526331 -1.55199
76 -0.356594 -1.58216
76.1 -0.15988 -1.59989
76.2 0.0686516 -1.60319
76.3 0.332025 -1.58976
76.4 0.627931 -1.55727
76.5 0.943919 -1.50386
76.6 1.25487 -1.42895
76.7 1.52876 -1.33397
76.8 1.74071 -1.22237
76.9 1.88381 -1.09871
77 1.96705 -0.967423
77.1 2.00586 -0.832077
77.2 2.01465 -0.695186
77.3 2.00404 -0.558406
77.4 1.98103 -0.422802
77.5 1.94994 -0.289057
77.6 1.91334 -0.157626
77.7 1.87273 -0.028828
77.8 1.82895 0.0970961
77.9 1.78243 0.219947
78 1.73338 0.339547
78.1 1.68181 0.455725
78.2 1.62762 0.568306
78.3 1.57061 0.677106
78.4 1.5105 0.781924
78.5 1.44692 0.882538
78.6 1.37939 0.978695
78.7 1.3073 1.07011
78.8 1.22989 1.15644
78.9 1.14622 1.2373
79 1.05508 1.31222
79.1 0.954946 1.38064
79.2 0.843852 1.44189
79.3 0.719296 1.49515
79.4 0.578095 1.53938
79.5 0.416291 1.57333
79.6 0.229191 1.59545
79.7 0.011815 1.60383
79.8 -0.23977 1.59627
79.9 -0.525547 1.57042
80 -0.836985 1.52418
80.1 -1.15309 1.45643
80.2 -1.44286 1.36789
80.3 -1.67734 1.26139
80.4 -1.84315 1.14125
80.5 -1.94487 1.01207
80.6 -1.99683 0.877758
80.7 -2.0143 0.741163
80.8 -2.00926 0.604204
80.9 -1.98982 0.468114
81 -1.96109 0.333686
81.1 -1.92613 0.201437
81.2 -1.88674 0.0717261
81.3 -1.84395 -0.0551859
81.4 -1.79833 -0.179088
81.5 -1.75011 -0.299798
81.6 -1.69939 -0.417143
81.7 -1.6461 -0.53095
81.8 -1.59006 -0.64104
81.9 -1.53103 -0.747218
82 -1.46867 -0.849269
82.1 -1.40252 -0.946952
82.2 -1.33203 -1.03999
82.3 -1.2565 -1.12807
82.4 -1.17506 -1.21081
82.5 -1.08658 -1.28778
82.6 -0.989653 -1.35845
82.7 -0.882484 -1.42219
82.8 -0.762762 -1.47823
82.9 -0.627547 -1.52562
83 -0.473145 -1.56318
83.1 -0.295088 -1.58946
83.2 -0.0884011 -1.60268
83.3 0.151433 -1.60073
83.4 0.426162 -1.58128
83.5 0.730672 -1.54206
83.6 1.04834 -1.48155
83.7 1.3506 -1.39978
83.8 1.60608 -1.29887
83.9 1.7952 -1.18278
84 1.91709 -1.05615
84.1 1.98395 -0.92319
84.2 2.01146 -0.787106
84.3 2.01289 -0.650102
84.4 1.99758 -0.513615
84.5 1.97154 -0.37856
84.6 1.93842 -0.245535
84.7 1.90037 -0.11494
84.8 1.85864 0.0129367
84.9 1.81393 0.13787
85 1.76657 0.259671
85.1 1.71669 0.378163
85.2 1.66427 0.493177
85.3 1.60918 0.604535
85.4 1.55119 0.712048
85.5 1.48999 0.815509
85.6 1.42516 0.914685
85.7 1.3562 1.00931
85.8 1.28245 1.09909
85.9 1.2031 1.18367
86 1.11712 1.26263
86.1 1.02321 1.33548
86.2 0.919709 1.40163
86.3 0.804492 1.46035
86.4 0.674846 1.51075
86.5 0.527342 1.55176
86.6 0.357761 1.582
86.7 0.161236 1.59982
86.8 -0.0670786 1.60322
86.9 -0.330229 1.5899
87 -0.625952 1.55754
87.1 -0.941879 1.50427
87.2 -1.25297 1.42949
87.3 -1.52718 1.33464
87.4 -1.73958 1.22313
87.5 -1.8831 1.09953
87.6 -1.96667 0.96828
87.7 -2.00572 0.832951
87.8 -2.01466 0.696063
87.9 -2.00415 0.559279
88 -1.98121 0.423665
88.1 -1.95016 0.289907
88.2 -1.91359 0.15846
88.3 -1.873 0.0296439
88.4 -1.82923 -0.0962993
88.5 -1.78274 -0.219171
88.6 -1.7337 -0.338792
88.7 -1.68215 -0.454992
88.8 -1.62797 -0.567597
88.9 -1.57098 -0.676421
89 -1.5109 -0.781266
89.1 -1.44734 -0.881908
89.2 -1.37983 -0.978094
89.3 -1.30777 -1.06954
89.4 -1.2304 -1.1559
89.5 -1.14678 -1.2368
89.6 -1.05569 -1.31176
89.7 -0.95562 -1.38023
89.8 -0.844603 -1.44153
89.9 -0.720142 -1.49483
90 -0.57906 -1.53913
90.1 -0.417402 -1.57315
90.2 -0.230481 -1.59535
90.3 -0.0133129 -1.60382
90.4 0.238046 -1.59638
90.5 0.52362 -1.57065
90.6 0.834946 -1.52454
90.7 1.15112 -1.45693
90.8 1.44116 -1.36852
90.9 1.67606 -1.26212
91 1.84231 -1.14205
91.1 1.94439 -1.01292
91.2 1.99662 -0.878628
91.3 2.01428 -0.742041
91.4 2.00935 -0.605079
91.5 1.98998 -0.468981
91.6 1.96129 -0.33454
91.7 1.92636 -0.202277
91.8 1.887 -0.0725481
91.9 1.84424 0.0543825
92 1.79863 0.178305
92.1 1.75043 0.299036
92.2 1.69973 0.416403
92.3 1.64645 0.530233
92.4 1.59043 0.640347
92.5 1.53142 0.746551
92.6 1.46908 0.848629
92.7 1.40296 0.94634
92.8 1.3325 1.03941
92.9 1.257 1.12752
93 1.1756 1.2103
93.1 1.08717 1.28731
93.2 0.990304 1.35802
93.3 0.883208 1.42181
93.4 0.763575 1.4779
93.5 0.628469 1.52535
93.6 0.474204 1.56297
93.7 0.296314 1.58933
93.8 0.0898262 1.60264
93.9 -0.149785 1.6008
94 -0.424298 1.58146
94.1 -0.728656 1.54238
94.2 -1.04632 1.48201
94.3 -1.34879 1.40036
94.4 -1.60465 1.29957
94.5 -1.79421 1.18356
94.6 -1.9165 1.05699
94.7 -1.98367 0.924055
94.8 -2.01138 0.787982
94.9 -2.01294 0.650979
95 -1.99772 0.514485
95.1 -1.97173 0.379419
95.2 -1.93865 0.246379
95.3 -1.90063 0.115768
95.4 -1.85892 -0.012127
95.5 -1.81422 -0.13708
95.6 -1.76688 -0.258901
95.7 -1.71702 -0.377415
95.8 -1.66462 -0.492452
95.9 -1.60954 -0.603834
96 -1.55157 -0.711372
96.1 -1.49039 -0.814859
96.2 -1.42559 -0.914064
96.3 -1.35666 -1.00872
96.4 -1.28294 -1.09854
96.5 -1.20363 -1.18315
96.6 -1.1177 -1.26214
96.7 -1.02384 -1.33504
96.8 -0.920406 -1.40123
96.9 -0.805272 -1.46
97 -0.675729 -1.51046
97.1 -0.528352 -1.55153
97.2 -0.358927 -1.58185
97.3 -0.162591 -1.59975
97.4 0.0655071 -1.60324
97.5 0.328433 -1.59004
97.6 0.623974 -1.55781
97.7 0.939838 -1.50468
97.8 1.25106 -1.43004
97.9 1.52561 -1.3353
98 1.73844 -1.22389
98.1 1.88238 -1.10035
98.2 1.9663 -0.969136
98.3 2.00558 -0.833825
98.4 2.01467 -0.696941
98.5 2.00427 -0.560153
98.6 1.98139 -0.424528
98.7 1.95038 -0.290756
98.8 1.91384 -0.159294
98.9 1.87327 -0.0304599
99 1.82952 0.0955023
99.1 1.78305 0.218394
99.2 1.73402 0.338037
99.3 1.68248 0.454259
99.4 1.62833 0.566887
99.5 1.57136 0.675737
99.6 1.5113 0.780608
99.7 1.44776 0.881277
99.8 1.38028 0.977493
99.9 1.30825 1.06897
100 1.23092 1.15537
100.1 1.14734 1.2363
100.2 1.0563 1.3113
100.3 0.956293 1.37981
100.4 0.845354 1.44116
100.5 0.720988 1.49452
100.6 0.580024 1.53888
100.7 0.418513 1.57297
100.8 0.231769 1.59524
100.9 0.0148095 1.60382
101 -0.236324 1.59648
101.1 -0.521695 1.57088
101.2 -0.832908 1.5249
101.3 -1.14914 1.45743
101.4 -1.43945 1.36915
101.5 -1.67477 1.26285
101.6 -1.84146 1.14285
101.7 -1.94392 1.01377
101.8 -1.99642 0.879498
101.9 -2.01424 0.742918
102 -2.00943 0.605954
102.1 -1.99014 0.469848
102.2 -1.9615 0.335394
102.3 -1.9266 0.203116
102.4 -1.88727 0.0733702
102.5 -1.84452 -0.053579
102.6 -1.79893 -0.177521
102.7 -1.75075 -0.298273
102.8 -1.70006 -0.415662
102.9 -1.6468 -0.529516
103 -1.5908 -0.639655
103.1 -1.53181 -0.745884
103.2 -1.46949 -0.847989
103.3 -1.40339 -0.945729
103.4 -1.33296 -1.03883
103.5 -1.25751 -1.12697
103.6 -1.17614 -1.20978
103.7 -1.08776 -1.28683
103.8 -0.990955 -1.35759
103.9 -0.883931 -1.42142
104 -0.764387 -1.47757
104.1 -0.629391 -1.52507
104.2 -0.475262 -1.56277
104.3 -0.297539 -1.5892
104.4 -0.0912498 -1.6026
104.5 0.148139 -1.60086
104.6 0.422434 -1.58165
104.7 0.726639 -1.5427
104.8 1.0443 -1.48247
104.9 1.34697 -1.40095
105 1.60321 -1.30027
105.1 1.79322 -1.18434
105.2 1.91591 -1.05782
105.3 1.98338 -0.924919
105.4 2.0113 -0.788858
105.5 2.01299 -0.651856
105.6 1.99786 -0.515355
105.7 1.97193 -0.380278
105.8 1.93888 -0.247224
105.9 1.90088 -0.116596
106 1.8592 0.0113171
106.1 1.81452 0.13629
106.2 1.76719 0.258131
106.3 1.71734 0.376667
106.4 1.66496 0.491727
106.5 1.6099 0.603132
106.6 1.55195 0.710696
106.7 1.49079 0.81421
106.8 1.42602 0.913443
106.9 1.35711 1.00813
107 1.28343 1.09798
107.1 1.20416 1.18262
107.2 1.11827 1.26166
107.3 1.02447 1.33459
107.4 0.921104 1.40082
107.5 0.806052 1.45964
107.6 0.676611 1.51017
107.7 0.529361 1.5513
107.8 0.360092 1.58169
107.9 0.163945 1.59968
108 -0.063937 1.60327
108.1 -0.326639 1.59019
108.2 -0.621997 1.55808
108.3 -0.937798 1.50509
108.4 -1.24915 1.43058
108.5 -1.52403 1.33597
108.6 -1.7373 1.22464
108.7 -1.88167 1.10117
108.8 -1.96592 0.969993
108.9 -2.00544 0.834698
109 -2.01469 0.697819
109.1 -2.00438 0.561026
109.2 -1.98156 0.425392
109.3 -1.9506 0.291606
109.4 -1.91409 0.160127
109.5 -1.87354 0.031276
109.6 -1.82981 -0.0947053
109.7 -1.78335 -0.217617
109.8 -1.73435 -0.337281
109.9 -1.68282 -0.453526
110 -1.62868 -0.566178
110.1 -1.57173 -0.675052
110.2 -1.51169 -0.779949
110.3 -1.44818 -0.880646
110.4 -1.38073 -0.976892
110.5 -1.30873 -1.0684
110.6 -1.23143 -1.15483
110.7 -1.14789 -1.2358
110.8 -1.05691 -1.31084
110.9 -0.956966 -1.37939
111 -0.846104 -1.44079
111.1 -0.721834 -1.49421
111.2 -0.580988 -1.53862
111.3 -0.419622 -1.57279
111.4 -0.233056 -1.59514
111.5 -0.0163046 -1.60381
111.6 0.234604 -1.59658
111.7 0.51977 -1.57111
111.8 0.83087 -1.52527
111.9 1.14716 -1.45793
112 1.43774 -1.36977
112.1 1.67347 -1.26358
112.2 1.84061 -1.14366
112.3 1.94344 -1.01461
112.4 1.9962 -0.880367
112.5 2.01421 -0.743796
112.6 2.00952 -0.60683
112.7 1.9903 -0.470715
112.8 1.96171 -0.336249
112.9 1.92684 -0.203955
113 1.88753 -0.0741925
113.1 1.8448 0.0527754
113.2 1.79923 0.176738
113.3 1.75106 0.29751
113.4 1.70039 0.414921
113.5 1.64715 0.528798
113.6 1.59117 0.638961
113.7 1.5322 0.745216
113.8 1.4699 0.847349
113.9 1.40383 0.945118
114 1.33343 1.03825
114.1 1.25801 1.12642
114.2 1.17668 1.20927
114.3 1.08835 1.28636
114.4 0.991605 1.35716
114.5 0.884653 1.42104
114.6 0.765198 1.47723
114.7 0.630312 1.5248
114.8 0.476319 1.56256
114.9 0.298763 1.58907
115 0.0926721 1.60256
115.1 -0.146494 1.60092
115.2 -0.420572 1.58183
115.3 -0.724624 1.54301
115.4 -1.04227 1.48292
115.5 -1.34515 1.40154
115.6 -1.60177 1.30097
115.7 -1.79223 1.18512
115.8 -1.91532 1.05866
115.9 -1.98309 0.925783
116 -2.01122 0.789734
116.1 -2.01304 0.652733
116.2 -1.99799 0.516226
116.3 -1.97212 0.381137
116.4 -1.9391 0.248069
116.5 -1.90114 0.117424
116.6 -1.85947 -0.0105071
116.7 -1.81481 -0.135499
116.8 -1.7675 -0.257361
116.9 -1.71767 -0.375919
117 -1.6653 -0.491001
117.1 -1.61026 -0.602431
117.2 -1.55233 -0.71002
117.3 -1.4912 -0.81356
117.4 -1.42645 -0.912822
117.5 -1.35757 -1.00754
117.6 -1.28392 -1.09742
117.7 -1.20468 -1.1821
117.8 -1.11884 -1.26117
117.9 -1.0251 -1.33414
118 -0.9218 -1.40042
118.1 -0.806831 -1.45929
118.2 -0.677493 -1.50987
118.3 -0.530369 -1.55107
118.4 -0.361256 -1.58153
118.5 -0.165297 -1.59961
118.6 0.0623683 -1.6033
118.7 0.324846 -1.59033
118.8 0.62002 -1.55835
118.9 0.935757 -1.50549
119 1.24724 -1.43113
119.1 1.52244 -1.33663
119.2 1.73615 -1.2254
119.3 1.88095 -1.10199
119.4 1.96554 -0.970849
119.5 2.0053 -0.835572
119.6 2.0147 -0.698696
119.7 2.00449 -0.561899
119.8 1.98174 -0.426255
119.9 1.95082 -0.292456
120 1.91433 -0.160961
120.1 1.87381 -0.0320923
120.2 1.8301 0.0939081
120.3 1.78366 0.21684
120.4 1.73467 0.336526
120.5 1.68316 0.452793
120.6 1.62904 0.565468
120.7 1.57211 0.674368
120.8 1.51209 0.779291
120.9 1.4486 0.880015
121 1.38117 0.97629
121.1 1.3092 1.06783
121.2 1.23195 1.15429
121.3 1.14845 1.2353
121.4 1.05752 1.31038
121.5 0.957639 1.37898
121.6 0.846854 1.44042
121.7 0.722679 1.49389
121.8 0.58195 1.53837
121.9 0.42073 1.5726
122 0.234341 1.59504
122.1 0.0177983 1.6038
122.2 -0.232885 1.59669
122.3 -0.517846 1.57133
122.4 -0.828832 1.52563
122.5 -1.14518 1.45843
122.6 -1.43603 1.3704
122.7 -1.67218 1.26431
122.8 -1.83975 1.14446
122.9 -1.94295 1.01546
123 -1.99599 0.881237
123.1 -2.01418 0.744673
123.2 -2.0096 0.607705
123.3 -1.99045 0.471582
123.4 -1.96191 0.337104
123.5 -1.92708 0.204795
123.6 -1.88779 0.0750148
123.7 -1.84509 -0.0519717
123.8 -1.79953 -0.175954
123.9 -1.75138 -0.296747
124 -1.70072 -0.414181
124.1 -1.6475 -0.528081
124.2 -1.59153 -0.638268
124.3 -1.53259 -0.744549
124.4 -1.47031 -0.846708
124.5 -1.40427 -0.944506
124.6 -1.3339 -1.03767
124.7 -1.25851 -1.12588
124.8 -1.17722 -1.20876
124.9 -1.08894 -1.28588
125 -0.992255 -1.35672
125.1 -0.885375 -1.42065
125.2 -0.766008 -1.4769
125.3 -0.631232 -1.52452
125.4 -0.477375 -1.56235
125.5 -0.299985 -1.58894
125.6 -0.094093 -1.60252
125.7 0.144851 -1.60099
125.8 0.418711 -1.58201
125.9 0.722609 -1.54333
126 1.04025 -1.48337
126.1 1.34332 -1.40212
126.2 1.60032 -1.30166
126.3 1.79123 -1.1859
126.4 1.91472 -1.05949
126.5 1.9828 -0.926647
126.6 2.01113 -0.79061
126.7 2.01309 -0.65361
126.8 1.99813 -0.517096
126.9 1.97231 -0.381997
127 1.93933 -0.248914
127.1 1.90139 -0.118252
127.2 1.85975 0.00969699
127.3 1.81511 0.134708
127.4 1.76781 0.256591
127.5 1.718 0.375171
127.6 1.66565 0.490276
127.7 1.61063 0.601729
127.8 1.55271 0.709343
127.9 1.4916 0.812911
128 1.42687 0.9122
128.1 1.35802 1.00695
128.2 1.28441 1.09686
128.3 1.20521 1.18157
128.4 1.11942 1.26068
128.5 1.02573 1.3337
128.6 0.922496 1.40002
128.7 0.80761 1.45894
128.8 0.678374 1.50958
128.9 0.531376 1.55084
129 0.362419 1.58137
129.1 0.166648 1.59954
129.2 -0.0608011 1.60333
129.3 -0.323055 1.59047
129.4 -0.618045 1.55862
129.5 -0.933716 1.5059
129.6 -1.24532 1.43167
129.7 -1.52086 1.33729
129.8 -1.73501 1.22616
129.9 -1.88023 1.10281
130 -1.96516 0.971705
130.1 -2.00515 0.836446
130.2 -2.01471 0.699574
130.3 -2.0046 0.562772
130.4 -1.98191 0.427118
130.5 -1.95103 0.293306
130.6 -1.91458 0.161795
130.7 -1.87408 0.0329086
130.8 -1.83039 -0.0931107
130.9 -1.78396 -0.216063
131 -1.73499 -0.33577
131.1 -1.6835 -0.45206
131.2 -1.62939 -0.564758
131.3 -1.57248 -0.673683
131.4 -1.51248 -0.778632
131.5 -1.44902 -0.879384
131.6 -1.38162 -0.975688
131.7 -1.30968 -1.06726
131.8 -1.23246 -1.15376
131.9 -1.14901 -1.2348
132 -1.05813 -1.30992
132.1 -0.958311 -1.37856
132.2 -0.847603 -1.44005
132.3 -0.723523 -1.49358
132.4 -0.582912 -1.53812
132.5 -0.421837 -1.57242
132.6 -0.235625 -1.59494
132.7 -0.0192906 -1.60379
132.8 0.231167 -1.59679
132.9 0.515924 -1.57156
133 0.826794 -1.52599
133.1 1.1432 -1.45893
133.2 1.43432 -1.37102
133.3 1.67088 -1.26504
133.4 1.8389 -1.14526
133.5 1.94247 -1.01631
133.6 1.99578 -0.882107
133.7 2.01415 -0.745551
133.8 2.00968 -0.608581
133.9 1.99061 -0.472449
134 1.96212 -0.337958
134.1 1.92732 -0.205634
134.2 1.88806 -0.0758372
134.3 1.84537 0.0511679
134.4 1.79983 0.17517
134.5 1.7517 0.295984
134.6 1.70106 0.41344
134.7 1.64785 0.527363
134.8 1.5919 0.637575
134.9 1.53297 0.743881
135 1.47072 0.846068
135.1 1.4047 0.943894
135.2 1.33436 1.03709
135.3 1.25901 1.12533
135.4 1.17777 1.20825
135.5 1.08953 1.28541
135.6 0.992905 1.35629
135.7 0.886096 1.42027
135.8 0.766818 1.47657
135.9 0.632152 1.52425
136 0.47843 1.56214
136.1 0.301206 1.58881
136.2 0.0955126 1.60248
136.3 -0.143209 1.60105
136.4 -0.416851 1.58219
136.5 -0.720594 1.54364
136.6 -1.03823 1.48383
136.7 -1.3415 1.40271
136.8 -1.59888 1.30236
136.9 -1.79023 1.18668
137 -1.91412 1.06032
137.1 -1.9825 0.92751
137.2 -2.01105 0.791487
137.3 -2.01314 0.654487
137.4 -1.99826 0.517967
137.5 -1.9725 0.382856
137.6 -1.93956 0.249758
137.7 -1.90165 0.11908
137.8 -1.86003 -0.00888675
137.9 -1.8154 -0.133918
138 -1.76812 -0.255821
138.1 -1.71833 -0.374422
138.2 -1.66599 -0.48955
138.3 -1.61099 -0.601028
138.4 -1.55309 -0.708667
138.5 -1.492 -0.812261
138.6 -1.4273 -0.911579
138.7 -1.35848 -1.00636
138.8 -1.2849 -1.0963
138.9 -1.20574 -1.18105
139 -1.11999 -1.2602
139.1 -1.02636 -1.33325
139.2 -0.923192 -1.39962
139.3 -0.808388 -1.45859
139.4 -0.679254 -1.50928
139.5 -0.532382 -1.5506
139.6 -0.363581 -1.58122
139.7 -0.167998 -1.59946
139.8 0.0592353 -1.60335
139.9 0.321265 -1.59061
140 0.61607 -1.55889
140.1 0.931675 -1.50631
140.2 1.24341 -1.43221
140.3 1.51927 -1.33795
140.4 1.73386 -1.22691
140.5 1.87951 -1.10363
140.6 1.96477 -0.972561
140.7 2.00501 -0.837319
140.8 2.01472 -0.700452
140.9 2.00471 -0.563645
141 1.98209 -0.427982
141.1 1.95125 -0.294156
141.2 1.91483 -0.162629
141.3 1.87435 -0.0337251
141.4 1.83068 0.0923133
141.5 1.78427 0.215286
141.6 1.73531 0.335014
141.7 1.68384 0.451326
141.8 1.62975 0.564049
141.9 1.57286 0.672998
142 1.51288 0.777973
142.1 1.44944 0.878753
142.2 1.38206 0.975086
142.3 1.31016 1.06669
142.4 1.23297 1.15322
142.5 1.14956 1.2343
142.6 1.05874 1.30946
142.7 0.958982 1.37814
142.8 0.848351 1.43968
142.9 0.724366 1.49326
143 0.583873 1.53786
143.1 0.422943 1.57224
143.2 0.236909 1.59484
143.3 0.0207815 1.60379
143.4 -0.229451 1.59689
143.5 -0.514002 1.57178
143.6 -0.824757 1.52635
143.7 -1.14122 1.45943
143.8 -1.4326 1.37165
143.9 -1.66958 1.26576
144 -1.83804 1.14606
144.1 -1.94198 1.01715
144.2 -1.99556 0.882976
144.3 -2.01411 0.746428
144.4 -2.00976 0.609456
144.5 -1.99077 0.473316
144.6 -1.96232 0.338813
144.7 -1.92756 0.206474
144.8 -1.88832 0.0766598
144.9 -1.84565 -0.0503639
145 -1.80013 -0.174386
145.1 -1.75201 -0.295221
145.2 -1.70139 -0.412698
145.3 -1.64819 -0.526645
145.4 -1.59227 -0.636881
145.5 -1.53336 -0.743213
145.6 -1.47113 -0.845427
145.7 -1.40514 -0.943282
145.8 -1.33483 -1.0365
145.9 -1.25951 -1.12478
146 -1.17831 -1.20773
146.1 -1.09012 -1.28493
146.2 -0.993554 -1.35586
146.3 -0.886817 -1.41988
146.4 -0.767628 -1.47623
146.5 -0.63307 -1.52397
146.6 -0.479484 -1.56193
146.7 -0.302426 -1.58868
146.8 -0.0969308 -1.60243
146.9 0.141569 -1.60111
147 0.414992 -1.58238
147.1 0.718581 -1.54396
147.2 1.03621 -1.48428
147.3 1.33967 -1.40329
147.4 1.59743 -1.30306
147.5 1.78923 -1.18746
147.6 1.91352 -1.06116
147.7 1.98221 -0.928374
147.8 2.01096 -0.792363
147.9 2.01319 -0.655364
148 1.9984 -0.518837
148.1 1.97269 -0.383715
148.2 1.93979 -0.250603
148.3 1.9019 -0.119909
148.4 1.8603 0.00807639
148.5 1.8157 0.133127
148.6 1.76843 0.255051
148.7 1.71865 0.373674
148.8 1.66633 0.488824
148.9 1.61135 0.600326
149 1.55348 0.70799
149.1 1.4924 0.811611
149.2 1.42773 0.910957
149.3 1.35893 1.00577
149.4 1.28538 1.09574
149.5 1.20627 1.18052
149.6 1.12056 1.25971
149.7 1.02698 1.3328
149.8 0.923887 1.39922
149.9 0.809166 1.45824
150 0.680133 1.50898
150.1 0.533388 1.55037
150.2 0.364742 1.58106
150.3 0.169346 1.59939
150.4 -0.057671 1.60338
150.5 -0.319476 1.59075
150.6 -0.614097 1.55916
150.7 -0.929633 1.50671
150.8 -1.24149 1.43275
150.9 -1.51768 1.33862
151 -1.7327 1.22767
151.1 -1.87878 1.10444
151.2 -1.96439 0.973417
151.3 -2.00486 0.838193
151.4 -2.01473 0.701329
151.5 -2.00482 0.564519
151.6 -1.98226 0.428845
151.7 -1.95147 0.295006
151.8 -1.91508 0.163464
151.9 -1.87462 0.0345417
152 -1.83097 -0.0915157
152.1 -1.78457 -0.214508
152.2 -1.73563 -0.334258
152.3 -1.68417 -0.450593
152.4 -1.6301 -0.563339
152.5 -1.57323 -0.672312
152.6 -1.51327 -0.777314
152.7 -1.44985 -0.878121
152.8 -1.38251 -0.974484
152.9 -1.31063 -1.06612
153 -1.23349 -1.15268
153.1 -1.15012 -1.2338
153.2 -1.05935 -1.30899
153.3 -0.959653 -1.37772
153.4 -0.849099 -1.43931
153.5 -0.725209 -1.49294
153.6 -0.584833 -1.53761
153.7 -0.424049 -1.57205
153.8 -0.23819 -1.59473
153.9 -0.022271 -1.60378
154 0.227736 -1.59699
154.1 0.512082 -1.572
154.2 0.82272 -1.52671
154.3 1.13924 -1.45993
154.4 1.43088 -1.37227
154.5 1.66828 -1.26649
154.6 1.83718 -1.14686
154.7 1.9415 -1.018
154.8 1.99535 -0.883845
154.9 2.01408 -0.747306
155 2.00984 -0.610332
155.1 1.99092 -0.474183
155.2 1.96253 -0.339668
155.3 1.9278 -0.207314
155.4 1.88858 -0.0774825
155.5 1.84593 0.0495598
155.6 1.80043 0.173601
155.7 1.75233 0.294458
155.8 1.70172 0.411957
155.9 1.64854 0.525927
156 1.59264 0.636188
156.1 1.53375 0.742545
156.2 1.47154 0.844786
156.3 1.40557 0.94267
156.4 1.33529 1.03592
156.5 1.26001 1.12423
156.6 1.17885 1.20722
156.7 1.09071 1.28446
156.8 0.994202 1.35543
156.9 0.887538 1.41949
157 0.768436 1.4759
157.1 0.633988 1.5237
157.2 0.480537 1.56172
157.3 0.303645 1.58854
157.4 0.0983476 1.60239
157.5 -0.13993 1.60117
157.6 -0.413135 1.58256
157.7 -0.716568 1.54427
157.8 -1.03418 1.48473
157.9 -1.33784 1.40388
158 -1.59597 1.30375
158.1 -1.78822 1.18824
158.2 -1.91292 1.06199
158.3 -1.98191 0.929237
158.4 -2.01087 0.793239
158.5 -2.01324 0.656241
158.6 -1.99853 0.519708
158.7 -1.97288 0.384575
158.8 -1.94002 0.251449
158.9 -1.90216 0.120738
159 -1.86058 -0.00726591
159.1 -1.81599 -0.132336
159.2 -1.76875 -0.25428
159.3 -1.71898 -0.372925
159.4 -1.66668 -0.488098
159.5 -1.61171 -0.599624
159.6 -1.55386 -0.707313
159.7 -1.4928 -0.810961
159.8 -1.42815 -0.910335
159.9 -1.35939 -1.00517
160 -1.28587 -1.09518
160.1 -1.20679 -1.18
160.2 -1.12114 -1.25922
160.3 -1.02761 -1.33235
160.4 -0.924582 -1.39881
160.5 -0.809943 -1.45788
160.6 -0.681012 -1.50869
160.7 -0.534392 -1.55014
160.8 -0.365902 -1.5809
160.9 -0.170693 -1.59932
161 0.0561082 -1.6034
161.1 0.317689 -1.59089
161.2 0.612124 -1.55943
161.3 0.927592 -1.50712
161.4 1.23957 -1.43329
161.5 1.51609 -1.33928
161.6 1.73155 -1.22842
161.7 1.87805 -1.10526
161.8 1.964 -0.974273
161.9 2.00471 -0.839066
162 2.01474 -0.702207
162.1 2.00493 -0.565392
162.2 1.98244 -0.429709
162.3 1.95169 -0.295856
162.4 1.91532 -0.164298
162.5 1.87489 -0.0353584
162.6 1.83126 0.090718
162.7 1.78488 0.213731
162.8 1.73595 0.333502
162.9 1.68451 0.449859
163 1.63046 0.562628
163.1 1.5736 0.671627
163.2 1.51366 0.776655
163.3 1.45027 0.87749
163.4 1.38295 0.973882
163.5 1.31111 1.06554
163.6 1.234 1.15215
163.7 1.15068 1.23329
163.8 1.05996 1.30853
163.9 0.960324 1.3773
164 0.849847 1.43894
164.1 0.726051 1.49263
164.2 0.585792 1.53735
164.3 0.425153 1.57187
164.4 0.239471 1.59463
164.5 0.0237591 1.60377
164.6 -0.226023 1.59709
164.7 -0.510163 1.57223
164.8 -0.820683 1.52707
164.9 -1.13726 1.46042
165 -1.42916 1.3729
165.1 -1.66697 1.26722
165.2 -1.83631 1.14766
165.3 -1.94101 1.01884
165.4 -1.99513 0.884715
165.5 -2.01404 0.748183
165.6 -2.00993 0.611207
165.7 -1.99108 0.475051
165.8 -1.96273 0.340523
165.9 -1.92804 0.208154
166 -1.88884 0.0783053
166.1 -1.84622 -0.0487556
166.2 -1.80073 -0.172817
166.3 -1.75265 -0.293694
166.4 -1.70205 -0.411216
166.5 -1.64889 -0.525209
166.6 -1.593 -0.635494
166.7 -1.53414 -0.741877
166.8 -1.47195 -0.844145
166.9 -1.40601 -0.942057
167 -1.33576 -1.03534
167.1 -1.26051 -1.12368
167.2 -1.17939 -1.20671
167.3 -1.0913 -1.28398
167.4 -0.99485 -1.35499
167.5 -0.888258 -1.41911
167.6 -0.769244 -1.47556
167.7 -0.634905 -1.52342
167.8 -0.481589 -1.56151
167.9 -0.304863 -1.58841
168 -0.0997631 -1.60235
168.1 0.138292 -1.60124
168.2 0.411279 -1.58274
168.3 0.714555 -1.54458
168.4 1.03216 -1.48518
168.5 1.33601 -1.40446
168.6 1.59452 -1.30445
168.7 1.78721 -1.18902
168.8 1.91232 -1.06282
168.9 1.98161 -0.930101
169 2.01078 -0.794115
169.1 2.01329 -0.657118
169.2 1.99867 -0.520578
169.3 1.97307 -0.385434
169.4 1.94025 -0.252294
169.5 1.90242 -0.121566
169.6 1.86086 0.00645531
169.7 1.81628 0.131544
169.8 1.76906 0.25351
169.9 1.71931 0.372176
170 1.66702 0.487372
170.1 1.61207 0.598921
170.2 1.55424 0.706636
170.3 1.49321 0.81031
170.4 1.42858 0.909713
170.5 1.35984 1.00458
170.6 1.28636 1.09462
170.7 1.20732 1.17947
170.8 1.12171 1.25873
170.9 1.02824 1.33191
171 0.925276 1.39841
171.1 0.810719 1.45753
171.2 0.681889 1.50839
171.3 0.535396 1.54991
171.4 0.36706 1.58074
171.5 0.172039 1.59924
171.6 -0.0545467 1.60343
171.7 -0.315903 1.59103
171.8 -0.610152 1.55969
171.9 -0.92555 1.50752
172 -1.23765 1.43383
172.1 -1.51449 1.33994
172.2 -1.73039 1.22918
172.3 -1.87732 1.10608
172.4 -1.96361 0.975129
172.5 -2.00456 0.839939
172.6 -2.01475 0.703085
172.7 -2.00504 0.566266
172.8 -1.98261 0.430572
172.9 -1.9519 0.296706
173 -1.91557 0.165132
173.1 -1.87516 0.0361752
173.2 -1.83155 -0.0899202
173.3 -1.78518 -0.212953
173.4 -1.73628 -0.332745
173.5 -1.68485 -0.449125
173.6 -1.63081 -0.561918
173.7 -1.57398 -0.670941
173.8 -1.51406 -0.775995
173.9 -1.45069 -0.876858
174 -1.3834 -0.973279
174.1 -1.31159 -1.06497
174.2 -1.23451 -1.15161
174.3 -1.15123 -1.23279
174.4 -1.06056 -1.30807
174.5 -0.960994 -1.37689
174.6 -0.850594 -1.43857
174.7 -0.726892 -1.49231
174.8 -0.586751 -1.5371
174.9 -0.426256 -1.57168
175 -0.24075 -1.59452
175.1 -0.0252458 -1.60376
175.2 0.224311 -1.59718
175.3 0.508245 -1.57245
175.4 0.818646 -1.52742
175.5 1.13527 -1.46092
175.6 1.42744 -1.37352
175.7 1.66566 -1.26794
175.8 1.83545 -1.14846
175.9 1.94051 -1.01969
176 1.99491 -0.885584
176.1 2.014 -0.74906
176.2 2.01001 -0.612083
176.3 1.99123 -0.475918
176.4 1.96294 -0.341378
176.5 1.92827 -0.208994
176.6 1.88911 -0.0791282
176.7 1.8465 0.0479512
176.8 1.80103 0.172032
176.9 1.75296 0.292931
177 1.70239 0.410474
177.1 1.64924 0.52449
177.2 1.59337 0.6348
177.3 1.53452 0.741208
177.4 1.47236 0.843504
177.5 1.40644 0.941445
177.6 1.33622 1.03476
177.7 1.26101 1.12313
177.8 1.17993 1.20619
177.9 1.09189 1.28351
178 0.995498 1.35456
178.1 0.888977 1.41872
178.2 0.770052 1.47523
178.3 0.635822 1.52314
178.4 0.48264 1.5613
178.5 0.30608 1.58828
178.6 0.101177 1.60231
178.7 -0.136657 1.60129
178.8 -0.409425 1.58291
178.9 -0.712543 1.54489
179 -1.03013 1.48563
179.1 -1.33418 1.40504
179.2 -1.59306 1.30514
179.3 -1.7862 1.1898
179.4 -1.91171 1.06366
179.5 -1.98131 0.930964
179.6 -2.01069 0.794991
179.7 -2.01333 0.657995
179.8 -1.9988 0.521449
179.9 -1.97326 0.386294
180 -1.94048 0.253139
180.1 -1.90267 0.122395
180.2 -1.86113 -0.00564459
180.3 -1.81658 -0.130753
180.4 -1.76937 -0.252739
180.5 -1.71963 -0.371427
180.6 -1.66736 -0.486646
180.7 -1.61243 -0.598219
180.8 -1.55462 -0.705959
180.9 -1.49361 -0.80966
181 -1.42901 -0.90909
181.1 -1.3603 -1.00399
181.2 -1.28685 -1.09406
181.3 -1.20784 -1.17895
181.4 -1.12228 -1.25824
181.5 -1.02887 -1.33146
181.6 -0.92597 -1.39801
181.7 -0.811495 -1.45718
181.8 -0.682767 -1.50809
181.9 -0.536399 -1.54967
182 -0.368218 -1.58058
182.1 -0.173383 -1.59917
182.2 0.0529867 -1.60345
182.3 0.314118 -1.59116
182.4 0.608181 -1.55996
182.5 0.923509 -1.50792
182.6 1.23573 -1.43437
182.7 1.51289 -1.3406
182.8 1.72923 -1.22993
182.9 1.87659 -1.1069
183 1.96322 -0.975984
183.1 2.00441 -0.840812
183.2 2.01476 -0.703963
183.3 2.00515 -0.567139
183.4 1.98279 -0.431436
183.5 1.95212 -0.297557
183.6 1.91582 -0.165967
183.7 1.87543 -0.0369922
183.8 1.83183 0.0891222
183.9 1.78549 0.212176
184 1.7366 0.331989
184.1 1.68519 0.448391
184.2 1.63117 0.561207
184.3 1.57435 0.670255
184.4 1.51445 0.775335
184.5 1.45111 0.876226
184.6 1.38384 0.972677
184.7 1.31206 1.0644
184.8 1.23502 1.15107
184.9 1.15179 1.23229
185 1.06117 1.30761
185.1 0.961664 1.37647
185.2 0.85134 1.4382
185.3 0.727733 1.492
185.4 0.587708 1.53684
185.5 0.427358 1.5715
185.6 0.242029 1.59442
185.7 0.026731 1.60374
185.8 -0.222601 1.59728
185.9 -0.506328 1.57267
186 -0.81661 1.52778
186.1 -1.13329 1.46141
186.2 -1.42572 1.37414
186.3 -1.66435 1.26867
186.4 -1.83458 1.14926
186.5 -1.94002 1.02053
186.6 -1.99469 0.886453
186.7 -2.01397 0.749938
186.8 -2.01009 0.612959
186.9 -1.99139 0.476786
187 -1.96314 0.342233
187.1 -1.92851 0.209834
187.2 -1.88937 0.0799512
187.3 -1.84678 -0.0471467
187.4 -1.80133 -0.171248
187.5 -1.75328 -0.292167
187.6 -1.70272 -0.409733
187.7 -1.64959 -0.523772
187.8 -1.59374 -0.634105
187.9 -1.53491 -0.74054
188 -1.47277 -0.842862
188.1 -1.40688 -0.940832
188.2 -1.33669 -1.03418
188.3 -1.26151 -1.12258
188.4 -1.18047 -1.20568
188.5 -1.09248 -1.28303
188.6 -0.996146 -1.35413
188.7 -0.889696 -1.41833
188.8 -0.770858 -1.47489
188.9 -0.636737 -1.52287
189 -0.48369 -1.56109
189.1 -0.307295 -1.58814
189.2 -0.10259 -1.60226
189.3 0.135022 -1.60135
189.4 0.407571 -1.58309
189.5 0.710532 -1.5452
189.6 1.02811 -1.48608
189.7 1.33235 -1.40562
189.8 1.5916 -1.30583
189.9 1.78519 -1.19058
190 1.9111 -1.06449
190.1 1.98101 -0.931827
190.2 2.0106 -0.795867
190.3 2.01338 -0.658872
190.4 1.99894 -0.52232
190.5 1.97345 -0.387153
190.6 1.9407 -0.253984
190.7 1.90293 -0.123224
190.8 1.86141 0.00483375
190.9 1.81687 0.129962
191 1.76968 0.251968
191.1 1.71996 0.370678
191.2 1.66771 0.485919
191.3 1.61279 0.597517
191.4 1.555 0.705282
191.5 1.49401 0.809009
191.6 1.42943 0.908468
191.7 1.36075 1.0034
191.8 1.28733 1.0935
191.9 1.20837 1.17842
192 1.12285 1.25775
192.1 1.02949 1.33101
192.2 0.926663 1.39761
192.3 0.81227 1.45682
192.4 0.683643 1.5078
192.5 0.5374 1.54944
192.6 0.369374 1.58042
192.7 0.174726 1.59909
192.8 -0.0514282 1.60347
192.9 -0.312335 1.5913
193 -0.606212 1.56022
193.1 -0.921467 1.50833
193.2 -1.23381 1.43491
193.3 -1.51129 1.34125
193.4 -1.72806 1.23068
193.5 -1.87585 1.10772
193.6 -1.96282 0.976839
193.7 -2.00426 0.841686
193.8 -2.01476 0.70484
193.9 -2.00526 0.568013
194 -1.98296 0.4323
194.1 -1.95234 0.298407
194.2 -1.91606 0.166802
194.3 -1.8757 0.0378093
194.4 -1.83212 -0.0883242
194.5 -1.78579 -0.211398
194.6 -1.73692 -0.331232
194.7 -1.68552 -0.447657
194.8 -1.63152 -0.560497
194.9 -1.57472 -0.66957
195 -1.51485 -0.774676
195.1 -1.45153 -0.875593
195.2 -1.38429 -0.972074
195.3 -1.31254 -1.06383
195.4 -1.23554 -1.15053
195.5 -1.15234 -1.23179
195.6 -1.06178 -1.30715
195.7 -0.962333 -1.37605
195.8 -0.852086 -1.43783
195.9 -0.728573 -1.49168
196 -0.588665 -1.53659
196.1 -0.428459 -1.57131
196.2 -0.243306 -1.59431
196.3 -0.0282149 -1.60373
196.4 0.220892 -1.59738
196.5 0.504412 -1.57289
196.6 0.814574 -1.52813
196.7 1.1313 -1.4619
196.8 1.42399 -1.37476
196.9 1.66303 -1.26939
197 1.8337 -1.15006
197.1 1.93952 -1.02138
197.2 1.99447 -0.887322
197.3 2.01393 -0.750815
197.4 2.01016 -0.613834
197.5 1.99154 -0.477653
197.6 1.96334 -0.343089
197.7 1.92875 -0.210674
197.8 1.88963 -0.0807744
197.9 1.84706 0.0463422
198 1.80163 0.170463
198.1 1.75359 0.291403
198.2 1.70305 0.408991
198.3 1.64994 0.523053
198.4 1.5941 0.633411
198.5 1.5353 0.739871
198.6 1.47318 0.84222
198.7 1.40731 0.940219
198.8 1.33715 1.03359
198.9 1.26201 1.12203
199 1.18101 1.20516
199.1 1.09307 1.28256
199.2 0.996793 1.35369
199.3 0.890414 1.41795
199.4 0.771665 1.47456
199.5 0.637652 1.52259
199.6 0.48474 1.56088
199.7 0.30851 1.58801
199.8 0.104001 1.60222
199.9 -0.133389 1.60141
200 -0.405719 1.58327
