0 2 0
0.1 1.90936 0.12849
0.2 1.83307 0.251539
0.3 1.76437 0.369846
0.4 1.69945 0.483775
0.5 1.63594 0.593489
0.6 1.57225 0.699027
0.7 1.50722 0.800336
0.8 1.43988 0.897295
0.9 1.36937 0.989725
1 1.29479 1.07739
1.1 1.21515 1.15998
1.2 1.12932 1.23714
1.3 1.03591 1.30841
1.4 0.933192 1.37324
1.5 0.818967 1.43095
1.6 0.69044 1.48069
1.7 0.544054 1.5214
1.8 0.375387 1.55178
1.9 0.179242 1.57019
2 -0.049727 1.57465
2.1 -0.315208 1.56284
2.2 -0.615482 1.5324
2.3 -0.938032 1.48136
2.4 -1.25635 1.40906
2.5 -1.53601 1.3169
2.6 -1.75049 1.2084
2.7 -1.89314 1.08816
2.8 -1.97439 0.960638
2.9 -2.01099 0.829335
3 -2.01802 0.69667
3.1 -2.00632 0.564207
3.2 -1.98284 0.432932
3.3 -1.95178 0.30347
3.4 -1.9156 0.176229
3.5 -1.87572 0.0514962
3.6 -1.83292 -0.0705136
3.7 -1.78758 -0.189623
3.8 -1.73989 -0.305671
3.9 -1.68984 -0.418504
4 -1.63735 -0.527966
4.1 -1.58221 -0.633887
4.2 -1.52416 -0.736088
4.3 -1.46286 -0.834364
4.4 -1.39784 -0.928488
4.5 -1.32856 -1.0182
4.6 -1.2543 -1.10319
4.7 -1.1742 -1.18311
4.8 -1.08713 -1.25754
4.9 -0.991668 -1.32597
5 -0.885995 -1.3878
5.1 -0.767761 -1.44227
5.2 -0.633953 -1.48848
5.3 -0.480748 -1.52526
5.4 -0.303464 -1.5512
5.5 -0.0967883 -1.56455
5.6 0.14425 -1.56318
5.7 0.421866 -1.54476
5.8 0.731055 -1.50697
5.9 1.05438 -1.44824
6 1.36137 -1.36859
6.1 1.61873 -1.27021
6.2 1.80656 -1.15714
6.3 1.92525 -1.03403
6.4 1.98858 -0.90502
6.5 2.01317 -0.773208
6.6 2.01258 -0.64067
6.7 1.99611 -0.508735
6.8 1.96957 -0.37824
6.9 1.93647 -0.249721
7 1.89883 -0.123539
7.1 1.85779 5.10765e-05
7.2 1.81398 0.120847
7.3 1.76771 0.238679
7.4 1.71907 0.353389
7.5 1.66805 0.464821
7.6 1.61449 0.572814
7.7 1.55819 0.677195
7.8 1.49883 0.777772
7.9 1.43604 0.874335
8 1.36932 0.966639
8.1 1.29805 1.05441
8.2 1.22147 1.13732
8.3 1.1386 1.21499
8.4 1.04821 1.28697
8.5 0.948719 1.35271
8.6 0.838103 1.41156
8.7 0.713753 1.46269
8.8 0.572331 1.5051
8.9 0.409651 1.53753
9 0.220708 1.55843
9.1 0.000152771 1.56588
9.2 -0.256239 1.55766
9.3 -0.548308 1.53137
9.4 -0.866379 1.48493
9.5 -1.18708 1.41731
9.6 -1.47689 1.32941
9.7 -1.70634 1.22431
9.8 -1.8641 1.10647
9.9 -1.95754 0.980444
10 -2.00272 0.849949
10.1 -2.01536 0.717629
10.2 -2.0072 0.585216
10.3 -1.98596 0.453804
10.4 -1.95635 0.324085
10.5 -1.92116 0.19651
10.6 -1.88198 0.071387
10.7 -1.83973 -0.0510535
10.8 -1.79487 -0.170626
10.9 -1.7476 -0.287168
11 -1.69797 -0.400523
11.1 -1.64591 -0.510533
11.2 -1.59123 -0.617033
11.3 -1.53369 -0.719843
11.4 -1.47295 -0.818765
11.5 -1.40857 -0.913573
11.6 -1.34003 -1.00401
11.7 -1.26664 -1.08979
11.8 -1.18755 -1.17055
11.9 -1.1017 -1.2459
12 -1.0077 -1.31533
12.1 -0.903825 -1.37827
12.2 -0.787807 -1.43399
12.3 -0.656752 -1.4816
12.4 -0.506976 -1.52
12.5 -0.333931 -1.5478
12.6 -0.132369 -1.56331
12.7 0.102853 -1.56448
12.8 0.374642 -1.54897
12.9 0.679534 -1.51444
13 1.00235 -1.45915
13.1 1.31435 -1.38279
13.2 1.5816 -1.2872
13.3 1.78113 -1.17618
13.4 1.91026 -1.05439
13.5 1.98139 -0.926093
13.6 2.0112 -0.794569
13.7 2.01394 -0.662043
13.8 1.99956 -0.529944
13.9 1.97437 -0.399175
14 1.94216 -0.270309
14.1 1.90515 -0.14373
14.2 1.86461 -0.0197077
14.3 1.82122 0.101551
14.4 1.77533 0.219872
14.5 1.72708 0.335097
14.6 1.67645 0.447068
14.7 1.62331 0.555627
14.8 1.56747 0.660603
14.9 1.50863 0.761808
15 1.44643 0.859034
15.1 1.38038 0.952044
15.2 1.30989 1.04057
15.3 1.23423 1.12428
15.4 1.15245 1.20283
15.5 1.06336 1.27576
15.6 0.965466 1.34255
15.7 0.856805 1.40256
15.8 0.734876 1.455
15.9 0.59647 1.4989
16 0.437539 1.53303
16.1 0.253198 1.55591
16.2 0.0380874 1.56567
16.3 -0.212363 1.56014
16.4 -0.499012 1.53693
16.5 -0.814093 1.49385
16.6 -1.1365 1.42964
16.7 -1.43361 1.34486
16.8 -1.67413 1.24226
16.9 -1.84336 1.12616
17 -1.94618 1.00117
17.1 -1.998 0.871186
17.2 -2.01498 0.739023
17.3 -2.00956 0.606538
17.4 -1.99005 0.47491
17.5 -1.96156 0.344882
17.6 -1.92714 0.216937
17.7 -1.88853 0.0914013
17.8 -1.84673 -0.0314854
17.9 -1.80227 -0.151532
18 -1.75539 -0.268574
18.1 -1.70614 -0.382453
18.2 -1.65448 -0.493014
18.3 -1.60024 -0.600092
18.4 -1.54318 -0.703511
18.5 -1.48298 -0.803074
18.6 -1.41923 -0.898563
18.7 -1.3514 -0.989726
18.8 -1.27884 -1.07628
18.9 -1.20074 -1.15787
19 -1.11606 -1.23412
19.1 -1.02349 -1.30455
19.2 -0.921343 -1.36858
19.3 -0.807461 -1.42552
19.4 -0.679059 -1.47451
19.5 -0.53259 -1.51448
19.6 -0.363641 -1.5441
19.7 -0.167048 -1.56172
19.8 0.0624488 -1.56535
19.9 0.328341 -1.5527
20 0.628552 -1.52139
20.1 0.950101 -1.46951
20.2 1.26619 -1.39649
20.3 1.54269 -1.30378
20.4 1.75386 -1.19495
20.5 1.89378 -1.07458
20.6 1.97313 -0.947086
20.7 2.00855 -0.815908
20.8 2.01487 -0.683429
20.9 2.00274 -0.551189
21 1.97898 -0.42016
21.1 1.94772 -0.290957
21.2 1.91139 -0.163989
21.3 1.87135 -0.0395385
21.4 1.82839 0.0821789
21.5 1.7829 0.200985
21.6 1.73503 0.316719
21.7 1.68478 0.429227
21.8 1.63206 0.538348
21.9 1.57668 0.643914
22 1.51834 0.745741
22.1 1.45671 0.843624
22.2 1.39132 0.937331
22.3 1.32159 1.0266
22.4 1.24682 1.11111
22.5 1.1661 1.19052
22.6 1.07829 1.26439
22.7 0.981935 1.33222
22.8 0.875164 1.39337
22.9 0.755573 1.44709
23 0.620076 1.49244
23.1 0.464767 1.52824
23.2 0.284886 1.55305
23.3 0.0750946 1.56507
23.4 -0.169448 1.56217
23.5 -0.450486 1.54197
23.6 -0.762026 1.50221
23.7 -1.08526 1.44143
23.8 -1.38881 1.35984
23.9 -1.64002 1.25985
24 -1.82086 1.14561
24.1 -1.93349 1.02176
24.2 -1.99239 0.892369
24.3 -2.01403 0.760411
24.4 -2.01156 0.627883
24.5 -1.99391 0.496057
24.6 -1.96662 0.365733
24.7 -1.93301 0.237427
24.8 -1.895 0.111485
24.9 -1.85367 -0.0118433
25 -1.80961 -0.13236
25.1 -1.76311 -0.249897
25.2 -1.71425 -0.364298
25.3 -1.66299 -0.475405
25.4 -1.60918 -0.583056
25.5 -1.55259 -0.687078
25.6 -1.49293 -0.787278
25.7 -1.42978 -0.88344
25.8 -1.36265 -0.975319
25.9 -1.2909 -1.06263
26 -1.21376 -1.14506
26.1 -1.13022 -1.2222
26.2 -1.03903 -1.2936
26.3 -0.938557 -1.35871
26.4 -0.826739 -1.41685
26.5 -0.700898 -1.46718
26.6 -0.55762 -1.50869
26.7 -0.392632 -1.54008
26.8 -0.200868 -1.55976
26.9 0.0230031 -1.5658
27 0.282956 -1.55594
27.1 0.578158 -1.52779
27.2 0.897728 -1.47932
27.3 1.21698 -1.40967
27.4 1.50203 -1.31995
27.5 1.7247 -1.21341
27.6 1.87571 -1.09459
27.7 1.96374 -0.967985
27.8 2.00514 -0.837214
27.9 2.01532 -0.704822
28 2.00563 -0.572466
28.1 1.98341 -0.441193
28.2 1.95316 -0.311664
28.3 1.91753 -0.184313
28.4 1.87803 -0.0594406
28.5 1.83551 0.0627305
28.6 1.7904 0.182018
28.7 1.74291 0.298258
28.8 1.69305 0.411297
28.9 1.64074 0.520975
29 1.5858 0.627127
29.1 1.52797 0.729571
29.2 1.4669 0.828105
29.3 1.40215 0.922503
29.4 1.33316 1.01251
29.5 1.25926 1.09781
29.6 1.17957 1.17807
29.7 1.093 1.25287
29.8 0.998134 1.32171
29.9 0.89319 1.38398
30 0.775857 1.43896
30.1 0.643168 1.48573
30.2 0.491357 1.52317
30.3 0.315794 1.54986
30.4 0.111191 1.56408
30.5 -0.1275 1.56374
30.6 -0.402784 1.5465
30.7 -0.710294 1.51003
30.8 -1.03351 1.45268
30.9 -1.34262 1.37434
31 -1.60403 1.27708
31.1 -1.79656 1.16481
31.2 -1.9194 1.04222
31.3 -1.98581 0.913488
31.4 -2.01246 0.781785
31.5 -2.01317 0.649248
31.6 -1.99752 0.517244
31.7 -1.97152 0.386638
31.8 -1.93877 0.257979
31.9 -1.90137 0.131636
32 -1.86053 0.00787206
32.1 -1.81689 -0.11311
32.2 -1.77078 -0.231139
32.3 -1.7223 -0.346056
32.4 -1.67143 -0.457705
32.5 -1.61804 -0.565926
32.6 -1.56192 -0.670546
32.7 -1.50278 -0.771376
32.8 -1.44022 -0.868206
32.9 -1.37377 -0.960794
33 -1.30282 -1.04887
33.1 -1.22661 -1.1321
33.2 -1.14418 -1.21013
33.3 -1.05432 -1.28249
33.4 -0.955476 -1.34866
33.5 -0.845653 -1.40797
33.6 -0.722285 -1.45963
33.7 -0.582086 -1.50264
33.8 -0.420927 -1.53576
33.9 -0.233849 -1.55746
34 -0.0154936 -1.56584
34.1 0.23851 -1.55871
34.2 0.52843 -1.53367
34.3 0.845371 -1.48857
34.4 1.16687 -1.42232
34.5 1.45971 -1.33567
34.6 1.69364 -1.23156
34.7 1.85598 -1.1144
34.8 1.95314 -0.988778
34.9 2.00093 -0.85848
35 2.01527 -0.726218
35.1 2.00819 -0.593773
35.2 1.98763 -0.462271
35.3 1.95846 -0.332427
35.4 1.92357 -0.204702
35.5 1.88462 -0.0794131
35.6 1.84255 0.043207
35.7 1.79785 0.162971
35.8 1.75073 0.279714
35.9 1.70126 0.393279
36 1.64936 0.503511
36.1 1.59486 0.610244
36.2 1.53751 0.713299
36.3 1.47699 0.812479
36.4 1.41286 0.907561
36.5 1.34461 0.998292
36.6 1.27156 1.08438
36.7 1.19287 1.16548
36.8 1.10749 1.24119
36.9 1.01407 1.31102
37 0.910895 1.3744
37.1 0.795743 1.43062
37.2 0.665764 1.47878
37.3 0.51733 1.51781
37.4 0.345946 1.54635
37.5 0.146395 1.56271
37.6 -0.0865178 1.56488
37.7 -0.355947 1.55052
37.8 -0.659002 1.5173
37.9 -0.981399 1.46338
38 -1.29516 1.38835
38.1 -1.56619 1.29391
38.2 -1.77041 1.18375
38.3 -1.90383 1.06251
38.4 -1.97821 0.934531
38.5 -2.01022 0.803139
38.6 -2.01437 0.670627
38.7 -2.00087 0.538469
38.8 -1.97624 0.407593
38.9 -1.94441 0.278591
39 -1.90767 0.151855
39.1 -1.86732 0.0276599
39.2 -1.82411 -0.0937837
39.3 -1.77838 -0.2123
39.4 -1.73028 -0.327729
39.5 -1.6798 -0.439917
39.6 -1.62683 -0.548702
39.7 -1.57118 -0.653915
39.8 -1.51254 -0.755371
39.9 -1.45057 -0.852861
40 -1.38478 -0.946152
40.1 -1.3146 -1.03497
40.2 -1.2393 -1.11901
40.3 -1.15795 -1.19791
40.4 -1.06938 -1.27122
40.5 -0.972111 -1.33842
40.6 -0.864216 -1.39889
40.7 -0.743235 -1.45185
40.8 -0.606009 -1.49633
40.9 -0.448548 -1.53115
41 -0.266014 -1.5548
41.1 -0.053054 -1.56548
41.2 0.19502 -1.56101
41.3 0.479436 -1.53901
41.4 0.793158 -1.49727
41.5 1.116 -1.43444
41.6 1.4158 -1.35093
41.7 1.66066 -1.24937
41.8 1.83454 -1.13399
41.9 1.94125 -1.00945
42 1.99586 -0.879697
42.1 2.01467 -0.74761
42.2 2.01041 -0.615104
42.3 1.99163 -0.483394
42.4 1.96361 -0.353246
42.5 1.92951 -0.225155
42.6 1.89114 -0.0994553
42.7 1.84953 0.0236092
42.8 1.80523 0.143845
42.9 1.75849 0.261086
43 1.70941 0.375175
43.1 1.6579 0.485956
43.2 1.60384 0.593265
43.3 1.54697 0.696926
43.4 1.48699 0.796746
43.5 1.42348 0.892505
43.6 1.35593 0.983957
43.7 1.2837 1.07081
43.8 1.20599 1.15274
43.9 1.12177 1.22935
44 1.02975 1.30018
44.1 0.928289 1.36464
44.2 0.815244 1.42207
44.3 0.687881 1.4716
44.4 0.542707 1.51219
44.5 0.375365 1.54252
44.6 0.180727 1.56098
44.7 -0.0464991 1.56558
44.8 -0.31001 1.55406
44.9 -0.608247 1.52402
45 -0.929084 1.47352
45.1 -1.24656 1.40184
45.2 -1.52657 1.31032
45.3 -1.74239 1.2024
45.4 -1.88672 1.08264
45.5 -1.9695 0.955487
45.6 -2.00727 0.824465
45.7 -2.01511 0.692017
45.8 -2.00394 0.559727
45.9 -1.98078 0.428597
46 -1.94992 0.299263
46.1 -1.91386 0.17214
46.2 -1.87404 0.0475194
46.3 -1.83126 -0.0743806
46.4 -1.78592 -0.19338
46.5 -1.7382 -0.309318
46.6 -1.68811 -0.422039
46.7 -1.63556 -0.531385
46.8 -1.58035 -0.637187
46.9 -1.52222 -0.739262
47 -1.46081 -0.837407
47.1 -1.39568 -0.931393
47.2 -1.32625 -1.02096
47.3 -1.25183 -1.10579
47.4 -1.17153 -1.18554
47.5 -1.08422 -1.25979
47.6 -0.98847 -1.32802
47.7 -0.882439 -1.38962
47.8 -0.763764 -1.44385
47.9 -0.629406 -1.48977
48 -0.475517 -1.52624
48.1 -0.297386 -1.55181
48.2 -0.0896935 -1.56472
48.3 0.152492 -1.56285
48.4 0.431235 -1.54385
48.5 0.741213 -1.50542
48.6 1.06454 -1.44601
48.7 1.37043 -1.36572
48.8 1.62579 -1.26681
48.9 1.81132 -1.15335
49 1.92801 -1.02999
49.1 1.98987 -0.900855
49.2 2.01347 -0.768993
49.3 2.01226 -0.636458
49.4 1.99539 -0.504558
49.5 1.96861 -0.374119
49.6 1.93533 -0.24567
49.7 1.89757 -0.119566
49.8 1.85643 0.00393756
49.9 1.81254 0.124642
50 1.7662 0.242377
50.1 1.71749 0.356985
50.2 1.66638 0.46831
50.3 1.61274 0.576191
50.4 1.55635 0.680453
50.5 1.49689 0.780907
50.6 1.43398 0.877338
50.7 1.36713 0.969503
50.8 1.2957 1.05712
50.9 1.21894 1.13987
51 1.13585 1.21737
51.1 1.04519 1.28916
51.2 0.945384 1.3547
51.3 0.834374 1.41331
51.4 0.709537 1.46418
51.5 0.567508 1.50629
51.6 0.404073 1.53838
51.7 0.214207 1.55888
51.8 -0.00743572 1.56587
51.9 -0.265 1.55711
52 -0.558111 1.53021
52.1 -0.876701 1.4831
52.2 -1.19696 1.41481
52.3 -1.48524 1.32631
52.4 -1.71246 1.22074
52.5 -1.86799 1.10257
52.6 -1.95963 0.976346
52.7 -2.00355 0.845756
52.8 -2.01537 0.713412
52.9 -2.00669 0.581016
53 -1.98513 0.449649
53.1 -1.9553 0.319992
53.2 -1.91997 0.19249
53.3 -1.88068 0.0674499
53.4 -1.83834 -0.0549021
53.5 -1.7934 -0.174381
53.6 -1.74606 -0.290824
53.7 -1.69636 -0.404074
53.8 -1.64421 -0.513975
53.9 -1.58945 -0.620361
54 -1.53181 -0.723051
54.1 -1.47096 -0.821845
54.2 -1.40646 -0.916519
54.3 -1.33777 -1.00681
54.4 -1.26422 -1.09243
54.5 -1.18493 -1.17303
54.6 -1.09884 -1.2482
54.7 -1.00456 -1.31744
54.8 -0.900335 -1.38016
54.9 -0.783887 -1.43564
55 -0.652297 -1.48297
55.1 -0.501856 -1.52105
55.2 -0.327988 -1.54849
55.3 -0.125429 -1.56358
55.4 0.110932 -1.56425
55.5 0.383875 -1.54817
55.6 0.689645 -1.51301
55.7 1.01262 -1.45704
55.8 1.32371 -1.38003
55.9 1.58906 -1.28388
56 1.78628 -1.17245
56.1 1.91333 -1.05038
56.2 1.98289 -0.921945
56.3 2.01164 -0.79036
56.4 2.01371 -0.657829
56.5 1.9989 -0.52576
56.6 1.97344 -0.395044
56.7 1.94105 -0.266246
56.8 1.90391 -0.139745
56.9 1.86327 -0.015807
57 1.8198 0.105361
57.1 1.77383 0.223586
57.2 1.72551 0.338709
57.3 1.6748 0.450575
57.4 1.62158 0.559023
57.5 1.56565 0.663882
57.6 1.50671 0.764964
57.7 1.44439 0.862059
57.8 1.37821 0.95493
57.9 1.30757 1.0433
58 1.23172 1.12686
58.1 1.14973 1.20524
58.2 1.0604 1.27798
58.3 0.962187 1.34457
58.4 0.853146 1.40435
58.5 0.730747 1.45653
58.6 0.591754 1.50014
58.7 0.432095 1.53394
58.8 0.246858 1.55643
58.9 0.0306834 1.56575
59 -0.220936 1.55969
59.1 -0.50867 1.53588
59.2 -0.824386 1.49213
59.3 -1.14653 1.42725
59.4 -1.44226 1.34185
59.5 -1.68063 1.23875
59.6 -1.84758 1.12229
59.7 -1.94853 0.997092
59.8 -1.999 0.867004
59.9 -2.0151 0.734806
60 -2.00912 0.602333
60.1 -1.98926 0.470746
60.2 -1.96055 0.340778
60.3 -1.92597 0.212905
60.4 -1.88725 0.0874505
60.5 -1.84536 -0.0353486
60.6 -1.80082 -0.155303
60.7 -1.75386 -0.272246
60.8 -1.70454 -0.386022
60.9 -1.6528 -0.496475
61 -1.59847 -0.603439
61.1 -1.54132 -0.706738
61.2 -1.48101 -0.806176
61.3 -1.41714 -0.901531
61.4 -1.34917 -0.992552
61.5 -1.27645 -1.07895
61.6 -1.19815 -1.16038
61.7 -1.11325 -1.23646
61.8 -1.0204 -1.30669
61.9 -0.917914 -1.37051
62 -0.803617 -1.42721
62.1 -0.674699 -1.47593
62.2 -0.527587 -1.51559
62.3 -0.357842 -1.54485
62.4 -0.160281 -1.56206
62.5 0.0703375 -1.56521
62.6 0.337396 -1.552
62.7 0.638558 -1.52006
62.8 0.960415 -1.46751
62.9 1.27577 -1.39383
63 1.5505 -1.30055
63.1 1.75939 -1.19127
63.2 1.89715 -1.07061
63.3 1.97485 -0.942955
63.4 2.00913 -0.811704
63.5 2.01472 -0.679213
63.6 2.00214 -0.546999
63.7 1.97809 -0.416019
63.8 1.94664 -0.286882
63.9 1.91016 -0.15999
64 1.87003 -0.0356237
64.1 1.82699 0.0860037
64.2 1.78141 0.204715
64.3 1.73347 0.320349
64.4 1.68314 0.432751
64.5 1.63034 0.541761
64.6 1.57487 0.647211
64.7 1.51644 0.748916
64.8 1.45469 0.84667
64.9 1.38917 0.940241
65 1.3193 1.02936
65.1 1.24435 1.11372
65.2 1.16342 1.19296
65.3 1.07537 1.26665
65.4 0.97871 1.33427
65.5 0.871572 1.3952
65.6 0.751526 1.44867
65.7 0.615464 1.49373
65.8 0.459451 1.52921
65.9 0.278702 1.55364
66 0.0678722 1.56522
66.1 -0.177831 1.5618
66.2 -0.459988 1.54102
66.3 -0.772267 1.50061
66.4 -1.0954 1.43915
66.5 -1.39776 1.35693
66.6 -1.64689 1.25641
66.7 -1.82543 1.14179
66.8 -1.9361 1.01771
66.9 -1.99357 0.888198
67 -2.01426 0.756196
67.1 -2.0112 0.623674
67.2 -1.99317 0.491885
67.3 -1.96564 0.361619
67.4 -1.93186 0.233383
67.5 -1.89373 0.10752
67.6 -1.85231 -0.015721
67.7 -1.80817 -0.136146
67.8 -1.76159 -0.253586
67.9 -1.71266 -0.367883
68 -1.66132 -0.478883
68.1 -1.60742 -0.586422
68.2 -1.55074 -0.690325
68.3 -1.49097 -0.7904
68.4 -1.42771 -0.88643
68.5 -1.36044 -0.978169
68.6 -1.28854 -1.06533
68.7 -1.21121 -1.14759
68.8 -1.12745 -1.22456
68.9 -1.03598 -1.29577
69 -0.935187 -1.36067
69.1 -0.822968 -1.41857
69.2 -0.696629 -1.46865
69.3 -0.552731 -1.50985
69.4 -0.386973 -1.5409
69.5 -0.194268 -1.56018
69.6 0.0307034 -1.56575
69.7 0.291829 -1.55534
69.8 0.588041 -1.52657
69.9 0.908055 -1.47743
70 1.22676 -1.40711
70.1 1.51018 -1.31679
70.2 1.7306 -1.2098
70.3 1.8794 -1.09066
70.4 1.96569 -0.963873
70.5 2.00587 -0.833017
70.6 2.01527 -0.700605
70.7 2.00508 -0.56827
70.8 1.98255 -0.437043
70.9 1.9521 -0.307577
71 1.91632 -0.180302
71.1 1.87672 -0.0555118
71.2 1.83411 0.0665702
71.3 1.78893 0.185763
71.4 1.74136 0.301904
71.5 1.69143 0.414838
71.6 1.63904 0.524407
71.7 1.58401 0.630444
71.8 1.52608 0.732766
71.9 1.4649 0.831173
72 1.40002 0.925435
72.1 1.33089 1.01529
72.2 1.25682 1.10044
72.3 1.17693 1.18054
72.4 1.09012 1.25515
72.5 0.994961 1.32379
72.6 0.889662 1.38585
72.7 0.77189 1.44058
72.8 0.638656 1.48707
72.9 0.486165 1.52419
73 0.309762 1.55052
73.1 0.104147 1.56431
73.2 -0.135692 1.56347
73.3 -0.41212 1.54565
73.4 -0.72046 1.50853
73.5 -1.04374 1.45051
73.6 -1.35183 1.37153
73.7 -1.61127 1.27371
73.8 -1.80149 1.16105
73.9 -1.92229 1.0382
74 -1.98719 0.90933
74.1 -2.01282 0.777573
74.2 -2.01289 0.645035
74.3 -1.99683 0.513065
74.4 -1.97057 0.382513
74.5 -1.93764 0.253923
74.6 -1.90012 0.127658
74.7 -1.85918 0.00397992
74.8 -1.81546 -0.116911
74.9 -1.76927 -0.234843
75 -1.72071 -0.349659
75.1 -1.66977 -0.461201
75.2 -1.6163 -0.56931
75.3 -1.56009 -0.673813
75.4 -1.50084 -0.774519
75.5 -1.43817 -0.871217
75.6 -1.37159 -0.963667
75.7 -1.30048 -1.05159
75.8 -1.22409 -1.13467
75.9 -1.14145 -1.21252
76 -1.05132 -1.28469
76.1 -0.952164 -1.35065
76.2 -0.841952 -1.40974
76.3 -0.718104 -1.46114
76.4 -0.577307 -1.50385
76.5 -0.415403 -1.53664
76.6 -0.227413 -1.55794
76.7 -0.00797947 -1.56587
76.8 0.247197 -1.5582
76.9 0.538176 -1.53255
77 0.855684 -1.48679
77.1 1.17681 -1.41987
77.2 1.46818 -1.33261
77.3 1.69991 -1.22801
77.4 1.86 -1.11051
77.5 1.95533 -0.984688
77.6 2.00183 -0.854292
77.7 2.01532 -0.722001
77.8 2.00771 -0.589571
77.9 1.98681 -0.458113
78 1.95743 -0.32833
78.1 1.92239 -0.200678
78.2 1.88333 -0.0754705
78.3 1.84117 0.0470615
78.4 1.79638 0.166732
78.5 1.7492 0.283376
78.6 1.69965 0.396838
78.7 1.64767 0.506961
78.8 1.59308 0.613579
78.9 1.53564 0.716514
79 1.47501 0.815568
79.1 1.41076 0.910515
79.2 1.34236 1.0011
79.3 1.26914 1.08704
79.4 1.19026 1.16797
79.5 1.10465 1.2435
79.6 1.01095 1.31314
79.7 0.90743 1.37631
79.8 0.791854 1.43228
79.9 0.661348 1.48017
80 0.512258 1.51889
80.1 0.340061 1.54707
80.2 0.139525 1.56301
80.3 -0.0945199 1.56469
80.4 -0.365109 1.54977
80.5 -0.669074 1.51591
80.6 -0.991692 1.46131
80.7 -1.30461 1.38563
80.8 -1.57379 1.29062
80.9 -1.77571 1.18004
81 -1.90702 1.05853
81.1 -1.97979 0.930389
81.2 -2.01072 0.798931
81.3 -2.01417 0.666412
81.4 -2.00023 0.534282
81.5 -1.97533 0.403458
81.6 -1.94331 0.274523
81.7 -1.90643 0.147864
81.8 -1.86599 0.0237535
81.9 -1.82269 -0.0975995
82 -1.77688 -0.21602
82.1 -1.72871 -0.331349
82.2 -1.67816 -0.44343
82.3 -1.62511 -0.552105
82.4 -1.56936 -0.657201
82.5 -1.51062 -0.758534
82.6 -1.44854 -0.855895
82.7 -1.38262 -0.949047
82.8 -1.31229 -1.03772
82.9 -1.23681 -1.1216
83 -1.15525 -1.20033
83.1 -1.06643 -1.27345
83.2 -0.968854 -1.34046
83.3 -0.860584 -1.4007
83.4 -0.739139 -1.4534
83.5 -0.601335 -1.4976
83.6 -0.443155 -1.53208
83.7 -0.259737 -1.55535
83.8 -0.0457233 -1.56558
83.9 0.203517 -1.56059
84 0.489033 -1.538
84.1 0.803433 -1.4956
84.2 1.12608 -1.43209
84.3 1.42458 -1.34796
84.4 1.66731 -1.24588
84.5 1.8389 -1.13015
84.6 1.9437 -1.00539
84.7 1.99693 -0.875519
84.8 2.01483 -0.743394
84.9 2.01 -0.610897
85 1.99086 -0.479227
85.1 1.96261 -0.349138
85.2 1.92834 -0.221118
85.3 1.88986 -0.095499
85.4 1.84816 0.0274782
85.5 1.80378 0.147622
85.6 1.75697 0.264765
85.7 1.70781 0.378751
85.8 1.65622 0.489424
85.9 1.60207 0.596619
86 1.54511 0.700162
86.1 1.48502 0.799855
86.2 1.42139 0.895482
86.3 1.35371 0.986792
86.4 1.28132 1.0735
86.5 1.20341 1.15527
86.6 1.11897 1.2317
86.7 1.02668 1.30233
86.8 0.924885 1.36658
86.9 0.81143 1.42377
87 0.683559 1.47303
87.1 0.53775 1.51332
87.2 0.369622 1.5433
87.3 0.174027 1.56135
87.4 -0.0543119 1.56548
87.5 -0.318992 1.5534
87.6 -0.618205 1.52274
87.7 -0.939406 1.47156
87.8 -1.25622 1.39922
87.9 -1.53452 1.30712
88 -1.74806 1.19874
88.1 -1.89022 1.07868
88.2 -1.97131 0.951364
88.3 -2.00791 0.820264
88.4 -2.015 0.6878
88.5 -2.00336 0.555534
88.6 -1.9799 0.424453
88.7 -1.94885 0.295183
88.8 -1.91265 0.168136
88.9 -1.87272 0.043599
89 -1.82985 -0.0782115
89.1 -1.78444 -0.197116
89.2 -1.73664 -0.312954
89.3 -1.68648 -0.42557
89.4 -1.63384 -0.534806
89.5 -1.57855 -0.640492
89.6 -1.52032 -0.742445
89.7 -1.4588 -0.840462
89.8 -1.39354 -0.934311
89.9 -1.32397 -1.02373
90 -1.24938 -1.10841
90.1 -1.16887 -1.18799
90.2 -1.08131 -1.26205
90.3 -0.985266 -1.33008
90.4 -0.878873 -1.39147
90.5 -0.75975 -1.44545
90.6 -0.624835 -1.49109
90.7 -0.470251 -1.52723
90.8 -0.291263 -1.55243
90.9 -0.082543 -1.5649
91 0.160799 -1.56253
91.1 0.440672 -1.54294
91.2 0.751426 -1.50385
91.3 1.07472 -1.44378
91.4 1.37949 -1.36285
91.5 1.63281 -1.2634
91.6 1.81604 -1.14955
91.7 1.93073 -1.02595
91.8 1.99113 -0.89669
91.9 2.01376 -0.764779
92 2.01192 -0.632247
92.1 1.99467 -0.500383
92.2 1.96763 -0.37
92.3 1.93419 -0.241621
92.4 1.89631 -0.115596
92.5 1.85508 0.00782111
92.6 1.81111 0.128434
92.7 1.76468 0.246072
92.8 1.7159 0.360578
92.9 1.66472 0.471796
93 1.61099 0.579564
93.1 1.55451 0.683708
93.2 1.49495 0.784037
93.3 1.43192 0.880336
93.4 1.36493 0.972361
93.5 1.29335 1.05983
93.6 1.2164 1.14242
93.7 1.13309 1.21975
93.8 1.04217 1.29135
93.9 0.942037 1.35667
94 0.830632 1.41505
94.1 0.705304 1.46566
94.2 0.562664 1.50747
94.3 0.398469 1.53922
94.4 0.207674 1.55932
94.5 -0.015061 1.56585
94.6 -0.273798 1.55655
94.7 -0.567941 1.52903
94.8 -0.887025 1.48126
94.9 -1.20681 1.4123
95 -1.49352 1.32319
95.1 -1.71851 1.21715
95.2 -1.87181 1.09866
95.3 -1.96168 0.972242
95.4 -2.00435 0.841563
95.5 -2.01536 0.709194
95.6 -2.00618 0.576817
95.7 -1.98429 0.445496
95.8 -1.95425 0.315901
95.9 -1.91877 0.188474
96 -1.87938 0.0635156
96.1 -1.83695 -0.0587477
96.2 -1.79193 -0.178133
96.3 -1.74451 -0.294476
96.4 -1.69474 -0.407623
96.5 -1.64251 -0.517415
96.6 -1.58766 -0.623685
96.7 -1.52993 -0.726254
96.8 -1.46897 -0.824921
96.9 -1.40434 -0.91946
97 -1.33551 -1.00961
97.1 -1.26179 -1.09508
97.2 -1.1823 -1.17551
97.3 -1.09597 -1.25049
97.4 -1.00141 -1.31954
97.5 -0.896833 -1.38204
97.6 -0.779952 -1.43727
97.7 -0.647824 -1.48433
97.8 -0.496713 -1.5221
97.9 -0.322015 -1.54917
98 -0.118456 -1.56383
98.1 0.119048 -1.56401
98.2 0.393143 -1.54736
98.3 0.699776 -1.51156
98.4 1.02288 -1.45491
98.5 1.33302 -1.37725
98.6 1.59644 -1.28055
98.7 1.79137 -1.1687
98.8 1.91634 -1.04638
98.9 1.98434 -0.917793
99 2.01206 -0.78615
99.1 2.01345 -0.653615
99.2 1.99823 -0.521578
99.3 1.9725 -0.390915
99.4 1.93993 -0.262185
99.5 1.90267 -0.135762
99.6 1.86193 -0.0119091
99.7 1.81837 0.109168
99.8 1.77233 0.227297
99.9 1.72393 0.342319
100 1.67314 0.454078
100.1 1.61984 0.562414
100.2 1.56382 0.667156
100.3 1.50478 0.768115
100.4 1.44234 0.865079
100.5 1.37603 0.957812
100.6 1.30524 1.04604
100.7 1.22922 1.12944
100.8 1.14701 1.20764
100.9 1.05742 1.2802
101 0.958897 1.34658
101.1 0.849474 1.40613
101.2 0.7266 1.45806
101.3 0.587018 1.50137
101.4 0.426624 1.53484
101.5 0.240486 1.55694
101.6 0.0232433 1.5658
101.7 -0.229547 1.55922
101.8 -0.518358 1.5348
101.9 -0.834687 1.4904
102 -1.15653 1.42484
102.1 -1.45086 1.33883
102.2 -1.68705 1.23523
102.3 -1.85174 1.11842
102.4 -1.95082 0.993012
102.5 -1.99997 0.862819
102.6 -2.01519 0.730589
102.7 -2.00867 0.598129
102.8 -1.98846 0.466584
102.9 -1.95952 0.336676
103 -1.92479 0.208876
103.1 -1.88596 0.0835024
103.2 -1.84398 -0.039209
103.3 -1.79936 -0.15907
103.4 -1.75232 -0.275915
103.5 -1.70293 -0.389588
103.6 -1.65111 -0.499932
103.7 -1.5967 -0.606783
103.8 -1.53945 -0.709962
103.9 -1.47904 -0.809273
104 -1.41504 -0.904494
104.1 -1.34693 -0.995373
104.2 -1.27405 -1.08162
104.3 -1.19556 -1.16289
104.4 -1.11042 -1.23878
104.5 -1.0173 -1.30882
104.6 -0.914474 -1.37243
104.7 -0.799758 -1.42889
104.8 -0.670321 -1.47733
104.9 -0.522562 -1.51669
105 -0.352015 -1.54559
105.1 -0.15348 -1.56239
105.2 0.0782634 -1.56506
105.3 0.346487 -1.55129
105.4 0.648586 -1.51871
105.5 0.970723 -1.46549
105.6 1.28531 -1.39115
105.7 1.55824 -1.29729
105.8 1.76484 -1.18758
105.9 1.90046 -1.06664
106 1.97652 -0.93882
106.1 2.00968 -0.807499
106.2 2.01456 -0.674996
106.3 2.00152 -0.542809
106.4 1.97719 -0.41188
106.5 1.94555 -0.28281
106.6 1.90894 -0.155994
106.7 1.8687 -0.0317117
106.8 1.82557 0.0898255
106.9 1.77992 0.208441
107 1.7319 0.323975
107.1 1.6815 0.436271
107.2 1.62862 0.545171
107.3 1.57306 0.650505
107.4 1.51453 0.752088
107.5 1.45267 0.849712
107.6 1.38702 0.943146
107.7 1.317 1.03212
107.8 1.24187 1.11632
107.9 1.16074 1.19539
108 1.07243 1.26889
108.1 0.975475 1.33631
108.2 0.867966 1.39702
108.3 0.747463 1.45023
108.4 0.610831 1.49501
108.5 0.45411 1.53017
108.6 0.272487 1.55422
108.7 0.0606142 1.56536
108.8 -0.186252 1.56142
108.9 -0.469522 1.54004
109 -0.78252 1.49898
109.1 -1.10553 1.43685
109.2 -1.40665 1.35399
109.3 -1.65369 1.25296
109.4 -1.82994 1.13797
109.5 -1.93866 1.01366
109.6 -1.99471 0.884025
109.7 -2.01447 0.75198
109.8 -2.01082 0.619465
109.9 -1.99242 0.487715
110 -1.96464 0.357506
110.1 -1.93071 0.229341
110.2 -1.89246 0.103559
110.3 -1.85094 -0.019596
110.4 -1.80673 -0.139928
110.5 -1.76007 -0.25727
110.6 -1.71106 -0.371466
110.7 -1.65964 -0.482358
110.8 -1.60566 -0.589784
110.9 -1.54889 -0.693569
111 -1.48902 -0.793518
111.1 -1.42563 -0.889415
111.2 -1.35823 -0.981013
111.3 -1.28616 -1.06803
111.4 -1.20865 -1.15013
111.5 -1.12466 -1.22692
111.6 -1.03293 -1.29794
111.7 -0.931806 -1.36262
111.8 -0.819182 -1.42029
111.9 -0.692343 -1.4701
112 -0.54782 -1.511
112.1 -0.381287 -1.5417
112.2 -0.187636 -1.56058
112.3 0.0384406 -1.56568
112.4 0.300738 -1.55472
112.5 0.59795 -1.52533
112.6 0.918382 -1.47552
112.7 1.2365 -1.40453
112.8 1.51827 -1.31363
112.9 1.73643 -1.20617
113 1.88303 -1.08673
113.1 1.96758 -0.959757
113.2 2.00658 -0.828819
113.3 2.0152 -0.696388
113.4 2.00453 -0.564074
113.5 1.98169 -0.432895
113.6 1.95103 -0.303493
113.7 1.91512 -0.176293
113.8 1.87541 -0.0515858
113.9 1.83271 0.070407
114 1.78745 0.189505
114.1 1.73981 0.305547
114.2 1.6898 0.418376
114.3 1.63733 0.527835
114.4 1.58221 0.633757
114.5 1.52419 0.735958
114.6 1.46289 0.834236
114.7 1.39789 0.928363
114.8 1.32862 1.01808
114.9 1.25438 1.10307
115 1.17428 1.183
115.1 1.08723 1.25743
115.2 0.991779 1.32587
115.3 0.886122 1.3877
115.4 0.767908 1.44219
115.5 0.634124 1.4884
115.6 0.480949 1.5252
115.7 0.3037 1.55116
115.8 0.0970676 1.56452
115.9 -0.143922 1.56318
116 -0.421489 1.54477
116.1 -0.730643 1.50701
116.2 -1.05396 1.44831
116.3 -1.36099 1.36869
116.4 -1.61844 1.27033
116.5 -1.80635 1.15727
116.6 -1.92513 1.03417
116.7 -1.98852 0.90517
116.8 -2.01315 0.77336
116.9 -2.01259 0.640823
117 -1.99613 0.508887
117.1 -1.96961 0.37839
117.2 -1.93651 0.249869
117.3 -1.89887 0.123683
117.4 -1.85783 9.06006e-05
117.5 -1.81403 -0.120709
117.6 -1.76776 -0.238544
117.7 -1.71913 -0.353258
117.8 -1.66811 -0.464694
117.9 -1.61455 -0.572691
118 -1.55825 -0.677076
118.1 -1.49891 -0.777658
118.2 -1.43612 -0.874225
118.3 -1.3694 -0.966535
118.4 -1.29814 -1.05431
118.5 -1.22156 -1.13723
118.6 -1.1387 -1.2149
118.7 -1.04832 -1.28689
118.8 -0.94884 -1.35264
118.9 -0.838238 -1.41149
119 -0.713906 -1.46264
119.1 -0.572506 -1.50506
119.2 -0.409854 -1.5375
119.3 -0.220945 -1.55841
119.4 -0.000428862 -1.56588
119.5 0.25592 -1.55768
119.6 0.547951 -1.53141
119.7 0.866002 -1.48499
119.8 1.18672 -1.4174
119.9 1.47659 -1.32952
120 1.70611 -1.22444
120.1 1.86396 -1.10662
120.2 1.95747 -0.980594
120.3 2.00269 -0.850101
120.4 2.01535 -0.717783
120.5 2.00722 -0.585369
120.6 1.98599 -0.453956
120.7 1.95639 -0.324234
120.8 1.9212 -0.196656
120.9 1.88203 -0.0715306
121 1.83978 0.0509131
121.1 1.79492 0.170489
121.2 1.74766 0.287035
121.3 1.69803 0.400393
121.4 1.64597 0.510407
121.5 1.5913 0.616911
121.6 1.53376 0.719726
121.7 1.47302 0.818652
121.8 1.40865 0.913465
121.9 1.34011 1.00391
122 1.26673 1.08969
122.1 1.18765 1.17046
122.2 1.1018 1.24581
122.3 1.00782 1.31526
122.4 0.903952 1.3782
122.5 0.787949 1.43393
122.6 0.656914 1.48155
122.7 0.507162 1.51996
122.8 0.334147 1.54777
122.9 0.132621 1.5633
123 -0.10256 1.56448
123.1 -0.374306 1.549
123.2 -0.679165 1.5145
123.3 -1.00198 1.45923
123.4 -1.31401 1.38289
123.5 -1.58133 1.28732
123.6 -1.78094 1.17632
123.7 -1.91015 1.05453
123.8 -1.98133 0.926244
123.9 -2.01119 0.794723
124 -2.01395 0.662197
124.1 -1.99958 0.530097
124.2 -1.9744 0.399325
124.3 -1.9422 0.270458
124.4 -1.9052 0.143876
124.5 -1.86466 0.0198499
124.6 -1.82127 -0.101412
124.7 -1.77539 -0.219737
124.8 -1.72714 -0.334965
124.9 -1.67651 -0.44694
125 -1.62338 -0.555504
125.1 -1.56754 -0.660484
125.2 -1.5087 -0.761693
125.3 -1.4465 -0.858924
125.4 -1.38046 -0.951938
125.5 -1.30997 -1.04047
125.6 -1.23432 -1.12419
125.7 -1.15254 -1.20274
125.8 -1.06347 -1.27568
125.9 -0.965586 -1.34248
126 -0.856938 -1.4025
126.1 -0.735027 -1.45494
126.2 -0.596641 -1.49885
126.3 -0.437737 -1.533
126.4 -0.253429 -1.55589
126.5 -0.0383567 -1.56567
126.6 0.212051 -1.56016
126.7 0.49866 -1.53697
126.8 0.813718 -1.49391
126.9 1.13613 -1.42973
127 1.43329 -1.34497
127.1 1.67389 -1.24239
127.2 1.8432 -1.1263
127.3 1.9461 -1.00132
127.4 1.99797 -0.871339
127.5 2.01497 -0.739177
127.6 2.00958 -0.606692
127.7 1.99008 -0.475061
127.8 1.9616 -0.345032
127.9 1.92718 -0.217084
128 1.88858 -0.0915454
128.1 1.84678 0.0313444
128.2 1.80232 0.151395
128.3 1.75544 0.26844
128.4 1.7062 0.382323
128.5 1.65454 0.492888
128.6 1.60031 0.59997
128.7 1.54325 0.703393
128.8 1.48306 0.802961
128.9 1.41931 0.898454
129 1.35148 0.989623
129.1 1.27893 1.07618
129.2 1.20083 1.15778
129.3 1.11616 1.23404
129.4 1.0236 1.30447
129.5 0.921468 1.36851
129.6 0.807601 1.42546
129.7 0.679218 1.47446
129.8 0.532772 1.51444
129.9 0.363852 1.54407
130 0.167294 1.56171
130.1 -0.0621619 1.56536
130.2 -0.328011 1.55272
130.3 -0.628187 1.52143
130.4 -0.949725 1.46959
130.5 -1.26584 1.39658
130.6 -1.5424 1.3039
130.7 -1.75366 1.19508
130.8 -1.89366 1.07472
130.9 -1.97307 0.947236
131 -2.00852 0.816061
131.1 -2.01487 0.683583
131.2 -2.00276 0.551342
131.3 -1.97902 0.420311
131.4 -1.94776 0.291106
131.5 -1.91143 0.164135
131.6 -1.8714 0.0396813
131.7 -1.82845 -0.0820393
131.8 -1.78295 -0.200849
131.9 -1.73508 -0.316587
132 -1.68484 -0.429098
132.1 -1.63213 -0.538223
132.2 -1.57674 -0.643793
132.3 -1.51841 -0.745625
132.4 -1.45678 -0.843513
132.5 -1.3914 -0.937225
132.6 -1.32168 -1.0265
132.7 -1.24691 -1.11102
132.8 -1.1662 -1.19043
132.9 -1.0784 -1.26431
133 -0.982052 -1.33214
133.1 -0.875295 -1.3933
133.2 -0.75572 -1.44703
133.3 -0.620243 -1.49239
133.4 -0.464961 -1.52821
133.5 -0.285111 -1.55303
133.6 -0.0753573 -1.56507
133.7 0.169143 -1.56218
133.8 0.450141 -1.542
133.9 0.761653 -1.50227
134 1.08489 -1.44152
134.1 1.38849 -1.35995
134.2 1.63976 -1.25998
134.3 1.82069 -1.14575
134.4 1.9334 -1.02191
134.5 1.99234 -0.892521
134.6 2.01402 -0.760565
134.7 2.01158 -0.628037
134.8 1.99394 -0.496209
134.9 1.96666 -0.365883
135 1.93305 -0.237574
135.1 1.89504 -0.111629
135.2 1.85372 0.0117018
135.3 1.80967 0.132222
135.4 1.76317 0.249763
135.5 1.71431 0.364167
135.6 1.66305 0.475278
135.7 1.60924 0.582934
135.8 1.55266 0.68696
135.9 1.493 0.787164
136 1.42985 0.883331
136.1 1.36273 0.975215
136.2 1.29099 1.06254
136.3 1.21385 1.14496
136.4 1.13032 1.22211
136.5 1.03914 1.29352
136.6 0.938679 1.35864
136.7 0.826876 1.41679
136.8 0.701053 1.46713
136.9 0.557798 1.50865
137 0.392838 1.54005
137.1 0.201108 1.55975
137.2 -0.022723 1.56581
137.3 -0.282633 1.55596
137.4 -0.577798 1.52784
137.5 -0.897352 1.47939
137.6 -1.21662 1.40976
137.7 -1.50173 1.32006
137.8 -1.72449 1.21354
137.9 -1.87557 1.09473
138 -1.96367 0.968135
138.1 -2.00511 0.837367
138.2 -2.01533 0.704976
138.3 -2.00565 0.572619
138.4 -1.98344 0.441344
138.5 -1.9532 0.311813
138.6 -1.91757 0.18446
138.7 -1.87807 0.0595839
138.8 -1.83556 -0.0625904
138.9 -1.79046 -0.181881
139 -1.74297 -0.298125
139.1 -1.69311 -0.411168
139.2 -1.64081 -0.52085
139.3 -1.58587 -0.627006
139.4 -1.52804 -0.729454
139.5 -1.46697 -0.827993
139.6 -1.40222 -0.922396
139.7 -1.33325 -1.0124
139.8 -1.25935 -1.09772
139.9 -1.17967 -1.17798
140 -1.0931 -1.25279
140.1 -0.998249 -1.32163
140.2 -0.893318 -1.38391
140.3 -0.776001 -1.4389
140.4 -0.643332 -1.48568
140.5 -0.491546 -1.52313
140.6 -0.316013 -1.54984
140.7 -0.111447 -1.56407
140.8 0.127201 -1.56375
140.9 0.402444 -1.54653
141 0.709924 -1.51008
141.1 1.03313 -1.45276
141.2 1.34228 -1.37445
141.3 1.60376 -1.2772
141.4 1.79637 -1.16495
141.5 1.91929 -1.04236
141.6 1.98576 -0.913639
141.7 2.01244 -0.781938
141.8 2.01318 -0.649401
141.9 1.99755 -0.517397
142 1.97155 -0.386788
142.1 1.93881 -0.258127
142.2 1.90142 -0.131781
142.3 1.86058 -0.00801405
142.4 1.81694 0.112972
142.5 1.77083 0.231004
142.6 1.72235 0.345925
142.7 1.67149 0.457578
142.8 1.6181 0.565803
142.9 1.56199 0.670427
143 1.50285 0.771262
143.1 1.4403 0.868096
143.2 1.37385 0.960689
143.3 1.30291 1.04877
143.4 1.2267 1.13201
143.5 1.14428 1.21004
143.6 1.05443 1.28241
143.7 0.955597 1.34858
143.8 0.845787 1.40791
143.9 0.722437 1.45957
144 0.58226 1.5026
144.1 0.421128 1.53573
144.2 0.234083 1.55744
144.3 0.0157669 1.56584
144.4 -0.238194 1.55873
144.5 -0.528075 1.53371
144.6 -0.844995 1.48864
144.7 -1.1665 1.42241
144.8 -1.45939 1.33578
144.9 -1.69341 1.23169
145 -1.85583 1.11454
145.1 -1.95306 0.988927
145.2 -2.0009 0.858633
145.3 -2.01527 0.726372
145.4 -2.00821 0.593926
145.5 -1.98766 0.462423
145.6 -1.9585 0.332577
145.7 -1.92361 0.204849
145.8 -1.88467 0.079557
145.9 -1.8426 -0.0430664
146 -1.7979 -0.162834
146.1 -1.75079 -0.27958
146.2 -1.70132 -0.39315
146.3 -1.64942 -0.503385
146.4 -1.59492 -0.610122
146.5 -1.53758 -0.713182
146.6 -1.47706 -0.812366
146.7 -1.41294 -0.907453
146.8 -1.34469 -0.998189
146.9 -1.27164 -1.08428
147 -1.19296 -1.16539
147.1 -1.10759 -1.2411
147.2 -1.01418 -1.31095
147.3 -0.911021 -1.37434
147.4 -0.795884 -1.43056
147.5 -0.665925 -1.47873
147.6 -0.517514 -1.51777
147.7 -0.34616 -1.54632
147.8 -0.146645 -1.5627
147.9 0.0862267 -1.56489
148 0.355613 -1.55055
148.1 0.658636 -1.51735
148.2 0.981024 -1.46345
148.3 1.29481 -1.38845
148.4 1.56592 -1.29402
148.5 1.77022 -1.18388
148.6 1.90372 -1.06266
148.7 1.97815 -0.934682
148.8 2.0102 -0.803292
148.9 2.01438 -0.670781
149 2.00089 -0.538621
149.1 1.97628 -0.407744
149.2 1.94445 -0.27874
149.3 1.90771 -0.152001
149.4 1.86737 -0.0278024
149.5 1.82416 0.0936445
149.6 1.77843 0.212164
149.7 1.73034 0.327597
149.8 1.67986 0.439788
149.9 1.6269 0.548578
150 1.57124 0.653795
150.1 1.51261 0.755255
150.2 1.45064 0.85275
150.3 1.38486 0.946046
150.4 1.31469 1.03487
150.5 1.23939 1.11892
150.6 1.15805 1.19782
150.7 1.06949 1.27114
150.8 0.972229 1.33835
150.9 0.864348 1.39883
151 0.743384 1.45179
151.1 0.606179 1.49629
151.2 0.448744 1.53111
151.3 0.266242 1.55478
151.4 0.0533207 1.56548
151.5 -0.19471 1.56103
151.6 -0.479087 1.53905
151.7 -0.792784 1.49733
151.8 -1.11563 1.43452
151.9 -1.41548 1.35104
152 -1.66042 1.24949
152.1 -1.83438 1.13413
152.2 -1.94116 1.0096
152.3 -1.99582 0.879849
152.4 -2.01466 0.747764
152.5 -2.01042 0.615258
152.6 -1.99165 0.483546
152.7 -1.96365 0.353396
152.8 -1.92955 0.225302
152.9 -1.89118 0.0995996
153 -1.84958 -0.023468
153.1 -1.80528 -0.143708
153.2 -1.75855 -0.260952
153.3 -1.70946 -0.375045
153.4 -1.65797 -0.485829
153.5 -1.6039 -0.593142
153.6 -1.54704 -0.696808
153.7 -1.48706 -0.796632
153.8 -1.42355 -0.892397
153.9 -1.35601 -0.983853
154 -1.28379 -1.07072
154.1 -1.20608 -1.15265
154.2 -1.12187 -1.22927
154.3 -1.02987 -1.3001
154.4 -0.928413 -1.36457
154.5 -0.815383 -1.422
154.6 -0.688039 -1.47154
154.7 -0.542887 -1.51214
154.8 -0.375574 -1.54249
154.9 -0.18097 -1.56096
155 0.0462149 -1.56559
155.1 0.309683 -1.55408
155.2 0.607884 -1.52407
155.3 0.928707 -1.47359
155.4 1.2462 -1.40193
155.5 1.52628 -1.31044
155.6 1.74218 -1.20253
155.7 1.88659 -1.08278
155.8 1.96944 -0.955638
155.9 2.00725 -0.824619
156 2.01511 -0.69217
156.1 2.00396 -0.55988
156.2 1.98082 -0.428749
156.3 1.94996 -0.299412
156.4 1.91391 -0.172286
156.5 1.87409 -0.0476625
156.6 1.83131 0.0742409
156.7 1.78597 0.193244
156.8 1.73826 0.309186
156.9 1.68817 0.421911
157 1.63562 0.53126
157.1 1.58042 0.637066
157.2 1.52229 0.739146
157.3 1.46088 0.837296
157.4 1.39576 0.931286
157.5 1.32634 1.02085
157.6 1.25192 1.10569
157.7 1.17163 1.18545
157.8 1.08433 1.2597
157.9 0.988586 1.32794
158 0.882569 1.38956
158.1 0.76391 1.44379
158.2 0.629573 1.48973
158.3 0.475708 1.5262
158.4 0.297609 1.55179
158.5 0.0899536 1.56471
158.6 -0.15219 1.56287
158.7 -0.430892 1.54388
158.8 -0.740841 1.50547
158.9 -1.06416 1.4461
159 -1.3701 1.36583
159.1 -1.62554 1.26694
159.2 -1.81115 1.15349
159.3 -1.92791 1.03014
159.4 -1.98982 0.901007
159.5 -2.01346 0.769147
159.6 -2.01227 0.636611
159.7 -1.99542 0.50471
159.8 -1.96864 0.374269
159.9 -1.93538 0.245818
160 -1.89761 0.119711
160.1 -1.85648 -0.00379589
160.2 -1.8126 -0.124504
160.3 -1.76625 -0.242242
160.4 -1.71755 -0.356854
160.5 -1.66644 -0.468183
160.6 -1.61281 -0.576068
160.7 -1.55642 -0.680335
160.8 -1.49696 -0.780793
160.9 -1.43406 -0.877228
161 -1.36721 -0.969398
161.1 -1.29579 -1.05702
161.2 -1.21903 -1.13978
161.3 -1.13595 -1.21728
161.4 -1.0453 -1.28908
161.5 -0.945505 -1.35462
161.6 -0.834511 -1.41324
161.7 -0.709691 -1.46413
161.8 -0.567684 -1.50625
161.9 -0.404277 -1.53835
162 -0.214445 -1.55886
162.1 0.00715834 -1.56587
162.2 0.26468 -1.55713
162.3 0.557753 -1.53026
162.4 0.876324 -1.48317
162.5 1.1966 -1.4149
162.6 1.48493 -1.32643
162.7 1.71224 -1.22087
162.8 1.86785 -1.10271
162.9 1.95956 -0.976495
163 2.00352 -0.845909
163.1 2.01537 -0.713565
163.2 2.00671 -0.581169
163.3 1.98516 -0.449801
163.4 1.95534 -0.320141
163.5 1.92001 -0.192637
163.6 1.88073 -0.0675934
163.7 1.83839 0.0547618
163.8 1.79345 0.174244
163.9 1.74611 0.29069
164 1.69642 0.403945
164.1 1.64427 0.51385
164.2 1.58951 0.62024
164.3 1.53188 0.722934
164.4 1.47103 0.821733
164.5 1.40654 0.916411
164.6 1.33786 1.00671
164.7 1.2643 1.09234
164.8 1.18503 1.17294
164.9 1.09894 1.24811
165 1.00468 1.31736
165.1 0.900463 1.38009
165.2 0.78403 1.43558
165.3 0.65246 1.48292
165.4 0.502043 1.52101
165.5 0.328205 1.54847
165.6 0.125683 1.56357
165.7 -0.110637 1.56426
165.8 -0.383538 1.5482
165.9 -0.689276 1.51306
166 -1.01225 1.45712
166.1 -1.32337 1.38013
166.2 -1.58879 1.284
166.3 -1.7861 1.17258
166.4 -1.91322 1.05053
166.5 -1.98283 0.922096
166.6 -2.01163 0.790513
166.7 -2.01371 0.657982
166.8 -1.99892 0.525913
166.9 -1.97347 0.395194
167 -1.94109 0.266394
167.1 -1.90396 0.13989
167.2 -1.86332 0.0159492
167.3 -1.81985 -0.105222
167.4 -1.77389 -0.223451
167.5 -1.72556 -0.338578
167.6 -1.67486 -0.450447
167.7 -1.62164 -0.558899
167.8 -1.56571 -0.663762
167.9 -1.50678 -0.764849
168 -1.44446 -0.861949
168.1 -1.37829 -0.954825
168.2 -1.30765 -1.0432
168.3 -1.23182 -1.12677
168.4 -1.14983 -1.20515
168.5 -1.0605 -1.2779
168.6 -0.962307 -1.3445
168.7 -0.85328 -1.40429
168.8 -0.730898 -1.45648
168.9 -0.591926 -1.50009
169 -0.432294 -1.53391
169.1 -0.24709 -1.55641
169.2 -0.0309541 -1.56574
169.3 0.220623 -1.55971
169.4 0.508318 -1.53591
169.5 0.824011 -1.4922
169.6 1.14616 -1.42734
169.7 1.44195 -1.34196
169.8 1.68039 -1.23888
169.9 1.84743 -1.12244
170 1.94844 -0.997241
170.1 1.99897 -0.867156
170.2 2.01509 -0.73496
170.3 2.00914 -0.602486
170.4 1.98929 -0.470898
170.5 1.96058 -0.340928
170.6 1.92601 -0.213052
170.7 1.88729 -0.0875945
170.8 1.84541 0.0352078
170.9 1.80087 0.155165
171 1.75391 0.272112
171.1 1.7046 0.385892
171.2 1.65286 0.496349
171.3 1.59854 0.603317
171.4 1.54139 0.706621
171.5 1.48108 0.806063
171.6 1.41721 0.901422
171.7 1.34925 0.992449
171.8 1.27654 1.07885
171.9 1.19825 1.16029
172 1.11335 1.23637
172.1 1.02051 1.30661
172.2 0.91804 1.37044
172.3 0.803757 1.42715
172.4 0.674859 1.47588
172.5 0.52777 1.51555
172.6 0.358054 1.54482
172.7 0.160528 1.56205
172.8 -0.0700491 1.56522
172.9 -0.337065 1.55203
173 -0.638192 1.52011
173.1 -0.960039 1.46759
173.2 -1.27543 1.39392
173.3 -1.55022 1.30066
173.4 -1.75919 1.1914
173.5 -1.89703 1.07076
173.6 -1.97479 0.943105
173.7 -2.00911 0.811857
173.8 -2.01473 0.679366
173.9 -2.00216 0.547151
174 -1.97812 0.41617
174.1 -1.94668 0.287031
174.2 -1.91021 0.160136
174.3 -1.87008 0.0357664
174.4 -1.82704 -0.0858643
174.5 -1.78147 -0.204579
174.6 -1.73352 -0.320216
174.7 -1.6832 -0.432622
174.8 -1.63041 -0.541637
174.9 -1.57493 -0.647091
175 -1.51651 -0.748801
175.1 -1.45476 -0.846559
175.2 -1.38925 -0.940135
175.3 -1.31938 -1.02926
175.4 -1.24444 -1.11363
175.5 -1.16352 -1.19287
175.6 -1.07547 -1.26657
175.7 -0.978828 -1.33419
175.8 -0.871703 -1.39513
175.9 -0.751674 -1.44861
176 -0.615632 -1.49368
176.1 -0.459645 -1.52918
176.2 -0.278928 -1.55362
176.3 -0.0681362 -1.56522
176.4 0.177525 -1.56182
176.5 0.459641 -1.54105
176.6 0.771893 -1.50067
176.7 1.09503 -1.43924
176.8 1.39743 -1.35704
176.9 1.64664 -1.25654
177 1.82527 -1.14193
177.1 1.93601 -1.01786
177.2 1.99353 -0.888351
177.3 2.01425 -0.756349
177.4 2.01121 -0.623827
177.5 1.99319 -0.492037
177.6 1.96567 -0.361769
177.7 1.9319 -0.23353
177.8 1.89377 -0.107665
177.9 1.85236 0.0155797
178 1.80822 0.136008
178.1 1.76165 0.253451
178.2 1.71272 0.367753
178.3 1.66138 0.478756
178.4 1.60749 0.586299
178.5 1.55081 0.690207
178.6 1.49104 0.790286
178.7 1.42778 0.886321
178.8 1.36052 0.978065
178.9 1.28862 1.06524
179 1.2113 1.1475
179.1 1.12755 1.22448
179.2 1.03609 1.29569
179.3 0.93531 1.3606
179.4 0.823105 1.41851
179.5 0.696785 1.46859
179.6 0.55291 1.50981
179.7 0.38718 1.54087
179.8 0.194509 1.56016
179.9 -0.0304219 1.56575
180 -0.291504 1.55536
180.1 -0.58768 1.52662
180.2 -0.907679 1.4775
180.3 -1.2264 1.4072
180.4 -1.50989 1.31691
180.5 -1.73039 1.20993
180.6 -1.87927 1.09081
180.7 -1.96562 0.964023
180.8 -2.00585 0.83317
180.9 -2.01528 0.700759
181 -2.0051 0.568423
181.1 -1.98258 0.437194
181.2 -1.95214 0.307726
181.3 -1.91637 0.180448
181.4 -1.87677 0.055655
181.5 -1.83416 -0.0664303
181.6 -1.78898 -0.185626
181.7 -1.74142 -0.301771
181.8 -1.69149 -0.414709
181.9 -1.6391 -0.524282
182 -1.58408 -0.630323
182.1 -1.52615 -0.73265
182.2 -1.46497 -0.831061
182.3 -1.4001 -0.925328
182.4 -1.33098 -1.01519
182.5 -1.25691 -1.10035
182.6 -1.17703 -1.18045
182.7 -1.09022 -1.25507
182.8 -0.995077 -1.32372
182.9 -0.889791 -1.38578
183 -0.772035 -1.44052
183.1 -0.63882 -1.48702
183.2 -0.486355 -1.52415
183.3 -0.309982 -1.55049
183.4 -0.104404 -1.5643
183.5 0.135393 -1.56348
183.6 0.411779 -1.54568
183.7 0.720089 -1.50859
183.8 1.04337 -1.45059
183.9 1.3515 -1.37163
184 1.611 -1.27383
184.1 1.80131 -1.16118
184.2 1.92219 -1.03834
184.3 1.98714 -0.909482
184.4 2.01281 -0.777727
184.5 2.0129 -0.645188
184.6 1.99686 -0.513217
184.7 1.9706 -0.382663
184.8 1.93768 -0.254071
184.9 1.90017 -0.127803
185 1.85923 -0.0041218
185.1 1.81551 0.116773
185.2 1.76932 0.234708
185.3 1.72077 0.349527
185.4 1.66983 0.461074
185.5 1.61636 0.569187
185.6 1.56016 0.673694
185.7 1.50091 0.774405
185.8 1.43825 0.871108
185.9 1.37167 0.963562
186 1.30057 1.05149
186.1 1.22418 1.13457
186.2 1.14155 1.21243
186.3 1.05143 1.28461
186.4 0.952285 1.35058
186.5 0.842088 1.40967
186.6 0.718257 1.46108
186.7 0.577482 1.50381
186.8 0.415605 1.5366
186.9 0.227648 1.55792
187 0.00825413 1.56587
187.1 -0.246879 1.55822
187.2 -0.53782 1.53259
187.3 -0.855308 1.48686
187.4 -1.17645 1.41996
187.5 -1.46787 1.33272
187.6 -1.69968 1.22814
187.7 -1.85986 1.11066
187.8 -1.95525 0.984837
187.9 -2.0018 0.854445
188 -2.01532 0.722154
188.1 -2.00773 0.589724
188.2 -1.98684 0.458264
188.3 -1.95746 0.328479
188.4 -1.92243 0.200825
188.5 -1.88338 0.0756143
188.6 -1.84122 -0.046921
188.7 -1.79644 -0.166595
188.8 -1.74925 -0.283242
188.9 -1.69971 -0.396708
189 -1.64773 -0.506835
189.1 -1.59314 -0.613458
189.2 -1.53571 -0.716397
189.3 -1.47508 -0.815455
189.4 -1.41084 -0.910408
189.5 -1.34245 -1.001
189.6 -1.26923 -1.08694
189.7 -1.19036 -1.16788
189.8 -1.10475 -1.24342
189.9 -1.01106 -1.31307
190 -0.907556 -1.37624
190.1 -0.791996 -1.43222
190.2 -0.66151 -1.48012
190.3 -0.512443 -1.51885
190.4 -0.340276 -1.54704
190.5 -0.139776 -1.563
190.6 0.0942275 -1.5647
190.7 0.364774 -1.5498
190.8 0.668706 -1.51596
190.9 0.991317 -1.46139
191 1.30426 -1.38573
191.1 1.57352 -1.29074
191.2 1.77552 -1.18017
191.3 1.90691 -1.05867
191.4 1.97973 -0.93054
191.5 2.0107 -0.799085
191.6 2.01418 -0.666565
191.7 2.00026 -0.534435
191.8 1.97536 -0.403609
191.9 1.94335 -0.274672
192 1.90648 -0.14801
192.1 1.86604 -0.0238959
192.2 1.82274 0.0974604
192.3 1.77694 0.215884
192.4 1.72877 0.331217
192.5 1.67822 0.443302
192.6 1.62517 0.551981
192.7 1.56942 0.657082
192.8 1.51069 0.758419
192.9 1.44861 0.855784
193 1.3827 0.948942
193.1 1.31238 1.03762
193.2 1.2369 1.12151
193.3 1.15535 1.20024
193.4 1.06654 1.27337
193.5 0.968973 1.34038
193.6 0.860716 1.40063
193.7 0.739289 1.45335
193.8 0.601506 1.49755
193.9 0.443352 1.53204
194 0.259966 1.55533
194.1 0.0459913 1.56558
194.2 -0.203206 1.56061
194.3 -0.488683 1.53804
194.4 -0.803059 1.49566
194.5 -1.12571 1.43218
194.6 -1.42426 1.34807
194.7 -1.66707 1.24601
194.8 -1.83874 1.13029
194.9 -1.94361 1.00554
195 -1.99689 0.875671
195.1 -2.01483 0.743548
195.2 -2.01002 0.611051
195.3 -1.99088 0.479379
195.4 -1.96264 0.349288
195.5 -1.92839 0.221265
195.6 -1.88991 0.0956432
195.7 -1.84821 -0.0273372
195.8 -1.80383 -0.147484
195.9 -1.75703 -0.264631
196 -1.70786 -0.378621
196.1 -1.65629 -0.489297
196.2 -1.60214 -0.596497
196.3 -1.54518 -0.700044
196.4 -1.48509 -0.799742
196.5 -1.42147 -0.895374
196.6 -1.35379 -0.986689
196.7 -1.2814 -1.0734
196.8 -1.20351 -1.15517
196.9 -1.11907 -1.23161
197 -1.0268 -1.30225
197.1 -0.925009 -1.36651
197.2 -0.811569 -1.42371
197.3 -0.683717 -1.47298
197.4 -0.537932 -1.51328
197.5 -0.369832 -1.54327
197.6 -0.174272 -1.56134
197.7 0.0540263 -1.56548
197.8 0.318664 -1.55343
197.9 0.617842 -1.52279
198 0.93903 -1.47163
198.1 1.25587 -1.39932
198.2 1.53423 -1.30724
198.3 1.74785 -1.19888
198.4 1.89009 -1.07883
198.5 1.97124 -0.951514
198.6 2.00789 -0.820417
198.7 2.01501 -0.687953
198.8 2.00338 -0.555687
198.9 1.97994 -0.424604
199 1.94889 -0.295332
199.1 1.91269 -0.168282
199.2 1.87277 -0.0437419
199.3 1.8299 0.0780718
199.4 1.78449 0.19698
199.5 1.7367 0.312822
199.6 1.68654 0.425442
199.7 1.63391 0.534681
199.8 1.57861 0.640371
199.9 1.52039 0.742329
200 1.45887 0.840351
