0 2 0
0.1 1.90851 0.126789
0.2 1.83199 0.248175
0.3 1.7634 0.364878
0.4 1.69877 0.477272
0.5 1.63567 0.585529
0.6 1.57248 0.689694
0.7 1.50802 0.789721
0.8 1.44133 0.885493
0.9 1.37152 0.976839
1 1.29771 1.06353
1.1 1.21894 1.14527
1.2 1.13405 1.2217
1.3 1.0417 1.29238
1.4 0.940153 1.35679
1.5 0.827246 1.41424
1.6 0.700195 1.46391
1.7 0.55545 1.50479
1.8 0.38857 1.53557
1.9 0.194282 1.55466
2 -0.0329488 1.56009
2.1 -0.297182 1.54957
2.2 -0.597274 1.52071
2.3 -0.921301 1.47148
2.4 -1.24287 1.4011
2.5 -1.52676 1.31088
2.6 -1.74515 1.20425
2.7 -1.89054 1.08583
2.8 -1.97336 0.960077
2.9 -2.01076 0.830516
3 -2.0182 0.699575
3.1 -2.00677 0.568812
3.2 -1.98355 0.439204
3.3 -1.9528 0.311366
3.4 -1.91698 0.185701
3.5 -1.87752 0.0624853
3.6 -1.83519 -0.0580718
3.7 -1.79039 -0.175799
3.8 -1.74329 -0.290541
3.9 -1.6939 -0.402151
4 -1.64211 -0.510477
4.1 -1.58776 -0.615358
4.2 -1.53057 -0.716618
4.3 -1.47021 -0.814064
4.4 -1.40624 -0.907477
4.5 -1.33812 -0.996604
4.6 -1.26519 -1.08115
4.7 -1.18657 -1.16079
4.8 -1.10121 -1.23511
4.9 -1.00772 -1.30363
5 -0.904341 -1.36577
5.1 -0.788809 -1.42081
5.2 -0.658193 -1.46788
5.3 -0.508756 -1.50589
5.4 -0.335864 -1.53345
5.5 -0.13414 -1.54888
5.6 0.10173 -1.55013
5.7 0.374823 -1.53486
5.8 0.681696 -1.50071
5.9 1.00681 -1.44592
6 1.32061 -1.37019
6.1 1.58833 -1.27542
6.2 1.78693 -1.16543
6.3 1.91434 -1.04489
6.4 1.98368 -0.918057
6.5 2.01207 -0.788142
6.6 2.01382 -0.657314
6.7 1.99886 -0.52696
6.8 1.9734 -0.397944
6.9 1.94115 -0.270817
7 1.90427 -0.145945
7.1 1.86396 -0.0235828
7.2 1.8209 0.0960698
7.3 1.77542 0.212847
7.4 1.72763 0.326595
7.5 1.67752 0.437164
7.6 1.62495 0.544401
7.7 1.56974 0.64814
7.8 1.51159 0.7482
7.9 1.45013 0.844379
8 1.38491 0.936448
8.1 1.31534 1.02414
8.2 1.24069 1.10716
8.3 1.16005 1.18514
8.4 1.07225 1.25766
8.5 0.975819 1.32421
8.6 0.868834 1.38416
8.7 0.748834 1.43676
8.8 0.61265 1.48107
8.9 0.456261 1.51589
9 0.274759 1.53978
9.1 0.0626509 1.55091
9.2 -0.18499 1.54714
9.3 -0.469725 1.52608
9.4 -0.784826 1.48547
9.5 -1.11008 1.42392
9.6 -1.41271 1.34179
9.7 -1.65987 1.24166
9.8 -1.83497 1.12779
9.9 -1.942 1.00483
10 -1.99643 0.876714
10.1 -2.01496 0.746314
10.2 -2.01049 0.615518
10.3 -1.99164 0.485516
10.4 -1.96369 0.357055
10.5 -1.92978 0.230617
10.6 -1.8917 0.106523
10.7 -1.85047 -0.0149922
10.8 -1.80661 -0.133742
10.9 -1.76038 -0.249566
11 -1.71186 -0.362314
11.1 -1.66098 -0.471835
11.2 -1.60759 -0.577972
11.3 -1.55147 -0.680555
11.4 -1.49231 -0.779396
11.5 -1.4297 -0.874287
11.6 -1.36316 -0.964987
11.7 -1.29205 -1.05122
11.8 -1.2156 -1.13267
11.9 -1.13281 -1.20896
12 -1.04243 -1.27962
12.1 -0.942852 -1.34414
12.2 -0.832002 -1.40183
12.3 -0.707209 -1.45189
12.4 -0.565044 -1.4933
12.5 -0.401195 -1.5248
12.6 -0.210508 -1.54482
12.7 0.0125142 -1.55144
12.8 0.272129 -1.5424
12.9 0.567872 -1.51531
13 0.889139 -1.46809
13.1 1.21108 -1.39981
13.2 1.49903 -1.31154
13.3 1.72389 -1.20651
13.4 1.87599 -1.08924
13.5 1.96428 -0.96425
13.6 2.00555 -0.835145
13.7 2.01554 -0.704453
13.8 2.00572 -0.573806
13.9 1.98351 -0.444232
14 1.95339 -0.316375
14.1 1.918 -0.190657
14.2 1.87882 -0.0673649
14.3 1.83671 0.0532841
14.4 1.79208 0.171115
14.5 1.74511 0.285972
14.6 1.69584 0.397704
14.7 1.64418 0.50616
14.8 1.58995 0.611179
14.9 1.5329 0.712586
15 1.47268 0.810188
15.1 1.40888 0.903766
15.2 1.34095 0.99307
15.3 1.26822 1.07781
15.4 1.18986 1.15765
15.5 1.1048 1.23219
15.6 1.01167 1.30096
15.7 0.908736 1.36337
15.8 0.793751 1.41872
15.9 0.663814 1.46613
16 0.515225 1.50452
16.1 0.343387 1.53254
16.2 0.142942 1.5485
16.3 -0.0914567 1.55037
16.4 -0.363043 1.53581
16.5 -0.668748 1.50247
16.6 -0.993611 1.44853
16.7 -1.30856 1.37364
16.8 -1.57873 1.27957
16.9 -1.78031 1.1701
17 -1.91042 1.04991
17.1 -1.98177 0.923261
17.2 -2.01151 0.793422
17.3 -2.01412 0.662601
17.4 -1.9997 0.532208
17.5 -1.97458 0.403125
17.6 -1.94255 0.275915
17.7 -1.90583 0.150945
17.8 -1.86565 0.0284779
17.9 -1.82269 -0.0912876
18 -1.7773 -0.208184
18.1 -1.72961 -0.322057
18.2 -1.67959 -0.432758
18.3 -1.62713 -0.540133
18.4 -1.57202 -0.644017
18.5 -1.514 -0.744229
18.6 -1.45269 -0.840569
18.7 -1.38763 -0.932809
18.8 -1.31824 -1.02069
18.9 -1.24382 -1.1039
19 -1.16344 -1.18209
19.1 -1.07596 -1.25484
19.2 -0.979907 -1.32164
19.3 -0.873392 -1.38188
19.4 -0.753975 -1.43479
19.5 -0.618517 -1.47945
19.6 -0.463035 -1.51469
19.7 -0.282653 -1.53905
19.8 -0.0718875 -1.55074
19.9 0.17425 -1.54761
20 0.457541 -1.52729
20.1 0.771704 -1.48751
20.2 1.09713 -1.42682
20.3 1.40137 -1.34548
20.4 1.65123 -1.24601
20.5 1.8293 -1.1326
20.6 1.93881 -1.00992
20.7 1.99503 -0.881953
20.8 2.01472 -0.751604
20.9 2.011 -0.620796
21 1.99261 -0.490745
21.1 1.96496 -0.362212
21.2 1.93124 -0.235684
21.3 1.89331 -0.111491
21.4 1.85219 0.0101324
21.5 1.80843 0.128997
21.6 1.7623 0.244943
21.7 1.71386 0.357818
21.8 1.66308 0.467472
21.9 1.6098 0.573749
22 1.5538 0.676479
22.1 1.49476 0.775476
22.2 1.43231 0.87053
22.3 1.36593 0.961405
22.4 1.29502 1.04783
22.5 1.2188 1.12948
22.6 1.13629 1.20598
22.7 1.04625 1.27688
22.8 0.94708 1.34166
22.9 0.836734 1.39964
23 0.712565 1.45002
23.1 0.571179 1.49181
23.2 0.408302 1.52374
23.3 0.218808 1.54426
23.4 -0.00280785 1.55146
23.5 -0.260905 1.5431
23.6 -0.555305 1.51678
23.7 -0.875925 1.4704
23.8 -1.19849 1.40297
23.9 -1.48847 1.31546
24 -1.71622 1.21102
24.1 -1.87118 1.09416
24.2 -1.96174 0.969403
24.3 -2.00458 0.840409
24.4 -2.01558 0.709744
24.5 -2.00639 0.579072
24.6 -1.98458 0.44944
24.7 -1.95472 0.321505
24.8 -1.91951 0.195693
24.9 -1.88047 0.0722991
25 -1.83846 -0.0484604
25.1 -1.79393 -0.166408
25.2 -1.74706 -0.281388
25.3 -1.69788 -0.393249
25.4 -1.64632 -0.501841
25.5 -1.5922 -0.607002
25.6 -1.53526 -0.708559
25.7 -1.47518 -0.806319
25.8 -1.41153 -0.900064
25.9 -1.34378 -0.989547
26 -1.27126 -1.07448
26.1 -1.19315 -1.15452
26.2 -1.10838 -1.22929
26.3 -1.01561 -1.2983
26.4 -0.913114 -1.36098
26.5 -0.798667 -1.41663
26.6 -0.669401 -1.46438
26.7 -0.521649 -1.50316
26.8 -0.350851 -1.53163
26.9 -0.15167 -1.54811
27 0.0812678 -1.55059
27.1 0.35135 -1.53675
27.2 0.655869 -1.50421
27.3 0.980436 -1.45112
27.4 1.29648 -1.37705
27.5 1.56905 -1.2837
27.6 1.7736 -1.17477
27.7 1.90641 -1.05492
27.8 1.97981 -0.928461
27.9 2.01092 -0.798701
28 2.0144 -0.667888
28.1 2.00052 -0.537458
28.2 1.97575 -0.40831
28.3 1.94395 -0.281016
28.4 1.90739 -0.15595
28.5 1.86733 -0.0333776
28.6 1.82448 0.0865005
28.7 1.77918 0.203516
28.8 1.73158 0.317514
28.9 1.68166 0.428346
29 1.6293 0.535859
29.1 1.57431 0.639887
29.2 1.5164 0.740252
29.3 1.45523 0.836752
29.4 1.39033 0.929163
29.5 1.32114 1.01722
29.6 1.24693 1.10063
29.7 1.16682 1.17903
29.8 1.07965 1.25201
29.9 0.983979 1.31907
30 0.87793 1.37958
30.1 0.75909 1.43281
30.2 0.624352 1.47782
30.3 0.469768 1.51346
30.4 0.290497 1.53829
30.5 0.0810659 1.55053
30.6 -0.163572 1.54806
30.7 -0.44541 1.52848
30.8 -0.758604 1.48952
30.9 -1.08414 1.42968
31 -1.38993 1.34915
31.1 -1.64248 1.25033
31.2 -1.82351 1.1374
31.3 -1.93553 1.01501
31.4 -1.99357 0.887188
31.5 -2.01446 0.756892
31.6 -2.01148 0.626076
31.7 -1.99356 0.495977
31.8 -1.96621 0.367372
31.9 -1.9327 0.240756
32 -1.89491 0.116463
32.1 -1.8539 -0.00526804
32.2 -1.81025 -0.124248
32.3 -1.76421 -0.240314
32.4 -1.71587 -0.353316
32.5 -1.66518 -0.463104
32.6 -1.61201 -0.56952
32.7 -1.55612 -0.672397
32.8 -1.49721 -0.771549
32.9 -1.4349 -0.866767
33 -1.3687 -0.957816
33.1 -1.29799 -1.04442
33.2 -1.222 -1.12627
33.3 -1.13977 -1.20299
33.4 -1.05005 -1.27413
33.5 -0.95129 -1.33916
33.6 -0.841443 -1.39744
33.7 -0.717893 -1.44815
33.8 -0.57728 -1.4903
33.9 -0.415366 -1.52266
34 -0.227055 -1.54367
34.1 -0.00683826 -1.55145
34.2 0.249741 -1.54377
34.3 0.542784 -1.51822
34.4 0.862715 -1.47268
34.5 1.18584 -1.4061
34.6 1.47781 -1.31936
34.7 1.70842 -1.21552
34.8 1.86626 -1.09907
34.9 1.95913 -0.97455
35 2.00356 -0.84567
35.1 2.01559 -0.715035
35.2 2.00705 -0.58434
35.3 1.98564 -0.454651
35.4 1.95605 -0.326638
35.5 1.92101 -0.200734
35.6 1.88211 -0.0772376
35.7 1.84021 0.043632
35.8 1.79577 0.161697
35.9 1.749 0.276799
36 1.69992 0.38879
36.1 1.64845 0.497516
36.2 1.59444 0.60282
36.3 1.53762 0.704526
36.4 1.47768 0.802444
36.5 1.41418 0.896356
36.6 1.34661 0.986015
36.7 1.2743 1.07114
36.8 1.19643 1.15139
36.9 1.11195 1.22638
37 1.01954 1.29563
37.1 0.917472 1.35857
37.2 0.803559 1.41452
37.3 0.674957 1.46261
37.4 0.528036 1.50178
37.5 0.358268 1.5307
37.6 0.160344 1.5477
37.7 -0.0711404 1.55079
37.8 -0.339715 1.53766
37.9 -0.643025 1.50591
38 -0.967248 1.45368
38.1 -1.28432 1.38044
38.2 -1.55925 1.2878
38.3 -1.76676 1.17942
38.4 -1.90231 1.05992
38.5 -1.97777 0.933655
38.6 -2.01028 0.80398
38.7 -2.01465 0.673177
38.8 -2.00133 0.542711
38.9 -1.9769 0.413498
39 -1.94534 0.286121
39.1 -1.90894 0.160959
39.2 -1.86901 0.0382816
39.3 -1.82626 -0.0817088
39.4 -1.78106 -0.198843
39.5 -1.73355 -0.312966
39.6 -1.68372 -0.423929
39.7 -1.63146 -0.531579
39.8 -1.57658 -0.635751
39.9 -1.51881 -0.736268
40 -1.45777 -0.832929
40.1 -1.39304 -0.925509
40.2 -1.32403 -1.01375
40.3 -1.25004 -1.09735
40.4 -1.17018 -1.17597
40.5 -1.08333 -1.24917
40.6 -0.988034 -1.31648
40.7 -0.882447 -1.37727
40.8 -0.764179 -1.43081
40.9 -0.630154 -1.47617
41 -0.476461 -1.51222
41.1 -0.298291 -1.53752
41.2 -0.0901863 -1.55031
41.3 0.152957 -1.54847
41.4 0.433331 -1.52963
41.5 0.745526 -1.49149
41.6 1.07112 -1.43251
41.7 1.37841 -1.35278
41.8 1.63361 -1.25463
41.9 1.8176 -1.14218
42 1.93217 -1.02008
42.1 1.99205 -0.89242
42.2 2.01415 -0.76218
42.3 2.01193 -0.631357
42.4 1.99449 -0.501212
42.5 1.96745 -0.372535
42.6 1.93414 -0.245831
42.7 1.89651 -0.121439
42.8 1.85562 0.000399185
42.9 1.81206 0.119493
43 1.76611 0.235681
43.1 1.71787 0.348809
43.2 1.66728 0.45873
43.3 1.61421 0.565286
43.4 1.55843 0.668309
43.5 1.49966 0.767615
43.6 1.4375 0.862997
43.7 1.37146 0.954219
43.8 1.30094 1.04101
43.9 1.22519 1.12306
44 1.14323 1.19999
44.1 1.05385 1.27137
44.2 0.955482 1.33666
44.3 0.846129 1.39522
44.4 0.723193 1.44626
44.5 0.583346 1.48878
44.6 0.422387 1.52156
44.7 0.23525 1.54307
44.8 0.0164244 1.55142
44.9 -0.238639 1.54441
45 -0.530308 1.51963
45.1 -0.849512 1.47493
45.2 -1.17313 1.4092
45.3 -1.46704 1.32322
45.4 -1.70051 1.21999
45.5 -1.86124 1.10396
45.6 -1.95643 0.97969
45.7 -2.00249 0.850928
45.8 -2.01557 0.720326
45.9 -2.00768 0.58961
46 -1.98669 0.459865
46.1 -1.95736 0.331774
46.2 -1.92251 0.205779
46.3 -1.88374 0.0821804
46.4 -1.84196 -0.038799
46.5 -1.79761 -0.15698
46.6 -1.75093 -0.272206
46.7 -1.70194 -0.384325
46.8 -1.65058 -0.493186
46.9 -1.59667 -0.598631
47 -1.53998 -0.700487
47.1 -1.48016 -0.798561
47.2 -1.41682 -0.89264
47.3 -1.34942 -0.982477
47.4 -1.27732 -1.06779
47.5 -1.1997 -1.14824
47.6 -1.11551 -1.22345
47.7 -1.02345 -1.29294
47.8 -0.921811 -1.35616
47.9 -0.808428 -1.41241
48 -0.680484 -1.46084
48.1 -0.534385 -1.50039
48.2 -0.36564 -1.52975
48.3 -0.168962 -1.54727
48.4 0.0610744 -1.55097
48.5 0.328138 -1.53853
48.6 0.630216 -1.50758
48.7 0.95405 -1.4562
48.8 1.27209 -1.3838
48.9 1.54933 -1.29188
49 1.75981 -1.18404
49.1 1.8981 -1.06491
49.2 1.97567 -0.938844
49.3 2.00959 -0.809256
49.4 2.01488 -0.678466
49.5 2.00212 -0.547965
49.6 1.97805 -0.418689
49.7 1.94672 -0.291229
49.8 1.91048 -0.165972
49.9 1.87068 -0.0431901
50 1.82804 0.0769125
50.1 1.78293 0.194165
50.2 1.73551 0.308413
50.3 1.68578 0.419507
50.4 1.63362 0.527293
50.5 1.57886 0.63161
50.6 1.5212 0.732278
50.7 1.46031 0.829099
50.8 1.39573 0.921849
50.9 1.32691 1.01027
51 1.25314 1.09407
51.1 1.17354 1.17289
51.2 1.08699 1.24633
51.3 0.992072 1.31388
51.4 0.886943 1.37495
51.5 0.769243 1.42879
51.6 0.635924 1.47451
51.7 0.483113 1.51096
51.8 0.306037 1.53673
51.9 0.0992492 1.55006
52 -0.142403 1.54886
52.1 -0.421307 1.53075
52.2 -0.732471 1.49343
52.3 -1.05806 1.4353
52.4 -1.3668 1.35638
52.5 -1.62462 1.25891
52.6 -1.81158 1.14694
52.7 -1.92872 1.02515
52.8 -1.99047 0.897647
52.9 -2.0138 0.767467
53 -2.01237 0.636639
53.1 -1.99541 0.506449
53.2 -1.96868 0.377701
53.3 -1.93558 0.25091
53.4 -1.8981 0.12642
53.5 -1.85732 0.00447416
53.6 -1.81387 -0.114734
53.7 -1.76801 -0.231042
53.8 -1.71986 -0.344297
53.9 -1.66937 -0.45435
54 -1.6164 -0.561046
54.1 -1.56074 -0.664215
54.2 -1.5021 -0.763675
54.3 -1.44008 -0.85922
54.4 -1.37421 -0.950616
54.5 -1.30389 -1.03759
54.6 -1.22836 -1.11984
54.7 -1.14667 -1.19699
54.8 -1.05762 -1.2686
54.9 -0.959657 -1.33415
55 -0.850794 -1.39299
55.1 -0.728466 -1.44435
55.2 -0.589378 -1.48724
55.3 -0.429365 -1.52044
55.4 -0.243393 -1.54244
55.5 -0.0259508 -1.55137
55.6 0.227597 -1.54502
55.7 0.517879 -1.52101
55.8 0.836319 -1.47714
55.9 1.16038 -1.41226
56 1.45617 -1.32706
56.1 1.69247 -1.22445
56.2 1.85611 -1.10884
56.3 1.95365 -0.984822
56.4 2.00137 -0.856184
56.5 2.01551 -0.725617
56.6 2.0083 -0.594881
56.7 1.98772 -0.465082
56.8 1.95867 -0.336914
56.9 1.924 -0.210828
57 1.88537 -0.0871275
57.1 1.8437 0.0339615
57.2 1.79945 0.152259
57.3 1.75286 0.267607
57.4 1.70397 0.379854
57.5 1.65271 0.488851
57.6 1.5989 0.594437
57.7 1.54233 0.696441
57.8 1.48265 0.794673
57.9 1.41946 0.888917
58 1.35224 0.978931
58.1 1.28034 1.06443
58.2 1.20295 1.14509
58.3 1.11906 1.22052
58.4 1.02734 1.29025
58.5 0.926131 1.35373
58.6 0.813272 1.41028
58.7 0.685982 1.45904
58.8 0.540697 1.49898
58.9 0.372966 1.52878
59 0.177525 1.54682
59.1 -0.0510696 1.55111
59.2 -0.316619 1.53938
59.3 -0.617446 1.50922
59.4 -0.940843 1.45869
59.5 -1.25979 1.38712
59.6 -1.53931 1.29594
59.7 -1.75273 1.18866
59.8 -1.8938 1.06988
59.9 -1.9735 0.944028
60 -2.00887 0.81453
60.1 -2.01507 0.683755
60.2 -2.00289 0.553222
60.3 -1.97918 0.423883
60.4 -1.94809 0.296341
60.5 -1.91202 0.17099
60.6 -1.87234 0.0481029
60.7 -1.82981 -0.0721114
60.8 -1.7848 -0.189482
60.9 -1.73748 -0.303854
61 -1.68784 -0.415079
61.1 -1.63578 -0.523002
61.2 -1.58112 -0.627462
61.3 -1.52359 -0.728281
61.4 -1.46284 -0.825262
61.5 -1.39842 -0.918182
61.6 -1.32978 -1.00678
61.7 -1.25623 -1.09077
61.8 -1.17688 -1.16981
61.9 -1.09064 -1.24347
62 -0.996093 -1.31127
62.1 -0.891419 -1.37261
62.2 -0.774281 -1.42677
62.3 -0.641663 -1.47283
62.4 -0.489727 -1.50968
62.5 -0.313734 -1.53591
62.6 -0.108255 -1.54979
62.7 0.131911 -1.54922
62.8 0.409337 -1.53185
62.9 0.719442 -1.49534
63 1.04499 -1.43806
63.1 1.3551 -1.35996
63.2 1.61551 -1.26316
63.3 1.80544 -1.15169
63.4 1.92517 -1.03021
63.5 1.98882 -0.90287
63.6 2.01342 -0.772753
63.7 2.01278 -0.641922
63.8 1.99632 -0.511688
63.9 1.9699 -0.382871
64 1.93702 -0.255993
64.1 1.89968 -0.131404
64.2 1.85903 -0.00935197
64.3 1.81567 0.10997
64.4 1.76991 0.226398
64.5 1.72185 0.33978
64.6 1.67146 0.449966
64.7 1.61859 0.556799
64.8 1.56305 0.660115
64.9 1.50453 0.759729
65 1.44266 0.855436
65.1 1.37696 0.947005
65.2 1.30683 1.03417
65.3 1.23153 1.11661
65.4 1.15011 1.19397
65.5 1.06138 1.26582
65.6 0.963813 1.33162
65.7 0.855436 1.39076
65.8 0.733711 1.44243
65.9 0.595375 1.48568
66 0.436301 1.5193
66.1 0.251485 1.54179
66.2 0.0354177 1.55129
66.3 -0.216617 1.54561
66.4 -0.505498 1.52235
66.5 -0.823136 1.47932
66.6 -1.14759 1.41529
66.7 -1.44521 1.33087
66.8 -1.68432 1.22888
66.9 -1.85087 1.1137
67 -1.95079 0.989947
67.1 -2.00019 0.861436
67.2 -2.01542 0.730908
67.3 -2.00889 0.600154
67.4 -1.98875 0.470301
67.5 -1.95997 0.342058
67.6 -1.92549 0.21588
67.7 -1.887 0.0920788
67.8 -1.84543 -0.0291194
67.9 -1.80129 -0.147533
68 -1.75479 -0.263003
68.1 -1.70599 -0.375379
68.2 -1.65483 -0.48451
68.3 -1.60113 -0.590237
68.4 -1.54467 -0.692389
68.5 -1.48513 -0.790777
68.6 -1.42209 -0.885188
68.7 -1.35504 -0.975377
68.8 -1.28335 -1.06107
68.9 -1.2062 -1.14193
69 -1.12259 -1.21758
69.1 -1.03122 -1.28755
69.2 -0.930432 -1.3513
69.3 -0.818094 -1.40814
69.4 -0.69145 -1.45723
69.5 -0.546973 -1.49755
69.6 -0.380246 -1.52779
69.7 -0.186034 -1.54634
69.8 0.041126 -1.55123
69.9 0.30516 -1.54019
70 0.604715 -1.51082
70.1 0.927631 -1.46114
70.2 1.24743 -1.39041
70.3 1.52917 -1.29997
70.4 1.74553 -1.19325
70.5 1.8894 -1.07485
70.6 1.97125 -0.949206
70.7 2.00809 -0.819803
70.8 2.01523 -0.689045
70.9 2.00364 -0.558481
71 1.98031 -0.42908
71.1 1.94946 -0.301457
71.2 1.91356 -0.176011
71.3 1.87401 -0.0530201
71.4 1.83158 0.0673058
71.5 1.78667 0.184794
71.6 1.73943 0.299291
71.7 1.68989 0.410645
71.8 1.63794 0.518705
71.9 1.58339 0.623309
72 1.52598 0.724279
72.1 1.46536 0.821419
72.2 1.4011 0.914507
72.3 1.33265 1.00329
72.4 1.25931 1.08747
72.5 1.18022 1.16671
72.6 1.09428 1.2406
72.7 1.0001 1.30865
72.8 0.895874 1.37027
72.9 0.779293 1.42473
73 0.64737 1.47114
73.1 0.496301 1.50839
73.2 0.321383 1.53508
73.3 0.117203 1.54949
73.4 -0.12148 1.54955
73.5 -0.397422 1.5329
73.6 -0.706441 1.49721
73.7 -1.03189 1.44079
73.8 -1.34332 1.3635
73.9 -1.60628 1.26739
74 -1.79919 1.15642
74.1 -1.92154 1.03526
74.2 -1.98712 0.908089
74.3 -2.01299 0.778038
74.4 -2.01316 0.647206
74.5 -1.9972 0.51693
74.6 -1.97111 0.388043
74.7 -1.93844 0.26108
74.8 -1.90126 0.136393
74.9 -1.86072 0.0142343
75 -1.81747 -0.105202
75.1 -1.77181 -0.22175
75.2 -1.72384 -0.335257
75.3 -1.67354 -0.445575
75.4 -1.62078 -0.552548
75.5 -1.56535 -0.656009
75.6 -1.50696 -0.755776
75.7 -1.44523 -0.851646
75.8 -1.37969 -0.943387
75.9 -1.30976 -1.03073
76 -1.23468 -1.11337
76.1 -1.15353 -1.19095
76.2 -1.06513 -1.26303
76.3 -0.967952 -1.32909
76.4 -0.860057 -1.3885
76.5 -0.73893 -1.4405
76.6 -0.601339 -1.48411
76.7 -0.443195 -1.51815
76.8 -0.259525 -1.54112
76.9 -0.0448253 -1.55118
77 0.205698 -1.54616
77.1 0.493167 -1.52366
77.2 0.809966 -1.48147
77.3 1.13475 -1.41829
77.4 1.43414 -1.33465
77.5 1.67604 -1.23329
77.6 1.84552 -1.11856
77.7 1.94785 -0.995064
77.8 1.99895 -0.866685
77.9 2.0153 -0.736199
78 2.00946 -0.605428
78.1 1.98975 -0.475523
78.2 1.96126 -0.347204
78.3 1.92697 -0.220937
78.4 1.88862 -0.0970344
78.5 1.84717 0.0242728
78.6 1.80312 0.142802
78.7 1.75671 0.258394
78.8 1.70801 0.370898
78.9 1.65694 0.480163
79 1.60335 0.586031
79.1 1.54701 0.688331
79.2 1.4876 0.786875
79.3 1.42471 0.881451
79.4 1.35783 0.971817
79.5 1.28634 1.05769
79.6 1.20944 1.13876
79.7 1.12611 1.21462
79.8 1.03508 1.28484
79.9 0.934715 1.34885
80 0.822892 1.40598
80.1 0.696889 1.45541
80.2 0.553212 1.49611
80.3 0.387482 1.52678
80.4 0.19449 1.54584
80.5 -0.0312432 1.55133
80.6 -0.293761 1.54098
80.7 -0.592024 1.5124
80.8 -0.914414 1.46356
80.9 -1.23501 1.39367
81 -1.51893 1.30397
81.1 -1.73822 1.19782
81.2 -1.88489 1.0798
81.3 -1.96893 0.954378
81.4 -2.00727 0.825073
81.5 -2.01537 0.694336
81.6 -2.00437 0.563741
81.7 -1.98142 0.43428
81.8 -1.95082 0.306576
81.9 -1.91509 0.181036
82 -1.87567 0.0579416
82.1 -1.83334 -0.0624955
82.2 -1.78853 -0.180102
82.3 -1.74139 -0.294722
82.4 -1.69194 -0.406207
82.5 -1.64008 -0.514403
82.6 -1.58565 -0.619149
82.7 -1.52836 -0.72027
82.8 -1.46788 -0.817569
82.9 -1.40378 -0.910826
83 -1.3355 -0.999788
83.1 -1.26238 -1.08416
83.2 -1.18354 -1.16361
83.3 -1.0979 -1.23772
83.4 -1.00409 -1.30602
83.5 -0.90031 -1.36791
83.6 -0.784281 -1.42268
83.7 -0.653046 -1.46943
83.8 -0.502836 -1.50708
83.9 -0.328984 -1.53423
84 -0.126095 -1.54917
84.1 0.111112 -1.54986
84.2 0.385563 -1.53393
84.3 0.693468 -1.49905
84.4 1.01876 -1.44348
84.5 1.33146 -1.36701
84.6 1.59693 -1.2716
84.7 1.79282 -1.16114
84.8 1.91781 -1.0403
84.9 1.98535 -0.913303
85 2.01252 -0.783322
85.1 2.01351 -0.652492
85.2 1.99808 -0.522174
85.3 1.97231 -0.393219
85.4 1.93986 -0.26617
85.5 1.90283 -0.141386
85.6 1.86242 -0.019121
85.7 1.81927 0.100428
85.8 1.7737 0.217096
85.9 1.72582 0.33073
86 1.67562 0.441179
86.1 1.62296 0.54829
86.2 1.56765 0.651897
86.3 1.50938 0.751817
86.4 1.4478 0.847849
86.5 1.38242 0.939761
86.6 1.31268 1.02729
86.7 1.23783 1.11013
86.8 1.15695 1.18792
86.9 1.06886 1.26023
87 0.972074 1.32654
87.1 0.864656 1.38624
87.2 0.744121 1.43855
87.3 0.607269 1.48253
87.4 0.450047 1.51698
87.5 0.267515 1.54043
87.6 0.054174 1.55105
87.7 -0.19484 1.54669
87.8 -0.480885 1.52494
87.9 -0.796811 1.48357
88 -1.12187 1.42125
88.1 -1.42298 1.3384
88.2 -1.66764 1.23768
88.3 -1.84005 1.12339
88.4 -1.94483 1.00017
88.5 -1.99766 0.871931
88.6 -2.01513 0.741489
88.7 -2.01001 0.610704
88.8 -1.99075 0.480747
88.9 -1.96254 0.352354
89 -1.92844 0.225997
89.1 -1.89024 0.101994
89.2 -1.84889 -0.0194216
89.3 -1.80495 -0.138066
89.4 -1.75864 -0.25378
89.5 -1.71002 -0.366411
89.6 -1.65905 -0.47581
89.7 -1.60557 -0.581819
89.8 -1.54935 -0.684267
89.9 -1.49006 -0.782967
90 -1.42732 -0.877708
90.1 -1.36062 -0.968249
90.2 -1.28933 -1.05431
90.3 -1.21266 -1.13558
90.4 -1.12962 -1.21166
90.5 -1.03893 -1.28212
90.6 -0.938978 -1.34639
90.7 -0.827667 -1.40382
90.8 -0.702299 -1.45358
90.9 -0.559416 -1.49465
91 -0.394674 -1.52575
91.1 -0.202891 -1.54532
91.2 0.0214213 -1.5514
91.3 0.282421 -1.54174
91.4 0.579374 -1.51393
91.5 0.901196 -1.46594
91.6 1.22252 -1.3969
91.7 1.50857 -1.30794
91.8 1.73078 -1.20237
91.9 1.88028 -1.08474
92 1.96653 -0.959543
92.1 2.00639 -0.830342
92.2 2.01547 -0.699626
92.3 2.00508 -0.569004
92.4 1.98252 -0.439483
92.5 1.95217 -0.311699
92.6 1.91661 -0.186065
92.7 1.87732 -0.0628676
92.8 1.8351 0.0576805
92.9 1.79038 0.175404
93 1.74334 0.290148
93.1 1.69398 0.401763
93.2 1.64223 0.510095
93.3 1.5879 0.614984
93.4 1.53073 0.716255
93.5 1.47039 0.813712
93.6 1.40645 0.907137
93.7 1.33835 0.996278
93.8 1.26544 1.08085
93.9 1.18685 1.1605
94 1.10151 1.23484
94.1 1.00806 1.30338
94.2 0.904725 1.36554
94.3 0.789244 1.42061
94.4 0.658691 1.46771
94.5 0.509332 1.50575
94.6 0.336537 1.53335
94.7 0.134931 1.54883
94.8 -0.100805 1.55014
94.9 -0.37376 1.53493
95 -0.680526 1.50085
95.1 -1.00562 1.44614
95.2 -1.31952 1.37049
95.3 -1.58747 1.27578
95.4 -1.78633 1.16583
95.5 -1.91399 1.04533
95.6 -1.98351 0.918513
95.7 -2.01201 0.788604
95.8 -2.01385 0.657778
95.9 -1.99893 0.52742
96 -1.9735 0.398398
96.1 -1.94127 0.271264
96.2 -1.9044 0.146383
96.3 -1.86411 0.0240122
96.4 -1.82106 -0.0956503
96.5 -1.77559 -0.212438
96.6 -1.7278 -0.326197
96.7 -1.6777 -0.436778
96.8 -1.62514 -0.544027
96.9 -1.56994 -0.647779
97 -1.5118 -0.747852
97.1 -1.45036 -0.844045
97.2 -1.38515 -0.936129
97.3 -1.31559 -1.02384
97.4 -1.24096 -1.10688
97.5 -1.16035 -1.18488
97.6 -1.07258 -1.25742
97.7 -0.976178 -1.32398
97.8 -0.869234 -1.38396
97.9 -0.749286 -1.43659
98 -0.613166 -1.48092
98.1 -0.456858 -1.51579
98.2 -0.275454 -1.53971
98.3 -0.0634639 -1.5509
98.4 0.184044 -1.54718
98.5 0.468654 -1.52619
98.6 0.783673 -1.48565
98.7 1.10894 -1.42418
98.8 1.41172 -1.34212
98.9 1.65911 -1.24205
99 1.83448 -1.12822
99.1 1.94172 -1.00528
99.2 1.99631 -0.877174
99.3 2.01494 -0.746779
99.4 2.01054 -0.615981
99.5 1.99172 -0.485975
99.6 1.96381 -0.357508
99.7 1.92991 -0.231061
99.8 1.89185 -0.106958
99.9 1.85062 0.0145659
100 1.80677 0.133326
100.1 1.76055 0.249161
100.2 1.71203 0.36192
100.3 1.66116 0.471453
100.4 1.60779 0.577601
100.5 1.55168 0.680197
100.6 1.49252 0.779052
100.7 1.42993 0.873957
100.8 1.3634 0.964673
100.9 1.29231 1.05092
101 1.21588 1.13239
101.1 1.13312 1.20869
101.2 1.04277 1.27938
101.3 0.943223 1.34392
101.4 0.832419 1.40164
101.5 0.707681 1.45172
101.6 0.565583 1.49317
101.7 0.401821 1.52471
101.8 0.211239 1.54477
101.9 -0.0116599 1.55144
102 -0.271142 1.54246
102.1 -0.566767 1.51544
102.2 -0.887979 1.46829
102.3 -1.20998 1.40009
102.4 -1.49811 1.31189
102.5 -1.72322 1.20691
102.6 -1.87557 1.08967
102.7 -1.96406 0.964703
102.8 -2.00547 0.835608
102.9 -2.01554 0.704917
103 -2.00578 0.574268
103.1 -1.9836 0.444689
103.2 -1.95351 0.316825
103.3 -1.91813 0.191098
103.4 -1.87897 0.0677978
103.5 -1.83686 -0.052861
103.6 -1.79224 -0.170702
103.7 -1.74528 -0.285569
103.8 -1.69602 -0.397313
103.9 -1.64437 -0.505781
104 -1.59015 -0.610813
104.1 -1.5331 -0.712233
104.2 -1.4729 -0.809849
104.3 -1.40911 -0.903442
104.4 -1.34119 -0.992761
104.5 -1.26849 -1.07752
104.6 -1.19015 -1.15738
104.7 -1.10511 -1.23194
104.8 -1.01201 -1.30073
104.9 -0.909121 -1.36316
105 -0.794183 -1.41853
105.1 -0.664305 -1.46598
105.2 -0.515791 -1.5044
105.3 -0.344044 -1.53246
105.4 -0.14371 -1.54847
105.5 0.09056 -1.55039
105.6 0.362015 -1.53589
105.7 0.667617 -1.50262
105.8 0.992456 -1.44876
105.9 1.3075 -1.37394
106 1.57789 -1.27993
106.1 1.77973 -1.17051
106.2 1.91007 -1.05035
106.3 1.9816 -0.923717
106.4 2.01146 -0.793885
106.5 2.01415 -0.663065
106.6 1.99977 -0.532668
106.7 1.97468 -0.40358
106.8 1.94268 -0.276362
106.9 1.90596 -0.151384
107 1.86579 -0.0289078
107.1 1.82285 0.0908676
107.2 1.77747 0.207774
107.3 1.72978 0.321659
107.4 1.67977 0.432371
107.5 1.62732 0.539758
107.6 1.57222 0.643654
107.7 1.51421 0.74388
107.8 1.45291 0.840234
107.9 1.38786 0.932489
108 1.3185 1.02038
108.1 1.24409 1.10361
108.2 1.16374 1.18182
108.3 1.07628 1.25459
108.4 0.980265 1.32142
108.5 0.873791 1.38168
108.6 0.754425 1.43462
108.7 0.619031 1.47931
108.8 0.463628 1.51458
108.9 0.283343 1.53898
109 0.0726954 1.55072
109.1 -0.17331 1.54765
109.2 -0.456475 1.5274
109.3 -0.770554 1.48769
109.4 -1.09599 1.42707
109.5 -1.40037 1.34581
109.6 -1.65047 1.24639
109.7 -1.82879 1.13303
109.8 -1.93852 1.01037
109.9 -1.99491 0.882412
110 -2.0147 0.752068
110.1 -2.01104 0.621259
110.2 -1.99269 0.491204
110.3 -1.96507 0.362665
110.4 -1.93137 0.236129
110.5 -1.89345 0.111927
110.6 -1.85234 -0.00970565
110.7 -1.80859 -0.128581
110.8 -1.76246 -0.244537
110.9 -1.71404 -0.357423
111 -1.66327 -0.467089
111.1 -1.60999 -0.573378
111.2 -1.554 -0.676121
111.3 -1.49498 -0.775131
111.4 -1.43254 -0.8702
111.5 -1.36618 -0.961091
111.6 -1.29529 -1.04753
111.7 -1.21909 -1.12919
111.8 -1.1366 -1.20572
111.9 -1.04658 -1.27664
112 -0.94745 -1.34144
112.1 -0.837148 -1.39945
112.2 -0.713034 -1.44986
112.3 -0.571716 -1.49168
112.4 -0.408924 -1.52364
112.5 -0.219534 -1.54421
112.6 0.00195885 -1.55146
112.7 0.259923 -1.54316
112.8 0.554205 -1.51691
112.9 0.874765 -1.4706
113 1.19738 -1.40325
113.1 1.48754 -1.31581
113.2 1.71554 -1.21142
113.3 1.87075 -1.09459
113.4 1.96152 -0.969855
113.5 2.0045 -0.840871
113.6 2.01558 -0.710208
113.7 2.00645 -0.579535
113.8 1.98467 -0.449897
113.9 1.95484 -0.321955
114 1.91964 -0.196136
114.1 1.88061 -0.0727324
114.2 1.83861 0.0480368
114.3 1.79409 0.165995
114.4 1.74723 0.280985
114.5 1.69806 0.392858
114.6 1.64651 0.501462
114.7 1.59239 0.606635
114.8 1.53547 0.708206
114.9 1.4754 0.805979
115 1.41176 0.899739
115.1 1.34403 0.989237
115.2 1.27153 1.07419
115.3 1.19344 1.15425
115.4 1.10869 1.22903
115.5 1.01596 1.29806
115.6 0.913497 1.36077
115.7 0.799097 1.41644
115.8 0.66989 1.46422
115.9 0.522211 1.50304
116 0.351504 1.53155
116.1 0.152434 1.54808
116.2 -0.0803765 1.55061
116.3 -0.350327 1.53683
116.4 -0.65474 1.50436
116.5 -0.979279 1.45135
116.6 -1.29541 1.37735
116.7 -1.56819 1.28406
116.8 -1.773 1.17518
116.9 -1.90605 1.05536
117 -1.97963 0.928917
117.1 -2.01086 0.799165
117.2 -2.01443 0.668352
117.3 -2.00059 0.537919
117.4 -1.97585 0.408766
117.5 -1.94407 0.281464
117.6 -1.90752 0.15639
117.7 -1.86748 0.0338078
117.8 -1.82463 -0.0860802
117.9 -1.77935 -0.203106
118 -1.73175 -0.317115
118.1 -1.68184 -0.427959
118.2 -1.62949 -0.535483
118.3 -1.57451 -0.639524
118.4 -1.51662 -0.739902
118.5 -1.45546 -0.836417
118.6 -1.39057 -0.928842
118.7 -1.32139 -1.01692
118.8 -1.24721 -1.10034
118.9 -1.16711 -1.17877
119 -1.07997 -1.25176
119.1 -0.984335 -1.31884
119.2 -0.878327 -1.37938
119.3 -0.759538 -1.43263
119.4 -0.624862 -1.47767
119.5 -0.470357 -1.51335
119.6 -0.291183 -1.53823
119.7 -0.0818686 -1.55052
119.8 0.162638 -1.54809
119.9 0.444348 -1.52858
120 0.757455 -1.4897
120.1 1.08299 -1.42993
120.2 1.38892 -1.34947
120.3 1.64171 -1.25071
120.4 1.82299 -1.13782
120.5 1.93524 -1.01545
120.6 1.99344 -0.887647
120.7 2.01443 -0.757356
120.8 2.01152 -0.626539
120.9 1.99364 -0.496436
121 1.96632 -0.367825
121.1 1.93283 -0.241201
121.2 1.89505 -0.116899
121.3 1.85405 0.0048409
121.4 1.81041 0.123831
121.5 1.76437 0.239908
121.6 1.71604 0.352921
121.7 1.66537 0.46272
121.8 1.6122 0.569149
121.9 1.55632 0.672039
122 1.49743 0.771204
122.1 1.43513 0.866437
122.2 1.36894 0.957501
122.3 1.29825 1.04412
122.4 1.22228 1.12599
122.5 1.14007 1.20273
122.6 1.05039 1.27389
122.7 0.951659 1.33895
122.8 0.841855 1.39724
122.9 0.718359 1.44798
123 0.577814 1.49017
123.1 0.415984 1.52256
123.2 0.227777 1.54362
123.3 0.00768199 1.55145
123.4 -0.248764 1.54383
123.5 -0.541687 1.51835
123.6 -0.861556 1.47288
123.7 -1.18472 1.40637
123.8 -1.47687 1.3197
123.9 -1.70773 1.21591
124 -1.86583 1.0995
124.1 -1.95889 0.975001
124.2 -2.00347 0.846132
124.3 -2.01559 0.715499
124.4 -2.00711 0.584803
124.5 -1.98573 0.455109
124.6 -1.95616 0.327088
124.7 -1.92114 0.201177
124.8 -1.88225 0.0776712
124.9 -1.84036 -0.043208
125 -1.79593 -0.161283
125.1 -1.74917 -0.276396
125.2 -1.70009 -0.388398
125.3 -1.64864 -0.497137
125.4 -1.59463 -0.602452
125.5 -1.53783 -0.704172
125.6 -1.47789 -0.802103
125.7 -1.41441 -0.89603
125.8 -1.34685 -0.985705
125.9 -1.27456 -1.07084
126 -1.19672 -1.15111
126.1 -1.11227 -1.22612
126.2 -1.01988 -1.29539
126.3 -0.917854 -1.35836
126.4 -0.803987 -1.41434
126.5 -0.675444 -1.46246
126.6 -0.528594 -1.50166
126.7 -0.358917 -1.53061
126.8 -0.161102 -1.54767
126.9 0.0702545 -1.55081
127 0.338696 -1.53773
127.1 0.641899 -1.50606
127.2 0.96609 -1.4539
127.3 1.28325 -1.38074
127.4 1.55838 -1.28816
127.5 1.76615 -1.17982
127.6 1.90194 -1.06036
127.7 1.97759 -0.934111
127.8 2.01022 -0.804443
127.9 2.01467 -0.673641
128 2.0014 -0.543172
128.1 1.97701 -0.413954
128.2 1.94546 -0.286569
128.3 1.90907 -0.161399
128.4 1.86915 -0.0387122
128.5 1.82641 0.0812881
128.6 1.78122 0.198432
128.7 1.73372 0.312567
128.8 1.6839 0.423541
128.9 1.63165 0.531203
129 1.57678 0.635388
129.1 1.51902 0.735918
129.2 1.458 0.832593
129.3 1.39327 0.925188
129.4 1.32428 1.01345
129.5 1.25031 1.09707
129.6 1.17048 1.1757
129.7 1.08365 1.24892
129.8 0.988389 1.31625
129.9 0.882842 1.37706
130 0.764625 1.43063
130.1 0.630662 1.47603
130.2 0.477046 1.51211
130.3 0.298973 1.53745
130.4 0.090984 1.55029
130.5 -0.152028 1.54851
130.6 -0.432274 1.52973
130.7 -0.744379 1.49167
130.8 -1.06997 1.43276
130.9 -1.37739 1.3531
131 -1.63283 1.25501
131.1 -1.81708 1.1426
131.2 -1.93187 1.02053
131.3 -1.99191 0.892879
131.4 -2.01412 0.762644
131.5 -2.01197 0.63182
131.6 -1.99457 0.501671
131.7 -1.96756 0.372988
131.8 -1.93427 0.246277
131.9 -1.89665 0.121876
132 -1.85577 2.83446e-05
132.1 -1.81222 -0.119076
132.2 -1.76628 -0.235274
132.3 -1.71804 -0.348414
132.4 -1.66746 -0.458346
132.5 -1.6144 -0.564914
132.6 -1.55864 -0.66795
132.7 -1.49987 -0.76727
132.8 -1.43772 -0.862666
132.9 -1.3717 -0.953903
133 -1.3012 -1.04071
133.1 -1.22546 -1.12278
133.2 -1.14353 -1.19973
133.3 -1.05418 -1.27113
133.4 -0.95585 -1.33644
133.5 -0.846539 -1.39503
133.6 -0.723657 -1.44609
133.7 -0.583877 -1.48864
133.8 -0.423001 -1.52146
133.9 -0.235967 -1.54301
134 -0.0172629 -1.55142
134.1 0.237667 -1.54447
134.2 0.529215 -1.51975
134.3 0.848354 -1.47513
134.4 1.17202 -1.40947
134.5 1.46609 -1.32356
134.6 1.69981 -1.22039
134.7 1.86079 -1.10439
134.8 1.95619 -0.98014
134.9 2.0024 -0.85139
135 2.01556 -0.720791
135.1 2.00774 -0.590072
135.2 1.98678 -0.460323
135.3 1.95748 -0.332225
135.4 1.92264 -0.206222
135.5 1.88389 -0.0826144
135.6 1.84211 0.0383747
135.7 1.79778 0.156566
135.8 1.7511 0.271802
135.9 1.70212 0.383933
136 1.65077 0.492806
136.1 1.59687 0.598263
136.2 1.54018 0.700132
136.3 1.48038 0.79822
136.4 1.41705 0.892313
136.5 1.34967 0.982166
136.6 1.27759 1.06749
136.7 1.19998 1.14797
136.8 1.11582 1.22319
136.9 1.02379 1.29271
137 0.922191 1.35595
137.1 0.808854 1.41222
137.2 0.680968 1.46068
137.3 0.53494 1.50027
137.4 0.366285 1.52966
137.5 0.169716 1.54723
137.6 -0.0601939 1.55098
137.7 -0.327124 1.53861
137.8 -0.629094 1.50773
137.9 -0.952891 1.45642
138 -1.27101 1.38409
138.1 -1.54846 1.29224
138.2 -1.75919 1.18445
138.3 -1.89773 1.06534
138.4 -1.97548 0.9393
138.5 -2.00953 0.809719
138.6 -2.01489 0.67893
138.7 -2.00218 0.548427
138.8 -1.97815 0.419145
138.9 -1.94684 0.291678
139 -1.91062 0.166413
139.1 -1.87082 0.0436211
139.2 -1.82819 -0.0764913
139.3 -1.7831 -0.193754
139.4 -1.73569 -0.308013
139.5 -1.68596 -0.419118
139.6 -1.63381 -0.526917
139.7 -1.57906 -0.631246
139.8 -1.52141 -0.731927
139.9 -1.46053 -0.828762
140 -1.39597 -0.921527
140.1 -1.32716 -1.00997
140.2 -1.25341 -1.09378
140.3 -1.17383 -1.17262
140.4 -1.08731 -1.24608
140.5 -0.992425 -1.31365
140.6 -0.887337 -1.37474
140.7 -0.769686 -1.42862
140.8 -0.636429 -1.47436
140.9 -0.483695 -1.51085
141 -0.306714 -1.53666
141.1 -0.100042 -1.55004
141.2 0.141479 -1.54889
141.3 0.420254 -1.53085
141.4 0.731327 -1.4936
141.5 1.05692 -1.43555
141.6 1.36577 -1.3567
141.7 1.62382 -1.25928
141.8 1.81105 -1.14736
141.9 1.92841 -1.0256
142 1.99033 -0.898106
142.1 2.01377 -0.767931
142.2 2.0124 -0.637103
142.3 1.99549 -0.506908
142.4 1.96879 -0.378155
142.5 1.93571 -0.251356
142.6 1.89823 -0.126857
142.7 1.85747 -0.00490208
142.8 1.81403 0.114316
142.9 1.76818 0.230635
143 1.72004 0.343901
143.1 1.66955 0.453966
143.2 1.61659 0.560673
143.3 1.56095 0.663856
143.4 1.50231 0.763329
143.5 1.44031 0.858888
143.6 1.37445 0.950299
143.7 1.30415 1.03729
143.8 1.22864 1.11956
143.9 1.14698 1.19672
144 1.05795 1.26836
144.1 0.960022 1.33393
144.2 0.851202 1.3928
144.3 0.728928 1.44418
144.4 0.589905 1.4871
144.5 0.429976 1.52034
144.6 0.244106 1.54238
144.7 0.026784 1.55136
144.8 -0.226631 1.54508
144.9 -0.51679 1.52113
145 -0.835161 1.47734
145.1 -1.15926 1.41253
145.2 -1.45522 1.32739
145.3 -1.69176 1.22484
145.4 -1.85565 1.10927
145.5 -1.9534 0.985272
145.6 -2.00127 0.856645
145.7 -2.0155 0.726082
145.8 -2.00835 0.595344
145.9 -1.98781 0.46554
146 -1.95878 0.337365
146.1 -1.92414 0.211271
146.2 -1.88552 0.0875619
146.3 -1.84385 -0.0335367
146.4 -1.79961 -0.151844
146.5 -1.75303 -0.267203
146.6 -1.70415 -0.379462
146.7 -1.65289 -0.48847
146.8 -1.5991 -0.594069
146.9 -1.54253 -0.696086
147 -1.48287 -0.794331
147.1 -1.41969 -0.88859
147.2 -1.35248 -0.978619
147.3 -1.2806 -1.06414
147.4 -1.20324 -1.14481
147.5 -1.11937 -1.22026
147.6 -1.02768 -1.29002
147.7 -0.92651 -1.35352
147.8 -0.813696 -1.41009
147.9 -0.686463 -1.45888
148 -0.541249 -1.49885
148.1 -0.373606 -1.52869
148.2 -0.178274 -1.54677
148.3 0.0501945 -1.55113
148.4 0.315611 -1.53945
148.5 0.616327 -1.50936
148.6 0.939684 -1.4589
148.7 1.25871 -1.38741
148.8 1.53842 -1.29629
148.9 1.7521 -1.18906
149 1.89342 -1.07032
149.1 1.9733 -0.944483
149.2 2.0088 -0.814993
149.3 2.01508 -0.684219
149.4 2.00295 -0.553683
149.5 1.97928 -0.424339
149.6 1.94822 -0.29679
149.7 1.91216 -0.17143
149.8 1.87249 -0.0485343
149.9 1.82996 0.0716899
150 1.78497 0.189071
150.1 1.73765 0.303454
150.2 1.68802 0.41469
150.3 1.63597 0.522625
150.4 1.58132 0.627098
150.5 1.5238 0.72793
150.6 1.46306 0.824925
150.7 1.39866 0.917859
150.8 1.33003 1.00648
150.9 1.2565 1.09049
151 1.17718 1.16953
151.1 1.09096 1.24322
151.2 0.996445 1.31104
151.3 0.891811 1.37241
151.4 0.774722 1.42659
151.5 0.642165 1.47269
151.6 0.490305 1.50957
151.7 0.314407 1.53584
151.8 0.109042 1.54976
151.9 -0.130993 1.54925
152 -0.408289 1.53194
152.1 -0.7183 1.49551
152.2 -1.04384 1.4383
152.3 -1.35407 1.36027
152.4 -1.6147 1.26353
152.5 -1.8049 1.15211
152.6 -1.92486 1.03065
152.7 -1.98868 0.903328
152.8 -2.01338 0.773217
152.9 -2.01281 0.642386
153 -1.99639 0.512148
153.1 -1.97001 0.383325
153.2 -1.93714 0.25644
153.3 -1.89982 0.131842
153.4 -1.85918 0.00978029
153.5 -1.81583 -0.109552
153.6 -1.77008 -0.22599
153.7 -1.72203 -0.339383
153.8 -1.67164 -0.44958
153.9 -1.61879 -0.556427
154 -1.56325 -0.659755
154.1 -1.50474 -0.759382
154.2 -1.44288 -0.855104
154.3 -1.3772 -0.946687
154.4 -1.30709 -1.03387
154.5 -1.2318 -1.11633
154.6 -1.15041 -1.19371
154.7 -1.06171 -1.26557
154.8 -0.964177 -1.3314
154.9 -0.855843 -1.39056
155 -0.734171 -1.44226
155.1 -0.5959 -1.48555
155.2 -0.436908 -1.5192
155.3 -0.252193 -1.54173
155.4 -0.0362457 -1.55128
155.5 0.215656 -1.54566
155.6 0.504414 -1.52247
155.7 0.821979 -1.47951
155.8 1.14646 -1.41555
155.9 1.44424 -1.3312
156 1.68359 -1.22927
156.1 1.8504 -1.11413
156.2 1.95054 -0.990396
156.3 2.00008 -0.861897
156.4 2.01541 -0.731372
156.5 2.00894 -0.600617
156.6 1.98883 -0.470759
156.7 1.96008 -0.342509
156.8 1.92562 -0.216324
156.9 1.88714 -0.0925136
157 1.84559 0.0286943
157.1 1.80145 0.147118
157.2 1.75496 0.262599
157.3 1.70617 0.374986
157.4 1.65501 0.484128
157.5 1.60133 0.589868
157.6 1.54488 0.692033
157.7 1.48534 0.790435
157.8 1.42232 0.88486
157.9 1.35528 0.975065
158 1.28361 1.06077
158.1 1.20649 1.14165
158.2 1.1229 1.21732
158.3 1.03156 1.28731
158.4 0.930809 1.35108
158.5 0.818516 1.40795
158.6 0.691928 1.45707
158.7 0.547522 1.49742
158.8 0.380883 1.5277
158.9 0.186779 1.5463
159 -0.0402562 1.55124
159.1 -0.304158 1.54026
159.2 -0.603599 1.51096
159.3 -0.926471 1.46135
159.4 -1.24634 1.3907
159.5 -1.52828 1.30032
159.6 -1.7449 1.19365
159.7 -1.88901 1.07528
159.8 -1.97105 0.94966
159.9 -2.00802 0.820266
160 -2.01525 0.689509
160.1 -2.0037 0.558942
160.2 -1.98041 0.429537
160.3 -1.94958 0.301906
160.4 -1.91369 0.176452
160.5 -1.87415 0.0534519
160.6 -1.83173 -0.0668838
160.7 -1.78683 -0.184383
160.8 -1.7396 -0.29889
160.9 -1.69007 -0.410256
161 -1.63812 -0.518328
161.1 -1.58359 -0.622944
161.2 -1.52619 -0.723927
161.3 -1.46559 -0.821081
161.4 -1.40134 -0.914184
161.5 -1.3329 -1.00298
161.6 -1.25958 -1.08718
161.7 -1.18051 -1.16644
161.8 -1.0946 -1.24035
161.9 -1.00045 -1.30842
162 -0.896264 -1.37006
162.1 -0.779732 -1.42455
162.2 -0.647869 -1.47099
162.3 -0.496876 -1.50827
162.4 -0.322052 -1.53501
162.5 -0.117986 -1.54947
162.6 0.120568 -1.54958
162.7 0.396379 -1.533
162.8 0.705301 -1.49737
162.9 1.03073 -1.44103
163 1.34228 -1.36381
163.1 1.60546 -1.26776
163.2 1.79864 -1.15684
163.3 1.92122 -1.0357
163.4 1.98696 -0.908547
163.5 2.01295 -0.778502
163.6 2.01319 -0.64767
163.7 1.99728 -0.51739
163.8 1.97122 -0.388498
163.9 1.93857 -0.261527
164 1.9014 -0.136831
164.1 1.86087 -0.014663
164.2 1.81763 0.104783
164.3 1.77197 0.221341
164.4 1.72401 0.33486
164.5 1.67372 0.44519
164.6 1.62097 0.552174
164.7 1.56555 0.655648
164.8 1.50717 0.755429
164.9 1.44546 0.851313
165 1.37993 0.943069
165.1 1.31001 1.03043
165.2 1.23496 1.11309
165.3 1.15383 1.19068
165.4 1.06546 1.26278
165.5 0.968315 1.32887
165.6 0.860462 1.38831
165.7 0.739387 1.44033
165.8 0.601861 1.48397
165.9 0.443798 1.51805
166 0.260229 1.54106
166.1 0.0456482 1.55117
166.2 -0.204742 1.54621
166.3 -0.492087 1.52377
166.4 -0.808811 1.48165
166.5 -1.13362 1.41855
166.6 -1.43316 1.33498
166.7 -1.6753 1.23368
166.8 -1.84504 1.11898
166.9 -1.94759 0.995513
167 -1.99884 0.867146
167.1 -2.01528 0.736663
167.2 -2.00951 0.605891
167.3 -1.98984 0.475981
167.4 -1.96137 0.347656
167.5 -1.9271 0.221381
167.6 -1.88876 0.0974696
167.7 -1.84732 -0.0238472
167.8 -1.80328 -0.142387
167.9 -1.75688 -0.257989
168 -1.70819 -0.370504
168.1 -1.65713 -0.479781
168.2 -1.60355 -0.585662
168.3 -1.54722 -0.687975
168.4 -1.48781 -0.786533
168.5 -1.42494 -0.881123
168.6 -1.35808 -0.971504
168.7 -1.28661 -1.0574
168.8 -1.20972 -1.13848
168.9 -1.12642 -1.21437
169 -1.03542 -1.2846
169.1 -0.93509 -1.34863
169.2 -0.823312 -1.40579
169.3 -0.697364 -1.45525
169.4 -0.553758 -1.49598
169.5 -0.388115 -1.52669
169.6 -0.195229 -1.54579
169.7 0.0303788 -1.55134
169.8 0.292763 -1.54105
169.9 0.590912 -1.51253
170 0.913254 -1.46377
170.1 1.23391 -1.39395
170.2 1.51802 -1.30432
170.3 1.73757 -1.19822
170.4 1.88449 -1.08024
170.5 1.96872 -0.954831
170.6 2.00719 -0.825536
170.7 2.01538 -0.6948
170.8 2.00443 -0.564203
170.9 1.98151 -0.434737
171 1.95094 -0.307026
171.1 1.91522 -0.181477
171.2 1.87581 -0.0583738
171.3 1.8335 0.0620731
171.4 1.78869 0.17969
171.5 1.74156 0.294321
171.6 1.69212 0.405817
171.7 1.64027 0.514025
171.8 1.58584 0.618784
171.9 1.52857 0.719918
172 1.4681 0.817231
172.1 1.40401 0.910502
172.2 1.33576 0.99948
172.3 1.26265 1.08387
172.4 1.18383 1.16334
172.5 1.09822 1.23747
172.6 1.00444 1.30579
172.7 0.900698 1.3677
172.8 0.784718 1.4225
172.9 0.653543 1.46928
173 0.503407 1.50696
173.1 0.329648 1.53415
173.2 0.126873 1.54914
173.3 -0.110205 1.54988
173.4 -0.384525 1.53402
173.5 -0.692331 1.49921
173.6 -1.01761 1.44372
173.7 -1.33041 1.36732
173.8 -1.5961 1.27196
173.9 -1.79226 1.16155
174 -1.91748 1.04074
174.1 -1.98519 0.913761
174.2 -2.01248 0.783785
174.3 -2.01354 0.652955
174.4 -1.99815 0.522634
174.5 -1.97242 0.393674
174.6 -1.93999 0.266617
174.7 -1.90297 0.141824
174.8 -1.86257 0.0195501
174.9 -1.81943 -0.100009
175 -1.77386 -0.216687
175.1 -1.726 -0.330332
175.2 -1.6758 -0.440793
175.3 -1.62316 -0.547916
175.4 -1.56785 -0.651536
175.5 -1.50959 -0.75147
175.6 -1.44802 -0.847515
175.7 -1.38266 -0.939443
175.8 -1.31294 -1.02699
175.9 -1.2381 -1.10984
176 -1.15725 -1.18765
176.1 -1.06919 -1.25998
176.2 -0.972435 -1.32632
176.3 -0.865059 -1.38604
176.4 -0.744576 -1.43838
176.5 -0.607788 -1.48239
176.6 -0.450646 -1.51687
176.7 -0.268214 -1.54036
176.8 -0.0549917 -1.55104
176.9 0.19389 -1.54673
177 0.479809 -1.52505
177.1 0.795657 -1.48376
177.2 1.12073 -1.42151
177.3 1.42199 -1.33872
177.4 1.66689 -1.23806
177.5 1.83957 -1.12382
177.6 1.94456 -1.00062
177.7 1.99754 -0.872391
177.8 2.01512 -0.741953
177.9 2.01006 -0.611167
178 1.99083 -0.481206
178.1 1.96265 -0.352807
178.2 1.92857 -0.226441
178.3 1.89038 -0.10243
178.4 1.84905 0.0189956
178.5 1.80511 0.137651
178.6 1.7588 0.253375
178.7 1.7102 0.366017
178.8 1.65924 0.475428
178.9 1.60577 0.581449
179 1.54955 0.68391
179.1 1.49028 0.782624
179.2 1.42755 0.877379
179.3 1.36087 0.967935
179.4 1.2896 1.05402
179.5 1.21295 1.1353
179.6 1.12993 1.2114
179.7 1.03927 1.28188
179.8 0.939352 1.34617
179.9 0.828084 1.40363
180 0.702772 1.45341
180.1 0.559958 1.49452
180.2 0.395303 1.52566
180.3 0.203626 1.54527
180.4 -0.0205621 1.5514
180.5 -0.281429 1.5418
180.6 -0.578266 1.51407
180.7 -0.900036 1.46615
180.8 -1.22142 1.39718
180.9 -1.50766 1.30829
181 -1.73012 1.20277
181.1 -1.87987 1.08518
181.2 -1.96632 0.959997
181.3 -2.00631 0.830804
181.4 -2.01548 0.700091
181.5 -2.00515 0.569466
181.6 -1.98261 0.43994
181.7 -1.95228 0.312149
181.8 -1.91675 0.186507
181.9 -1.87747 0.0633001
182 -1.83526 -0.0572577
182.1 -1.79055 -0.174992
182.2 -1.74351 -0.289747
182.3 -1.69416 -0.401372
182.4 -1.64242 -0.509716
182.5 -1.5881 -0.614618
182.6 -1.53094 -0.715902
182.7 -1.47061 -0.813373
182.8 -1.40668 -0.906813
182.9 -1.3386 -0.99597
183 -1.26571 -1.08055
183.1 -1.18714 -1.16022
183.2 -1.10183 -1.23458
183.3 -1.00841 -1.30314
183.4 -0.905112 -1.36533
183.5 -0.789679 -1.42043
183.6 -0.659185 -1.46756
183.7 -0.509901 -1.50563
183.8 -0.337198 -1.53328
183.9 -0.135703 -1.5488
184 0.0999034 -1.55016
184.1 0.372727 -1.53501
184.2 0.679392 -1.50101
184.3 1.00446 -1.44637
184.4 1.31847 -1.37079
184.5 1.58663 -1.27614
184.6 1.78576 -1.16625
184.7 1.91365 -1.04577
184.8 1.98334 -0.91897
184.9 2.01196 -0.789068
185 2.01387 -0.658242
185.1 1.99901 -0.52788
185.2 1.97361 -0.398853
185.3 1.9414 -0.271712
185.4 1.90454 -0.146822
185.5 1.86426 -0.0244417
185.6 1.82122 0.0952308
185.7 1.77575 0.212028
185.8 1.72798 0.325799
185.9 1.67788 0.436391
186 1.62533 0.543653
186.1 1.57014 0.647417
186.2 1.51201 0.747504
186.3 1.45058 0.843711
186.4 1.38539 0.93581
186.5 1.31585 1.02354
186.6 1.24124 1.10659
186.7 1.16065 1.18461
186.8 1.07291 1.25717
186.9 0.976538 1.32376
187 0.869635 1.38376
187.1 0.749738 1.43642
187.2 0.613682 1.48078
187.3 0.457453 1.51568
187.4 0.276148 1.53965
187.5 0.0642764 1.55088
187.6 -0.1831 1.54723
187.7 -0.467583 1.52629
187.8 -0.782521 1.48583
187.9 -1.10781 1.42443
188 -1.41072 1.34244
188.1 -1.65836 1.24243
188.2 -1.83399 1.12864
188.3 -1.94144 1.00572
188.4 -1.99619 0.877634
188.5 -2.01492 0.747243
188.6 -2.01058 0.616444
188.7 -1.99181 0.486433
188.8 -1.96392 0.35796
188.9 -1.93004 0.231506
189 -1.89199 0.107394
189.1 -1.85077 -0.0141395
189.2 -1.80693 -0.13291
189.3 -1.76072 -0.248755
189.4 -1.71221 -0.361525
189.5 -1.66135 -0.47107
189.6 -1.60798 -0.577231
189.7 -1.55188 -0.67984
189.8 -1.49274 -0.778709
189.9 -1.43016 -0.873628
190 -1.36365 -0.964359
190.1 -1.29257 -1.05063
190.2 -1.21616 -1.13211
190.3 -1.13342 -1.20843
190.4 -1.0431 -1.27914
190.5 -0.943595 -1.3437
190.6 -0.832835 -1.40145
190.7 -0.708151 -1.45156
190.8 -0.566123 -1.49304
190.9 -0.402446 -1.52462
191 -0.211969 -1.54472
191.1 0.010806 -1.55144
191.2 0.270155 -1.54253
191.3 0.565663 -1.51557
191.4 0.886819 -1.46849
191.5 1.20887 -1.40037
191.6 1.49719 -1.31223
191.7 1.72255 -1.2073
191.8 1.87515 -1.09011
191.9 1.96384 -0.965155
192 2.00539 -0.83607
192.1 2.01555 -0.705382
192.2 2.00584 -0.574731
192.3 1.9837 -0.445146
192.4 1.95362 -0.317275
192.5 1.91826 -0.19154
192.6 1.87911 -0.0682307
192.7 1.83702 0.0524377
192.8 1.7924 0.170289
192.9 1.74545 0.285167
193 1.6962 0.396922
193.1 1.64456 0.505402
193.2 1.59035 0.610446
193.3 1.53331 0.71188
193.4 1.47312 0.80951
193.5 1.40934 0.903117
193.6 1.34144 0.992452
193.7 1.26876 1.07723
193.8 1.19044 1.1571
193.9 1.10543 1.23168
194 1.01236 1.30049
194.1 0.909506 1.36295
194.2 0.794615 1.41835
194.3 0.664797 1.46582
194.4 0.516356 1.50428
194.5 0.3447 1.53238
194.6 0.144478 1.54843
194.7 -0.0896638 1.55041
194.8 -0.360987 1.53598
194.9 -0.666485 1.50278
195 -0.9913 1.44899
195.1 -1.30644 1.37424
195.2 -1.57704 1.28029
195.3 -1.77914 1.17092
195.4 -1.90972 1.05079
195.5 -1.98143 0.924174
195.6 -2.01141 0.794349
195.7 -2.01417 0.663529
195.8 -1.99984 0.533129
195.9 -1.97478 0.404035
196 -1.9428 0.27681
196.1 -1.9061 0.151824
196.2 -1.86594 0.0293376
196.3 -1.82301 -0.0904476
196.4 -1.77763 -0.207365
196.5 -1.72995 -0.32126
196.6 -1.67995 -0.431984
196.7 -1.62751 -0.539383
196.8 -1.57242 -0.643292
196.9 -1.51442 -0.743531
197 -1.45313 -0.8399
197.1 -1.3881 -0.932169
197.2 -1.31875 -1.02008
197.3 -1.24436 -1.10333
197.4 -1.16403 -1.18156
197.5 -1.07661 -1.25435
197.6 -0.980623 -1.32119
197.7 -0.87419 -1.38147
197.8 -0.754875 -1.43444
197.9 -0.619544 -1.47916
198 -0.46422 -1.51447
198.1 -0.284033 -1.53891
198.2 -0.0735028 -1.5507
198.3 0.172371 -1.54769
198.4 0.455408 -1.5275
198.5 0.769403 -1.48787
198.6 1.09485 -1.42732
198.7 1.39937 -1.34613
198.8 1.64971 -1.24677
198.9 1.82829 -1.13345
199 1.93824 -1.01081
199.1 1.99478 -0.882872
199.2 2.01468 -0.752532
199.3 2.01108 -0.621723
199.4 1.99277 -0.491663
199.5 1.96518 -0.363117
199.6 1.9315 -0.236574
199.7 1.89359 -0.112363
199.8 1.85249 0.00927888
199.9 1.80875 0.128164
200 1.76263 0.244131
