0 2 0
0.1 1.90641 0.122724
0.2 1.82934 0.240137
0.3 1.76101 0.353009
0.4 1.69712 0.46174
0.5 1.63505 0.56652
0.6 1.5731 0.667409
0.7 1.51006 0.764372
0.8 1.44493 0.85731
0.9 1.37686 0.946063
1 1.30495 1.03042
1.1 1.22827 1.11011
1.2 1.14571 1.1848
1.3 1.05593 1.25407
1.4 0.957278 1.31743
1.5 0.847621 1.37425
1.6 0.724228 1.42376
1.7 0.583581 1.46499
1.8 0.421215 1.49671
1.9 0.231697 1.5174
2 0.00906533 1.52516
2.1 -0.251627 1.51774
2.2 -0.550694 1.4927
2.3 -0.877862 1.44787
2.4 -1.20731 1.38222
2.5 -1.50199 1.29674
2.6 -1.73065 1.19469
2.7 -1.8834 1.08065
2.8 -1.97049 0.95915
2.9 -2.01006 0.833768
3 -2.01862 0.706949
3.1 -2.00793 0.580247
3.2 -1.98538 0.454621
3.3 -1.95538 0.330666
3.4 -1.92045 0.208762
3.5 -1.88202 0.0891709
3.6 -1.84086 -0.0279143
3.7 -1.79737 -0.142336
3.8 -1.7517 -0.253953
3.9 -1.70388 -0.362631
4 -1.65382 -0.468232
4.1 -1.60135 -0.570609
4.2 -1.54623 -0.669604
4.3 -1.48814 -0.765041
4.4 -1.42669 -0.856722
4.5 -1.36139 -0.944419
4.6 -1.2916 -1.02787
4.7 -1.21657 -1.10678
4.8 -1.13529 -1.18077
4.9 -1.04653 -1.24942
5 -0.948672 -1.31222
5.1 -0.839636 -1.36852
5.2 -0.716722 -1.41754
5.3 -0.576435 -1.45831
5.4 -0.414335 -1.48959
5.5 -0.225025 -1.50986
5.6 -0.00260084 -1.5172
5.7 0.257779 -1.50938
5.8 0.556268 -1.48397
5.9 0.882417 -1.43882
6 1.21035 -1.37293
6.1 1.50327 -1.28731
6.2 1.73033 -1.18523
6.3 1.88193 -1.07125
6.4 1.96833 -0.949869
6.5 2.00755 -0.824635
6.6 2.01595 -0.697979
6.7 2.00516 -0.571449
6.8 1.98256 -0.445999
6.9 1.95251 -0.322222
7 1.91752 -0.200501
7.1 1.87902 -0.0810969
7.2 1.83778 0.035797
7.3 1.79419 0.150022
7.4 1.74842 0.261437
7.5 1.70048 0.369904
7.6 1.65028 0.475287
7.7 1.59765 0.577436
7.8 1.54235 0.676193
7.9 1.48405 0.77138
8 1.42237 0.862796
8.1 1.35678 0.950213
8.2 1.28667 1.03337
8.3 1.21125 1.11195
8.4 1.12951 1.18559
8.5 1.04019 1.25387
8.6 0.941645 1.31624
8.7 0.831763 1.37207
8.8 0.707792 1.42057
8.9 0.566178 1.46074
9 0.402413 1.49132
9.1 0.211044 1.51077
9.2 -0.0138273 1.51717
9.3 -0.276869 1.50823
9.4 -0.577721 1.48154
9.5 -0.904986 1.43499
9.6 -1.23175 1.3677
9.7 -1.52099 1.28085
9.8 -1.74296 1.17781
9.9 -1.88966 1.06319
10 -1.97228 0.941451
10.1 -2.00893 0.816056
10.2 -2.01571 0.689368
10.3 -2.00394 0.562886
10.4 -1.98072 0.437534
10.5 -1.95026 0.313887
10.6 -1.915 0.192316
10.7 -1.8763 0.0730769
10.8 -1.83489 -0.0436405
10.9 -1.79115 -0.157679
11 -1.74523 -0.268898
11.1 -1.69714 -0.37716
11.2 -1.64678 -0.482328
11.3 -1.59398 -0.584252
11.4 -1.53849 -0.682773
11.5 -1.47998 -0.77771
11.6 -1.41804 -0.868862
11.7 -1.35217 -0.955998
11.8 -1.28173 -1.03885
11.9 -1.20591 -1.11711
12 -1.1237 -1.1904
12.1 -1.03381 -1.25829
12.2 -0.934569 -1.32025
12.3 -0.823825 -1.37561
12.4 -0.698778 -1.42357
12.5 -0.555814 -1.46313
12.6 -0.390357 -1.49302
12.7 -0.196898 -1.51165
12.8 0.0304482 -1.51707
12.9 0.296157 -1.50701
13 0.599326 -1.47902
13.1 0.927585 -1.43108
13.2 1.25301 -1.3624
13.3 1.53842 -1.27431
13.4 1.75526 -1.17034
13.5 1.8971 -1.0551
13.6 1.97602 -0.933019
13.7 2.01018 -0.807472
13.8 2.0154 -0.680759
13.9 2.00266 -0.55433
14 1.97884 -0.429078
14.1 1.948 -0.305562
14.2 1.91247 -0.184142
14.3 1.87357 -0.0650686
14.4 1.83199 0.0514716
14.5 1.7881 0.165323
14.6 1.74204 0.276345
14.7 1.6938 0.384402
14.8 1.64328 0.489354
14.9 1.5903 0.591053
15 1.53461 0.689336
15.1 1.47588 0.784023
15.2 1.4137 0.87491
15.3 1.34754 0.961764
15.4 1.27676 1.04432
15.5 1.20054 1.12225
15.6 1.11786 1.19519
15.7 1.02739 1.2627
15.8 0.92744 1.32422
15.9 0.815821 1.37911
16 0.689682 1.42654
16.1 0.545347 1.46548
16.2 0.378171 1.49466
16.3 0.182595 1.51246
16.4 -0.0472479 1.51691
16.5 -0.315623 1.5057
16.6 -0.621053 1.47642
16.7 -0.950175 1.42707
16.8 -1.27407 1.357
16.9 -1.55552 1.26771
17 -1.7672 1.16281
17.1 -1.90426 1.04699
17.2 -1.97955 0.924571
17.3 -2.0113 0.798883
17.4 -2.01501 0.672151
17.5 -2.00134 0.545778
17.6 -1.97694 0.42063
17.7 -1.94572 0.297247
17.8 -1.90993 0.175979
17.9 -1.87082 0.057072
18 -1.82908 -0.0592903
18.1 -1.78504 -0.172954
18.2 -1.73883 -0.283779
18.3 -1.69044 -0.39163
18.4 -1.63976 -0.496366
18.5 -1.58661 -0.597838
18.6 -1.53073 -0.695882
18.7 -1.47178 -0.790318
18.8 -1.40934 -0.880939
18.9 -1.34289 -0.967509
19 -1.27177 -1.04976
19.1 -1.19514 -1.12737
19.2 -1.11198 -1.19995
19.3 -1.02092 -1.26707
19.4 -0.920257 -1.32817
19.5 -0.807751 -1.38258
19.6 -0.680503 -1.42947
19.7 -0.534774 -1.46779
19.8 -0.365855 -1.49625
19.9 -0.168134 -1.51321
20 0.0642274 -1.51667
20.1 0.335264 -1.50431
20.2 0.642896 -1.47372
20.3 0.972745 -1.42296
20.4 1.29493 -1.35151
20.5 1.57229 -1.26103
20.6 1.7788 -1.15524
20.7 1.91112 -1.03884
20.8 1.98289 -0.916108
20.9 2.0123 -0.79029
21 2.01454 -0.663546
21.1 1.99996 -0.537233
21.2 1.975 -0.41219
21.3 1.94341 -0.288941
21.4 1.90737 -0.167827
21.5 1.86807 -0.0490871
21.6 1.82616 0.0670965
21.7 1.78197 0.180572
21.8 1.73561 0.291199
21.9 1.68707 0.398843
22 1.63623 0.503362
22.1 1.5829 0.604606
22.2 1.52682 0.702412
22.3 1.46765 0.796595
22.4 1.40496 0.886949
22.5 1.33821 0.973235
22.6 1.26675 1.05518
22.7 1.18972 1.13246
22.8 1.10606 1.20469
22.9 1.01441 1.27142
23 0.91302 1.33209
23.1 0.799613 1.38601
23.2 0.671238 1.43235
23.3 0.524095 1.47005
23.4 0.353406 1.49778
23.5 0.153512 1.51389
23.6 -0.0813875 1.51636
23.7 -0.355078 1.50284
23.8 -0.664849 1.47093
23.9 -0.995283 1.41876
24 -1.31559 1.34594
24.1 -1.58872 1.25428
24.2 -1.79004 1.14762
24.3 -1.91771 1.03066
24.4 -1.98603 0.907631
24.5 -2.01317 0.781693
24.6 -2.01399 0.654942
24.7 -1.99854 0.528694
24.8 -1.97303 0.403759
24.9 -1.94109 0.280645
25 -1.90479 0.159685
25.1 -1.8653 0.041114
25.2 -1.82323 -0.0748902
25.3 -1.77889 -0.188176
25.4 -1.73239 -0.298606
25.5 -1.68369 -0.406041
25.6 -1.63269 -0.510343
25.7 -1.57919 -0.611359
25.8 -1.52291 -0.708925
25.9 -1.46351 -0.802855
26 -1.40056 -0.89294
26.1 -1.33352 -0.978941
26.2 -1.2617 -1.06058
26.3 -1.18426 -1.13753
26.4 -1.1001 -1.2094
26.5 -1.00786 -1.27574
26.6 -0.905728 -1.33597
26.7 -0.791406 -1.38941
26.8 -0.661888 -1.4352
26.9 -0.513308 -1.47227
27 -0.340822 -1.49927
27.1 -0.138728 -1.51452
27.2 0.0987288 -1.51597
27.3 0.375064 -1.50128
27.4 0.686903 -1.46804
27.5 1.01778 -1.41446
27.6 1.33602 -1.34028
27.7 1.60481 -1.24745
27.8 1.80094 -1.13995
27.9 1.92402 -1.02245
28 1.98898 -0.899142
28.1 2.01392 -0.773092
28.2 2.01337 -0.646341
28.3 1.99708 -0.52016
28.4 1.97104 -0.395335
28.5 1.93875 -0.272359
28.6 1.9022 -0.151555
28.7 1.86252 -0.0331528
28.8 1.82029 0.0826714
28.9 1.7758 0.195768
29 1.72915 0.305998
29.1 1.68031 0.413226
29.2 1.62914 0.517309
29.3 1.57545 0.618097
29.4 1.51898 0.715421
29.5 1.45935 0.809097
29.6 1.39615 0.898913
29.7 1.3288 0.984627
29.8 1.25663 1.06596
29.9 1.17877 1.14257
30 1.09411 1.21409
30.1 1.00126 1.28003
30.2 0.89838 1.33982
30.3 0.78313 1.39277
30.4 0.65245 1.43801
30.5 0.502411 1.47444
30.6 0.328102 1.50069
30.7 0.12378 1.51508
30.8 -0.116252 1.51551
30.9 -0.395219 1.49963
31 -0.709051 1.46506
31.1 -1.04022 1.41007
31.2 -1.35621 1.33453
31.3 -1.62056 1.24057
31.4 -1.8115 1.13223
31.5 -1.93006 1.01422
31.6 -1.99175 0.89064
31.7 -2.01455 0.764489
31.8 -2.01267 0.637743
31.9 -1.99557 0.511634
32 -1.96901 0.386921
32.1 -1.93638 0.264083
32.2 -1.8996 0.143436
32.3 -1.85973 0.0252035
32.4 -1.81734 -0.09044
32.5 -1.7727 -0.203346
32.6 -1.7259 -0.313377
32.7 -1.67691 -0.420395
32.8 -1.62558 -0.52426
32.9 -1.57171 -0.624818
33 -1.51503 -0.721901
33.1 -1.45518 -0.815322
33.2 -1.39171 -0.904867
33.3 -1.32406 -0.990292
33.4 -1.25154 -1.07131
33.5 -1.17325 -1.1476
33.6 -1.08808 -1.21875
33.7 -0.994609 -1.28429
33.8 -0.890974 -1.34364
33.9 -0.774782 -1.3961
34 -0.642923 -1.44077
34.1 -0.491403 -1.47656
34.2 -0.315244 -1.50207
34.3 -0.108667 -1.51557
34.4 0.133957 -1.51498
34.5 0.41554 -1.4979
34.6 0.731286 -1.46198
34.7 1.06259 -1.40558
34.8 1.37616 -1.32869
34.9 1.63596 -1.23361
35 1.82171 -1.12447
35.1 1.93584 -1.00597
35.2 1.99434 -0.882127
35.3 2.01507 -0.755883
35.4 2.01191 -0.629148
35.5 1.99402 -0.503113
35.6 1.96696 -0.378515
35.7 1.934 -0.255817
35.8 1.89698 -0.135328
35.9 1.85692 -0.0172662
36 1.81438 0.098196
36.1 1.76959 0.210911
36.2 1.72265 0.320742
36.3 1.6735 0.427551
36.4 1.622 0.531196
36.5 1.56795 0.631523
36.6 1.51107 0.728363
36.7 1.45099 0.821528
36.8 1.38726 0.910802
36.9 1.3193 0.995937
37 1.24641 1.07665
37.1 1.1677 1.1526
37.2 1.08202 1.22338
37.3 0.987916 1.28852
37.4 0.883512 1.34743
37.5 0.766363 1.39939
37.6 0.633306 1.4435
37.7 0.480281 1.47863
37.8 0.302245 1.50339
37.9 0.0933866 1.51601
38 -0.151845 1.51437
38.1 -0.436024 1.49608
38.2 -0.753599 1.45881
38.3 -1.08488 1.40099
38.4 -1.39586 1.32277
38.5 -1.651 1.22659
38.6 -1.83159 1.11667
38.7 -1.94136 0.997686
38.8 -1.99676 0.873603
38.9 -2.01549 0.747275
39 -2.01108 0.620556
39.1 -1.99242 0.4946
39.2 -1.96488 0.370118
39.3 -1.9316 0.247562
39.4 -1.89435 0.127231
39.5 -1.85411 0.00934079
39.6 -1.8114 -0.105939
39.7 -1.76647 -0.218463
39.8 -1.71938 -0.328092
39.9 -1.67007 -0.434691
40 -1.61841 -0.538116
40.1 -1.56418 -0.638212
40.2 -1.5071 -0.734809
40.3 -1.44678 -0.827717
40.4 -1.38278 -0.916718
40.5 -1.31451 -1.00156
40.6 -1.24126 -1.08196
40.7 -1.16211 -1.15757
40.8 -1.07591 -1.22799
40.9 -0.981176 -1.29273
41 -0.875991 -1.35119
41.1 -0.757871 -1.40265
41.2 -0.623597 -1.44618
41.3 -0.469044 -1.48066
41.4 -0.289104 -1.50465
41.5 -0.0779375 -1.51637
41.6 0.169916 -1.51368
41.7 0.456668 -1.49418
41.8 0.775981 -1.45554
41.9 1.10708 -1.39631
42 1.41529 -1.31677
42.1 1.6657 -1.21951
42.2 1.84114 -1.10883
42.3 1.94663 -0.989382
42.4 1.99902 -0.865069
42.5 2.0158 -0.738665
42.6 2.01019 -0.611968
42.7 1.99079 -0.486093
42.8 1.96278 -0.36173
42.9 1.92918 -0.239317
43 1.8917 -0.119145
43.1 1.85128 -0.00142748
43.2 1.80842 0.11367
43.3 1.76334 0.226001
43.4 1.7161 0.335429
43.5 1.66664 0.441817
43.6 1.61482 0.545021
43.7 1.5604 0.644885
43.8 1.50311 0.741238
43.9 1.44256 0.833887
44 1.37829 0.922614
44.1 1.30971 1.00717
44.2 1.23609 1.08725
44.3 1.1565 1.16252
44.4 1.06977 1.23257
44.5 0.974388 1.29691
44.6 0.86841 1.35492
44.7 0.749305 1.40586
44.8 0.613795 1.44883
44.9 0.45769 1.48264
45 0.275819 1.50586
45.1 0.062318 1.51667
45.2 -0.188169 1.51292
45.3 -0.477468 1.49218
45.4 -0.798424 1.45218
45.5 -1.12917 1.39153
45.6 -1.43445 1.31068
45.7 -1.68004 1.21236
45.8 -1.85036 1.10094
45.9 -1.95166 0.981056
46 -2.00111 0.856526
46.1 -2.01601 0.730054
46.2 -2.00923 0.603384
46.3 -1.98911 0.477593
46.4 -1.96065 0.353351
46.5 -1.92674 0.231082
46.6 -1.88904 0.111071
46.7 -1.84844 -0.00647375
46.8 -1.80543 -0.121388
46.9 -1.7602 -0.233526
47 -1.71282 -0.342752
47.1 -1.6632 -0.448928
47.2 -1.6112 -0.55191
47.3 -1.55661 -0.651542
47.4 -1.4991 -0.747649
47.5 -1.43832 -0.84004
47.6 -1.37377 -0.928491
47.7 -1.30488 -1.01275
47.8 -1.23088 -1.09252
47.9 -1.15085 -1.16745
48 -1.06358 -1.23713
48.1 -0.967551 -1.30105
48.2 -0.860769 -1.35861
48.3 -0.740663 -1.40905
48.4 -0.603898 -1.45143
48.5 -0.446218 -1.48457
48.6 -0.262388 -1.50701
48.7 -0.0465268 -1.5169
48.8 0.206605 -1.51207
48.9 0.49842 -1.4901
49 0.820918 -1.44872
49.1 1.15114 -1.38666
49.2 1.45332 -1.30451
49.3 1.69402 -1.20516
49.4 1.85926 -1.09302
49.5 1.95644 -0.972709
49.6 2.00304 -0.847974
49.7 2.01612 -0.721443
49.8 2.00822 -0.594804
49.9 1.9874 -0.469101
50 1.95849 -0.344981
50.1 1.92429 -0.222858
50.2 1.88637 -0.103008
50.3 1.8456 0.0143628
50.4 1.80243 0.129093
50.5 1.75705 0.241038
50.6 1.70952 0.350061
50.7 1.65975 0.456025
50.8 1.60758 0.558784
50.9 1.5528 0.658182
51 1.49508 0.754044
51.1 1.43406 0.846174
51.2 1.36924 0.93435
51.3 1.30002 1.01831
51.4 1.22565 1.09777
51.5 1.14517 1.17236
51.6 1.05736 1.24166
51.7 0.960665 1.30517
51.8 0.853067 1.36227
51.9 0.731945 1.41219
52 0.593906 1.45398
52.1 0.434626 1.48645
52.2 0.248809 1.5081
52.3 0.0305623 1.51707
52.4 -0.225222 1.51115
52.5 -0.519519 1.48792
52.6 -0.843453 1.44517
52.7 -1.17299 1.3817
52.8 -1.4719 1.29827
52.9 -1.70764 1.19789
53 -1.86785 1.08506
53.1 -1.961 0.964343
53.2 -2.00482 0.839414
53.3 -2.01613 0.712831
53.4 -2.00715 0.586228
53.5 -1.98566 0.460616
53.6 -1.95632 0.336621
53.7 -1.92182 0.214644
53.8 -1.88368 0.094957
53.9 -1.84274 -0.0222397
54 -1.79941 -0.136785
54.1 -1.75389 -0.248536
54.2 -1.70621 -0.357356
54.3 -1.65628 -0.463107
54.4 -1.60395 -0.565643
54.5 -1.54897 -0.664806
54.6 -1.49105 -0.760421
54.7 -1.42978 -0.85229
54.8 -1.36469 -0.940188
54.9 -1.29514 -1.02386
55 -1.22039 -1.10299
55.1 -1.13945 -1.17723
55.2 -1.05109 -1.24616
55.3 -0.953729 -1.30926
55.4 -0.845303 -1.3659
55.5 -0.723149 -1.4153
55.6 -0.583815 -1.4565
55.7 -0.422911 -1.48828
55.8 -0.235081 -1.50913
55.9 -0.0144233 -1.51716
56 0.244021 -1.51015
56.1 0.540761 -1.48566
56.2 0.86602 -1.44152
56.3 1.19469 -1.37664
56.4 1.49019 -1.29194
56.5 1.72091 -1.19057
56.6 1.87612 -1.07706
56.7 1.96533 -0.955957
56.8 2.00645 -0.830847
56.9 2.01605 -0.70422
57 2.00602 -0.577657
57.1 1.98387 -0.452138
57.2 1.95412 -0.328269
57.3 1.91933 -0.20644
57.4 1.88098 -0.086917
57.5 1.83987 0.0301044
57.6 1.79639 0.144464
57.7 1.75072 0.25602
57.8 1.70289 0.364636
57.9 1.65281 0.470174
58 1.6003 0.572486
58.1 1.54514 0.671414
58.2 1.487 0.766781
58.3 1.42549 0.858388
58.4 1.36011 0.946007
58.5 1.29024 1.02938
58.6 1.2151 1.10819
58.7 1.1337 1.18209
58.8 1.04479 1.25064
58.9 0.946742 1.31332
59 0.837476 1.36949
59.1 0.714274 1.41837
59.2 0.573626 1.45897
59.3 0.411072 1.49006
59.4 0.221201 1.51011
59.5 -0.00189153 1.51719
59.6 -0.263 1.50907
59.7 -0.562141 1.4833
59.8 -0.888608 1.43777
59.9 -1.21624 1.37149
60 -1.50816 1.28554
60.1 -1.73382 1.18319
60.2 -1.88408 1.06903
60.3 -1.96943 0.947553
60.4 -2.00794 0.822274
60.5 -2.01589 0.695609
60.6 -2.00483 0.569092
60.7 -1.98206 0.443668
60.8 -1.95189 0.319928
60.9 -1.91683 0.198248
61 -1.87827 0.0788887
61.1 -1.83699 -0.0379567
61.2 -1.79336 -0.15213
61.3 -1.74755 -0.263491
61.4 -1.69956 -0.371903
61.5 -1.64932 -0.477226
61.6 -1.59664 -0.579314
61.7 -1.54129 -0.678006
61.8 -1.48293 -0.773124
61.9 -1.42118 -0.864467
62 -1.35552 -0.951807
62.1 -1.28531 -1.03488
62.2 -1.20978 -1.11337
62.3 -1.12792 -1.18692
62.4 -1.03844 -1.25509
62.5 -0.939703 -1.31735
62.6 -0.829585 -1.37305
62.7 -0.705319 -1.4214
62.8 -0.563336 -1.4614
62.9 -0.399108 -1.49179
63 -0.207167 -1.51102
63.1 0.0183834 -1.51715
63.2 0.282159 -1.5079
63.3 0.583654 -1.48086
63.4 0.911206 -1.43393
63.5 1.23762 -1.36625
63.6 1.52582 -1.27906
63.7 1.74638 -1.17576
63.8 1.89174 -1.06097
63.9 1.97333 -0.939132
64 2.00929 -0.813694
64.1 2.01564 -0.686999
64.2 2.00359 -0.560531
64.3 1.9802 -0.435206
64.4 1.94964 -0.311595
64.5 1.91431 -0.190066
64.6 1.87555 -0.0708719
64.7 1.83409 0.0457968
64.8 1.79031 0.159784
64.9 1.74436 0.270949
65 1.69622 0.379155
65.1 1.64582 0.484263
65.2 1.59297 0.586125
65.3 1.53742 0.684581
65.4 1.47885 0.779449
65.5 1.41685 0.870528
65.6 1.3509 0.957587
65.7 1.28036 1.04036
65.8 1.20444 1.11853
65.9 1.1221 1.19172
66 1.03205 1.25951
66.1 0.932612 1.32134
66.2 0.821629 1.37658
66.3 0.696283 1.42439
66.4 0.552944 1.46378
66.5 0.387016 1.49347
66.6 0.192978 1.51188
66.7 -0.0350534 1.51703
66.8 -0.301497 1.50666
66.9 -0.605293 1.47832
67 -0.933803 1.42999
67.1 -1.25882 1.36092
67.2 -1.54316 1.2725
67.3 -1.75858 1.16827
67.4 -1.8991 1.05287
67.5 -1.97701 0.930696
67.6 -2.01051 0.805109
67.7 -2.0153 0.67839
67.8 -2.0023 0.551976
67.9 -1.97832 0.426753
68 -1.94738 0.303273
68.1 -1.91177 0.181895
68.2 -1.87281 0.0628668
68.3 -1.83119 -0.0536245
68.4 -1.78726 -0.167424
68.5 -1.74116 -0.278392
68.6 -1.69287 -0.386393
68.7 -1.64231 -0.491285
68.8 -1.58929 -0.592922
68.9 -1.53355 -0.691139
69 -1.47476 -0.785757
69.1 -1.4125 -0.876571
69.2 -1.34626 -0.963347
69.3 -1.27539 -1.04582
69.4 -1.19906 -1.12366
69.5 -1.11624 -1.1965
69.6 -1.02561 -1.2639
69.7 -0.925469 -1.32531
69.8 -0.813607 -1.38007
69.9 -0.687164 -1.42735
70 -0.542448 -1.46612
70.1 -0.374795 -1.4951
70.2 -0.178631 -1.51267
70.3 0.0519025 -1.51685
70.4 0.32101 -1.50533
70.5 0.627053 -1.47568
70.6 0.956388 -1.42595
70.7 1.27983 -1.3555
70.8 1.56017 -1.26588
70.9 1.77043 -1.16074
71 1.90617 -1.04475
71.1 1.98049 -0.922243
71.2 2.01159 -0.796519
71.3 2.01489 -0.669783
71.4 2.00097 -0.543426
71.5 1.97641 -0.418307
71.6 1.94509 -0.29496
71.7 1.90922 -0.173735
71.8 1.87007 -0.0548734
71.9 1.82828 0.0614397
72 1.7842 0.175051
72.1 1.73795 0.285822
72.2 1.68951 0.393616
72.3 1.63879 0.498292
72.4 1.58559 0.599702
72.5 1.52965 0.697681
72.6 1.47064 0.792047
72.7 1.40814 0.882594
72.8 1.3416 0.969087
72.9 1.27039 1.05125
73 1.19365 1.12877
73.1 1.11035 1.20126
73.2 1.01913 1.26827
73.3 0.918271 1.32925
73.4 0.805518 1.38353
73.5 0.677962 1.43026
73.6 0.531846 1.46842
73.7 0.362442 1.49667
73.8 0.164126 1.5134
73.9 -0.0689316 1.51659
74 -0.340699 1.50391
74.1 -0.648927 1.47296
74.2 -0.978951 1.42182
74.3 -1.30064 1.34999
74.4 -1.57684 1.25918
74.5 -1.78193 1.15315
74.6 -1.91296 1.03659
74.7 -1.98377 0.913777
74.8 -2.01255 0.787925
74.9 -2.01439 0.661178
75 -1.99958 0.534883
75.1 -1.97446 0.409869
75.2 -1.94278 0.286657
75.3 -1.90666 0.165585
75.4 -1.86731 0.0468918
75.5 -1.82536 -0.0692425
75.6 -1.78113 -0.182666
75.7 -1.73473 -0.293239
75.8 -1.68614 -0.400825
75.9 -1.63526 -0.505285
76 -1.58188 -0.606466
76.1 -1.52575 -0.704206
76.2 -1.46651 -0.79832
76.3 -1.40375 -0.8886
76.4 -1.33692 -0.974807
76.5 -1.26536 -1.05667
76.6 -1.18822 -1.13386
76.7 -1.10442 -1.20599
76.8 -1.01261 -1.27261
76.9 -0.911019 -1.33316
77 -0.797361 -1.38695
77.1 -0.668674 -1.43314
77.2 -0.521138 -1.47067
77.3 -0.349956 -1.4982
77.4 -0.14946 -1.51407
77.5 0.0861415 -1.51626
77.6 0.360561 -1.50242
77.7 0.670908 -1.47014
77.8 1.00148 -1.41759
77.9 1.32123 -1.34439
78 1.59318 -1.25241
78.1 1.79308 -1.14551
78.2 1.91947 -1.0284
78.3 1.98686 -0.905296
78.4 2.01339 -0.779327
78.5 2.01382 -0.652575
78.6 1.99815 -0.526345
78.7 1.97249 -0.40144
78.8 1.94045 -0.278364
78.9 1.90408 -0.157447
79 1.86453 -0.038922
79.1 1.82242 0.0770328
79.2 1.77804 0.190267
79.3 1.7315 0.300641
79.4 1.68276 0.40802
79.5 1.63172 0.512262
79.6 1.57816 0.613215
79.7 1.52183 0.710714
79.8 1.46237 0.804575
79.9 1.39935 0.894586
80 1.33222 0.980508
80.1 1.26031 1.06206
80.2 1.18275 1.13892
80.3 1.09846 1.21069
80.4 1.00604 1.27692
80.5 0.903711 1.33703
80.6 0.789136 1.39034
80.7 0.659299 1.43598
80.8 0.510321 1.47287
80.9 0.337335 1.49966
81 0.134631 1.51468
81.1 -0.103533 1.51585
81.2 -0.380594 1.50083
81.3 -0.692988 1.46723
81.4 -1.02396 1.41326
81.5 -1.3416 1.3387
81.6 -1.60918 1.24557
81.7 -1.80388 1.13783
81.8 -1.92571 1.02019
81.9 -1.98976 0.896803
82 -2.0141 0.770725
82.1 -2.01318 0.643975
82.2 -1.99667 0.517813
82.3 -1.97048 0.393019
82.4 -1.9381 0.270081
82.5 -1.90149 0.14932
82.6 -1.86175 0.0309641
82.7 -1.81948 -0.0848105
82.8 -1.77495 -0.197855
82.9 -1.72826 -0.30803
83 -1.67937 -0.4152
83.1 -1.62816 -0.519223
83.2 -1.57443 -0.619948
83.3 -1.51789 -0.717206
83.4 -1.45821 -0.810812
83.5 -1.39493 -0.900553
83.6 -1.3275 -0.986188
83.7 -1.25523 -1.06743
83.8 -1.17725 -1.14396
83.9 -1.09246 -1.21537
84 -0.999431 -1.2812
84.1 -0.896347 -1.34088
84.2 -0.78084 -1.39369
84.3 -0.649837 -1.43877
84.4 -0.499393 -1.47502
84.5 -0.324577 -1.50108
84.6 -0.119638 -1.51522
84.7 0.121106 -1.51537
84.8 0.400795 -1.49916
84.9 0.715161 -1.46422
85 1.04638 -1.40884
85.1 1.36173 -1.33293
85.2 1.62483 -1.23866
85.3 1.81434 -1.1301
85.4 1.93168 -1.01195
85.5 1.99248 -0.888298
85.6 2.01471 -0.762121
85.7 2.01247 -0.635377
85.8 1.99514 -0.509288
85.9 1.96845 -0.384607
86 1.93573 -0.261808
86.1 1.89888 -0.141204
86.2 1.85896 -0.023018
86.3 1.81652 0.0925756
86.4 1.77185 0.205429
86.5 1.72501 0.315405
86.6 1.67597 0.422366
86.7 1.62459 0.52617
86.8 1.57068 0.626665
86.9 1.51394 0.723681
87 1.45403 0.817031
87.1 1.39049 0.906502
87.2 1.32275 0.991848
87.3 1.25013 1.07278
87.4 1.17172 1.14898
87.5 1.08642 1.22003
87.6 0.992772 1.28546
87.7 0.888927 1.34469
87.8 0.772473 1.39701
87.9 0.640286 1.44153
88 0.488353 1.47713
88.1 0.311681 1.50244
88.2 0.104479 1.5157
88.3 -0.138862 1.51482
88.4 -0.421161 1.49741
88.5 -0.737418 1.46112
88.6 -1.06873 1.40432
88.7 -1.38161 1.32707
88.8 -1.64013 1.23169
88.9 -1.82447 1.12233
89 -1.93738 1.00369
89.1 -1.99503 0.879782
89.2 -2.0152 0.753514
89.3 -2.01169 0.626783
89.4 -1.99358 0.50077
89.5 -1.96639 0.376203
89.6 -1.93334 0.253545
89.7 -1.89625 0.133099
89.8 -1.85615 0.015084
89.9 -1.81356 -0.100328
90 -1.76873 -0.212991
90.1 -1.72175 -0.322766
90.2 -1.67255 -0.429517
90.3 -1.62102 -0.533101
90.4 -1.56692 -0.633365
90.5 -1.50998 -0.730139
90.6 -1.44983 -0.823233
90.7 -1.38603 -0.912432
90.8 -1.31799 -0.997487
90.9 -1.245 -1.07811
91 -1.16616 -1.15397
91.1 -1.08034 -1.22465
91.2 -0.986066 -1.28968
91.3 -0.881448 -1.34847
91.4 -0.764034 -1.40029
91.5 -0.630643 -1.44424
91.6 -0.4772 -1.4792
91.7 -0.298643 -1.50374
91.8 -0.0891521 -1.51611
91.9 0.1568 -1.51419
92 0.441689 -1.49557
92.1 0.759751 -1.45792
92.2 1.091 -1.39971
92.3 1.40123 -1.32113
92.4 1.65508 -1.22465
92.5 1.83425 -1.11452
92.6 1.94283 -0.995403
92.7 1.9974 -0.871255
92.8 2.01558 -0.744906
92.9 2.01084 -0.618192
93 1.99198 -0.492258
93.1 1.96431 -0.367809
93.2 1.93094 -0.245292
93.3 1.89362 -0.125005
93.4 1.85333 -0.00716193
93.5 1.81058 0.108068
93.6 1.76561 0.220539
93.7 1.71848 0.330113
93.8 1.66913 0.436654
93.9 1.61743 0.540018
94 1.56315 0.64005
94.1 1.506 0.73658
94.2 1.44562 0.829417
94.3 1.38155 0.918342
94.4 1.31319 1.00311
94.5 1.23984 1.08342
94.6 1.16057 1.15894
94.7 1.07423 1.22925
94.8 0.979313 1.29388
94.9 0.87391 1.35222
95 0.755521 1.40354
95.1 0.620909 1.44691
95.2 0.465931 1.48121
95.3 0.285463 1.50499
95.4 0.0736562 1.51646
95.5 -0.174921 1.51348
95.6 -0.462377 1.49364
95.7 -0.782151 1.45463
95.8 -1.11317 1.395
95.9 -1.42059 1.3151
96 -1.66968 1.21755
96.1 -1.84371 1.10666
96.2 -1.94804 0.987093
96.3 -1.99961 0.862719
96.4 -2.01587 0.736296
96.5 -2.00993 0.609605
96.6 -1.99033 0.483753
96.7 -1.9622 0.359423
96.8 -1.92851 0.23705
96.9 -1.89097 0.116922
97 -1.8505 -0.000748065
97.1 -1.8076 -0.115795
97.2 -1.76248 -0.228073
97.3 -1.7152 -0.337446
97.4 -1.6657 -0.443776
97.5 -1.61382 -0.546918
97.6 -1.55936 -0.646718
97.7 -1.50201 -0.743004
97.8 -1.44139 -0.835582
97.9 -1.37705 -0.924233
98 -1.30838 -1.00871
98.1 -1.23466 -1.0887
98.2 -1.15495 -1.16388
98.3 -1.06807 -1.23383
98.4 -0.972512 -1.29805
98.5 -0.866313 -1.35594
98.6 -0.746934 -1.40674
98.7 -0.611081 -1.44955
98.8 -0.454545 -1.48318
98.9 -0.272138 -1.50618
99 -0.0579896 -1.51674
99.1 0.193224 -1.51269
99.2 0.483219 -1.49162
99.3 0.804609 -1.45124
99.4 1.13523 -1.3902
99.5 1.43967 -1.30899
99.6 1.68392 -1.21039
99.7 1.85285 -1.09877
99.8 1.953 -0.978761
99.9 2.00165 -0.854173
100 2.01605 -0.727685
100.1 2.00896 -0.601022
100.2 1.98865 -0.475255
100.3 1.96006 -0.351047
100.4 1.92607 -0.228818
100.5 1.88831 -0.108851
100.6 1.84766 0.00864595
100.7 1.8046 0.123509
100.8 1.75934 0.235595
100.9 1.71191 0.344765
101 1.66225 0.450883
101.1 1.61021 0.553804
101.2 1.55556 0.653371
101.3 1.498 0.749411
101.4 1.43715 0.84173
101.5 1.37253 0.930105
101.6 1.30354 1.01428
101.7 1.22944 1.09397
101.8 1.14929 1.1688
101.9 1.06187 1.23838
102 0.965661 1.30219
102.1 0.858656 1.35962
102.2 0.738271 1.40992
102.3 0.601158 1.45213
102.4 0.44304 1.48509
102.5 0.258666 1.50731
102.6 0.0421509 1.51696
102.7 -0.21171 1.51183
102.8 -0.504211 1.48951
102.9 -0.827116 1.44775
103 -1.15717 1.38531
103.1 -1.45847 1.3028
103.2 -1.6978 1.20316
103.3 -1.86166 1.09083
103.4 -1.95772 0.970409
103.5 -2.00354 0.845619
103.6 -2.01613 0.719073
103.7 -2.00793 0.592443
103.8 -1.98693 0.466765
103.9 -1.9579 0.34268
104 -1.92361 0.220596
104.1 -1.88563 0.100792
104.2 -1.84481 -0.0165317
104.3 -1.8016 -0.131211
104.4 -1.75619 -0.243102
104.5 -1.70861 -0.35207
104.6 -1.65879 -0.457975
104.7 -1.60658 -0.560673
104.8 -1.55175 -0.660007
104.9 -1.49398 -0.755801
105 -1.43288 -0.847859
105.1 -1.36799 -0.935958
105.2 -1.29868 -1.01984
105.3 -1.2242 -1.09921
105.4 -1.1436 -1.1737
105.5 -1.05564 -1.2429
105.6 -0.958761 -1.3063
105.7 -0.850937 -1.36327
105.8 -0.729532 -1.41305
105.9 -0.591139 -1.45468
106 -0.431414 -1.48696
106.1 -0.245047 -1.50839
106.2 -0.0261385 -1.5171
106.3 0.230377 -1.51088
106.4 0.525351 -1.48731
106.5 0.849661 -1.44417
106.6 1.17898 -1.38032
106.7 1.47697 -1.29653
106.8 1.71133 -1.19588
106.9 1.87015 -1.08286
107 1.96221 -0.962037
107.1 2.00528 -0.837058
107.2 2.01612 -0.710462
107.3 2.00684 -0.583869
107.4 1.98517 -0.458282
107.5 1.95571 -0.334322
107.6 1.92114 -0.212385
107.7 1.88294 -0.0927433
107.8 1.84195 0.0244052
107.9 1.79858 0.138899
108 1.75302 0.250597
108.1 1.7053 0.359361
108.2 1.65533 0.465053
108.3 1.60295 0.567528
108.4 1.54792 0.666626
108.5 1.48994 0.762173
108.6 1.4286 0.85397
108.7 1.36343 0.941791
108.8 1.2938 1.02538
108.9 1.21894 1.10442
109 1.13787 1.17857
109.1 1.04936 1.2474
109.2 0.951811 1.31038
109.3 0.843156 1.36689
109.4 0.720715 1.41615
109.5 0.581021 1.45718
109.6 0.419666 1.48878
109.7 0.231276 1.50941
109.8 0.00995123 1.51718
109.9 -0.249226 1.50986
110 -0.546631 1.48502
110.1 -0.872234 1.4405
110.2 -1.20064 1.37523
110.3 -1.49516 1.29019
110.4 -1.7245 1.18854
110.5 -1.87834 1.07486
110.6 -1.96648 0.953646
110.7 -2.00688 0.828489
110.8 -2.01602 0.70185
110.9 -2.00569 0.5753
111 -1.98338 0.449807
111.1 -1.95351 0.325973
111.2 -1.91864 0.204185
111.3 -1.88024 0.0847066
111.4 -1.83907 -0.0322665
111.5 -1.79556 -0.146575
111.6 -1.74985 -0.258078
111.7 -1.70198 -0.366637
111.8 -1.65185 -0.472116
111.9 -1.5993 -0.574367
112 -1.54408 -0.67323
112.1 -1.48588 -0.768528
112.2 -1.42431 -0.860063
112.3 -1.35885 -0.947605
112.4 -1.28889 -1.03089
112.5 -1.21364 -1.10962
112.6 -1.13211 -1.18342
112.7 -1.04304 -1.25187
112.8 -0.94481 -1.31443
112.9 -0.835311 -1.37047
113 -0.711818 -1.41921
113.1 -0.570804 -1.45964
113.2 -0.407793 -1.49055
113.3 -0.217354 -1.51036
113.4 0.00641222 -1.51719
113.5 0.268255 -1.50875
113.6 0.568048 -1.48264
113.7 0.894826 -1.43672
113.8 1.22214 -1.37006
113.9 1.51305 -1.28376
114 1.73732 -1.18115
114.1 1.88622 -1.06682
114.2 1.97053 -0.945238
114.3 2.00833 -0.819913
114.4 2.01583 -0.69324
114.5 2.0045 -0.566735
114.6 1.98155 -0.441339
114.7 1.95127 -0.317634
114.8 1.91614 -0.195995
114.9 1.87752 -0.0766814
115 1.83619 0.0401155
115.1 1.79252 0.154238
115.2 1.74667 0.265545
115.3 1.69864 0.3739
115.4 1.64836 0.479164
115.5 1.59563 0.58119
115.6 1.54022 0.679817
115.7 1.48181 0.774866
115.8 1.41999 0.866137
115.9 1.35425 0.953399
116 1.28395 1.03639
116.1 1.20831 1.11479
116.2 1.12632 1.18824
116.3 1.03668 1.25631
116.4 0.937757 1.31845
116.5 0.827402 1.37402
116.6 0.702841 1.42223
116.7 0.560486 1.46206
116.8 0.395793 1.49226
116.9 0.203278 1.51126
117 -0.022953 1.51712
117.1 -0.287463 1.50757
117.2 -0.589597 1.48017
117.3 -0.917425 1.43285
117.4 -1.24347 1.36479
117.5 -1.53062 1.27726
117.6 -1.74977 1.1737
117.7 -1.89379 1.05874
117.8 -1.97436 0.936812
117.9 -2.00964 0.811332
118 -2.01555 0.68463
118.1 -2.00324 0.558176
118.2 -1.97969 0.432879
118.3 -1.94902 0.309304
118.4 -1.91361 0.187816
118.5 -1.8748 0.0686678
118.6 -1.8333 -0.0479521
118.7 -1.78947 -0.161888
118.8 -1.74348 -0.272998
118.9 -1.6953 -0.381148
119 -1.64486 -0.486197
119.1 -1.59196 -0.587997
119.2 -1.53636 -0.686387
119.3 -1.47773 -0.781187
119.4 -1.41565 -0.872193
119.5 -1.34963 -0.959174
119.6 -1.279 -1.04186
119.7 -1.20296 -1.11994
119.8 -1.12049 -1.19304
119.9 -1.03028 -1.26072
120 -0.930652 -1.32244
120.1 -0.819428 -1.37754
120.2 -0.693782 -1.42521
120.3 -0.550066 -1.46443
120.4 -0.383666 -1.49393
120.5 -0.189045 -1.5121
120.6 0.0396722 -1.51699
120.7 0.306849 -1.5063
120.8 0.61127 -1.4776
120.9 0.94002 -1.42889
121 1.26462 -1.35944
121.1 1.54787 -1.27069
121.2 1.76188 -1.1662
121.3 1.90108 -1.05064
121.4 1.97799 -0.928371
121.5 2.01082 -0.802746
121.6 2.01519 -0.676021
121.7 2.00194 -0.549623
121.8 1.9778 -0.424427
121.9 1.94675 -0.300984
122 1.91107 -0.179648
122.1 1.87206 -0.060666
122.2 1.83039 0.0557764
122.3 1.78642 0.169524
122.4 1.74027 0.280438
122.5 1.69195 0.388382
122.6 1.64134 0.493215
122.7 1.58827 0.594789
122.8 1.53248 0.692941
122.9 1.47363 0.78749
123 1.4113 0.87823
123.1 1.34498 0.964928
123.2 1.27401 1.04731
123.3 1.19757 1.12507
123.4 1.11462 1.19782
123.5 1.02383 1.26511
123.6 0.923493 1.3264
123.7 0.811388 1.38102
123.8 0.68464 1.42815
123.9 0.539541 1.46676
124 0.371409 1.49554
124.1 0.174656 1.51288
124.2 -0.0565707 1.51678
124.3 -0.326411 1.50495
124.4 -0.633061 1.47494
124.5 -0.9626 1.42482
124.6 -1.28558 1.35399
124.7 -1.56479 1.26404
124.8 -1.77363 1.15865
124.9 -1.90807 1.0425
125 -1.98141 0.919915
125.1 -2.01187 0.794154
125.2 -2.01476 0.667415
125.3 -2.00059 0.541075
125.4 -1.97587 0.415984
125.5 -1.94445 0.292674
125.6 -1.90852 0.171491
125.7 -1.86931 0.0526758
125.8 -1.82748 -0.0635882
125.9 -1.78335 -0.177148
126 -1.73706 -0.287865
126.1 -1.68859 -0.395601
126.2 -1.63782 -0.500218
126.3 -1.58457 -0.601565
126.4 -1.52858 -0.699478
126.5 -1.46951 -0.793775
126.6 -1.40693 -0.884249
126.7 -1.34032 -0.970663
126.8 -1.26901 -1.05274
126.9 -1.19216 -1.13017
127 -1.10872 -1.20256
127.1 -1.01734 -1.26947
127.2 -0.916281 -1.33033
127.3 -0.80328 -1.38447
127.4 -0.675414 -1.43106
127.5 -0.52891 -1.46904
127.6 -0.35902 -1.4971
127.7 -0.160106 -1.51359
127.8 0.0736495 -1.51651
127.9 0.346148 -1.50351
128 0.654965 -1.47219
128.1 0.985154 -1.42066
128.2 1.30633 -1.34846
128.3 1.58137 -1.25732
128.4 1.78503 -1.15105
128.5 1.91478 -1.03434
128.6 1.98464 -0.911444
128.7 2.01279 -0.785559
128.8 2.01424 -0.65881
128.9 1.99919 -0.532532
129 1.97392 -0.407549
129.1 1.94214 -0.284374
129.2 1.90595 -0.163345
129.3 1.86654 -0.0446974
129.4 1.82455 0.0713876
129.5 1.78028 0.184759
129.6 1.73384 0.295277
129.7 1.68521 0.402807
129.8 1.63428 0.507206
129.9 1.58086 0.608325
130 1.52467 0.705999
130.1 1.46537 0.800043
130.2 1.40254 0.890249
130.3 1.33563 0.976378
130.4 1.26397 1.05815
130.5 1.18672 1.13525
130.6 1.10279 1.20729
130.7 1.01081 1.2738
130.8 0.909013 1.33423
130.9 0.795105 1.38789
131 0.666103 1.43392
131.1 0.518172 1.47128
131.2 0.346497 1.49861
131.3 0.145395 1.51424
131.4 -0.0909093 1.51615
131.5 -0.366057 1.50199
131.6 -0.676974 1.46935
131.7 -1.00767 1.41641
131.8 -1.32686 1.34283
131.9 -1.59762 1.25053
132 -1.79608 1.1434
132.1 -1.92121 1.02615
132.2 -1.98768 0.902961
132.3 -2.01359 0.77696
132.4 -2.01365 0.650208
132.5 -1.99774 0.523996
132.6 -1.97194 0.399122
132.7 -1.9398 0.276083
132.8 -1.90337 0.155209
132.9 -1.86377 0.0367309
133 -1.82161 -0.0791744
133.1 -1.77719 -0.192356
133.2 -1.73061 -0.302676
133.3 -1.68183 -0.409997
133.4 -1.63074 -0.514179
133.5 -1.57713 -0.615069
133.6 -1.52075 -0.712503
133.7 -1.46123 -0.806293
133.8 -1.39813 -0.89623
133.9 -1.33093 -0.982073
134 -1.25891 -1.06354
134.1 -1.18124 -1.14031
134.2 -1.09681 -1.21198
134.3 -1.00423 -1.2781
134.4 -0.90169 -1.33809
134.5 -0.78686 -1.39126
134.6 -0.656704 -1.43675
134.7 -0.507325 -1.47347
134.8 -0.333838 -1.50006
134.9 -0.130521 -1.51483
135 0.108351 -1.51573
135.1 0.386136 -1.50038
135.2 0.699081 -1.46641
135.3 1.03013 -1.41205
135.4 1.34716 -1.33712
135.5 1.61352 -1.24367
135.6 1.80679 -1.13571
135.7 1.92738 -1.01793
135.8 1.99053 -0.894464
135.9 2.01428 -0.768357
136 2.01299 -0.641608
136.1 1.99625 -0.515467
136.2 1.96993 -0.390703
136.3 1.93745 -0.267803
136.4 1.90077 -0.147085
136.5 1.86098 -0.0287762
136.6 1.81867 0.0869486
136.7 1.7741 0.19994
136.8 1.72737 0.310061
136.9 1.67844 0.417174
137 1.62718 0.521137
137.1 1.5734 0.621798
137.2 1.51681 0.71899
137.3 1.45706 0.812525
137.4 1.39371 0.902192
137.5 1.3262 0.987747
137.6 1.25383 1.06891
137.7 1.17573 1.14534
137.8 1.0908 1.21666
137.9 0.997603 1.28238
138 0.894311 1.34193
138.1 0.778544 1.39461
138.2 0.647218 1.43953
138.3 0.496366 1.47561
138.4 0.321042 1.50146
138.5 0.115483 1.51536
138.6 -0.125974 1.51523
138.7 -0.406383 1.49869
138.8 -0.721278 1.46338
138.9 -1.05254 1.40761
139 -1.36722 1.33132
139.1 -1.62908 1.23675
139.2 -1.81716 1.12797
139.3 -1.93327 1.00968
139.4 -1.9932 0.885956
139.5 -2.01485 0.759752
139.6 -2.01226 0.633012
139.7 -1.99472 0.506943
139.8 -1.96789 0.382293
139.9 -1.93507 0.259533
140 -1.89816 0.138972
140.1 -1.85818 0.0208335
140.2 -1.81571 -0.0947103
140.3 -1.77099 -0.207511
140.4 -1.72411 -0.317432
140.5 -1.67503 -0.424335
140.6 -1.62361 -0.528079
140.7 -1.56965 -0.62851
140.8 -1.51285 -0.72546
140.9 -1.45288 -0.81874
141 -1.38926 -0.908136
141.1 -1.32144 -0.993402
141.2 -1.24872 -1.07425
141.3 -1.1702 -1.15035
141.4 -1.08475 -1.2213
141.5 -0.990932 -1.28662
141.6 -0.886874 -1.34573
141.7 -0.770158 -1.39792
141.8 -0.637641 -1.44228
141.9 -0.485296 -1.47771
142 -0.308107 -1.5028
142.1 -0.100278 -1.51582
142.2 0.14378 -1.51465
142.3 0.426794 -1.49691
142.4 0.743557 -1.46025
142.5 1.07487 -1.40306
142.6 1.38704 -1.32544
142.7 1.64428 -1.22976
142.8 1.82719 -1.12019
142.9 1.93891 -1.00141
143 1.9957 -0.877437
143.1 2.01532 -0.751145
143.2 2.01146 -0.624418
143.3 1.99314 -0.498427
143.4 1.96582 -0.373893
143.5 1.93268 -0.251273
143.6 1.89553 -0.13087
143.7 1.85537 -0.0129027
143.8 1.81274 0.102459
143.9 1.76788 0.215069
144 1.72085 0.324789
144.1 1.67161 0.431482
144.2 1.62003 0.535006
144.3 1.56588 0.635206
144.4 1.50889 0.731913
144.5 1.44868 0.824936
144.6 1.3848 0.91406
144.7 1.31667 0.999036
144.8 1.24358 1.07958
144.9 1.16463 1.15534
145 1.07866 1.22592
145.1 0.984213 1.29084
145.2 0.87938 1.34951
145.3 0.761698 1.40119
145.4 0.627974 1.44498
145.5 0.474111 1.47976
145.6 0.29503 1.50409
145.7 0.0849047 1.51621
145.8 -0.161768 1.514
145.9 -0.447367 1.49504
146 -0.765909 1.45702
146.1 -1.09711 1.39842
146.2 -1.40659 1.31948
146.3 -1.65913 1.2227
146.4 -1.83689 1.11236
146.5 -1.94429 0.993118
146.6 -1.99802 0.868907
146.7 -2.01567 0.742536
146.8 -2.0106 0.615829
146.9 -1.99153 0.489917
147 -1.96373 0.3655
147.1 -1.93027 0.243023
147.2 -1.89289 0.12278
147.3 -1.85255 0.00498398
147.4 -1.80976 -0.110196
147.5 -1.76475 -0.222613
147.6 -1.71758 -0.332132
147.7 -1.66819 -0.438615
147.8 -1.61644 -0.541918
147.9 -1.5621 -0.641887
148 -1.5049 -0.738349
148.1 -1.44446 -0.831115
148.2 -1.38031 -0.919965
148.3 -1.31187 -1.00465
148.4 -1.23842 -1.08488
148.5 -1.15903 -1.1603
148.6 -1.07254 -1.23052
148.7 -0.977446 -1.29503
148.8 -0.871826 -1.35325
148.9 -0.753165 -1.40442
149 -0.618214 -1.44764
149.1 -0.46281 -1.48176
149.2 -0.28181 -1.50532
149.3 -0.069362 -1.51654
149.4 0.179939 -1.51327
149.5 0.468097 -1.49309
149.6 0.788326 -1.45371
149.7 1.11925 -1.39369
149.8 1.42587 -1.31343
149.9 1.67363 -1.21558
150 1.84626 -1.10449
150.1 1.94943 -0.984802
150.2 2.00019 -0.860368
150.3 2.01593 -0.733926
150.4 2.00967 -0.607243
150.5 1.98987 -0.481414
150.6 1.96161 -0.357117
150.7 1.92784 -0.234783
150.8 1.89024 -0.1147
150.9 1.84972 0.00292269
151 1.80677 0.117919
151.1 1.76162 0.230144
151.2 1.71429 0.339461
151.3 1.66475 0.445733
151.4 1.61283 0.548815
151.5 1.55831 0.648551
151.6 1.50091 0.744769
151.7 1.44023 0.837276
151.8 1.37581 0.925851
151.9 1.30705 1.01024
152 1.23322 1.09015
152.1 1.15339 1.16524
152.2 1.06637 1.23508
152.3 0.970631 1.29919
152.4 0.864212 1.35695
152.5 0.744558 1.40762
152.6 0.60836 1.45026
152.7 0.451391 1.48371
152.8 0.268445 1.5065
152.9 0.0536482 1.51681
153 -0.198293 1.51246
153.1 -0.488981 1.49104
153.2 -0.810798 1.45029
153.3 -1.14128 1.38886
153.4 -1.44487 1.3073
153.5 -1.68778 1.2084
153.6 -1.8553 1.09659
153.7 -1.95432 0.976465
153.8 -2.00219 0.85182
153.9 -2.01608 0.725315
154 -2.00868 0.598661
154.1 -1.98818 0.472918
154.2 -1.95947 0.348743
154.3 -1.9254 0.226554
154.4 -1.88757 0.106632
154.5 -1.84688 -0.0108172
154.6 -1.80378 -0.12563
154.7 -1.75847 -0.237662
154.8 -1.711 -0.346777
154.9 -1.6613 -0.452836
155 -1.60921 -0.555696
155.1 -1.55451 -0.655198
155.2 -1.49689 -0.751171
155.3 -1.43598 -0.843418
155.4 -1.37128 -0.931718
155.5 -1.30221 -1.01581
155.6 -1.228 -1.09541
155.7 -1.14773 -1.17015
155.8 -1.06016 -1.23963
155.9 -0.963767 -1.30332
156 -0.856538 -1.36063
156.1 -0.735874 -1.41078
156.2 -0.598411 -1.45284
156.3 -0.439853 -1.48561
156.4 -0.254933 -1.50761
156.5 -0.0377618 -1.517
156.6 0.216829 -1.51158
156.7 0.510014 -1.48891
156.8 0.833316 -1.44678
156.9 1.16318 -1.38394
157 1.46359 -1.30108
157.1 1.70156 -1.20117
157.2 1.86403 -1.08864
157.3 1.95898 -0.968107
157.4 2.00404 -0.843264
157.5 2.01614 -0.716703
157.6 2.00764 -0.590083
157.7 1.98645 -0.46443
157.8 1.9573 -0.340379
157.9 1.92293 -0.218336
158 1.88489 -0.0985756
158.1 1.84402 0.0186996
158.2 1.80077 0.133328
158.3 1.75532 0.245166
158.4 1.7077 0.354078
158.5 1.65784 0.459924
158.6 1.60558 0.562561
158.7 1.55069 0.66183
158.8 1.49287 0.757556
158.9 1.43171 0.849542
159 1.36674 0.937565
159.1 1.29734 1.02137
159.2 1.22276 1.10064
159.3 1.14202 1.17504
159.4 1.05392 1.24414
159.5 0.956854 1.30742
159.6 0.848802 1.36427
159.7 0.727113 1.41391
159.8 0.588364 1.45537
159.9 0.428193 1.48747
160 0.241272 1.50867
160.1 0.0217014 1.51713
160.2 -0.235546 1.51061
160.3 -0.531193 1.48669
160.4 -0.85587 1.44317
160.5 -1.18495 1.37893
160.6 -1.482 1.29479
160.7 -1.71499 1.19387
160.8 -1.87244 1.08066
160.9 -1.96341 0.95973
161 -2.00574 0.8347
161.1 -2.0161 0.708092
161.2 -2.00653 0.58151
161.3 -1.98468 0.455949
161.4 -1.95511 0.332023
161.5 -1.92045 0.210128
161.6 -1.8822 0.0905305
161.7 -1.84116 -0.0265698
161.8 -1.79775 -0.141013
161.9 -1.75215 -0.252657
162 -1.70438 -0.361365
162.1 -1.65437 -0.466998
162.2 -1.60194 -0.569411
162.3 -1.54686 -0.668445
162.4 -1.48882 -0.763924
162.5 -1.42742 -0.855648
162.6 -1.36217 -0.943393
162.7 -1.29245 -1.0269
162.8 -1.21748 -1.10586
162.9 -1.13629 -1.17991
163 -1.04763 -1.24863
163.1 -0.94989 -1.3115
163.2 -0.841003 -1.36788
163.3 -0.718274 -1.41699
163.4 -0.57822 -1.45786
163.5 -0.416411 -1.48927
163.6 -0.22746 -1.50967
163.7 -0.0054658 -1.51719
163.8 0.254445 -1.50956
163.9 0.552512 -1.48437
164 0.87845 -1.43947
164.1 1.20657 -1.37382
164.2 1.50012 -1.28843
164.3 1.72806 -1.18652
164.4 1.88054 -1.07265
164.5 1.96761 -0.951334
164.6 2.00729 -0.82613
164.7 2.01597 -0.699481
164.8 2.00537 -0.572942
164.9 1.98288 -0.447476
165 1.95289 -0.323677
165.1 1.91796 -0.20193
165.2 1.87949 -0.082497
165.3 1.83828 0.0344277
165.4 1.79472 0.148685
165.5 1.74898 0.260134
165.6 1.70106 0.368637
165.7 1.65089 0.474057
165.8 1.59829 0.576246
165.9 1.54302 0.675044
166 1.48476 0.770274
166.1 1.42312 0.861736
166.2 1.35758 0.949202
166.3 1.28753 1.03241
166.4 1.21218 1.11104
166.5 1.13052 1.18475
166.6 1.0413 1.25309
166.7 0.942874 1.31554
166.8 0.833141 1.37145
166.9 0.709356 1.42004
167 0.567975 1.46031
167.1 0.404503 1.49102
167.2 0.213496 1.51062
167.3 -0.0109463 1.51718
167.4 -0.273523 1.50844
167.5 -0.573965 1.48197
167.6 -0.901044 1.43567
167.7 -1.22803 1.36862
167.8 -1.51792 1.28198
167.9 -1.74078 1.17911
168 -1.88833 1.0646
168.1 -1.9716 0.942921
168.2 -2.0087 0.817553
168.3 -2.01576 0.69087
168.4 -2.00416 0.564379
168.5 -1.98104 0.43901
168.6 -1.95066 0.315341
168.7 -1.91544 0.193743
168.8 -1.87678 0.074475
168.9 -1.8354 -0.0422733
169 -1.79168 -0.156344
169.1 -1.74579 -0.267597
169.2 -1.69773 -0.375896
169.3 -1.64739 -0.481101
169.4 -1.59462 -0.583065
169.5 -1.53916 -0.681626
169.6 -1.48069 -0.776607
169.7 -1.4188 -0.867805
169.8 -1.35298 -0.95499
169.9 -1.28259 -1.0379
170 -1.20684 -1.11621
170.1 -1.12472 -1.18957
170.2 -1.03493 -1.25752
170.3 -0.935807 -1.31955
170.4 -0.825214 -1.375
170.5 -0.700356 -1.42305
170.6 -0.557629 -1.46272
170.7 -0.392469 -1.49273
170.8 -0.199377 -1.5115
170.9 0.0275361 -1.51709
171 0.29278 -1.50723
171.1 0.595549 -1.47947
171.2 0.923643 -1.43177
171.3 1.24931 -1.36333
171.4 1.5354 -1.27546
171.5 1.75314 -1.17164
171.6 1.89583 -1.05652
171.7 1.97538 -0.934491
171.8 2.00998 -0.80897
171.9 2.01546 -0.682261
172 2.00289 -0.555822
172.1 1.97917 -0.430553
172.2 1.9484 -0.307014
172.3 1.91292 -0.185567
172.4 1.87404 -0.0664646
172.5 1.8325 0.0501065
172.6 1.78864 0.163991
172.7 1.7426 0.275047
172.8 1.69438 0.38314
172.9 1.64389 0.48813
173 1.59094 0.589868
173.1 1.53529 0.688192
173.2 1.4766 0.782923
173.3 1.41446 0.873856
173.4 1.34835 0.960759
173.5 1.27763 1.04336
173.6 1.20148 1.12135
173.7 1.11888 1.19436
173.8 1.02851 1.26193
173.9 0.928687 1.32353
174 0.817222 1.3785
174.1 0.691275 1.42602
174.2 0.54718 1.46508
174.3 0.380306 1.49438
174.4 0.185101 1.51232
174.5 -0.0443046 1.51694
174.6 -0.312215 1.50593
174.7 -0.617255 1.47688
174.8 -0.946236 1.42778
174.9 -1.27041 1.35795
175 -1.55256 1.26886
175.1 -1.76515 1.16413
175.2 -1.90303 1.0484
175.3 -1.97895 0.926045
175.4 -2.01112 0.800382
175.5 -2.01508 0.673653
175.6 -2.00157 0.54727
175.7 -1.97727 0.422103
175.8 -1.94612 0.298696
175.9 -1.91037 0.177402
176 -1.8713 0.058466
176.1 -1.82959 -0.0579274
176.2 -1.78558 -0.171624
176.3 -1.73939 -0.282483
176.4 -1.69103 -0.39037
176.5 -1.64038 -0.495144
176.6 -1.58725 -0.596655
176.7 -1.5314 -0.694742
176.8 -1.47249 -0.789221
176.9 -1.4101 -0.879888
177 -1.3437 -0.966509
177.1 -1.27264 -1.04881
177.2 -1.19609 -1.12647
177.3 -1.113 -1.19912
177.4 -1.02205 -1.26631
177.5 -0.921514 -1.32748
177.6 -0.809163 -1.38198
177.7 -0.68211 -1.42896
177.8 -0.536626 -1.46739
177.9 -0.368013 -1.49597
178 -0.170668 -1.51308
178.1 0.0612526 -1.51671
178.2 0.331825 -1.50456
178.3 0.639078 -1.4742
178.4 0.96881 -1.42369
178.5 1.29131 -1.35248
178.6 1.56939 -1.2622
178.7 1.7768 -1.15657
178.8 1.90994 -1.04026
178.9 1.98232 -0.917585
179 2.01213 -0.791789
179.1 2.01462 -0.665047
179.2 2.00021 -0.538723
179.3 1.97534 -0.413662
179.4 1.94382 -0.290389
179.5 1.90782 -0.169248
179.6 1.86855 -0.0504791
179.7 1.82667 0.0657358
179.8 1.78251 0.179244
179.9 1.73618 0.289906
180 1.68766 0.397586
180.1 1.63685 0.502143
180.2 1.58355 0.603427
180.3 1.52751 0.701274
180.4 1.46837 0.795502
180.5 1.40573 0.885902
180.6 1.33903 0.972238
180.7 1.26762 1.05424
180.8 1.19067 1.13157
180.9 1.10709 1.20387
181 1.01555 1.27066
181.1 0.914286 1.3314
181.2 0.801037 1.38542
181.3 0.672861 1.43185
181.4 0.525966 1.46966
181.5 0.355587 1.49752
181.6 0.156074 1.51378
181.7 -0.0783812 1.51642
181.8 -0.35161 1.5031
181.9 -0.661012 1.47142
182 -0.991354 1.4195
182.1 -1.312 1.34692
182.2 -1.58588 1.25546
182.3 -1.78811 1.14895
182.4 -1.91658 1.03209
182.5 -1.98549 0.909111
182.6 -2.01302 0.783193
182.7 -2.01409 0.656443
182.8 -1.9988 0.530183
182.9 -1.97338 0.405229
183 -1.9415 0.282091
183.1 -1.90524 0.161105
183.2 -1.86578 0.042504
183.3 -1.82374 -0.0735317
183.4 -1.77943 -0.186851
183.5 -1.73295 -0.297315
183.6 -1.68428 -0.404787
183.7 -1.63331 -0.509126
183.8 -1.57983 -0.610183
183.9 -1.52359 -0.70779
184 -1.46423 -0.801765
184.1 -1.40133 -0.891897
184.2 -1.33434 -0.977947
184.3 -1.26258 -1.05964
184.4 -1.18521 -1.13665
184.5 -1.10115 -1.20858
184.6 -1.009 -1.27499
184.7 -0.907004 -1.33529
184.8 -0.792843 -1.38882
184.9 -0.663525 -1.43471
185 -0.515198 -1.47188
185.1 -0.343027 -1.49901
185.2 -0.141318 -1.51441
185.3 0.0956908 -1.51605
185.4 0.371566 -1.50156
185.5 0.683049 -1.46855
185.6 1.01386 -1.41522
185.7 1.33247 -1.34127
185.8 1.60203 -1.24865
185.9 1.79907 -1.14129
186 1.92294 -1.02389
186.1 1.98848 -0.900624
186.2 2.0138 -0.774593
186.3 2.01348 -0.647841
186.4 1.99734 -0.521648
186.5 1.97139 -0.396804
186.6 1.93916 -0.273804
186.7 1.90265 -0.152973
186.8 1.863 -0.0345407
186.9 1.8208 0.081315
187 1.77634 0.194445
187.1 1.72972 0.30471
187.2 1.6809 0.411974
187.3 1.62976 0.516095
187.4 1.57611 0.616923
187.5 1.51966 0.714289
187.6 1.46008 0.80801
187.7 1.39692 0.897873
187.8 1.32963 0.983636
187.9 1.25752 1.06502
188 1.17973 1.1417
188.1 1.09516 1.21327
188.2 1.00241 1.27928
188.3 0.899665 1.33915
188.4 0.784578 1.39219
188.5 0.654103 1.43752
188.6 0.50432 1.47406
188.7 0.330331 1.50045
188.8 0.126399 1.51498
188.9 -0.113182 1.5156
189 -0.391692 1.49993
189.1 -0.705181 1.46558
189.2 -1.03631 1.41084
189.3 -1.35271 1.33553
189.4 -1.61784 1.24177
189.5 -1.80968 1.13358
189.6 -1.92902 1.01566
189.7 -1.99128 0.892124
189.8 -2.01445 0.76599
189.9 -2.0128 0.639242
190 -1.99583 0.51312
190.1 -1.96937 0.388388
190.2 -1.9368 0.265526
190.3 -1.90005 0.144851
190.4 -1.86021 0.0265893
190.5 -1.81785 -0.0890858
190.6 -1.77324 -0.202025
190.7 -1.72647 -0.312091
190.8 -1.6775 -0.419146
190.9 -1.6262 -0.523049
191 -1.57236 -0.623646
191.1 -1.51572 -0.720772
191.2 -1.45591 -0.814237
191.3 -1.39249 -0.90383
191.4 -1.32489 -0.989305
191.5 -1.25243 -1.07038
191.6 -1.17421 -1.14672
191.7 -1.08914 -1.21794
191.8 -0.995772 -1.28355
191.9 -0.89227 -1.34298
192 -0.776244 -1.39552
192.1 -0.644591 -1.44029
192.2 -0.493331 -1.47619
192.3 -0.317497 -1.50183
192.4 -0.111315 -1.51549
192.5 0.130856 -1.51508
192.6 0.411984 -1.49821
192.7 0.727401 -1.46253
192.8 1.05869 -1.40637
192.9 1.3727 -1.32971
193 1.6333 -1.23483
193.1 1.81996 -1.12583
193.2 1.93485 -1.00741
193.3 1.9939 -0.883613
193.4 2.01499 -0.757384
193.5 2.01205 -0.630647
193.6 1.99429 -0.504599
193.7 1.96732 -0.379981
193.8 1.93442 -0.257259
193.9 1.89744 -0.136741
194 1.85741 -0.0186498
194.1 1.81489 0.096844
194.2 1.77014 0.209592
194.3 1.72322 0.319458
194.4 1.67409 0.426304
194.5 1.62263 0.529987
194.6 1.56861 0.630354
194.7 1.51176 0.727237
194.8 1.45172 0.820447
194.9 1.38803 0.909768
195 1.32013 0.994954
195.1 1.24731 1.07572
195.2 1.16867 1.15173
195.3 1.08308 1.22258
195.4 0.989087 1.28779
195.5 0.884818 1.34677
195.6 0.767837 1.39882
195.7 0.63499 1.44303
195.8 0.482229 1.47827
195.9 0.304523 1.50316
196 0.0960641 1.51593
196.1 -0.148712 1.51448
196.2 -0.43244 1.49641
196.3 -0.749701 1.45937
196.4 -1.081 1.4018
196.5 -1.39244 1.32381
196.6 -1.6484 1.22782
196.7 -1.82989 1.11804
196.8 -1.94041 0.999132
196.9 -1.99635 0.875091
197 -2.01542 0.748776
197.1 -2.01123 0.622054
197.2 -1.9927 0.496084
197.3 -1.96525 0.371582
197.4 -1.93202 0.249001
197.5 -1.89481 0.128643
197.6 -1.8546 0.0107224
197.7 -1.81192 -0.10459
197.8 -1.76702 -0.217146
197.9 -1.71995 -0.326811
198 -1.67067 -0.433447
198.1 -1.61904 -0.53691
198.2 -1.56484 -0.637046
198.3 -1.50779 -0.733686
198.4 -1.44752 -0.826638
198.5 -1.38356 -0.915687
198.6 -1.31535 -1.00058
198.7 -1.24216 -1.08104
198.8 -1.16309 -1.15671
198.9 -1.07698 -1.22719
199 -0.982355 -1.292
199.1 -0.877307 -1.35054
199.2 -0.759358 -1.40208
199.3 -0.625297 -1.44572
199.4 -0.471012 -1.48031
199.5 -0.291407 -1.50443
199.6 -0.0806445 -1.51631
199.7 0.166751 -1.51381
199.8 0.453056 -1.49451
199.9 0.772072 -1.45612
200 1.10321 -1.39713
