0 2 0
0.1 1.97361 0.764727
0.2 1.93012 1.51597
0.3 1.87096 2.24742
0.4 1.79741 2.95332
0.5 1.71053 3.62834
0.6 1.61119 4.26752
0.7 1.5001 4.86621
0.8 1.3778 5.42001
0.9 1.2447 5.92467
1 1.10112 6.37612
1.1 0.947348 6.77038
1.2 0.783689 7.10358
1.3 0.610517 7.37199
1.4 0.428359 7.57205
1.5 0.237989 7.70045
1.6 0.0405132 7.75421
1.7 -0.162531 7.73089
1.8 -0.369097 7.62873
1.9 -0.576587 7.44685
2 -0.781865 7.18548
2.1 -0.981354 6.84616
2.2 -1.17122 6.43183
2.3 -1.34761 5.94695
2.4 -1.50701 5.39739
2.5 -1.64646 4.79027
2.6 -1.76379 4.13372
2.7 -1.85775 3.43651
2.8 -1.92797 2.70773
2.9 -1.97483 1.95646
3 -1.9993 1.19151
3.1 -2.00272 0.421238
3.2 -1.98664 -0.346546
3.3 -1.95262 -1.10465
3.4 -1.90217 -1.84645
3.5 -1.83664 -2.56592
3.6 -1.75722 -3.25748
3.7 -1.66488 -3.91597
3.8 -1.56041 -4.5366
3.9 -1.44444 -5.11481
4 -1.31745 -5.64629
4.1 -1.17981 -6.12687
4.2 -1.03183 -6.55251
4.3 -0.873796 -6.9193
4.4 -0.706027 -7.22341
4.5 -0.528964 -7.4612
4.6 -0.343235 -7.6292
4.7 -0.149753 -7.72423
4.8 0.0501932 -7.74356
4.9 0.254848 -7.68501
5 0.461923 -7.54721
5.1 0.668578 -7.32974
5.2 0.871468 -7.0334
5.3 1.06688 -6.66034
5.4 1.25095 -6.21418
5.5 1.41994 -5.70001
5.6 1.57056 -5.12428
5.7 1.70019 -4.49458
5.8 1.80707 -3.81936
5.9 1.89034 -3.10756
6 1.94999 -2.36829
6.1 1.98669 -1.61051
6.2 2.00158 -0.842864
6.3 1.99611 -0.0734502
6.4 1.97186 0.690198
6.5 1.93037 1.44116
6.6 1.87307 2.17307
6.7 1.80126 2.88012
6.8 1.716 3.55693
6.9 1.61821 4.19852
7 1.50859 4.80019
7.1 1.3877 5.35752
7.2 1.25596 5.86626
7.3 1.11372 6.3223
7.4 0.961267 6.72166
7.5 0.798893 7.06047
7.6 0.626969 7.33497
7.7 0.446009 7.54159
7.8 0.256758 7.67699
7.9 0.0602846 7.73817
8 -0.141921 7.72262
8.1 -0.347869 7.62851
8.2 -0.555024 7.45487
8.3 -0.760311 7.20181
8.4 -0.960199 6.87071
8.5 -1.15088 6.46437
8.6 -1.32851 5.98709
8.7 -1.48953 5.44457
8.8 -1.63092 4.84382
8.9 -1.75042 4.19283
9 -1.8467 3.50032
9.1 -1.91929 2.77534
9.2 -1.96849 2.02695
9.3 -1.99522 1.264
9.4 -2.00078 0.49488
9.5 -1.98669 -0.272545
9.6 -1.95452 -1.03102
9.7 -1.90577 -1.7739
9.8 -1.84183 -2.49506
9.9 -1.76387 -3.18889
10 -1.67291 -3.85021
10.1 -1.56974 -4.47418
10.2 -1.45502 -5.05622
10.3 -1.32923 -5.592
10.4 -1.19276 -6.07734
10.5 -1.04591 -6.50818
10.6 -0.888986 -6.88059
10.7 -0.722293 -7.19076
10.8 -0.54626 -7.435
10.9 -0.361495 -7.60984
11 -0.168876 -7.71207
11.1 0.0303478 -7.73889
11.2 0.234471 -7.68809
11.3 0.441261 -7.55819
11.4 0.647934 -7.34867
11.5 0.851196 -7.06021
11.6 1.04737 -6.69481
11.7 1.23259 -6.25595
11.8 1.40311 -5.74856
11.9 1.55557 -5.17896
12 1.68729 -4.55463
12.1 1.79642 -3.88394
12.2 1.88202 -3.17579
12.3 1.94398 -2.43927
12.4 1.98291 -1.68338
12.5 1.99992 -0.916771
12.6 1.99643 -0.14761
12.7 1.97401 0.616518
12.8 1.9342 1.36863
12.9 1.87845 2.10232
13 1.80807 2.81172
13.1 1.72415 3.49141
13.2 1.6276 4.13637
13.3 1.51917 4.74189
13.4 1.39942 5.30351
13.5 1.26878 5.81697
13.6 1.12761 6.27815
13.7 0.976198 6.68305
13.8 0.814836 7.02779
13.9 0.643885 7.30861
14 0.46384 7.52192
14.1 0.275421 7.66434
14.2 0.0796617 7.73284
14.3 -0.121994 7.72486
14.4 -0.327608 7.63848
14.5 -0.534701 7.47266
14.6 -0.740248 7.22737
14.7 -0.940759 6.90388
14.8 -1.13245 6.50484
14.9 -1.31146 6.03439
15 -1.4742 5.49812
15.1 -1.61758 4.90288
15.2 -1.73927 4.25661
15.3 -1.83784 3.56795
15.4 -1.91273 2.84593
15.5 -1.96419 2.09963
15.6 -1.99307 1.33792
15.7 -2.00064 0.569235
15.8 -1.98842 -0.198502
15.9 -1.95797 -0.957982
16 -1.9108 -1.70249
16.1 -1.84831 -2.42587
16.2 -1.77169 -3.12245
16.3 -1.68198 -3.78703
16.4 -1.58 -4.41471
16.5 -1.4664 -5.00092
16.6 -1.34169 -5.54129
16.7 -1.20627 -6.03162
16.8 -1.06045 -6.46786
16.9 -0.904514 -6.84605
17 -0.738779 -7.16238
17.1 -0.563658 -7.41314
17.2 -0.379736 -7.59483
17.3 -0.187861 -7.70422
17.4 0.0107579 -7.73847
17.5 0.214463 -7.69529
17.6 0.421076 -7.57313
17.7 0.627866 -7.37136
17.8 0.831585 -7.09054
17.9 1.02858 -6.73254
18 1.21501 -6.30068
18.1 1.38709 -5.79976
18.2 1.54142 -5.23597
18.3 1.67524 -4.61668
18.4 1.78662 -3.9502
18.5 1.87451 -3.24538
18.6 1.93875 -2.51131
18.7 1.97988 -1.757
18.8 1.99897 -0.991147
18.9 1.99742 -0.221973
19 1.97678 0.542882
19.1 1.9386 1.29638
19.2 1.88435 2.03205
19.3 1.81535 2.74399
19.4 1.73271 3.42673
19.5 1.63737 4.07522
19.6 1.53008 4.68471
19.7 1.41141 5.25074
19.8 1.28183 5.76901
19.9 1.14168 6.2354
20 0.991254 6.64591
20.1 0.830854 6.99663
20.2 0.660826 7.28379
20.3 0.481648 7.50378
20.4 0.294014 7.6532
20.5 0.0989238 7.72899
20.6 -0.102223 7.72852
20.7 -0.307539 7.64981
20.8 -0.514599 7.49172
20.9 -0.720428 7.25412
21 -0.921578 6.93814
21.1 -1.11428 6.5463
21.2 -1.29468 6.08259
21.3 -1.45913 5.55244
21.4 -1.60449 4.96263
21.5 -1.72836 4.32098
21.6 -1.82921 3.63608
21.7 -1.9064 2.91693
21.8 -1.9601 2.17263
21.9 -1.99112 1.41207
22 -2.00071 0.643748
22.1 -1.99034 -0.124375
22.2 -1.96159 -0.884927
22.3 -1.91599 -1.63113
22.4 -1.85493 -2.35678
22.5 -1.77964 -3.05618
22.6 -1.69117 -3.72405
22.7 -1.59035 -4.35549
22.8 -1.47786 -4.9459
22.9 -1.35421 -5.49088
23 -1.21982 -5.98622
23.1 -1.075 -6.42786
23.2 -0.920035 -6.81184
23.3 -0.755239 -7.13432
23.4 -0.581011 -7.39159
23.5 -0.397915 -7.58011
23.6 -0.20677 -7.69664
23.7 -0.00874622 -7.73828
23.8 0.194547 -7.70269
23.9 0.400982 -7.58822
24 0.607884 -7.39418
24.1 0.812049 -7.12097
24.2 1.00986 -6.77034
24.3 1.19748 -6.34546
24.4 1.3711 -5.851
24.5 1.52728 -5.29301
24.6 1.66319 -4.67877
24.7 1.7768 -4.0165
24.8 1.86699 -3.31501
24.9 1.93351 -2.58339
25 1.97684 -1.83068
25.1 1.99801 -1.06559
25.2 1.99839 -0.296413
25.3 1.97953 0.469163
25.4 1.94299 1.22404
25.5 1.89024 1.96169
25.6 1.82262 2.67616
25.7 1.74126 3.36195
25.8 1.64712 4.01396
25.9 1.54096 4.62742
26 1.42337 5.19784
26.1 1.29483 5.72092
26.2 1.1557 6.19251
26.3 1.00626 6.6086
26.4 0.846814 6.96527
26.5 0.677703 7.25875
26.6 0.499388 7.4854
26.7 0.312538 7.6418
26.8 0.118118 7.72484
26.9 -0.0825128 7.73186
27 -0.28752 7.6608
27.1 -0.49453 7.51043
27.2 -0.70062 7.28051
27.3 -0.902382 6.97205
27.4 -1.09607 6.58741
27.5 -1.27782 6.13045
27.6 -1.44397 5.60647
27.7 -1.5913 5.02212
27.8 -1.71733 4.38513
27.9 -1.82045 3.70404
28 -1.89994 2.98782
28.1 -1.95589 2.24557
28.2 -1.98906 1.48622
28.3 -2.00066 0.718295
28.4 -1.99216 -0.0501734
28.5 -1.96512 -0.811758
28.6 -1.92109 -1.55963
28.7 -1.86147 -2.28752
28.8 -1.78752 -2.98969
28.9 -1.70028 -3.66083
29 -1.60063 -4.29601
29.1 -1.48924 -4.89058
29.2 -1.36666 -5.44015
29.3 -1.2333 -5.94048
29.4 -1.08947 -6.38749
29.5 -0.93548 -6.77723
29.6 -0.771623 -7.10583
29.7 -0.598288 -7.36957
29.8 -0.416021 -7.5649
29.9 -0.225613 -7.68854
30 -0.0281938 -7.73755
30.1 0.174672 -7.70952
30.2 0.38091 -7.60275
30.3 0.587897 -7.41642
30.4 0.79248 -7.15083
30.5 0.991072 -6.80758
30.6 1.17984 -6.38972
30.7 1.35498 -5.90176
30.8 1.51299 -5.34963
30.9 1.65096 -4.7405
31 1.76679 -4.08251
31.1 1.85928 -3.38443
31.2 1.92808 -2.65533
31.3 1.97362 -1.90427
31.4 1.99688 -1.14002
31.5 1.99921 -0.370896
31.6 1.98215 0.395347
31.7 1.94726 1.15155
31.8 1.89602 1.89114
31.9 1.82978 2.6081
32 1.74971 3.29689
32.1 1.65677 3.95239
32.2 1.55175 4.56978
32.3 1.43525 5.14457
32.4 1.30775 5.67241
32.5 1.16963 6.14917
32.6 1.02118 6.5708
32.7 0.86269 6.9334
32.8 0.694498 7.23316
32.9 0.51705 7.46644
33 0.330991 7.62979
33.1 0.137253 7.72006
33.2 -0.0628484 7.73455
33.3 -0.267526 7.67113
33.4 -0.47446 7.52847
33.5 -0.680781 7.30623
33.6 -0.883122 7.0053
33.7 -1.07776 6.6279
33.8 -1.26084 6.17774
33.9 -1.42864 5.65998
34 -1.57792 5.08116
34.1 -1.7061 4.44891
34.2 -1.81148 3.77171
34.3 -1.89327 3.05849
34.4 -1.95148 2.31837
34.5 -1.98681 1.56029
34.6 -2.00044 0.792844
34.7 -1.99381 0.0240947
34.8 -1.96851 -0.738464
34.9 -1.92606 -1.48794
35 -1.86789 -2.21803
35.1 -1.79528 -2.92293
35.2 -1.70929 -3.5973
35.3 -1.6108 -4.23617
35.4 -1.50053 -4.83487
35.5 -1.37901 -5.38898
35.6 -1.24668 -5.89426
35.7 -1.10386 -6.34662
35.8 -0.950836 -6.74207
35.9 -0.78792 -7.07676
36 -0.615483 -7.34694
36.1 -0.434052 -7.54906
36.2 -0.244389 -7.67977
36.3 -0.0475886 -7.73613
36.4 0.154831 -7.71566
36.5 0.360848 -7.61656
36.6 0.567893 -7.43795
36.7 0.772859 -7.17999
36.8 0.972197 -6.84416
36.9 1.16209 -6.43335
37 1.33871 -5.95195
37.1 1.49851 -5.40574
37.2 1.63853 -4.80179
37.3 1.75658 -4.14815
37.4 1.85135 -3.45356
37.5 1.92244 -2.72708
37.6 1.9702 -1.97776
37.7 1.99557 -1.21441
37.8 1.99986 -0.445408
37.9 1.98461 0.321436
38 1.95137 1.07891
38.1 1.90166 1.82038
38.2 1.83682 2.53978
38.3 1.75805 3.23153
38.4 1.66632 3.89047
38.5 1.56243 4.51176
38.6 1.44702 5.09086
38.7 1.32058 5.62344
38.8 1.18347 6.10532
38.9 1.036 6.53247
39 0.878476 6.90096
39.1 0.711207 7.20697
39.2 0.534631 7.44684
39.3 0.349371 7.61711
39.4 0.156326 7.71459
39.5 -0.0432281 7.73652
39.6 -0.247555 7.68072
39.7 -0.454387 7.54577
39.8 -0.660908 7.33123
39.9 -0.863793 7.03784
40 -1.05935 6.66771
40.1 -1.24371 6.2244
40.2 -1.41315 5.71293
40.3 -1.56434 5.13971
40.4 -1.69466 4.51227
40.5 -1.8023 3.83904
40.6 -1.88638 3.12892
40.7 -1.94685 2.39101
40.8 -1.98436 1.63429
40.9 -2.00003 0.867382
41 -1.9953 0.0984216
41.1 -1.97173 -0.665047
41.2 -1.93088 -1.41608
41.3 -1.87418 -2.14831
41.4 -1.80291 -2.85589
41.5 -1.71818 -3.53344
41.6 -1.62087 -4.17595
41.7 -1.51171 -4.77874
41.8 -1.39127 -5.33736
41.9 -1.25996 -5.84756
42 -1.11814 -6.30522
42.1 -0.9661 -6.70636
42.2 -0.804128 -7.0471
42.3 -0.632594 -7.32369
42.4 -0.452005 -7.53254
42.5 -0.263098 -7.67032
42.6 -0.06693 -7.73399
42.7 0.135025 -7.72105
42.8 0.340797 -7.62964
42.9 0.54787 -7.45873
43 0.753187 -7.20842
43.1 0.953234 -6.88003
43.2 1.14421 -6.47633
43.3 1.32228 -6.00153
43.4 1.48385 -5.46131
43.5 1.6259 -4.86261
43.6 1.74614 -4.21342
43.7 1.8432 -3.5224
43.8 1.91659 -2.79861
43.9 1.96657 -2.05111
44 1.99405 -1.28875
44.1 2.00032 -0.519942
44.2 1.9869 0.247437
44.3 1.95534 1.00611
44.4 1.90716 1.74941
44.5 1.84373 2.4712
44.6 1.76626 3.16587
44.7 1.67575 3.82819
44.8 1.57301 4.45334
44.9 1.45869 5.03672
45 1.3333 5.57399
45.1 1.19721 6.06096
45.2 1.05074 6.49359
45.3 0.89417 6.86793
45.4 0.727829 7.18016
45.5 0.552131 7.42659
45.6 0.367678 7.60375
45.7 0.175339 7.70841
45.8 -0.0236531 7.73777
45.9 -0.227608 7.68957
46 -0.434312 7.56233
46.1 -0.641001 7.35549
46.2 -0.844395 7.06967
46.3 -1.04083 6.70684
46.4 -1.22644 6.27042
46.5 -1.39748 5.7653
46.6 -1.55057 5.19774
46.7 -1.683 4.57521
46.8 -1.79289 3.90602
46.9 -1.87927 3.19908
47 -1.94201 2.46347
47.1 -1.9817 1.70818
47.2 -1.99942 0.941901
47.3 -1.99661 0.172801
47.4 -1.9748 -0.591514
47.5 -1.93555 -1.34404
47.6 -1.88033 -2.07835
47.7 -1.81042 -2.78856
47.8 -1.72695 -3.46925
47.9 -1.63083 -4.11537
48 -1.52279 -4.7222
48.1 -1.40342 -5.28529
48.2 -1.27315 -5.80036
48.3 -1.13234 -6.26328
48.4 -0.981271 -6.67007
48.5 -0.820246 -7.01683
48.6 -0.649619 -7.2998
48.7 -0.46988 -7.51537
48.8 -0.281738 -7.66016
48.9 -0.0862167 -7.73114
49 0.115255 -7.72572
49.1 0.320759 -7.64196
49.2 0.527831 -7.47878
49.3 0.733465 -7.23612
49.4 0.934187 -6.9152
49.5 1.12621 -6.51863
49.6 1.30569 -6.05049
49.7 1.46901 -5.51633
49.8 1.61306 -4.92296
49.9 1.73549 -4.27829
50 1.83483 -3.59093
50.1 1.91051 -2.86992
50.2 1.96273 -2.12432
50.3 1.99234 -1.36302
50.4 2.0006 -0.594489
50.5 1.98901 0.173356
50.6 1.95914 0.933178
50.7 1.91251 1.67824
50.8 1.85051 2.40237
50.9 1.77435 3.0999
51 1.68506 3.76557
51.1 1.58348 4.39452
51.2 1.47026 4.98214
51.3 1.34592 5.52407
51.4 1.21085 6.01609
51.5 1.06537 6.45416
51.6 0.909773 6.83431
51.7 0.744362 7.15272
51.8 0.569549 7.40569
51.9 0.385911 7.58971
52 0.194288 7.70152
52.1 -0.00412518 7.73828
52.2 -0.207687 7.69768
52.3 -0.414237 7.57814
52.4 -0.621063 7.379
52.5 -0.824932 7.10077
52.6 -1.02221 6.74528
52.7 -1.20904 6.3158
52.8 -1.38164 5.81708
52.9 -1.5366 5.25527
53 -1.67113 4.6377
53.1 -1.78326 3.97266
53.2 -1.87194 3.26897
53.3 -1.93696 2.53574
53.4 -1.97883 1.78198
53.5 -1.99863 1.0164
53.6 -1.99773 0.247225
53.7 -1.9777 -0.517869
53.8 -1.94008 -1.27183
53.9 -1.88634 -2.00817
54 -1.81781 -2.72096
54.1 -1.7356 -3.40473
54.2 -1.64067 -4.05441
54.3 -1.53376 -4.66525
54.4 -1.41547 -5.23277
54.5 -1.28624 -5.75267
54.6 -1.14643 -6.22082
54.7 -0.996348 -6.63322
54.8 -0.836274 -6.98596
54.9 -0.666559 -7.27527
55 -0.487675 -7.49753
55.1 -0.300309 -7.64932
55.2 -0.105447 -7.72757
55.3 0.095524 -7.72964
55.4 0.300736 -7.65354
55.5 0.507779 -7.49807
55.6 0.713698 -7.26308
55.7 0.915058 -6.94966
55.8 1.10809 -6.56026
55.9 1.28896 -6.09884
56 1.45399 -5.57079
56.1 1.60002 -4.98283
56.2 1.72462 -4.34276
56.3 1.82624 -3.65915
56.4 1.90421 -2.94099
56.5 1.95868 -2.19739
56.6 1.99043 -1.43723
56.7 2.0007 -0.669043
56.8 1.99096 0.0991992
56.9 1.9628 0.860103
57 1.91772 1.60687
57.1 1.85715 2.33329
57.2 1.78232 3.03363
57.3 1.69426 3.70261
57.4 1.59384 4.33532
57.5 1.48172 4.92714
57.6 1.35844 5.47368
57.7 1.2244 5.97072
57.8 1.07992 6.41419
57.9 0.925284 6.80012
58 0.760808 7.12468
58.1 0.586883 7.38415
58.2 0.404068 7.57499
58.3 0.213173 7.69393
58.4 0.015354 7.73808
58.5 -0.187795 7.70505
58.6 -0.394165 7.5932
58.7 -0.601098 7.40177
58.8 -0.805408 7.13115
58.9 -1.00349 6.78303
59 -1.1915 6.36053
59.1 -1.36564 5.86827
59.2 -1.52244 5.31226
59.3 -1.65905 4.69975
59.4 -1.77342 4.03893
59.5 -1.86439 3.33859
59.6 -1.93168 2.60782
59.7 -1.97576 1.85566
59.8 -1.99764 1.09086
59.9 -1.99868 0.321689
60 -1.98043 -0.444119
60.1 -1.94445 -1.19945
60.2 -1.89221 -1.93777
60.3 -1.82506 -2.65309
60.4 -1.74414 -3.33989
60.5 -1.6504 -3.99309
60.6 -1.54463 -4.60789
60.7 -1.42741 -5.1798
60.8 -1.29923 -5.7045
60.9 -1.16043 -6.17784
61 -1.01133 -6.59581
61.1 -0.852212 -6.9545
61.2 -0.683412 -7.25012
61.3 -0.505391 -7.47902
61.4 -0.318809 -7.63778
61.5 -0.12462 -7.72328
61.6 0.0758329 -7.73284
61.7 0.28073 -7.66438
61.8 0.487717 -7.51662
61.9 0.693888 -7.28931
62 0.895851 -6.9834
62.1 1.08986 -6.60121
62.2 1.27207 -6.14656
62.3 1.43878 -5.62469
62.4 1.58677 -5.04221
62.5 1.71354 -4.40682
62.6 1.81743 -3.72704
62.7 1.89769 -3.01183
62.8 1.95441 -2.2703
62.9 1.98832 -1.51137
63 2.0006 -0.743597
63.1 1.99274 0.0249729
63.2 1.96629 0.786894
63.3 1.92279 1.53532
63.4 1.86367 2.26396
63.5 1.79016 2.96706
63.6 1.70335 3.6393
63.7 1.60409 4.27574
63.8 1.49308 4.87171
63.9 1.37086 5.42282
64 1.23785 5.92484
64.1 1.09436 6.37367
64.2 0.940702 6.76535
64.3 0.777164 7.09602
64.4 0.604134 7.36195
64.5 0.42215 7.55959
64.6 0.231993 7.68563
64.7 0.0347828 7.73714
64.8 -0.167933 7.71168
64.9 -0.374099 7.60752
65 -0.581109 7.4238
65.1 -0.785825 7.1608
65.2 -0.984674 6.82007
65.3 -1.17383 6.4046
65.4 -1.34948 5.91886
65.5 -1.5081 5.36873
65.6 -1.64676 4.76135
65.7 -1.76335 4.10483
65.8 -1.85661 3.40792
65.9 -1.92619 2.67971
66 -1.97248 1.92923
66.1 -1.99646 1.16528
66.2 -1.99945 0.396184
66.3 -1.983 -0.37027
66.4 -1.94867 -1.12691
66.5 -1.89795 -1.86715
66.6 -1.83219 -2.58494
66.7 -1.75255 -3.27474
66.8 -1.66002 -3.93141
66.9 -1.55538 -4.55013
67 -1.43926 -5.12638
67.1 -1.31212 -5.65584
67.2 -1.17434 -6.13434
67.3 -1.02622 -6.55785
67.4 -0.868058 -6.92245
67.5 -0.700179 -7.22434
67.6 -0.523026 -7.45986
67.7 -0.337237 -7.62556
67.8 -0.143733 -7.71828
67.9 0.0561838 -7.7353
68 0.260745 -7.67446
68.1 0.467647 -7.53442
68.2 0.674039 -7.3148
68.3 0.876569 -7.01642
68.4 1.07152 -6.64148
68.5 1.25504 -6.19364
68.6 1.4234 -5.67802
68.7 1.57333 -5.10109
68.8 1.70224 -4.47046
68.9 1.80839 -3.7946
69 1.89095 -3.08242
69.1 1.94993 -2.34304
69.2 1.986 -1.58542
69.3 2.00032 -0.818144
69.4 1.99434 -0.0493162
69.5 1.96962 0.713558
69.6 1.92771 1.46357
69.7 1.87004 2.19439
69.8 1.79788 2.90021
69.9 1.71232 3.57566
70 1.61423 4.21577
70.1 1.50434 4.81586
70.2 1.38318 5.37151
70.3 1.2512 5.87846
70.4 1.10872 6.33262
70.5 0.956027 6.73001
70.6 0.793431 7.06676
70.7 0.6213 7.33912
70.8 0.440154 7.54352
70.9 0.250747 7.67664
71 0.0541595 7.73548
71.1 -0.148105 7.71757
71.2 -0.354041 7.62108
71.3 -0.561099 7.44508
71.4 -0.766187 7.18972
71.5 -0.96577 6.85641
71.6 -1.15603 6.44801
71.7 -1.33315 5.96884
71.8 -1.49356 5.42466
71.9 -1.63427 4.82248
72 -1.75306 4.17035
72.1 -1.84861 3.47696
72.2 -1.92048 2.75138
72.3 -1.96899 2.00267
72.4 -1.99507 1.23965
72.5 -2.00004 0.470704
72.6 -1.9854 -0.296329
72.7 -1.95274 -1.05422
72.8 -1.90354 -1.79631
72.9 -1.83918 -2.51653
73 -1.76085 -3.20928
73.1 -1.66953 -3.86937
73.2 -1.56603 -4.49197
73.3 -1.451 -5.07253
73.4 -1.32491 -5.60671
73.5 -1.18814 -6.09032
73.6 -1.04102 -6.51933
73.7 -0.883813 -6.88981
73.8 -0.716858 -7.19794
73.9 -0.54058 -7.44004
74 -0.355593 -7.61265
74.1 -0.162786 -7.71257
74.2 0.0365788 -7.73703
74.3 0.240782 -7.68381
74.4 0.447574 -7.55147
74.5 0.654154 -7.33955
74.6 0.857216 -7.04873
74.7 1.05307 -6.68107
74.8 1.23786 -6.24009
74.9 1.40785 -5.73077
75 1.55969 -5.15946
75.1 1.69072 -4.53368
75.2 1.79913 -3.86181
75.3 1.88399 -3.15276
75.4 1.94523 -2.41562
75.5 1.98348 -1.65938
75.6 1.99984 -0.892677
75.7 1.99576 -0.123662
75.8 1.97279 0.640101
75.9 1.93248 1.39165
76 1.87628 2.12459
76.1 1.80548 2.83307
76.2 1.72117 3.51169
76.3 1.62426 4.15543
76.4 1.51548 4.7596
76.5 1.3954 5.31974
76.6 1.26445 5.83159
76.7 1.12297 6.29104
76.8 0.97126 6.6941
76.9 0.809609 7.03689
77 0.638382 7.31565
77.1 0.458081 7.52679
77.2 0.269432 7.66695
77.3 0.0734825 7.73311
77.4 -0.128311 7.72272
77.5 -0.333994 7.6339
77.6 -0.54107 7.46562
77.7 -0.746498 7.2179
77.8 -0.946778 6.89205
77.9 -1.13812 6.49076
78 -1.31667 6.01822
78.1 -1.47884 5.48004
78.2 -1.62156 4.88315
78.3 -1.74255 4.23548
78.4 -1.84039 3.5457
78.5 -1.91455 2.82284
78.6 -1.96529 2.07597
78.7 -1.99349 1.31396
78.8 -2.00044 0.545243
78.9 -1.98763 -0.222302
79 -1.95665 -0.981375
79.1 -1.90899 -1.72528
79.2 -1.84605 -2.44787
79.3 -1.76902 -3.14351
79.4 -1.67892 -3.80698
79.5 -1.57658 -4.43342
79.6 -1.46263 -5.01824
79.7 -1.33759 -5.5571
79.8 -1.20185 -6.04579
79.9 -1.05572 -6.48027
80 -0.899477 -6.85658
80.1 -0.73345 -7.17091
80.2 -0.558052 -7.41957
80.3 -0.373875 -7.59906
80.4 -0.181777 -7.70615
80.5 0.0170196 -7.73802
80.6 0.220843 -7.69241
80.7 0.427498 -7.56778
80.8 0.634237 -7.36355
80.9 0.837796 -7.08031
81 1.03452 -6.71997
81.1 1.22055 -6.2859
81.2 1.39212 -5.78294
81.3 1.54585 -5.21733
81.4 1.679 -4.59647
81.5 1.78965 -3.92868
81.6 1.87681 -3.22283
81.7 1.94032 -2.48802
81.8 1.98075 -1.73324
81.9 1.99918 -0.967189
82 1.99701 -0.198057
82.1 1.9758 0.566529
82.2 1.9371 1.31955
82.3 1.88238 2.05456
82.4 1.81294 2.76565
82.5 1.7299 3.44739
82.6 1.63418 4.09472
82.7 1.52653 4.70292
82.8 1.40752 5.26751
82.9 1.2776 5.78423
83 1.13713 6.24893
83.1 0.986399 6.65763
83.2 0.825697 7.00642
83.3 0.655378 7.29154
83.4 0.475929 7.50939
83.5 0.288049 7.65656
83.6 0.0927503 7.73001
83.7 -0.108554 7.72713
83.8 -0.313961 7.64598
83.9 -0.521026 7.48541
84 -0.726761 7.24535
84.1 -0.927703 6.92697
84.2 -1.12008 6.53283
84.3 -1.30003 6.06697
84.4 -1.46393 5.53487
84.5 -1.60866 4.94333
84.6 -1.73183 4.30021
84.7 -1.83194 3.61412
84.8 -1.9084 2.89407
84.9 -1.96138 2.14914
85 -1.99171 1.38822
85.1 -2.00066 0.619794
85.2 -1.98969 -0.148194
85.3 -1.9604 -0.90839
85.4 -1.9143 -1.65404
85.5 -1.85278 -2.37895
85.6 -1.77707 -3.07744
85.7 -1.6882 -3.74424
85.8 -1.58701 -4.37447
85.9 -1.47416 -4.96352
86 -1.35018 -5.50702
86.1 -1.21546 -6.00075
86.2 -1.07032 -6.44065
86.3 -0.915048 -6.82277
86.4 -0.749954 -7.14327
86.5 -0.575442 -7.39845
86.6 -0.392082 -7.58479
86.7 -0.200705 -7.69902
86.8 -0.00249196 -7.73829
86.9 0.200932 -7.70027
87 0.407424 -7.58333
87.1 0.61429 -7.38681
87.2 0.818312 -7.11117
87.3 1.01586 -6.75817
87.4 1.2031 -6.33106
87.5 1.37623 -5.83452
87.6 1.53182 -5.27467
87.7 1.66706 -4.65881
87.8 1.77995 -3.99519
87.9 1.8694 -3.29264
88 1.93519 -2.56023
88.1 1.97781 -1.807
88.2 1.99832 -1.04167
88.3 1.99808 -0.272495
88.4 1.97864 0.492848
88.5 1.94158 1.24728
88.6 1.88835 1.9843
88.7 1.82028 2.69795
88.8 1.73851 3.38276
88.9 1.64399 4.03364
89 1.53746 4.64583
89.1 1.41953 5.21484
89.2 1.29066 5.73637
89.3 1.1512 6.20629
89.4 1.00144 6.62059
89.5 0.841694 6.97535
89.6 0.672289 7.26681
89.7 0.493697 7.49132
89.8 0.306596 7.64548
89.9 0.111961 7.72619
90 -0.0888359 7.73081
90.1 -0.293943 7.6573
90.2 -0.500971 7.50445
90.3 -0.706979 7.27207
90.4 -0.908547 6.96119
90.5 -1.10192 6.57424
90.6 -1.28324 6.1151
90.7 -1.44885 5.58915
90.8 -1.59555 5.00304
90.9 -1.72089 4.36455
91 -1.82327 3.68223
91.1 -1.90202 2.96506
91.2 -1.95725 2.22215
91.3 -1.98973 1.4624
91.4 -2.00068 0.694349
91.5 -1.99158 -0.0740129
91.6 -1.964 -0.835269
91.7 -1.91946 -1.58261
91.8 -1.85938 -2.30978
91.9 -1.785 -3.01107
92 -1.69736 -3.68116
92.1 -1.59733 -4.31514
92.2 -1.48559 -4.90838
92.3 -1.36267 -5.45647
92.4 -1.22898 -5.9552
92.5 -1.08483 -6.4005
92.6 -0.930527 -6.78839
92.7 -0.766369 -7.11502
92.8 -0.592748 -7.37669
92.9 -0.410214 -7.56984
93 -0.219569 -7.69119
93.1 -0.0219542 -7.73784
93.2 0.18105 -7.70739
93.3 0.387354 -7.59814
93.4 0.594316 -7.40933
93.5 0.798768 -7.1413
93.6 0.997112 -6.79568
93.7 1.18552 -6.37556
93.8 1.36017 -5.88551
93.9 1.5176 -5.33149
94 1.6549 -4.72071
94.1 1.77002 -4.06134
94.2 1.86177 -3.36216
94.3 1.92984 -2.63224
94.4 1.97467 -1.88065
94.5 1.99726 -1.11612
94.6 1.99896 -0.34697
94.7 1.98132 0.419064
94.8 1.9459 1.17484
94.9 1.89418 1.91382
95 1.82749 2.62999
95.1 1.74701 3.31782
95.2 1.65368 3.97219
95.3 1.54829 4.58833
95.4 1.43144 5.16172
95.5 1.30361 5.68804
95.6 1.16516 6.16313
95.7 1.0164 6.58299
95.8 0.8576 6.94369
95.9 0.689113 7.24144
96 0.511386 7.47259
96.1 0.325072 7.63371
96.2 0.131114 7.72166
96.3 -0.0691588 7.73375
96.4 -0.273944 7.66788
96.5 -0.480906 7.52275
96.6 -0.687156 7.29804
96.7 -0.889314 6.99469
96.8 -1.08365 6.61496
96.9 -1.26631 6.16261
97 -1.43358 5.64285
97.1 -1.58223 5.06225
97.2 -1.70973 4.42847
97.3 -1.81438 3.75001
97.4 -1.89543 3.03582
97.5 -1.95291 2.29501
97.6 -1.98755 1.53651
97.7 -2.00053 0.768901
97.8 -1.9933 0.000235413
97.9 -1.96744 -0.762017
98 -1.92448 -1.51099
98.1 -1.86584 -2.24037
98.2 -1.7928 -2.9444
98.3 -1.70641 -3.61774
98.4 -1.60755 -4.25543
98.5 -1.49691 -4.8528
98.6 -1.37506 -5.40546
98.7 -1.24239 -5.90916
98.8 -1.09925 -6.3598
98.9 -0.945914 -6.75342
99 -0.782695 -7.08616
99.1 -0.60997 -7.35428
99.2 -0.428269 -7.55421
99.3 -0.238366 -7.68266
99.4 -0.0413655 -7.73666
99.5 0.161199 -7.71376
99.6 0.36729 -7.6122
99.7 0.574319 -7.43111
99.8 0.779166 -7.1707
99.9 0.978268 -6.83249
100 1.1678 -6.41941
100.1 1.34395 -5.93589
100.2 1.50318 -5.38777
100.3 1.64255 -4.78215
100.4 1.75988 -4.12711
100.5 1.85392 -3.43139
100.6 1.92428 -2.70406
100.7 1.97132 -1.95417
100.8 1.99601 -1.19052
100.9 1.99967 -0.421475
101 1.98383 0.345183
101.1 1.95007 1.10225
101.2 1.89986 1.84313
101.3 1.83458 2.56175
101.4 1.75538 3.25256
101.5 1.66326 3.91039
101.6 1.55901 4.53044
101.7 1.44325 5.10815
101.8 1.31647 5.63922
101.9 1.17903 6.11946
102 1.03125 6.54484
102.1 0.873416 6.91144
102.2 0.70585 7.21545
102.3 0.528994 7.45321
102.4 0.343476 7.62125
102.5 0.150207 7.71642
102.6 -0.0495245 7.73597
102.7 -0.253966 7.67772
102.8 -0.460834 7.54029
102.9 -0.667294 7.32328
103 -0.870008 7.02747
103.1 -1.06527 6.655
103.2 -1.24922 6.20948
103.3 -1.41814 5.69599
103.4 -1.56872 5.12096
103.5 -1.69835 4.49197
103.6 -1.80527 3.81745
103.7 -1.88862 3.10633
103.8 -1.94836 2.3677
103.9 -1.98516 1.61053
104 -2.00018 0.843444
104.1 -1.99484 0.0745444
104.2 -1.97071 -0.688639
104.3 -1.92935 -1.43918
104.4 -1.87217 -2.17073
104.5 -1.80047 -2.87745
104.6 -1.71533 -3.55398
104.7 -1.61765 -4.19533
104.8 -1.50813 -4.79681
104.9 -1.38734 -5.35399
105 -1.25571 -5.86261
105.1 -1.11357 -6.31857
105.2 -0.961208 -6.71789
105.3 -0.798932 -7.05669
105.4 -0.627108 -7.33123
105.5 -0.446247 -7.53792
105.6 -0.257097 -7.67343
105.7 -0.0607242 -7.73476
105.8 0.141382 -7.7194
105.9 0.347236 -7.62552
106 0.554302 -7.45214
106.1 0.75951 -7.19937
106.2 0.959333 -6.86859
106.3 1.14997 -6.4626
106.4 1.32757 -5.98567
106.5 1.48858 -5.44352
106.6 1.62998 -4.84313
106.7 1.74952 -4.1925
106.8 1.84584 -3.50033
106.9 1.91849 -2.77566
107 1.96776 -2.02756
107.1 1.99456 -1.26488
107.2 2.00019 -0.496002
107.3 1.98618 0.271212
107.4 1.95408 1.02951
107.5 1.90541 1.77223
107.6 1.84153 2.49326
107.7 1.76364 3.18699
107.8 1.67273 3.84823
107.9 1.56962 4.47214
108 1.45496 5.05415
108.1 1.32922 5.58992
108.2 1.19281 6.07526
108.3 1.04602 6.50613
108.4 0.88914 6.8786
108.5 0.7225 7.18883
108.6 0.54652 7.43317
108.7 0.361806 7.60811
108.8 0.169239 7.71047
108.9 -0.0299349 7.73745
109 -0.234011 7.68681
109.1 -0.44076 7.55709
109.2 -0.647398 7.34778
109.3 -0.850632 7.05953
109.4 -1.04679 6.69435
109.5 -1.232 6.25571
109.6 -1.40253 5.74854
109.7 -1.55501 5.17916
109.8 -1.68677 4.55504
109.9 -1.79594 3.88455
110 -1.88158 3.17657
110.1 -1.94359 2.44021
110.2 -1.98257 1.68446
110.3 -1.99964 0.917971
110.4 -1.9962 0.148908
110.5 -1.97383 -0.615142
110.6 -1.93407 -1.36719
110.7 -1.87837 -2.10084
110.8 -1.80803 -2.81022
110.9 -1.72414 -3.4899
111 -1.62764 -4.13486
111.1 -1.51924 -4.74041
111.2 -1.39953 -5.30206
111.3 -1.26893 -5.81557
111.4 -1.12779 -6.27681
111.5 -0.976409 -6.68179
111.6 -0.815079 -7.02662
111.7 -0.64416 -7.30754
111.8 -0.464148 -7.52096
111.9 -0.275759 -7.6635
112 -0.0800286 -7.73213
112.1 0.121601 -7.7243
112.2 0.327193 -7.63808
112.3 0.534268 -7.47242
112.4 0.739804 -7.2273
112.5 0.940313 -6.90398
112.6 1.13201 -6.50512
112.7 1.31104 -6.03483
112.8 1.4738 -5.49872
112.9 1.61721 -4.90363
113 1.73894 -4.2575
113.1 1.83755 -3.56896
113.2 1.91248 -2.84704
113.3 1.96399 -2.10082
113.4 1.99291 -1.33918
113.5 2.00053 -0.570546
113.6 1.98835 0.197157
113.7 1.95794 0.956618
113.8 1.91081 1.70112
113.9 1.84835 2.42451
114 1.77177 3.12112
114.1 1.68208 3.78572
114.2 1.58013 4.41345
114.3 1.46656 4.99972
114.4 1.34188 5.54015
114.5 1.20648 6.03056
114.6 1.06068 6.46688
114.7 0.904772 6.84517
114.8 0.739062 7.1616
114.9 0.563964 7.41248
115 0.380063 7.59429
115.1 0.188209 7.70381
115.2 -0.0103916 7.7382
115.3 -0.214082 7.69516
115.4 -0.420684 7.57314
115.5 -0.62747 7.37153
115.6 -0.83119 7.09086
115.7 -1.0282 6.73301
115.8 -1.21464 6.3013
115.9 -1.38675 5.80051
116 -1.54111 5.23685
116.1 -1.67497 4.61768
116.2 -1.78638 3.9513
116.3 -1.87432 3.24656
116.4 -1.9386 2.51255
116.5 -1.97978 1.75829
116.6 -1.99891 0.992474
116.7 -1.99739 0.223318
116.8 -1.97678 -0.541533
116.9 -1.93864 -1.29504
117 -1.88443 -2.03073
117.1 -1.81545 -2.7427
117.2 -1.73284 -3.42549
117.3 -1.63752 -4.07403
117.4 -1.53025 -4.68359
117.5 -1.41161 -5.24968
117.6 -1.28205 -5.76804
117.7 -1.14192 -6.23452
117.8 -0.991516 -6.64512
117.9 -0.831136 -6.99594
118 -0.661128 -7.28322
118.1 -0.481969 -7.50333
118.2 -0.294352 -7.65288
118.3 -0.0992773 -7.72879
118.4 0.101857 -7.72846
118.5 0.307165 -7.6499
118.6 0.51422 -7.49196
118.7 0.720051 -7.2545
118.8 0.92121 -6.93867
118.9 1.11393 -6.54696
119 1.29435 -6.08338
119.1 1.45883 -5.55336
119.2 1.60423 -4.96365
119.3 1.72814 -4.3221
119.4 1.82903 -3.63727
119.5 1.90626 -2.91819
119.6 1.96 -2.17394
119.7 1.99107 -1.41341
119.8 2.00069 -0.645099
119.9 1.99036 0.123024
120 1.96164 0.883587
120.1 1.91607 1.62982
120.2 1.85503 2.3555
120.3 1.77977 3.05494
120.4 1.69132 3.72287
120.5 1.59052 4.35438
120.6 1.47805 4.94485
120.7 1.35443 5.48991
120.8 1.22006 5.98535
120.9 1.07526 6.42708
121 0.920312 6.81117
121.1 0.755536 7.13375
121.2 0.581325 7.39114
121.3 0.398245 7.57979
121.4 0.207115 7.69644
121.5 0.00910342 7.73822
121.6 -0.19418 7.70277
121.7 -0.400611 7.58844
121.8 -0.607513 7.39454
121.9 -0.811685 7.12147
122 -1.00951 6.77098
122.1 -1.19715 6.34624
122.2 -1.3708 5.85189
122.3 -1.52701 5.29402
122.4 -1.66295 4.67987
122.5 -1.7766 4.01768
122.6 -1.86684 3.31626
122.7 -1.9334 2.5847
122.8 -1.97677 1.83201
122.9 -1.99798 1.06695
123 -1.9984 0.29777
123.1 -1.97957 -0.467816
123.2 -1.94306 -1.22271
123.3 -1.89034 -1.9604
123.4 -1.82275 -2.67491
123.5 -1.74141 -3.36075
123.6 -1.64729 -4.01282
123.7 -1.54115 -4.62636
123.8 -1.42359 -5.19686
123.9 -1.29507 -5.72002
124 -1.15595 -6.1917
124.1 -1.00653 -6.60789
124.2 -0.847103 -6.96467
124.3 -0.678009 -7.25827
124.4 -0.49971 -7.48504
124.5 -0.312875 -7.64156
124.6 -0.118469 -7.72474
124.7 0.0821525 -7.73189
124.8 0.287153 -7.66098
124.9 0.494161 -7.51074
125 0.700255 -7.28097
125.1 0.902027 -6.97264
125.2 1.09573 -6.58813
125.3 1.27751 -6.1313
125.4 1.44368 -5.60744
125.5 1.59105 -5.02319
125.6 1.71712 -4.38629
125.7 1.82028 -3.70527
125.8 1.89981 -2.98911
125.9 1.95581 -2.2469
126 1.98902 -1.48757
126.1 2.00065 -0.719654
126.2 1.99219 0.0488189
126.3 1.96518 0.81042
126.4 1.92118 1.55832
126.5 1.86159 2.28625
126.6 1.78766 2.98847
126.7 1.70044 3.65967
126.8 1.60081 4.29491
126.9 1.48945 4.88956
127 1.36689 5.43921
127.1 1.23354 5.93963
127.2 1.08974 6.38674
127.3 0.93576 6.77658
127.4 0.771921 7.10529
127.5 0.598603 7.36915
127.6 0.416351 7.56461
127.7 0.225956 7.68837
127.8 0.0285486 7.73752
127.9 -0.174309 7.70963
128 -0.380543 7.603
128.1 -0.587531 7.41681
128.2 -0.792121 7.15136
128.3 -0.990726 6.80825
128.4 -1.17952 6.39052
128.5 -1.35468 5.90268
128.6 -1.51272 5.35065
128.7 -1.65073 4.74162
128.8 -1.76661 4.0837
128.9 -1.85913 3.38569
129 -1.92798 2.65664
129.1 -1.97356 1.90561
129.2 -1.99686 1.14138
129.3 -1.99923 0.372255
129.4 -1.98219 -0.393998
129.5 -1.94733 -1.15022
129.6 -1.89612 -1.88985
129.7 -1.82991 -2.60686
129.8 -1.74986 -3.2957
129.9 -1.65695 -3.95126
130 -1.55194 -4.56873
130.1 -1.43546 -5.14359
130.2 -1.30799 -5.67152
130.3 -1.16988 -6.14837
130.4 -1.02145 -6.5701
130.5 -0.862979 -6.93281
130.6 -0.694803 -7.23269
130.7 -0.517371 -7.46609
130.8 -0.331327 -7.62956
130.9 -0.137601 -7.71996
131 0.0624897 -7.73459
131.1 0.267161 -7.67131
131.2 0.474094 -7.52879
131.3 0.680418 -7.30669
131.4 0.882769 -7.00589
131.5 1.07742 -6.62863
131.6 1.26052 -6.17859
131.7 1.42836 -5.66095
131.8 1.57767 -5.08223
131.9 1.70589 -4.45007
132 1.81132 -3.77294
132.1 1.89314 -3.05978
132.2 1.95139 -2.3197
132.3 1.98676 -1.56164
132.4 2.00043 -0.794204
132.5 1.99384 -0.0254507
132.6 1.96857 0.737125
132.7 1.92615 1.48663
132.8 1.86801 2.21676
132.9 1.79542 2.92171
133 1.70945 3.59614
133.1 1.61099 4.23507
133.2 1.50073 4.83385
133.3 1.37924 5.38804
133.4 1.24692 5.89341
133.5 1.10412 6.34587
133.6 0.951116 6.74143
133.7 0.788217 7.07622
133.8 0.615796 7.34652
133.9 0.43438 7.54876
134 0.244731 7.6796
134.1 0.0479422 7.73609
134.2 -0.154469 7.71576
134.3 -0.360482 7.61681
134.4 -0.567527 7.43833
134.5 -0.7725 7.18051
134.6 -0.971851 6.84482
134.7 -1.16176 6.43414
134.8 -1.33841 5.95286
134.9 -1.49825 5.40676
135 -1.6383 4.8029
135.1 -1.75639 4.14935
135.2 -1.8512 3.45482
135.3 -1.92234 2.72838
135.4 -1.97014 1.9791
135.5 -1.99554 1.21577
135.6 -1.99987 0.446769
135.7 -1.98465 -0.320086
135.8 -1.95145 -1.07758
135.9 -1.90176 -1.81909
136 -1.83695 -2.53853
136.1 -1.7582 -3.23034
136.2 -1.66649 -3.88933
136.3 -1.56263 -4.51069
136.4 -1.44724 -5.08987
136.5 -1.32081 -5.62254
136.6 -1.18372 -6.10451
136.7 -1.03627 -6.53176
136.8 -0.878763 -6.90036
136.9 -0.711511 -7.20648
137 -0.534951 -7.44648
137.1 -0.349706 -7.61687
137.2 -0.156674 -7.71448
137.3 0.0428703 -7.73655
137.4 0.247191 -7.68089
137.5 0.454021 -7.54608
137.6 0.660545 -7.33168
137.7 0.863439 -7.03843
137.8 1.05901 -6.66843
137.9 1.24339 -6.22524
138 1.41286 -5.71389
138.1 1.56409 -5.14077
138.2 1.69444 -4.51343
138.3 1.80213 -3.84026
138.4 1.88625 -3.1302
138.5 1.94677 -2.39233
138.6 1.98431 -1.63564
138.7 2.00002 -0.868742
138.8 1.99532 -0.0997788
138.9 1.97179 0.663706
139 1.93097 1.41477
139.1 1.87429 2.14703
139.2 1.80305 2.85466
139.3 1.71834 3.53227
139.4 1.62105 4.17485
139.5 1.51192 4.77771
139.6 1.39149 5.33642
139.7 1.26021 5.8467
139.8 1.1184 6.30446
139.9 0.966378 6.7057
140 0.804423 7.04655
140.1 0.632905 7.32326
140.2 0.452332 7.53224
140.3 0.263439 7.67014
140.4 0.0672826 7.73395
140.5 -0.134664 7.72115
140.6 -0.340431 7.62987
140.7 -0.547504 7.45911
140.8 -0.752827 7.20893
140.9 -0.952887 6.88068
141 -1.14388 6.4771
141.1 -1.32198 6.00243
141.2 -1.48359 5.46231
141.3 -1.62567 4.86372
141.4 -1.74595 4.2146
141.5 -1.84305 3.52365
141.6 -1.91648 2.79991
141.7 -1.9665 2.05245
141.8 -1.99402 1.2901
141.9 -2.00033 0.521302
142 -1.98694 -0.246086
142.1 -1.95541 -1.00478
142.2 -1.90726 -1.74811
142.3 -1.84386 -2.46995
142.4 -1.76641 -3.16467
142.5 -1.67592 -3.82705
142.6 -1.5732 -4.45227
142.7 -1.45891 -5.03573
142.8 -1.33353 -5.57308
142.9 -1.19746 -6.06015
143 -1.05101 -6.49287
143.1 -0.894456 -6.86732
143.2 -0.728131 -7.17966
143.3 -0.55245 -7.42622
143.4 -0.368011 -7.6035
143.5 -0.175685 -7.70829
143.6 0.0232962 -7.73778
143.7 0.227244 -7.68973
143.8 0.433946 -7.56262
143.9 0.640637 -7.35592
144 0.844041 -7.07024
144.1 1.04049 -6.70755
144.2 1.22612 -6.27126
144.3 1.39719 -5.76625
144.4 1.55032 -5.1988
144.5 1.68278 -4.57635
144.6 1.79272 -3.90724
144.7 1.87914 -3.20036
144.8 1.94192 -2.46479
144.9 1.98165 -1.70953
145 1.99941 -0.943261
145.1 1.99663 -0.174159
145.2 1.97485 0.59017
145.3 1.93564 1.34272
145.4 1.88044 2.07707
145.5 1.81056 2.78733
145.6 1.72711 3.46807
145.7 1.63101 4.11426
145.8 1.52299 4.72117
145.9 1.40364 5.28433
146 1.27339 5.79949
146.1 1.1326 6.26251
146.2 0.981547 6.6694
146.3 0.82054 7.01627
146.4 0.649929 7.29935
146.5 0.470205 7.51505
146.6 0.282078 7.65997
146.7 0.0865682 7.73108
146.8 -0.114895 7.7258
146.9 -0.320393 7.64218
147 -0.527465 7.47913
147.1 -0.733105 7.23662
147.2 -0.933838 6.91584
147.3 -1.12588 6.51939
147.4 -1.30539 6.05138
147.5 -1.46874 5.51732
147.6 -1.61282 4.92406
147.7 -1.7353 4.27947
147.8 -1.83468 3.59218
147.9 -1.9104 2.87121
148 -1.96266 2.12566
148.1 -1.99231 1.36438
148.2 -2.00061 0.59585
148.3 -1.98905 -0.172003
148.4 -1.95921 -0.931846
148.5 -1.91261 -1.67694
148.6 -1.85063 -2.40111
148.7 -1.7745 -3.09869
148.8 -1.68523 -3.76443
148.9 -1.58367 -4.39345
149 -1.47047 -4.98114
149.1 -1.34615 -5.52315
149.2 -1.2111 -6.01527
149.3 -1.06564 -6.45343
149.4 -0.910057 -6.83369
149.5 -0.744663 -7.15222
149.6 -0.569866 -7.40531
149.7 -0.386243 -7.58944
149.8 -0.194633 -7.70139
149.9 0.00376917 -7.73829
150 0.207324 -7.69783
150.1 0.413871 -7.57842
150.2 0.620699 -7.37942
150.3 0.824577 -7.10134
150.4 1.02186 -6.74598
150.5 1.20872 -6.31662
150.6 1.38135 -5.81802
150.7 1.53635 -5.25631
150.8 1.67091 -4.63884
150.9 1.78309 -3.97387
151 1.8718 -3.27025
151.1 1.93686 -2.53706
151.2 1.97878 -1.78332
151.3 1.99861 -1.01775
151.4 1.99775 -0.248584
151.5 1.97775 0.516524
151.6 1.94016 1.27051
151.7 1.88645 2.00689
151.8 1.81794 2.71972
151.9 1.73576 3.40355
152 1.64085 4.05329
152.1 1.53396 4.66421
152.2 1.41569 5.2318
152.3 1.28648 5.75179
152.4 1.14669 6.22005
152.5 0.996622 6.63255
152.6 0.836566 6.9854
152.7 0.666867 7.27482
152.8 0.487999 7.49719
152.9 0.300647 7.64911
153 0.105798 7.7275
153.1 -0.0951642 7.72971
153.2 -0.30037 7.65375
153.3 -0.507413 7.49842
153.4 -0.713337 7.26357
153.5 -0.914708 6.95028
153.6 -1.10776 6.56101
153.7 -1.28865 6.09971
153.8 -1.45371 5.57178
153.9 -1.59978 4.98392
154 -1.72442 4.34393
154.1 -1.82608 3.66039
154.2 -1.9041 2.94229
154.3 -1.9586 2.19872
154.4 -1.99039 1.43859
154.5 -2.0007 0.670404
154.6 -1.991 -0.0978449
154.7 -1.96286 -0.858768
154.8 -1.91782 -1.60557
154.9 -1.85727 -2.33203
155 -1.78246 -3.03241
155.1 -1.69443 -3.70146
155.2 -1.59403 -4.33424
155.3 -1.48193 -4.92613
155.4 -1.35867 -5.47275
155.5 -1.22465 -5.96989
155.6 -1.08018 -6.41345
155.7 -0.925566 -6.79949
155.8 -0.761107 -7.12416
155.9 -0.587199 -7.38375
156 -0.404399 -7.57471
156.1 -0.213517 -7.69378
156.2 -0.0157091 -7.73806
156.3 0.187432 -7.70518
156.4 0.393799 -7.59347
156.5 0.600734 -7.40218
156.6 0.805051 -7.1317
156.7 1.00314 -6.78371
156.8 1.19118 -6.36134
156.9 1.36535 -5.8692
157 1.52218 -5.3133
157.1 1.65883 -4.70088
157.2 1.77323 -4.04013
157.3 1.86425 -3.33986
157.4 1.93158 -2.60914
157.5 1.9757 -1.85701
157.6 1.99762 -1.09221
157.7 1.9987 -0.323048
157.8 1.98048 0.442772
157.9 1.94453 1.19812
158 1.89232 1.93648
158.1 1.82519 2.65184
158.2 1.74429 3.33871
158.3 1.65058 3.99197
158.4 1.54482 4.60684
158.5 1.42763 5.17883
158.6 1.29946 5.70361
158.7 1.16069 6.17705
158.8 1.0116 6.59513
158.9 0.852502 6.95392
159 0.683719 7.24965
159.1 0.505714 7.47868
159.2 0.319146 7.63757
159.3 0.124969 7.7232
159.4 -0.0754738 7.73289
159.5 -0.280365 7.66457
159.6 -0.487351 7.51695
159.7 -0.693526 7.28978
159.8 -0.895499 6.98401
159.9 -1.08953 6.60195
160 -1.27176 6.14742
160.1 -1.4385 5.62567
160.2 -1.58653 5.04328
160.3 -1.71333 4.40798
160.4 -1.81726 3.72827
160.5 -1.89757 3.01312
160.6 -1.95433 2.27163
160.7 -1.98827 1.51272
160.8 -2.0006 0.744958
160.9 -1.99277 -0.0236174
161 -1.96635 -0.785557
161.1 -1.92288 -1.53401
161.2 -1.86378 -2.26269
161.3 -1.79031 -2.96584
161.4 -1.70351 -3.63814
161.5 -1.60428 -4.27465
161.6 -1.49329 -4.8707
161.7 -1.37109 -5.42189
161.8 -1.23809 -5.924
161.9 -1.09463 -6.37293
162 -0.940983 -6.76471
162.1 -0.777462 -7.09549
162.2 -0.604448 -7.36154
162.3 -0.422479 -7.5593
162.4 -0.232336 -7.68548
162.5 -0.035137 -7.73712
162.6 0.167571 -7.7118
162.7 0.373733 -7.60777
162.8 0.580744 -7.4242
162.9 0.785467 -7.16133
163 0.98433 -6.82074
163.1 1.17351 -6.4054
163.2 1.34918 -5.91978
163.3 1.50783 -5.36976
163.4 1.64654 -4.76247
163.5 1.76316 -4.10603
163.6 1.85647 -3.40919
163.7 1.92609 -2.68102
163.8 1.97242 -1.93057
163.9 1.99643 -1.16663
164 1.99946 -0.397544
164.1 1.98305 0.368922
164.2 1.94874 1.12558
164.3 1.89805 1.86585
164.4 1.83232 2.5837
164.5 1.75271 3.27355
164.6 1.6602 3.93028
164.7 1.55558 4.54907
164.8 1.43947 5.1254
164.9 1.31235 5.65495
165 1.17459 6.13354
165.1 1.02649 6.55715
165.2 0.868346 6.92186
165.3 0.700484 7.22386
165.4 0.523347 7.4595
165.5 0.337573 7.62533
165.6 0.144082 7.71818
165.7 -0.0558256 7.73534
165.8 -0.26038 7.67464
165.9 -0.467281 7.53474
166 -0.673677 7.31526
166.1 -0.876216 7.01702
166.2 -1.07119 6.64221
166.3 -1.25473 6.1945
166.4 -1.42312 5.67899
166.5 -1.57308 5.10216
166.6 -1.70203 4.47162
166.7 -1.80822 3.79583
166.8 -1.89083 3.08371
166.9 -1.94985 2.34437
167 -1.98595 1.58677
167.1 -2.00031 0.819505
167.2 -1.99436 0.0506728
167.3 -1.96968 -0.712219
167.4 -1.9278 -1.46226
167.5 -1.87016 -2.19312
167.6 -1.79802 -2.89899
167.7 -1.71248 -3.5745
167.8 -1.61442 -4.21467
167.9 -1.50454 -4.81484
168 -1.38341 -5.37057
168.1 -1.25144 -5.87761
168.2 -1.10898 -6.33187
168.3 -0.956306 -6.72936
168.4 -0.793727 -7.06622
168.5 -0.621613 -7.3387
168.6 -0.440482 -7.54323
168.7 -0.251088 -7.67647
168.8 -0.0545127 -7.73545
168.9 0.147743 -7.71767
169 0.353675 -7.62132
169.1 0.560733 -7.44546
169.2 0.765828 -7.19024
169.3 0.965424 -6.85707
169.4 1.15571 -6.4488
169.5 1.33285 -5.96975
169.6 1.49329 -5.42567
169.7 1.63404 -4.82359
169.8 1.75287 -4.17154
169.9 1.84846 -3.47822
170 1.92037 -2.75269
170.1 1.96893 -2.00401
170.2 1.99505 -1.241
170.3 2.00005 -0.472065
170.4 1.98544 0.294979
170.5 1.95281 1.05289
170.6 1.90364 1.79502
170.7 1.83931 2.51528
170.8 1.761 3.20808
170.9 1.6697 3.86823
171 1.56623 4.49091
171.1 1.45121 5.07154
171.2 1.32514 5.6058
171.3 1.18839 6.08951
171.4 1.04128 6.51862
171.5 0.8841 6.88921
171.6 0.717162 7.19745
171.7 0.5409 7.43967
171.8 0.355927 7.61241
171.9 0.163134 7.71246
172 -0.0362214 7.73705
172.1 -0.240418 7.68397
172.2 -0.447207 7.55178
172.3 -0.653791 7.33999
172.4 -0.856863 7.04931
172.5 -1.05273 6.68179
172.6 -1.23755 6.24093
172.7 -1.40756 5.73173
172.8 -1.55944 5.16052
172.9 -1.69051 4.53483
173 -1.79896 3.86304
173.1 -1.88386 3.15404
173.2 -1.94515 2.41694
173.3 -1.98343 1.66073
173.4 -1.99983 0.894038
173.5 -1.99579 0.125019
173.6 -1.97285 -0.63876
173.7 -1.93257 -1.39033
173.8 -1.87639 -2.12331
173.9 -1.80561 -2.83184
174 -1.72133 -3.51052
174.1 -1.62444 -4.15432
174.2 -1.51569 -4.75857
174.3 -1.39562 -5.31879
174.4 -1.26469 -5.83073
174.5 -1.12323 -6.29028
174.6 -0.971537 -6.69344
174.7 -0.809903 -7.03634
174.8 -0.638693 -7.31522
174.9 -0.458407 -7.52648
175 -0.269773 -7.66676
175.1 -0.0738347 -7.73306
175.2 0.12795 -7.72281
175.3 0.333628 -7.63413
175.4 0.540704 -7.46599
175.5 0.746138 -7.21841
175.6 0.946431 -6.89269
175.7 1.13779 -6.49153
175.8 1.31636 -6.01911
175.9 1.47857 -5.48105
176 1.62133 -4.88425
176.1 1.74236 -4.23666
176.2 1.84024 -3.54695
176.3 1.91444 -2.82414
176.4 1.96522 -2.07731
176.5 1.99346 -1.31532
176.6 2.00044 -0.546604
176.7 1.98767 0.22095
176.8 1.95672 0.980044
176.9 1.90909 1.72398
177 1.84617 2.44661
177.1 1.76917 3.14231
177.2 1.67909 3.80584
177.3 1.57677 4.43235
177.4 1.46284 5.01725
177.5 1.33782 5.55619
177.6 1.2021 6.04497
177.7 1.05598 6.47955
177.8 0.899762 6.85597
177.9 0.733752 7.17042
178 0.55837 7.41919
178.1 0.374208 7.5988
178.2 0.182124 7.70603
178.3 -0.016663 7.73804
178.4 -0.22048 7.69256
178.5 -0.427132 7.56807
178.6 -0.633873 7.36398
178.7 -0.837441 7.08088
178.8 -1.03418 6.72067
178.9 -1.22023 6.28673
179 -1.39183 5.78389
179.1 -1.5456 5.21838
179.2 -1.67878 4.59761
179.3 -1.78947 3.9299
179.4 -1.87667 3.22411
179.5 -1.94023 2.48934
179.6 -1.9807 1.73459
179.7 -1.99916 0.968549
179.8 -1.99703 0.199415
179.9 -1.97585 -0.565185
180 -1.93719 -1.31823
180.1 -1.88249 -2.05328
180.2 -1.81308 -2.76442
180.3 -1.73006 -3.44621
180.4 -1.63436 -4.09361
180.5 -1.52673 -4.70188
180.6 -1.40774 -5.26656
180.7 -1.27784 -5.78336
180.8 -1.13739 -6.24816
180.9 -0.986674 -6.65696
181 -0.825989 -7.00586
181.1 -0.655688 -7.2911
181.2 -0.476254 -7.50906
181.3 -0.288388 -7.65636
181.4 -0.0931014 -7.72994
181.5 0.108194 -7.72721
181.6 0.313595 -7.64619
181.7 0.52066 -7.48576
181.8 0.7264 -7.24585
181.9 0.927354 -6.92761
182 1.11975 -6.5336
182.1 1.29972 -6.06786
182.2 1.46366 -5.53587
182.3 1.60842 -4.94443
182.4 1.73163 -4.30139
182.5 1.83179 -3.61537
182.6 1.90828 -2.89536
182.7 1.96131 -2.15047
182.8 1.99168 -1.38957
182.9 2.00066 -0.621154
183 1.98973 0.146841
183.1 1.96047 0.907057
183.2 1.91439 1.65274
183.3 1.8529 2.37769
183.4 1.77722 3.07623
183.5 1.68837 3.74309
183.6 1.5872 4.37339
183.7 1.47437 4.96252
183.8 1.35041 5.5061
183.9 1.21571 5.99992
184 1.07059 6.43992
184.1 0.915331 6.82215
184.2 0.750254 7.14276
184.3 0.575758 7.39806
184.4 0.392414 7.58452
184.5 0.20105 7.69889
184.6 0.00284766 7.73829
184.7 -0.200569 7.70041
184.8 -0.407058 7.58361
184.9 -0.613925 7.38723
185 -0.817956 7.11172
185.1 -1.01552 6.75886
185.2 -1.20278 6.33187
185.3 -1.37594 5.83546
185.4 -1.53156 5.27571
185.5 -1.66684 4.65995
185.6 -1.77977 3.9964
185.7 -1.86926 3.29391
185.8 -1.9351 2.56155
185.9 -1.97776 1.80835
186 -1.9983 1.04303
186.1 -1.99809 0.273855
186.2 -1.97869 -0.491502
186.3 -1.94166 -1.24596
186.4 -1.88846 -1.98301
186.5 -1.82042 -2.69671
186.6 -1.73867 -3.38158
186.7 -1.64417 -4.03252
186.8 -1.53766 -4.64478
186.9 -1.41975 -5.21387
187 -1.2909 -5.73549
187.1 -1.15145 -6.20551
187.2 -1.00172 -6.61991
187.3 -0.841985 -6.97478
187.4 -0.672597 -7.26635
187.5 -0.494021 -7.49098
187.6 -0.306934 -7.64527
187.7 -0.112311 -7.72612
187.8 0.0884763 -7.73087
187.9 0.293578 -7.6575
188 0.500604 -7.50479
188.1 0.706617 -7.27255
188.2 0.908197 -6.96181
188.3 1.10159 -6.57499
188.4 1.28293 -6.11598
188.5 1.44857 -5.59013
188.6 1.5953 -5.00412
188.7 1.72068 -4.36572
188.8 1.82311 -3.68347
188.9 1.90191 -2.96636
189 1.95718 -2.22348
189.1 1.9897 -1.46376
189.2 2.00068 -0.695709
189.3 1.99162 0.0726582
189.4 1.96406 0.833933
189.5 1.91955 1.5813
189.6 1.8595 2.30852
189.7 1.78514 3.00985
189.8 1.69753 3.68001
189.9 1.59752 4.31405
190 1.4858 4.90737
190.1 1.3629 5.45554
190.2 1.22922 5.95437
190.3 1.0851 6.39976
190.4 0.930809 6.78775
190.5 0.766668 7.1145
190.6 0.593063 7.37628
190.7 0.410544 7.56956
190.8 0.219912 7.69104
190.9 0.022309 7.73782
191 -0.180687 7.70751
191.1 -0.386987 7.59841
191.2 -0.593951 7.40974
191.3 -0.79841 7.14184
191.4 -0.996769 6.79636
191.5 -1.18519 6.37637
191.6 -1.35988 5.88643
191.7 -1.51733 5.33252
191.8 -1.65468 4.72184
191.9 -1.76984 4.06254
192 -1.86163 3.36342
192.1 -1.92974 2.63356
192.2 -1.97461 1.88199
192.3 -1.99724 1.11748
192.4 -1.99898 0.34833
192.5 -1.98137 -0.417717
192.6 -1.94598 -1.17352
192.7 -1.89428 -1.91253
192.8 -1.82762 -2.62874
192.9 -1.74716 -3.31663
193 -1.65386 -3.97107
193.1 -1.54849 -4.58728
193.2 -1.43166 -5.16074
193.3 -1.30385 -5.68715
193.4 -1.16542 -6.16234
193.5 -1.01667 -6.5823
193.6 -0.85789 -6.94311
193.7 -0.689419 -7.24097
193.8 -0.511708 -7.47224
193.9 -0.325409 -7.63349
194 -0.131463 -7.72157
194.1 0.0688 -7.7338
194.2 0.27358 -7.66807
194.3 0.480539 -7.52307
194.4 0.686793 -7.29851
194.5 0.888962 -6.99529
194.6 1.08332 -6.6157
194.7 1.26599 -6.16347
194.8 1.4333 -5.64383
194.9 1.58199 -5.06332
195 1.70952 -4.42963
195.1 1.81422 -3.75124
195.2 1.89531 -3.03711
195.3 1.95283 -2.29634
195.4 1.98751 -1.53786
195.5 2.00052 -0.770262
195.6 1.99333 -0.00159128
195.7 1.9675 0.760678
195.8 1.92457 1.50968
195.9 1.86596 2.23911
196 1.79294 2.94318
196.1 1.70657 3.61658
196.2 1.60773 4.25433
196.3 1.49712 4.85179
196.4 1.37528 5.40452
196.5 1.24263 5.90831
196.6 1.09951 6.35905
196.7 0.946194 6.75278
196.8 0.782993 7.08563
196.9 0.610283 7.35386
197 0.428598 7.55392
197.1 0.238709 7.6825
197.2 0.0417193 7.73663
197.3 -0.160837 7.71387
197.4 -0.366924 7.61245
197.5 -0.573954 7.4315
197.6 -0.778807 7.17123
197.7 -0.977923 6.83315
197.8 -1.16748 6.4202
197.9 -1.34365 5.93681
198 -1.50292 5.3888
198.1 -1.64232 4.78327
198.2 -1.75969 4.1283
198.3 -1.85377 3.43265
198.4 -1.92417 2.70537
198.5 -1.97126 1.95551
198.6 -1.99598 1.19188
198.7 -1.99968 0.422835
198.8 -1.98388 -0.343834
198.9 -1.95014 -1.10093
199 -1.89996 -1.84184
199.1 -1.8347 -2.5605
199.2 -1.75553 -3.25136
199.3 -1.66344 -3.90926
199.4 -1.55921 -4.52938
199.5 -1.44347 -5.10717
199.6 -1.3167 -5.63832
199.7 -1.17929 -6.11865
199.8 -1.03152 -6.54414
199.9 -0.873704 -6.91084
200 -0.706155 -7.21497
