0 2 0
0.1 1.89946 0.110634
0.2 1.82081 0.21625
0.3 1.75356 0.317756
0.4 1.6922 0.415628
0.5 1.63355 0.510102
0.6 1.57566 0.601273
0.7 1.51716 0.689142
0.8 1.45706 0.773647
0.9 1.39449 0.854671
1 1.32863 0.93205
1.1 1.2586 1.00557
1.2 1.18341 1.07498
1.3 1.10187 1.13993
1.4 1.01248 1.20004
1.5 0.913342 1.2548
1.6 0.801943 1.3036
1.7 0.674991 1.34564
1.8 0.528143 1.37992
1.9 0.355777 1.40517
2 0.150995 1.41974
2.1 -0.0935874 1.42157
2.2 -0.383081 1.40825
2.3 -0.7141 1.37724
2.4 -1.06598 1.32669
2.5 -1.39833 1.25647
2.6 -1.66722 1.169
2.7 -1.85091 1.06864
2.8 -1.95672 0.96014
2.9 -2.00608 0.847339
3 -2.01967 0.732836
3.1 -2.01202 0.618221
3.2 -1.99197 0.504425
3.3 -1.96454 0.391996
3.4 -1.9325 0.281267
3.5 -1.89733 0.172452
3.6 -1.85983 0.0657041
3.7 -1.82038 -0.0388564
3.8 -1.77915 -0.141125
3.9 -1.73617 -0.241
4 -1.69138 -0.338383
4.1 -1.64464 -0.433166
4.2 -1.59579 -0.525234
4.3 -1.54458 -0.614461
4.4 -1.49071 -0.700705
4.5 -1.43383 -0.783804
4.6 -1.37348 -0.863575
4.7 -1.3091 -0.939805
4.8 -1.23998 -1.01225
4.9 -1.16523 -1.08061
5 -1.0837 -1.14453
5.1 -0.993926 -1.2036
5.2 -0.893956 -1.25728
5.3 -0.781235 -1.30494
5.4 -0.652371 -1.34576
5.5 -0.502889 -1.37869
5.6 -0.327017 -1.4024
5.7 -0.117761 -1.41522
5.8 0.132123 -1.41501
5.9 0.426987 -1.39934
6 0.761587 -1.36573
6.1 1.11251 -1.31247
6.2 1.43771 -1.23979
6.3 1.6951 -1.1504
6.4 1.86717 -1.04879
6.5 1.96406 -0.939634
6.6 2.00762 -0.826594
6.7 2.01775 -0.712111
6.8 2.00809 -0.597667
6.9 1.98686 -0.484131
7 1.9587 -0.372015
7.1 1.92616 -0.261632
7.2 1.89062 -0.153188
7.3 1.85281 -0.0468306
7.4 1.81307 0.0573226
7.5 1.77155 0.159167
7.6 1.72826 0.258602
7.7 1.68314 0.355526
7.8 1.63605 0.449831
7.9 1.5868 0.5414
8 1.53514 0.630104
8.1 1.48077 0.715797
8.2 1.42331 0.798315
8.3 1.36228 0.877469
8.4 1.29711 0.953041
8.5 1.22705 1.02478
8.6 1.15118 1.09237
8.7 1.06831 1.15546
8.8 0.976863 1.21361
8.9 0.874822 1.26627
9 0.759492 1.31277
9.1 0.627306 1.35225
9.2 0.473569 1.38364
9.3 0.292271 1.40555
9.4 0.0762579 1.4162
9.5 -0.181514 1.41342
9.6 -0.484285 1.39471
9.7 -0.824147 1.35767
9.8 -1.17391 1.30086
9.9 -1.48963 1.22492
10 -1.73213 1.13298
10.1 -1.88943 1.0297
10.2 -1.97511 0.91962
10.3 -2.01141 0.806176
10.4 -2.01718 0.691613
10.5 -2.00497 0.577281
10.6 -1.98223 0.463968
10.7 -1.95315 0.352143
10.8 -1.92 0.242094
10.9 -1.88402 0.134014
11 -1.84584 0.0280423
11.1 -1.80577 -0.0757055
11.2 -1.76394 -0.177126
11.3 -1.72033 -0.27612
11.4 -1.67487 -0.372584
11.5 -1.62741 -0.466409
11.6 -1.57774 -0.557476
11.7 -1.52563 -0.645652
11.8 -1.47073 -0.73079
11.9 -1.41267 -0.812721
12 -1.35095 -0.891252
12.1 -1.28496 -0.966158
12.2 -1.21395 -1.03718
12.3 -1.13692 -1.10399
12.4 -1.05263 -1.16623
12.5 -0.959463 -1.22344
12.6 -0.855266 -1.27506
12.7 -0.737213 -1.32037
12.8 -0.601554 -1.3585
12.9 -0.443369 -1.3883
13 -0.256412 -1.40834
13.1 -0.0334073 -1.41676
13.2 0.232377 -1.41132
13.3 0.542829 -1.3895
13.4 0.887083 -1.34898
13.5 1.23423 -1.28862
13.6 1.53913 -1.20953
13.7 1.76637 -1.11521
13.8 1.90938 -1.0104
13.9 1.9846 -0.899503
14 2.01424 -0.785725
14.1 2.01604 -0.671124
14.2 2.00153 -0.556928
14.3 1.97741 -0.443854
14.4 1.94747 -0.332329
14.5 1.91375 -0.22262
14.6 1.87734 -0.114907
14.7 1.83881 -0.00932505
14.8 1.79842 0.0940141
14.9 1.75627 0.195008
15 1.71234 0.293558
15.1 1.66654 0.389558
15.2 1.6187 0.482899
15.3 1.56861 0.573459
15.4 1.51602 0.661103
15.5 1.4606 0.745681
15.6 1.40192 0.827019
15.7 1.33948 0.904919
15.8 1.27266 0.97915
15.9 1.20065 1.04944
16 1.12242 1.11547
16.1 1.03668 1.17685
16.2 0.941713 1.2331
16.3 0.835269 1.28364
16.4 0.714374 1.32774
16.5 0.575086 1.36447
16.6 0.412252 1.39265
16.7 0.2194 1.41075
16.8 -0.0108221 1.41687
16.9 -0.2847 1.40869
17 -0.602511 1.38368
17.1 -0.950157 1.33964
17.2 -1.29316 1.27578
17.3 -1.58607 1.19365
17.4 -1.79785 1.0971
17.5 -1.92716 0.990912
17.6 -1.99265 0.879297
17.7 -2.01619 0.765249
17.8 -2.0144 0.650649
17.9 -1.99778 0.536612
18 -1.97241 0.423789
18.1 -1.94168 0.312573
18.2 -1.90741 0.203209
18.3 -1.87059 0.0958682
18.4 -1.83172 -0.00932045
18.5 -1.79101 -0.112248
18.6 -1.74855 -0.212812
18.7 -1.70429 -0.310913
18.8 -1.65814 -0.406446
18.9 -1.60991 -0.499299
19 -1.5594 -0.589348
19.1 -1.50633 -0.676456
19.2 -1.45036 -0.760468
19.3 -1.39105 -0.841207
19.4 -1.32788 -0.918469
19.5 -1.26019 -0.992017
19.6 -1.18715 -1.06157
19.7 -1.10769 -1.1268
19.8 -1.02043 -1.1873
19.9 -0.923597 -1.24258
20 -0.814813 -1.29203
20.1 -0.69095 -1.33488
20.2 -0.547869 -1.37018
20.3 -0.380179 -1.39668
20.4 -0.181192 -1.41279
20.5 0.0564613 -1.41653
20.6 0.338466 -1.40553
20.7 0.663204 -1.37725
20.8 1.01312 -1.32967
20.9 1.35045 -1.26235
21 1.63033 -1.17731
21.1 1.82665 -1.07868
21.2 1.94289 -0.971249
21.3 1.99937 -0.859016
21.4 2.01736 -0.744758
21.5 2.0123 -0.630194
21.6 1.99376 -0.516335
21.7 1.96724 -0.403776
21.8 1.93577 -0.292876
21.9 1.901 -0.183863
22 1.86378 -0.0768983
22.1 1.82457 0.0278936
22.2 1.78355 0.130406
22.3 1.74077 0.230537
22.4 1.69618 0.328187
22.5 1.64967 0.423249
22.6 1.60106 0.51561
22.7 1.55011 0.605144
22.8 1.49655 0.69171
22.9 1.44001 0.77515
23 1.38005 0.855283
23.1 1.31613 0.9319
23.2 1.24755 1.00476
23.3 1.17345 1.07356
23.4 1.0927 1.13798
23.5 1.00388 1.19758
23.6 0.905102 1.25187
23.7 0.793877 1.3002
23.8 0.666915 1.34178
23.9 0.519868 1.3756
24 0.347107 1.40037
24.1 0.141744 1.41443
24.2 -0.103536 1.41572
24.3 -0.393639 1.40181
24.4 -0.724762 1.3702
24.5 -1.0757 1.31906
24.6 -1.40585 1.24835
24.7 -1.67183 1.16053
24.8 -1.85284 1.05999
24.9 -1.95671 0.951437
25 -2.00488 0.838673
25.1 -2.0178 0.724259
25.2 -2.00977 0.609762
25.3 -1.98949 0.496101
25.4 -1.96192 0.383817
25.5 -1.92977 0.27324
25.6 -1.89451 0.164583
25.7 -1.85691 0.057998
25.8 -1.81737 -0.0463939
25.9 -1.77603 -0.148488
26 -1.73293 -0.248183
26.1 -1.68801 -0.345378
26.2 -1.64114 -0.439966
26.3 -1.59213 -0.531831
26.4 -1.54074 -0.620845
26.5 -1.48667 -0.706864
26.6 -1.42955 -0.789727
26.7 -1.36893 -0.869247
26.8 -1.30423 -0.945211
26.9 -1.23473 -1.01737
27 -1.15953 -1.08541
27.1 -1.07746 -1.149
27.2 -0.987014 -1.20769
27.3 -0.886211 -1.26097
27.4 -0.77244 -1.30815
27.5 -0.642241 -1.34843
27.6 -0.491048 -1.38074
27.7 -0.312994 -1.40373
27.8 -0.101015 -1.41567
27.9 0.152065 -1.41442
28 0.450171 -1.39752
28.1 0.787011 -1.36252
28.2 1.13764 -1.30781
28.3 1.45914 -1.23379
28.4 1.71052 -1.14335
28.5 1.87652 -1.04104
28.6 1.96876 -0.931494
28.7 2.00928 -0.81828
28.8 2.01759 -0.703759
28.9 2.00686 -0.589358
29 1.985 -0.475911
29.1 1.95645 -0.363912
29.2 1.92366 -0.253665
29.3 1.88794 -0.145369
29.4 1.84998 -0.0391677
29.5 1.8101 0.0648207
29.6 1.76846 0.166493
29.7 1.72504 0.265749
29.8 1.67978 0.362486
29.9 1.63254 0.456596
30 1.58312 0.547961
30.1 1.53127 0.63645
30.2 1.47669 0.721918
30.3 1.41899 0.804197
30.4 1.35768 0.883098
30.5 1.29218 0.9584
30.6 1.22174 1.02984
30.7 1.1454 1.09712
30.8 1.06195 1.15987
30.9 0.969816 1.21763
31 0.866907 1.26987
31.1 0.750482 1.31589
31.2 0.616899 1.35483
31.3 0.461374 1.38558
31.4 0.277798 1.40673
31.5 0.0589649 1.41648
31.6 -0.202059 1.41263
31.7 -0.507992 1.39266
31.8 -0.849755 1.3542
31.9 -1.19863 1.29595
32 -1.5101 1.21871
32.1 -1.74642 1.12578
32.2 -1.89783 1.02187
32.3 -1.97916 0.911436
32.4 -2.01267 0.797848
32.5 -2.01678 0.683265
32.6 -2.00361 0.568985
32.7 -1.98029 0.455768
32.8 -1.95085 0.344064
32.9 -1.91746 0.234153
33 -1.8813 0.126222
33.1 -1.84298 0.0204083
33.2 -1.80279 -0.0831734
33.3 -1.76082 -0.184421
33.4 -1.71709 -0.283234
33.5 -1.67148 -0.379509
33.6 -1.62387 -0.473138
33.7 -1.57403 -0.563998
33.8 -1.52173 -0.651959
33.9 -1.46662 -0.736869
34 -1.4083 -0.818559
34.1 -1.3463 -0.896834
34.2 -1.27997 -0.971466
34.3 -1.20855 -1.04219
34.4 -1.13104 -1.10869
34.5 -1.04617 -1.17058
34.6 -0.952275 -1.2274
34.7 -0.847173 -1.27858
34.8 -0.727977 -1.3234
34.9 -0.59086 -1.36096
35 -0.430805 -1.39011
35.1 -0.241475 -1.40937
35.2 -0.0155566 -1.41686
35.3 0.253518 -1.41031
35.4 0.567013 -1.3872
35.5 0.912777 -1.34525
35.6 1.25842 -1.28346
35.7 1.55857 -1.20312
35.8 1.77953 -1.10787
35.9 1.91688 -1.00248
36 1.98805 -0.891281
36.1 2.01513 -0.777385
36.2 2.01543 -0.662781
36.3 2.00003 -0.548647
36.4 1.9754 -0.435673
36.5 1.94513 -0.324273
36.6 1.91118 -0.214704
36.7 1.8746 -0.107142
36.8 1.83593 -0.00172022
36.9 1.79541 0.101451
37 1.75313 0.202271
37.1 1.70907 0.300638
37.2 1.66312 0.396449
37.3 1.61513 0.489591
37.4 1.56487 0.579943
37.5 1.51209 0.66737
37.6 1.45644 0.751717
37.7 1.3975 0.832812
37.8 1.33477 0.910453
37.9 1.2676 0.984407
38 1.19517 1.0544
38.1 1.11645 1.1201
38.2 1.0301 1.18112
38.3 0.934377 1.23698
38.4 0.826992 1.28708
38.5 0.704903 1.33068
38.6 0.56409 1.36683
38.7 0.399304 1.39433
38.8 0.203981 1.41163
38.9 -0.0292436 1.41679
39 -0.306432 1.40747
39.1 -0.627123 1.38113
39.2 -0.975836 1.33566
39.3 -1.31672 1.27038
39.4 -1.60443 1.18705
39.5 -1.8099 1.08963
39.6 -1.93381 0.982921
39.7 -1.99554 0.871043
39.8 -2.01676 0.756903
39.9 -2.0136 0.642313
40 -1.99617 0.528346
40.1 -1.97033 0.41563
40.2 -1.93929 0.304541
40.3 -1.90481 0.19532
40.4 -1.86783 0.0881316
40.5 -1.82881 -0.0168959
40.6 -1.78798 -0.119654
40.7 -1.74539 -0.220043
40.8 -1.701 -0.317961
40.9 -1.6547 -0.413302
41 -1.60631 -0.505955
41.1 -1.55563 -0.595795
41.2 -1.50236 -0.682683
41.3 -1.44615 -0.766462
41.4 -1.38658 -0.846955
41.5 -1.32311 -0.923955
41.6 -1.25506 -0.997222
41.7 -1.18159 -1.06647
41.8 -1.10161 -1.13137
41.9 -1.01373 -1.19151
42 -0.916109 -1.24638
42.1 -0.806342 -1.29538
42.2 -0.681234 -1.33772
42.3 -0.536558 -1.37242
42.4 -0.366828 -1.39822
42.5 -0.165273 -1.41351
42.6 0.0754649 -1.41626
42.7 0.360776 -1.40408
42.8 0.688188 -1.37445
42.9 1.03868 -1.32542
43 1.37327 -1.25671
43.1 1.64757 -1.17053
43.2 1.83762 -1.0711
43.3 1.94874 -0.963195
43.4 2.00176 -0.850735
43.5 2.01762 -0.736408
43.6 2.01131 -0.621867
43.7 1.99205 -0.508087
43.8 1.96509 -0.395638
43.9 1.93334 -0.284869
44 1.89836 -0.176
44.1 1.86099 -0.0691899
44.2 1.82164 0.0354394
44.3 1.78049 0.137781
44.4 1.73759 0.237736
44.5 1.69286 0.335201
44.6 1.6462 0.43007
44.7 1.59743 0.52223
44.8 1.5463 0.611552
44.9 1.49253 0.697896
45 1.43576 0.781102
45.1 1.37554 0.860986
45.2 1.3113 0.937337
45.3 1.24235 1.00991
45.4 1.1678 1.07841
45.5 1.08653 1.14249
45.6 0.99705 1.20172
45.7 0.897454 1.2556
45.8 0.785205 1.30347
45.9 0.656942 1.34452
46 0.508228 1.37773
46.1 0.333338 1.40178
46.2 0.125308 1.41498
46.3 -0.12313 1.41525
46.4 -0.416509 1.40013
46.5 -0.750049 1.36715
46.6 -1.10103 1.31455
46.7 -1.42783 1.24248
46.8 -1.68793 1.15358
46.9 -1.86278 1.0523
47 -1.96182 0.943327
47.1 -2.0068 0.83037
47.2 -2.01779 0.715907
47.3 -2.00863 0.601446
47.4 -1.98769 0.48787
47.5 -1.95971 0.375701
47.6 -1.92729 0.265257
47.7 -1.89184 0.156747
47.8 -1.85409 0.0503181
47.9 -1.81441 -0.0539098
48 -1.77295 -0.155832
48.1 -1.72973 -0.255349
48.2 -1.68467 -0.352358
48.3 -1.63764 -0.446751
48.4 -1.58847 -0.538413
48.5 -1.53689 -0.627214
48.6 -1.48262 -0.713009
48.7 -1.42526 -0.795635
48.8 -1.36436 -0.874904
48.9 -1.29934 -0.950599
49 -1.22946 -1.02246
49.1 -1.1538 -1.0902
49.2 -1.07118 -1.15345
49.3 -0.980048 -1.21176
49.4 -0.878397 -1.26462
49.5 -0.763559 -1.31133
49.6 -0.631999 -1.35107
49.7 -0.479064 -1.38275
49.8 -0.298789 -1.40499
49.9 -0.0840455 -1.41605
50 0.172255 -1.41375
50.1 0.473576 -1.39561
50.2 0.812525 -1.35921
50.3 1.16261 -1.30305
50.4 1.48019 -1.22771
50.5 1.72549 -1.13624
50.6 1.88549 -1.03326
50.7 1.97319 -0.923335
50.8 2.01078 -0.80996
50.9 2.01733 -0.695409
51 2.00557 -0.581054
51.1 1.98311 -0.467699
51.2 1.95418 -0.355819
51.3 1.92115 -0.245708
51.4 1.88524 -0.13756
51.5 1.84713 -0.0315166
51.6 1.80713 0.0723065
51.7 1.76535 0.173806
51.8 1.72181 0.272882
51.9 1.67641 0.369431
52 1.62901 0.463345
52.1 1.57943 0.554505
52.2 1.52739 0.64278
52.3 1.4726 0.728021
52.4 1.41465 0.810061
52.5 1.35306 0.888708
52.6 1.28723 0.963738
52.7 1.21639 1.03489
52.8 1.13958 1.10185
52.9 1.05556 1.16425
53 0.962712 1.22163
53.1 0.85892 1.27344
53.2 0.741381 1.31898
53.3 0.606377 1.35736
53.4 0.44903 1.38746
53.5 0.263139 1.40785
53.6 0.0414465 1.41669
53.7 -0.222846 1.41175
53.8 -0.531898 1.39051
53.9 -0.87541 1.35063
54 -1.22315 1.29093
54.1 -1.53015 1.21242
54.2 -1.76024 1.11853
54.3 -1.90586 1.01399
54.4 -1.98296 0.903236
54.5 -2.01378 0.789514
54.6 -2.01629 0.674918
54.7 -2.00219 0.560695
54.8 -1.97832 0.447575
54.9 -1.94853 0.335994
55 -1.91491 0.226222
55.1 -1.87858 0.11844
55.2 -1.84011 0.0127862
55.3 -1.79979 -0.0906289
55.4 -1.7577 -0.191702
55.5 -1.71383 -0.290334
55.6 -1.66808 -0.386421
55.7 -1.62031 -0.479851
55.8 -1.57031 -0.570505
55.9 -1.51781 -0.658249
56 -1.46248 -0.742931
56.1 -1.40392 -0.824379
56.2 -1.34162 -0.902396
56.3 -1.27495 -0.976753
56.4 -1.20312 -1.04718
56.5 -1.12513 -1.11336
56.6 -1.03966 -1.17489
56.7 -0.945027 -1.23133
56.8 -0.839007 -1.28207
56.9 -0.718647 -1.3264
57 -0.580044 -1.36339
57.1 -0.418086 -1.39187
57.2 -0.226344 -1.41033
57.3 0.0025251 -1.41689
57.4 0.2749 -1.40922
57.5 0.591377 -1.3848
57.6 0.938476 -1.34142
57.7 1.28236 -1.27821
57.8 1.57758 -1.19663
57.9 1.79223 -1.10048
58 1.92402 -0.994535
58.1 1.99126 -0.883045
58.2 2.01589 -0.769043
58.3 2.01474 -0.65444
58.4 1.99849 -0.540372
58.5 1.97335 -0.427501
58.6 1.94276 -0.316227
58.7 1.90859 -0.206799
58.8 1.87185 -0.0993891
58.9 1.83303 0.00587266
59 1.79239 0.108876
59.1 1.74999 0.209521
59.2 1.70579 0.307705
59.3 1.6597 0.403325
59.4 1.61154 0.496268
59.5 1.56112 0.586412
59.6 1.50813 0.67362
59.7 1.45226 0.757737
59.8 1.39307 0.838587
59.9 1.33004 0.915968
60 1.26251 0.989643
60.1 1.18966 1.05933
60.2 1.11043 1.12471
60.3 1.02347 1.18537
60.4 0.926981 1.24083
60.5 0.818637 1.29049
60.6 0.695334 1.33358
60.7 0.552967 1.36914
60.8 0.386193 1.39595
60.9 0.18836 1.41244
61 -0.0479011 1.41663
61.1 -0.328401 1.40616
61.2 -0.651894 1.37849
61.3 -1.00148 1.33157
61.4 -1.33998 1.26488
61.5 -1.62234 1.18037
61.6 -1.82151 1.08212
61.7 -1.94012 0.974903
61.8 -1.99822 0.862777
61.9 -2.0172 0.748554
62 -2.01272 0.633981
62.1 -1.99452 0.520088
62.2 -1.96821 0.407479
62.3 -1.93688 0.296519
62.4 -1.90219 0.187441
62.5 -1.86505 0.0804064
62.6 -1.8259 -0.0244593
62.7 -1.78494 -0.127048
62.8 -1.74222 -0.22726
62.9 -1.69769 -0.324994
63 -1.65124 -0.420144
63.1 -1.6027 -0.512596
63.2 -1.55184 -0.602226
63.3 -1.49837 -0.688892
63.4 -1.44193 -0.772439
63.5 -1.3821 -0.852685
63.6 -1.31832 -0.929421
63.7 -1.2499 -1.00241
63.8 -1.176 -1.07135
63.9 -1.0955 -1.13592
64 -1.00697 -1.19569
64.1 -0.908557 -1.25016
64.2 -0.797791 -1.2987
64.3 -0.671414 -1.34052
64.4 -0.525114 -1.37462
64.5 -0.353309 -1.39971
64.6 -0.149145 -1.41416
64.7 0.0947082 -1.41591
64.8 0.383317 -1.40254
64.9 0.713303 -1.37155
65 1.06415 -1.32107
65.1 1.39575 -1.25098
65.2 1.66435 -1.16367
65.3 1.84818 -1.06347
65.4 1.95429 -0.955117
65.5 2.00395 -0.842445
65.6 2.01777 -0.728056
65.7 2.01027 -0.613544
65.8 1.9903 -0.499845
65.9 1.96292 -0.387509
66 1.93089 -0.276872
66.1 1.89571 -0.168148
66.2 1.85819 -0.0614931
66.3 1.8187 0.0429731
66.4 1.77743 0.145145
66.5 1.73439 0.244921
66.6 1.68953 0.3422
66.7 1.64272 0.436877
66.8 1.59378 0.528834
66.9 1.54248 0.617944
67 1.48851 0.704065
67.1 1.4315 0.787035
67.2 1.371 0.86667
67.3 1.30645 0.942754
67.4 1.23712 1.01504
67.5 1.16213 1.08323
67.6 1.08031 1.14697
67.7 0.990163 1.20583
67.8 0.88974 1.25929
67.9 0.776449 1.3067
68 0.64686 1.34722
68.1 0.496449 1.37981
68.2 0.319393 1.40313
68.3 0.108657 1.41547
68.4 -0.142967 1.4147
68.5 -0.439601 1.39836
68.6 -0.775438 1.36399
68.7 -1.12623 1.30994
68.8 -1.44944 1.23653
68.9 -1.70357 1.14656
69 -1.87232 1.04457
69.1 -1.96665 0.935196
69.2 -2.00855 0.82206
69.3 -2.01767 0.707556
69.4 -2.00743 0.593134
69.5 -1.98585 0.479647
69.6 -1.95747 0.367595
69.7 -1.9248 0.257286
69.8 -1.88916 0.148922
69.9 -1.85126 0.0426499
70 -1.81145 -0.0614135
70.1 -1.76986 -0.163164
70.2 -1.72651 -0.262501
70.3 -1.68131 -0.359324
70.4 -1.63414 -0.453522
70.5 -1.58479 -0.54498
70.6 -1.53303 -0.633567
70.7 -1.47855 -0.719137
70.8 -1.42095 -0.801525
70.9 -1.35977 -0.880542
71 -1.29442 -0.955966
71.1 -1.22416 -1.02754
71.2 -1.14803 -1.09496
71.3 -1.06485 -1.15787
71.4 -0.973026 -1.21581
71.5 -0.870514 -1.26824
71.6 -0.754589 -1.31448
71.7 -0.621645 -1.35366
71.8 -0.466936 -1.38471
71.9 -0.2844 -1.4062
72 -0.0668542 -1.41636
72.1 0.192689 -1.413
72.2 0.497189 -1.3936
72.3 0.838107 -1.35579
72.4 1.18742 -1.29819
72.5 1.50084 -1.22154
72.6 1.73998 -1.12906
72.7 1.89406 -1.02543
72.8 1.97735 -0.915159
72.9 2.01212 -0.801634
73 2.01697 -0.68706
73.1 2.00423 -0.572755
73.2 1.98118 -0.459495
73.3 1.9519 -0.347736
73.4 1.91862 -0.237762
73.5 1.88254 -0.129763
73.6 1.84428 -0.0238773
73.7 1.80415 0.07978
73.8 1.76224 0.181106
73.9 1.71856 0.280002
74 1.67302 0.376363
74.1 1.62548 0.470081
74.2 1.57572 0.561035
74.3 1.5235 0.649094
74.4 1.46849 0.734108
74.5 1.41029 0.815907
74.6 1.34841 0.894299
74.7 1.28224 0.969055
74.8 1.21101 1.03991
74.9 1.13372 1.10656
75 1.04912 1.16861
75.1 0.95555 1.2256
75.2 0.850861 1.27698
75.3 0.732188 1.32203
75.4 0.595736 1.35985
75.5 0.436536 1.3893
75.6 0.248289 1.40891
75.7 0.0237001 1.41682
75.8 -0.243877 1.41078
75.9 -0.555996 1.38825
76 -0.901095 1.34696
76.1 -1.24745 1.28582
76.2 -1.54979 1.20604
76.3 -1.7736 1.11121
76.4 -1.91352 1.00609
76.5 -1.98651 0.895021
76.6 -2.01474 0.781177
76.7 -2.01572 0.666573
76.8 -2.00072 0.552411
76.9 -1.97632 0.439391
77 -1.9462 0.327934
77.1 -1.91235 0.218301
77.2 -1.87584 0.110671
77.3 -1.83724 0.00517592
77.4 -1.79678 -0.098072
77.5 -1.75456 -0.198971
77.6 -1.71056 -0.297421
77.7 -1.66467 -0.393318
77.8 -1.61675 -0.48655
77.9 -1.56657 -0.576997
78 -1.51388 -0.664523
78.1 -1.45833 -0.748975
78.2 -1.39951 -0.830181
78.3 -1.33692 -0.90794
78.4 -1.2699 -0.98202
78.5 -1.19766 -1.05215
78.6 -1.11917 -1.118
78.7 -1.0331 -1.17918
78.8 -0.93772 -1.23522
78.9 -0.830764 -1.28552
79 -0.709221 -1.32935
79.1 -0.569105 -1.36577
79.2 -0.40521 -1.39357
79.3 -0.211015 -1.41124
79.4 0.02084 -1.41684
79.5 0.296523 -1.40804
79.6 0.615914 -1.3823
79.7 0.964166 -1.33748
79.8 1.30604 -1.27285
79.9 1.59614 -1.19006
80 1.80448 -1.09303
80.1 1.93083 -0.986557
80.2 1.99426 -0.874797
80.3 2.01652 -0.760697
80.4 2.01397 -0.646103
80.5 1.99691 -0.532103
80.6 1.97128 -0.419338
80.7 1.94038 -0.308191
80.8 1.90599 -0.198905
80.9 1.86909 -0.0916472
81 1.83013 0.0134536
81.1 1.78936 0.116289
81.2 1.74683 0.216757
81.3 1.7025 0.314759
81.4 1.65626 0.410187
81.5 1.60795 0.502931
81.6 1.55735 0.592866
81.7 1.50417 0.679854
81.8 1.44807 0.763739
81.9 1.38862 0.844344
82 1.32528 0.921463
82.1 1.2574 0.994858
82.2 1.18412 1.06425
82.3 1.10438 1.1293
82.4 1.01678 1.1896
82.5 0.919521 1.24466
82.6 0.810203 1.29386
82.7 0.685663 1.33644
82.8 0.541716 1.37141
82.9 0.372918 1.39753
83 0.172535 1.41319
83.1 -0.0667962 1.41639
83.2 -0.350605 1.40475
83.3 -0.676813 1.37574
83.4 -1.02707 1.32737
83.5 -1.36294 1.25929
83.6 -1.63979 1.17362
83.7 -1.83269 1.07455
83.8 -1.94612 0.966859
83.9 -2.0007 0.854501
84 -2.01752 0.740204
84.1 -2.01177 0.625652
84.2 -1.99283 0.511836
84.3 -1.96607 0.399337
84.4 -1.93445 0.288508
84.5 -1.89956 0.179573
84.6 -1.86226 0.0726928
84.7 -1.82297 -0.0320106
84.8 -1.78189 -0.13443
84.9 -1.73904 -0.234465
85 -1.69437 -0.332014
85.1 -1.64778 -0.426971
85.2 -1.59908 -0.519222
85.3 -1.54804 -0.608641
85.4 -1.49436 -0.695086
85.5 -1.4377 -0.778398
85.6 -1.37759 -0.858396
85.7 -1.3135 -0.934868
85.8 -1.24472 -1.00757
85.9 -1.17037 -1.07621
86 -1.08934 -1.14044
86.1 -1.00016 -1.19984
86.2 -0.900939 -1.2539
86.3 -0.789158 -1.30198
86.4 -0.661489 -1.34328
86.5 -0.513536 -1.37677
86.6 -0.339619 -1.40115
86.7 -0.132806 -1.41474
86.8 0.114193 -1.41548
86.9 0.406085 -1.40091
87 0.73854 -1.36855
87.1 1.08953 -1.31661
87.2 1.41788 -1.24516
87.3 1.68067 -1.15675
87.4 1.85831 -1.0558
87.5 1.95954 -0.947016
87.6 2.00595 -0.834146
87.7 2.01781 -0.719704
87.8 2.00915 -0.605226
87.9 1.98851 -0.491611
88 1.96072 -0.37939
88.1 1.92842 -0.268885
88.2 1.89305 -0.160308
88.3 1.85537 -0.0538079
88.4 1.81576 0.0504946
88.5 1.77435 0.152495
88.6 1.73119 0.252093
88.7 1.68619 0.349186
88.8 1.63923 0.443669
88.9 1.59013 0.535423
89 1.53864 0.62432
89.1 1.48446 0.710218
89.2 1.42722 0.792951
89.3 1.36644 0.872335
89.4 1.30157 0.948152
89.5 1.23186 1.02015
89.6 1.15641 1.08803
89.7 1.07404 1.15143
89.8 0.983222 1.20992
89.9 0.881958 1.26296
90 0.767607 1.30989
90.1 0.636669 1.34988
90.2 0.48453 1.38184
90.3 0.305269 1.40442
90.4 0.0917872 1.41588
90.5 -0.163046 1.41407
90.6 -0.46291 1.39649
90.7 -0.800917 1.36073
90.8 -1.15128 1.30523
90.9 -1.47067 1.23049
91 -1.71874 1.13948
91.1 -1.88146 1.0368
91.2 -1.97121 0.927046
91.3 -2.01012 0.813743
91.4 -2.01746 0.699205
91.5 -2.00617 0.584828
91.6 -1.98397 0.471431
91.7 -1.95522 0.359497
91.8 -1.92229 0.249324
91.9 -1.88647 0.141108
92 -1.84843 0.0349934
92.1 -1.80848 -0.068905
92.2 -1.76676 -0.170483
92.3 -1.72328 -0.269641
92.4 -1.67794 -0.366276
92.5 -1.63062 -0.460279
92.6 -1.58111 -0.551532
92.7 -1.52916 -0.639904
92.8 -1.47446 -0.725248
92.9 -1.41662 -0.807398
93 -1.35516 -0.88616
93.1 -1.28948 -0.961314
93.2 -1.21882 -1.0326
93.3 -1.14223 -1.0997
93.4 -1.05847 -1.16226
93.5 -0.965948 -1.21982
93.6 -0.86256 -1.27182
93.7 -0.745529 -1.31758
93.8 -0.611175 -1.35621
93.9 -0.45466 -1.38661
94 -0.269826 -1.40735
94.1 -0.0494385 -1.4166
94.2 0.213366 -1.41216
94.3 0.521006 -1.3915
94.4 0.863742 -1.35227
94.5 1.21203 -1.29322
94.6 1.52109 -1.21529
94.7 1.75401 -1.12183
94.8 1.90225 -1.01758
94.9 1.98126 -0.906966
95 2.01329 -0.793303
95.1 2.01653 -0.678712
95.2 2.00284 -0.564463
95.3 1.97922 -0.451299
95.4 1.94959 -0.339661
95.5 1.91607 -0.229826
95.6 1.87982 -0.121976
95.7 1.84142 -0.0162497
95.8 1.80115 0.0872411
95.9 1.75912 0.188394
96 1.71531 0.287108
96.1 1.66963 0.383281
96.2 1.62193 0.476801
96.3 1.57201 0.567549
96.4 1.51959 0.655391
96.5 1.46436 0.740177
96.6 1.40592 0.821736
96.7 1.34375 0.89987
96.8 1.27724 0.974352
96.9 1.20559 1.04491
97 1.12782 1.11124
97.1 1.04262 1.17293
97.2 0.948329 1.22954
97.3 0.842729 1.28049
97.4 0.722901 1.32504
97.5 0.584976 1.36229
97.6 0.423888 1.39108
97.7 0.233247 1.4099
97.8 0.0057237 1.41688
97.9 -0.26515 1.40973
98 -0.580279 1.3859
98.1 -0.926793 1.34318
98.2 -1.27151 1.28061
98.3 -1.56899 1.19959
98.4 -1.78651 1.10384
98.5 -1.92082 0.998153
98.6 -1.98983 0.886791
98.7 -2.01557 0.772836
98.8 -2.01507 0.658231
98.9 -1.9992 0.544133
99 -1.97429 0.431215
99.1 -1.94384 0.319884
99.2 -1.90977 0.210391
99.3 -1.8731 0.102912
99.4 -1.83435 -0.0024224
99.5 -1.79376 -0.105503
99.6 -1.75142 -0.206227
99.7 -1.70728 -0.304494
99.8 -1.66125 -0.400201
99.9 -1.61317 -0.493235
100 -1.56282 -0.583473
100.1 -1.50993 -0.670781
100.2 -1.45416 -0.755003
100.3 -1.39509 -0.835964
100.4 -1.33219 -0.913463
100.5 -1.26483 -0.987266
100.6 -1.19217 -1.05709
100.7 -1.11317 -1.12262
100.8 -1.02649 -1.18345
100.9 -0.930351 -1.23909
101 -0.822445 -1.28894
101.1 -0.699696 -1.33227
101.2 -0.55804 -1.3681
101.3 -0.392173 -1.39522
101.4 -0.195486 -1.41208
101.5 0.03939 -1.41671
101.6 0.318384 -1.40676
101.7 0.640614 -1.3797
101.8 0.989827 -1.33344
101.9 1.32944 -1.26739
102 1.61425 -1.18341
102.1 1.81629 -1.08554
102.2 1.93729 -0.978551
102.3 1.99703 -0.866536
102.4 2.01701 -0.75235
102.5 2.01313 -0.637768
102.6 1.99528 -0.523841
102.7 1.96918 -0.411183
102.8 1.93797 -0.300165
102.9 1.90338 -0.191021
103 1.86631 -0.0839169
103.1 1.82722 0.0210224
103.2 1.78632 0.123689
103.3 1.74366 0.223981
103.4 1.6992 0.321798
103.5 1.65281 0.417036
103.6 1.60434 0.509579
103.7 1.55356 0.599304
103.8 1.50018 0.686071
103.9 1.44385 0.769724
104 1.38414 0.850082
104.1 1.3205 0.926939
104.2 1.25225 1.00005
104.3 1.17855 1.06914
104.4 1.09828 1.13385
104.5 1.01005 1.19379
104.6 0.911998 1.24845
104.7 0.801689 1.2972
104.8 0.675891 1.33925
104.9 0.530333 1.37363
105 0.359476 1.39904
105.1 0.156503 1.41387
105.2 -0.0859304 1.41608
105.3 -0.373041 1.40325
105.4 -0.70187 1.37288
105.5 -1.05258 1.32306
105.6 -1.38557 1.2536
105.7 -1.65678 1.1668
105.8 -1.84343 1.06695
105.9 -1.9518 0.958792
106 -2.00298 0.846215
106.1 -2.01772 0.731853
106.2 -2.01075 0.617327
106.3 -1.9911 0.503591
106.4 -1.96391 0.391204
106.5 -1.932 0.280506
106.6 -1.89692 0.171716
106.7 -1.85946 0.0649907
106.8 -1.82004 -0.0395498
106.9 -1.77882 -0.141799
107 -1.73584 -0.241656
107.1 -1.69105 -0.33902
107.2 -1.64431 -0.433784
107.3 -1.59544 -0.525833
107.4 -1.54422 -0.61504
107.5 -1.49034 -0.701263
107.6 -1.43344 -0.78434
107.7 -1.37307 -0.864088
107.8 -1.30866 -0.940294
107.9 -1.2395 -1.01271
108 -1.16471 -1.08104
108.1 -1.08314 -1.14493
108.2 -0.9933 -1.20397
108.3 -0.893255 -1.25762
108.4 -0.78044 -1.30523
108.5 -0.651457 -1.346
108.6 -0.501821 -1.37887
108.7 -0.325754 -1.40252
108.8 -0.116253 -1.41526
108.9 0.133919 -1.41496
109 0.429077 -1.39918
109.1 0.763884 -1.36544
109.2 1.11479 -1.31205
109.3 1.43966 -1.23925
109.4 1.69652 -1.14976
109.5 1.86803 -1.04809
109.6 1.96449 -0.938895
109.7 2.00778 -0.825839
109.8 2.01774 -0.711352
109.9 2.00798 -0.596912
110 1.98669 -0.483384
110.1 1.95849 -0.371279
110.2 1.92593 -0.260908
110.3 1.89038 -0.152478
110.4 1.85255 -0.0461344
110.5 1.8128 0.0580039
110.6 1.77127 0.159833
110.7 1.72797 0.259252
110.8 1.68284 0.356159
110.9 1.63573 0.450446
111 1.58646 0.541997
111.1 1.53479 0.630681
111.2 1.4804 0.716353
111.3 1.42291 0.79885
111.4 1.36186 0.877981
111.5 1.29666 0.953529
111.6 1.22657 1.02524
111.7 1.15066 1.0928
111.8 1.06773 1.15586
111.9 0.976225 1.21397
112 0.874106 1.2666
112.1 0.758678 1.31305
112.2 0.626366 1.35249
112.3 0.472468 1.38382
112.4 0.290964 1.40566
112.5 0.0746971 1.41623
112.6 -0.183369 1.41335
112.7 -0.486429 1.39453
112.8 -0.82647 1.35736
112.9 -1.17617 1.30041
113 -1.4915 1.22436
113.1 -1.73345 1.13233
113.2 -1.89021 1.02899
113.3 -1.97549 0.918878
113.4 -2.01153 0.80542
113.5 -2.01714 0.690855
113.6 -2.00485 0.576527
113.7 -1.98206 0.463223
113.8 -1.95294 0.351409
113.9 -1.91977 0.241373
114 -1.88377 0.133306
114.1 -1.84558 0.0273487
114.2 -1.8055 -0.0763841
114.3 -1.76366 -0.177789
114.4 -1.72004 -0.276767
114.5 -1.67456 -0.373214
114.6 -1.62709 -0.467021
114.7 -1.57741 -0.558069
114.8 -1.52527 -0.646225
114.9 -1.47036 -0.731343
115 -1.41227 -0.813252
115.1 -1.35053 -0.89176
115.2 -1.28451 -0.966641
115.3 -1.21346 -1.03763
115.4 -1.13639 -1.10442
115.5 -1.05205 -1.16663
115.6 -0.958813 -1.2238
115.7 -0.854534 -1.27538
115.8 -0.736378 -1.32065
115.9 -0.600588 -1.35872
116 -0.442235 -1.38847
116.1 -0.255063 -1.40843
116.2 -0.0317961 -1.41677
116.3 0.234286 -1.41123
116.4 0.545017 -1.38929
116.5 0.889415 -1.34864
116.6 1.23643 -1.28816
116.7 1.54092 -1.20895
116.8 1.76758 -1.11454
116.9 1.91008 -1.00969
117 1.98493 -0.898757
117.1 2.01432 -0.784968
117.2 2.01599 -0.670367
117.3 2.00139 -0.556176
117.4 1.97723 -0.443111
117.5 1.94726 -0.331597
117.6 1.91352 -0.221901
117.7 1.87709 -0.114201
117.8 1.83855 -0.00863408
117.9 1.79815 0.0946899
118 1.75599 0.195668
118.1 1.71205 0.294201
118.2 1.66623 0.390184
118.3 1.61837 0.483507
118.4 1.56827 0.574048
118.5 1.51567 0.661673
118.6 1.46022 0.74623
118.7 1.40152 0.827546
118.8 1.33906 0.905422
118.9 1.2722 0.979628
119 1.20015 1.04989
119.1 1.12188 1.11589
119.2 1.03609 1.17724
119.3 0.941049 1.23345
119.4 0.834521 1.28396
119.5 0.713518 1.32801
119.6 0.574093 1.36469
119.7 0.411083 1.3928
119.8 0.218008 1.41084
119.9 -0.012485 1.41687
120 -0.286664 1.40859
120.1 -0.604738 1.38345
120.2 -0.95249 1.33929
120.3 -1.29531 1.2753
120.4 -1.58776 1.19305
120.5 -1.79897 1.09642
120.6 -1.92778 0.990187
120.7 -1.99292 0.878548
120.8 -2.01625 0.764492
120.9 -2.01433 0.649892
121 -1.99764 0.535861
121.1 -1.97222 0.423048
121.2 -1.94146 0.311843
121.3 -1.90718 0.202492
121.4 -1.87034 0.0951653
121.5 -1.83145 -0.0100088
121.6 -1.79074 -0.112921
121.7 -1.74827 -0.213469
121.8 -1.704 -0.311554
121.9 -1.65782 -0.40707
122 -1.60959 -0.499904
122.1 -1.55906 -0.589934
122.2 -1.50597 -0.677022
122.3 -1.44998 -0.761013
122.4 -1.39064 -0.841729
122.5 -1.32745 -0.918967
122.6 -1.25973 -0.99249
122.7 -1.18664 -1.06202
122.8 -1.10714 -1.12721
122.9 -1.01983 -1.18768
123 -0.92292 -1.24292
123.1 -0.814047 -1.29233
123.2 -0.690072 -1.33514
123.3 -0.546847 -1.37039
123.4 -0.378974 -1.39682
123.5 -0.179755 -1.41286
123.6 0.0581769 -1.41651
123.7 0.340482 -1.4054
123.8 0.665467 -1.377
123.9 1.01544 -1.32929
124 1.35254 -1.26184
124.1 1.63191 -1.1767
124.2 1.82766 -1.078
124.3 1.94343 -0.970519
124.4 1.9996 -0.858265
124.5 2.01739 -0.744
124.6 2.01221 -0.629438
124.7 1.99361 -0.515586
124.8 1.96705 -0.403037
124.9 1.93555 -0.292148
125 1.90076 -0.183149
125.1 1.86353 -0.076198
125.2 1.8243 0.0285792
125.3 1.78327 0.131076
125.4 1.74048 0.231191
125.5 1.69588 0.328824
125.6 1.64936 0.423869
125.7 1.60073 0.516212
125.8 1.54977 0.605726
125.9 1.49618 0.692272
126 1.43962 0.775691
126.1 1.37964 0.855802
126.2 1.31569 0.932394
126.3 1.24708 1.00522
126.4 1.17294 1.074
126.5 1.09214 1.13839
126.6 1.00326 1.19796
126.7 0.90441 1.25221
126.8 0.793093 1.3005
126.9 0.666014 1.34203
127 0.518817 1.3758
127.1 0.345864 1.4005
127.2 0.14026 1.41448
127.3 -0.105305 1.41568
127.4 -0.395706 1.40166
127.5 -0.727053 1.36993
127.6 -1.07801 1.31865
127.7 -1.40786 1.24782
127.8 -1.67331 1.1599
127.9 -1.85376 1.05929
128 -1.95719 0.950702
128.1 -2.00507 0.83792
128.2 -2.0178 0.723501
128.3 -2.00967 0.609007
128.4 -1.98933 0.495353
128.5 -1.96172 0.38308
128.6 -1.92954 0.272514
128.7 -1.89426 0.163871
128.8 -1.85665 0.0573002
128.9 -1.8171 -0.0470768
129 -1.77575 -0.149155
129.1 -1.73264 -0.248834
129.2 -1.68771 -0.346012
129.3 -1.64082 -0.440583
129.4 -1.59179 -0.532429
129.5 -1.54039 -0.621424
129.6 -1.4863 -0.707423
129.7 -1.42917 -0.790264
129.8 -1.36852 -0.869762
129.9 -1.30379 -0.945701
130 -1.23426 -1.01783
130.1 -1.15901 -1.08585
130.2 -1.07689 -1.14941
130.3 -0.986384 -1.20806
130.4 -0.885504 -1.2613
130.5 -0.771638 -1.30844
130.6 -0.641316 -1.34867
130.7 -0.489966 -1.38092
130.8 -0.311712 -1.40384
130.9 -0.0994833 -1.4157
131 0.153888 -1.41437
131.1 0.452287 -1.39736
131.2 0.789324 -1.36222
131.3 1.13991 -1.30739
131.4 1.46106 -1.23324
131.5 1.7119 -1.1427
131.6 1.87735 -1.04034
131.7 1.96917 -0.930754
131.8 2.00943 -0.817525
131.9 2.01757 -0.703001
132 2.00675 -0.588604
132.1 1.98483 -0.475165
132.2 1.95625 -0.363177
132.3 1.92343 -0.252942
132.4 1.8877 -0.144659
132.5 1.84972 -0.0384726
132.6 1.80983 0.0655009
132.7 1.76817 0.167157
132.8 1.72475 0.266397
132.9 1.67947 0.363117
133 1.63222 0.457209
133.1 1.58278 0.548555
133.2 1.53092 0.637025
133.3 1.47632 0.722472
133.4 1.41859 0.80473
133.5 1.35726 0.883608
133.6 1.29173 0.958885
133.7 1.22125 1.0303
133.8 1.14487 1.09755
133.9 1.06138 1.16027
134 0.969173 1.218
134.1 0.866185 1.2702
134.2 0.749659 1.31617
134.3 0.615949 1.35506
134.4 0.460259 1.38575
134.5 0.276475 1.40683
134.6 0.0573837 1.4165
134.7 -0.203936 1.41255
134.8 -0.510154 1.39247
134.9 -0.852083 1.35389
135 -1.20087 1.29549
135.1 -1.51194 1.21814
135.2 -1.74769 1.12513
135.3 -1.89857 1.02115
135.4 -1.97952 0.910692
135.5 -2.01278 0.797091
135.6 -2.01674 0.682507
135.7 -2.00348 0.568232
135.8 -1.98012 0.455024
135.9 -1.95064 0.343331
136 -1.91723 0.233432
136.1 -1.88106 0.125515
136.2 -1.84272 0.0197158
136.3 -1.80251 -0.0838508
136.4 -1.76054 -0.185083
136.5 -1.71679 -0.283879
136.6 -1.67117 -0.380138
136.7 -1.62354 -0.473748
136.8 -1.5737 -0.56459
136.9 -1.52137 -0.65253
137 -1.46624 -0.73742
137.1 -1.40791 -0.819088
137.2 -1.34587 -0.89734
137.3 -1.27952 -0.971947
137.4 -1.20806 -1.04264
137.5 -1.13051 -1.10911
137.6 -1.04558 -1.17097
137.7 -0.951619 -1.22776
137.8 -0.846435 -1.2789
137.9 -0.727134 -1.32368
138 -0.589883 -1.36119
138.1 -0.429657 -1.39027
138.2 -0.240109 -1.40946
138.3 -0.0139245 -1.41686
138.4 0.255449 -1.41022
138.5 0.569217 -1.38698
138.6 0.91511 -1.34491
138.7 1.2606 -1.28299
138.8 1.56032 -1.20253
138.9 1.7807 -1.1072
139 1.91754 -1.00176
139.1 1.98835 -0.890534
139.2 2.01521 -0.776628
139.3 2.01537 -0.662023
139.4 1.9999 -0.547895
139.5 1.97521 -0.434931
139.6 1.94491 -0.323542
139.7 1.91094 -0.213986
139.8 1.87435 -0.106438
139.9 1.83566 -0.00103034
140 1.79514 0.102126
140.1 1.75285 0.20293
140.2 1.70877 0.30128
140.3 1.66281 0.397073
140.4 1.6148 0.490198
140.5 1.56453 0.580531
140.6 1.51173 0.667938
140.7 1.45606 0.752265
140.8 1.3971 0.833337
140.9 1.33434 0.910955
141 1.26714 0.984883
141.1 1.19467 1.05485
141.2 1.1159 1.12052
141.3 1.0295 1.18151
141.4 0.933708 1.23733
141.5 0.826236 1.28739
141.6 0.704038 1.33095
141.7 0.563086 1.36704
141.8 0.39812 1.39448
141.9 0.202571 1.41171
142 -0.0309279 1.41678
142.1 -0.308417 1.40735
142.2 -0.629365 1.3809
142.3 -0.978166 1.33529
142.4 -1.31884 1.26989
142.5 -1.60607 1.18644
142.6 -1.81098 1.08895
142.7 -1.93439 0.982194
142.8 -1.9958 0.870293
142.9 -2.0168 0.756145
143 -2.01352 0.641557
143.1 -1.99603 0.527596
143.2 -1.97014 0.414889
143.3 -1.93907 0.303812
143.4 -1.90457 0.194604
143.5 -1.86757 0.0874297
143.6 -1.82855 -0.0175831
143.7 -1.7877 -0.120326
143.8 -1.7451 -0.220699
143.9 -1.7007 -0.3186
144 -1.65438 -0.413924
144.1 -1.60599 -0.506559
144.2 -1.55528 -0.596379
144.3 -1.502 -0.683247
144.4 -1.44577 -0.767005
144.5 -1.38618 -0.847476
144.6 -1.32268 -0.924452
144.7 -1.25459 -0.997693
144.8 -1.18108 -1.06692
144.9 -1.10106 -1.13178
145 -1.01312 -1.19189
145.1 -0.915426 -1.24673
145.2 -0.805569 -1.29568
145.3 -0.680346 -1.33798
145.4 -0.535524 -1.37263
145.5 -0.365608 -1.39836
145.6 -0.163817 -1.41357
145.7 0.0772022 -1.41623
145.8 0.362813 -1.40395
145.9 0.690463 -1.37419
146 1.04099 -1.32503
146.1 1.37532 -1.2562
146.2 1.64911 -1.16991
146.3 1.8386 -1.07041
146.4 1.94926 -0.962462
146.5 2.00197 -0.849983
146.6 2.01764 -0.735649
146.7 2.01122 -0.621111
146.8 1.99189 -0.507338
146.9 1.9649 -0.3949
147 1.93312 -0.284142
147.1 1.89812 -0.175287
147.2 1.86074 -0.0684906
147.3 1.82138 0.0361239
147.4 1.78022 0.138451
147.5 1.7373 0.238389
147.6 1.69256 0.335837
147.7 1.64589 0.430689
147.8 1.5971 0.52283
147.9 1.54596 0.612133
148 1.49217 0.698457
148.1 1.43538 0.781641
148.2 1.37513 0.861503
148.3 1.31086 0.93783
148.4 1.24188 1.01038
148.5 1.16729 1.07885
148.6 1.08596 1.14289
148.7 0.996426 1.2021
148.8 0.896757 1.25593
148.9 0.784414 1.30376
149 0.656031 1.34477
149.1 0.507164 1.37792
149.2 0.332079 1.4019
149.3 0.123805 1.41503
149.4 -0.124921 1.41521
149.5 -0.418597 1.39998
149.6 -0.75235 1.36686
149.7 -1.10332 1.31414
149.8 -1.42981 1.24195
149.9 -1.68937 1.15294
150 -1.86366 1.0516
150.1 -1.96227 0.94259
150.2 -2.00697 0.829616
150.3 -2.01778 0.715149
150.4 -2.00852 0.600691
150.5 -1.98752 0.487123
150.6 -1.95951 0.374965
150.7 -1.92706 0.264533
150.8 -1.8916 0.156036
150.9 -1.85384 0.0496214
151 -1.81415 -0.0545916
151.1 -1.77267 -0.156498
151.2 -1.72943 -0.255999
151.3 -1.68436 -0.352991
151.4 -1.63732 -0.447367
151.5 -1.58813 -0.53901
151.6 -1.53654 -0.627791
151.7 -1.48225 -0.713566
151.8 -1.42487 -0.796171
151.9 -1.36395 -0.875417
152 -1.29889 -0.951087
152.1 -1.22898 -1.02293
152.2 -1.15328 -1.09063
152.3 -1.0706 -1.15385
152.4 -0.979413 -1.21213
152.5 -0.877684 -1.26495
152.6 -0.762748 -1.31162
152.7 -0.631064 -1.35131
152.8 -0.477969 -1.38293
152.9 -0.29749 -1.4051
153 -0.0824938 -1.41608
153.1 0.1741 -1.41369
153.2 0.475711 -1.39543
153.3 0.814845 -1.3589
153.4 1.16487 -1.30262
153.5 1.48208 -1.22715
153.6 1.72682 -1.13559
153.7 1.88628 -1.03255
153.8 1.97358 -0.922593
153.9 2.01091 -0.809204
154 2.0173 -0.694651
154.1 2.00546 -0.5803
154.2 1.98293 -0.466954
154.3 1.95398 -0.355085
154.4 1.92092 -0.244986
154.5 1.885 -0.136852
154.6 1.84687 -0.0308225
154.7 1.80686 0.0729856
154.8 1.76507 0.174469
154.9 1.72151 0.273529
155 1.6761 0.370061
155.1 1.62869 0.463958
155.2 1.57909 0.555099
155.3 1.52704 0.643354
155.4 1.47223 0.728574
155.5 1.41425 0.810593
155.6 1.35264 0.889216
155.7 1.28677 0.964222
155.8 1.2159 1.03535
155.9 1.13905 1.10228
156 1.05498 1.16465
156.1 0.962064 1.222
156.2 0.858192 1.27377
156.3 0.74055 1.31926
156.4 0.605416 1.35759
156.5 0.447902 1.38763
156.6 0.261798 1.40795
156.7 0.0398446 1.4167
156.8 -0.224746 1.41166
156.9 -0.534078 1.39031
157 -0.877741 1.35031
157.1 -1.22537 1.29047
157.2 -1.53196 1.21184
157.3 -1.76147 1.11786
157.4 -1.90657 1.01328
157.5 -1.98329 0.902491
157.6 -2.01387 0.788758
157.7 -2.01625 0.67416
157.8 -2.00206 0.559942
157.9 -1.97814 0.446832
158 -1.94832 0.335262
158.1 -1.91468 0.225502
158.2 -1.87833 0.117735
158.3 -1.83985 0.0120947
158.4 -1.79952 -0.0913052
158.5 -1.75741 -0.192363
158.6 -1.71353 -0.290978
158.7 -1.66778 -0.387047
158.8 -1.61999 -0.48046
158.9 -1.56997 -0.571095
159 -1.51745 -0.658819
159.1 -1.46211 -0.74348
159.2 -1.40352 -0.824907
159.3 -1.34119 -0.902901
159.4 -1.27449 -0.977232
159.5 -1.20263 -1.04763
159.6 -1.12459 -1.11378
159.7 -1.03906 -1.17528
159.8 -0.944366 -1.23168
159.9 -0.838261 -1.28238
160 -0.717795 -1.32667
160.1 -0.579056 -1.36361
160.2 -0.416924 -1.39203
160.3 -0.22496 -1.41042
160.4 0.00417834 -1.41688
160.5 0.276854 -1.40912
160.6 0.593598 -1.38458
160.7 0.94081 -1.34107
160.8 1.28452 -1.27772
160.9 1.57928 -1.19603
161 1.79336 -1.0998
161.1 1.92466 -0.993812
161.2 1.99155 -0.882297
161.3 2.01596 -0.768285
161.4 2.01467 -0.653683
161.5 1.99835 -0.539621
161.6 1.97317 -0.42676
161.7 1.94254 -0.315497
161.8 1.90836 -0.206082
161.9 1.8716 -0.0986857
162 1.83277 0.00656146
162.1 1.79212 0.10955
162.2 1.7497 0.210178
162.3 1.70549 0.308346
162.4 1.65939 0.403949
162.5 1.61122 0.496874
162.6 1.56077 0.586999
162.7 1.50778 0.674187
162.8 1.45188 0.758283
162.9 1.39267 0.839111
163 1.32961 0.916468
163.1 1.26205 0.990118
163.2 1.18916 1.05978
163.3 1.10989 1.12513
163.4 1.02286 1.18576
163.5 0.926306 1.24118
163.6 0.817874 1.2908
163.7 0.69446 1.33384
163.8 0.551951 1.36935
163.9 0.384995 1.3961
164 0.186932 1.41251
164.1 -0.0496068 1.41661
164.2 -0.330407 1.40603
164.3 -0.65415 1.37824
164.4 -1.0038 1.33119
164.5 -1.34208 1.26438
164.6 -1.62394 1.17976
164.7 -1.82255 1.08143
164.8 -1.94068 0.974173
164.9 -1.99846 0.862026
165 -2.01723 0.747796
165.1 -2.01263 0.633224
165.2 -1.99437 0.519338
165.3 -1.96802 0.406739
165.4 -1.93666 0.295791
165.5 -1.90195 0.186726
165.6 -1.8648 0.0797056
165.7 -1.82563 -0.0251454
165.8 -1.78466 -0.127719
165.9 -1.74193 -0.227915
166 -1.69739 -0.325632
166.1 -1.65093 -0.420764
166.2 -1.60237 -0.513198
166.3 -1.55149 -0.602809
166.4 -1.498 -0.689456
166.5 -1.44155 -0.772981
166.6 -1.38169 -0.853204
166.7 -1.31788 -0.929916
166.8 -1.24943 -1.00288
166.9 -1.17549 -1.07179
167 -1.09494 -1.13633
167.1 -1.00636 -1.19607
167.2 -0.907868 -1.2505
167.3 -0.797011 -1.299
167.4 -0.670517 -1.34077
167.5 -0.524069 -1.37482
167.6 -0.352073 -1.39984
167.7 -0.14767 -1.41421
167.8 0.0964673 -1.41587
167.9 0.385374 -1.4024
168 0.71559 -1.37128
168.1 1.06646 -1.32067
168.2 1.39777 -1.25046
168.3 1.66585 -1.16305
168.4 1.84911 -1.06278
168.5 1.95478 -0.954382
168.6 2.00414 -0.841692
168.7 2.01778 -0.727298
168.8 2.01017 -0.612789
168.9 1.99014 -0.499097
169 1.96272 -0.386772
169.1 1.93066 -0.276146
169.2 1.89547 -0.167436
169.3 1.85793 -0.0607949
169.4 1.81844 0.0436565
169.5 1.77715 0.145812
169.6 1.7341 0.245573
169.7 1.68923 0.342835
169.8 1.64241 0.437494
169.9 1.59345 0.529433
170 1.54213 0.618524
170.1 1.48814 0.704625
170.2 1.43111 0.787573
170.3 1.37059 0.867185
170.4 1.306 0.943245
170.5 1.23664 1.0155
170.6 1.16161 1.08367
170.7 1.07974 1.14738
170.8 0.989535 1.20621
170.9 0.889036 1.25963
171 0.77565 1.30699
171.1 0.64594 1.34746
171.2 0.495373 1.38
171.3 0.318118 1.40325
171.4 0.107134 1.41551
171.5 -0.14478 1.41465
171.6 -0.441709 1.3982
171.7 -0.777748 1.3637
171.8 -1.12851 1.30952
171.9 -1.45138 1.23598
172 -1.70497 1.14592
172.1 -1.87317 1.04387
172.2 -1.96708 0.934457
172.3 -2.0087 0.821305
172.4 -2.01766 0.706798
172.5 -2.00731 0.59238
172.6 -1.98568 0.4789
172.7 -1.95727 0.366859
172.8 -1.92457 0.256562
172.9 -1.88892 0.148212
173 -1.85101 0.0419542
173.1 -1.81118 -0.0620942
173.2 -1.76958 -0.163829
173.3 -1.72621 -0.26315
173.4 -1.681 -0.359955
173.5 -1.63382 -0.454136
173.6 -1.58446 -0.545576
173.7 -1.53268 -0.634143
173.8 -1.47818 -0.719693
173.9 -1.42056 -0.802059
174 -1.35936 -0.881053
174.1 -1.29398 -0.956453
174.2 -1.22367 -1.028
174.3 -1.14751 -1.0954
174.4 -1.06427 -1.15827
174.5 -0.972386 -1.21617
174.6 -0.869795 -1.26856
174.7 -0.75377 -1.31476
174.8 -0.620699 -1.3539
174.9 -0.465827 -1.38488
175 -0.283085 -1.4063
175.1 -0.0652823 -1.41639
175.2 0.194556 -1.41292
175.3 0.499344 -1.39342
175.4 0.840433 -1.35548
175.5 1.18966 -1.29774
175.6 1.5027 -1.22098
175.7 1.74127 -1.12841
175.8 1.89482 -1.02472
175.9 1.97772 -0.914416
176 2.01223 -0.800878
176.1 2.01694 -0.686302
176.2 2.00411 -0.572002
176.3 1.981 -0.45875
176.4 1.95169 -0.347002
176.5 1.91839 -0.237041
176.6 1.88229 -0.129055
176.7 1.84402 -0.0231842
176.8 1.80387 0.080458
176.9 1.76196 0.181769
177 1.71827 0.280647
177.1 1.67272 0.376992
177.2 1.62516 0.470691
177.3 1.57539 0.561627
177.4 1.52315 0.649666
177.5 1.46812 0.734659
177.6 1.4099 0.816437
177.7 1.34799 0.894805
177.8 1.28179 0.969537
177.9 1.21052 1.04037
178 1.13318 1.10698
178.1 1.04853 1.169
178.2 0.954897 1.22596
178.3 0.850126 1.2773
178.4 0.731348 1.3223
178.5 0.594764 1.36007
178.6 0.435394 1.38946
178.7 0.246931 1.409
178.8 0.0220775 1.41683
178.9 -0.245799 1.41069
179 -0.558193 1.38805
179.1 -0.903428 1.34662
179.2 -1.24964 1.28535
179.3 -1.55155 1.20546
179.4 -1.77479 1.11055
179.5 -1.91419 1.00537
179.6 -1.98682 0.894274
179.7 -2.01482 0.78042
179.8 -2.01567 0.665816
179.9 -2.00058 0.551659
180 -1.97614 0.438649
180.1 -1.94598 0.327203
180.2 -1.91211 0.217583
180.3 -1.8756 0.109966
180.4 -1.83697 0.00448554
180.5 -1.79651 -0.0987471
180.6 -1.75428 -0.19963
180.7 -1.71026 -0.298064
180.8 -1.66436 -0.393943
180.9 -1.61643 -0.487158
181 -1.56623 -0.577586
181.1 -1.51352 -0.665092
181.2 -1.45795 -0.749523
181.3 -1.39911 -0.830707
181.4 -1.33649 -0.908442
181.5 -1.26944 -0.982497
181.6 -1.19717 -1.0526
181.7 -1.11863 -1.11842
181.8 -1.0325 -1.17957
181.9 -0.937053 -1.23557
182 -0.830012 -1.28584
182.1 -0.70836 -1.32962
182.2 -0.568105 -1.36598
182.3 -0.404033 -1.39372
182.4 -0.209614 -1.41132
182.5 0.0225145 -1.41683
182.6 0.298498 -1.40792
182.7 0.61815 -1.38207
182.8 0.966497 -1.33712
182.9 1.30818 -1.27236
183 1.5978 -1.18946
183.1 1.80557 -1.09236
183.2 1.93143 -0.985831
183.3 1.99452 -0.874047
183.4 2.01657 -0.75994
183.5 2.0139 -0.645346
183.6 1.99676 -0.531353
183.7 1.97109 -0.418597
183.8 1.94016 -0.307462
183.9 1.90576 -0.198189
184 1.86883 -0.0909449
184.1 1.82987 0.0141413
184.2 1.78909 0.116961
184.3 1.74654 0.217414
184.4 1.7022 0.315398
184.5 1.65595 0.41081
184.6 1.60762 0.503535
184.7 1.557 0.593451
184.8 1.50381 0.680419
184.9 1.44768 0.764283
185 1.38821 0.844866
185.1 1.32485 0.921961
185.2 1.25693 0.995331
185.3 1.18362 1.06469
185.4 1.10383 1.12971
185.5 1.01617 1.18998
185.6 0.918841 1.245
185.7 0.809433 1.29416
185.8 0.68478 1.33669
185.9 0.540688 1.37161
186 0.371705 1.39767
186.1 0.171088 1.41325
186.2 -0.0685236 1.41637
186.3 -0.352632 1.40462
186.4 -0.679082 1.37548
186.5 -1.02939 1.32698
186.6 -1.365 1.25878
186.7 -1.64135 1.173
186.8 -1.83368 1.07386
186.9 -1.94665 0.966128
187 -2.00091 0.853749
187.1 -2.01754 0.739446
187.2 -2.01168 0.624896
187.3 -1.99268 0.511087
187.4 -1.96588 0.398598
187.5 -1.93423 0.287781
187.6 -1.89932 0.178859
187.7 -1.86201 0.071993
187.8 -1.82271 -0.0326956
187.9 -1.78161 -0.1351
188 -1.73875 -0.235118
188.1 -1.69407 -0.332651
188.2 -1.64747 -0.42759
188.3 -1.59875 -0.519823
188.4 -1.54769 -0.609222
188.5 -1.494 -0.695647
188.6 -1.43731 -0.778938
188.7 -1.37718 -0.858913
188.8 -1.31306 -0.935361
188.9 -1.24425 -1.00804
189 -1.16986 -1.07665
189.1 -1.08878 -1.14085
189.2 -0.999542 -1.20022
189.3 -0.900244 -1.25424
189.4 -0.78837 -1.30228
189.5 -0.660582 -1.34353
189.6 -0.512478 -1.37696
189.7 -0.338367 -1.40127
189.8 -0.131312 -1.41479
189.9 0.115974 -1.41543
190 0.408163 -1.40075
190.1 0.740837 -1.36827
190.2 1.09183 -1.3162
190.3 1.41988 -1.24463
190.4 1.68213 -1.15612
190.5 1.85921 -1.0551
190.6 1.96 -0.94628
190.7 2.00613 -0.833392
190.8 2.01781 -0.718946
190.9 2.00905 -0.604471
191 1.98835 -0.490864
191.1 1.96051 -0.378653
191.2 1.92819 -0.26816
191.3 1.89281 -0.159596
191.4 1.85512 -0.0531107
191.5 1.81549 0.0511769
191.6 1.77407 0.153162
191.7 1.73089 0.252743
191.8 1.68589 0.34982
191.9 1.63892 0.444285
192 1.5898 0.53602
192.1 1.53829 0.624899
192.2 1.48409 0.710776
192.3 1.42683 0.793488
192.4 1.36603 0.872848
192.5 1.30112 0.948641
192.6 1.23138 1.02061
192.7 1.15589 1.08846
192.8 1.07347 1.15183
192.9 0.982589 1.21029
193 0.881248 1.26329
193.1 0.7668 1.31018
193.2 0.635738 1.35011
193.3 0.483441 1.38202
193.4 0.303978 1.40454
193.5 0.0902447 1.41592
193.6 -0.164881 1.41401
193.7 -0.465036 1.39632
193.8 -0.803234 1.36043
193.9 -1.15355 1.3048
194 -1.47257 1.22993
194.1 -1.7201 1.13883
194.2 -1.88227 1.03609
194.3 -1.97161 0.926305
194.4 -2.01025 0.812988
194.5 -2.01743 0.698447
194.6 -2.00605 0.584074
194.7 -1.9838 0.470686
194.8 -1.95501 0.358762
194.9 -1.92206 0.248602
195 -1.88623 0.140399
195.1 -1.84817 0.0342988
195.2 -1.80821 -0.0695845
195.3 -1.76648 -0.171147
195.4 -1.72298 -0.270288
195.5 -1.67764 -0.366906
195.6 -1.6303 -0.460891
195.7 -1.58077 -0.552126
195.8 -1.52881 -0.640479
195.9 -1.47409 -0.725802
196 -1.41623 -0.80793
196.1 -1.35474 -0.886669
196.2 -1.28903 -0.961798
196.3 -1.21834 -1.03306
196.4 -1.1417 -1.10013
196.5 -1.05789 -1.16266
196.6 -0.965303 -1.22018
196.7 -0.861834 -1.27215
196.8 -0.744702 -1.31786
196.9 -0.610219 -1.35644
197 -0.453538 -1.38678
197.1 -0.268494 -1.40745
197.2 -0.0478461 -1.41662
197.3 0.215255 -1.41208
197.4 0.523178 -1.3913
197.5 0.866072 -1.35195
197.6 1.21426 -1.29277
197.7 1.52291 -1.21471
197.8 1.75526 -1.12117
197.9 1.90298 -1.01686
198 1.98161 -0.906221
198.1 2.01339 -0.792547
198.2 2.01648 -0.677954
198.3 2.00271 -0.56371
198.4 1.97904 -0.450555
198.5 1.94938 -0.338929
198.6 1.91584 -0.229106
198.7 1.87957 -0.12127
198.8 1.84116 -0.0155578
198.9 1.80088 0.087918
199 1.75884 0.189055
199.1 1.71501 0.287753
199.2 1.66932 0.383908
199.3 1.62161 0.47741
199.4 1.57167 0.56814
199.5 1.51924 0.655962
199.6 1.46399 0.740727
199.7 1.40552 0.822264
199.8 1.34332 0.900375
199.9 1.27678 0.974832
200 1.2051 1.04537
