0 2 0
0.1 1.89907 0.109996
0.2 1.82033 0.214989
0.3 1.75315 0.315896
0.4 1.69194 0.413195
0.5 1.63349 0.507127
0.6 1.57582 0.597785
0.7 1.51759 0.685175
0.8 1.45777 0.769235
0.9 1.3955 0.849849
1 1.32997 0.926857
1.1 1.26031 1.00005
1.2 1.18553 1.06917
1.3 1.10445 1.13389
1.4 1.01558 1.19382
1.5 0.917033 1.24846
1.6 0.806315 1.29721
1.7 0.680149 1.33928
1.8 0.534209 1.37369
1.9 0.362878 1.39917
2 0.159227 1.41409
2.1 -0.0842369 1.41641
2.2 -0.372884 1.40371
2.3 -0.703766 1.37347
2.4 -1.05668 1.32376
2.5 -1.39122 1.25441
2.6 -1.66271 1.16776
2.7 -1.84854 1.06816
2.8 -1.95568 0.960359
2.9 -2.00575 0.848231
3 -2.0197 0.734383
3.1 -2.01226 0.620407
3.2 -1.99236 0.507236
3.3 -1.96509 0.395415
3.4 -1.93321 0.285276
3.5 -1.89823 0.17703
3.6 -1.86093 0.0708294
3.7 -1.8217 -0.0332085
3.8 -1.78071 -0.13498
3.9 -1.73799 -0.234387
4 -1.69348 -0.33133
4.1 -1.64705 -0.425705
4.2 -1.59853 -0.517398
4.3 -1.54769 -0.606286
4.4 -1.49423 -0.692229
4.5 -1.43779 -0.77507
4.6 -1.37794 -0.854628
4.7 -1.31411 -0.930695
4.8 -1.24563 -1.00303
4.9 -1.17161 -1.07134
5 -1.09093 -1.13529
5.1 -1.00215 -1.19446
5.2 -0.903374 -1.24834
5.3 -0.792089 -1.2963
5.4 -0.664974 -1.33754
5.5 -0.517631 -1.37106
5.6 -0.344365 -1.39554
5.7 -0.138194 -1.40935
5.8 0.108282 -1.4104
5.9 0.399976 -1.39625
6 0.732832 -1.36441
6.1 1.08498 -1.31307
6.2 1.41499 -1.24223
6.3 1.67931 -1.15443
6.4 1.85791 -1.0541
6.5 1.95954 -0.945943
6.6 2.00605 -0.833706
6.7 2.0179 -0.719906
6.8 2.00924 -0.606069
6.9 1.98864 -0.49309
7 1.96092 -0.381494
7.1 1.92874 -0.271599
7.2 1.89352 -0.163613
7.3 1.85602 -0.0576843
7.4 1.8166 0.0460708
7.5 1.77542 0.147549
7.6 1.73249 0.246651
7.7 1.68776 0.343277
7.8 1.64108 0.437321
7.9 1.59229 0.52867
8 1.54114 0.617197
8.1 1.48733 0.702761
8.2 1.4305 0.785201
8.3 1.37018 0.864334
8.4 1.30582 0.939948
8.5 1.23669 1.01179
8.6 1.16191 1.07958
8.7 1.08031 1.14296
8.8 0.990391 1.20149
8.9 0.8902 1.25467
9 0.777137 1.30184
9.1 0.647758 1.34218
9.2 0.497514 1.37464
9.3 0.320538 1.39789
9.4 0.109722 1.41022
9.5 -0.142245 1.40951
9.6 -0.439589 1.39329
9.7 -0.776499 1.35908
9.8 -1.12844 1.30525
9.9 -1.45235 1.2321
10 -1.70639 1.14247
10.1 -1.87443 1.04092
10.2 -1.9679 0.932066
10.3 -2.00907 0.81952
10.4 -2.01771 0.705648
10.5 -2.00719 0.591879
10.6 -1.98549 0.47905
10.7 -1.9571 0.367652
10.8 -1.92448 0.257987
10.9 -1.88894 0.150251
11 -1.85119 0.0445873
11.1 -1.81154 -0.0588885
11.2 -1.77014 -0.160075
11.3 -1.727 -0.258872
11.4 -1.68203 -0.355182
11.5 -1.6351 -0.448896
11.6 -1.58603 -0.539899
11.7 -1.53456 -0.628063
11.8 -1.4804 -0.713245
11.9 -1.42316 -0.795282
12 -1.36237 -0.873987
12.1 -1.29745 -0.949145
12.2 -1.22767 -1.0205
12.3 -1.1521 -1.08776
12.4 -1.06955 -1.15055
12.5 -0.97847 -1.20845
12.6 -0.876825 -1.26091
12.7 -0.76193 -1.30728
12.8 -0.630217 -1.34669
12.9 -0.476979 -1.37808
13 -0.296179 -1.40007
13.1 -0.0805981 -1.41089
13.2 0.176935 -1.40838
13.3 0.479852 -1.39004
13.4 0.820437 -1.35344
13.5 1.17148 -1.29712
13.6 1.48859 -1.22171
13.7 1.73208 -1.13032
13.8 1.88977 -1.02762
13.9 1.97545 -0.918133
14 2.0116 -0.805315
14.1 2.01724 -0.691392
14.2 2.00497 -0.577705
14.3 1.98224 -0.465033
14.4 1.95321 -0.353838
14.5 1.92017 -0.244404
14.6 1.88433 -0.13692
14.7 1.84633 -0.0315245
14.8 1.80646 0.0716704
14.9 1.76484 0.172563
15 1.72147 0.271055
15.1 1.67627 0.367046
15.2 1.62909 0.460428
15.3 1.57973 0.551083
15.4 1.52794 0.638883
15.5 1.47342 0.723681
15.6 1.41576 0.805312
15.7 1.35449 0.883586
15.8 1.28901 0.958282
15.9 1.21856 1.02914
16 1.14219 1.09586
16.1 1.05866 1.15807
16.2 0.966384 1.21532
16.3 0.863245 1.26706
16.4 0.746463 1.31261
16.5 0.612341 1.35108
16.6 0.456015 1.38138
16.7 0.271277 1.40207
16.8 0.0508145 1.41136
16.9 -0.212348 1.40701
17 -0.520731 1.3865
17.1 -0.864564 1.34749
17.2 -1.21397 1.28869
17.3 -1.52364 1.21107
17.4 -1.7564 1.118
17.5 -1.90398 1.01421
17.6 -1.98223 0.90415
17.7 -2.01365 0.791093
17.8 -2.01649 0.677141
17.9 -2.00259 0.563546
18 -1.97889 0.451038
18.1 -1.94927 0.340051
18.2 -1.91583 0.230852
18.3 -1.87969 0.123622
18.4 -1.84144 0.0184961
18.5 -1.80135 -0.0844163
18.6 -1.75952 -0.185014
18.7 -1.71592 -0.283199
18.8 -1.67048 -0.37887
18.9 -1.62304 -0.471917
19 -1.57339 -0.562223
19.1 -1.52128 -0.649655
19.2 -1.46639 -0.734067
19.3 -1.4083 -0.815289
19.4 -1.34654 -0.893128
19.5 -1.28048 -0.96736
19.6 -1.20935 -1.03772
19.7 -1.13216 -1.1039
19.8 -1.04764 -1.16551
19.9 -0.954129 -1.2221
20 -0.849452 -1.27311
20.1 -0.730725 -1.31782
20.2 -0.594119 -1.35534
20.3 -0.434607 -1.38453
20.4 -0.245817 -1.4039
20.5 -0.0203581 -1.41161
20.6 0.248484 -1.40538
20.7 0.562192 -1.38268
20.8 0.908803 -1.34122
20.9 1.25584 -1.27997
21 1.55744 -1.20018
21.1 1.77936 -1.1055
21.2 1.91709 -1.00071
21.3 1.98828 -0.890121
21.4 2.01527 -0.776859
21.5 2.01549 -0.662896
21.6 2.00006 -0.549405
21.7 1.97545 -0.437068
21.8 1.94527 -0.326292
21.9 1.91144 -0.217331
22 1.87502 -0.110357
22.1 1.83652 -0.00550235
22.2 1.79621 0.097126
22.3 1.75416 0.197428
22.4 1.71034 0.295304
22.5 1.66466 0.390652
22.6 1.61695 0.483363
22.7 1.56702 0.573317
22.8 1.51458 0.66038
22.9 1.4593 0.744403
23 1.40079 0.825213
23.1 1.33853 0.902614
23.2 1.27188 0.976377
23.3 1.20005 1.04623
23.4 1.12202 1.11186
23.5 1.03648 1.17287
23.6 0.9417 1.2288
23.7 0.835441 1.27906
23.8 0.71471 1.32293
23.9 0.575541 1.35948
24 0.412743 1.38752
24.1 0.219782 1.40555
24.2 -0.0107828 1.41164
24.3 -0.285339 1.4035
24.4 -0.604197 1.37856
24.5 -0.95307 1.33464
24.6 -1.29697 1.27095
24.7 -1.58995 1.18906
24.8 -1.80096 1.09285
24.9 -1.92916 0.98712
25 -1.99365 0.876052
25.1 -2.01648 0.762614
25.2 -2.01424 0.648659
25.3 -1.99739 0.535282
25.4 -1.97193 0.423122
25.5 -1.94121 0.312561
25.6 -1.90701 0.20384
25.7 -1.87031 0.0971257
25.8 -1.83158 -0.00745654
25.9 -1.79105 -0.109799
26 -1.74878 -0.209803
26.1 -1.70474 -0.307369
26.2 -1.65881 -0.402393
26.3 -1.61084 -0.494767
26.4 -1.5606 -0.584367
26.5 -1.50783 -0.671058
26.6 -1.45217 -0.754689
26.7 -1.39322 -0.835084
26.8 -1.33045 -0.912043
26.9 -1.2632 -0.985333
27 -1.19066 -1.05468
27.1 -1.11177 -1.11975
27.2 -1.02517 -1.18016
27.3 -0.929093 -1.23541
27.4 -0.821205 -1.28492
27.5 -0.698407 -1.32792
27.6 -0.556595 -1.36348
27.7 -0.390409 -1.39036
27.8 -0.193159 -1.40701
27.9 0.0426189 -1.41146
28 0.322906 -1.40135
28.1 0.646701 -1.37414
28.2 0.997278 -1.32775
28.3 1.33729 -1.26164
28.4 1.62113 -1.17771
28.5 1.82125 -1.08006
28.6 1.94023 -0.973449
28.7 1.99838 -0.861948
28.8 2.0173 -0.748363
28.9 2.01278 -0.634432
29 1.99459 -0.521179
29.1 1.96833 -0.409202
29.2 1.93709 -0.29886
29.3 1.90255 -0.190382
29.4 1.86557 -0.0839274
29.5 1.82661 0.0203804
29.6 1.78586 0.122436
29.7 1.74337 0.22214
29.8 1.6991 0.319394
29.9 1.65292 0.414093
30 1.60468 0.506127
30.1 1.55414 0.595371
30.2 1.50103 0.681688
30.3 1.44499 0.764924
30.4 1.38559 0.844901
30.5 1.3223 0.921415
30.6 1.25444 0.994228
30.7 1.18116 1.06306
30.8 1.10139 1.12757
30.9 1.01371 1.18736
31 0.916302 1.24193
31.1 0.806737 1.29067
31.2 0.681809 1.3328
31.3 0.53727 1.36734
31.4 0.367591 1.39304
31.5 0.165931 1.40827
31.6 -0.0751593 1.41104
31.7 -0.361174 1.39893
31.8 -0.689654 1.36942
31.9 -1.04133 1.32055
32 -1.37671 1.25205
32.1 -1.65096 1.16615
32.2 -1.84024 1.06712
32.3 -1.95035 0.959702
32.4 -2.00251 0.847812
32.5 -2.01777 0.734107
32.6 -2.0111 0.620216
32.7 -1.99166 0.507096
32.8 -1.96465 0.395307
32.9 -1.93293 0.285188
33 -1.89804 0.176955
33.1 -1.8608 0.0707627
33.2 -1.82161 -0.033269
33.3 -1.78064 -0.135036
33.4 -1.73793 -0.234439
33.5 -1.69343 -0.331379
33.6 -1.64701 -0.425752
33.7 -1.59849 -0.517443
33.8 -1.54765 -0.606329
33.9 -1.49419 -0.69227
34 -1.43776 -0.775108
34.1 -1.3779 -0.854664
34.2 -1.31408 -0.930729
34.3 -1.24559 -1.00306
34.4 -1.17157 -1.07137
34.5 -1.09089 -1.13532
34.6 -1.00211 -1.19448
34.7 -0.903321 -1.24836
34.8 -0.79203 -1.29632
34.9 -0.664906 -1.33756
35 -0.517553 -1.37107
35.1 -0.344273 -1.39555
35.2 -0.138085 -1.40935
35.3 0.108412 -1.41039
35.4 0.400128 -1.39624
35.5 0.732999 -1.36439
35.6 1.08515 -1.31304
35.7 1.41514 -1.24219
35.8 1.67942 -1.15439
35.9 1.85798 -1.05405
36 1.95957 -0.945887
36.1 2.00606 -0.833649
36.2 2.0179 -0.719848
36.3 2.00923 -0.606012
36.4 1.98862 -0.493034
36.5 1.9609 -0.381439
36.6 1.92872 -0.271545
36.7 1.8935 -0.16356
36.8 1.856 -0.0576318
36.9 1.81658 0.0461222
37 1.77539 0.147599
37.1 1.73247 0.2467
37.2 1.68773 0.343324
37.3 1.64106 0.437368
37.4 1.59227 0.528715
37.5 1.54111 0.617241
37.6 1.4873 0.702803
37.7 1.43047 0.785241
37.8 1.37015 0.864373
37.9 1.30578 0.939985
38 1.23666 1.01183
38.1 1.16187 1.07961
38.2 1.08026 1.14299
38.3 0.990344 1.20152
38.4 0.890147 1.2547
38.5 0.777076 1.30186
38.6 0.647688 1.34219
38.7 0.497433 1.37465
38.8 0.320441 1.3979
38.9 0.109606 1.41022
39 -0.142382 1.40951
39.1 -0.439749 1.39327
39.2 -0.776674 1.35906
39.3 -1.12862 1.30522
39.4 -1.4525 1.23206
39.5 -1.70649 1.14242
39.6 -1.87449 1.04086
39.7 -1.96793 0.93201
39.8 -2.00908 0.819463
39.9 -2.01771 0.705591
40 -2.00718 0.591822
40.1 -1.98547 0.478994
40.2 -1.95708 0.367597
40.3 -1.92446 0.257932
40.4 -1.88893 0.150197
40.5 -1.85117 0.0445349
40.6 -1.81152 -0.0589398
40.7 -1.77012 -0.160125
40.8 -1.72697 -0.258921
40.9 -1.682 -0.355229
41 -1.63508 -0.448942
41.1 -1.586 -0.539944
41.2 -1.53454 -0.628107
41.3 -1.48037 -0.713287
41.4 -1.42313 -0.795323
41.5 -1.36234 -0.874026
41.6 -1.29742 -0.949181
41.7 -1.22763 -1.02054
41.8 -1.15206 -1.08779
41.9 -1.06951 -1.15058
42 -0.978422 -1.20848
42.1 -0.876771 -1.26094
42.2 -0.761869 -1.3073
42.3 -0.630146 -1.34671
42.4 -0.476896 -1.3781
42.5 -0.296081 -1.40008
42.6 -0.0804802 -1.4109
42.7 0.177075 -1.40838
42.8 0.480015 -1.39003
42.9 0.820613 -1.35341
43 1.17165 -1.29709
43.1 1.48873 -1.22167
43.2 1.73218 -1.13027
43.3 1.88983 -1.02756
43.4 1.97548 -0.918077
43.5 2.01161 -0.805258
43.6 2.01724 -0.691335
43.7 2.00496 -0.577648
43.8 1.98222 -0.464977
43.9 1.9532 -0.353782
44 1.92016 -0.24435
44.1 1.88432 -0.136867
44.2 1.84631 -0.0314722
44.3 1.80644 0.0717215
44.4 1.76482 0.172613
44.5 1.72145 0.271104
44.6 1.67625 0.367093
44.7 1.62906 0.460474
44.8 1.5797 0.551128
44.9 1.52792 0.638926
45 1.47339 0.723723
45.1 1.41573 0.805352
45.2 1.35446 0.883624
45.3 1.28897 0.958319
45.4 1.21852 1.02918
45.5 1.14215 1.09589
45.6 1.05862 1.1581
45.7 0.966335 1.21535
45.8 0.86319 1.26709
45.9 0.7464 1.31263
46 0.612268 1.3511
46.1 0.45593 1.38139
46.2 0.271177 1.40208
46.3 0.0506939 1.41136
46.4 -0.212491 1.407
46.5 -0.520896 1.38649
46.6 -0.864741 1.34746
46.7 -1.21414 1.28866
46.8 -1.52377 1.21102
46.9 -1.7565 1.11795
47 -1.90403 1.01416
47.1 -1.98225 0.904094
47.2 -2.01366 0.791036
47.3 -2.01649 0.677084
47.4 -2.00258 0.563489
47.5 -1.97888 0.450982
47.6 -1.94925 0.339995
47.7 -1.91581 0.230798
47.8 -1.87967 0.123569
47.9 -1.84142 0.018444
48 -1.80133 -0.0844673
48.1 -1.7595 -0.185064
48.2 -1.7159 -0.283248
48.3 -1.67046 -0.378917
48.4 -1.62301 -0.471963
48.5 -1.57337 -0.562267
48.6 -1.52125 -0.649698
48.7 -1.46636 -0.734108
48.8 -1.40827 -0.815329
48.9 -1.34651 -0.893166
49 -1.28045 -0.967396
49.1 -1.20932 -1.03775
49.2 -1.13212 -1.10393
49.3 -1.0476 -1.16554
49.4 -0.954079 -1.22213
49.5 -0.849397 -1.27314
49.6 -0.730662 -1.31784
49.7 -0.594045 -1.35536
49.8 -0.434521 -1.38454
49.9 -0.245714 -1.40391
50 -0.0202347 -1.41161
50.1 0.24863 -1.40537
50.2 0.56236 -1.38266
50.3 0.908981 -1.34119
50.4 1.256 -1.27993
50.5 1.55757 -1.20014
50.6 1.77945 -1.10545
50.7 1.91714 -1.00066
50.8 1.98831 -0.890065
50.9 2.01528 -0.776802
51 2.01548 -0.662839
51.1 2.00005 -0.549348
51.2 1.97544 -0.437012
51.3 1.94525 -0.326237
51.4 1.91142 -0.217276
51.5 1.875 -0.110304
51.6 1.8365 -0.00545037
51.7 1.79619 0.0971768
51.8 1.75414 0.197477
51.9 1.71032 0.295352
52 1.66464 0.390699
52.1 1.61693 0.483409
52.2 1.56699 0.573362
52.3 1.51455 0.660423
52.4 1.45928 0.744444
52.5 1.40076 0.825253
52.6 1.3385 0.902652
52.7 1.27185 0.976413
52.8 1.20002 1.04627
52.9 1.12198 1.11189
53 1.03643 1.1729
53.1 0.94165 1.22883
53.2 0.835385 1.27909
53.3 0.714645 1.32295
53.4 0.575466 1.35949
53.5 0.412655 1.38753
53.6 0.219677 1.40555
53.7 -0.010909 1.41164
53.8 -0.285488 1.40349
53.9 -0.604367 1.37854
54 -0.953248 1.33462
54.1 -1.29714 1.27091
54.2 -1.59007 1.18901
54.3 -1.80105 1.0928
54.4 -1.92921 0.987066
54.5 -1.99368 0.875996
54.6 -2.01648 0.762557
54.7 -2.01424 0.648602
54.8 -1.99738 0.535226
54.9 -1.97192 0.423067
55 -1.94119 0.312506
55.1 -1.90699 0.203787
55.2 -1.87029 0.0970728
55.3 -1.83156 -0.00750838
55.4 -1.79103 -0.10985
55.5 -1.74876 -0.209852
55.6 -1.70471 -0.307417
55.7 -1.65878 -0.40244
55.8 -1.61081 -0.494812
55.9 -1.56057 -0.584411
56 -1.5078 -0.671101
56.1 -1.45214 -0.75473
56.2 -1.39319 -0.835123
56.3 -1.33042 -0.912081
56.4 -1.26317 -0.985369
56.5 -1.19062 -1.05471
56.6 -1.11173 -1.11978
56.7 -1.02512 -1.18019
56.8 -0.929042 -1.23544
56.9 -0.821147 -1.28494
57 -0.698341 -1.32794
57.1 -0.556519 -1.36349
57.2 -0.390319 -1.39037
57.3 -0.193051 -1.40701
57.4 0.0427478 -1.41146
57.5 0.323058 -1.40134
57.6 0.646872 -1.37412
57.7 0.997455 -1.32772
57.8 1.33745 -1.2616
57.9 1.62125 -1.17767
58 1.82133 -1.08
58.1 1.94028 -0.973394
58.2 1.9984 -0.861891
58.3 2.0173 -0.748305
58.4 2.01277 -0.634375
58.5 1.99458 -0.521123
58.6 1.96832 -0.409146
58.7 1.93708 -0.298805
58.8 1.90253 -0.190328
58.9 1.86555 -0.0838746
59 1.82659 0.0204321
59.1 1.78584 0.122487
59.2 1.74335 0.22219
59.3 1.69907 0.319442
59.4 1.6529 0.41414
59.5 1.60466 0.506172
59.6 1.55412 0.595415
59.7 1.501 0.681731
59.8 1.44496 0.764965
59.9 1.38556 0.84494
60 1.32227 0.921452
60.1 1.2544 0.994263
60.2 1.18113 1.06309
60.3 1.10135 1.1276
60.4 1.01367 1.18739
60.5 0.91625 1.24196
60.6 0.806678 1.29069
60.7 0.681742 1.33282
60.8 0.537192 1.36736
60.9 0.367498 1.39305
61 0.165821 1.40828
61.1 -0.075291 1.41104
61.2 -0.361328 1.39892
61.3 -0.689826 1.3694
61.4 -1.04151 1.32052
61.5 -1.37686 1.25201
61.6 -1.65108 1.16611
61.7 -1.84032 1.06707
61.8 -1.95039 0.959647
61.9 -2.00252 0.847755
62 -2.01777 0.734049
62.1 -2.0111 0.620159
62.2 -1.99165 0.50704
62.3 -1.96464 0.395252
62.4 -1.93291 0.285133
62.5 -1.89802 0.176901
62.6 -1.86078 0.07071
62.7 -1.82159 -0.0333206
62.8 -1.78062 -0.135086
62.9 -1.73791 -0.234488
63 -1.69341 -0.331427
63.1 -1.64698 -0.425798
63.2 -1.59847 -0.517488
63.3 -1.54762 -0.606373
63.4 -1.49416 -0.692312
63.5 -1.43773 -0.775149
63.6 -1.37787 -0.854703
63.7 -1.31404 -0.930766
63.8 -1.24556 -1.0031
63.9 -1.17153 -1.0714
64 -1.09085 -1.13535
64.1 -1.00206 -1.19451
64.2 -0.903269 -1.24839
64.3 -0.79197 -1.29634
64.4 -0.664838 -1.33758
64.5 -0.517473 -1.37108
64.6 -0.344178 -1.39556
64.7 -0.137972 -1.40935
64.8 0.108546 -1.41039
64.9 0.400285 -1.39623
65 0.733173 -1.36437
65.1 1.08532 -1.31301
65.2 1.41529 -1.24215
65.3 1.67953 -1.15434
65.4 1.85805 -1.054
65.5 1.95961 -0.945832
65.6 2.00608 -0.833592
65.7 2.0179 -0.719791
65.8 2.00923 -0.605955
65.9 1.98861 -0.492978
66 1.96089 -0.381383
66.1 1.9287 -0.27149
66.2 1.89348 -0.163506
66.3 1.85598 -0.0575792
66.4 1.81656 0.0461736
66.5 1.77537 0.147649
66.6 1.73245 0.246749
66.7 1.68771 0.343372
66.8 1.64104 0.437414
66.9 1.59224 0.52876
67 1.54109 0.617285
67.1 1.48728 0.702845
67.2 1.43044 0.785282
67.3 1.37012 0.864411
67.4 1.30575 0.940022
67.5 1.23662 1.01186
67.6 1.16183 1.07965
67.7 1.08022 1.14302
67.8 0.990297 1.20155
67.9 0.890093 1.25472
68 0.777016 1.30188
68.1 0.647619 1.34221
68.2 0.497351 1.37467
68.3 0.320344 1.39791
68.4 0.109491 1.41023
68.5 -0.14252 1.4095
68.6 -0.439909 1.39326
68.7 -0.77685 1.35904
68.8 -1.12879 1.30518
68.9 -1.45265 1.23202
69 -1.7066 1.14237
69.1 -1.87456 1.04081
69.2 -1.96796 0.931955
69.3 -2.0091 0.819406
69.4 -2.01771 0.705533
69.5 -2.00717 0.591766
69.6 -1.98546 0.478938
69.7 -1.95707 0.367541
69.8 -1.92444 0.257878
69.9 -1.88891 0.150144
70 -1.85115 0.0444825
70.1 -1.8115 -0.0589911
70.2 -1.7701 -0.160175
70.3 -1.72695 -0.25897
70.4 -1.68198 -0.355277
70.5 -1.63505 -0.448988
70.6 -1.58598 -0.539989
70.7 -1.53451 -0.62815
70.8 -1.48034 -0.713329
70.9 -1.4231 -0.795363
71 -1.3623 -0.874065
71.1 -1.29738 -0.949218
71.2 -1.2276 -1.02057
71.3 -1.15202 -1.08782
71.4 -1.06947 -1.15061
71.5 -0.978374 -1.2085
71.6 -0.876717 -1.26096
71.7 -0.761808 -1.30732
71.8 -0.630075 -1.34673
71.9 -0.476813 -1.37811
72 -0.295982 -1.40009
72.1 -0.0803622 -1.4109
72.2 0.177215 -1.40837
72.3 0.480177 -1.39001
72.4 0.820789 -1.35339
72.5 1.17182 -1.29706
72.6 1.48888 -1.22162
72.7 1.73228 -1.13022
72.8 1.88989 -1.02751
72.9 1.9755 -0.918022
73 2.01162 -0.805201
73.1 2.01723 -0.691278
73.2 2.00495 -0.577591
73.3 1.98221 -0.46492
73.4 1.95318 -0.353727
73.5 1.92014 -0.244295
73.6 1.8843 -0.136813
73.7 1.84629 -0.0314199
73.8 1.80642 0.0717727
73.9 1.7648 0.172663
74 1.72143 0.271153
74.1 1.67622 0.367141
74.2 1.62904 0.46052
74.3 1.57968 0.551173
74.4 1.52789 0.638969
74.5 1.47336 0.723764
74.6 1.4157 0.805392
74.7 1.35442 0.883662
74.8 1.28894 0.958355
74.9 1.21849 1.02921
75 1.14211 1.09593
75.1 1.05858 1.15813
75.2 0.966286 1.21537
75.3 0.863135 1.26711
75.4 0.746338 1.31265
75.5 0.612196 1.35112
75.6 0.455845 1.3814
75.7 0.271076 1.40209
75.8 0.0505732 1.41136
75.9 -0.212635 1.407
76 -0.521061 1.38647
76.1 -0.864918 1.34744
76.2 -1.21431 1.28862
76.3 -1.52391 1.21098
76.4 -1.75659 1.1179
76.5 -1.90409 1.0141
76.6 -1.98228 0.904038
76.7 -2.01367 0.790979
76.8 -2.01648 0.677027
76.9 -2.00257 0.563433
77 -1.97886 0.450926
77.1 -1.94924 0.33994
77.2 -1.91579 0.230743
77.3 -1.87965 0.123516
77.4 -1.8414 0.0183918
77.5 -1.80131 -0.0845183
77.6 -1.75947 -0.185114
77.7 -1.71588 -0.283296
77.8 -1.67043 -0.378964
77.9 -1.62299 -0.472009
78 -1.57334 -0.562312
78.1 -1.52123 -0.649741
78.2 -1.46633 -0.73415
78.3 -1.40824 -0.815369
78.4 -1.34648 -0.893204
78.5 -1.28042 -0.967432
78.6 -1.20928 -1.03779
78.7 -1.13208 -1.10396
78.8 -1.04755 -1.16557
78.9 -0.95403 -1.22216
79 -0.849341 -1.27316
79.1 -0.730598 -1.31787
79.2 -0.593972 -1.35538
79.3 -0.434434 -1.38455
79.4 -0.24561 -1.40392
79.5 -0.0201113 -1.41161
79.6 0.248777 -1.40537
79.7 0.562527 -1.38265
79.8 0.909158 -1.34117
79.9 1.25617 -1.2799
80 1.5577 -1.20009
80.1 1.77954 -1.1054
80.2 1.91719 -1.0006
80.3 1.98833 -0.890009
80.4 2.01528 -0.776744
80.5 2.01548 -0.662782
80.6 2.00004 -0.549292
80.7 1.97543 -0.436956
80.8 1.94523 -0.326182
80.9 1.9114 -0.217222
81 1.87498 -0.110251
81.1 1.83649 -0.00539839
81.2 1.79617 0.0972276
81.3 1.75412 0.197527
81.4 1.7103 0.295401
81.5 1.66461 0.390746
81.6 1.61691 0.483455
81.7 1.56696 0.573406
81.8 1.51452 0.660466
81.9 1.45925 0.744485
82 1.40073 0.825292
82.1 1.33847 0.90269
82.2 1.27181 0.976449
82.3 1.19998 1.0463
82.4 1.12194 1.11192
82.5 1.03639 1.17293
82.6 0.9416 1.22886
82.7 0.835328 1.27911
82.8 0.71458 1.32297
82.9 0.575391 1.35951
83 0.412566 1.38754
83.1 0.219571 1.40556
83.2 -0.0110351 1.41164
83.3 -0.285637 1.40348
83.4 -0.604536 1.37852
83.5 -0.953425 1.33459
83.6 -1.2973 1.27088
83.7 -1.5902 1.18897
83.8 -1.80113 1.09275
83.9 -1.92925 0.987011
84 -1.9937 0.87594
84.1 -2.01649 0.7625
84.2 -2.01423 0.648545
84.3 -1.99737 0.535169
84.4 -1.9719 0.423011
84.5 -1.94117 0.312451
84.6 -1.90698 0.203733
84.7 -1.87027 0.0970199
84.8 -1.83154 -0.00756022
84.9 -1.79101 -0.109901
85 -1.74874 -0.209902
85.1 -1.70469 -0.307465
85.2 -1.65876 -0.402487
85.3 -1.61079 -0.494858
85.4 -1.56055 -0.584455
85.5 -1.50777 -0.671144
85.6 -1.45212 -0.754771
85.7 -1.39316 -0.835163
85.8 -1.33038 -0.912119
85.9 -1.26313 -0.985405
86 -1.19058 -1.05475
86.1 -1.11168 -1.11981
86.2 -1.02508 -1.18022
86.3 -0.928991 -1.23546
86.4 -0.82109 -1.28496
86.5 -0.698276 -1.32796
86.6 -0.556442 -1.36351
86.7 -0.390228 -1.39038
86.8 -0.192943 -1.40702
86.9 0.0428768 -1.41145
87 0.32321 -1.40133
87.1 0.647043 -1.3741
87.2 0.997632 -1.3277
87.3 1.33761 -1.26157
87.4 1.62137 -1.17762
87.5 1.82141 -1.07995
87.6 1.94032 -0.973339
87.7 1.99842 -0.861835
87.8 2.01731 -0.748248
87.9 2.01276 -0.634318
88 1.99456 -0.521066
88.1 1.9683 -0.40909
88.2 1.93706 -0.29875
88.3 1.90251 -0.190274
88.4 1.86553 -0.0838218
88.5 1.82657 0.0204838
88.6 1.78582 0.122537
88.7 1.74333 0.222239
88.8 1.69905 0.31949
88.9 1.65288 0.414187
89 1.60463 0.506217
89.1 1.55409 0.595459
89.2 1.50098 0.681773
89.3 1.44493 0.765006
89.4 1.38553 0.844979
89.5 1.32223 0.92149
89.6 1.25437 0.994299
89.7 1.18109 1.06312
89.8 1.10131 1.12763
89.9 1.01362 1.18742
90 0.916198 1.24198
90.1 0.80662 1.29071
90.2 0.681675 1.33284
90.3 0.537114 1.36737
90.4 0.367406 1.39306
90.5 0.165711 1.40828
90.6 -0.0754228 1.41104
90.7 -0.361483 1.39891
90.8 -0.689999 1.36938
90.9 -1.04169 1.32049
91 -1.37702 1.25197
91.1 -1.65119 1.16606
91.2 -1.84039 1.06701
91.3 -1.95043 0.959592
91.4 -2.00254 0.847699
91.5 -2.01777 0.733992
91.6 -2.01109 0.620102
91.7 -1.99164 0.506983
91.8 -1.96462 0.395196
91.9 -1.9329 0.285078
92 -1.89801 0.176847
92.1 -1.86076 0.0706573
92.2 -1.82157 -0.0333721
92.3 -1.7806 -0.135137
92.4 -1.73789 -0.234538
92.5 -1.69338 -0.331475
92.6 -1.64696 -0.425845
92.7 -1.59844 -0.517533
92.8 -1.5476 -0.606416
92.9 -1.49414 -0.692354
93 -1.4377 -0.77519
93.1 -1.37784 -0.854742
93.2 -1.31401 -0.930803
93.3 -1.24552 -1.00313
93.4 -1.17149 -1.07144
93.5 -1.09081 -1.13538
93.6 -1.00201 -1.19454
93.7 -0.903217 -1.24841
93.8 -0.791911 -1.29636
93.9 -0.664769 -1.33759
94 -0.517394 -1.3711
94.1 -0.344084 -1.39557
94.2 -0.13786 -1.40936
94.3 0.108681 -1.41039
94.4 0.400442 -1.39622
94.5 0.733347 -1.36435
94.6 1.0855 -1.31297
94.7 1.41544 -1.24211
94.8 1.67964 -1.15429
94.9 1.85811 -1.05395
95 1.95964 -0.945776
95.1 2.00609 -0.833536
95.2 2.0179 -0.719734
95.3 2.00922 -0.605898
95.4 1.9886 -0.492921
95.5 1.96087 -0.381328
95.6 1.92868 -0.271436
95.7 1.89346 -0.163453
95.8 1.85596 -0.0575267
95.9 1.81654 0.046225
96 1.77535 0.147699
96.1 1.73242 0.246798
96.2 1.68769 0.34342
96.3 1.64101 0.437461
96.4 1.59222 0.528806
96.5 1.54106 0.617328
96.6 1.48725 0.702887
96.7 1.43041 0.785322
96.8 1.37009 0.86445
96.9 1.30572 0.940059
97 1.23659 1.0119
97.1 1.16179 1.07968
97.2 1.08018 1.14305
97.3 0.990249 1.20158
97.4 0.89004 1.25475
97.5 0.776955 1.3019
97.6 0.647549 1.34223
97.7 0.49727 1.37468
97.8 0.320248 1.39792
97.9 0.109375 1.41023
98 -0.142657 1.4095
98.1 -0.440069 1.39325
98.2 -0.777025 1.35901
98.3 -1.12896 1.30515
98.4 -1.4528 1.23198
98.5 -1.7067 1.14233
98.6 -1.87462 1.04076
98.7 -1.96799 0.931899
98.8 -2.00911 0.81935
98.9 -2.01771 0.705476
99 -2.00716 0.591709
99.1 -1.98545 0.478882
99.2 -1.95705 0.367486
99.3 -1.92443 0.257823
99.4 -1.88889 0.15009
99.5 -1.85113 0.0444301
99.6 -1.81148 -0.0590423
99.7 -1.77008 -0.160225
99.8 -1.72693 -0.259019
99.9 -1.68196 -0.355324
100 -1.63503 -0.449034
100.1 -1.58595 -0.540034
100.2 -1.53448 -0.628194
100.3 -1.48031 -0.713371
100.4 -1.42307 -0.795403
100.5 -1.36227 -0.874103
100.6 -1.29735 -0.949255
100.7 -1.22756 -1.0206
100.8 -1.15198 -1.08785
100.9 -1.06942 -1.15064
101 -0.978326 -1.20853
101.1 -0.876663 -1.26099
101.2 -0.761746 -1.30734
101.3 -0.630004 -1.34674
101.4 -0.47673 -1.37812
101.5 -0.295883 -1.40009
101.6 -0.0802442 -1.4109
101.7 0.177356 -1.40837
101.8 0.48034 -1.39
101.9 0.820966 -1.35337
102 1.17199 -1.29702
102.1 1.48902 -1.22158
102.2 1.73238 -1.13018
102.3 1.88995 -1.02746
102.4 1.97553 -0.917966
102.5 2.01162 -0.805144
102.6 2.01723 -0.691221
102.7 2.00494 -0.577534
102.8 1.9822 -0.464864
102.9 1.95317 -0.353672
103 1.92012 -0.244241
103.1 1.88428 -0.13676
103.2 1.84627 -0.0313677
103.3 1.8064 0.0718238
103.4 1.76478 0.172713
103.5 1.72141 0.271202
103.6 1.6762 0.367188
103.7 1.62901 0.460566
103.8 1.57965 0.551217
103.9 1.52786 0.639012
104 1.47333 0.723806
104.1 1.41567 0.805432
104.2 1.35439 0.883701
104.3 1.2889 0.958392
104.4 1.21845 1.02925
104.5 1.14207 1.09596
104.6 1.05853 1.15816
104.7 0.966238 1.2154
104.8 0.863081 1.26713
104.9 0.746275 1.31267
105 0.612124 1.35113
105.1 0.45576 1.38142
105.2 0.270975 1.4021
105.3 0.0504525 1.41136
105.4 -0.212778 1.40699
105.5 -0.521226 1.38646
105.6 -0.865095 1.34741
105.7 -1.21448 1.28859
105.8 -1.52405 1.21094
105.9 -1.75669 1.11785
106 -1.90414 1.01405
106.1 -1.9823 0.903982
106.2 -2.01368 0.790922
106.3 -2.01648 0.67697
106.4 -2.00256 0.563376
106.5 -1.97885 0.45087
106.6 -1.94922 0.339885
106.7 -1.91577 0.230689
106.8 -1.87964 0.123463
106.9 -1.84138 0.0183397
107 -1.80129 -0.0845692
107.1 -1.75945 -0.185164
107.2 -1.71586 -0.283345
107.3 -1.67041 -0.379011
107.4 -1.62296 -0.472055
107.5 -1.57331 -0.562356
107.6 -1.5212 -0.649784
107.7 -1.4663 -0.734191
107.8 -1.40821 -0.815408
107.9 -1.34645 -0.893242
108 -1.28038 -0.967469
108.1 -1.20924 -1.03782
108.2 -1.13204 -1.10399
108.3 -1.04751 -1.1656
108.4 -0.953981 -1.22219
108.5 -0.849285 -1.27318
108.6 -0.730534 -1.31789
108.7 -0.593898 -1.35539
108.8 -0.434347 -1.38456
108.9 -0.245507 -1.40392
109 -0.0199879 -1.41161
109.1 0.248923 -1.40536
109.2 0.562694 -1.38263
109.3 0.909335 -1.34114
109.4 1.25634 -1.27986
109.5 1.55783 -1.20005
109.6 1.77962 -1.10535
109.7 1.91724 -1.00055
109.8 1.98835 -0.889953
109.9 2.01529 -0.776687
110 2.01547 -0.662725
110.1 2.00003 -0.549235
110.2 1.97541 -0.4369
110.3 1.94522 -0.326127
110.4 1.91139 -0.217168
110.5 1.87496 -0.110198
110.6 1.83647 -0.00534641
110.7 1.79615 0.0972785
110.8 1.7541 0.197576
110.9 1.71028 0.295449
111 1.66459 0.390793
111.1 1.61688 0.483501
111.2 1.56694 0.57345
111.3 1.51449 0.660509
111.4 1.45922 0.744527
111.5 1.4007 0.825332
111.6 1.33843 0.902728
111.7 1.27178 0.976485
111.8 1.19994 1.04633
111.9 1.1219 1.11196
112 1.03634 1.17296
112.1 0.94155 1.22888
112.2 0.835271 1.27914
112.3 0.714516 1.32299
112.4 0.575315 1.35952
112.5 0.412478 1.38755
112.6 0.219466 1.40557
112.7 -0.0111613 1.41164
112.8 -0.285786 1.40347
112.9 -0.604705 1.37851
113 -0.953602 1.33456
113.1 -1.29746 1.27084
113.2 -1.59033 1.18892
113.3 -1.80122 1.0927
113.4 -1.9293 0.986957
113.5 -1.99372 0.875883
113.6 -2.01649 0.762443
113.7 -2.01423 0.648488
113.8 -1.99736 0.535113
113.9 -1.97189 0.422955
114 -1.94116 0.312396
114.1 -1.90696 0.203679
114.2 -1.87025 0.0969669
114.3 -1.83152 -0.00761206
114.4 -1.79099 -0.109951
114.5 -1.74872 -0.209951
114.6 -1.70467 -0.307513
114.7 -1.65874 -0.402534
114.8 -1.61076 -0.494903
114.9 -1.56052 -0.584499
115 -1.50774 -0.671186
115.1 -1.45209 -0.754812
115.2 -1.39313 -0.835202
115.3 -1.33035 -0.912156
115.4 -1.2631 -0.98544
115.5 -1.19055 -1.05478
115.6 -1.11164 -1.11985
115.7 -1.02503 -1.18024
115.8 -0.92894 -1.23549
115.9 -0.821032 -1.28499
116 -0.69821 -1.32798
116.1 -0.556365 -1.36352
116.2 -0.390138 -1.39039
116.3 -0.192835 -1.40702
116.4 0.0430057 -1.41145
116.5 0.323362 -1.40132
116.6 0.647215 -1.37408
116.7 0.997809 -1.32767
116.8 1.33777 -1.26153
116.9 1.6215 -1.17758
117 1.82148 -1.0799
117.1 1.94036 -0.973284
117.2 1.99844 -0.861778
117.3 2.01731 -0.748191
117.4 2.01276 -0.634261
117.5 1.99455 -0.52101
117.6 1.96829 -0.409035
117.7 1.93704 -0.298695
117.8 1.90249 -0.19022
117.9 1.86551 -0.083769
118 1.82655 0.0205355
118.1 1.7858 0.122588
118.2 1.74331 0.222288
118.3 1.69903 0.319538
118.4 1.65285 0.414234
118.5 1.60461 0.506263
118.6 1.55407 0.595503
118.7 1.50095 0.681816
118.8 1.4449 0.765047
118.9 1.3855 0.845019
119 1.3222 0.921527
119.1 1.25433 0.994334
119.2 1.18105 1.06316
119.3 1.10126 1.12766
119.4 1.01357 1.18745
119.5 0.916147 1.24201
119.6 0.806561 1.29074
119.7 0.681608 1.33286
119.8 0.537035 1.36739
119.9 0.367313 1.39307
120 0.1656 1.40829
120.1 -0.0755546 1.41103
120.2 -0.361638 1.3989
120.3 -0.690172 1.36936
120.4 -1.04186 1.32046
120.5 -1.37718 1.25194
120.6 -1.65131 1.16601
120.7 -1.84046 1.06696
120.8 -1.95047 0.959536
120.9 -2.00255 0.847642
121 -2.01777 0.733935
121.1 -2.01108 0.620045
121.2 -1.99163 0.506927
121.3 -1.96461 0.39514
121.4 -1.93288 0.285023
121.5 -1.89799 0.176794
121.6 -1.86074 0.0706047
121.7 -1.82155 -0.0334237
121.8 -1.78058 -0.135187
121.9 -1.73787 -0.234587
122 -1.69336 -0.331523
122.1 -1.64694 -0.425891
122.2 -1.59842 -0.517579
122.3 -1.54757 -0.60646
122.4 -1.49411 -0.692397
122.5 -1.43767 -0.77523
122.6 -1.37781 -0.854781
122.7 -1.31398 -0.930841
122.8 -1.24548 -1.00317
122.9 -1.17145 -1.07147
123 -1.09076 -1.13541
123.1 -1.00197 -1.19457
123.2 -0.903164 -1.24844
123.3 -0.791851 -1.29638
123.4 -0.664701 -1.33761
123.5 -0.517314 -1.37111
123.6 -0.343989 -1.39558
123.7 -0.137747 -1.40936
123.8 0.108816 -1.41038
123.9 0.4006 -1.39621
124 0.733522 -1.36433
124.1 1.08567 -1.31294
124.2 1.41559 -1.24207
124.3 1.67975 -1.15424
124.4 1.85818 -1.05389
124.5 1.95968 -0.945721
124.6 2.0061 -0.833479
124.7 2.0179 -0.719677
124.8 2.00921 -0.605842
124.9 1.98859 -0.492865
125 1.96086 -0.381272
125.1 1.92867 -0.271381
125.2 1.89345 -0.163399
125.3 1.85594 -0.0574742
125.4 1.81652 0.0462765
125.5 1.77533 0.14775
125.6 1.7324 0.246847
125.7 1.68766 0.343468
125.8 1.64099 0.437507
125.9 1.59219 0.528851
126 1.54104 0.617372
126.1 1.48722 0.702929
126.2 1.43038 0.785363
126.3 1.37006 0.864489
126.4 1.30568 0.940095
126.5 1.23655 1.01193
126.6 1.16175 1.07971
126.7 1.08014 1.14308
126.8 0.990202 1.20161
126.9 0.889987 1.25477
127 0.776895 1.30193
127.1 0.647479 1.34225
127.2 0.497189 1.3747
127.3 0.320151 1.39793
127.4 0.10926 1.41023
127.5 -0.142795 1.40949
127.6 -0.440229 1.39324
127.7 -0.777201 1.35899
127.8 -1.12914 1.30512
127.9 -1.45294 1.23193
128 -1.70681 1.14228
128.1 -1.87468 1.0407
128.2 -1.96802 0.931843
128.3 -2.00912 0.819293
128.4 -2.01771 0.705419
128.5 -2.00716 0.591652
128.6 -1.98544 0.478825
128.7 -1.95704 0.367431
128.8 -1.92441 0.257769
128.9 -1.88887 0.150037
129 -1.85111 0.0443777
129.1 -1.81146 -0.0590936
129.2 -1.77006 -0.160275
129.3 -1.72691 -0.259068
129.4 -1.68194 -0.355372
129.5 -1.63501 -0.449081
129.6 -1.58593 -0.540078
129.7 -1.53446 -0.628237
129.8 -1.48029 -0.713413
129.9 -1.42304 -0.795443
130 -1.36224 -0.874142
130.1 -1.29731 -0.949292
130.2 -1.22753 -1.02064
130.3 -1.15194 -1.08789
130.4 -1.06938 -1.15067
130.5 -0.978277 -1.20856
130.6 -0.876609 -1.26101
130.7 -0.761685 -1.30736
130.8 -0.629933 -1.34676
130.9 -0.476647 -1.37814
131 -0.295785 -1.4001
131.1 -0.0801261 -1.4109
131.2 0.177496 -1.40836
131.3 0.480502 -1.38998
131.4 0.821142 -1.35335
131.5 1.17216 -1.29699
131.6 1.48916 -1.22154
131.7 1.73248 -1.13013
131.8 1.89001 -1.0274
131.9 1.97556 -0.91791
132 2.01163 -0.805087
132.1 2.01723 -0.691164
132.2 2.00493 -0.577478
132.3 1.98218 -0.464808
132.4 1.95315 -0.353616
132.5 1.9201 -0.244186
132.6 1.88426 -0.136707
132.7 1.84625 -0.0313154
132.8 1.80638 0.0718749
132.9 1.76476 0.172763
133 1.72139 0.27125
133.1 1.67618 0.367236
133.2 1.62899 0.460612
133.3 1.57963 0.551262
133.4 1.52784 0.639056
133.5 1.4733 0.723848
133.6 1.41564 0.805472
133.7 1.35436 0.883739
133.8 1.28887 0.958428
133.9 1.21841 1.02928
134 1.14203 1.09599
134.1 1.05849 1.15819
134.2 0.966189 1.21543
134.3 0.863026 1.26716
134.4 0.746213 1.31269
134.5 0.612051 1.35115
134.6 0.455675 1.38143
134.7 0.270874 1.4021
134.8 0.0503318 1.41136
134.9 -0.212921 1.40698
135 -0.521391 1.38645
135.1 -0.865272 1.34739
135.2 -1.21465 1.28856
135.3 -1.52419 1.21089
135.4 -1.75678 1.1178
135.5 -1.9042 1.014
135.6 -1.98233 0.903926
135.7 -2.01368 0.790865
135.8 -2.01648 0.676913
135.9 -2.00255 0.563319
136 -1.97884 0.450814
136.1 -1.9492 0.33983
136.2 -1.91576 0.230635
136.3 -1.87962 0.123409
136.4 -1.84136 0.0182876
136.5 -1.80127 -0.0846202
136.6 -1.75943 -0.185213
136.7 -1.71583 -0.283393
136.8 -1.67039 -0.379059
136.9 -1.62294 -0.472101
137 -1.57329 -0.562401
137.1 -1.52117 -0.649827
137.2 -1.46627 -0.734233
137.3 -1.40818 -0.815448
137.4 -1.34641 -0.893281
137.5 -1.28035 -0.967505
137.6 -1.20921 -1.03786
137.7 -1.132 -1.10402
137.8 -1.04746 -1.16563
137.9 -0.953931 -1.22221
138 -0.84923 -1.27321
138.1 -0.730471 -1.31791
138.2 -0.593824 -1.35541
138.3 -0.434261 -1.38457
138.4 -0.245404 -1.40393
138.5 -0.0198645 -1.41161
138.6 0.249069 -1.40535
138.7 0.562861 -1.38261
138.8 0.909513 -1.34112
138.9 1.2565 -1.27983
139 1.55797 -1.2
139.1 1.77971 -1.1053
139.2 1.91729 -1.00049
139.3 1.98837 -0.889896
139.4 2.01529 -0.77663
139.5 2.01547 -0.662668
139.6 2.00002 -0.549179
139.7 1.9754 -0.436844
139.8 1.9452 -0.326072
139.9 1.91137 -0.217114
140 1.87494 -0.110145
140.1 1.83645 -0.00529443
140.2 1.79613 0.0973293
140.3 1.75408 0.197626
140.4 1.71025 0.295497
140.5 1.66457 0.390841
140.6 1.61686 0.483546
140.7 1.56691 0.573495
140.8 1.51447 0.660552
140.9 1.45919 0.744568
141 1.40067 0.825372
141.1 1.3384 0.902766
141.2 1.27175 0.976521
141.3 1.19991 1.04637
141.4 1.12186 1.11199
141.5 1.0363 1.17299
141.6 0.9415 1.22891
141.7 0.835215 1.27916
141.8 0.714451 1.32301
141.9 0.57524 1.35954
142 0.412389 1.38757
142.1 0.21936 1.40557
142.2 -0.0112875 1.41164
142.3 -0.285936 1.40346
142.4 -0.604874 1.37849
142.5 -0.95378 1.33453
142.6 -1.29763 1.2708
142.7 -1.59046 1.18888
142.8 -1.8013 1.09265
142.9 -1.92935 0.986902
143 -1.99374 0.875827
143.1 -2.01649 0.762386
143.2 -2.01422 0.648431
143.3 -1.99734 0.535056
143.4 -1.97188 0.422899
143.5 -1.94114 0.312342
143.6 -1.90694 0.203625
143.7 -1.87023 0.096914
143.8 -1.8315 -0.0076639
143.9 -1.79097 -0.110002
144 -1.74869 -0.210001
144.1 -1.70465 -0.307562
144.2 -1.65871 -0.402581
144.3 -1.61074 -0.494949
144.4 -1.5605 -0.584543
144.5 -1.50772 -0.671229
144.6 -1.45206 -0.754853
144.7 -1.3931 -0.835242
144.8 -1.33032 -0.912194
144.9 -1.26306 -0.985476
145 -1.19051 -1.05481
145.1 -1.1116 -1.11988
145.2 -1.02499 -1.18027
145.3 -0.928889 -1.23552
145.4 -0.820975 -1.28501
145.5 -0.698144 -1.328
145.6 -0.556289 -1.36354
145.7 -0.390048 -1.3904
145.8 -0.192727 -1.40703
145.9 0.0431347 -1.41145
146 0.323514 -1.40131
146.1 0.647386 -1.37407
146.2 0.997985 -1.32764
146.3 1.33793 -1.26149
146.4 1.62162 -1.17753
146.5 1.82156 -1.07985
146.6 1.9404 -0.973229
146.7 1.99845 -0.861722
146.8 2.01731 -0.748134
146.9 2.01275 -0.634204
147 1.99454 -0.520953
147.1 1.96827 -0.408979
147.2 1.93703 -0.29864
147.3 1.90247 -0.190166
147.4 1.86549 -0.0837162
147.5 1.82653 0.0205872
147.6 1.78578 0.122638
147.7 1.74328 0.222338
147.8 1.69901 0.319586
147.9 1.65283 0.41428
148 1.60458 0.506308
148.1 1.55404 0.595547
148.2 1.50092 0.681858
148.3 1.44488 0.765087
148.4 1.38547 0.845058
148.5 1.32217 0.921565
148.6 1.2543 0.99437
148.7 1.18101 1.06319
148.8 1.10122 1.1277
148.9 1.01353 1.18747
149 0.916095 1.24204
149.1 0.806503 1.29076
149.2 0.681541 1.33288
149.3 0.536957 1.3674
149.4 0.367221 1.39308
149.5 0.16549 1.40829
149.6 -0.0756865 1.41103
149.7 -0.361792 1.39889
149.8 -0.690345 1.36934
149.9 -1.04204 1.32043
150 -1.37733 1.2519
150.1 -1.65143 1.16597
150.2 -1.84054 1.06691
150.3 -1.95051 0.959481
150.4 -2.00257 0.847585
150.5 -2.01777 0.733878
150.6 -2.01107 0.619988
150.7 -1.99161 0.506871
150.8 -1.96459 0.395085
150.9 -1.93286 0.284969
151 -1.89797 0.17674
151.1 -1.86072 0.070552
151.2 -1.82153 -0.0334753
151.3 -1.78056 -0.135237
151.4 -1.73785 -0.234636
151.5 -1.69334 -0.331571
151.6 -1.64691 -0.425938
151.7 -1.59839 -0.517624
151.8 -1.54755 -0.606504
151.9 -1.49408 -0.692439
152 -1.43764 -0.775271
152.1 -1.37778 -0.85482
152.2 -1.31395 -0.930878
152.3 -1.24545 -1.0032
152.4 -1.17141 -1.0715
152.5 -1.09072 -1.13544
152.6 -1.00192 -1.1946
152.7 -0.903112 -1.24846
152.8 -0.791792 -1.29641
152.9 -0.664633 -1.33763
153 -0.517234 -1.37113
153.1 -0.343895 -1.39559
153.2 -0.137634 -1.40936
153.3 0.10895 -1.41038
153.4 0.400757 -1.3962
153.5 0.733696 -1.36431
153.6 1.08585 -1.31291
153.7 1.41574 -1.24203
153.8 1.67986 -1.1542
153.9 1.85825 -1.05384
154 1.95971 -0.945665
154.1 2.00611 -0.833422
154.2 2.0179 -0.71962
154.3 2.0092 -0.605785
154.4 1.98857 -0.492809
154.5 1.96084 -0.381217
154.6 1.92865 -0.271326
154.7 1.89343 -0.163346
154.8 1.85592 -0.0574216
154.9 1.8165 0.0463279
155 1.77531 0.1478
155.1 1.73238 0.246896
155.2 1.68764 0.343515
155.3 1.64096 0.437554
155.4 1.59217 0.528896
155.5 1.54101 0.617415
155.6 1.48719 0.702971
155.7 1.43035 0.785403
155.8 1.37003 0.864528
155.9 1.30565 0.940132
156 1.23651 1.01197
156.1 1.16171 1.07975
156.2 1.08009 1.14311
156.3 0.990154 1.20163
156.4 0.889934 1.2548
156.5 0.776835 1.30195
156.6 0.64741 1.34227
156.7 0.497107 1.37471
156.8 0.320055 1.39794
156.9 0.109145 1.41024
157 -0.142933 1.40949
157.1 -0.440389 1.39322
157.2 -0.777377 1.35897
157.3 -1.12931 1.30509
157.4 -1.45309 1.23189
157.5 -1.70691 1.14223
157.6 -1.87475 1.04065
157.7 -1.96806 0.931788
157.8 -2.00913 0.819236
157.9 -2.01771 0.705362
158 -2.00715 0.591595
158.1 -1.98542 0.478769
158.2 -1.95702 0.367375
158.3 -1.92439 0.257714
158.4 -1.88885 0.149983
158.5 -1.85109 0.0443253
158.6 -1.81144 -0.0591449
158.7 -1.77004 -0.160325
158.8 -1.72689 -0.259117
158.9 -1.68191 -0.35542
159 -1.63498 -0.449127
159.1 -1.5859 -0.540123
159.2 -1.53443 -0.628281
159.3 -1.48026 -0.713455
159.4 -1.42301 -0.795484
159.5 -1.36221 -0.87418
159.6 -1.29728 -0.949328
159.7 -1.22749 -1.02067
159.8 -1.15191 -1.08792
159.9 -1.06933 -1.1507
160 -0.978229 -1.20859
160.1 -0.876555 -1.26104
160.2 -0.761623 -1.30738
160.3 -0.629862 -1.34678
160.4 -0.476563 -1.37815
160.5 -0.295686 -1.40011
160.6 -0.0800081 -1.41091
160.7 0.177637 -1.40836
160.8 0.480665 -1.38997
160.9 0.821319 -1.35332
161 1.17233 -1.29696
161.1 1.48931 -1.2215
161.2 1.73258 -1.13008
161.3 1.89007 -1.02735
161.4 1.97559 -0.917854
161.5 2.01164 -0.80503
161.6 2.01723 -0.691107
161.7 2.00492 -0.577421
161.8 1.98217 -0.464752
161.9 1.95314 -0.353561
162 1.92009 -0.244132
162.1 1.88424 -0.136653
162.2 1.84623 -0.0312632
162.3 1.80636 0.071926
162.4 1.76474 0.172813
162.5 1.72136 0.271299
162.6 1.67615 0.367283
162.7 1.62897 0.460658
162.8 1.5796 0.551307
162.9 1.52781 0.639099
163 1.47328 0.723889
163.1 1.41561 0.805512
163.2 1.35433 0.883777
163.3 1.28884 0.958465
163.4 1.21838 1.02932
163.5 1.14199 1.09602
163.6 1.05844 1.15822
163.7 0.96614 1.21546
163.8 0.862971 1.26718
163.9 0.74615 1.31271
164 0.611979 1.35117
164.1 0.45559 1.38144
164.2 0.270773 1.40211
164.3 0.0502111 1.41137
164.4 -0.213065 1.40698
164.5 -0.521556 1.38643
164.6 -0.865449 1.34736
164.7 -1.21482 1.28852
164.8 -1.52433 1.21085
164.9 -1.75688 1.11775
165 -1.90425 1.01394
165.1 -1.98236 0.903869
165.2 -2.01369 0.790808
165.3 -2.01647 0.676856
165.4 -2.00254 0.563263
165.5 -1.97882 0.450758
165.6 -1.94919 0.339775
165.7 -1.91574 0.230581
165.8 -1.8796 0.123356
165.9 -1.84134 0.0182355
166 -1.80125 -0.0846712
166.1 -1.75941 -0.185263
166.2 -1.71581 -0.283442
166.3 -1.67036 -0.379106
166.4 -1.62292 -0.472147
166.5 -1.57326 -0.562445
166.6 -1.52115 -0.649871
166.7 -1.46624 -0.734274
166.8 -1.40815 -0.815488
166.9 -1.34638 -0.893319
167 -1.28031 -0.967541
167.1 -1.20917 -1.03789
167.2 -1.13196 -1.10406
167.3 -1.04742 -1.16566
167.4 -0.953882 -1.22224
167.5 -0.849174 -1.27323
167.6 -0.730407 -1.31793
167.7 -0.59375 -1.35543
167.8 -0.434174 -1.38459
167.9 -0.245301 -1.40394
168 -0.0197411 -1.41161
168.1 0.249215 -1.40535
168.2 0.563029 -1.3826
168.3 0.90969 -1.34109
168.4 1.25667 -1.27979
168.5 1.5581 -1.19996
168.6 1.7798 -1.10525
168.7 1.91734 -1.00044
168.8 1.9884 -0.88984
168.9 2.0153 -0.776573
169 2.01546 -0.662611
169.1 2.00001 -0.549122
169.2 1.97538 -0.436789
169.3 1.94518 -0.326016
169.4 1.91135 -0.21706
169.5 1.87492 -0.110092
169.6 1.83643 -0.00524245
169.7 1.79611 0.0973802
169.8 1.75405 0.197676
169.9 1.71023 0.295546
170 1.66454 0.390888
170.1 1.61683 0.483592
170.2 1.56689 0.573539
170.3 1.51444 0.660595
170.4 1.45916 0.744609
170.5 1.40064 0.825411
170.6 1.33837 0.902804
170.7 1.27171 0.976557
170.8 1.19987 1.0464
170.9 1.12182 1.11202
171 1.03625 1.17302
171.1 0.941449 1.22894
171.2 0.835158 1.27918
171.3 0.714386 1.32303
171.4 0.575165 1.35956
171.5 0.412301 1.38758
171.6 0.219255 1.40558
171.7 -0.0114136 1.41164
171.8 -0.286085 1.40346
171.9 -0.605044 1.37847
172 -0.953957 1.33451
172.1 -1.29779 1.27076
172.2 -1.59058 1.18883
172.3 -1.80138 1.0926
172.4 -1.92939 0.986847
172.5 -1.99376 0.87577
172.6 -2.0165 0.762329
172.7 -2.01422 0.648374
172.8 -1.99733 0.535
172.9 -1.97186 0.422843
173 -1.94112 0.312287
173.1 -1.90692 0.203571
173.2 -1.87021 0.0968611
173.3 -1.83148 -0.00771574
173.4 -1.79095 -0.110053
173.5 -1.74867 -0.21005
173.6 -1.70462 -0.30761
173.7 -1.65869 -0.402628
173.8 -1.61071 -0.494995
173.9 -1.56047 -0.584587
174 -1.50769 -0.671272
174.1 -1.45203 -0.754894
174.2 -1.39307 -0.835281
174.3 -1.33029 -0.912232
174.4 -1.26303 -0.985512
174.5 -1.19047 -1.05485
174.6 -1.11156 -1.11991
174.7 -1.02494 -1.1803
174.8 -0.928838 -1.23554
174.9 -0.820917 -1.28503
175 -0.698078 -1.32802
175.1 -0.556212 -1.36355
175.2 -0.389957 -1.39041
175.3 -0.192619 -1.40703
175.4 0.0432637 -1.41145
175.5 0.323666 -1.4013
175.6 0.647557 -1.37405
175.7 0.998162 -1.32761
175.8 1.33809 -1.26145
175.9 1.62174 -1.17748
176 1.82164 -1.0798
176.1 1.94045 -0.973174
176.2 1.99847 -0.861665
176.3 2.01731 -0.748077
176.4 2.01275 -0.634147
176.5 1.99453 -0.520897
176.6 1.96826 -0.408923
176.7 1.93701 -0.298586
176.8 1.90246 -0.190113
176.9 1.86547 -0.0836634
177 1.82651 0.0206389
177.1 1.78575 0.122689
177.2 1.74326 0.222387
177.3 1.69898 0.319634
177.4 1.65281 0.414327
177.5 1.60456 0.506354
177.6 1.55402 0.595591
177.7 1.50089 0.6819
177.8 1.44485 0.765128
177.9 1.38544 0.845097
178 1.32214 0.921602
178.1 1.25426 0.994405
178.2 1.18097 1.06323
178.3 1.10118 1.12773
178.4 1.01348 1.1875
178.5 0.916043 1.24206
178.6 0.806445 1.29078
178.7 0.681474 1.3329
178.8 0.536879 1.36742
178.9 0.367128 1.39309
179 0.16538 1.4083
179.1 -0.0758183 1.41103
179.2 -0.361947 1.39888
179.3 -0.690518 1.36932
179.4 -1.04221 1.3204
179.5 -1.37749 1.25186
179.6 -1.65154 1.16592
179.7 -1.84061 1.06686
179.8 -1.95055 0.959426
179.9 -2.00258 0.847529
180 -2.01777 0.733821
180.1 -2.01107 0.619931
180.2 -1.9916 0.506814
180.3 -1.96458 0.395029
180.4 -1.93285 0.284914
180.5 -1.89795 0.176686
180.6 -1.8607 0.0704993
180.7 -1.82151 -0.0335268
180.8 -1.78054 -0.135288
180.9 -1.73782 -0.234685
181 -1.69332 -0.331619
181.1 -1.64689 -0.425985
181.2 -1.59837 -0.517669
181.3 -1.54752 -0.606548
181.4 -1.49405 -0.692481
181.5 -1.43761 -0.775312
181.6 -1.37775 -0.854859
181.7 -1.31391 -0.930915
181.8 -1.24541 -1.00324
181.9 -1.17138 -1.07154
182 -1.09068 -1.13547
182.1 -1.00187 -1.19462
182.2 -0.903059 -1.24849
182.3 -0.791733 -1.29643
182.4 -0.664564 -1.33765
182.5 -0.517154 -1.37114
182.6 -0.3438 -1.3956
182.7 -0.137521 -1.40937
182.8 0.109085 -1.41038
182.9 0.400915 -1.39618
183 0.73387 -1.36429
183.1 1.08602 -1.31288
183.2 1.4159 -1.24199
183.3 1.67997 -1.15415
183.4 1.85832 -1.05379
183.5 1.95975 -0.94561
183.6 2.00613 -0.833365
183.7 2.0179 -0.719563
183.8 2.00919 -0.605728
183.9 1.98856 -0.492753
184 1.96082 -0.381161
184.1 1.92863 -0.271272
184.2 1.89341 -0.163292
184.3 1.8559 -0.0573691
184.4 1.81648 0.0463793
184.5 1.77529 0.14785
184.6 1.73236 0.246945
184.7 1.68762 0.343563
184.8 1.64094 0.4376
184.9 1.59214 0.528941
185 1.54098 0.617459
185.1 1.48717 0.703013
185.2 1.43032 0.785444
185.3 1.36999 0.864566
185.4 1.30562 0.940169
185.5 1.23648 1.012
185.6 1.16167 1.07978
185.7 1.08005 1.14314
185.8 0.990107 1.20166
185.9 0.889881 1.25482
186 0.776774 1.30197
186.1 0.64734 1.34229
186.2 0.497026 1.37472
186.3 0.319958 1.39794
186.4 0.109029 1.41024
186.5 -0.14307 1.40949
186.6 -0.440549 1.39321
186.7 -0.777552 1.35895
186.8 -1.12948 1.30506
186.9 -1.45324 1.23185
187 -1.70702 1.14218
187.1 -1.87481 1.0406
187.2 -1.96809 0.931732
187.3 -2.00914 0.819179
187.4 -2.01771 0.705305
187.5 -2.00714 0.591538
187.6 -1.98541 0.478713
187.7 -1.957 0.36732
187.8 -1.92437 0.25766
187.9 -1.88883 0.14993
188 -1.85107 0.0442729
188.1 -1.81142 -0.0591961
188.2 -1.77002 -0.160375
188.3 -1.72686 -0.259166
188.4 -1.68189 -0.355467
188.5 -1.63496 -0.449173
188.6 -1.58588 -0.540168
188.7 -1.5344 -0.628324
188.8 -1.48023 -0.713497
188.9 -1.42298 -0.795524
189 -1.36218 -0.874219
189.1 -1.29725 -0.949365
189.2 -1.22745 -1.02071
189.3 -1.15187 -1.08795
189.4 -1.06929 -1.15073
189.5 -0.978181 -1.20861
189.6 -0.876501 -1.26106
189.7 -0.761562 -1.30741
189.8 -0.629791 -1.3468
189.9 -0.47648 -1.37816
190 -0.295587 -1.40012
190.1 -0.0798901 -1.41091
190.2 0.177777 -1.40835
190.3 0.480828 -1.38996
190.4 0.821495 -1.3533
190.5 1.1725 -1.29692
190.6 1.48945 -1.22146
190.7 1.73268 -1.13003
190.8 1.89013 -1.02729
190.9 1.97562 -0.917798
191 2.01165 -0.804973
191.1 2.01722 -0.69105
191.2 2.00491 -0.577364
191.3 1.98216 -0.464696
191.4 1.95312 -0.353506
191.5 1.92007 -0.244078
191.6 1.88422 -0.1366
191.7 1.84621 -0.0312109
191.8 1.80634 0.0719772
191.9 1.76472 0.172863
192 1.72134 0.271348
192.1 1.67613 0.367331
192.2 1.62894 0.460704
192.3 1.57958 0.551351
192.4 1.52778 0.639142
192.5 1.47325 0.723931
192.6 1.41558 0.805552
192.7 1.3543 0.883816
192.8 1.2888 0.958501
192.9 1.21834 1.02935
193 1.14195 1.09606
193.1 1.0584 1.15825
193.2 0.966091 1.21548
193.3 0.862916 1.26721
193.4 0.746088 1.31273
193.5 0.611907 1.35119
193.6 0.455505 1.38146
193.7 0.270672 1.40212
193.8 0.0500904 1.41137
193.9 -0.213208 1.40697
194 -0.521721 1.38642
194.1 -0.865627 1.34734
194.2 -1.21499 1.28849
194.3 -1.52446 1.21081
194.4 -1.75697 1.1177
194.5 -1.9043 1.01389
194.6 -1.98238 0.903813
194.7 -2.0137 0.790751
194.8 -2.01647 0.676799
194.9 -2.00253 0.563206
195 -1.97881 0.450702
195.1 -1.94917 0.33972
195.2 -1.91572 0.230526
195.3 -1.87958 0.123303
195.4 -1.84132 0.0181834
195.5 -1.80123 -0.0847222
195.6 -1.75939 -0.185313
195.7 -1.71579 -0.283491
195.8 -1.67034 -0.379153
195.9 -1.62289 -0.472192
196 -1.57324 -0.56249
196.1 -1.52112 -0.649914
196.2 -1.46622 -0.734316
196.3 -1.40812 -0.815528
196.4 -1.34635 -0.893357
196.5 -1.28028 -0.967577
196.6 -1.20913 -1.03793
196.7 -1.13192 -1.10409
196.8 -1.04737 -1.16569
196.9 -0.953832 -1.22227
197 -0.849118 -1.27326
197.1 -0.730344 -1.31795
197.2 -0.593677 -1.35544
197.3 -0.434087 -1.3846
197.4 -0.245198 -1.40394
197.5 -0.0196177 -1.41161
197.6 0.249362 -1.40534
197.7 0.563196 -1.38258
197.8 0.909867 -1.34107
197.9 1.25683 -1.27975
198 1.55823 -1.19992
198.1 1.77989 -1.1052
198.2 1.91739 -1.00038
198.3 1.98842 -0.889784
198.4 2.0153 -0.776516
198.5 2.01546 -0.662554
198.6 2 -0.549065
198.7 1.97537 -0.436733
198.8 1.94517 -0.325961
198.9 1.91133 -0.217006
199 1.8749 -0.110039
199.1 1.83641 -0.00519047
199.2 1.79609 0.097431
199.3 1.75403 0.197725
199.4 1.71021 0.295594
199.5 1.66452 0.390935
199.6 1.61681 0.483638
199.7 1.56686 0.573583
199.8 1.51441 0.660638
199.9 1.45913 0.744651
200 1.40061 0.825451
