0 2 0
0.1 1.89827 0.10874
0.2 1.81938 0.212509
0.3 1.75235 0.312238
0.4 1.69143 0.408414
0.5 1.63338 0.501278
0.6 1.57617 0.590929
0.7 1.51844 0.677376
0.8 1.45918 0.760559
0.9 1.39752 0.840368
1 1.33265 0.916647
1.1 1.26372 0.989192
1.2 1.18975 1.05775
1.3 1.10958 1.12201
1.4 1.02174 1.18158
1.5 0.924358 1.23599
1.6 0.814989 1.28464
1.7 0.690388 1.32677
1.8 0.546261 1.36142
1.9 0.377003 1.38734
2 0.175634 1.40294
2.1 -0.065546 1.40622
2.2 -0.352409 1.39476
2.3 -0.682894 1.36602
2.4 -1.03775 1.31799
2.5 -1.37665 1.25036
2.6 -1.65342 1.16534
2.7 -1.84363 1.06724
2.8 -1.95353 0.960842
2.9 -2.00506 0.850041
3 -2.01976 0.73748
3.1 -2.01274 0.624761
3.2 -1.99316 0.512819
3.3 -1.96619 0.402195
3.4 -1.93464 0.293215
3.5 -1.90001 0.18609
3.6 -1.86311 0.0809646
3.7 -1.82432 -0.0220449
3.8 -1.78381 -0.122839
3.9 -1.7416 -0.221322
4 -1.69765 -0.317399
4.1 -1.65183 -0.410969
4.2 -1.60396 -0.501923
4.3 -1.55384 -0.590141
4.4 -1.50117 -0.675489
4.5 -1.44561 -0.757816
4.6 -1.38673 -0.836949
4.7 -1.32401 -0.912687
4.8 -1.25677 -0.984799
4.9 -1.18418 -1.05301
5 -1.10517 -1.11699
5.1 -1.01834 -1.17635
5.2 -0.921891 -1.23059
5.3 -0.813414 -1.27913
5.4 -0.689723 -1.32119
5.5 -0.546578 -1.35583
5.6 -0.37844 -1.3818
5.7 -0.178398 -1.39752
5.8 0.0612008 -1.40099
5.9 0.346265 -1.38983
6 0.674989 -1.36148
6.1 1.02869 -1.31393
6.2 1.36766 -1.24681
6.3 1.6458 -1.16226
6.4 1.83795 -1.06454
6.5 1.94961 -0.9584
6.6 2.00242 -0.84778
6.7 2.01792 -0.735342
6.8 2.01139 -0.622711
6.9 1.9921 -0.510835
7 1.96528 -0.400266
7.1 1.93382 -0.291334
7.2 1.89924 -0.184252
7.3 1.86236 -0.0791697
7.4 1.82357 0.023798
7.5 1.78305 0.12455
7.6 1.74083 0.222991
7.7 1.69685 0.319024
7.8 1.65101 0.412549
7.9 1.60311 0.503456
8 1.55295 0.591626
8.1 1.50024 0.676923
8.2 1.44463 0.759197
8.3 1.38569 0.838273
8.4 1.32289 0.913951
8.5 1.25557 0.985998
8.6 1.18288 1.05414
8.7 1.10375 1.11804
8.8 1.01678 1.17732
8.9 0.920142 1.23147
9 0.811435 1.2799
9.1 0.68745 1.32185
9.2 0.543928 1.35635
9.3 0.375307 1.38216
9.4 0.174652 1.39769
9.5 -0.0656851 1.40093
9.6 -0.351545 1.38949
9.7 -0.680914 1.36083
9.8 -1.03475 1.31294
9.9 -1.37305 1.2455
10 -1.64983 1.16069
10.1 -1.84048 1.06278
10.2 -1.95094 0.956534
10.3 -2.00294 0.845864
10.4 -2.01796 0.733411
10.5 -2.01115 0.620787
10.6 -1.99169 0.508929
10.7 -1.96478 0.398386
10.8 -1.93325 0.289484
10.9 -1.89863 0.182436
11 -1.86171 0.0773885
11.1 -1.82289 -0.0255421
11.2 -1.78234 -0.126255
11.3 -1.74009 -0.224656
11.4 -1.69609 -0.320647
11.5 -1.6502 -0.414128
11.6 -1.60227 -0.50499
11.7 -1.55207 -0.593111
11.8 -1.49931 -0.678358
11.9 -1.44365 -0.760578
12 -1.38465 -0.839598
12.1 -1.32178 -0.915216
12.2 -1.25438 -0.987199
12.3 -1.18159 -1.05527
12.4 -1.10233 -1.1191
12.5 -1.01521 -1.17829
12.6 -0.91839 -1.23235
12.7 -0.809451 -1.28068
12.8 -0.68517 -1.32251
12.9 -0.54127 -1.35687
13 -0.372162 -1.38252
13.1 -0.170892 -1.39785
13.2 0.0701868 -1.40087
13.3 0.356843 -1.38916
13.4 0.686853 -1.36018
13.5 1.04081 -1.31195
13.6 1.37842 -1.24418
13.7 1.65384 -1.15911
13.8 1.843 -1.06101
13.9 1.95225 -0.954667
14 2.00346 -0.843948
14.1 2.018 -0.731481
14.2 2.0109 -0.618863
14.3 1.99128 -0.507024
14.4 1.96427 -0.396506
14.5 1.93268 -0.287635
14.6 1.89802 -0.18062
14.7 1.86106 -0.0756079
14.8 1.82221 0.0272856
14.9 1.78163 0.12796
15 1.73935 0.22632
15.1 1.69532 0.322269
15.2 1.6494 0.415706
15.3 1.60143 0.506522
15.4 1.55119 0.594595
15.5 1.49838 0.679792
15.6 1.44267 0.761959
15.7 1.38361 0.840922
15.8 1.32067 0.91648
15.9 1.25318 0.988398
16 1.18029 1.0564
16.1 1.10091 1.12015
16.2 1.01364 1.17926
16.3 0.916635 1.23323
16.4 0.807463 1.28145
16.5 0.682885 1.32316
16.6 0.538605 1.35738
16.7 0.369008 1.38287
16.8 0.167121 1.39801
16.9 -0.0747021 1.4008
17 -0.362155 1.38881
17.1 -0.6928 1.35952
17.2 -1.04687 1.31095
17.3 -1.38377 1.24286
17.4 -1.65783 1.15752
17.5 -1.84549 1.05925
17.6 -1.95355 0.952799
17.7 -2.00396 0.842031
17.8 -2.01802 0.72955
17.9 -2.01065 0.616939
18 -1.99087 0.50512
18.1 -1.96376 0.394628
18.2 -1.93211 0.285787
18.3 -1.8974 0.178805
18.4 -1.86041 0.0738279
18.5 -1.82153 -0.0290284
18.6 -1.78092 -0.129664
18.7 -1.73861 -0.227983
18.8 -1.69455 -0.32389
18.9 -1.6486 -0.417284
19 -1.60059 -0.508053
19.1 -1.55031 -0.596079
19.2 -1.49746 -0.681225
19.3 -1.44168 -0.763338
19.4 -1.38256 -0.842245
19.5 -1.31955 -0.917743
19.6 -1.25198 -0.989596
19.7 -1.17899 -1.05753
19.8 -1.09949 -1.12121
19.9 -1.01207 -1.18023
20 -0.914876 -1.2341
20.1 -0.80547 -1.28222
20.2 -0.680595 -1.32381
20.3 -0.535932 -1.3579
20.4 -0.365844 -1.38322
20.5 -0.163337 -1.39817
20.6 0.0792309 -1.40072
20.7 0.36748 -1.38846
20.8 0.698755 -1.35885
20.9 1.05292 -1.30995
21 1.38911 -1.24153
21.1 1.66179 -1.15593
21.2 1.84796 -1.05748
21.3 1.95483 -0.950929
21.4 2.00446 -0.840114
21.5 2.01805 -0.72762
21.6 2.0104 -0.615016
21.7 1.99046 -0.503215
21.8 1.96325 -0.392749
21.9 1.93154 -0.283939
22 1.89678 -0.17699
22.1 1.85976 -0.0720485
22.2 1.82085 0.0307706
22.3 1.78021 0.131367
22.4 1.73788 0.229646
22.5 1.69378 0.325511
22.6 1.64779 0.41886
22.7 1.59975 0.509584
22.8 1.54943 0.597561
22.9 1.49653 0.682657
23 1.4407 0.764717
23.1 1.38152 0.843567
23.2 1.31844 0.919004
23.3 1.25078 0.990793
23.4 1.17768 1.05865
23.5 1.09806 1.12226
23.6 1.01049 1.1812
23.7 0.913113 1.23498
23.8 0.803472 1.28299
23.9 0.678298 1.32446
24 0.533251 1.35841
24.1 0.362671 1.38357
24.2 0.159542 1.39833
24.3 -0.0837733 1.40065
24.4 -0.372817 1.38811
24.5 -0.704716 1.35818
24.6 -1.05897 1.30894
24.7 -1.39442 1.2402
24.8 -1.66572 1.15434
24.9 -1.8504 1.05571
25 -1.95609 0.949058
25.1 -2.00494 0.838196
25.2 -2.01806 0.725689
25.3 -2.01014 0.613093
25.4 -1.99004 0.501311
25.5 -1.96274 0.390871
25.6 -1.93097 0.282091
25.7 -1.89617 0.175176
25.8 -1.85911 0.0702697
25.9 -1.82017 -0.0325121
26 -1.7795 -0.13307
26.1 -1.73714 -0.231308
26.2 -1.693 -0.327131
26.3 -1.64699 -0.420436
26.4 -1.59891 -0.511114
26.5 -1.54854 -0.599043
26.6 -1.4956 -0.684088
26.7 -1.43972 -0.766095
26.8 -1.38047 -0.844888
26.9 -1.31732 -0.920265
27 -1.24957 -0.991989
27.1 -1.17638 -1.05978
27.2 -1.09663 -1.12331
27.3 -1.00891 -1.18216
27.4 -0.911347 -1.23585
27.5 -0.80147 -1.28376
27.6 -0.675996 -1.32511
27.7 -0.530563 -1.35892
27.8 -0.359489 -1.38391
27.9 -0.155735 -1.39848
28 0.0883293 -1.40056
28.1 0.378168 -1.38775
28.2 0.710685 -1.3575
28.3 1.06501 -1.30792
28.4 1.39972 -1.23887
28.5 1.66963 -1.15275
28.6 1.85282 -1.05394
28.7 1.95734 -0.947186
28.8 2.00541 -0.836277
28.9 2.01807 -0.723759
29 2.00988 -0.61117
29.1 1.98963 -0.499408
29.2 1.96223 -0.388994
29.3 1.93039 -0.280244
29.4 1.89555 -0.173362
29.5 1.85846 -0.0684916
29.6 1.81949 0.034253
29.7 1.77879 0.134772
29.8 1.73639 0.23297
29.9 1.69223 0.32875
30 1.64618 0.422011
30.1 1.59807 0.512643
30.2 1.54766 0.600524
30.3 1.49466 0.685518
30.4 1.43873 0.767471
30.5 1.37943 0.846208
30.6 1.3162 0.921525
30.7 1.24837 0.993184
30.8 1.17507 1.06091
30.9 1.0952 1.12435
31 1.00733 1.18313
31.1 0.909577 1.23672
31.2 0.799464 1.28452
31.3 0.673688 1.32576
31.4 0.527868 1.35942
31.5 0.356297 1.38426
31.6 0.151916 1.39862
31.7 -0.0928989 1.40048
31.8 -0.383532 1.38738
31.9 -0.716661 1.35682
32 -1.07105 1.3069
32.1 -1.40499 1.23752
32.2 -1.67351 1.15115
32.3 -1.85522 1.05217
32.4 -1.95857 0.945313
32.5 -2.00588 0.834359
32.6 -2.01807 0.721828
32.7 -2.00962 0.609248
32.8 -1.98921 0.497505
32.9 -1.96172 0.387117
33 -1.92982 0.278398
33.1 -1.89493 0.171549
33.2 -1.85781 0.0667141
33.3 -1.81881 -0.0359932
33.4 -1.77808 -0.136473
33.5 -1.73565 -0.23463
33.6 -1.69146 -0.330369
33.7 -1.64538 -0.423586
33.8 -1.59723 -0.514172
33.9 -1.54677 -0.602004
34 -1.49373 -0.686948
34.1 -1.43775 -0.768847
34.2 -1.37838 -0.847527
34.3 -1.31508 -0.922783
34.4 -1.24716 -0.994378
34.5 -1.17376 -1.06203
34.6 -1.09377 -1.1254
34.7 -1.00574 -1.18409
34.8 -0.907804 -1.23759
34.9 -0.797453 -1.28529
35 -0.671374 -1.3264
35.1 -0.525165 -1.35993
35.2 -0.353095 -1.3846
35.3 -0.148085 -1.39877
35.4 0.0974822 -1.40039
35.5 0.388909 -1.38702
35.6 0.722643 -1.35613
35.7 1.07708 -1.30587
35.8 1.41025 -1.23618
35.9 1.67736 -1.14955
36 1.85759 -1.05039
36.1 1.95979 -0.943439
36.2 2.00633 -0.83244
36.3 2.01807 -0.719898
36.4 2.00935 -0.607325
36.5 1.98879 -0.495602
36.6 1.9612 -0.385241
36.7 1.92924 -0.276552
36.8 1.89432 -0.169737
36.9 1.85715 -0.0649372
37 1.81812 0.0377327
37.1 1.77737 0.138174
37.2 1.73491 0.23629
37.3 1.69069 0.331986
37.4 1.64457 0.425159
37.5 1.59638 0.515699
37.6 1.54589 0.603483
37.7 1.4928 0.688376
37.8 1.43676 0.770222
37.9 1.37733 0.848845
38 1.31396 0.924041
38.1 1.24595 0.99557
38.2 1.17245 1.06315
38.3 1.09233 1.12645
38.4 1.00416 1.18505
38.5 0.906027 1.23846
38.6 0.795437 1.28605
38.7 0.669054 1.32704
38.8 0.522455 1.36043
38.9 0.349883 1.38493
39 0.144243 1.39891
39.1 -0.102079 1.40029
39.2 -0.394298 1.38664
39.3 -0.728632 1.35544
39.4 -1.0831 1.30484
39.5 -1.41548 1.23483
39.6 -1.68119 1.14794
39.7 -1.85994 1.04862
39.8 -1.96098 0.941563
39.9 -2.00677 0.83052
40 -2.01806 0.717967
40.1 -2.00908 0.605403
40.2 -1.98836 0.4937
40.3 -1.96069 0.383365
40.4 -1.92867 0.274707
40.5 -1.8937 0.167925
40.6 -1.8565 0.063161
40.7 -1.81744 -0.0394716
40.8 -1.77666 -0.139874
40.9 -1.73417 -0.23795
41 -1.68991 -0.333603
41.1 -1.64376 -0.426732
41.2 -1.59554 -0.517226
41.3 -1.545 -0.604962
41.4 -1.49187 -0.689804
41.5 -1.43577 -0.771596
41.6 -1.37628 -0.850162
41.7 -1.31283 -0.925297
41.8 -1.24474 -0.996761
41.9 -1.17114 -1.06427
42 -1.0909 -1.12749
42.1 -1.00257 -1.18601
42.2 -0.904246 -1.23932
42.3 -0.793417 -1.28681
42.4 -0.666728 -1.32768
42.5 -0.519737 -1.36093
42.6 -0.346662 -1.38527
42.7 -0.140388 -1.39904
42.8 0.10669 -1.40019
42.9 0.399701 -1.38626
43 0.734628 -1.35474
43.1 1.08912 -1.3038
43.2 1.4207 -1.23347
43.3 1.68499 -1.14633
43.4 1.86227 -1.04683
43.5 1.96217 -0.939687
43.6 2.00721 -0.8286
43.7 2.01805 -0.716037
43.8 2.00881 -0.603481
43.9 1.98794 -0.491798
44 1.96017 -0.38149
44.1 1.92809 -0.272862
44.2 1.89308 -0.166114
44.3 1.85585 -0.0613853
44.4 1.81676 0.0412099
44.5 1.77594 0.141573
44.6 1.73343 0.239608
44.7 1.68914 0.335219
44.8 1.64296 0.428304
44.9 1.59469 0.518752
45 1.54411 0.606439
45.1 1.49093 0.69123
45.2 1.43478 0.772969
45.3 1.37523 0.851478
45.4 1.31171 0.926552
45.5 1.24353 0.997951
45.6 1.16982 1.06539
45.7 1.08946 1.12853
45.8 1.00097 1.18697
45.9 0.902462 1.24019
46 0.791392 1.28757
46.1 0.664397 1.32832
46.2 0.517011 1.36142
46.3 0.343431 1.3856
46.4 0.136521 1.39918
46.5 -0.111314 1.40009
46.6 -0.405116 1.38588
46.7 -0.74063 1.35403
46.8 -1.09513 1.30275
46.9 -1.42589 1.23211
47 -1.68877 1.14472
47.1 -1.86457 1.04505
47.2 -1.96333 0.937809
47.3 -2.00763 0.82668
47.4 -2.01803 0.714106
47.5 -2.00853 0.60156
47.6 -1.98751 0.489896
47.7 -1.95965 0.379615
47.8 -1.92751 0.271018
47.9 -1.89246 0.164303
48 -1.85519 0.0596103
48.1 -1.81607 -0.0429475
48.2 -1.77523 -0.143271
48.3 -1.73268 -0.241266
48.4 -1.68837 -0.336835
48.5 -1.64215 -0.429875
48.6 -1.59385 -0.520277
48.7 -1.54323 -0.607916
48.8 -1.49 -0.692656
48.9 -1.43379 -0.774341
49 -1.37418 -0.852793
49.1 -1.31058 -0.927807
49.2 -1.24232 -0.99914
49.3 -1.16851 -1.06651
49.4 -1.08802 -1.12958
49.5 -0.999378 -1.18792
49.6 -0.900674 -1.24105
49.7 -0.789362 -1.28832
49.8 -0.662059 -1.32895
49.9 -0.514278 -1.36192
50 -0.340191 -1.38592
50.1 -0.132643 -1.3993
50.2 0.115952 -1.39998
50.3 0.410544 -1.38549
50.4 0.746638 -1.35332
50.5 1.10114 -1.3017
50.6 1.43107 -1.23074
50.7 1.69252 -1.1431
50.8 1.86686 -1.04327
50.9 1.96448 -0.93593
51 2.00804 -0.824759
51.1 2.018 -0.712175
51.2 2.00825 -0.599639
51.3 1.98708 -0.487995
51.4 1.95913 -0.37774
51.5 1.92693 -0.269174
51.6 1.89184 -0.162493
51.7 1.85454 -0.0578359
51.8 1.81539 0.0446844
51.9 1.77452 0.144969
52 1.73194 0.242923
52.1 1.68759 0.33845
52.2 1.64134 0.431446
52.3 1.593 0.521801
52.4 1.54234 0.609392
52.5 1.48906 0.694081
52.6 1.4328 0.775712
52.7 1.37312 0.854107
52.8 1.30945 0.92906
52.9 1.24111 1.00033
53 1.16719 1.06763
53.1 1.08657 1.13062
53.2 0.997778 1.18888
53.3 0.898883 1.24191
53.4 0.787328 1.28908
53.5 0.659716 1.32958
53.6 0.511537 1.36241
53.7 0.33694 1.38625
53.8 0.128752 1.39943
53.9 -0.120603 1.39986
54 -0.415984 1.38509
54.1 -0.752652 1.3526
54.2 -1.10713 1.30065
54.3 -1.43622 1.22937
54.4 -1.69624 1.14148
54.5 -1.86911 1.04148
54.6 -1.96562 0.93405
54.7 -2.00845 0.822837
54.8 -2.01797 0.710245
54.9 -2.00797 0.597718
55 -1.98665 0.486095
55.1 -1.95861 0.375867
55.2 -1.92636 0.267331
55.3 -1.89121 0.160683
55.4 -1.85388 0.0560622
55.5 -1.8147 -0.0464207
55.6 -1.7738 -0.146666
55.7 -1.7312 -0.24458
55.8 -1.68682 -0.340064
55.9 -1.64053 -0.433016
56 -1.59215 -0.523325
56.1 -1.54145 -0.610867
56.2 -1.48812 -0.695505
56.3 -1.43181 -0.777082
56.4 -1.37207 -0.85542
56.5 -1.30833 -0.930312
56.6 -1.23989 -1.00151
56.7 -1.16587 -1.06874
56.8 -1.08512 -1.13165
56.9 -0.996176 -1.18983
57 -0.897087 -1.24277
57.1 -0.785289 -1.28983
57.2 -0.657366 -1.33021
57.3 -0.508789 -1.3629
57.4 -0.33368 -1.38657
57.5 -0.124849 -1.39955
57.6 0.125269 -1.39975
57.7 0.421437 -1.38469
57.8 0.758672 -1.35188
57.9 1.11312 -1.29958
58 1.44135 -1.22799
58.1 1.69994 -1.13985
58.2 1.87135 -1.03969
58.3 1.96674 -0.932169
58.4 2.00884 -0.820916
58.5 2.01793 -0.708315
58.6 2.00768 -0.595797
58.7 1.98622 -0.484194
58.8 1.95809 -0.373993
58.9 1.92578 -0.265489
59 1.89059 -0.158875
59.1 1.85323 -0.054289
59.2 1.81401 0.0481563
59.3 1.77309 0.148363
59.4 1.73045 0.246235
59.5 1.68604 0.341677
59.6 1.63972 0.434585
59.7 1.5913 0.524847
59.8 1.54056 0.612341
59.9 1.48719 0.696928
60 1.43082 0.778452
60.1 1.37101 0.856732
60.2 1.3072 0.931563
60.3 1.23867 1.0027
60.4 1.16455 1.06986
60.5 1.08367 1.13269
60.6 0.994571 1.19079
60.7 0.895288 1.24363
60.8 0.783246 1.29058
60.9 0.655011 1.33084
61 0.506032 1.36338
61.1 0.33041 1.38689
61.2 0.120934 1.39967
61.3 -0.129948 1.39962
61.4 -0.426903 1.38428
61.5 -0.764698 1.35115
61.6 -1.1191 1.29852
61.7 -1.44646 1.22661
61.8 -1.70361 1.13822
61.9 -1.87356 1.0379
62 -1.96784 0.930287
62.1 -2.00923 0.818994
62.2 -2.01789 0.706384
62.3 -2.00739 0.593876
62.4 -1.98578 0.482295
62.5 -1.95757 0.37212
62.6 -1.92519 0.263647
62.7 -1.88997 0.157066
62.8 -1.85257 0.0525165
62.9 -1.81333 -0.0498913
63 -1.77237 -0.150059
63.1 -1.72971 -0.24789
63.2 -1.68526 -0.343289
63.3 -1.63891 -0.436153
63.4 -1.59046 -0.526369
63.5 -1.53967 -0.613814
63.6 -1.48625 -0.69835
63.7 -1.42983 -0.77982
63.8 -1.36995 -0.858043
63.9 -1.30606 -0.932813
64 -1.23745 -1.00388
64.1 -1.16322 -1.07097
64.2 -1.08222 -1.13373
64.3 -0.992963 -1.19174
64.4 -0.893486 -1.24448
64.5 -0.781197 -1.29133
64.6 -0.652649 -1.33147
64.7 -0.503268 -1.36386
64.8 -0.32713 -1.3872
64.9 -0.117006 -1.39978
65 0.134641 -1.3995
65.1 0.432381 -1.38387
65.2 0.770728 -1.35042
65.3 1.12508 -1.29744
65.4 1.45155 -1.22523
65.5 1.70725 -1.13659
65.6 1.87575 -1.03611
65.7 1.96893 -0.928404
65.8 2.0096 -0.817072
65.9 2.01784 -0.704454
66 2.0071 -0.591956
66.1 1.98535 -0.480395
66.2 1.95704 -0.370248
66.3 1.92461 -0.261805
66.4 1.88935 -0.155259
66.5 1.85191 -0.0507447
66.6 1.81264 0.0516256
66.7 1.77165 0.151754
66.8 1.72896 0.249545
66.9 1.68449 0.344901
67 1.6381 0.43772
67.1 1.58961 0.52789
67.2 1.53878 0.615287
67.3 1.48531 0.699772
67.4 1.42883 0.781187
67.5 1.36889 0.859353
67.6 1.30493 0.934062
67.7 1.23623 1.00507
67.8 1.1619 1.07208
67.9 1.08077 1.13476
68 0.991352 1.19269
68.1 0.891679 1.24534
68.2 0.779144 1.29208
68.3 0.650281 1.33209
68.4 0.500496 1.36434
68.5 0.32384 1.38751
68.6 0.113067 1.39989
68.7 -0.139347 1.39937
68.8 -0.437871 1.38346
68.9 -0.776765 1.34968
69 -1.13104 1.29636
69.1 -1.45662 1.22384
69.2 -1.71087 1.13496
69.3 -1.87792 1.03431
69.4 -1.97 0.92652
69.5 -2.00997 0.815149
69.6 -2.01779 0.702523
69.7 -2.0068 0.590036
69.8 -1.98491 0.478496
69.9 -1.95652 0.368376
70 -1.92403 0.259965
70.1 -1.88872 0.153452
70.2 -1.85126 0.0489734
70.3 -1.81195 -0.0533593
70.4 -1.77094 -0.153448
70.5 -1.72821 -0.251198
70.6 -1.68371 -0.346512
70.7 -1.63729 -0.439287
70.8 -1.58876 -0.52941
70.9 -1.53788 -0.616758
71 -1.48437 -0.701192
71.1 -1.42784 -0.782554
71.2 -1.36784 -0.860662
71.3 -1.3038 -0.935309
71.4 -1.23501 -1.00625
71.5 -1.16057 -1.07319
71.6 -1.07931 -1.1358
71.7 -0.989738 -1.19363
71.8 -0.889869 -1.24619
71.9 -0.777087 -1.29282
72 -0.647907 -1.33271
72.1 -0.497717 -1.36482
72.2 -0.32054 -1.38782
72.3 -0.109115 -1.4
72.4 0.144068 -1.39923
72.5 0.443374 -1.38304
72.6 0.782806 -1.34893
72.7 1.137 -1.29528
72.8 1.46167 -1.22244
72.9 1.71446 -1.13332
73 1.88007 -1.03251
73.1 1.97106 -0.924635
73.2 2.01033 -0.813226
73.3 2.01773 -0.700593
73.4 2.0065 -0.588117
73.5 1.98447 -0.476598
73.6 1.95599 -0.366505
73.7 1.92345 -0.258124
73.8 1.8881 -0.151645
73.9 1.8506 -0.0472028
74 1.81127 0.0550923
74.1 1.77022 0.155142
74.2 1.72747 0.252851
74.3 1.68293 0.348122
74.4 1.63647 0.440853
74.5 1.58791 0.53093
74.6 1.53699 0.618229
74.7 1.48342 0.702612
74.8 1.42684 0.783919
74.9 1.36677 0.86197
75 1.30266 0.936556
75.1 1.23379 1.00743
75.2 1.15924 1.0743
75.3 1.07785 1.13683
75.4 0.988121 1.19458
75.5 0.888055 1.24704
75.6 0.775024 1.29356
75.7 0.645528 1.33333
75.8 0.494929 1.3653
75.9 0.31723 1.38812
76 0.105151 1.4001
76.1 -0.148802 1.39909
76.2 -0.448889 1.38261
76.3 -0.788852 1.34818
76.4 -1.14295 1.29419
76.5 -1.46669 1.22104
76.6 -1.71803 1.13168
76.7 -1.88219 1.03071
76.8 -1.9721 0.922748
76.9 -2.01067 0.811302
77 -2.01766 0.698663
77.1 -2.0062 0.586197
77.2 -1.98402 0.474699
77.3 -1.95546 0.364634
77.4 -1.92286 0.256285
77.5 -1.88747 0.149839
77.6 -1.84994 0.0454328
77.7 -1.81058 -0.0568246
77.8 -1.7695 -0.156835
77.9 -1.72672 -0.254503
78 -1.68215 -0.349732
78.1 -1.63566 -0.442418
78.2 -1.58705 -0.532448
78.3 -1.5361 -0.619699
78.4 -1.48248 -0.70403
78.5 -1.42584 -0.785283
78.6 -1.36571 -0.863277
78.7 -1.30152 -0.937802
78.8 -1.23256 -1.00861
78.9 -1.1579 -1.07541
79 -1.07639 -1.13786
79.1 -0.986501 -1.19552
79.2 -0.886237 -1.24789
79.3 -0.772957 -1.2943
79.4 -0.643141 -1.33395
79.5 -0.492133 -1.36577
79.6 -0.31391 -1.38843
79.7 -0.101174 -1.4002
79.8 0.15355 -1.39895
79.9 0.454416 -1.38218
80 0.794903 -1.34742
80.1 1.14889 -1.29309
80.2 1.47169 -1.21963
80.3 1.72157 -1.13003
80.4 1.8843 -1.02891
80.5 1.97313 -0.920861
80.6 2.01101 -0.809379
80.7 2.0176 -0.696733
80.8 2.00589 -0.584278
80.9 1.98358 -0.472802
81 1.95493 -0.362763
81.1 1.92228 -0.254446
81.2 1.88685 -0.148034
81.3 1.84928 -0.0436635
81.4 1.80989 0.0585563
81.5 1.76879 0.158527
81.6 1.72597 0.256155
81.7 1.68137 0.351341
81.8 1.63485 0.443982
81.9 1.5862 0.533966
82 1.5352 0.621168
82.1 1.48154 0.705448
82.2 1.42484 0.786647
82.3 1.36465 0.864583
82.4 1.30039 0.939046
82.5 1.23133 1.00979
82.6 1.15657 1.07652
82.7 1.07493 1.13889
82.8 0.984878 1.19647
82.9 0.884416 1.24874
83 0.770884 1.29504
83.1 0.640749 1.33456
83.2 0.48933 1.36624
83.3 0.31058 1.38873
83.4 0.0971856 1.40029
83.5 -0.158311 1.3988
83.6 -0.459956 1.38174
83.7 -0.800958 1.34666
83.8 -1.15482 1.29199
83.9 -1.47667 1.21822
84 -1.72508 1.12838
84.1 -1.88638 1.02711
84.2 -1.97414 0.918973
84.3 -2.01134 0.807455
84.4 -2.01752 0.694803
84.5 -2.00558 0.58236
84.6 -1.98313 0.470904
84.7 -1.9544 0.360893
84.8 -1.92169 0.252607
84.9 -1.88622 0.146229
85 -1.84862 0.0418948
85.1 -1.8092 -0.0602874
85.2 -1.76807 -0.160219
85.3 -1.72522 -0.257805
85.4 -1.68059 -0.352949
85.5 -1.63403 -0.445546
85.6 -1.58535 -0.535483
85.7 -1.53431 -0.622636
85.8 -1.4806 -0.706865
85.9 -1.42384 -0.788009
86 -1.36359 -0.865888
86.1 -1.29925 -0.94029
86.2 -1.2301 -1.01097
86.3 -1.15523 -1.07762
86.4 -1.07346 -1.13991
86.5 -0.983252 -1.19741
86.6 -0.88259 -1.24958
86.7 -0.768807 -1.29578
86.8 -0.638351 -1.33517
86.9 -0.486518 -1.3667
87 -0.30724 -1.38902
87.1 -0.0931844 -1.40039
87.2 0.163087 -1.39864
87.3 0.465507 -1.3813
87.4 0.807018 -1.34589
87.5 1.16074 -1.29088
87.6 1.48163 -1.21681
87.7 1.72856 -1.12673
87.8 1.88844 -1.0253
87.9 1.97514 -0.917084
88 2.01166 -0.80553
88.1 2.01744 -0.692873
88.2 2.00527 -0.580441
88.3 1.98269 -0.469007
88.4 1.95387 -0.359024
88.5 1.92111 -0.250769
88.6 1.88559 -0.144425
88.7 1.84796 -0.0401267
88.8 1.80851 0.0620177
88.9 1.76735 0.16191
89 1.72448 0.259455
89.1 1.67981 0.354556
89.2 1.63322 0.447108
89.3 1.5845 0.536999
89.4 1.53341 0.624103
89.5 1.47965 0.708281
89.6 1.42284 0.789371
89.7 1.36252 0.867192
89.8 1.29811 0.941532
89.9 1.22887 1.01214
90 1.1539 1.07873
90.1 1.07199 1.14094
90.2 0.981623 1.19835
90.3 0.880761 1.25042
90.4 0.766726 1.29651
90.5 0.635946 1.33578
90.6 0.483699 1.36717
90.7 0.30389 1.38931
90.8 0.0891707 1.40047
90.9 -0.167876 1.39849
91 -0.47107 1.38085
91.1 -0.813081 1.34511
91.2 -1.16665 1.28977
91.3 -1.48657 1.21539
91.4 -1.73202 1.12508
91.5 -1.89047 1.02349
91.6 -1.97612 0.915194
91.7 -2.01198 0.803606
91.8 -2.01736 0.690943
91.9 -2.00496 0.578523
92 -1.98224 0.467111
92.1 -1.95334 0.357155
92.2 -1.92052 0.248931
92.3 -1.88496 0.142622
92.4 -1.8473 0.0383592
92.5 -1.80782 -0.0637474
92.6 -1.76663 -0.1636
92.7 -1.72373 -0.261105
92.8 -1.67903 -0.356163
92.9 -1.6324 -0.44867
93 -1.58364 -0.538515
93.1 -1.53251 -0.62557
93.2 -1.4787 -0.709696
93.3 -1.42184 -0.790732
93.4 -1.36145 -0.868495
93.5 -1.29696 -0.942773
93.6 -1.22764 -1.01332
93.7 -1.15256 -1.07983
93.8 -1.07052 -1.14197
93.9 -0.979991 -1.19929
94 -0.878928 -1.25127
94.1 -0.764639 -1.29724
94.2 -0.633535 -1.33639
94.3 -0.480871 -1.36763
94.4 -0.300529 -1.3896
94.5 -0.0851445 -1.40056
94.6 0.172679 -1.39832
94.7 0.476646 -1.3804
94.8 0.819149 -1.34433
94.9 1.17255 -1.28865
95 1.49148 -1.21396
95.1 1.73546 -1.12342
95.2 1.89249 -1.02168
95.3 1.97709 -0.913303
95.4 2.01228 -0.801681
95.5 2.01727 -0.689013
95.6 2.00464 -0.576605
95.7 1.98179 -0.465215
95.8 1.95281 -0.355287
95.9 1.91993 -0.247095
96 1.88434 -0.140819
96.1 1.84664 -0.0365924
96.2 1.80713 0.0654765
96.3 1.76591 0.16529
96.4 1.72298 0.262753
96.5 1.67825 0.357768
96.6 1.63158 0.450231
96.7 1.58279 0.540029
96.8 1.53161 0.627035
96.9 1.47776 0.71111
97 1.42084 0.792091
97.1 1.36038 0.869797
97.2 1.29582 0.944013
97.3 1.2264 1.01449
97.4 1.15121 1.08093
97.5 1.06905 1.14299
97.6 0.978356 1.20022
97.7 0.877091 1.25211
97.8 0.762547 1.29798
97.9 0.631118 1.33699
98 0.478036 1.36809
98.1 0.297158 1.38989
98.2 0.0811058 1.40064
98.3 -0.177496 1.39816
98.4 -0.482233 1.37994
98.5 -0.82522 1.34355
98.6 -1.17845 1.28753
98.7 -1.49637 1.21254
98.8 -1.73887 1.12176
98.9 -1.89448 1.01987
99 -1.97804 0.911411
99.1 -2.01257 0.799756
99.2 -2.01717 0.687083
99.3 -2.00432 0.574688
99.4 -1.98133 0.463319
99.5 -1.95227 0.353419
99.6 -1.91934 0.245258
99.7 -1.88371 0.139017
99.8 -1.84598 0.0348262
99.9 -1.80643 -0.0672048
100 -1.76519 -0.166979
100.1 -1.72223 -0.264401
100.2 -1.67747 -0.359373
100.3 -1.63077 -0.451792
100.4 -1.58193 -0.541543
100.5 -1.53072 -0.6285
100.6 -1.47681 -0.712523
100.7 -1.41983 -0.79345
100.8 -1.35932 -0.871098
100.9 -1.29467 -0.945252
101 -1.22517 -1.01566
101.1 -1.14987 -1.08204
101.2 -1.06757 -1.14401
101.3 -0.976717 -1.20116
101.4 -0.875251 -1.25294
101.5 -0.76045 -1.2987
101.6 -0.628694 -1.3376
101.7 -0.475192 -1.36854
101.8 -0.293777 -1.39017
101.9 -0.0770545 -1.40071
102 0.182326 -1.39798
102.1 0.487832 -1.37947
102.2 0.831295 -1.34275
102.3 1.18433 -1.2864
102.4 1.50124 -1.2111
102.5 1.74225 -1.12009
102.6 1.89646 -1.01806
102.7 1.97898 -0.909518
102.8 2.01286 -0.79783
102.9 2.01707 -0.685154
103 2.004 -0.57277
103.1 1.98088 -0.461424
103.2 1.95174 -0.351552
103.3 1.91875 -0.243422
103.4 1.88308 -0.137215
103.5 1.84531 -0.0330606
103.6 1.80574 0.0689326
103.7 1.76447 0.168667
103.8 1.72147 0.266048
103.9 1.67668 0.360978
104 1.62995 0.453352
104.1 1.58108 0.543056
104.2 1.52982 0.629964
104.3 1.47586 0.713935
104.4 1.41883 0.794808
104.5 1.35825 0.872398
104.6 1.29353 0.94649
104.7 1.22393 1.01684
104.8 1.14852 1.08313
104.9 1.06609 1.14503
105 0.975076 1.20209
105.1 0.873406 1.25378
105.2 0.758349 1.29943
105.3 0.626264 1.3382
105.4 0.47234 1.369
105.5 0.290385 1.39045
105.6 0.0729907 1.40078
105.7 -0.187171 1.39781
105.8 -0.493442 1.379
105.9 -0.837373 1.34196
106 -1.1902 1.28526
106.1 -1.50608 1.20966
106.2 -1.7456 1.11842
106.3 -1.89841 1.01624
106.4 -1.97991 0.907625
106.5 -2.01314 0.795904
106.6 -2.01696 0.683224
106.7 -2.00367 0.570854
106.8 -1.98042 0.459529
106.9 -1.9512 0.349685
107 -1.91816 0.241587
107.1 -1.88245 0.135414
107.2 -1.84465 0.0312957
107.3 -1.80505 -0.0706596
107.4 -1.76374 -0.170355
107.5 -1.72072 -0.267695
107.6 -1.6759 -0.362581
107.7 -1.62913 -0.45491
107.8 -1.58022 -0.544568
107.9 -1.52892 -0.631427
108 -1.47491 -0.715346
108.1 -1.41782 -0.796165
108.2 -1.35717 -0.873696
108.3 -1.29238 -0.947727
108.4 -1.22269 -1.01801
108.5 -1.14717 -1.08423
108.6 -1.06461 -1.14605
108.7 -0.973431 -1.20302
108.8 -0.871557 -1.25461
108.9 -0.756242 -1.30015
109 -0.623828 -1.33879
109.1 -0.46948 -1.36945
109.2 -0.286983 -1.39073
109.3 -0.0689142 -1.40085
109.4 0.192029 -1.39762
109.5 0.499064 -1.37853
109.6 0.843455 -1.34115
109.7 1.19606 -1.28412
109.8 1.51091 -1.20822
109.9 1.74893 -1.11675
110 1.90034 -1.01443
110.1 1.98082 -0.90573
110.2 2.01341 -0.793978
110.3 2.01685 -0.681295
110.4 2.00334 -0.568937
110.5 1.97996 -0.457635
110.6 1.95066 -0.347819
110.7 1.91757 -0.239753
110.8 1.88182 -0.133613
110.9 1.84399 -0.0295314
111 1.80436 0.072386
111.1 1.76302 0.172042
111.2 1.71997 0.26934
111.3 1.67512 0.364184
111.4 1.62831 0.456468
111.5 1.57936 0.546079
111.6 1.52802 0.632889
111.7 1.47396 0.716757
111.8 1.41681 0.79752
111.9 1.3561 0.874994
112 1.29123 0.948963
112.1 1.22145 1.01917
112.2 1.14582 1.08533
112.3 1.06313 1.14707
112.4 0.971784 1.20395
112.5 0.869705 1.25545
112.6 0.754131 1.30088
112.7 0.621386 1.33939
112.8 0.466612 1.3699
112.9 0.283571 1.391
113 0.0648251 1.40091
113.1 -0.196901 1.39744
113.2 -0.504698 1.37805
113.3 -0.849539 1.34034
113.4 -1.2019 1.28297
113.5 -1.5157 1.20677
113.6 -1.75223 1.11508
113.7 -1.90225 1.01261
113.8 -1.98172 0.903835
113.9 -2.01367 0.792052
114 -2.01674 0.679365
114.1 -2.00301 0.567021
114.2 -1.9795 0.455741
114.3 -1.95012 0.345953
114.4 -1.91698 0.237918
114.5 -1.88118 0.131813
114.6 -1.84332 0.0277677
114.7 -1.80366 -0.0741118
114.8 -1.7623 -0.173728
114.9 -1.71922 -0.270985
115 -1.67433 -0.365786
115.1 -1.62749 -0.458026
115.2 -1.5785 -0.547589
115.3 -1.52711 -0.63435
115.4 -1.47301 -0.718166
115.5 -1.41581 -0.798875
115.6 -1.35503 -0.876291
115.7 -1.29008 -0.950198
115.8 -1.22021 -1.02034
115.9 -1.14447 -1.08642
116 -1.06164 -1.14808
116.1 -0.970133 -1.20488
116.2 -0.867849 -1.25628
116.3 -0.752014 -1.3016
116.4 -0.618936 -1.33998
116.5 -0.463735 -1.37034
116.6 -0.280148 -1.39127
116.7 -0.0607233 -1.40098
116.8 0.201787 -1.39725
116.9 0.510343 -1.37756
117 0.855626 -1.33953
117.1 1.20774 -1.28182
117.2 1.52048 -1.20532
117.3 1.75551 -1.1134
117.4 1.90414 -1.01079
117.5 1.9826 -0.901938
117.6 2.01392 -0.790126
117.7 2.01662 -0.677436
117.8 2.00267 -0.565105
117.9 1.97904 -0.453848
118 1.94958 -0.344088
118.1 1.91638 -0.236085
118.2 1.88055 -0.130014
118.3 1.84266 -0.0260047
118.4 1.80297 0.0758368
118.5 1.76158 0.175413
118.6 1.71847 0.27263
118.7 1.67355 0.367388
118.8 1.62667 0.459582
118.9 1.57764 0.549099
119 1.52621 0.635811
119.1 1.47206 0.719575
119.2 1.4148 0.800229
119.3 1.35395 0.877587
119.4 1.28892 0.951431
119.5 1.21896 1.02151
119.6 1.14312 1.08752
119.7 1.06015 1.1491
119.8 0.968479 1.20581
119.9 0.865988 1.25711
120 0.749893 1.30232
120.1 0.616481 1.34057
120.2 0.46085 1.37078
120.3 0.276714 1.39153
120.4 0.0566088 1.40103
120.5 -0.206686 1.39705
120.6 -0.515999 1.37707
120.7 -0.861715 1.3387
120.8 -1.21357 1.28066
120.9 -1.52523 1.20386
121 -1.75876 1.11172
121.1 -1.906 1.00897
121.2 -1.98347 0.900041
121.3 -2.01416 0.788199
121.4 -2.0165 0.675507
121.5 -2.00234 0.563189
121.6 -1.97858 0.451955
121.7 -1.94904 0.342223
121.8 -1.91579 0.234252
121.9 -1.87992 0.128216
122 -1.84199 0.0242423
122.1 -1.80227 -0.0775612
122.2 -1.76085 -0.177098
122.3 -1.71771 -0.274273
122.4 -1.67276 -0.368988
122.5 -1.62585 -0.461138
122.6 -1.57679 -0.550608
122.7 -1.52531 -0.63727
122.8 -1.4711 -0.720983
122.9 -1.41379 -0.801582
123 -1.35288 -0.878881
123.1 -1.28777 -0.952664
123.2 -1.21772 -1.02267
123.3 -1.14176 -1.08861
123.4 -1.05866 -1.15011
123.5 -0.966822 -1.20674
123.6 -0.864124 -1.25794
123.7 -0.747766 -1.30303
123.8 -0.614019 -1.34116
123.9 -0.457957 -1.37122
124 -0.27327 -1.3918
124.1 -0.0524815 -1.40108
124.2 0.2116 -1.39685
124.3 0.521667 -1.37658
124.4 0.867807 -1.33788
124.5 1.21938 -1.2795
124.6 1.52996 -1.2024
124.7 1.76199 -1.11003
124.8 1.90785 -1.00714
124.9 1.98433 -0.898143
125 2.0144 -0.786272
125.1 2.01637 -0.673578
125.2 2.002 -0.561274
125.3 1.97811 -0.450062
125.4 1.9485 -0.340359
125.5 1.9152 -0.23242
125.6 1.87929 -0.126418
125.7 1.84133 -0.0224806
125.8 1.80158 0.079285
125.9 1.76013 0.178782
126 1.71696 0.275916
126.1 1.67197 0.370588
126.2 1.62503 0.462693
126.3 1.57592 0.552116
126.4 1.5244 0.638729
126.5 1.47015 0.72239
126.6 1.41278 0.802934
126.7 1.3518 0.880175
126.8 1.28661 0.953895
126.9 1.21647 1.02384
127 1.1404 1.0897
127.1 1.05717 1.15112
127.2 0.965161 1.20766
127.3 0.862256 1.25876
127.4 0.745635 1.30375
127.5 0.61155 1.34175
127.6 0.455056 1.37166
127.7 0.269816 1.39206
127.8 0.0483414 1.40113
127.9 -0.216527 1.39665
128 -0.527345 1.37607
128.1 -0.8739 1.33704
128.2 -1.22518 1.27833
128.3 -1.53466 1.20094
128.4 -1.76519 1.10835
128.5 -1.90968 1.00531
128.6 -1.98518 0.896244
128.7 -2.01463 0.784345
128.8 -2.01623 0.671649
128.9 -2.00165 0.559359
129 -1.97765 0.44817
129.1 -1.94796 0.338495
129.2 -1.9146 0.230588
129.3 -1.87865 0.12462
129.4 -1.84066 0.0207195
129.5 -1.80088 -0.081008
129.6 -1.7594 -0.180466
129.7 -1.7162 -0.277558
129.8 -1.67119 -0.372187
129.9 -1.62421 -0.464247
130 -1.57506 -0.553623
130.1 -1.5235 -0.640187
130.2 -1.4692 -0.723796
130.3 -1.41176 -0.804285
130.4 -1.35072 -0.881468
130.5 -1.28546 -0.955125
130.6 -1.21522 -1.025
130.7 -1.13904 -1.09079
130.8 -1.05567 -1.15214
130.9 -0.963498 -1.20858
131 -0.860383 -1.25959
131.1 -0.743498 -1.30446
131.2 -0.609075 -1.34233
131.3 -0.452146 -1.37209
131.4 -0.266351 -1.39231
131.5 -0.0441885 -1.40118
131.6 0.221468 -1.39644
131.7 0.533035 -1.37557
131.8 0.879996 -1.33621
131.9 1.23097 -1.27715
132 1.53934 -1.19947
132.1 1.76836 -1.10666
132.2 1.91149 -1.00349
132.3 1.98601 -0.894345
132.4 2.01485 -0.782417
132.5 2.01609 -0.66972
132.6 2.00131 -0.557444
132.7 1.97718 -0.446279
132.8 1.94741 -0.336632
132.9 1.914 -0.228757
133 1.87802 -0.122823
133.1 1.84 -0.018959
133.2 1.80019 0.0827305
133.3 1.75868 0.182148
133.4 1.71545 0.279199
133.5 1.6704 0.373785
133.6 1.62339 0.4658
133.7 1.5742 0.555129
133.8 1.52259 0.641644
133.9 1.46824 0.725201
134 1.41075 0.805635
134.1 1.34964 0.882759
134.2 1.2843 0.956354
134.3 1.21397 1.02616
134.4 1.13768 1.09188
134.5 1.05417 1.15314
134.6 0.961831 1.2095
134.7 0.858507 1.26041
134.8 0.741356 1.30517
134.9 0.606594 1.34291
135 0.449227 1.37252
135.1 0.262875 1.39257
135.2 0.0400227 1.40122
135.3 -0.226423 1.39622
135.4 -0.538736 1.37505
135.5 -0.886093 1.33536
135.6 -1.23674 1.27597
135.7 -1.54399 1.19799
135.8 -1.77151 1.10496
135.9 -1.91327 1.00166
136 -1.98682 0.892444
136.1 -2.01506 0.78049
136.2 -2.01595 0.667792
136.3 -2.00096 0.55553
136.4 -1.97671 0.444388
136.5 -1.94687 0.334769
136.6 -1.91341 0.226926
136.7 -1.87738 0.121027
136.8 -1.83933 0.0171992
136.9 -1.79949 -0.0844522
137 -1.75795 -0.18383
137.1 -1.71469 -0.28084
137.2 -1.66961 -0.375383
137.3 -1.62256 -0.467353
137.4 -1.57334 -0.556635
137.5 -1.52169 -0.6431
137.6 -1.46728 -0.726605
137.7 -1.40974 -0.806984
137.8 -1.34856 -0.88405
137.9 -1.28314 -0.957582
138 -1.21272 -1.02732
138.1 -1.13631 -1.09297
138.2 -1.05267 -1.15415
138.3 -0.960162 -1.21042
138.4 -0.856627 -1.26123
138.5 -0.739209 -1.30588
138.6 -0.604105 -1.34349
138.7 -0.4463 -1.37295
138.8 -0.259388 -1.39282
138.9 -0.0358441 -1.40125
139 0.231391 -1.39601
139.1 0.544447 -1.37454
139.2 0.892192 -1.33451
139.3 1.2425 -1.27479
139.4 1.54862 -1.19651
139.5 1.77463 -1.10327
139.6 1.91504 -0.999826
139.7 1.98763 -0.890543
139.8 2.01526 -0.778562
139.9 2.0158 -0.665863
140 2.00061 -0.553616
140.1 1.97624 -0.442497
140.2 1.94632 -0.332907
140.3 1.91281 -0.225096
140.4 1.87675 -0.119231
140.5 1.83866 -0.01544
140.6 1.79879 0.0861733
140.7 1.75723 0.185512
140.8 1.71394 0.28248
140.9 1.66882 0.37698
141 1.62174 0.468905
141.1 1.57248 0.558139
141.2 1.52078 0.644555
141.3 1.46633 0.728008
141.4 1.40872 0.808332
141.5 1.34748 0.885339
141.6 1.28198 0.958809
141.7 1.21146 1.02848
141.8 1.13494 1.09406
141.9 1.05117 1.15516
142 0.958488 1.21134
142.1 0.854742 1.26205
142.2 0.737057 1.30658
142.3 0.601611 1.34407
142.4 0.443365 1.37338
142.5 0.255891 1.39306
142.6 0.0316525 1.40128
142.7 -0.236373 1.39578
142.8 -0.550169 1.37401
142.9 -0.898292 1.33365
143 -1.24825 1.2736
143.1 -1.55323 1.19503
143.2 -1.77772 1.10157
143.3 -1.91679 0.997993
143.4 -1.98842 0.888641
143.5 -2.01546 0.776634
143.6 -2.01565 0.663935
143.7 -2.00025 0.551702
143.8 -1.97576 0.440607
143.9 -1.94577 0.331045
144 -1.91221 0.223266
144.1 -1.87611 0.117436
144.2 -1.83799 0.0136814
144.3 -1.7981 -0.0878937
144.4 -1.7565 -0.187192
144.5 -1.71318 -0.284119
144.6 -1.66803 -0.378576
144.7 -1.62091 -0.470455
144.8 -1.57161 -0.559643
144.9 -1.51987 -0.64601
145 -1.46537 -0.72941
145.1 -1.4077 -0.809679
145.2 -1.34639 -0.886628
145.3 -1.28082 -0.960035
145.4 -1.2102 -1.02964
145.5 -1.13358 -1.09514
145.6 -1.04966 -1.15616
145.7 -0.956812 -1.21226
145.8 -0.852854 -1.26286
145.9 -0.7349 -1.30729
146 -0.599109 -1.34464
146.1 -0.440421 -1.3738
146.2 -0.252383 -1.39331
146.3 -0.027448 -1.40131
146.4 0.241369 -1.39555
146.5 0.555902 -1.37348
146.6 0.904393 -1.33279
146.7 1.25399 -1.2724
146.8 1.55781 -1.19354
146.9 1.7808 -1.09987
147 1.91851 -0.996159
147.1 1.9892 -0.886739
147.2 2.01565 -0.774706
147.3 2.01549 -0.662007
147.4 1.9999 -0.549789
147.5 1.97529 -0.438717
147.6 1.94522 -0.329184
147.7 1.91161 -0.221437
147.8 1.87548 -0.115642
147.9 1.83732 -0.0119235
148 1.7974 0.0896134
148.1 1.75577 0.188872
148.2 1.71242 0.285758
148.3 1.66724 0.380171
148.4 1.62009 0.472006
148.5 1.57075 0.561146
148.6 1.51896 0.647463
148.7 1.46441 0.730811
148.8 1.40669 0.811025
148.9 1.34531 0.887915
149 1.27965 0.96126
149.1 1.20895 1.0308
149.2 1.1322 1.09623
149.3 1.04815 1.15717
149.4 0.955133 1.21317
149.5 0.850961 1.26368
149.6 0.732737 1.30799
149.7 0.596601 1.34522
149.8 0.437469 1.37422
149.9 0.248864 1.39355
150 0.0232305 1.40134
150.1 -0.246379 1.39532
150.2 -0.561645 1.37295
150.3 -0.910494 1.33192
150.4 -1.25971 1.2712
150.5 -1.56237 1.19205
150.6 -1.78384 1.09816
150.7 -1.92022 0.994322
150.8 -1.98996 0.884835
150.9 -2.01583 0.772777
151 -2.01533 0.660079
151.1 -1.99954 0.547876
151.2 -1.97481 0.436827
151.3 -1.94467 0.327324
151.4 -1.91101 0.219609
151.5 -1.87484 0.113848
151.6 -1.83666 0.0101662
151.7 -1.7967 -0.0913325
151.8 -1.75505 -0.190552
151.9 -1.71166 -0.287395
152 -1.66645 -0.381765
152.1 -1.61926 -0.473555
152.2 -1.56988 -0.562648
152.3 -1.51805 -0.648916
152.4 -1.46345 -0.732212
152.5 -1.40567 -0.812371
152.6 -1.34422 -0.889202
152.7 -1.27849 -0.962483
152.8 -1.20769 -1.03196
152.9 -1.13083 -1.09731
153 -1.04664 -1.15817
153.1 -0.95345 -1.21408
153.2 -0.849065 -1.26449
153.3 -0.730569 -1.30869
153.4 -0.594086 -1.34578
153.5 -0.434508 -1.37464
153.6 -0.245335 -1.39378
153.7 -0.0190001 -1.40136
153.8 0.251402 -1.39508
153.9 0.567399 -1.37241
154 0.916596 -1.33105
154.1 1.26542 -1.26999
154.2 1.5669 -1.19055
154.3 1.78686 -1.09645
154.4 1.92191 -0.992484
154.5 1.99071 -0.882931
154.6 2.016 -0.770849
154.7 2.01517 -0.658151
154.8 1.99918 -0.545963
154.9 1.97434 -0.434938
155 1.94412 -0.325464
155.1 1.91041 -0.217781
155.2 1.8742 -0.112055
155.3 1.83599 -0.00840954
155.4 1.796 0.0930509
155.5 1.75432 0.19223
155.6 1.71091 0.289033
155.7 1.66566 0.383359
155.8 1.61844 0.475104
155.9 1.56902 0.56415
156 1.51714 0.650367
156.1 1.46249 0.733611
156.2 1.40465 0.813715
156.3 1.34313 0.890487
156.4 1.27732 0.963706
156.5 1.20642 1.03311
156.6 1.12945 1.09839
156.7 1.04513 1.15917
156.8 0.951764 1.21499
156.9 0.847164 1.2653
157 0.728396 1.30939
157.1 0.591565 1.34635
157.2 0.431538 1.37505
157.3 0.241794 1.39402
157.4 0.0147565 1.40137
157.5 -0.256439 1.39484
157.6 -0.573163 1.37186
157.7 -0.922699 1.33017
157.8 -1.27111 1.26878
157.9 -1.57141 1.18905
158 -1.78985 1.09474
158.1 -1.92358 0.990645
158.2 -1.99145 0.881026
158.3 -2.01617 0.76892
158.4 -2.015 0.656223
158.5 -1.99881 0.544051
158.6 -1.97386 0.43305
158.7 -1.94357 0.323604
158.8 -1.90981 0.215954
158.9 -1.87356 0.110262
159 -1.83532 0.00665354
159.1 -1.7953 -0.0947686
159.2 -1.75359 -0.193908
159.3 -1.71015 -0.290669
159.4 -1.66487 -0.384952
159.5 -1.61761 -0.476651
159.6 -1.56815 -0.56565
159.7 -1.51623 -0.651818
159.8 -1.46152 -0.73501
159.9 -1.40363 -0.815058
160 -1.34204 -0.891771
160.1 -1.27615 -0.964927
160.2 -1.20516 -1.03426
160.3 -1.12808 -1.09947
160.4 -1.04361 -1.16017
160.5 -0.950075 -1.2159
160.6 -0.845259 -1.26611
160.7 -0.726218 -1.31008
160.8 -0.589036 -1.34692
160.9 -0.42856 -1.37546
161 -0.238242 -1.39425
161.1 -0.0104999 -1.40139
161.2 0.26149 -1.39459
161.3 0.578937 -1.37131
161.4 0.928801 -1.32928
161.5 1.27679 -1.26756
161.6 1.57589 -1.18754
161.7 1.79282 -1.09303
161.8 1.92522 -0.988804
161.9 1.99218 -0.879121
162 2.01633 -0.766991
162.1 2.01482 -0.654296
162.2 1.99845 -0.542139
162.3 1.97338 -0.431162
162.4 1.94302 -0.321745
162.5 1.90921 -0.214127
162.6 1.87292 -0.10847
162.7 1.83465 -0.00489818
162.8 1.7946 0.0964857
162.9 1.75286 0.195585
163 1.70939 0.292304
163.1 1.66408 0.386544
163.2 1.61678 0.478199
163.3 1.56728 0.56715
163.4 1.51532 0.653268
163.5 1.46056 0.736407
163.6 1.40261 0.8164
163.7 1.34095 0.893055
163.8 1.27498 0.966147
163.9 1.2039 1.03542
164 1.1267 1.10055
164.1 1.04209 1.16117
164.2 0.948382 1.21681
164.3 0.84335 1.26692
164.4 0.724035 1.31078
164.5 0.586501 1.34748
164.6 0.425572 1.37587
164.7 0.23468 1.39447
164.8 0.00623025 1.40139
164.9 -0.266555 1.39434
165 -0.584721 1.37076
165.1 -0.934903 1.32839
165.2 -1.28245 1.26633
165.3 -1.58035 1.18603
165.4 -1.79576 1.09131
165.5 -1.92685 0.986961
165.6 -1.9929 0.877215
165.7 -2.01648 0.765062
165.8 -2.01465 0.652368
165.9 -1.99808 0.540227
166 -1.97289 0.429274
166.1 -1.94247 0.319887
166.2 -1.90861 0.212301
166.3 -1.87228 0.106679
166.4 -1.83397 0.00314347
166.5 -1.7939 -0.0982021
166.6 -1.75213 -0.197262
166.7 -1.70863 -0.293939
166.8 -1.66329 -0.388136
166.9 -1.61595 -0.479745
167 -1.56641 -0.568649
167.1 -1.5144 -0.654717
167.2 -1.4596 -0.737804
167.3 -1.40158 -0.817741
167.4 -1.33986 -0.894337
167.5 -1.27381 -0.967366
167.6 -1.20263 -1.03657
167.7 -1.12531 -1.10162
167.8 -1.04057 -1.16216
167.9 -0.946686 -1.21772
168 -0.841437 -1.26773
168.1 -0.721846 -1.31147
168.2 -0.583959 -1.34804
168.3 -0.422577 -1.37628
168.4 -0.231106 -1.39469
168.5 -0.00194744 -1.4014
168.6 0.271633 -1.39408
168.7 0.590516 -1.37019
168.8 0.941005 -1.3275
168.9 1.2881 -1.2651
169 1.58478 -1.18452
169.1 1.79868 -1.08959
169.2 1.92846 -0.985117
169.3 1.9936 -0.875308
169.4 2.01662 -0.763133
169.5 2.01446 -0.650441
169.6 1.99771 -0.538316
169.7 1.97241 -0.427387
169.8 1.94191 -0.318029
169.9 1.90801 -0.210476
170 1.87164 -0.104888
170.1 1.8333 -0.00138939
170.2 1.7932 0.0999178
170.3 1.7514 0.198937
170.4 1.70787 0.295573
170.5 1.66249 0.389727
170.6 1.61512 0.48129
170.7 1.56554 0.570147
170.8 1.51349 0.656166
170.9 1.45863 0.7392
171 1.40056 0.819082
171.1 1.33877 0.895618
171.2 1.27263 0.968584
171.3 1.20136 1.03772
171.4 1.12393 1.1027
171.5 1.03904 1.16316
171.6 0.944987 1.21862
171.7 0.83952 1.26853
171.8 0.719652 1.31216
171.9 0.58141 1.3486
172 0.419572 1.37668
172.1 0.227522 1.39491
172.2 -0.00234852 1.4014
172.3 -0.276725 1.39382
172.4 -0.59632 1.36963
172.5 -0.947107 1.32659
172.6 -1.29374 1.26387
172.7 -1.58919 1.183
172.8 -1.80158 1.08787
172.9 -1.93005 0.983271
173 -1.99429 0.8734
173.1 -2.01676 0.761204
173.2 -2.01428 0.648514
173.3 -1.99733 0.536405
173.4 -1.97192 0.425501
173.5 -1.94136 0.316172
173.6 -1.9074 0.208651
173.7 -1.871 0.103098
173.8 -1.83263 -0.000364043
173.9 -1.7925 -0.101633
174 -1.75067 -0.200612
174.1 -1.70711 -0.297207
174.2 -1.6617 -0.391317
174.3 -1.61429 -0.482835
174.4 -1.56468 -0.571644
174.5 -1.51258 -0.657613
174.6 -1.45766 -0.740595
174.7 -1.39953 -0.820421
174.8 -1.33768 -0.896898
174.9 -1.27146 -0.969801
175 -1.20009 -1.03887
175.1 -1.12254 -1.10377
175.2 -1.03751 -1.16415
175.3 -0.943284 -1.21953
175.4 -0.837598 -1.26933
175.5 -0.717452 -1.31284
175.6 -0.578854 -1.34915
175.7 -0.416558 -1.37708
175.8 -0.223926 -1.39513
175.9 0.00665766 -1.40139
176 0.28183 -1.39355
176.1 0.602134 -1.36905
176.2 0.953207 -1.32568
176.3 1.29936 -1.26263
176.4 1.59357 -1.18148
176.5 1.80444 -1.08614
176.6 1.93163 -0.981424
176.7 1.99497 -0.871492
176.8 2.01689 -0.759275
176.9 2.01409 -0.646587
177 1.99696 -0.534495
177.1 1.97144 -0.423615
177.2 1.9408 -0.314315
177.3 1.9068 -0.206826
177.4 1.87036 -0.101309
177.5 1.83196 0.00211683
177.6 1.7918 0.103347
177.7 1.74994 0.202287
177.8 1.70634 0.298839
177.9 1.66091 0.392906
178 1.61346 0.484379
178.1 1.5638 0.57314
178.2 1.51166 0.65906
178.3 1.4567 0.741989
178.4 1.39851 0.821759
178.5 1.33658 0.898177
178.6 1.27028 0.971017
178.7 1.19882 1.04001
178.8 1.12115 1.10485
178.9 1.03598 1.16514
179 0.941578 1.22043
179.1 0.835672 1.27013
179.2 0.715247 1.31353
179.3 0.576292 1.3497
179.4 0.413536 1.37748
179.5 0.220319 1.39534
179.6 -0.01098 1.40138
179.7 -0.286949 1.39328
179.8 -0.607957 1.36847
179.9 -0.959306 1.32477
180 -1.30496 1.26138
180.1 -1.59793 1.17995
180.2 -1.80729 1.08442
180.3 -1.93318 0.979575
180.4 -1.99563 0.869583
180.5 -2.01701 0.757345
180.6 -2.01389 0.644661
180.7 -1.99658 0.532585
180.8 -1.97095 0.421729
180.9 -1.94024 0.312458
181 -1.90619 0.205003
181.1 -1.86972 0.0995198
181.2 -1.83128 -0.00386898
181.3 -1.7911 -0.105061
181.4 -1.74921 -0.20396
181.5 -1.70558 -0.300471
181.6 -1.66011 -0.394494
181.7 -1.61263 -0.485922
181.8 -1.56293 -0.574636
181.9 -1.51074 -0.660505
182 -1.45573 -0.743382
182.1 -1.39748 -0.823097
182.2 -1.33548 -0.899455
182.3 -1.26911 -0.972231
182.4 -1.19754 -1.04116
182.5 -1.11976 -1.10592
182.6 -1.03445 -1.16613
182.7 -0.939869 -1.22133
182.8 -0.833742 -1.27093
182.9 -0.713037 -1.31421
183 -0.573722 -1.35025
183.1 -0.410505 -1.37787
183.2 -0.216701 -1.39555
183.3 0.0153156 -1.40137
183.4 0.292082 -1.393
183.5 0.61379 -1.36789
183.6 0.965404 -1.32385
183.7 1.31055 -1.26013
183.8 1.60226 -1.17842
183.9 1.8101 -1.08269
184 1.93472 -0.977725
184.1 1.99629 -0.867674
184.2 2.01713 -0.755415
184.3 2.01369 -0.642734
184.4 1.9962 -0.530675
184.5 1.97046 -0.419844
184.6 1.93968 -0.310603
184.7 1.90559 -0.203179
184.8 1.86908 -0.0977315
184.9 1.83061 0.00562048
185 1.79039 0.106774
185.1 1.74848 0.205633
185.2 1.70482 0.302103
185.3 1.65932 0.396082
185.4 1.6118 0.487464
185.5 1.56206 0.576131
185.6 1.50983 0.66195
185.7 1.45476 0.744774
185.8 1.39645 0.824433
185.9 1.33439 0.900732
186 1.26793 0.973445
186.1 1.19626 1.0423
186.2 1.11837 1.10699
186.3 1.03291 1.16712
186.4 0.938157 1.22223
186.5 0.831808 1.27173
186.6 0.710821 1.31489
186.7 0.571146 1.3508
186.8 0.407465 1.37826
186.9 0.213072 1.39576
187 -0.0196644 1.40136
187.1 -0.297228 1.39272
187.2 -0.619632 1.3673
187.3 -0.971501 1.32292
187.4 -1.31612 1.25888
187.5 -1.60657 1.17689
187.6 -1.8129 1.08095
187.7 -1.93623 0.975874
187.8 -1.99693 0.865764
187.9 -2.01723 0.753486
188 -2.01349 0.640808
188.1 -1.99581 0.528765
188.2 -1.96997 0.417959
188.3 -1.93912 0.308747
188.4 -1.90498 0.201357
188.5 -1.86843 0.0959439
188.6 -1.82994 -0.00737134
188.7 -1.78969 -0.108486
188.8 -1.74774 -0.207306
188.9 -1.70406 -0.303733
189 -1.65852 -0.397669
189.1 -1.61097 -0.489005
189.2 -1.56119 -0.577624
189.3 -1.50891 -0.663394
189.4 -1.45379 -0.746165
189.5 -1.39542 -0.825768
189.6 -1.33329 -0.902008
189.7 -1.26675 -0.974657
189.8 -1.19499 -1.04345
189.9 -1.11697 -1.10806
190 -1.03137 -1.16811
190.1 -0.936441 -1.22312
190.2 -0.829869 -1.27252
190.3 -0.7086 -1.31557
190.4 -0.568562 -1.35135
190.5 -0.404415 -1.37865
190.6 -0.209431 -1.39596
190.7 0.0240266 -1.40133
190.8 0.302388 -1.39243
190.9 0.625484 -1.3667
191 0.977596 -1.32199
191.1 1.32167 -1.25761
191.2 1.61085 -1.17535
191.3 1.81566 -1.07922
191.4 1.93773 -0.974021
191.5 1.99756 -0.863853
191.6 2.01734 -0.751556
191.7 2.01328 -0.638882
191.8 1.99543 -0.526856
191.9 1.96948 -0.416075
192 1.93856 -0.306893
192.1 1.90437 -0.199535
192.2 1.86779 -0.0941568
192.3 1.82926 0.00912155
192.4 1.78898 0.110198
192.5 1.74701 0.208977
192.6 1.70329 0.305363
192.7 1.65772 0.399255
192.8 1.61014 0.490546
192.9 1.56032 0.579117
193 1.50799 0.664837
193.1 1.45282 0.747555
193.2 1.39439 0.827103
193.3 1.33219 0.903283
193.4 1.26556 0.975869
193.5 1.19371 1.04459
193.6 1.11558 1.10913
193.7 1.02983 1.16909
193.8 0.934721 1.22402
193.9 0.827927 1.27331
194 0.706373 1.31625
194.1 0.565972 1.35189
194.2 0.401357 1.37904
194.3 0.20578 1.39616
194.4 -0.028402 1.40131
194.5 -0.307561 1.39214
194.6 -0.631344 1.3661
194.7 -0.983688 1.32105
194.8 -1.32721 1.25635
194.9 -1.61511 1.17381
195 -1.81841 1.07748
195.1 -1.93921 0.972166
195.2 -1.99818 0.861942
195.3 -2.01743 0.749626
195.4 -2.01307 0.636956
195.5 -1.99504 0.524948
195.6 -1.96898 0.414191
195.7 -1.938 0.305038
195.8 -1.90376 0.197713
195.9 -1.86715 0.0923704
196 -1.82859 -0.0108711
196.1 -1.78828 -0.111909
196.2 -1.74628 -0.210648
196.3 -1.70253 -0.306992
196.4 -1.65693 -0.400841
196.5 -1.6093 -0.492086
196.6 -1.55944 -0.58061
196.7 -1.50707 -0.666279
196.8 -1.45185 -0.748945
196.9 -1.39336 -0.828436
197 -1.33109 -0.904557
197.1 -1.26438 -0.977079
197.2 -1.19243 -1.04573
197.3 -1.11418 -1.11019
197.4 -1.02829 -1.17008
197.5 -0.932998 -1.22491
197.6 -0.825979 -1.27411
197.7 -0.704141 -1.31692
197.8 -0.563374 -1.35243
197.9 -0.39829 -1.37942
198 -0.202116 -1.39635
198.1 0.0327908 -1.40128
198.2 0.312747 -1.39185
198.3 0.637214 -1.3655
198.4 0.989779 -1.32011
198.5 1.33273 -1.25507
198.6 1.61934 -1.17226
198.7 1.82112 -1.07574
198.8 1.94067 -0.97031
198.9 1.99879 -0.86003
199 2.01752 -0.747696
199.1 2.01286 -0.63503
199.2 1.99465 -0.523039
199.3 1.96849 -0.412308
199.4 1.93744 -0.303185
199.5 1.90316 -0.195892
199.6 1.8665 -0.0905846
199.7 1.82791 0.01262
199.8 1.78758 0.113619
199.9 1.74554 0.212318
200 1.70176 0.30862
