0 2 0
0.1 1.97179 0.685294
0.2 1.92694 1.35794
0.3 1.86694 2.01248
0.4 1.79308 2.6439
0.5 1.70645 3.24762
0.6 1.60787 3.81939
0.7 1.498 4.3552
0.8 1.3773 4.85125
0.9 1.24609 5.30385
1 1.1046 5.70944
1.1 0.953005 6.06448
1.2 0.791466 6.36554
1.3 0.620222 6.60921
1.4 0.439655 6.7922
1.5 0.250391 6.91141
1.6 0.0534071 6.964
1.7 -0.149859 6.94752
1.8 -0.357407 6.86015
1.9 -0.566612 6.70084
2 -0.77422 6.46956
2.1 -0.976445 6.16751
2.2 -1.16917 5.79725
2.3 -1.34824 5.36276
2.4 -1.50984 4.86944
2.5 -1.65078 4.32387
2.6 -1.76881 3.7336
2.7 -1.86269 3.10678
2.8 -1.93216 2.4518
2.9 -1.97781 1.777
3 -2.00084 1.0904
3.1 -2.00281 0.399532
3.2 -1.98544 -0.288627
3.3 -1.95047 -0.967714
3.4 -1.89949 -1.63194
3.5 -1.83392 -2.27603
3.6 -1.75496 -2.89517
3.7 -1.66358 -3.48492
3.8 -1.56053 -4.04113
3.9 -1.44639 -4.55988
4 -1.32156 -5.03741
4.1 -1.18633 -5.4701
4.2 -1.04088 -5.85439
4.3 -0.885395 -6.1868
4.4 -0.720057 -6.46388
4.5 -0.545158 -6.68229
4.6 -0.36117 -6.8388
4.7 -0.168856 -6.93041
4.8 0.0306303 -6.95443
4.9 0.235629 -6.90865
5 0.44389 -6.79155
5.1 0.652527 -6.60247
5.2 0.858058 -6.34188
5.3 1.05654 -6.01152
5.4 1.24381 -5.61452
5.5 1.41582 -5.15547
5.6 1.56899 -4.64026
5.7 1.7005 -4.0759
5.8 1.80851 -3.47021
5.9 1.8922 -2.83145
6 1.95168 -2.16803
6.1 1.98781 -1.48816
6.2 2.00195 -0.799659
6.3 1.99576 -0.10984
6.4 1.97097 0.574587
6.5 1.92926 1.2475
6.6 1.87216 1.90334
6.7 1.80099 2.53703
6.8 1.71686 3.14391
6.9 1.62064 3.71968
7 1.51301 4.26029
7.1 1.39448 4.76189
7.2 1.26538 5.22078
7.3 1.12596 5.63337
7.4 0.976403 5.99614
7.5 0.816879 6.30561
7.6 0.64761 6.55838
7.7 0.468953 6.75115
7.8 0.281491 6.88078
7.9 0.0861338 6.94438
8 -0.115764 6.93943
8.1 -0.322306 6.864
8.2 -0.530978 6.7169
8.3 -0.738641 6.49792
8.4 -0.941599 6.20803
8.5 -1.13579 5.84955
8.6 -1.31706 5.42622
8.7 -1.48151 4.94317
8.8 -1.62585 4.4068
8.9 -1.74767 3.82449
9 -1.84554 3.20427
9.1 -1.91905 2.55451
9.2 -1.96864 1.88354
9.3 -1.99542 1.19945
9.4 -2.00089 0.509844
9.5 -1.98675 -0.178218
9.6 -1.95473 -0.858273
9.7 -1.90646 -1.52444
9.8 -1.84337 -2.17137
9.9 -1.76671 -2.79417
10 -1.67747 -3.38835
10.1 -1.57645 -3.9497
10.2 -1.46425 -4.47427
10.3 -1.34129 -4.95829
10.4 -1.20789 -5.3981
10.5 -1.06425 -5.79014
10.6 -0.910541 -6.1309
10.7 -0.746946 -6.41696
10.8 -0.573736 -6.64493
10.9 -0.39135 -6.81158
11 -0.200495 -6.91385
11.1 -0.00225442 -6.949
11.2 0.201802 -6.91474
11.3 0.409526 -6.8094
11.4 0.61814 -6.6322
11.5 0.824258 -6.38338
11.6 1.024 -6.06448
11.7 1.21324 -5.67838
11.8 1.38787 -5.22944
11.9 1.54423 -4.72334
12 1.67936 -4.1669
12.1 1.79125 -3.56783
12.2 1.87891 -2.93435
12.3 1.94231 -2.27483
12.4 1.98219 -1.59753
12.5 1.99986 -0.910352
12.6 1.99692 -0.220684
12.7 1.97511 0.464666
12.8 1.93611 1.13948
12.9 1.88149 1.79812
13 1.81259 2.43542
13.1 1.73057 3.04668
13.2 1.63633 3.62751
13.3 1.53058 4.17386
13.4 1.41384 4.68182
13.5 1.2865 5.1477
13.6 1.1488 5.56787
13.7 1.00094 5.93881
13.8 0.843075 6.25702
13.9 0.675427 6.51911
14 0.498323 6.72175
14.1 0.312301 6.86176
14.2 0.118213 6.9362
14.3 -0.0826678 6.9425
14.4 -0.288538 6.87861
14.5 -0.496989 6.74321
14.6 -0.70498 6.53591
14.7 -0.9089 6.25748
14.8 -1.10473 5.91001
14.9 -1.28831 5.49701
15 -1.45569 5.02338
15.1 -1.60345 4.49534
15.2 -1.72902 3.92011
15.3 -1.83081 3.30565
15.4 -1.90826 2.66029
15.5 -1.96168 1.99238
15.6 -1.99207 1.31006
15.7 -2.0009 0.621017
15.8 -1.98985 -0.0675904
15.9 -1.96064 -0.749206
16 -1.91492 -1.41786
16.1 -1.85417 -2.06812
16.2 -1.77966 -2.69502
16.3 -1.69242 -3.294
16.4 -1.59329 -3.86084
16.5 -1.48288 -4.39153
16.6 -1.36167 -4.88227
16.7 -1.22997 -5.32941
16.8 -1.08799 -5.72935
16.9 -0.935924 -6.07858
17 -0.773936 -6.37367
17.1 -0.602281 -6.61122
17.2 -0.421364 -6.78797
17.3 -0.231843 -6.90083
17.4 -0.0347317 -6.94699
17.5 0.168485 -6.92407
17.6 0.375759 -6.83032
17.7 0.584414 -6.66477
17.8 0.791159 -6.42749
17.9 0.992184 -6.1198
18 1.18338 -5.74436
18.1 1.36062 -5.30528
18.2 1.52014 -4.80804
18.3 1.65885 -4.25931
18.4 1.77458 -3.66666
18.5 1.86618 -3.03824
18.6 1.93347 -2.38243
18.7 1.97709 -1.70753
18.8 1.99825 -1.02151
18.9 1.99854 -0.331829
19 1.97967 0.354593
19.1 1.94335 1.03145
19.2 1.89116 1.69301
19.3 1.8245 2.33404
19.4 1.74454 2.94976
19.5 1.65223 3.53576
19.6 1.54831 4.0879
19.7 1.43333 4.60229
19.8 1.30769 5.07518
19.9 1.17166 5.50295
20 1.02544 5.88205
20.1 0.869189 6.20899
20.2 0.703113 6.48036
20.3 0.527516 6.6928
20.4 0.342897 6.84312
20.5 0.150048 6.92834
20.6 -0.0498307 6.94579
20.7 -0.25503 6.89335
20.8 -0.463242 6.76956
20.9 -0.671527 6.57387
21 -0.876357 6.30683
21.1 -1.07377 5.97033
21.2 -1.25959 5.56764
21.3 -1.42983 5.10344
21.4 -1.58095 4.58375
21.5 -1.71023 4.01565
21.6 -1.81593 3.407
21.7 -1.89731 2.76608
21.8 -1.95456 2.10128
21.9 -1.98859 1.42078
22 -2.00079 0.732353
22.1 -1.99284 0.0432415
22.2 -1.96645 -0.639899
22.3 -1.9233 -1.311
22.4 -1.86489 -1.96456
22.5 -1.79252 -2.59553
22.6 -1.70728 -3.1993
22.7 -1.61003 -3.77159
22.8 -1.50141 -4.30836
22.9 -1.38192 -4.80579
23 -1.2519 -5.2602
23.1 -1.11158 -5.66799
23.2 -0.96113 -6.02564
23.3 -0.800733 -6.32969
23.4 -0.63062 -6.57675
23.5 -0.451166 -6.76353
23.6 -0.262981 -6.8869
23.7 -0.0670125 -6.944
23.8 0.135337 -6.93237
23.9 0.342115 -6.85015
24 0.55075 -6.69622
24.1 0.758045 -6.47047
24.2 0.960263 -6.17401
24.3 1.15332 -5.80927
24.4 1.33308 -5.38015
24.5 1.49569 -4.89188
24.6 1.63793 -4.35098
24.7 1.75748 -3.76489
24.8 1.85301 -3.14169
24.9 1.9242 -2.48975
25 1.97157 -1.8174
25.1 1.99626 -1.13266
25.2 1.9998 -0.443098
25.3 1.98391 0.244283
25.4 1.9503 0.92308
25.5 1.90058 1.58747
25.6 1.83617 2.23214
25.7 1.75829 2.85224
25.8 1.66792 3.44331
25.9 1.56583 4.00119
26 1.45261 4.52192
26.1 1.32867 5.00175
26.2 1.1943 5.43705
26.3 1.04972 5.82424
26.4 0.895075 6.15983
26.5 0.73057 6.4404
26.6 0.556485 6.66257
26.7 0.373279 6.82313
26.8 0.181691 6.91904
26.9 -0.0171521 6.9476
27 -0.22163 6.90656
27.1 -0.429537 6.79435
27.2 -0.638032 6.61026
27.3 -0.843678 6.35465
27.4 -1.04256 6.02919
27.5 -1.23054 5.6369
27.6 -1.40355 5.18226
27.7 -1.55796 4.67108
27.8 -1.69091 4.11028
27.9 -1.80049 3.50762
28 -1.88581 2.87135
28.1 -1.94691 2.20985
28.2 -1.9846 1.53135
28.3 -2.00022 0.8437
28.4 -1.9954 0.154237
28.5 -1.97187 -0.530289
28.6 -1.93132 -1.20372
28.7 -1.87528 -1.86046
28.8 -1.80509 -2.49539
28.9 -1.72187 -3.10385
29 -1.6265 -3.68149
29.1 -1.51969 -4.22426
29.2 -1.40193 -4.7283
29.3 -1.27359 -5.18989
29.4 -1.13491 -5.60544
29.5 -0.98609 -5.97142
29.6 -0.827287 -6.28436
29.7 -0.658722 -6.54084
29.8 -0.480743 -6.73757
29.9 -0.293914 -6.87137
30 -0.0991208 -6.93935
30.1 0.102315 -6.93896
30.2 0.308535 -6.86823
30.3 0.51707 -6.72591
30.4 0.72482 -6.51172
30.5 0.928128 -6.22654
30.6 1.12295 -5.87261
30.7 1.30512 -5.45355
30.8 1.47074 -4.97443
30.9 1.61645 -4.44154
31 1.73978 -3.86221
31.1 1.83924 -3.24445
31.2 1.91434 -2.59658
31.3 1.96549 -1.92697
31.4 1.99375 -1.2437
31.5 2.00059 -0.554432
31.6 1.98771 0.133748
31.7 1.95685 0.814338
31.8 1.90963 1.48142
31.9 1.84751 2.12961
32 1.77173 2.75399
32.1 1.68332 3.35004
32.2 1.58308 3.91354
32.3 1.47162 4.44053
32.4 1.34939 4.92721
32.5 1.21669 5.36994
32.6 1.07374 5.76513
32.7 0.920709 6.10929
32.8 0.757781 6.39896
32.9 0.585217 6.63079
33 0.403442 6.8015
33.1 0.213143 6.90804
33.2 0.0153758 6.94763
33.3 -0.188326 6.91796
33.4 -0.395854 6.81731
33.5 -0.604472 6.64483
33.6 -0.810833 6.40069
33.7 -1.01109 6.08633
33.8 -1.20111 5.70457
33.9 -1.37679 5.25963
34 -1.53442 4.75714
34.1 -1.671 4.20384
34.2 -1.78443 3.60739
34.3 -1.87369 2.97598
34.4 -1.93866 2.31799
34.5 -1.98005 1.64169
34.6 -1.99913 0.955006
34.7 -1.99749 0.265364
34.8 -1.97687 -0.420391
34.9 -1.93895 -1.09601
35 -1.88532 -1.75579
35.1 -1.81733 -2.39458
35.2 -1.73614 -3.00761
35.3 -1.64269 -3.59051
35.4 -1.53768 -4.13917
35.5 -1.42166 -4.64971
35.6 -1.29501 -5.1184
35.7 -1.15799 -5.54163
35.8 -1.01079 -5.91584
35.9 -0.853588 -6.23757
36 -0.68658 -6.5034
36.1 -0.510089 -6.70999
36.2 -0.324638 -6.85415
36.3 -0.131054 -6.93294
36.4 0.0694195 -6.94374
36.5 0.275018 -6.88447
36.6 0.483372 -6.75375
36.7 0.691484 -6.55113
36.8 0.895775 -6.2773
36.9 1.09225 -5.93426
37 1.27674 -5.52541
37.1 1.44527 -5.05558
37.2 1.59439 -4.5309
37.3 1.72146 -3.95854
37.4 1.82483 -3.34642
37.5 1.90386 -2.70284
37.6 1.95882 -2.03619
37.7 1.99068 -1.35459
37.8 2.00086 -0.665797
37.9 1.99105 0.0230137
38 1.96298 0.705244
38.1 1.91829 1.37488
38.2 1.85849 2.02647
38.3 1.78484 2.65501
38.4 1.69841 3.25592
38.5 1.60003 3.82495
38.6 1.49035 4.35809
38.7 1.36983 4.85153
38.8 1.23881 5.3016
38.9 1.0975 5.7047
39 0.946086 6.05733
39.1 0.784741 6.35603
39.2 0.613709 6.59742
39.3 0.433383 6.77821
39.4 0.244399 6.8953
39.5 0.0477474 6.94588
39.6 -0.155123 6.92752
39.7 -0.362202 6.83841
39.8 -0.570855 6.67754
39.9 -0.77783 6.4449
40 -0.979345 6.14173
40.1 -1.1713 5.77059
40.2 -1.34956 5.33551
40.3 -1.51033 4.84188
40.4 -1.65047 4.29628
40.5 -1.76774 3.70625
40.6 -1.86093 3.07992
40.7 -1.92979 2.42565
40.8 -1.97491 1.75176
40.9 -1.99749 1.06624
41 -1.99908 0.376593
41.1 -1.98141 -0.310227
41.2 -1.94618 -0.987877
41.3 -1.89498 -1.65058
41.4 -1.82923 -2.29309
41.5 -1.7501 -2.91058
41.6 -1.65857 -3.49863
41.7 -1.55539 -4.05308
41.8 -1.44112 -4.57004
41.9 -1.31616 -5.04573
42 -1.1808 -5.47654
42.1 -1.03523 -5.8589
42.2 -0.879633 -6.18934
42.3 -0.71419 -6.46441
42.4 -0.539201 -6.68078
42.5 -0.35515 -6.83523
42.6 -0.162807 -6.92476
42.7 0.0366593 -6.94669
42.8 0.241574 -6.89884
42.9 0.44967 -6.77972
43 0.65805 -6.58869
43.1 0.86322 -6.32626
43.2 1.06123 -5.99419
43.3 1.24794 -5.59567
43.4 1.4193 -5.13531
43.5 1.57176 -4.61902
43.6 1.70252 -4.05384
43.7 1.80978 -3.44758
43.8 1.89275 -2.80851
43.9 1.95154 -2.14502
44 1.98704 -1.4653
44.1 2.00062 -0.777164
44.2 1.99392 -0.0878931
44.3 1.96868 0.595821
44.4 1.92657 1.26788
44.5 1.86911 1.92272
44.6 1.79762 2.55531
44.7 1.71319 3.16097
44.8 1.61669 3.73543
44.9 1.5088 4.27462
45 1.39 4.77472
45.1 1.26066 5.23203
45.2 1.121 5.64296
45.3 0.971204 6.00397
45.4 0.811449 6.31161
45.5 0.641958 6.56247
45.6 0.463097 6.75326
45.7 0.275455 6.88083
45.8 0.0799558 6.94232
45.9 -0.122031 6.93523
46 -0.328592 6.85763
46.1 -0.537196 6.70837
46.2 -0.744685 6.48728
46.3 -0.947354 6.19535
46.4 -1.14113 5.83495
46.5 -1.32188 5.40986
46.6 -1.48571 4.92526
46.7 -1.62935 4.38756
46.8 -1.75043 3.80417
46.9 -1.84754 3.18313
47 -1.92031 2.53281
47.1 -1.96919 1.86153
47.2 -1.99531 1.17736
47.3 -2.00018 0.487898
47.4 -1.98549 -0.199823
47.5 -1.95298 -0.879359
47.6 -1.90426 -1.54485
47.7 -1.84077 -2.19095
47.8 -1.76374 -2.81279
47.9 -1.67415 -3.40587
48 -1.57281 -3.96602
48.1 -1.46029 -4.48929
48.2 -1.33704 -4.97189
48.3 -1.20334 -5.41018
48.4 -1.05941 -5.8006
48.5 -0.905422 -6.13965
48.6 -0.741551 -6.4239
48.7 -0.568077 -6.64996
48.8 -0.385445 -6.81462
48.9 -0.194373 -6.91482
49 0.00404247 -6.94782
49.1 0.208215 -6.91136
49.2 0.415977 -6.80381
49.3 0.624533 -6.62439
49.4 0.830478 -6.37339
49.5 1.02993 -6.05239
49.6 1.21874 -5.66432
49.7 1.39283 -5.21357
49.8 1.54855 -4.70586
49.9 1.68297 -4.14806
50 1.79411 -3.54788
50.1 1.881 -2.91354
50.2 1.94366 -2.25342
50.3 1.98284 -1.57579
50.4 1.99984 -0.888502
50.5 1.9963 -0.198946
50.6 1.97394 0.486093
50.7 1.93444 1.16042
50.8 1.87936 1.8184
50.9 1.81006 2.4549
51 1.72765 3.06521
51.1 1.63305 3.64498
51.2 1.52696 4.19013
51.3 1.4099 4.6968
51.4 1.28224 5.16126
51.5 1.14423 5.57991
51.6 0.996063 5.94922
51.7 0.837902 6.2657
51.8 0.669963 6.52596
51.9 0.492582 6.72666
52 0.306304 6.86464
52.1 0.111994 6.93698
52.2 -0.08906 6.9411
52.3 -0.295037 6.87499
52.4 -0.503509 6.73734
52.5 -0.711416 6.5278
52.6 -0.915132 6.24719
52.7 -1.11063 5.89762
52.8 -1.29375 5.48266
52.9 -1.46055 5.00726
53 -1.60764 4.47765
53.1 -1.73248 3.9011
53.2 -1.83351 3.28558
53.3 -1.9102 2.63942
53.4 -1.96288 1.97097
53.5 -1.99258 1.28835
53.6 -2.00076 0.599249
53.7 -1.98911 -0.0892049
53.8 -1.95937 -0.770474
53.9 -1.91316 -1.4386
54 -1.85197 -2.08817
54.1 -1.77704 -2.71424
54.2 -1.68943 -3.31226
54.3 -1.58993 -3.878
54.4 -1.47919 -4.40748
54.5 -1.35765 -4.89689
54.6 -1.22562 -5.34258
54.7 -1.08333 -5.74097
54.8 -0.930953 -6.08855
54.9 -0.768662 -6.38186
55 -0.596713 -6.61755
55.1 -0.415519 -6.79233
55.2 -0.225746 -6.90312
55.3 -0.0284231 -6.94714
55.4 0.17495 -6.92203
55.5 0.382306 -6.82603
55.6 0.590949 -6.65822
55.7 0.797568 -6.4187
55.8 0.998343 -6.10884
55.9 1.18915 -5.73134
56 1.36589 -5.29035
56.1 1.52479 -4.7914
56.2 1.66281 -4.24118
56.3 1.77779 -3.64729
56.4 1.86863 -3.0179
56.5 1.93516 -2.36138
56.6 1.97805 -1.68602
56.7 1.99853 -0.999782
56.8 1.99819 -0.310118
56.9 1.97875 0.376085
57 1.94191 1.05254
57.1 1.88925 1.71352
57.2 1.82216 2.35381
57.3 1.7418 2.96865
57.4 1.64912 3.55364
57.5 1.54484 4.10464
57.6 1.42952 4.61777
57.7 1.30355 5.0893
57.8 1.1672 5.51558
57.9 1.02066 5.89309
58 0.8641 6.21833
58.1 0.697722 6.48789
58.2 0.521834 6.69843
58.3 0.336944 6.84674
58.4 0.143855 6.92986
58.5 -0.0562183 6.94514
58.6 -0.261549 6.89048
58.7 -0.469809 6.76443
58.8 -0.678039 6.56647
58.9 -0.882696 6.29722
59 -1.0798 5.95858
59.1 -1.2652 5.55388
59.2 -1.43488 5.08784
59.3 -1.58535 4.56652
59.4 -1.71391 3.99702
59.5 -1.81885 3.38723
59.6 -1.89946 2.74544
59.7 -1.95596 2.08003
59.8 -1.98928 1.39917
59.9 -2.00083 0.710619
60 -1.99226 0.0216019
60.1 -1.96533 -0.661245
60.2 -1.92167 -1.33187
60.3 -1.8628 -1.98479
60.4 -1.79002 -2.61497
60.5 -1.70439 -3.21781
60.6 -1.60677 -3.78903
60.7 -1.49781 -4.32462
60.8 -1.37798 -4.82076
60.9 -1.24763 -5.27375
61 -1.10699 -5.68001
61.1 -0.956226 -6.03602
61.2 -0.79552 -6.33833
61.3 -0.625107 -6.58354
61.4 -0.445369 -6.76837
61.5 -0.256922 -6.88969
61.6 -0.0607299 -6.94466
61.7 0.141791 -6.93084
61.8 0.34867 -6.84637
61.9 0.557313 -6.69017
62 0.764507 -6.46218
62.1 0.966499 -6.16352
62.2 1.1592 -5.7967
62.3 1.33847 -5.36562
62.4 1.50049 -4.8756
62.5 1.64204 -4.33316
62.6 1.76085 -3.74578
62.7 1.85562 -3.12155
62.8 1.92605 -2.46884
62.9 1.97268 -1.79598
63 1.99668 -1.11097
63.1 1.99958 -0.421381
63.2 1.98311 0.265822
63.3 1.94897 0.944249
63.4 1.89876 1.60809
63.5 1.83391 2.25206
63.6 1.75563 2.87132
63.7 1.66488 3.4614
63.8 1.56243 4.01816
63.9 1.44887 4.53767
64 1.32459 5.01615
64.1 1.1899 5.44998
64.2 1.045 5.8356
64.3 0.890043 6.16951
64.4 0.725232 6.44829
64.5 0.550851 6.66857
64.6 0.367368 6.82714
64.7 0.175533 6.92097
64.8 -0.0235148 6.94736
64.9 -0.228138 6.90411
65 -0.436109 6.78964
65.1 -0.64457 6.60328
65.2 -0.850064 6.34545
65.3 -1.04867 6.01782
65.4 -1.23623 5.6235
65.5 -1.40871 5.16698
65.6 -1.56249 4.65413
65.7 -1.69473 4.09189
65.8 -1.80355 3.48805
65.9 -1.8881 2.85086
66 -1.94844 2.1887
66.1 -1.98542 1.50979
66.2 -2.00037 0.821977
66.3 -1.99494 0.132571
66.4 -1.97085 -0.551696
66.5 -1.92978 -1.22468
66.6 -1.87328 -1.88081
66.7 -1.80266 -2.51498
66.8 -1.71904 -3.12253
66.9 -1.62331 -3.69914
67 -1.51614 -4.24074
67.1 -1.39805 -4.7435
67.2 -1.26938 -5.2037
67.3 -1.13038 -5.61774
67.4 -0.98124 -5.9821
67.5 -0.822125 -6.29331
67.6 -0.653259 -6.54796
67.7 -0.474991 -6.74275
67.8 -0.287895 -6.87453
67.9 -0.0928705 -6.94038
68 0.108747 -6.93781
68.1 0.315081 -6.86484
68.2 0.523641 -6.72026
68.3 0.73131 -6.50381
68.4 0.934413 -6.21643
68.5 1.1289 -5.86038
68.6 1.31061 -5.43935
68.7 1.47565 -4.95843
68.8 1.62069 -4.42396
68.9 1.74328 -3.8433
69 1.84197 -3.22446
69.1 1.91631 -2.57578
69.2 1.96672 -1.90562
69.3 1.99428 -1.22205
69.4 2.00047 -0.532708
69.5 1.98701 0.155329
69.6 1.9556 0.83558
69.7 1.90789 1.50215
69.8 1.84532 2.14966
69.9 1.76913 2.77322
70 1.68034 3.3683
70.1 1.57973 3.93071
70.2 1.46793 4.45649
70.3 1.34537 4.94184
70.4 1.21234 5.38312
70.5 1.06907 5.77676
70.6 0.915728 6.11926
70.7 0.752492 6.40716
70.8 0.57963 6.63711
70.9 0.397575 6.80585
71 0.207023 6.91032
71.1 0.00904208 6.94777
71.2 -0.194815 6.91588
71.3 -0.402423 6.81298
71.4 -0.611024 6.63823
71.5 -0.817253 6.39185
71.6 -1.01725 6.07532
71.7 -1.20688 5.69149
71.8 -1.38205 5.24465
71.9 -1.53906 4.74045
72 -1.67493 4.18567
72.1 -1.78762 3.588
72.2 -1.8761 2.95562
72.3 -1.94031 2.29693
72.4 -1.98098 1.62018
72.5 -1.99938 0.933296
72.6 -1.99712 0.243675
72.7 -1.97593 -0.441852
72.8 -1.9375 -1.11705
72.9 -1.88339 -1.77626
73 -1.81497 -2.4143
73.1 -1.73338 -3.02645
73.2 -1.63955 -3.60833
73.3 -1.53419 -4.15585
73.4 -1.41783 -4.66513
73.5 -1.29085 -5.13244
73.6 -1.15351 -5.55418
73.7 -1.00599 -5.92679
73.8 -0.848476 -6.24681
73.9 -0.681164 -6.51082
74 -0.504382 -6.71549
74.1 -0.318661 -6.85764
74.2 -0.124838 -6.93433
74.3 0.0758266 -6.94295
74.4 0.281551 -6.88145
74.5 0.489947 -6.74847
74.6 0.697996 -6.54359
74.7 0.902103 -6.26754
74.8 1.09826 -5.92236
74.9 1.28231 -5.51151
75 1.45028 -5.03986
75.1 1.59874 -4.51357
75.2 1.72508 -3.93983
75.3 1.82769 -3.32659
75.4 1.90595 -2.68216
75.5 1.96017 -2.01491
75.6 1.99132 -1.33297
75.7 2.00085 -0.64407
75.8 1.99044 0.0446313
75.9 1.96182 0.726554
76 1.91663 1.39571
76.1 1.85637 2.04664
76.2 1.78231 2.67438
76.3 1.69549 3.27435
76.4 1.59675 3.84231
76.5 1.48672 4.37426
76.6 1.36587 4.86639
76.7 1.23451 5.31503
76.8 1.09288 5.71659
76.9 0.941156 6.06758
77 0.779501 6.36452
77.1 0.608169 6.60405
77.2 0.427559 6.78288
77.3 0.238317 6.89792
77.4 0.0414446 6.94636
77.5 -0.161592 6.9258
77.6 -0.368764 6.83444
77.7 -0.577417 6.6713
77.8 -0.78428 6.43642
77.9 -0.985557 6.13106
78 -1.17714 5.75784
78.1 -1.35491 5.32083
78.2 -1.51508 4.82545
78.3 -1.65452 4.27833
78.4 -1.77105 3.68704
78.5 -1.86347 3.0597
78.6 -1.93157 2.40469
78.7 -1.97596 1.73031
78.8 -1.99785 1.04454
78.9 -1.99881 0.354887
79 -1.98056 -0.331739
79.1 -1.9448 -1.009
79.2 -1.89312 -1.67115
79.3 -1.82693 -2.31294
79.4 -1.7474 -2.92957
79.5 -1.6555 -3.51662
79.6 -1.55196 -4.06996
79.7 -1.43734 -4.58566
79.8 -1.31205 -5.06
79.9 -1.17637 -5.48933
80 -1.03049 -5.87012
80.1 -0.874572 -6.19886
80.2 -0.708823 -6.47214
80.3 -0.53354 -6.68661
80.4 -0.349214 -6.83905
80.5 -0.156627 -6.92649
80.6 0.0430395 -6.94626
80.7 0.248092 -6.89619
80.8 0.456245 -6.7748
80.9 0.664579 -6.58151
81 0.869586 -6.31685
81.1 1.06731 -5.98263
81.2 1.25359 -5.58209
81.3 1.42441 -5.11987
81.4 1.57622 -4.60193
81.5 1.70626 -4.03533
81.6 1.81277 -3.42791
81.7 1.89496 -2.78794
81.8 1.95301 -2.12382
81.9 1.9878 -1.44372
82 2.00071 -0.755438
82.1 1.9934 -0.0662439
82.2 1.9676 0.617193
82.3 1.92498 1.28879
82.4 1.86706 1.94301
82.5 1.79515 2.57481
82.6 1.71033 3.17956
82.7 1.61346 3.75296
82.8 1.50522 4.29099
82.9 1.38609 4.7898
83 1.25642 5.2457
83.1 1.11643 5.65511
83.2 0.966324 6.01449
83.3 0.806258 6.32039
83.4 0.636466 6.56941
83.5 0.457318 6.75826
83.6 0.269412 6.88379
83.7 0.0736854 6.94315
83.8 -0.128478 6.93387
83.9 -0.335145 6.85403
84 -0.543765 6.70251
84.1 -0.751162 6.47916
84.2 -0.953614 6.18503
84.3 -1.14705 5.82253
84.4 -1.32731 5.39548
84.5 -1.49055 4.9091
84.6 -1.63352 4.36985
84.7 -1.75385 3.78514
84.8 -1.8502 3.16305
84.9 -1.92221 2.51194
85 -1.97036 1.84014
85.1 -1.99578 1.15569
85.2 -2 0.466179
85.3 -1.98473 -0.22138
85.4 -1.95169 -0.90056
85.5 -1.90248 -1.56551
85.6 -1.83855 -2.21092
85.7 -1.7611 -2.83193
85.8 -1.67114 -3.42404
85.9 -1.56943 -3.98308
86 -1.45657 -4.50512
86.1 -1.33299 -4.98638
86.2 -1.19897 -5.42322
86.3 -1.05472 -5.81208
86.4 -0.900411 -6.14946
86.5 -0.736233 -6.43192
86.6 -0.562462 -6.6561
86.7 -0.379552 -6.81877
86.8 -0.188229 -6.91689
86.9 0.0103941 -6.94774
87 0.214716 -6.90907
87.1 0.422549 -6.79926
87.2 0.631077 -6.61757
87.3 0.83688 -6.36434
87.4 1.03606 -6.04117
87.5 1.22447 -5.65106
87.6 1.39804 -5.19842
87.7 1.55312 -4.68902
87.8 1.68683 -4.12976
87.9 1.79721 -3.52838
88 1.88334 -2.8931
88.1 1.94525 -2.23231
88.2 1.9837 -1.55425
88.3 2.00004 -0.866784
88.4 1.99587 -0.17727
88.5 1.97294 0.507523
88.6 1.93294 1.18142
88.7 1.87739 1.8388
88.8 1.80766 2.47454
88.9 1.72485 3.08396
89 1.62988 3.6627
89.1 1.52344 4.2067
89.2 1.40604 4.71209
89.3 1.27805 5.17516
89.4 1.13972 5.59231
89.5 0.991233 5.96001
89.6 0.832761 6.27477
89.7 0.664519 6.5332
89.8 0.486848 6.73198
89.9 0.300302 6.86794
90 0.105757 6.93816
90.1 -0.0954825 6.9401
90.2 -0.301579 6.87175
90.3 -0.510083 6.73183
90.4 -0.717916 6.52004
90.5 -0.921436 6.23721
90.6 -1.11661 5.88553
90.7 -1.29927 5.46858
90.8 -1.4655 4.99137
90.9 -1.61192 4.46017
91 -1.73603 3.88227
91.1 -1.8363 3.26566
91.2 -1.91222 2.61866
91.3 -1.96416 1.94964
91.4 -1.99315 1.26671
91.5 -2.00069 0.577523
91.6 -1.98844 -0.110801
91.7 -1.95816 -0.791744
91.8 -1.91146 -1.45937
91.9 -1.84981 -2.10827
92 -1.77447 -2.73353
92.1 -1.68647 -3.33059
92.2 -1.58662 -3.89525
92.3 -1.47553 -4.42352
92.4 -1.35365 -4.91161
92.5 -1.2213 -5.35587
92.6 -1.07869 -5.75271
92.7 -0.925993 -6.09863
92.8 -0.763392 -6.39018
92.9 -0.591145 -6.624
93 -0.409669 -6.79681
93.1 -0.219641 -6.90554
93.2 -0.0221016 -6.94742
93.3 0.181432 -6.92009
93.4 0.388873 -6.82184
93.5 0.597505 -6.65176
93.6 0.804001 -6.41001
93.7 1.00453 -6.09796
93.8 1.19495 -5.71839
93.9 1.37118 -5.27549
94 1.52947 -4.77482
94.1 1.66679 -4.2231
94.2 1.78103 -3.62797
94.3 1.87109 -2.99759
94.4 1.93687 -2.34035
94.5 1.97903 -1.66454
94.6 1.99883 -0.978078
94.7 1.99786 -0.288421
94.8 1.97784 0.397568
94.9 1.94048 1.07362
95 1.88735 1.73402
95.1 1.81983 2.37358
95.2 1.73906 2.98755
95.3 1.64601 3.57153
95.4 1.54138 4.1214
95.5 1.42572 4.63328
95.6 1.29942 5.10343
95.7 1.16274 5.52823
95.8 1.01588 5.90415
95.9 0.859009 6.22769
96 0.692326 6.49544
96.1 0.516145 6.70406
96.2 0.330983 6.85037
96.3 0.137654 6.93139
96.4 -0.0626148 6.9445
96.5 -0.268076 6.8876
96.6 -0.476384 6.75929
96.7 -0.684559 6.55907
96.8 -0.88904 6.2876
96.9 -1.08584 5.94683
97 -1.2708 5.54011
97.1 -1.43993 5.07223
97.2 -1.58975 4.54928
97.3 -1.71758 3.97839
97.4 -1.82176 3.36746
97.5 -1.90161 2.72481
97.6 -1.95736 2.05879
97.7 -1.98997 1.37757
97.8 -2.00085 0.688891
97.9 -1.99169 -2.90239e-05
98 -1.9642 -0.68258
98.1 -1.92004 -1.35273
98.2 -1.86072 -2.005
98.3 -1.78752 -2.63439
98.4 -1.7015 -3.2363
98.5 -1.60351 -3.80646
98.6 -1.4942 -4.34087
98.7 -1.37404 -4.8357
98.8 -1.24336 -5.28727
98.9 -1.10239 -5.692
99 -0.951316 -6.04638
99.1 -0.7903 -6.34694
99.2 -0.619587 -6.5903
99.3 -0.439563 -6.77317
99.4 -0.250856 -6.89245
99.5 -0.0544399 -6.94529
99.6 0.148252 -6.92927
99.7 0.355228 -6.84255
99.8 0.563879 -6.68408
99.9 0.770968 -6.45384
100 0.972731 -6.15299
100.1 1.16507 -5.78408
100.2 1.34386 -5.35106
100.3 1.50527 -4.85928
100.4 1.64614 -4.3153
100.5 1.76421 -3.72664
100.6 1.85821 -3.10138
100.7 1.92788 -2.44792
100.8 1.97378 -1.77455
100.9 1.99709 -1.08929
101 1.99935 -0.399669
101.1 1.98229 0.287352
101.2 1.94762 0.965406
101.3 1.89694 1.6287
101.4 1.83165 2.27196
101.5 1.75295 2.89037
101.6 1.66183 3.47947
101.7 1.55902 4.03511
101.8 1.44511 4.55338
101.9 1.32051 5.03051
102 1.1855 5.46288
102.1 1.04027 5.84692
102.2 0.885002 6.17915
102.3 0.719884 6.45614
102.4 0.545209 6.67452
102.5 0.36145 6.8311
102.6 0.169368 6.92284
102.7 -0.0298837 6.94707
102.8 -0.234649 6.90159
102.9 -0.442683 6.78487
103 -0.651106 6.59625
103.1 -0.856445 6.33618
103.2 -1.05477 6.0064
103.3 -1.24192 5.61004
103.4 -1.41385 5.15166
103.5 -1.56699 4.63714
103.6 -1.69852 4.07347
103.7 -1.80658 3.46845
103.8 -1.89036 2.83034
103.9 -1.94996 2.16753
104 -1.98622 1.48823
104.1 -2.0005 0.800254
104.2 -1.99445 0.11091
104.3 -1.9698 -0.573092
104.4 -1.92823 -1.24563
104.5 -1.87127 -1.90114
104.6 -1.80022 -2.53454
104.7 -1.71621 -3.14118
104.8 -1.62011 -3.71675
104.9 -1.51259 -4.25719
105 -1.39415 -4.75866
105.1 -1.26515 -5.21746
105.2 -1.12584 -5.62999
105.3 -0.97638 -5.99273
105.4 -0.816955 -6.30221
105.5 -0.647786 -6.55503
105.6 -0.46923 -6.74788
105.7 -0.281869 -6.87762
105.8 -0.0866136 -6.94136
105.9 0.115184 -6.9366
106 0.321629 -6.86138
106.1 0.530213 -6.71453
106.2 0.737796 -6.49583
106.3 0.940691 -6.20625
106.4 1.13484 -5.84809
106.5 1.31608 -5.42509
106.6 1.48053 -4.94238
106.7 1.6249 -4.40634
106.8 1.74676 -3.82435
106.9 1.84468 -3.20444
107 1.91826 -2.55496
107.1 1.96793 -1.88425
107.2 1.99479 -1.20039
107.3 2.00034 -0.510985
107.4 1.98628 0.176902
107.5 1.95434 0.85681
107.6 1.90614 1.52286
107.7 1.84312 2.16969
107.8 1.76652 2.79241
107.9 1.67734 3.38653
108 1.57638 3.94785
108.1 1.46423 4.47241
108.2 1.34134 4.95643
108.3 1.20799 5.39627
108.4 1.0644 5.78835
108.5 0.910737 6.12917
108.6 0.747193 6.4153
108.7 0.574034 6.64337
108.8 0.391699 6.81013
108.9 0.200894 6.91253
109 0.0027024 6.94783
109.1 -0.201309 6.91373
109.2 -0.408993 6.80857
109.3 -0.617574 6.63156
109.4 -0.823667 6.38294
109.5 -1.0234 6.06424
109.6 -1.21263 5.67835
109.7 -1.38729 5.22962
109.8 -1.54367 4.72371
109.9 -1.67884 4.16746
110 -1.79077 3.56857
110.1 -1.87849 2.93523
110.2 -1.94195 2.27585
110.3 -1.98189 1.59867
110.4 -1.99962 0.911583
110.5 -1.99673 0.22199
110.6 -1.97497 -0.463304
110.7 -1.93602 -1.13808
110.8 -1.88145 -1.7967
110.9 -1.8126 -2.43399
111 -1.73061 -3.04525
111.1 -1.63641 -3.62611
111.2 -1.53069 -4.17249
111.3 -1.41399 -4.6805
111.4 -1.28668 -5.14644
111.5 -1.14902 -5.56668
111.6 -1.00118 -5.93769
111.7 -0.843356 -6.256
111.8 -0.67574 -6.51819
111.9 -0.498667 -6.72094
112 -0.312675 -6.86107
112.1 -0.118616 -6.93565
112.2 0.0822388 -6.94209
112.3 0.288087 -6.87835
112.4 0.496522 -6.74311
112.5 0.704504 -6.53597
112.6 0.908423 -6.25771
112.7 1.10426 -5.9104
112.8 1.28786 -5.49756
112.9 1.45527 -5.02409
113 1.60307 -4.49618
113.1 1.72868 -3.92108
113.2 1.83052 -3.30673
113.3 1.90802 -2.66145
113.4 1.96149 -1.99361
113.5 1.99194 -1.31135
113.6 2.00082 -0.622343
113.7 1.98981 0.0662422
113.8 1.96064 0.747851
113.9 1.91496 1.41651
114 1.85424 2.06679
114.1 1.77976 2.69372
114.2 1.69255 3.29275
114.3 1.59345 3.85963
114.4 1.48307 4.39038
114.5 1.36189 4.8812
114.6 1.23021 5.32841
114.7 1.08826 5.72844
114.8 0.936215 6.07777
114.9 0.774252 6.37296
115 0.602621 6.61062
115.1 0.421727 6.78749
115.2 0.232227 6.90048
115.3 0.0351357 6.94678
115.4 -0.168065 6.92401
115.5 -0.375328 6.8304
115.6 -0.583978 6.665
115.7 -0.790724 6.42787
115.8 -0.99176 6.12032
115.9 -1.18297 5.74503
116 -1.36024 5.30609
116.1 -1.5198 4.80897
116.2 -1.65855 4.26035
116.3 -1.77433 3.66779
116.4 -1.86598 3.03945
116.5 -1.93332 2.3837
116.6 -1.97699 1.70885
116.7 -1.99819 1.02285
116.8 -1.99852 0.333183
116.9 -1.97969 -0.353241
117 -1.94341 -1.03011
117.1 -1.89125 -1.6917
117.2 -1.82463 -2.33276
117.3 -1.74469 -2.94853
117.4 -1.65241 -3.53458
117.5 -1.54851 -4.08679
117.6 -1.43356 -4.60125
117.7 -1.30794 -5.07422
117.8 -1.17193 -5.50208
117.9 -1.02573 -5.88128
118 -0.869501 -6.20833
118.1 -0.703447 -6.47981
118.2 -0.52787 -6.69237
118.3 -0.34327 -6.84281
118.4 -0.150439 -6.92816
118.5 0.0494251 -6.94575
118.6 0.254614 -6.89346
118.7 0.46282 -6.76981
118.8 0.671106 -6.57426
118.9 0.875945 -6.30737
119 1.07337 -5.97101
119.1 1.25922 -5.56845
119.2 1.42949 -5.10437
119.3 1.58066 -4.58479
119.4 1.70998 -4.01678
119.5 1.81573 -3.40821
119.6 1.89716 -2.76735
119.7 1.95445 -2.1026
119.8 1.98853 -1.42213
119.9 2.00078 -0.733712
120 1.99286 -0.0446004
120.1 1.96651 0.638554
120.2 1.92339 1.30968
120.3 1.86501 1.96327
120.4 1.79267 2.59429
120.5 1.70746 3.19812
120.6 1.61022 3.77047
120.7 1.50163 4.30731
120.8 1.38217 4.80483
120.9 1.25216 5.25932
121 1.11186 5.6672
121.1 0.961434 6.02496
121.2 0.801058 6.32912
121.3 0.630965 6.57629
121.4 0.45153 6.76319
121.5 0.263362 6.88669
121.6 0.0674086 6.94392
121.7 -0.134929 6.93244
121.8 -0.3417 6.85035
121.9 -0.550333 6.69656
122 -0.757633 6.47096
122.1 -0.959865 6.17464
122.2 -1.15294 5.81004
122.3 -1.33273 5.38104
122.4 -1.49538 4.89289
122.5 -1.63766 4.35209
122.6 -1.75726 3.76608
122.7 -1.85284 3.14295
122.8 -1.92408 2.49106
122.9 -1.9715 1.81874
123 -1.99623 1.13402
123.1 -1.99981 0.444462
123.2 -1.98395 -0.242928
123.3 -1.95038 -0.921746
123.4 -1.90069 -1.58616
123.5 -1.83631 -2.23088
123.6 -1.75845 -2.85104
123.7 -1.66811 -3.44217
123.8 -1.56604 -4.00011
123.9 -1.45284 -4.52092
124 -1.32892 -5.00084
124.1 -1.19458 -5.43622
124.2 -1.05001 -5.82351
124.3 -0.89539 -6.15921
124.4 -0.730905 -6.43989
124.5 -0.556838 -6.66218
124.6 -0.37365 -6.82286
124.7 -0.182079 -6.9189
124.8 0.0167514 -6.9476
124.9 0.22122 -6.9067
125 0.429122 -6.79463
125.1 0.637619 -6.61068
125.2 0.843274 -6.35522
125.3 1.04218 -6.02989
125.4 1.23018 -5.63773
125.5 1.40322 -5.18321
125.6 1.55767 -4.67213
125.7 1.69067 -4.11143
125.8 1.8003 -3.50885
125.9 1.88566 -2.87264
126 1.94681 -2.21118
126.1 1.98455 -1.5327
126.2 2.00021 -0.845065
126.3 1.99543 -0.155599
126.4 1.97194 0.528942
126.5 1.93142 1.2024
126.6 1.87541 1.85917
126.7 1.80524 2.49416
126.8 1.72204 3.10267
126.9 1.6267 3.68038
127 1.51991 4.22322
127.1 1.40217 4.72734
127.2 1.27385 5.18902
127.3 1.1352 5.60467
127.4 0.986394 5.97075
127.5 0.827611 6.28379
127.6 0.659066 6.54039
127.7 0.481105 6.73723
127.8 0.294292 6.87117
127.9 0.0995139 6.93927
128 -0.10191 6.93903
128.1 -0.308122 6.86844
128.2 -0.516656 6.72626
128.3 -0.724411 6.51221
128.4 -0.927731 6.22717
128.5 -1.12257 5.87337
128.6 -1.30478 5.45444
128.7 -1.47043 4.97543
128.8 -1.61618 4.44264
128.9 -1.73956 3.8634
129 -1.83906 3.2457
129.1 -1.91422 2.59789
129.2 -1.96541 1.92831
129.3 -1.99371 1.24506
129.4 -2.00059 0.555798
129.5 -1.98776 -0.13239
129.6 -1.95693 -0.813001
129.7 -1.90974 -1.48012
129.8 -1.84764 -2.12835
129.9 -1.77189 -2.75278
130 -1.6835 -3.34889
130.1 -1.58329 -3.91246
130.2 -1.47185 -4.43952
130.3 -1.34964 -4.92629
130.4 -1.21696 -5.3691
130.5 -1.07403 -5.7644
130.6 -0.921022 -6.10866
130.7 -0.758113 -6.39844
130.8 -0.585568 -6.63038
130.9 -0.403811 -6.80122
131 -0.213528 -6.90789
131.1 -0.0157741 -6.94762
131.2 0.187918 -6.91809
131.3 0.39544 -6.81758
131.4 0.60406 -6.64524
131.5 0.810428 -6.40124
131.6 1.0107 -6.08702
131.7 1.20074 -5.70539
131.8 1.37646 -5.26057
131.9 1.53413 -4.75818
132 1.67075 -4.20498
132.1 1.78423 -3.60861
132.2 1.87353 -2.97726
132.3 1.93855 -2.31931
132.4 1.97999 -1.64304
132.5 1.99911 -0.956371
132.6 1.99751 -0.266728
132.7 1.97692 0.41904
132.8 1.93904 1.09468
132.9 1.88544 1.75451
133 1.81748 2.39333
133.1 1.73632 3.00642
133.2 1.64288 3.58938
133.3 1.5379 4.13812
133.4 1.4219 4.64874
133.5 1.29527 5.11752
133.6 1.15827 5.54084
133.7 1.01109 5.91515
133.8 0.853909 6.23699
133.9 0.68692 6.50293
134 0.510448 6.70964
134.1 0.325014 6.85393
134.2 0.131445 6.93285
134.3 -0.0690165 6.94378
134.4 -0.274607 6.88466
134.5 -0.482959 6.75408
134.6 -0.691074 6.5516
134.7 -0.895377 6.27791
134.8 -1.09187 5.935
134.9 -1.27639 5.52628
135 -1.44496 5.05657
135.1 -1.59412 4.53199
135.2 -1.72123 3.95972
135.3 -1.82465 3.34767
135.4 -1.90373 2.70414
135.5 -1.95873 2.03752
135.6 -1.99063 1.35595
135.7 -2.00086 0.667164
135.8 -1.99109 -0.0216536
135.9 -1.96305 -0.703903
136 -1.9184 -1.37357
136.1 -1.85862 -2.0252
136.2 -1.785 -2.65379
136.3 -1.69859 -3.25476
136.4 -1.60024 -3.82386
136.5 -1.49058 -4.35707
136.6 -1.37008 -4.8506
136.7 -1.23908 -5.30075
136.8 -1.09779 -5.70395
136.9 -0.946396 -6.05668
137 -0.78507 -6.35549
137.1 -0.614057 -6.597
137.2 -0.433749 -6.77791
137.3 -0.244782 -6.89514
137.4 -0.0481437 -6.94584
137.5 0.154716 -6.92762
137.6 0.361789 -6.83865
137.7 0.570442 -6.67793
137.8 0.777424 -6.44544
137.9 0.978954 -6.1424
138 1.17093 -5.77139
138.1 1.34922 -5.33643
138.2 1.51003 -4.84291
138.3 1.65022 -4.29741
138.4 1.76754 -3.70746
138.5 1.86077 -3.08119
138.6 1.92968 -2.42697
138.7 1.97485 -1.75311
138.8 1.99747 -1.0676
138.9 1.9991 -0.377959
139 1.98146 0.308873
139.1 1.94626 0.986548
139.2 1.8951 1.64929
139.3 1.82937 2.29184
139.4 1.75027 2.90939
139.5 1.65876 3.4975
139.6 1.5556 4.05202
139.7 1.44135 4.56905
139.8 1.31642 5.04483
139.9 1.18108 5.47573
140 1.03553 5.85819
140.1 0.879951 6.18873
140.2 0.714527 6.46392
140.3 0.539557 6.68041
140.4 0.355523 6.83499
140.5 0.163195 6.92465
140.6 -0.0362581 6.94671
140.7 -0.241164 6.89901
140.8 -0.449257 6.78002
140.9 -0.657639 6.58914
141 -0.862819 6.32685
141.1 -1.06085 5.99491
141.2 -1.24758 5.59652
141.3 -1.41898 5.13628
141.4 -1.57147 4.6201
141.5 -1.70229 4.055
141.6 -1.8096 3.44881
141.7 -1.89261 2.8098
141.8 -1.95145 2.14635
141.9 -1.98699 1.46666
142 -2.00061 0.77853
142.1 -1.99395 0.0892552
142.2 -1.96874 -0.594476
142.3 -1.92667 -1.26656
142.4 -1.86924 -1.92145
142.5 -1.79777 -2.55408
142.6 -1.71336 -3.1598
142.7 -1.61689 -3.73432
142.8 -1.50902 -4.27359
142.9 -1.39025 -4.77377
143 -1.26092 -5.23117
143.1 -1.12128 -5.64219
143.2 -0.971511 -6.00331
143.3 -0.811775 -6.31105
143.4 -0.642304 -6.56203
143.5 -0.46346 -6.75294
143.6 -0.275834 -6.88065
143.7 -0.08035 -6.94227
143.8 0.121626 -6.93531
143.9 0.32818 -6.85786
144 0.536783 -6.70874
144.1 0.744278 -6.48779
144.2 0.94696 -6.196
144.3 1.14076 -5.83573
144.4 1.32153 -5.41076
144.5 1.4854 -4.92627
144.6 1.62909 -4.38867
144.7 1.75021 -3.80536
144.8 1.84737 -3.18439
144.9 1.92019 -2.53412
145 1.96912 -1.86288
145.1 1.99528 -1.17872
145.2 2.00019 -0.489264
145.3 1.98554 0.198467
145.4 1.95306 0.878025
145.5 1.90437 1.54354
145.6 1.84091 2.18969
145.7 1.7639 2.81158
145.8 1.67434 3.40473
145.9 1.57302 3.96495
146 1.46053 4.48829
146.1 1.33729 4.97097
146.2 1.20362 5.40936
146.3 1.05971 5.79988
146.4 0.905737 6.13904
146.5 0.741885 6.42339
146.6 0.56843 6.64958
146.7 0.385815 6.81435
146.8 0.194759 6.91468
146.9 -0.0036431 6.94782
147 -0.207806 6.9115
147.1 -0.415564 6.80409
147.2 -0.624121 6.62481
147.3 -0.830075 6.37396
147.4 -1.02954 6.05309
147.5 -1.21838 5.66516
147.6 -1.39251 5.21453
147.7 -1.54826 4.70692
147.8 -1.68273 4.14921
147.9 -1.79391 3.5491
148 -1.88086 2.91482
148.1 -1.94356 2.25475
148.2 -1.98278 1.57714
148.3 -1.99983 0.889868
148.4 -1.99633 0.20031
148.5 -1.974 -0.484745
148.6 -1.93454 -1.1591
148.7 -1.87949 -1.81712
148.8 -1.81021 -2.45366
148.9 -1.72783 -3.06403
149 -1.63325 -3.64387
149.1 -1.52718 -4.18909
149.2 -1.41014 -4.69584
149.3 -1.2825 -5.16039
149.4 -1.14451 -5.57913
149.5 -0.996366 -5.94854
149.6 -0.838225 -6.26513
149.7 -0.670305 -6.5255
149.8 -0.492942 -6.72632
149.9 -0.306681 -6.86443
150 -0.112386 -6.9369
150.1 0.0886561 -6.94116
150.2 0.294626 -6.87519
150.3 0.503096 -6.73768
150.4 0.711007 -6.52829
150.5 0.914735 -6.24781
150.6 1.11025 -5.89838
150.7 1.2934 -5.48354
150.8 1.46024 -5.00826
150.9 1.60737 -4.47875
151 1.73226 -3.90229
151.1 1.83334 -3.28683
151.2 1.91007 -2.64072
151.3 1.9628 -1.97231
151.4 1.99254 -1.28971
151.5 2.00076 -0.600616
151.6 1.98916 0.0878461
151.7 1.95944 0.769135
151.8 1.91327 1.4373
151.9 1.8521 2.08691
152 1.7772 2.71303
152.1 1.68961 3.31111
152.2 1.59014 3.87691
152.3 1.47942 4.40647
152.4 1.3579 4.89596
152.5 1.22589 5.34174
152.6 1.08362 5.74023
152.7 0.931265 6.08791
152.8 0.768993 6.38134
152.9 0.597063 6.61714
153 0.415887 6.79204
153.1 0.22613 6.90297
153.2 0.0288206 6.94712
153.3 -0.174543 6.92215
153.4 -0.381893 6.82629
153.5 -0.590536 6.65862
153.6 -0.797163 6.41925
153.7 -0.997954 6.10952
153.8 -1.18879 5.73215
153.9 -1.36555 5.29129
154 -1.5245 4.79244
154.1 -1.66256 4.24231
154.2 -1.77759 3.6485
154.3 -1.86847 3.01917
154.4 -1.93505 2.3627
154.5 -1.97799 1.68737
154.6 -1.99851 1.00115
154.7 -1.99821 0.311483
154.8 -1.9788 -0.374734
154.9 -1.942 -1.05121
155 -1.88937 -1.71222
155.1 -1.82231 -2.35257
155.2 -1.74197 -2.96746
155.3 -1.64931 -3.55251
155.4 -1.54506 -4.10359
155.5 -1.42976 -4.6168
155.6 -1.30381 -5.08841
155.7 -1.16748 -5.51479
155.8 -1.02096 -5.89239
155.9 -0.86442 -6.21774
156 -0.698061 -6.48742
156.1 -0.522191 -6.69807
156.2 -0.337318 -6.84651
156.3 -0.144245 -6.92976
156.4 0.0558161 -6.94518
156.5 0.261138 -6.89066
156.6 0.469395 -6.76475
156.7 0.677629 -6.56694
156.8 0.882297 -6.29782
156.9 1.07942 -5.95932
157 1.26484 -5.55474
157.1 1.43456 -5.08882
157.2 1.58507 -4.5676
157.3 1.71368 -3.99819
157.4 1.81867 -3.38847
157.5 1.89933 -2.74674
157.6 1.95588 -2.08137
157.7 1.98924 -1.40053
157.8 2.00082 -0.711985
157.9 1.9923 -0.0229629
158 1.9654 0.659902
158.1 1.92177 1.33056
158.2 1.86294 1.98351
158.3 1.79018 2.61375
158.4 1.70457 3.21664
158.5 1.60697 3.78794
158.6 1.49803 4.3236
158.7 1.37823 4.81981
158.8 1.2479 5.27289
158.9 1.10728 5.67925
159 0.956535 6.03537
159.1 0.795848 6.33779
159.2 0.625454 6.58311
159.3 0.445734 6.76806
159.4 0.257303 6.88951
159.5 0.0611253 6.94462
159.6 -0.141385 6.93094
159.7 -0.348257 6.84661
159.8 -0.5569 6.69055
159.9 -0.7641 6.4627
160 -0.966107 6.16418
160.1 -1.15883 5.79749
160.2 -1.33813 5.36653
160.3 -1.50018 4.87662
160.4 -1.64179 4.33428
160.5 -1.76064 3.74698
160.6 -1.85545 3.12281
160.7 -1.92593 2.47016
160.8 -1.97261 1.79732
160.9 -1.99665 1.11234
161 -1.9996 0.422747
161.1 -1.98316 -0.264467
161.2 -1.94905 -0.942918
161.3 -1.89888 -1.60679
161.4 -1.83406 -2.25081
161.5 -1.75579 -2.87012
161.6 -1.66507 -3.46027
161.7 -1.56265 -4.0171
161.8 -1.4491 -4.53668
161.9 -1.32485 -5.01525
162 -1.19018 -5.44917
162.1 -1.04529 -5.83489
162.2 -0.89036 -6.16891
162.3 -0.725568 -6.44779
162.4 -0.551206 -6.6682
162.5 -0.367741 -6.82689
162.6 -0.175921 -6.92085
162.7 0.0231144 -6.94738
162.8 0.227728 -6.90426
162.9 0.435695 -6.78994
163 0.644158 -6.60372
163.1 0.849662 -6.34603
163.2 1.04828 -6.01854
163.3 1.23588 -5.62434
163.4 1.40838 -5.16795
163.5 1.5622 -4.65519
163.6 1.69449 -4.09305
163.7 1.80336 -3.48928
163.8 1.88795 -2.85215
163.9 1.94835 -2.19003
164 1.98537 -1.51115
164.1 2.00036 -0.823344
164.2 1.99496 -0.133934
164.3 1.97091 0.55035
164.4 1.92988 1.22337
164.5 1.87341 1.87953
164.6 1.80282 2.51375
164.7 1.71922 3.12136
164.8 1.62351 3.69803
164.9 1.51637 4.23971
165 1.39829 4.74254
165.1 1.26964 5.20283
165.2 1.13067 5.61697
165.3 0.981545 5.98143
165.4 0.82245 6.29275
165.5 0.653603 6.54752
165.6 0.475353 6.74243
165.7 0.288274 6.87433
165.8 0.0932639 6.94032
165.9 -0.108342 6.93789
166 -0.314669 6.86506
166.1 -0.523228 6.72061
166.2 -0.730902 6.50431
166.3 -0.934018 6.21707
166.4 -1.12852 5.86115
166.5 -1.31026 5.44024
166.6 -1.47534 4.95944
166.7 -1.62042 4.42507
166.8 -1.74306 3.84449
166.9 -1.8418 3.22571
167 -1.91619 2.57709
167.1 -1.96665 1.90696
167.2 -1.99425 1.22341
167.3 -2.00048 0.534074
167.4 -1.98705 -0.153971
167.5 -1.95568 -0.834244
167.6 -1.908 -1.50084
167.7 -1.84546 -2.1484
167.8 -1.76929 -2.77201
167.9 -1.68052 -3.36715
168 -1.57995 -3.92963
168.1 -1.46816 -4.45548
168.2 -1.34562 -4.94092
168.3 -1.21262 -5.3823
168.4 -1.06937 -5.77603
168.5 -0.916042 -6.11863
168.6 -0.752825 -6.40665
168.7 -0.579982 -6.63671
168.8 -0.397944 -6.80558
168.9 -0.207408 -6.91018
169 -0.00944069 -6.94776
169.1 0.194407 -6.91601
169.2 0.402009 -6.81325
169.3 0.610612 -6.63864
169.4 0.816849 -6.39241
169.5 1.01686 -6.07601
169.6 1.20651 -5.69232
169.7 1.38172 -5.2456
169.8 1.53877 -4.7415
169.9 1.67468 -4.18682
170 1.78742 -3.58922
170.1 1.87595 -2.9569
170.2 1.94021 -2.29825
170.3 1.98092 -1.62154
170.4 1.99937 -0.934661
170.5 1.99714 -0.245039
170.6 1.97599 0.440503
170.7 1.93759 1.11573
170.8 1.88351 1.77497
170.9 1.81512 2.41306
171 1.73356 3.02526
171.1 1.63975 3.60721
171.2 1.53441 4.1548
171.3 1.41807 4.66416
171.4 1.29111 5.13156
171.5 1.15379 5.55339
171.6 1.0063 5.92611
171.7 0.848798 6.24624
171.8 0.681505 6.51036
171.9 0.504742 6.71515
172 0.319037 6.85743
172.1 0.125229 6.93424
172.2 -0.0754234 6.943
172.3 -0.28114 6.88164
172.4 -0.489533 6.7488
172.5 -0.697586 6.54407
172.6 -0.901705 6.26816
172.7 -1.09788 5.92311
172.8 -1.28196 5.51239
172.9 -1.44997 5.04085
173 -1.59847 4.51466
173.1 -1.72485 3.94101
173.2 -1.82751 3.32784
173.3 -1.90582 2.68346
173.4 -1.96008 2.01625
173.5 -1.99128 1.33433
173.6 -2.00085 0.645437
173.7 -1.99048 -0.0432716
173.8 -1.96189 -0.725214
173.9 -1.91674 -1.3944
174 -1.85651 -2.04537
174.1 -1.78247 -2.67316
174.2 -1.69567 -3.27319
174.3 -1.59695 -3.84122
174.4 -1.48695 -4.37324
174.5 -1.36611 -4.86545
174.6 -1.23478 -5.31418
174.7 -1.09318 -5.71585
174.8 -0.941466 -6.06693
174.9 -0.779831 -6.36399
175 -0.608518 -6.60364
175.1 -0.427926 -6.78259
175.2 -0.2387 -6.89776
175.3 -0.0418413 -6.94633
175.4 0.161185 -6.92591
175.5 0.368351 -6.83469
175.6 0.577005 -6.6717
175.7 0.783874 -6.43696
175.8 0.985167 -6.13173
175.9 1.17677 -5.75865
176 1.35457 -5.32175
176.1 1.51478 -4.82648
176.2 1.65427 -4.27947
176.3 1.77084 -3.68825
176.4 1.86331 -3.06097
176.5 1.93146 -2.40601
176.6 1.9759 -1.73166
176.7 1.99783 -1.04591
176.8 1.99883 -0.356252
176.9 1.98061 0.330386
177 1.94489 1.00767
177.1 1.89324 1.66986
177.2 1.82708 2.31169
177.3 1.74757 2.92838
177.4 1.65569 3.51549
177.5 1.55217 4.0689
177.6 1.43758 4.58468
177.7 1.31231 5.0591
177.8 1.17665 5.48853
177.9 1.03079 5.86941
178 0.874891 6.19826
178.1 0.709161 6.47165
178.2 0.533897 6.68624
178.3 0.349588 6.83882
178.4 0.157016 6.92638
178.5 -0.042638 6.94629
178.6 -0.247682 6.89636
178.7 -0.455831 6.77511
178.8 -0.664169 6.58196
178.9 -0.869186 6.31744
179 -1.06693 5.98336
179.1 -1.25323 5.58295
179.2 -1.42409 5.12084
179.3 -1.57594 4.60301
179.4 -1.70603 4.03649
179.5 -1.81258 3.42915
179.6 -1.89483 2.78924
179.7 -1.95292 2.12515
179.8 -1.98775 1.44507
179.9 -2.0007 0.756805
180 -1.99343 0.0676056
180.1 -1.96767 -0.615849
180.2 -1.92508 -1.28747
180.3 -1.86719 -1.94174
180.4 -1.79531 -2.57359
180.5 -1.71051 -3.17839
180.6 -1.61367 -3.75186
180.7 -1.50545 -4.28996
180.8 -1.38634 -4.78885
180.9 -1.25668 -5.24484
181 -1.11672 -5.65434
181.1 -0.966631 -6.01383
181.2 -0.806585 -6.31984
181.3 -0.636812 -6.56898
181.4 -0.457682 -6.75794
181.5 -0.269792 -6.88361
181.6 -0.07408 -6.9431
181.7 0.128072 -6.93396
181.8 0.334733 -6.85426
181.9 0.543352 -6.70288
182 0.750755 -6.47967
182.1 0.95322 -6.18568
182.2 1.14667 -5.82331
182.3 1.32697 -5.39638
182.4 1.49025 -4.91012
182.5 1.63326 -4.37096
182.6 1.75364 -3.78634
182.7 1.85004 -3.16432
182.8 1.92209 -2.51326
182.9 1.97028 -1.84149
183 1.99575 -1.15706
183.1 2.00001 -0.467545
183.2 1.98478 0.220024
183.3 1.95177 0.899226
183.4 1.90259 1.56421
183.5 1.83869 2.20967
183.6 1.76127 2.83072
183.7 1.67133 3.4229
183.8 1.56964 3.98201
183.9 1.45681 4.50413
184 1.33324 4.98547
184.1 1.19924 5.42241
184.2 1.05501 5.81136
184.3 0.900726 6.14884
184.4 0.736568 6.43142
184.5 0.562815 6.65572
184.6 0.379923 6.81851
184.7 0.188616 6.91676
184.8 -0.00999437 6.94775
184.9 -0.214307 6.90921
185 -0.422136 6.79954
185.1 -0.630666 6.618
185.2 -0.836477 6.36491
185.3 -1.03567 6.04188
185.4 -1.22411 5.65189
185.5 -1.39771 5.19938
185.6 -1.55284 4.69008
185.7 -1.68659 4.13092
185.8 -1.79702 3.52961
185.9 -1.8832 2.89439
186 -1.94515 2.23364
186.1 -1.98365 1.5556
186.2 -2.00002 0.868151
186.3 -1.9959 0.178634
186.4 -1.97301 -0.506175
186.5 -1.93303 -1.1801
186.6 -1.87752 -1.83752
186.7 -1.80781 -2.47331
186.8 -1.72503 -3.08278
186.9 -1.63008 -3.66158
187 -1.52366 -4.20566
187.1 -1.40628 -4.71113
187.2 -1.27831 -5.17429
187.3 -1.14 -5.59153
187.4 -0.991537 -5.95933
187.5 -0.833085 -6.27421
187.6 -0.664862 -6.53275
187.7 -0.487209 -6.73164
187.8 -0.30068 -6.86773
187.9 -0.10615 -6.93809
188 0.0950783 -6.94017
188.1 0.301167 -6.87195
188.2 0.509669 -6.73218
188.3 0.717507 -6.52053
188.4 0.921039 -6.23784
188.5 1.11623 -5.88629
188.6 1.29892 -5.46947
188.7 1.46519 -4.99237
188.8 1.61166 -4.46127
188.9 1.73581 -3.88346
189 1.83612 -3.26691
189.1 1.91209 -2.61997
189.2 1.96408 -1.95099
189.3 1.99312 -1.26807
189.4 2.00069 -0.57889
189.5 1.98849 0.109443
189.6 1.95823 0.790406
189.7 1.91156 1.45806
189.8 1.84995 2.10701
189.9 1.77463 2.73231
190 1.68666 3.32944
190.1 1.58682 3.89416
190.2 1.47576 4.42251
190.3 1.3539 4.91069
190.4 1.22157 5.35503
190.5 1.07898 5.75197
190.6 0.926305 6.098
190.7 0.763724 6.38966
190.8 0.591495 6.62359
190.9 0.410037 6.79653
191 0.220025 6.90539
191.1 0.0224995 6.9474
191.2 -0.181024 6.92021
191.3 -0.388459 6.8221
191.4 -0.597093 6.65217
191.5 -0.803597 6.41056
191.6 -1.00414 6.09865
191.7 -1.19459 5.71921
191.8 -1.37085 5.27643
191.9 -1.52918 4.77586
192 -1.66654 4.22424
192.1 -1.78082 3.62918
192.2 -1.87094 2.99887
192.3 -1.93676 2.34168
192.4 -1.97897 1.66589
192.5 -1.99881 0.979443
192.6 -1.99788 0.289786
192.7 -1.9779 -0.396217
192.8 -1.94057 -1.07229
192.9 -1.88747 -1.73273
193 -1.81997 -2.37234
193.1 -1.73924 -2.98636
193.2 -1.6462 -3.5704
193.3 -1.54159 -4.12035
193.4 -1.42596 -4.6323
193.5 -1.29968 -5.10254
193.6 -1.16302 -5.52744
193.7 -1.01618 -5.90345
193.8 -0.85933 -6.2271
193.9 -0.692665 -6.49497
194 -0.516503 -6.70371
194.1 -0.331358 -6.85014
194.2 -0.138044 -6.93129
194.3 0.0622123 -6.94454
194.4 0.267665 -6.88779
194.5 0.47597 -6.75961
194.6 0.684149 -6.55954
194.7 0.888641 -6.28821
194.8 1.08546 -5.94757
194.9 1.27045 -5.54098
195 1.43961 -5.07322
195.1 1.58947 -4.55036
195.2 1.71735 -3.97956
195.3 1.82158 -3.36871
195.4 1.90147 -2.7261
195.5 1.95727 -2.06012
195.6 1.98993 -1.37892
195.7 2.00085 -0.690258
195.8 1.99172 -0.00133153
195.9 1.96427 0.681238
196 1.92015 1.35142
196.1 1.86085 2.00373
196.2 1.78767 2.63317
196.3 1.70168 3.23514
196.4 1.60371 3.80537
196.5 1.49443 4.33985
196.6 1.37429 4.83476
196.7 1.24363 5.28642
196.8 1.10268 5.69125
196.9 0.951625 6.04573
197 0.790629 6.3464
197.1 0.619935 6.58988
197.2 0.439928 6.77287
197.3 0.251238 6.89227
197.4 0.0548358 6.94525
197.5 -0.147845 6.92937
197.6 -0.354816 6.84279
197.7 -0.563466 6.68447
197.8 -0.770562 6.45437
197.9 -0.972339 6.15366
198 -1.1647 5.78487
198.1 -1.34352 5.35197
198.2 -1.50497 4.86031
198.3 -1.64589 4.31643
198.4 -1.76399 3.72784
198.5 -1.85804 3.10265
198.6 -1.92776 2.44923
198.7 -1.97371 1.7759
198.8 -1.99706 1.09065
198.9 -1.99937 0.401034
199 -1.98234 -0.285998
199.1 -1.94771 -0.964075
199.2 -1.89705 -1.6274
199.3 -1.83179 -2.27071
199.4 -1.75312 -2.88917
199.5 -1.66202 -3.47833
199.6 -1.55924 -4.03405
199.7 -1.44535 -4.55239
199.8 -1.32077 -5.02961
199.9 -1.18577 -5.46207
200 -1.04057 -5.84621
