0 2 0
0.1 1.88613 0.0918944
0.2 1.80539 0.17928
0.3 1.74097 0.263271
0.4 1.68486 0.344429
0.5 1.63281 0.423036
0.6 1.58241 0.499223
0.7 1.53213 0.57303
0.8 1.48094 0.644435
0.9 1.42801 0.713376
1 1.37266 0.779754
1.1 1.31417 0.843436
1.2 1.25177 0.904258
1.3 1.18458 0.962012
1.4 1.11146 1.01645
1.5 1.03099 1.06725
1.6 0.941285 1.11403
1.7 0.839801 1.15628
1.8 0.723066 1.19339
1.9 0.58628 1.22451
2 0.422827 1.24854
2.1 0.223846 1.26402
2.2 -0.0215246 1.26902
2.3 -0.323434 1.26109
2.4 -0.682693 1.23745
2.5 -1.07498 1.19583
2.6 -1.44291 1.13593
2.7 -1.72443 1.06045
2.8 -1.89811 0.974187
2.9 -1.98497 0.881879
3 -2.01732 0.786869
3.1 -2.01953 0.691118
3.2 -2.00586 0.595682
3.3 -1.98379 0.501115
3.4 -1.95711 0.407714
3.5 -1.92767 0.315648
3.6 -1.89638 0.225024
3.7 -1.86366 0.135918
3.8 -1.8297 0.0483927
3.9 -1.79456 -0.0374953
4 -1.75821 -0.121689
4.1 -1.72059 -0.204131
4.2 -1.6816 -0.284758
4.3 -1.64111 -0.363501
4.4 -1.59896 -0.440287
4.5 -1.55495 -0.515032
4.6 -1.50886 -0.587643
4.7 -1.46039 -0.658015
4.8 -1.40921 -0.726026
4.9 -1.35488 -0.79154
5 -1.29688 -0.854393
5.1 -1.23453 -0.914398
5.2 -1.16699 -0.971329
5.3 -1.09312 -1.02491
5.4 -1.01147 -1.07482
5.5 -0.92007 -1.12063
5.6 -0.81624 -1.16183
5.7 -0.696301 -1.19775
5.8 -0.555157 -1.2275
5.9 -0.385798 -1.24993
6 -0.178936 -1.26348
6.1 0.0764581 -1.26612
6.2 0.389607 -1.25531
6.3 0.757779 -1.2283
6.4 1.15012 -1.18308
6.5 1.50495 -1.11988
6.6 1.76537 -1.04194
6.7 1.91975 -0.954221
6.8 1.99369 -0.861221
6.9 2.0187 -0.765989
7 2.01702 -0.670276
7.1 2.00131 -0.575013
7.2 1.97814 -0.480691
7.3 1.95082 -0.387574
7.4 1.92096 -0.295817
7.5 1.88935 -0.205519
7.6 1.85636 -0.116753
7.7 1.82215 -0.0295795
7.8 1.78676 0.0559447
7.9 1.75014 0.139763
8 1.71223 0.221815
8.1 1.67293 0.302038
8.2 1.63209 0.380363
8.3 1.58956 0.456712
8.4 1.54512 0.531002
8.5 1.49853 0.603136
8.6 1.44951 0.673005
8.7 1.39768 0.740486
8.8 1.3426 0.805435
8.9 1.28372 0.867687
9 1.22033 0.927044
9.1 1.15151 0.983272
9.2 1.07609 1.03609
9.3 0.992513 1.08514
9.4 0.898665 1.13
9.5 0.791688 1.17012
9.6 0.667631 1.20478
9.7 0.521025 1.23305
9.8 0.344384 1.25369
9.9 0.127935 1.26506
10 -0.139429 1.26501
10.1 -0.465484 1.25091
10.2 -0.842777 1.22006
10.3 -1.23286 1.1708
10.4 -1.57081 1.10403
10.5 -1.80741 1.02353
10.6 -1.94149 0.934324
10.7 -2.00235 0.840631
10.8 -2.02005 0.745182
10.9 -2.0145 0.649507
11 -1.99675 0.554417
11.1 -1.97248 0.460339
11.2 -1.9445 0.367508
11.3 -1.91422 0.276061
11.4 -1.88229 0.18609
11.5 -1.84903 0.0976653
11.6 -1.81456 0.0108454
11.7 -1.7789 -0.0743127
11.8 -1.74201 -0.157752
11.9 -1.70381 -0.239412
12 -1.66419 -0.319229
12.1 -1.623 -0.397131
12.2 -1.58007 -0.47304
12.3 -1.53518 -0.54687
12.4 -1.48809 -0.618521
12.5 -1.43849 -0.687882
12.6 -1.386 -0.754826
12.7 -1.33015 -0.819204
12.8 -1.27035 -0.880844
12.9 -1.20586 -0.939542
13 -1.13573 -0.995055
13.1 -1.05868 -1.04709
13.2 -0.97307 -1.09527
13.3 -0.876644 -1.13915
13.4 -0.766334 -1.17814
13.5 -0.637903 -1.2115
13.6 -0.485483 -1.23823
13.7 -0.301095 -1.25702
13.8 -0.074518 -1.26611
13.9 0.205226 -1.26324
14 0.543907 -1.24571
14.1 0.928507 -1.21093
14.2 1.31307 -1.15768
14.3 1.63167 -1.08753
14.4 1.84449 -1.00471
14.5 1.95979 -0.914221
14.6 2.00901 -0.819964
14.7 2.02033 -0.724367
14.8 2.01142 -0.628767
14.9 1.9919 -0.533869
15 1.96665 -0.440047
15.1 1.93809 -0.347507
15.2 1.9074 -0.256374
15.3 1.87516 -0.166734
15.4 1.84164 -0.0786533
15.5 1.80691 0.00781008
15.6 1.77099 0.0925995
15.7 1.73382 0.175657
15.8 1.69533 0.256922
15.9 1.65537 0.336329
16 1.61382 0.413805
16.1 1.57048 0.48927
16.2 1.52514 0.562635
16.3 1.47754 0.633798
16.4 1.42734 0.702645
16.5 1.37416 0.769044
16.6 1.31751 0.832843
16.7 1.25676 0.893862
16.8 1.19114 0.95189
16.9 1.11962 1.00667
17 1.04087 1.0579
17.1 0.953119 1.10519
17.2 0.85397 1.14806
17.3 0.740131 1.18591
17.4 0.60705 1.21792
17.5 0.448439 1.24304
17.6 0.255817 1.25989
17.7 0.0185736 1.26659
17.8 -0.273876 1.26077
17.9 -0.624639 1.23969
18 -1.01434 1.20092
18.1 -1.39005 1.14376
18.2 -1.68731 1.07042
18.3 -1.87688 0.985535
18.4 -1.97498 0.893946
18.5 -2.01393 0.799237
18.6 -2.01968 0.703553
18.7 -2.00786 0.608061
18.8 -1.98679 0.513373
18.9 -1.96067 0.419816
19 -1.93157 0.327573
19.1 -1.90051 0.236758
19.2 -1.86798 0.147452
19.3 -1.83419 0.0597178
19.4 -1.7992 -0.0263865
19.5 -1.76302 -0.110804
19.6 -1.72557 -0.193478
19.7 -1.68677 -0.274345
19.8 -1.64648 -0.353338
19.9 -1.60456 -0.430384
20 -1.5608 -0.5054
20.1 -1.515 -0.578296
20.2 -1.46686 -0.648966
20.3 -1.41605 -0.717292
20.4 -1.36216 -0.78314
20.5 -1.30468 -0.846351
20.6 -1.24294 -0.906739
20.7 -1.17613 -0.964085
20.8 -1.10316 -1.01812
20.9 -1.02263 -1.06853
21 -0.932633 -1.11491
21.1 -0.830608 -1.15674
21.2 -0.713024 -1.19339
21.3 -0.574998 -1.22401
21.4 -0.409797 -1.24747
21.5 -0.208433 -1.26228
21.6 0.0400031 -1.26648
21.7 0.345366 -1.25758
21.8 0.707354 -1.23283
21.9 1.09957 -1.19003
22 1.46316 -1.12905
22.1 1.73767 -1.05277
22.2 1.90489 -0.966047
22.3 1.98742 -0.87353
22.4 2.01732 -0.778467
22.5 2.01823 -0.682751
22.6 2.00388 -0.587395
22.7 1.98145 -0.492931
22.8 1.95455 -0.399647
22.9 1.92496 -0.307706
23 1.89356 -0.217214
23.1 1.86074 -0.128244
23.2 1.82668 -0.0408593
23.3 1.79144 0.0448832
23.4 1.75499 0.128927
23.5 1.71726 0.211213
23.6 1.67814 0.291679
23.7 1.63751 0.370255
23.8 1.59521 0.446867
23.9 1.55103 0.521431
24 1.50474 0.593851
24.1 1.45605 0.664023
24.2 1.40461 0.731823
24.3 1.34999 0.797111
24.4 1.29164 0.859726
24.5 1.22888 0.919473
24.6 1.16083 0.976124
24.7 1.08636 1.0294
24.8 1.00395 1.07897
24.9 0.911582 1.12441
25 0.806515 1.16518
25.1 0.684959 1.20059
25.2 0.541671 1.22976
25.3 0.369455 1.25148
25.4 0.158824 1.26417
25.5 -0.101303 1.26575
25.6 -0.419632 1.25364
25.7 -0.791644 1.22511
25.8 -1.18347 1.17827
25.9 -1.53187 1.11362
26 -1.78279 1.03463
26.1 -1.92888 0.946291
26.2 -1.99741 0.852998
26.3 -2.01938 0.75767
26.4 -2.01609 0.661968
26.5 -1.99952 0.566771
26.6 -1.9759 0.472545
26.7 -1.9483 0.379542
26.8 -1.91827 0.287909
26.9 -1.88653 0.197741
27 -1.85344 0.109111
27.1 -1.81912 0.0220784
27.2 -1.78362 -0.0632997
27.3 -1.7469 -0.146967
27.4 -1.70888 -0.228862
27.5 -1.66944 -0.308923
27.6 -1.62847 -0.38708
27.7 -1.58577 -0.463254
27.8 -1.54116 -0.53736
27.9 -1.49437 -0.609301
28 -1.44512 -0.678968
28.1 -1.39303 -0.746235
28.2 -1.33765 -0.810957
28.3 -1.2784 -0.872965
28.4 -1.21457 -0.93206
28.5 -1.14524 -0.988004
28.6 -1.06918 -1.04051
28.7 -0.984797 -1.08922
28.8 -0.889935 -1.13369
28.9 -0.781648 -1.17336
29 -0.655873 -1.2075
29.1 -0.506986 -1.23516
29.2 -0.327304 -1.25507
29.3 -0.10687 -1.26554
29.4 0.165399 -1.26438
29.5 0.496551 -1.24893
29.6 0.877006 -1.21652
29.7 1.26528 -1.16565
29.8 1.59576 -1.0975
29.9 1.82282 -1.01605
30 1.9492 -0.926308
30.1 2.00524 -0.832375
30.2 2.02028 -0.736858
30.3 2.01333 -0.641209
30.4 1.99485 -0.546194
30.5 1.97017 -0.452217
30.6 1.94195 -0.359502
30.7 1.9115 -0.26818
30.8 1.87945 -0.178341
30.9 1.84608 -0.0900534
31 1.81151 -0.00337574
31.1 1.77575 0.0816353
31.2 1.73875 0.164922
31.3 1.70043 0.246425
31.4 1.66067 0.326078
31.5 1.61934 0.40381
31.6 1.57624 0.479542
31.7 1.53118 0.553186
31.8 1.48389 0.624643
31.9 1.43405 0.693799
32 1.38129 0.760526
32.1 1.32512 0.824674
32.2 1.26494 0.886067
32.3 1.20001 0.944499
32.4 1.12932 0.999721
32.5 1.05161 1.05143
32.6 0.965154 1.09926
32.7 0.867657 1.14274
32.8 0.755961 1.18128
32.9 0.625704 1.21411
33 0.470855 1.2402
33.1 0.283234 1.25822
33.2 0.0524555 1.26637
33.3 -0.232336 1.26234
33.4 -0.575931 1.2434
33.5 -0.962855 1.20704
33.6 -1.34428 1.15221
33.7 -1.65455 1.08076
33.8 -1.85799 0.997084
33.9 -1.96622 0.906132
34 -2.01118 0.811681
34.1 -2.02017 0.716043
34.2 -2.01005 0.620483
34.3 -1.98989 0.525667
34.4 -1.96427 0.431949
34.5 -1.93549 0.339527
34.6 -1.90465 0.248522
34.7 -1.8723 0.159015
34.8 -1.83866 0.0710719
34.9 -1.80384 -0.0152482
35 -1.76781 -0.0998894
35.1 -1.73053 -0.182794
35.2 -1.69191 -0.2639
35.3 -1.65183 -0.343142
35.4 -1.61013 -0.420446
35.5 -1.56662 -0.495732
35.6 -1.5211 -0.56891
35.7 -1.47328 -0.639877
35.8 -1.42284 -0.708516
35.9 -1.36938 -0.774696
36 -1.3124 -0.83826
36.1 -1.25126 -0.899029
36.2 -1.18517 -0.956786
36.3 -1.11308 -1.01127
36.4 -1.03363 -1.06217
36.5 -0.944993 -1.1091
36.6 -0.844713 -1.15156
36.7 -0.729402 -1.18893
36.8 -0.59438 -1.22039
36.9 -0.433184 -1.24486
37 -0.237128 -1.2609
37.1 0.00452959 -1.26662
37.2 0.302126 -1.25958
37.3 0.657499 -1.23705
37.4 1.04853 -1.19667
37.5 1.41978 -1.13797
37.6 1.70809 -1.06343
37.7 1.88859 -0.977777
37.8 1.98027 -0.885797
37.9 2.01546 -0.790935
38 2.01919 -0.695233
38.1 2.00632 -0.599792
38.2 1.98468 -0.505192
38.3 1.95824 -0.411743
38.4 1.92894 -0.31962
38.5 1.89774 -0.228934
38.6 1.86509 -0.139762
38.7 1.83119 -0.0521671
38.8 1.79611 0.0337928
38.9 1.75982 0.118061
39 1.72225 0.20058
39.1 1.68333 0.281287
39.2 1.6429 0.360114
39.3 1.60083 0.436987
39.4 1.55691 0.511823
39.5 1.51091 0.584529
39.6 1.46255 0.655
39.7 1.4115 0.723117
39.8 1.35732 0.788742
39.9 1.29949 0.851715
40 1.23735 0.911849
40.1 1.17005 0.968918
40.2 1.09649 1.02266
40.3 1.01521 1.07273
40.4 0.924285 1.11873
40.5 0.821063 1.16015
40.6 0.701919 1.19631
40.7 0.561828 1.22635
40.8 0.393874 1.24912
40.9 0.188868 1.2631
41 -0.0641854 1.26626
41.1 -0.374737 1.2561
41.2 -0.740899 1.22985
41.3 -1.13332 1.18543
41.4 -1.49119 1.12297
41.5 -1.75634 1.04558
41.6 -1.91495 0.958177
41.7 -1.99169 0.865331
41.8 -2.01829 0.770153
41.9 -2.01745 0.674437
42 -2.00218 0.579142
42.1 -1.97925 0.484772
42.2 -1.95207 0.391599
42.3 -1.9223 0.299781
42.4 -1.89075 0.209418
42.5 -1.85783 0.120584
42.6 -1.82367 0.0333396
42.7 -1.78832 -0.0522575
42.8 -1.75176 -0.136151
42.9 -1.71391 -0.218281
43 -1.67467 -0.298586
43.1 -1.6339 -0.376994
43.2 -1.59145 -0.453432
43.3 -1.54709 -0.527813
43.4 -1.50061 -0.600042
43.5 -1.4517 -0.670013
43.6 -1.4 -0.7376
43.7 -1.34508 -0.802663
43.8 -1.28637 -0.865036
43.9 -1.22319 -0.924524
44 -1.15463 -0.980894
44.1 -1.07953 -1.03386
44.2 -0.996347 -1.08309
44.3 -0.902999 -1.12815
44.4 -0.796666 -1.16848
44.5 -0.673454 -1.20339
44.6 -0.527969 -1.23196
44.7 -0.352822 -1.25297
44.8 -0.138335 -1.26479
44.9 0.126596 -1.26528
45 0.450082 -1.25185
45.1 0.825682 -1.22178
45.2 1.21647 -1.17333
45.3 1.55802 -1.10726
45.4 1.7994 -1.02725
45.5 1.93743 -0.938325
45.6 2.00078 -0.84476
45.7 2.01987 -0.749349
45.8 2.01505 -0.653663
45.9 1.99769 -0.558537
46 1.97363 -0.464409
46.1 1.94578 -0.37152
46.2 1.91557 -0.280011
46.3 1.88371 -0.189974
46.4 1.8505 -0.101481
46.5 1.81609 -0.0145899
46.6 1.78048 0.0706417
46.7 1.74365 0.154157
46.8 1.7055 0.235896
46.9 1.66595 0.315794
47 1.62483 0.393781
47.1 1.58197 0.469779
47.2 1.53718 0.543701
47.3 1.49019 0.615449
47.4 1.44071 0.684912
47.5 1.38835 0.751964
47.6 1.33266 0.816457
47.7 1.27305 0.878221
47.8 1.20878 0.937052
47.9 1.13891 0.992709
48 1.0622 1.0449
48.1 0.977003 1.09326
48.2 0.881104 1.13734
48.3 0.771477 1.17656
48.4 0.643943 1.21018
48.5 0.492716 1.23722
48.6 0.309917 1.25639
48.7 0.0854115 1.26594
48.8 -0.191824 1.26365
48.9 -0.528013 1.24682
49 -0.911313 1.21283
49.1 -1.29725 1.16038
49.2 -1.6199 1.09088
49.3 -1.83745 1.00851
49.4 -1.95638 0.918261
49.5 -2.00783 0.824107
49.6 -2.02035 0.728534
49.7 -2.01208 0.632917
49.8 -1.9929 0.537979
49.9 -1.96783 0.444105
50 -1.93938 0.351506
50.1 -1.90877 0.26031
50.2 -1.8766 0.170604
50.3 -1.84312 0.0824536
50.4 -1.80845 -0.00408135
50.5 -1.77258 -0.0889448
50.6 -1.73547 -0.172079
50.7 -1.69703 -0.253424
50.8 -1.65714 -0.332913
50.9 -1.61566 -0.410474
51 -1.57241 -0.486029
51.1 -1.52716 -0.559487
51.2 -1.47966 -0.630748
51.3 -1.42959 -0.699698
51.4 -1.37655 -0.766207
51.5 -1.32006 -0.830123
51.6 -1.2595 -0.891267
51.7 -1.19411 -0.94943
51.8 -1.12287 -1.00436
51.9 -1.04447 -1.05575
52 -0.957156 -1.10322
52.1 -0.858564 -1.1463
52.2 -0.745448 -1.18437
52.3 -0.61332 -1.21666
52.4 -0.455981 -1.24211
52.5 -0.265047 -1.25935
52.6 -0.0299818 -1.26654
52.7 0.259903 -1.26132
52.8 0.608305 -1.24096
52.9 0.997176 -1.203
53 1.37493 -1.14661
53.1 1.6766 -1.07389
53.2 1.87075 -0.989401
53.3 1.97217 -0.898018
53.4 2.01307 -0.80339
53.5 2.01988 -0.70772
53.6 2.00861 -0.612204
53.7 1.98783 -0.517473
53.8 1.96188 -0.423861
53.9 1.93288 -0.331559
54 1.9019 -0.24068
54.1 1.86942 -0.151307
54.2 1.83568 -0.0635028
54.3 1.80075 0.0226736
54.4 1.76462 0.107166
54.5 1.72723 0.189917
54.6 1.68849 0.270864
54.7 1.64827 0.34994
54.8 1.60642 0.427072
54.9 1.56275 0.502179
55 1.51704 0.575168
55.1 1.46901 0.645938
55.2 1.41832 0.714369
55.3 1.36458 0.780328
55.4 1.30726 0.843657
55.5 1.24573 0.904173
55.6 1.17916 0.961656
55.7 1.10649 1.01584
55.8 1.02632 1.06642
55.9 0.936779 1.11298
56 0.835342 1.15502
56.1 0.718526 1.19192
56.2 0.581515 1.22281
56.3 0.417667 1.24661
56.4 0.218094 1.26184
56.5 -0.02806 1.26655
56.6 -0.330828 1.25828
56.7 -0.690653 1.23427
56.8 -1.08259 1.19228
56.9 -1.44886 1.13206
57 -1.72801 1.05635
57.1 -1.89962 0.969972
57.2 -1.98514 0.877627
57.3 -2.01675 0.782628
57.4 -2.01858 0.686915
57.5 -2.00471 0.591529
57.6 -1.98253 0.497019
57.7 -1.95578 0.40368
57.8 -1.92629 0.311679
57.9 -1.89495 0.221121
58 -1.86219 0.132084
58.1 -1.82819 0.0446288
58.2 -1.793 -0.0411864
58.3 -1.7566 -0.125305
58.4 -1.71893 -0.207669
58.5 -1.67987 -0.288215
58.6 -1.63932 -0.366876
58.7 -1.59709 -0.443575
58.8 -1.553 -0.518229
58.9 -1.5068 -0.590745
59 -1.45823 -0.661017
59.1 -1.40692 -0.728923
59.2 -1.35244 -0.794324
59.3 -1.29427 -0.857059
59.4 -1.23172 -0.916935
59.5 -1.16392 -0.973726
59.6 -1.08975 -1.02716
59.7 -1.00772 -1.0769
59.8 -0.915844 -1.12252
59.9 -0.811399 -1.16351
60 -0.690657 -1.19918
60.1 -0.54845 -1.22864
60.2 -0.377673 -1.25071
60.3 -0.16894 -1.26384
60.4 0.0888085 -1.26595
60.5 0.404546 -1.25449
60.6 0.774665 -1.22673
60.7 1.16681 -1.1807
60.8 1.51849 -1.11677
60.9 1.77417 -1.0383
61 1.92438 -0.950266
61.1 1.99559 -0.857117
61.2 2.01906 -0.761836
61.3 2.01657 -0.666127
61.4 2.00042 -0.570897
61.5 1.97702 -0.476622
61.6 1.94956 -0.383562
61.7 1.91962 -0.291867
61.8 1.88794 -0.201634
61.9 1.8549 -0.112936
62 1.82064 -0.0258324
62.1 1.78519 0.0596189
62.2 1.74852 0.143361
62.3 1.71056 0.225336
62.4 1.67119 0.305478
62.5 1.63028 0.383719
62.6 1.58767 0.459981
62.7 1.54314 0.534179
62.8 1.49646 0.606216
62.9 1.44732 0.675985
63 1.39536 0.743359
63.1 1.34013 0.808195
63.2 1.28107 0.870325
63.3 1.21746 0.929552
63.4 1.14838 0.985638
63.5 1.07265 1.0383
63.6 0.98867 1.08718
63.7 0.894318 1.13185
63.8 0.786691 1.17174
63.9 0.661781 1.20614
64 0.514043 1.23411
64.1 0.335893 1.25439
64.2 0.117465 1.26531
64.3 -0.15234 1.26471
64.4 -0.480947 1.24994
64.5 -0.859856 1.21831
64.6 -1.2491 1.16825
64.7 -1.58337 1.10078
64.8 -1.8152 1.0198
64.9 -1.94541 0.930325
65 -2.00383 0.83651
65.1 -2.02018 0.741026
65.2 -2.01393 0.645363
65.3 -1.99581 0.55031
65.4 -1.97133 0.456282
65.5 -1.94323 0.363509
65.6 -1.91286 0.272124
65.7 -1.88087 0.182219
65.8 -1.84756 0.0938629
65.9 -1.81304 0.00711395
66 -1.77733 -0.0779708
66.1 -1.74038 -0.161334
66.2 -1.70212 -0.242916
66.3 -1.66243 -0.322651
66.4 -1.62117 -0.400468
66.5 -1.57816 -0.476289
66.6 -1.53319 -0.550026
66.7 -1.486 -0.62158
66.8 -1.43628 -0.690839
66.9 -1.38365 -0.757674
67 -1.32764 -0.821938
67.1 -1.26766 -0.883455
67.2 -1.20294 -0.94202
67.3 -1.13254 -0.997388
67.4 -1.05516 -1.04926
67.5 -0.969128 -1.09727
67.6 -0.872169 -1.14095
67.7 -0.761172 -1.17972
67.8 -0.631834 -1.21281
67.9 -0.478209 -1.23922
68 -0.292216 -1.25763
68.1 -0.0635523 -1.26625
68.2 0.218706 -1.2628
68.3 0.559853 -1.24458
68.4 0.945659 -1.20901
68.5 1.32872 -1.15497
68.6 1.6432 -1.08416
68.7 1.85132 -1.00091
68.8 1.96306 -0.910185
68.9 2.01013 -0.815829
69 2.02027 -0.72021
69.1 2.01075 -0.62463
69.2 1.9909 -0.529773
69.3 1.96547 -0.436002
69.4 1.93679 -0.343521
69.5 1.90603 -0.252452
69.6 1.87373 -0.162878
69.7 1.84015 -0.0748661
69.8 1.80538 0.0115258
69.9 1.7694 0.0962413
70 1.73218 0.179223
70.1 1.69362 0.260408
70.2 1.6536 0.339733
70.3 1.61198 0.417123
70.4 1.56856 0.492499
70.5 1.52313 0.56577
70.6 1.47541 0.636835
70.7 1.4251 0.705579
70.8 1.37178 0.771869
70.9 1.31496 0.835551
71 1.25402 0.896445
71.1 1.18816 0.954338
71.2 1.11636 1.00897
71.3 1.03726 1.06004
71.4 0.949072 1.10715
71.5 0.849362 1.14982
71.6 0.734792 1.18742
71.7 0.600748 1.21916
71.8 0.440854 1.24396
71.9 0.246527 1.2604
72 0.0070903 1.26661
72.1 -0.287926 1.26019
72.2 -0.641009 1.23839
72.3 -1.03143 1.19882
72.4 -1.40498 1.14088
72.5 -1.69779 1.06694
72.6 -1.88281 0.981667
72.7 -1.97768 0.88988
72.8 -2.01472 0.795092
72.9 -2.01945 0.699398
73 -2.0071 0.603931
73.1 -1.98574 0.509287
73.2 -1.95946 0.415783
73.3 -1.93026 0.323601
73.4 -1.89913 0.23285
73.5 -1.86654 0.143611
73.6 -1.83269 0.0559459
73.7 -1.79766 -0.0300864
73.8 -1.76142 -0.11443
73.9 -1.72392 -0.197026
74 -1.68505 -0.277813
74.1 -1.6447 -0.356724
74.2 -1.6027 -0.433683
74.3 -1.55886 -0.508609
74.4 -1.51296 -0.58141
74.5 -1.46471 -0.651981
74.6 -1.41378 -0.720203
74.7 -1.35975 -0.78594
74.8 -1.30209 -0.849032
74.9 -1.24015 -0.909293
75 -1.1731 -0.966502
75.1 -1.09984 -1.02039
75.2 -1.01894 -1.07063
75.3 -0.928476 -1.11682
75.4 -0.825856 -1.15845
75.5 -0.707499 -1.19485
75.6 -0.568448 -1.22518
75.7 -0.401881 -1.2483
75.8 -0.198708 -1.2627
75.9 0.0520235 -1.26638
76 0.359977 -1.25686
76.1 0.724075 -1.23136
76.2 1.11645 -1.18775
76.3 1.47725 -1.12603
76.4 1.7471 -1.04919
76.5 1.90999 -0.962122
76.6 1.9896 -0.869438
76.7 2.01783 -0.774316
76.8 2.01786 -0.678599
76.9 2.00304 -0.583273
77 1.98035 -0.488856
77.1 1.95331 -0.395627
77.2 1.92363 -0.303748
77.3 1.89216 -0.21332
77.4 1.85928 -0.124417
77.5 1.82518 -0.0371029
77.6 1.78989 0.0485671
77.7 1.75338 0.132536
77.8 1.71559 0.214744
77.9 1.67641 0.295129
78 1.63571 0.373622
78.1 1.59333 0.450147
78.2 1.54907 0.52462
78.3 1.50268 0.596945
78.4 1.45388 0.667016
78.5 1.40231 0.73471
78.6 1.34754 0.799886
78.7 1.28902 0.86238
78.8 1.22605 0.921998
78.9 1.15774 0.978509
79 1.08296 1.03163
79.1 1.00016 1.08103
79.2 0.907308 1.12628
79.3 0.801612 1.16683
79.4 0.679234 1.202
79.5 0.534856 1.23087
79.6 0.361186 1.25223
79.7 0.14864 1.26449
79.8 -0.113877 1.26553
79.9 -0.434784 1.25277
80 -0.808621 1.22346
80.1 -1.19999 1.17582
80.2 -1.54503 1.11046
80.3 -1.79118 1.03096
80.4 -1.93322 0.942318
80.5 -1.99913 0.848886
80.6 -2.01964 0.753515
80.7 -2.01558 0.65782
80.8 -1.99862 0.562658
80.9 -1.97477 0.468481
81 -1.94704 0.375535
81.1 -1.91692 0.283964
81.2 -1.88512 0.193861
81.3 -1.85197 0.105299
81.4 -1.81761 0.0183376
81.5 -1.78205 -0.0669675
81.6 -1.74528 -0.150559
81.7 -1.70719 -0.232376
81.8 -1.6677 -0.312356
81.9 -1.62665 -0.390428
82 -1.58388 -0.466514
82.1 -1.53917 -0.540528
82.2 -1.49229 -0.612373
82.3 -1.44292 -0.681938
82.4 -1.3907 -0.749098
82.5 -1.33516 -0.813706
82.6 -1.27573 -0.875592
82.7 -1.21169 -0.934556
82.8 -1.14208 -0.990356
82.9 -1.0657 -1.0427
83 -0.980915 -1.09124
83.1 -0.885538 -1.13551
83.2 -0.776586 -1.17496
83.3 -0.649938 -1.20885
83.4 -0.49989 -1.2362
83.5 -0.318661 -1.25574
83.6 -0.0962045 -1.26575
83.7 0.178537 -1.26403
83.8 0.512213 -1.24789
83.9 0.89413 -1.21469
84 1.2813 -1.16304
84.1 1.60792 -1.09421
84.2 1.83022 -1.01229
84.3 1.95285 -0.922293
84.4 2.00657 -0.828248
84.5 2.02033 -0.732702
84.6 2.01272 -0.637068
84.7 1.99388 -0.542091
84.8 1.969 -0.448165
84.9 1.94067 -0.355508
85 1.91014 -0.264249
85.1 1.87802 -0.174476
85.2 1.8446 -0.086257
85.3 1.80998 0.000349447
85.4 1.77417 0.0852868
85.5 1.73711 0.168498
85.6 1.69873 0.249921
85.7 1.65891 0.329493
85.8 1.6175 0.40714
85.9 1.57433 0.482783
86 1.52918 0.556334
86.1 1.48178 0.627694
86.2 1.43182 0.696747
86.3 1.37892 0.763365
86.4 1.32259 0.827397
86.5 1.26223 0.888666
86.6 1.19707 0.946964
86.7 1.12611 1.00204
86.8 1.04805 1.05359
86.9 0.961171 1.10124
87 0.86313 1.14452
87.1 0.750729 1.18283
87.2 0.619544 1.21539
87.3 0.463459 1.24116
87.4 0.274193 1.25879
87.5 0.0412854 1.26646
87.6 -0.246045 1.26184
87.7 -0.592054 1.2422
87.8 -0.979999 1.20504
87.9 -1.35966 1.14943
88 -1.66566 1.07734
88.1 -1.86445 0.993254
88.2 -1.96925 0.902084
88.3 -2.01216 0.807542
88.4 -2.02004 0.711887
88.5 -2.00934 0.616348
88.6 -1.98887 0.521574
88.7 -1.96308 0.427909
88.8 -1.93419 0.335547
88.9 -1.90328 0.244605
89 -1.87086 0.155164
89.1 -1.83718 0.0672908
89.2 -1.8023 -0.0189576
89.3 -1.76622 -0.103525
89.4 -1.72888 -0.186352
89.5 -1.6902 -0.267379
89.6 -1.65005 -0.346538
89.7 -1.60828 -0.423757
89.8 -1.56469 -0.498953
89.9 -1.51907 -0.572037
90 -1.47115 -0.642905
90.1 -1.42059 -0.711441
90.2 -1.36699 -0.777511
90.3 -1.30984 -0.840958
90.4 -1.2485 -0.9016
90.5 -1.18217 -0.959221
90.6 -1.10979 -1.01356
90.7 -1.02998 -1.0643
90.8 -0.940903 -1.11104
90.9 -0.840048 -1.1533
91 -0.72399 -1.19043
91.1 -0.587981 -1.22161
91.2 -0.425469 -1.24574
91.3 -0.227667 -1.26138
91.4 0.0162255 -1.2666
91.5 0.316402 -1.25895
91.6 0.674019 -1.23568
91.7 1.06556 -1.1945
91.8 1.43439 -1.13503
91.9 1.71814 -1.0599
92 1.89418 -0.973885
92.1 1.98275 -0.88172
92.2 2.01613 -0.786788
92.3 2.0189 -0.691079
92.4 2.00552 -0.595665
92.5 1.98361 -0.50111
92.6 1.95701 -0.407715
92.7 1.92762 -0.315653
92.8 1.89635 -0.225031
92.9 1.86365 -0.135926
93 1.8297 -0.0484014
93.1 1.79456 0.0374863
93.2 1.75821 0.12168
93.3 1.72059 0.204122
93.4 1.6816 0.284749
93.5 1.64111 0.363492
93.6 1.59896 0.440279
93.7 1.55496 0.515024
93.8 1.50886 0.587635
93.9 1.4604 0.658007
94 1.40921 0.726019
94.1 1.35489 0.791532
94.2 1.29689 0.854386
94.3 1.23454 0.914391
94.4 1.16699 0.971322
94.5 1.09313 1.02491
94.6 1.01148 1.07481
94.7 0.920081 1.12063
94.8 0.816252 1.16183
94.9 0.696316 1.19775
95 0.555174 1.2275
95.1 0.38582 1.24992
95.2 0.178963 1.26348
95.3 -0.0764252 1.26612
95.4 -0.389567 1.25531
95.5 -0.757734 1.22831
95.6 -1.15008 1.18309
95.7 -1.50492 1.11989
95.8 -1.76535 1.04195
95.9 -1.91973 0.954232
96 -1.99368 0.861231
96.1 -2.0187 0.766
96.2 -2.01702 0.670287
96.3 -2.00131 0.575024
96.4 -1.97814 0.480701
96.5 -1.95082 0.387585
96.6 -1.92096 0.295828
96.7 -1.88935 0.20553
96.8 -1.85637 0.116763
96.9 -1.82216 0.0295894
97 -1.78676 -0.055935
97.1 -1.75015 -0.139753
97.2 -1.71224 -0.221806
97.3 -1.67294 -0.302029
97.4 -1.6321 -0.380354
97.5 -1.58956 -0.456704
97.6 -1.54512 -0.530994
97.7 -1.49854 -0.603127
97.8 -1.44951 -0.672997
97.9 -1.39769 -0.740478
98 -1.34261 -0.805428
98.1 -1.28373 -0.86768
98.2 -1.22033 -0.927037
98.3 -1.15152 -0.983266
98.4 -1.0761 -1.03608
98.5 -0.992523 -1.08514
98.6 -0.898677 -1.13
98.7 -0.791701 -1.17011
98.8 -0.667646 -1.20477
98.9 -0.521043 -1.23304
99 -0.344406 -1.25369
99.1 -0.127962 -1.26506
99.2 0.139394 -1.26501
99.3 0.465443 -1.25091
99.4 0.842732 -1.22006
99.5 1.23282 -1.17081
99.6 1.57078 -1.10404
99.7 1.80739 -1.02354
99.8 1.94148 -0.934335
99.9 2.00234 -0.840642
100 2.02005 -0.745193
100.1 2.0145 -0.649518
100.2 1.99676 -0.554428
100.3 1.97248 -0.46035
100.4 1.94451 -0.367518
100.5 1.91422 -0.276071
100.6 1.88229 -0.186101
100.7 1.84903 -0.0976754
100.8 1.81456 -0.0108553
100.9 1.77891 0.074303
101 1.74202 0.157742
101.1 1.70382 0.239403
101.2 1.66419 0.31922
101.3 1.623 0.397122
101.4 1.58007 0.473032
101.5 1.53519 0.546861
101.6 1.4881 0.618513
101.7 1.4385 0.687874
101.8 1.38601 0.754818
101.9 1.33016 0.819196
102 1.27036 0.880837
102.1 1.20587 0.939536
102.2 1.13573 0.995049
102.3 1.05869 1.04708
102.4 0.973081 1.09526
102.5 0.876656 1.13914
102.6 0.766348 1.17814
102.7 0.637919 1.2115
102.8 0.485502 1.23823
102.9 0.301118 1.25701
103 0.0745469 1.26611
103.1 -0.20519 1.26324
103.2 -0.543865 1.24571
103.3 -0.928461 1.21094
103.4 -1.31303 1.15769
103.5 -1.63164 1.08754
103.6 -1.84447 1.00472
103.7 -1.95978 0.914232
103.8 -2.00901 0.819975
103.9 -2.02033 0.724378
104 -2.01143 0.628778
104.1 -1.99191 0.53388
104.2 -1.96665 0.440058
104.3 -1.93809 0.347518
104.4 -1.9074 0.256385
104.5 -1.87517 0.166745
104.6 -1.84164 0.0786634
104.7 -1.80691 -0.00780024
104.8 -1.77099 -0.0925899
104.9 -1.73383 -0.175648
105 -1.69533 -0.256913
105.1 -1.65538 -0.33632
105.2 -1.61382 -0.413796
105.3 -1.57049 -0.489261
105.4 -1.52515 -0.562626
105.5 -1.47754 -0.63379
105.6 -1.42735 -0.702637
105.7 -1.37417 -0.769037
105.8 -1.31752 -0.832836
105.9 -1.25677 -0.893855
106 -1.19114 -0.951884
106.1 -1.11962 -1.00667
106.2 -1.04088 -1.0579
106.3 -0.95313 -1.10519
106.4 -0.853983 -1.14806
106.5 -0.740145 -1.1859
106.6 -0.607066 -1.21791
106.7 -0.448459 -1.24304
106.8 -0.255841 -1.25988
106.9 -0.0186038 -1.26659
107 0.273839 -1.26077
107.1 0.624595 -1.2397
107.2 1.01429 -1.20093
107.3 1.39001 -1.14376
107.4 1.68728 -1.07043
107.5 1.87686 -0.985545
107.6 1.97498 -0.893957
107.7 2.01393 -0.799248
107.8 2.01968 -0.703564
107.9 2.00786 -0.608072
108 1.98679 -0.513384
108.1 1.96067 -0.419827
108.2 1.93157 -0.327583
108.3 1.90052 -0.236769
108.4 1.86798 -0.147462
108.5 1.83419 -0.0597278
108.6 1.79921 0.0263767
108.7 1.76302 0.110795
108.8 1.72558 0.193469
108.9 1.68677 0.274336
109 1.64649 0.353329
109.1 1.60456 0.430375
109.2 1.56081 0.505392
109.3 1.515 0.578287
109.4 1.46686 0.648958
109.5 1.41606 0.717285
109.6 1.36217 0.783133
109.7 1.30468 0.846344
109.8 1.24295 0.906732
109.9 1.17614 0.964079
110 1.10317 1.01812
110.1 1.02264 1.06853
110.2 0.932644 1.1149
110.3 0.83062 1.15674
110.4 0.713039 1.19339
110.5 0.575015 1.224
110.6 0.409818 1.24746
110.7 0.208459 1.26228
110.8 -0.0399714 1.26648
110.9 -0.345327 1.25759
111 -0.70731 1.23284
111.1 -1.09952 1.19004
111.2 -1.46312 1.12906
111.3 -1.73765 1.05278
111.4 -1.90488 0.966058
111.5 -1.98741 0.87354
111.6 -2.01732 0.778478
111.7 -2.01823 0.682762
111.8 -2.00388 0.587406
111.9 -1.98145 0.492942
112 -1.95455 0.399658
112.1 -1.92496 0.307717
112.2 -1.89356 0.217224
112.3 -1.86074 0.128254
112.4 -1.82669 0.0408693
112.5 -1.79145 -0.0448735
112.6 -1.75499 -0.128917
112.7 -1.71726 -0.211204
112.8 -1.67815 -0.29167
112.9 -1.63752 -0.370246
113 -1.59521 -0.446859
113.1 -1.55104 -0.521422
113.2 -1.50475 -0.593843
113.3 -1.45606 -0.664015
113.4 -1.40462 -0.731815
113.5 -1.35 -0.797104
113.6 -1.29165 -0.859718
113.7 -1.22889 -0.919466
113.8 -1.16084 -0.976118
113.9 -1.08637 -1.0294
114 -1.00396 -1.07897
114.1 -0.911594 -1.1244
114.2 -0.806528 -1.16517
114.3 -0.684974 -1.20059
114.4 -0.541689 -1.22976
114.5 -0.369476 -1.25148
114.6 -0.15885 -1.26417
114.7 0.10127 -1.26575
114.8 0.419592 -1.25365
114.9 0.791599 -1.22512
115 1.18342 -1.17828
115.1 1.53184 -1.11363
115.2 1.78277 -1.03464
115.3 1.92887 -0.946302
115.4 1.9974 -0.853009
115.5 2.01938 -0.757681
115.6 2.01609 -0.661978
115.7 1.99953 -0.566782
115.8 1.9759 -0.472556
115.9 1.94831 -0.379552
116 1.91827 -0.287919
116.1 1.88654 -0.197751
116.2 1.85344 -0.109121
116.3 1.81913 -0.0220884
116.4 1.78363 0.06329
116.5 1.7469 0.146957
116.6 1.70888 0.228853
116.7 1.66945 0.308914
116.8 1.62847 0.387071
116.9 1.58578 0.463245
117 1.54116 0.537351
117.1 1.49438 0.609293
117.2 1.44512 0.67896
117.3 1.39303 0.746227
117.4 1.33765 0.810949
117.5 1.27841 0.872958
117.6 1.21458 0.932053
117.7 1.14525 0.987997
117.8 1.06919 1.0405
117.9 0.984807 1.08921
118 0.889946 1.13368
118.1 0.781661 1.17335
118.2 0.655889 1.2075
118.3 0.507005 1.23516
118.4 0.327327 1.25507
118.5 0.106898 1.26554
118.6 -0.165364 1.26438
118.7 -0.49651 1.24893
118.8 -0.876961 1.21652
118.9 -1.26524 1.16566
119 -1.59573 1.09751
119.1 -1.8228 1.01606
119.2 -1.94919 0.926318
119.3 -2.00524 0.832386
119.4 -2.02028 0.736869
119.5 -2.01333 0.64122
119.6 -1.99485 0.546205
119.7 -1.97017 0.452228
119.8 -1.94195 0.359512
119.9 -1.9115 0.26819
120 -1.87945 0.178351
120.1 -1.84608 0.0900634
120.2 -1.81151 0.00338561
120.3 -1.77575 -0.0816256
120.4 -1.73875 -0.164913
120.5 -1.70043 -0.246416
120.6 -1.66068 -0.326069
120.7 -1.61934 -0.403801
120.8 -1.57625 -0.479534
120.9 -1.53119 -0.553178
121 -1.48389 -0.624635
121.1 -1.43406 -0.693792
121.2 -1.38129 -0.760519
121.3 -1.32512 -0.824666
121.4 -1.26495 -0.88606
121.5 -1.20001 -0.944492
121.6 -1.12933 -0.999715
121.7 -1.05162 -1.05143
121.8 -0.965165 -1.09926
121.9 -0.867669 -1.14274
122 -0.755974 -1.18128
122.1 -0.62572 -1.2141
122.2 -0.470875 -1.2402
122.3 -0.283257 -1.25822
122.4 -0.052485 -1.26637
122.5 0.2323 -1.26234
122.6 0.575888 -1.24341
122.7 0.962809 -1.20704
122.8 1.34424 -1.15222
122.9 1.65452 -1.08077
123 1.85797 -0.997094
123.1 1.96621 -0.906143
123.2 2.01117 -0.811692
123.3 2.02017 -0.716054
123.4 2.01006 -0.620494
123.5 1.98989 -0.525678
123.6 1.96428 -0.43196
123.7 1.93549 -0.339538
123.8 1.90466 -0.248532
123.9 1.8723 -0.159025
124 1.83867 -0.0710819
124.1 1.80384 0.0152384
124.2 1.76781 0.0998798
124.3 1.73054 0.182784
124.4 1.69192 0.263891
124.5 1.65183 0.343133
124.6 1.61013 0.420438
124.7 1.56663 0.495724
124.8 1.5211 0.568902
124.9 1.47329 0.639869
125 1.42285 0.708509
125.1 1.36939 0.774688
125.2 1.31241 0.838253
125.3 1.25127 0.899022
125.4 1.18518 0.956779
125.5 1.11309 1.01127
125.6 1.03364 1.06217
125.7 0.945004 1.1091
125.8 0.844725 1.15156
125.9 0.729417 1.18893
126 0.594397 1.22039
126.1 0.433204 1.24486
126.2 0.237153 1.2609
126.3 -0.00449875 1.26662
126.4 -0.302089 1.25959
126.5 -0.657455 1.23705
126.6 -1.04849 1.19668
126.7 -1.41974 1.13797
126.8 -1.70806 1.06344
126.9 -1.88857 0.977787
127 -1.98026 0.885808
127.1 -2.01545 0.790946
127.2 -2.01919 0.695244
127.3 -2.00632 0.599803
127.4 -1.98468 0.505203
127.5 -1.95824 0.411754
127.6 -1.92894 0.319631
127.7 -1.89774 0.228944
127.8 -1.8651 0.139772
127.9 -1.8312 0.0521771
128 -1.79611 -0.033783
128.1 -1.75982 -0.118052
128.2 -1.72226 -0.200571
128.3 -1.68333 -0.281278
128.4 -1.64291 -0.360105
128.5 -1.60083 -0.436978
128.6 -1.55691 -0.511814
128.7 -1.51091 -0.584521
128.8 -1.46256 -0.654992
128.9 -1.4115 -0.723109
129 -1.35732 -0.788735
129.1 -1.2995 -0.851708
129.2 -1.23736 -0.911842
129.3 -1.17006 -0.968912
129.4 -1.0965 -1.02265
129.5 -1.01522 -1.07272
129.6 -0.924296 -1.11873
129.7 -0.821076 -1.16014
129.8 -0.701934 -1.1963
129.9 -0.561846 -1.22635
130 -0.393896 -1.24912
130.1 -0.188894 -1.2631
130.2 0.0641531 -1.26627
130.3 0.374698 -1.2561
130.4 0.740854 -1.22985
130.5 1.13327 -1.18544
130.6 1.49116 -1.12298
130.7 1.75631 -1.04558
130.8 1.91493 -0.958187
130.9 1.99169 -0.865342
131 2.01829 -0.770164
131.1 2.01745 -0.674448
131.2 2.00218 -0.579153
131.3 1.97925 -0.484783
131.4 1.95207 -0.39161
131.5 1.9223 -0.299792
131.6 1.89076 -0.209428
131.7 1.85783 -0.120594
131.8 1.82367 -0.0333496
131.9 1.78833 0.0522478
132 1.75177 0.136141
132.1 1.71392 0.218272
132.2 1.67468 0.298576
132.3 1.63391 0.376985
132.4 1.59145 0.453423
132.5 1.5471 0.527804
132.6 1.50061 0.600034
132.7 1.4517 0.670005
132.8 1.40001 0.737593
132.9 1.34508 0.802656
133 1.28638 0.865029
133.1 1.2232 0.924517
133.2 1.15464 0.980888
133.3 1.07954 1.03386
133.4 0.996357 1.08309
133.5 0.90301 1.12814
133.6 0.796679 1.16848
133.7 0.673469 1.20339
133.8 0.527987 1.23196
133.9 0.352844 1.25297
134 0.138363 1.26479
134.1 -0.126562 1.26529
134.2 -0.450042 1.25186
134.3 -0.825637 1.22178
134.4 -1.21643 1.17333
134.5 -1.55799 1.10726
134.6 -1.79938 1.02726
134.7 -1.93742 0.938336
134.8 -2.00078 0.844771
134.9 -2.01987 0.74936
135 -2.01505 0.653674
135.1 -1.99769 0.558548
135.2 -1.97363 0.46442
135.3 -1.94578 0.371531
135.4 -1.91557 0.280021
135.5 -1.88371 0.189985
135.6 -1.85051 0.101491
135.7 -1.81609 0.0145998
135.8 -1.78048 -0.070632
135.9 -1.74365 -0.154148
136 -1.70551 -0.235887
136.1 -1.66595 -0.315785
136.2 -1.62483 -0.393772
136.3 -1.58198 -0.469771
136.4 -1.53718 -0.543693
136.5 -1.4902 -0.615441
136.6 -1.44071 -0.684905
136.7 -1.38836 -0.751957
136.8 -1.33266 -0.81645
136.9 -1.27305 -0.878214
137 -1.20879 -0.937045
137.1 -1.13892 -0.992703
137.2 -1.06221 -1.04489
137.3 -0.977013 -1.09325
137.4 -0.881115 -1.13733
137.5 -0.77149 -1.17655
137.6 -0.643959 -1.21018
137.7 -0.492735 -1.23722
137.8 -0.30994 -1.25638
137.9 -0.0854401 -1.26594
138 0.191789 -1.26365
138.1 0.527971 -1.24682
138.2 0.911268 -1.21284
138.3 1.29721 -1.16038
138.4 1.61987 -1.09089
138.5 1.83743 -1.00852
138.6 1.95637 -0.918272
138.7 2.00782 -0.824118
138.8 2.02035 -0.728545
138.9 2.01208 -0.632928
139 1.9929 -0.53799
139.1 1.96783 -0.444116
139.2 1.93938 -0.351517
139.3 1.90877 -0.260321
139.4 1.8766 -0.170614
139.5 1.84313 -0.0824637
139.6 1.80845 0.00407149
139.7 1.77258 0.0889351
139.8 1.73547 0.17207
139.9 1.69703 0.253414
140 1.65715 0.332904
140.1 1.61567 0.410465
140.2 1.57241 0.48602
140.3 1.52717 0.559478
140.4 1.47967 0.63074
140.5 1.42959 0.699691
140.6 1.37655 0.7662
140.7 1.32006 0.830115
140.8 1.25951 0.89126
140.9 1.19411 0.949424
141 1.12288 1.00435
141.1 1.04448 1.05574
141.2 0.957166 1.10322
141.3 0.858576 1.14629
141.4 0.745462 1.18437
141.5 0.613337 1.21665
141.6 0.456001 1.24211
141.7 0.265071 1.25935
141.8 0.0300118 1.26654
141.9 -0.259867 1.26132
142 -0.608262 1.24097
142.1 -0.997131 1.203
142.2 -1.37489 1.14661
142.3 -1.67657 1.0739
142.4 -1.87074 0.989411
142.5 -1.97217 0.898029
142.6 -2.01307 0.803401
142.7 -2.01988 0.707731
142.8 -2.00861 0.612215
142.9 -1.98784 0.517483
143 -1.96188 0.423872
143.1 -1.93288 0.331569
143.2 -1.9019 0.24069
143.3 -1.86943 0.151317
143.4 -1.83569 0.0635128
143.5 -1.80076 -0.0226638
143.6 -1.76462 -0.107157
143.7 -1.72723 -0.189907
143.8 -1.68849 -0.270855
143.9 -1.64827 -0.349931
144 -1.60642 -0.427064
144.1 -1.56275 -0.50217
144.2 -1.51704 -0.57516
144.3 -1.46901 -0.64593
144.4 -1.41833 -0.714361
144.5 -1.36459 -0.78032
144.6 -1.30727 -0.84365
144.7 -1.24573 -0.904166
144.8 -1.17917 -0.96165
144.9 -1.10649 -1.01584
145 -1.02633 -1.06641
145.1 -0.93679 -1.11297
145.2 -0.835355 -1.15502
145.3 -0.718541 -1.19191
145.4 -0.581532 -1.22281
145.5 -0.417687 -1.24661
145.6 -0.218119 -1.26184
145.7 0.0280286 -1.26655
145.8 0.33079 -1.25828
145.9 0.690609 -1.23428
146 1.08254 -1.19229
146.1 1.44882 -1.13207
146.2 1.72799 -1.05636
146.3 1.8996 -0.969982
146.4 1.98513 -0.877638
146.5 2.01675 -0.782639
146.6 2.01858 -0.686926
146.7 2.00471 -0.59154
146.8 1.98254 -0.49703
146.9 1.95579 -0.403691
147 1.92629 -0.311689
147.1 1.89496 -0.221131
147.2 1.8622 -0.132094
147.3 1.8282 -0.0446388
147.4 1.793 0.0411766
147.5 1.75661 0.125296
147.6 1.71893 0.20766
147.7 1.67988 0.288206
147.8 1.63932 0.366867
147.9 1.59709 0.443566
148 1.553 0.518221
148.1 1.50681 0.590737
148.2 1.45823 0.661009
148.3 1.40692 0.728915
148.4 1.35245 0.794317
148.5 1.29428 0.857051
148.6 1.23172 0.916928
148.7 1.16393 0.97372
148.8 1.08976 1.02715
148.9 1.00773 1.07689
149 0.915855 1.12252
149.1 0.811412 1.1635
149.2 0.690672 1.19917
149.3 0.548467 1.22863
149.4 0.377695 1.25071
149.5 0.168966 1.26383
149.6 -0.0887756 1.26595
149.7 -0.404506 1.2545
149.8 -0.77462 1.22673
149.9 -1.16677 1.1807
150 -1.51845 1.11678
150.1 -1.77415 1.03831
150.2 -1.92437 0.950277
150.3 -1.99558 0.857127
150.4 -2.01906 0.761847
150.5 -2.01657 0.666138
150.6 -2.00043 0.570907
150.7 -1.97703 0.476633
150.8 -1.94957 0.383573
150.9 -1.91962 0.291877
151 -1.88795 0.201644
151.1 -1.85491 0.112946
151.2 -1.82065 0.0258423
151.3 -1.7852 -0.0596092
151.4 -1.74853 -0.143352
151.5 -1.71056 -0.225326
151.6 -1.6712 -0.305469
151.7 -1.63029 -0.38371
151.8 -1.58767 -0.459972
151.9 -1.54315 -0.53417
152 -1.49646 -0.606208
152.1 -1.44732 -0.675977
152.2 -1.39537 -0.743351
152.3 -1.34014 -0.808188
152.4 -1.28108 -0.870318
152.5 -1.21747 -0.929545
152.6 -1.14839 -0.985632
152.7 -1.07266 -1.03829
152.8 -0.98868 -1.08718
152.9 -0.89433 -1.13184
153 -0.786704 -1.17174
153.1 -0.661797 -1.20614
153.2 -0.514062 -1.23411
153.3 -0.335916 -1.25439
153.4 -0.117493 -1.26531
153.5 0.152306 -1.26471
153.6 0.480906 -1.24994
153.7 0.859811 -1.21831
153.8 1.24906 -1.16825
153.9 1.58334 -1.10079
154 1.81518 -1.01981
154.1 1.9454 -0.930336
154.2 2.00383 -0.836521
154.3 2.02018 -0.741037
154.4 2.01393 -0.645374
154.5 1.99581 -0.550321
154.6 1.97133 -0.456293
154.7 1.94323 -0.363519
154.8 1.91286 -0.272135
154.9 1.88087 -0.18223
155 1.84756 -0.0938729
155.1 1.81304 -0.00712383
155.2 1.77733 0.0779611
155.3 1.74039 0.161325
155.4 1.70213 0.242906
155.5 1.66244 0.322642
155.6 1.62118 0.400459
155.7 1.57816 0.47628
155.8 1.53319 0.550018
155.9 1.486 0.621572
156 1.43628 0.690831
156.1 1.38366 0.757667
156.2 1.32765 0.82193
156.3 1.26766 0.883448
156.4 1.20295 0.942014
156.5 1.13254 0.997382
156.6 1.05517 1.04925
156.7 0.969138 1.09726
156.8 0.872181 1.14094
156.9 0.761185 1.17971
157 0.63185 1.2128
157.1 0.478228 1.23922
157.2 0.29224 1.25762
157.3 0.0635815 1.26625
157.4 -0.21867 1.2628
157.5 -0.55981 1.24458
157.6 -0.945613 1.20901
157.7 -1.32868 1.15497
157.8 -1.64317 1.08417
157.9 -1.8513 1.00092
158 -1.96305 0.910196
158.1 -2.01012 0.81584
158.2 -2.02027 0.720221
158.3 -2.01075 0.624641
158.4 -1.99091 0.529783
158.5 -1.96547 0.436013
158.6 -1.93679 0.343532
158.7 -1.90603 0.252462
158.8 -1.87374 0.162888
158.9 -1.84016 0.0748761
159 -1.80538 -0.011516
159.1 -1.76941 -0.0962316
159.2 -1.73219 -0.179213
159.3 -1.69363 -0.260399
159.4 -1.65361 -0.339724
159.5 -1.61198 -0.417114
159.6 -1.56856 -0.49249
159.7 -1.52313 -0.565762
159.8 -1.47542 -0.636827
159.9 -1.42511 -0.705571
160 -1.37179 -0.771861
160.1 -1.31497 -0.835544
160.2 -1.25403 -0.896438
160.3 -1.18817 -0.954331
160.4 -1.11637 -1.00897
160.5 -1.03727 -1.06003
160.6 -0.949083 -1.10714
160.7 -0.849374 -1.14981
160.8 -0.734806 -1.18742
160.9 -0.600764 -1.21916
161 -0.440874 -1.24396
161.1 -0.246552 -1.2604
161.2 -0.00712085 -1.26661
161.3 0.287889 -1.26019
161.4 0.640965 -1.23839
161.5 1.03138 -1.19883
161.6 1.40494 -1.14089
161.7 1.69776 -1.06695
161.8 1.88279 -0.981677
161.9 1.97767 -0.889891
162 2.01472 -0.795103
162.1 2.01945 -0.699409
162.2 2.0071 -0.603942
162.3 1.98574 -0.509298
162.4 1.95946 -0.415794
162.5 1.93026 -0.323611
162.6 1.89913 -0.23286
162.7 1.86654 -0.143621
162.8 1.8327 -0.0559559
162.9 1.79766 0.0300766
163 1.76142 0.11442
163.1 1.72392 0.197017
163.2 1.68506 0.277804
163.3 1.6447 0.356715
163.4 1.6027 0.433674
163.5 1.55887 0.508601
163.6 1.51296 0.581402
163.7 1.46472 0.651973
163.8 1.41379 0.720196
163.9 1.35975 0.785933
164 1.3021 0.849025
164.1 1.24016 0.909287
164.2 1.17311 0.966495
164.3 1.09985 1.02038
164.4 1.01895 1.07063
164.5 0.928487 1.11682
164.6 0.825869 1.15844
164.7 0.707513 1.19485
164.8 0.568465 1.22518
164.9 0.401902 1.2483
165 0.198734 1.2627
165.1 -0.0519915 1.26638
165.2 -0.359938 1.25686
165.3 -0.72403 1.23136
165.4 -1.11641 1.18776
165.5 -1.47721 1.12604
165.6 -1.74707 1.0492
165.7 -1.90998 0.962133
165.8 -1.98959 0.869449
165.9 -2.01783 0.774327
166 -2.01786 0.67861
166.1 -2.00304 0.583284
166.2 -1.98036 0.488867
166.3 -1.95331 0.395638
166.4 -1.92364 0.303758
166.5 -1.89216 0.21333
166.6 -1.85929 0.124428
166.7 -1.82518 0.0371128
166.8 -1.78989 -0.0485573
166.9 -1.75338 -0.132526
167 -1.71559 -0.214735
167.1 -1.67642 -0.29512
167.2 -1.63572 -0.373613
167.3 -1.59334 -0.450138
167.4 -1.54907 -0.524611
167.5 -1.50269 -0.596937
167.6 -1.45389 -0.667008
167.7 -1.40232 -0.734702
167.8 -1.34755 -0.799879
167.9 -1.28902 -0.862373
168 -1.22605 -0.921991
168.1 -1.15775 -0.978503
168.2 -1.08297 -1.03163
168.3 -1.00017 -1.08103
168.4 -0.90732 -1.12627
168.5 -0.801626 -1.16683
168.6 -0.67925 -1.20199
168.7 -0.534875 -1.23086
168.8 -0.361208 -1.25223
168.9 -0.148667 -1.26449
169 0.113843 -1.26553
169.1 0.434744 -1.25277
169.2 0.808576 -1.22347
169.3 1.19995 -1.17583
169.4 1.54499 -1.11046
169.5 1.79116 -1.03097
169.6 1.93321 -0.942329
169.7 1.99913 -0.848897
169.8 2.01964 -0.753526
169.9 2.01558 -0.657831
170 1.99862 -0.562669
170.1 1.97477 -0.468492
170.2 1.94705 -0.375546
170.3 1.91693 -0.283974
170.4 1.88513 -0.193872
170.5 1.85198 -0.10531
170.6 1.81761 -0.0183475
170.7 1.78206 0.0669577
170.8 1.74528 0.150549
170.9 1.7072 0.232367
171 1.6677 0.312347
171.1 1.62665 0.390419
171.2 1.58388 0.466505
171.3 1.53918 0.54052
171.4 1.49229 0.612365
171.5 1.44293 0.681931
171.6 1.3907 0.74909
171.7 1.33517 0.813699
171.8 1.27574 0.875585
171.9 1.21169 0.934549
172 1.14209 0.99035
172.1 1.06571 1.0427
172.2 0.980925 1.09123
172.3 0.88555 1.13551
172.4 0.776599 1.17496
172.5 0.649954 1.20884
172.6 0.499909 1.2362
172.7 0.318684 1.25574
172.8 0.0962329 1.26575
172.9 -0.178502 1.26403
173 -0.512171 1.24789
173.1 -0.894084 1.2147
173.2 -1.28126 1.16304
173.3 -1.60789 1.09422
173.4 -1.8302 1.0123
173.5 -1.95284 0.922304
173.6 -2.00656 0.828258
173.7 -2.02033 0.732713
173.8 -2.01272 0.637079
173.9 -1.99388 0.542102
174 -1.96901 0.448176
174.1 -1.94067 0.355518
174.2 -1.91014 0.264259
174.3 -1.87803 0.174486
174.4 -1.84461 0.0862671
174.5 -1.80998 -0.000339585
174.6 -1.77417 -0.0852772
174.7 -1.73712 -0.168488
174.8 -1.69874 -0.249912
174.9 -1.65892 -0.329484
175 -1.61751 -0.407131
175.1 -1.57434 -0.482775
175.2 -1.52918 -0.556326
175.3 -1.48178 -0.627686
175.4 -1.43183 -0.69674
175.5 -1.37893 -0.763358
175.6 -1.3226 -0.82739
175.7 -1.26224 -0.888659
175.8 -1.19707 -0.946958
175.9 -1.12611 -1.00203
176 -1.04806 -1.05359
176.1 -0.961181 -1.10124
176.2 -0.863142 -1.14452
176.3 -0.750743 -1.18283
176.4 -0.61956 -1.21538
176.5 -0.463479 -1.24116
176.6 -0.274217 -1.25879
176.7 -0.0413151 -1.26646
176.8 0.246008 -1.26184
176.9 0.592011 -1.24221
177 0.979953 -1.20504
177.1 1.35962 -1.14944
177.2 1.66564 -1.07735
177.3 1.86443 -0.993264
177.4 1.96924 -0.902094
177.5 2.01215 -0.807553
177.6 2.02004 -0.711898
177.7 2.00934 -0.616359
177.8 1.98887 -0.521585
177.9 1.96308 -0.42792
178 1.93419 -0.335557
178.1 1.90328 -0.244615
178.2 1.87087 -0.155174
178.3 1.83718 -0.0673008
178.4 1.8023 0.0189478
178.5 1.76622 0.103515
178.6 1.72889 0.186343
178.7 1.69021 0.26737
178.8 1.65006 0.346529
178.9 1.60828 0.423748
179 1.5647 0.498945
179.1 1.51908 0.572029
179.2 1.47115 0.642897
179.3 1.4206 0.711433
179.4 1.36699 0.777503
179.5 1.30985 0.840951
179.6 1.24851 0.901593
179.7 1.18218 0.959214
179.8 1.1098 1.01355
179.9 1.02999 1.06429
180 0.940913 1.11104
180.1 0.84006 1.15329
180.2 0.724005 1.19042
180.3 0.587998 1.2216
180.4 0.425489 1.24574
180.5 0.227692 1.26138
180.6 -0.0161943 1.2666
180.7 -0.316364 1.25895
180.8 -0.673975 1.23569
180.9 -1.06551 1.19451
181 -1.43435 1.13504
181.1 -1.71811 1.05991
181.2 -1.89416 0.973895
181.3 -1.98274 0.881731
181.4 -2.01613 0.786799
181.5 -2.0189 0.69109
181.6 -2.00552 0.595676
181.7 -1.98362 0.501121
181.8 -1.95702 0.407726
181.9 -1.92762 0.315664
182 -1.89635 0.225042
182.1 -1.86365 0.135937
182.2 -1.8297 0.0484114
182.3 -1.79456 -0.0374765
182.4 -1.75822 -0.121671
182.5 -1.7206 -0.204112
182.6 -1.68161 -0.284739
182.7 -1.64112 -0.363483
182.8 -1.59897 -0.44027
182.9 -1.55496 -0.515015
183 -1.50887 -0.587627
183.1 -1.4604 -0.657999
183.2 -1.40922 -0.726011
183.3 -1.35489 -0.791525
183.4 -1.29689 -0.854379
183.5 -1.23455 -0.914385
183.6 -1.167 -0.971316
183.7 -1.09314 -1.0249
183.8 -1.01149 -1.07481
183.9 -0.920093 -1.12062
184 -0.816265 -1.16183
184.1 -0.696331 -1.19774
184.2 -0.555192 -1.22749
184.3 -0.385841 -1.24992
184.4 -0.178989 -1.26348
184.5 0.0763927 -1.26612
184.6 0.389528 -1.25532
184.7 0.757689 -1.22831
184.8 1.15003 -1.18309
184.9 1.50488 -1.11989
185 1.76532 -1.04196
185.1 1.91972 -0.954242
185.2 1.99368 -0.861242
185.3 2.0187 -0.766011
185.4 2.01702 -0.670298
185.5 2.00131 -0.575035
185.6 1.97815 -0.480712
185.7 1.95082 -0.387595
185.8 1.92096 -0.295838
185.9 1.88936 -0.20554
186 1.85637 -0.116773
186.1 1.82216 -0.0295993
186.2 1.78676 0.0559252
186.3 1.75015 0.139744
186.4 1.71224 0.221796
186.5 1.67294 0.30202
186.6 1.6321 0.380345
186.7 1.58957 0.456695
186.8 1.54513 0.530985
186.9 1.49854 0.603119
187 1.44952 0.672989
187.1 1.39769 0.74047
187.2 1.34262 0.805421
187.3 1.28374 0.867673
187.4 1.22034 0.927031
187.5 1.15153 0.98326
187.6 1.07611 1.03608
187.7 0.992533 1.08513
187.8 0.898688 1.12999
187.9 0.791714 1.17011
188 0.667662 1.20477
188.1 0.521062 1.23304
188.2 0.344429 1.25369
188.3 0.12799 1.26506
188.4 -0.13936 1.26501
188.5 -0.465402 1.25091
188.6 -0.842687 1.22007
188.7 -1.23277 1.17081
188.8 -1.57075 1.10405
188.9 -1.80737 1.02355
189 -1.94147 0.934345
189.1 -2.00234 0.840653
189.2 -2.02005 0.745204
189.3 -2.0145 0.649529
189.4 -1.99676 0.554439
189.5 -1.97249 0.460361
189.6 -1.94451 0.367529
189.7 -1.91422 0.276082
189.8 -1.8823 0.186111
189.9 -1.84904 0.0976854
190 -1.81457 0.0108652
190.1 -1.77891 -0.0742933
190.2 -1.74202 -0.157733
190.3 -1.70382 -0.239394
190.4 -1.6642 -0.319211
190.5 -1.62301 -0.397113
190.6 -1.58008 -0.473023
190.7 -1.53519 -0.546853
190.8 -1.48811 -0.618505
190.9 -1.4385 -0.687866
191 -1.38601 -0.75481
191.1 -1.33016 -0.819189
191.2 -1.27037 -0.88083
191.3 -1.20588 -0.939529
191.4 -1.13574 -0.995043
191.5 -1.0587 -1.04707
191.6 -0.973091 -1.09526
191.7 -0.876667 -1.13914
191.8 -0.766362 -1.17814
191.9 -0.637935 -1.2115
192 -0.485521 -1.23823
192.1 -0.301142 -1.25701
192.2 -0.0745758 -1.2661
192.3 0.205155 -1.26324
192.4 0.543823 -1.24572
192.5 0.928416 -1.21094
192.6 1.31299 -1.1577
192.7 1.63161 -1.08754
192.8 1.84445 -1.00473
192.9 1.95977 -0.914243
193 2.00901 -0.819985
193.1 2.02033 -0.724389
193.2 2.01143 -0.628789
193.3 1.99191 -0.533891
193.4 1.96666 -0.440069
193.5 1.93809 -0.347528
193.6 1.90741 -0.256395
193.7 1.87517 -0.166755
193.8 1.84164 -0.0786734
193.9 1.80692 0.00779039
194 1.771 0.0925802
194.1 1.73383 0.175638
194.2 1.69533 0.256904
194.3 1.65538 0.336311
194.4 1.61383 0.413787
194.5 1.57049 0.489253
194.6 1.52515 0.562618
194.7 1.47755 0.633782
194.8 1.42735 0.702629
194.9 1.37418 0.769029
195 1.31752 0.832829
195.1 1.25678 0.893849
195.2 1.19115 0.951877
195.3 1.11963 1.00666
195.4 1.04089 1.05789
195.5 0.953141 1.10518
195.6 0.853995 1.14806
195.7 0.740159 1.1859
195.8 0.607083 1.21791
195.9 0.448479 1.24304
196 0.255866 1.25988
196.1 0.0186341 1.26659
196.2 -0.273802 1.26077
196.3 -0.624552 1.2397
196.4 -1.01424 1.20094
196.5 -1.38997 1.14377
196.6 -1.68726 1.07044
196.7 -1.87684 0.985556
196.8 -1.97497 0.893968
196.9 -2.01393 0.799259
197 -2.01968 0.703575
197.1 -2.00787 0.608083
197.2 -1.9868 0.513395
197.3 -1.96067 0.419837
197.4 -1.93158 0.327594
197.5 -1.90052 0.236779
197.6 -1.86799 0.147472
197.7 -1.8342 0.0597378
197.8 -1.79921 -0.0263669
197.9 -1.76303 -0.110785
198 -1.72558 -0.193459
198.1 -1.68678 -0.274326
198.2 -1.64649 -0.35332
198.3 -1.60457 -0.430367
198.4 -1.56081 -0.505383
198.5 -1.51501 -0.578279
198.6 -1.46687 -0.64895
198.7 -1.41606 -0.717277
198.8 -1.36218 -0.783125
198.9 -1.30469 -0.846337
199 -1.24296 -0.906726
199.1 -1.17615 -0.964072
199.2 -1.10318 -1.01811
199.3 -1.02265 -1.06852
199.4 -0.932655 -1.1149
199.5 -0.830633 -1.15673
199.6 -0.713053 -1.19338
199.7 -0.575033 -1.224
199.8 -0.409839 -1.24746
199.9 -0.208484 -1.26228
200 0.0399397 -1.26648
