0 2 0
0.1 1.88043 0.0852583
0.2 1.79918 0.16621
0.3 1.73626 0.244036
0.4 1.6825 0.319315
0.5 1.63325 0.392339
0.6 1.58591 0.463242
0.7 1.5389 0.532071
0.8 1.49119 0.598817
0.9 1.442 0.663432
1 1.39069 0.725835
1.1 1.33661 0.785919
1.2 1.2791 0.843548
1.3 1.21736 0.898553
1.4 1.15046 0.950729
1.5 1.07715 0.999821
1.6 0.995818 1.04551
1.7 0.904302 1.08741
1.8 0.799612 1.125
1.9 0.67757 1.15761
2 0.532285 1.18435
2.1 0.35549 1.20404
2.2 0.136053 1.21505
2.3 -0.139187 1.21521
2.4 -0.480008 1.20181
2.5 -0.877723 1.17206
2.6 -1.28495 1.12432
2.7 -1.62485 1.05985
2.8 -1.84822 0.982891
2.9 -1.96493 0.898556
3 -2.01216 0.810752
3.1 -2.02151 0.721799
3.2 -2.01167 0.63291
3.3 -1.99223 0.544692
3.4 -1.96781 0.457452
3.5 -1.94061 0.371355
3.6 -1.91166 0.286498
3.7 -1.88144 0.202945
3.8 -1.85014 0.120747
3.9 -1.81782 0.0399514
4 -1.7845 -0.0393988
4.1 -1.75011 -0.117258
4.2 -1.71458 -0.193577
4.3 -1.67781 -0.268304
4.4 -1.63968 -0.341382
4.5 -1.60005 -0.412748
4.6 -1.55873 -0.482331
4.7 -1.51553 -0.550054
4.8 -1.47019 -0.615827
4.9 -1.4224 -0.67955
5 -1.37179 -0.741107
5.1 -1.3179 -0.800365
5.2 -1.26013 -0.857165
5.3 -1.19774 -0.911322
5.4 -1.12977 -0.962611
5.5 -1.05492 -1.01076
5.6 -0.971496 -1.05543
5.7 -0.877153 -1.09619
5.8 -0.768654 -1.13251
5.9 -0.64145 -1.16364
6 -0.489114 -1.18865
6.1 -0.302679 -1.20624
6.2 -0.0703275 -1.21465
6.3 0.221021 -1.21157
6.4 0.578269 -1.19419
6.5 0.984392 -1.15987
6.6 1.38138 -1.10758
6.7 1.69338 -1.03943
6.8 1.88642 -0.960144
6.9 1.98162 -0.874639
7 2.01668 -0.786398
7.1 2.01979 -0.697401
7.2 2.00684 -0.608665
7.3 1.98581 -0.520698
7.4 1.96053 -0.433763
7.5 1.9328 -0.347999
7.6 1.90349 -0.263494
7.7 1.87296 -0.180308
7.8 1.84138 -0.0984898
7.9 1.8088 -0.0180853
8 1.77519 0.0608613
8.1 1.7405 0.138304
8.2 1.70464 0.214192
8.3 1.66751 0.288474
8.4 1.62899 0.36109
8.5 1.58891 0.431975
8.6 1.5471 0.501057
8.7 1.50334 0.568255
8.8 1.45736 0.633478
8.9 1.40884 0.69662
9 1.35739 0.757562
9.1 1.3025 0.816164
9.2 1.24355 0.872261
9.3 1.17974 0.925657
9.4 1.11003 0.976116
9.5 1.03302 1.02335
9.6 0.946874 1.067
9.7 0.849025 1.1066
9.8 0.735926 1.14158
9.9 0.602577 1.17115
10 0.441919 1.19427
10.1 0.244201 1.20954
10.2 -0.00304984 1.21506
10.3 -0.312347 1.20836
10.4 -0.686237 1.18657
10.5 -1.09732 1.14732
10.6 -1.47785 1.09033
10.7 -1.7579 1.01861
10.8 -1.92058 0.937178
10.9 -1.99575 0.85065
11 -2.01984 0.762056
11.1 -2.0174 0.673057
11.2 -2.00167 0.584495
11.3 -1.97921 0.496792
11.4 -1.95313 0.410166
11.5 -1.92492 0.32474
11.6 -1.89524 0.24059
11.7 -1.86442 0.157774
11.8 -1.83257 0.0763386
11.9 -1.7997 -0.00367134
12 -1.7658 -0.0822109
12.1 -1.7308 -0.159233
12.2 -1.69461 -0.234687
12.3 -1.65711 -0.308519
12.4 -1.61818 -0.380668
12.5 -1.57765 -0.451067
12.6 -1.53533 -0.519642
12.7 -1.49099 -0.586309
12.8 -1.44435 -0.650973
12.9 -1.39507 -0.713526
13 -1.34273 -0.773842
13.1 -1.2868 -0.831776
13.2 -1.22661 -0.887154
13.3 -1.1613 -0.939772
13.4 -1.08974 -0.98938
13.5 -1.01045 -1.03567
13.6 -0.921382 -1.07826
13.7 -0.819763 -1.11667
13.8 -0.701693 -1.15025
13.9 -0.561673 -1.17817
14 -0.391965 -1.1993
14.1 -0.182018 -1.21211
14.2 0.0811237 -1.21456
14.3 0.408688 -1.20401
14.4 0.797272 -1.17763
14.5 1.208 -1.13342
14.6 1.56642 -1.07197
14.7 1.81333 -0.997067
14.8 1.94817 -0.913842
14.9 2.00614 -0.826515
15 2.02108 -0.737689
15.1 2.01405 -0.648749
15.2 1.99602 -0.560392
15.3 1.97235 -0.472967
15.4 1.94558 -0.386659
15.5 1.91692 -0.301576
15.6 1.88691 -0.217787
15.7 1.8558 -0.135344
15.8 1.82367 -0.0542942
15.9 1.79053 0.0253178
16 1.75633 0.103447
16.1 1.72102 0.180045
16.2 1.68448 0.255061
16.3 1.6466 0.328438
16.4 1.60725 0.400115
16.5 1.56625 0.470022
16.6 1.52341 0.538084
16.7 1.47847 0.604213
16.8 1.43114 0.66831
16.9 1.38107 0.730264
17 1.3278 0.789944
17.1 1.27078 0.847196
17.2 1.20928 0.901841
17.3 1.14239 0.953662
17.4 1.06888 1.00239
17.5 0.987139 1.04772
17.6 0.894955 1.08921
17.7 0.789277 1.12637
17.8 0.665827 1.15849
17.9 0.518562 1.18468
18 0.339013 1.20371
18.1 0.115846 1.21391
18.2 -0.164099 1.21308
18.3 -0.509816 1.19848
18.4 -0.910228 1.16734
18.5 -1.31467 1.1182
18.6 -1.64621 1.05259
18.7 -1.86016 0.974906
18.8 -1.97004 0.890208
18.9 -2.01338 0.802274
19 -2.02074 0.713317
19.1 -2.00991 0.624486
19.2 -1.98995 0.536358
19.3 -1.96526 0.449226
19.4 -1.93789 0.363245
19.5 -1.90883 0.27851
19.6 -1.8785 0.195084
19.7 -1.84711 0.113018
19.8 -1.8147 0.0323575
19.9 -1.78128 -0.0468531
20 -1.74678 -0.124568
20.1 -1.71114 -0.200738
20.2 -1.67425 -0.275311
20.3 -1.63599 -0.34823
20.4 -1.5962 -0.419429
20.5 -1.55472 -0.48884
20.6 -1.51132 -0.556381
20.7 -1.46576 -0.621964
20.8 -1.41772 -0.685487
20.9 -1.36683 -0.746832
21 -1.31259 -0.805864
21.1 -1.25442 -0.862422
21.2 -1.19155 -0.916317
21.3 -1.12298 -0.967321
21.4 -1.0474 -1.01516
21.5 -0.963054 -1.05947
21.6 -0.867524 -1.09984
21.7 -0.75747 -1.1357
21.8 -0.628192 -1.1663
21.9 -0.473049 -1.19066
22 -0.282806 -1.20746
22.1 -0.0454034 -1.21489
22.2 0.252111 -1.21058
22.3 0.615296 -1.1917
22.4 1.02369 -1.15567
22.5 1.41566 -1.10173
22.6 1.71679 -1.0323
22.7 1.89906 -0.952228
22.8 1.98698 -0.866341
22.9 2.01801 -0.777963
23 2.01908 -0.688957
23.1 2.00511 -0.600278
23.2 1.98355 -0.512401
23.3 1.95798 -0.425571
23.4 1.93008 -0.339924
23.5 1.90064 -0.255541
23.6 1.87001 -0.172483
23.7 1.83834 -0.0907975
23.8 1.80565 -0.0105295
23.9 1.77194 0.0682764
24 1.73714 0.145573
24.1 1.70117 0.221312
24.2 1.66392 0.295438
24.3 1.62525 0.367892
24.4 1.58502 0.43861
24.5 1.54304 0.507517
24.6 1.49908 0.574532
24.7 1.45287 0.639562
24.8 1.40409 0.702501
24.9 1.35233 0.763227
25 1.29709 0.821598
25.1 1.23772 0.877448
25.2 1.1734 0.930576
25.3 1.10306 0.980742
25.4 1.02528 1.02765
25.5 0.938137 1.07094
25.6 0.839012 1.11013
25.7 0.724233 1.14463
25.8 0.588633 1.17364
25.9 0.424924 1.19608
26 0.223075 1.21052
26.1 -0.0295759 1.21499
26.2 -0.34519 1.20698
26.3 -0.72444 1.18362
26.4 -1.13604 1.14265
26.5 -1.50951 1.08409
26.6 -1.77813 1.01122
26.7 -1.93085 0.929125
26.8 -1.99974 0.842296
26.9 -2.02047 0.75361
27 -2.01633 0.664625
27.1 -1.99976 0.57613
27.2 -1.97686 0.488522
27.3 -1.95053 0.402006
27.4 -1.92216 0.316698
27.5 -1.89236 0.232672
27.6 -1.86144 0.149985
27.7 -1.82949 0.0686833
27.8 -1.79653 -0.0111891
27.9 -1.76253 -0.0895866
28 -1.72742 -0.166462
28.1 -1.69111 -0.241765
28.2 -1.65348 -0.31544
28.3 -1.61441 -0.387425
28.4 -1.57371 -0.457655
28.5 -1.53121 -0.526052
28.6 -1.48667 -0.592534
28.7 -1.43979 -0.657002
28.8 -1.39024 -0.719349
28.9 -1.33758 -0.779445
29 -1.28128 -0.837144
29.1 -1.22064 -0.89227
29.2 -1.15479 -0.944613
29.3 -1.08258 -0.993921
29.4 -1.00245 -1.03988
29.5 -0.912328 -1.0821
29.6 -0.809336 -1.12007
29.7 -0.689449 -1.15316
29.8 -0.546985 -1.18049
29.9 -0.373958 -1.2009
30 -0.159541 -1.21283
30.1 0.109329 -1.21416
30.2 0.443226 -1.20223
30.3 0.836285 -1.17422
30.4 1.24553 -1.12829
30.5 1.59511 -1.06536
30.6 1.83051 -0.989448
30.7 1.95636 -0.905677
30.8 2.00898 -0.81812
30.9 2.02113 -0.729238
31 2.01269 -0.640331
31.1 1.99396 -0.552051
31.2 1.96991 -0.464726
31.3 1.94293 -0.378531
31.4 1.91413 -0.293568
31.5 1.88401 -0.209904
31.6 1.85279 -0.127591
31.7 1.82057 -0.0466761
31.8 1.78733 0.0327971
31.9 1.75303 0.110783
32 1.7176 0.187233
32.1 1.68094 0.262096
32.2 1.64294 0.335315
32.3 1.60344 0.406826
32.4 1.56227 0.476562
32.5 1.51923 0.544444
32.6 1.47408 0.610385
32.7 1.42651 0.674284
32.8 1.37616 0.736028
32.9 1.32256 0.795484
33 1.26514 0.852497
33.1 1.20318 0.906884
33.2 1.13572 0.958424
33.3 1.06151 1.00685
33.4 0.978879 1.05183
33.5 0.885561 1.09294
33.6 0.778404 1.12965
33.7 0.652986 1.16125
33.8 0.503064 1.18682
33.9 0.319907 1.20509
34 0.0919196 1.21435
34.1 -0.19404 1.21233
34.2 -0.545925 1.19627
34.3 -0.949589 1.16345
34.4 -1.35041 1.11263
34.5 -1.67174 1.04565
34.6 -1.8745 0.967097
34.7 -1.97643 0.881956
34.8 -2.01526 0.793851
34.9 -2.0203 0.704869
35 -2.00831 0.616086
35.1 -1.98777 0.528043
35.2 -1.96276 0.441014
35.3 -1.9352 0.355148
35.4 -1.906 0.270535
35.5 -1.87557 0.187236
35.6 -1.84407 0.105302
35.7 -1.81157 0.024777
35.8 -1.77805 -0.0542937
35.9 -1.74345 -0.131864
36 -1.7077 -0.207885
36.1 -1.67068 -0.282304
36.2 -1.63228 -0.355062
36.3 -1.59234 -0.426095
36.4 -1.55069 -0.495331
36.5 -1.5071 -0.562691
36.6 -1.46132 -0.628083
36.7 -1.41302 -0.691405
36.8 -1.36183 -0.752536
36.9 -1.30725 -0.81134
37 -1.24867 -0.867654
37.1 -1.18531 -0.921285
37.2 -1.11613 -0.972001
37.3 -1.03981 -1.01952
37.4 -0.954512 -1.06348
37.5 -0.857765 -1.10345
37.6 -0.746114 -1.13884
37.7 -0.614702 -1.1689
37.8 -0.45667 -1.19261
37.9 -0.262509 -1.2086
38 -0.0199334 -1.21503
38.1 0.283811 -1.20946
38.2 0.652766 -1.18905
38.3 1.06286 -1.15131
38.4 1.44907 -1.09574
38.5 1.7391 -1.02508
38.6 1.91085 -0.944262
38.7 1.99184 -0.858022
38.8 2.01909 -0.769522
38.9 2.01824 -0.680517
39 2.00331 -0.591898
39.1 1.98126 -0.504112
39.2 1.95542 -0.41739
39.3 1.92735 -0.33186
39.4 1.89778 -0.247601
39.5 1.86705 -0.164671
39.6 1.83528 -0.083118
39.7 1.8025 -0.00298681
39.8 1.76869 0.0756779
39.9 1.73378 0.152829
40 1.69769 0.228417
40.1 1.66031 0.302387
40.2 1.62151 0.37468
40.3 1.58112 0.445228
40.4 1.53896 0.513959
40.5 1.4948 0.58079
40.6 1.44836 0.645626
40.7 1.39932 0.708361
40.8 1.34725 0.76887
40.9 1.29164 0.82701
41 1.23184 0.88261
41.1 1.167 0.935468
41.2 1.09602 0.985339
41.3 1.01744 1.03192
41.4 0.929293 1.07484
41.5 0.828859 1.11362
41.6 0.712355 1.14763
41.7 0.574439 1.17607
41.8 0.407587 1.19782
41.9 0.201492 1.2114
42 -0.0566764 1.21481
42.1 -0.37863 1.20547
42.2 -0.76297 1.18051
42.3 -1.17442 1.13782
42.4 -1.54017 1.07771
42.5 -1.79728 1.00374
42.6 -1.94036 0.921031
42.7 -2.00331 0.833927
42.8 -2.02089 0.745161
42.9 -2.01516 0.656197
43 -1.9978 0.567774
43.1 -1.97447 0.480262
43.2 -1.94791 0.393856
43.3 -1.91938 0.308667
43.4 -1.88948 0.224767
43.5 -1.85845 0.142209
43.6 -1.82641 0.0610408
43.7 -1.79335 -0.0186935
43.8 -1.75925 -0.0969487
43.9 -1.72403 -0.173677
44 -1.68759 -0.248828
44.1 -1.64984 -0.322345
44.2 -1.61062 -0.394167
44.3 -1.56976 -0.464226
44.4 -1.52708 -0.532445
44.5 -1.48232 -0.59874
44.6 -1.43521 -0.663012
44.7 -1.38539 -0.725151
44.8 -1.33241 -0.785027
44.9 -1.27572 -0.842489
45 -1.21463 -0.897361
45.1 -1.14823 -0.949428
45.2 -1.07534 -0.998432
45.3 -0.994364 -1.04405
45.4 -0.90316 -1.08589
45.5 -0.798759 -1.12343
45.6 -0.677004 -1.15601
45.7 -0.532024 -1.18274
45.8 -0.35558 -1.20243
45.9 -0.136573 -1.21345
46 0.138131 -1.21364
46.1 0.478327 -1.20031
46.2 0.875475 -1.17064
46.3 1.2825 -1.123
46.4 1.62272 -1.05863
46.5 1.84668 -0.981759
46.6 1.96389 -0.897481
46.7 2.01146 -0.809714
46.8 2.021 -0.720788
46.9 2.01125 -0.631919
47 1.99185 -0.543718
47.1 1.96745 -0.456495
47.2 1.94027 -0.370413
47.3 1.91132 -0.285571
47.4 1.88109 -0.202033
47.5 1.84978 -0.119851
47.6 1.81746 -0.039071
47.7 1.78412 0.040263
47.8 1.74972 0.118105
47.9 1.71418 0.194407
48 1.6774 0.269116
48.1 1.63925 0.342176
48.2 1.5996 0.413522
48.3 1.55827 0.483086
48.4 1.51504 0.550787
48.5 1.46968 0.616539
48.6 1.42186 0.680239
48.7 1.37122 0.741771
48.8 1.31728 0.801003
48.9 1.25947 0.857775
49 1.19703 0.911902
49.1 1.12899 0.963158
49.2 1.05406 1.01127
49.3 0.970524 1.0559
49.4 0.876044 1.09662
49.5 0.767368 1.13288
49.6 0.639927 1.16395
49.7 0.487269 1.18889
49.8 0.300399 1.20638
49.9 0.0674688 1.21468
50 -0.22459 1.21146
50.1 -0.582533 1.19391
50.2 -0.988948 1.1594
50.3 -1.38539 1.10691
50.4 -1.69614 1.03861
50.5 -1.88793 0.95923
50.6 -1.98227 0.873679
50.7 -2.01685 0.785421
50.8 -2.01971 0.696423
50.9 -2.00664 0.607693
51 -1.98555 0.519737
51.1 -1.96023 0.432813
51.2 -1.93249 0.347063
51.3 -1.90316 0.262572
51.4 -1.87262 0.179401
51.5 -1.84103 0.0975983
51.6 -1.80844 0.0172096
51.7 -1.77481 -0.0617207
51.8 -1.74011 -0.139146
51.9 -1.70424 -0.215018
52 -1.6671 -0.289281
52.1 -1.62856 -0.361878
52.2 -1.58846 -0.432744
52.3 -1.54664 -0.501806
52.4 -1.50285 -0.568983
52.5 -1.45685 -0.634183
52.6 -1.4083 -0.697302
52.7 -1.3568 -0.758219
52.8 -1.30187 -0.816794
52.9 -1.24288 -0.872863
53 -1.17901 -0.926228
53.1 -1.10922 -0.976653
53.2 -1.03213 -1.02385
53.3 -0.945868 -1.06746
53.4 -0.847872 -1.10701
53.5 -0.734581 -1.14193
53.6 -0.600975 -1.17144
53.7 -0.439968 -1.19448
53.8 -0.241778 -1.20966
53.9 0.00609264 -1.21506
54 0.31612 -1.2082
54.1 0.690643 -1.18624
54.2 1.10182 -1.14679
54.3 1.48157 -1.08962
54.4 1.76029 -1.01776
54.5 1.92181 -0.936248
54.6 1.99623 -0.849683
54.7 2.01993 -0.761078
54.8 2.01728 -0.672081
54.9 2.00145 -0.583526
55 1.97894 -0.495834
55.1 1.95283 -0.40922
55.2 1.9246 -0.323808
55.3 1.89491 -0.239673
55.4 1.86408 -0.156871
55.5 1.83221 -0.0754514
55.6 1.79934 0.00454262
55.7 1.76542 0.0830657
55.8 1.73041 0.160071
55.9 1.6942 0.235508
56 1.65669 0.309321
56.1 1.61774 0.381451
56.2 1.5772 0.451831
56.3 1.53485 0.520385
56.4 1.49049 0.587031
56.5 1.44382 0.651672
56.6 1.39451 0.714201
56.7 1.34213 0.774492
56.8 1.28616 0.832399
56.9 1.22592 0.887748
57 1.16055 0.940334
57.1 1.08892 0.989907
57.2 1.00952 1.03616
57.3 0.920339 1.07871
57.4 0.818563 1.11706
57.5 0.700285 1.15059
57.6 0.559986 1.17844
57.7 0.389899 1.19949
57.8 0.17944 1.2122
57.9 -0.0843598 1.21452
58 -0.412658 1.20381
58.1 -0.801779 1.17724
58.2 -1.21237 1.13283
58.3 -1.56979 1.07121
58.4 -1.81537 0.996189
58.5 -1.94916 0.912898
58.6 -2.00648 0.825543
58.7 -2.0211 0.73671
58.8 -2.01389 0.647774
58.9 -1.99578 0.559425
59 -1.97207 0.472012
59.1 -1.94528 0.385717
59.2 -1.9166 0.300648
59.3 -1.88658 0.216873
59.4 -1.85545 0.134445
59.5 -1.82331 0.0534113
59.6 -1.79016 -0.0261846
59.7 -1.75595 -0.104297
59.8 -1.72062 -0.180878
59.9 -1.68407 -0.255876
60 -1.64618 -0.329235
60.1 -1.60681 -0.400893
60.2 -1.56579 -0.470781
60.3 -1.52292 -0.538821
60.4 -1.47796 -0.604928
60.5 -1.43061 -0.669003
60.6 -1.3805 -0.730933
60.7 -1.3272 -0.790587
60.8 -1.27013 -0.847811
60.9 -1.20858 -0.902426
61 -1.14162 -0.954215
61.1 -1.06803 -1.00291
61.2 -0.986187 -1.04819
61.3 -0.893873 -1.08965
61.4 -0.788026 -1.12675
61.5 -0.664351 -1.15882
61.6 -0.516782 -1.18493
61.7 -0.33682 -1.20387
61.8 -0.113101 -1.21397
61.9 0.167535 -1.213
62 0.513972 -1.19823
62.1 0.914784 -1.16689
62.2 1.31885 -1.11756
62.3 1.64922 -1.05179
62.4 1.86186 -0.974005
62.5 1.97081 -0.889253
62.6 2.01362 -0.801299
62.7 2.02069 -0.712338
62.8 2.00972 -0.623513
62.9 1.9897 -0.535395
63 1.96497 -0.448274
63.1 1.93758 -0.362307
63.2 1.9085 -0.277586
63.3 1.87816 -0.194174
63.4 1.84676 -0.112124
63.5 1.81434 -0.031479
63.6 1.7809 0.0477155
63.7 1.7464 0.125414
63.8 1.71074 0.201567
63.9 1.67384 0.276122
64 1.63556 0.349022
64.1 1.59576 0.420202
64.2 1.55425 0.489592
64.3 1.51083 0.557113
64.4 1.46525 0.622674
64.5 1.41718 0.686173
64.6 1.36625 0.747494
64.7 1.31197 0.806499
64.8 1.25376 0.863029
64.9 1.19083 0.916893
65 1.12219 0.967864
65.1 1.04653 1.01566
65.2 0.96207 1.05994
65.3 0.8664 1.10026
65.4 0.756164 1.13606
65.5 0.626642 1.1666
65.6 0.471168 1.19089
65.7 0.280477 1.2076
65.8 0.0424819 1.21491
65.9 -0.255751 1.21045
66 -0.619614 1.1914
66.1 -1.02824 1.15518
66.2 -1.41957 1.10105
66.3 -1.71943 1.03147
66.4 -1.90047 0.951308
66.5 -1.98757 0.865378
66.6 -2.01815 0.776985
66.7 -2.01899 0.68798
66.8 -2.0049 0.599307
66.9 -1.98329 0.51144
67 -1.95768 0.424623
67.1 -1.92977 0.338989
67.2 -1.90031 0.254621
67.3 -1.86967 0.171578
67.4 -1.83798 0.0899075
67.5 -1.80529 0.00965529
67.6 -1.77157 -0.0691342
67.7 -1.73676 -0.146414
67.8 -1.70077 -0.222136
67.9 -1.6635 -0.296244
68 -1.62482 -0.368679
68.1 -1.58457 -0.439377
68.2 -1.54257 -0.508264
68.3 -1.49858 -0.575257
68.4 -1.45235 -0.640265
68.5 -1.40354 -0.70318
68.6 -1.35175 -0.763882
68.7 -1.29646 -0.822226
68.8 -1.23704 -0.878047
68.9 -1.17266 -0.931144
69 -1.10225 -0.981276
69.1 -1.02437 -1.02815
69.2 -0.937119 -1.07139
69.3 -0.837844 -1.11054
69.4 -0.722867 -1.14498
69.5 -0.587003 -1.17392
69.6 -0.422934 -1.19629
69.7 -0.220599 -1.21062
69.8 0.0326848 -1.21498
69.9 0.349032 -1.20681
70 0.728886 -1.18327
70.1 1.1405 -1.1421
70.2 1.51311 -1.08336
70.3 1.7804 -1.01036
70.4 1.93199 -0.92819
70.5 2.00018 -0.841328
70.6 2.02053 -0.752631
70.7 2.0162 -0.663649
70.8 1.99953 -0.575162
70.9 1.97658 -0.487565
71 1.95023 -0.401061
71.1 1.92184 -0.315767
71.2 1.89203 -0.231756
71.3 1.86109 -0.149084
71.4 1.82913 -0.0677975
71.5 1.79616 0.0120588
71.6 1.76215 0.0904399
71.7 1.72703 0.167298
71.8 1.6907 0.242584
71.9 1.65306 0.31624
72 1.61397 0.388207
72.1 1.57326 0.458416
72.2 1.53074 0.526794
72.3 1.48617 0.593253
72.4 1.43926 0.657699
72.5 1.38968 0.720022
72.6 1.33699 0.780093
72.7 1.28064 0.837764
72.8 1.21995 0.892861
72.9 1.15404 0.945172
73 1.08174 0.994445
73.1 1.00152 1.04036
73.2 0.911272 1.08254
73.3 0.808119 1.12046
73.4 0.688018 1.15349
73.5 0.545267 1.18075
73.6 0.371849 1.20108
73.7 0.156906 1.2129
73.8 -0.112634 1.2141
73.9 -0.447262 1.20202
74 -0.840816 1.17381
74.1 -1.24984 1.12768
74.2 -1.59836 1.06459
74.3 -1.83243 0.988561
74.4 -1.95727 0.90473
74.5 -2.00928 0.817147
74.6 -2.02112 0.72826
74.7 -2.01253 0.639357
74.8 -1.99372 0.551085
74.9 -1.96963 0.463772
75 -1.94262 0.37759
75.1 -1.9138 0.292641
75.2 -1.88367 0.208992
75.3 -1.85245 0.126694
75.4 -1.82021 0.0457947
75.5 -1.78696 -0.0336624
75.6 -1.75265 -0.111632
75.7 -1.71721 -0.188065
75.8 -1.68053 -0.26291
75.9 -1.64251 -0.33611
76 -1.60299 -0.407603
76.1 -1.56181 -0.477319
76.2 -1.51875 -0.54518
76.3 -1.47357 -0.611098
76.4 -1.42597 -0.674975
76.5 -1.37559 -0.736694
76.6 -1.32195 -0.796124
76.7 -1.26449 -0.85311
76.8 -1.20247 -0.907466
76.9 -1.13494 -0.958974
77 -1.06065 -1.00736
77.1 -0.977916 -1.0523
77.2 -0.884466 -1.09337
77.3 -0.777134 -1.13002
77.4 -0.651485 -1.16157
77.5 -0.50125 -1.18706
77.6 -0.317668 -1.20524
77.7 -0.0891151 -1.21439
77.8 0.197547 -1.21224
77.9 0.550139 -1.19601
78 0.954148 -1.16299
78.1 1.3545 -1.11198
78.2 1.67462 -1.04484
78.3 1.8761 -0.966189
78.4 1.97714 -0.880999
78.5 2.01546 -0.792875
78.6 2.02024 -0.703891
78.7 2.00812 -0.615114
78.8 1.98751 -0.527081
78.9 1.96247 -0.440064
79 1.93489 -0.354211
79.1 1.90567 -0.269612
79.2 1.87523 -0.186328
79.3 1.84372 -0.104409
79.4 1.81121 -0.0239
79.5 1.77768 0.0551545
79.6 1.74306 0.132708
79.7 1.7073 0.208712
79.8 1.67027 0.283113
79.9 1.63185 0.355852
80 1.59189 0.426866
80.1 1.55022 0.496082
80.2 1.50661 0.56342
80.3 1.4608 0.628791
80.4 1.41248 0.692089
80.5 1.36125 0.753196
80.6 1.30663 0.811973
80.7 1.248 0.868259
80.8 1.18458 0.921859
80.9 1.11534 0.972542
81 1.03892 1.02002
81.1 0.953517 1.06394
81.2 0.856626 1.10386
81.3 0.744787 1.1392
81.4 0.613125 1.16919
81.5 0.454752 1.19283
81.6 0.260131 1.20873
81.7 0.0169481 1.21504
81.8 -0.287522 1.20932
81.9 -0.657133 1.18873
82 -1.06738 1.1508
82.1 -1.45288 1.09504
82.2 -1.74161 1.02423
82.3 -1.91216 0.943336
82.4 -1.99238 0.857057
82.5 -2.0192 0.768545
82.6 -2.01813 0.67954
82.7 -2.0031 0.590928
82.8 -1.98099 0.503153
82.9 -1.95512 0.416444
83 -1.92703 0.330927
83.1 -1.89745 0.246682
83.2 -1.8667 0.163767
83.3 -1.83492 0.0822295
83.4 -1.80213 0.00211417
83.5 -1.76831 -0.0765341
83.6 -1.73339 -0.153669
83.7 -1.69729 -0.229239
83.8 -1.65989 -0.303191
83.9 -1.62107 -0.375465
84 -1.58066 -0.445994
84.1 -1.53848 -0.514704
84.2 -1.4943 -0.581514
84.3 -1.44784 -0.646328
84.4 -1.39876 -0.709038
84.5 -1.34666 -0.769522
84.6 -1.29101 -0.827635
84.7 -1.23116 -0.883206
84.8 -1.16625 -0.936033
84.9 -1.0952 -0.98587
85 -1.01653 -1.03242
85.1 -0.928262 -1.07529
85.2 -0.827674 -1.11402
85.3 -0.710967 -1.14798
85.4 -0.572778 -1.17635
85.5 -0.405556 -1.19802
85.6 -0.198962 -1.2115
85.7 0.0598523 -1.21478
85.8 0.382541 -1.20528
85.9 0.767451 -1.18014
86 1.17883 -1.13725
86.1 1.54365 -1.07697
86.2 1.79943 -1.00287
86.3 1.94142 -0.920091
86.4 2.0037 -0.832956
86.5 2.02092 -0.744182
86.6 2.01502 -0.655221
86.7 1.99756 -0.566806
86.8 1.9742 -0.479306
86.9 1.94761 -0.392913
87 1.91906 -0.307738
87.1 1.88914 -0.223852
87.2 1.8581 -0.141309
87.3 1.82605 -0.0601566
87.4 1.79298 0.0195617
87.5 1.75887 0.0978004
87.6 1.72363 0.174512
87.7 1.68719 0.249645
87.8 1.64941 0.323144
87.9 1.61018 0.394947
88 1.5693 0.464986
88.1 1.5266 0.533185
88.2 1.48182 0.599458
88.3 1.43468 0.663707
88.4 1.38482 0.725822
88.5 1.3318 0.785672
88.6 1.27508 0.843107
88.7 1.21393 0.897949
88.8 1.14747 0.949984
88.9 1.0745 0.998952
89 0.993422 1.04453
89.1 0.90209 1.08633
89.2 0.797524 1.12382
89.3 0.675549 1.15634
89.4 0.530273 1.183
89.5 0.353427 1.2026
89.6 0.13388 1.21351
89.7 -0.141505 1.21357
89.8 -0.482427 1.20007
89.9 -0.880023 1.17021
90 -1.28674 1.12238
90.1 -1.62584 1.05785
90.2 -1.84848 0.980865
90.3 -1.96473 0.896529
90.4 -2.01173 0.80874
90.5 -2.02097 0.719809
90.6 -2.01108 0.630945
90.7 -1.99161 0.542754
90.8 -1.96717 0.455542
90.9 -1.93996 0.369474
91 -1.91099 0.284645
91.1 -1.88075 0.201122
91.2 -1.84943 0.118956
91.3 -1.8171 0.0381911
91.4 -1.78375 -0.0411267
91.5 -1.74934 -0.118952
91.6 -1.71378 -0.195237
91.7 -1.67699 -0.269928
91.8 -1.63883 -0.342969
91.9 -1.59916 -0.414297
92 -1.5578 -0.48384
92.1 -1.51456 -0.551521
92.2 -1.46916 -0.61725
92.3 -1.42132 -0.680927
92.4 -1.37064 -0.742435
92.5 -1.31667 -0.80164
92.6 -1.25881 -0.858385
92.7 -1.19631 -0.912481
92.8 -1.1282 -0.963705
92.9 -1.05319 -1.01178
93 -0.96955 -1.05637
93.1 -0.874934 -1.09704
93.2 -0.766079 -1.13325
93.3 -0.6384 -1.16426
93.4 -0.48542 -1.18912
93.5 -0.298113 -1.20653
93.6 -0.0646028 -1.21471
93.7 0.228167 -1.21135
93.8 0.586804 -1.19363
93.9 0.993503 -1.15892
94 1.3894 -1.10624
94.1 1.6989 -1.03779
94.2 1.88943 -0.958315
94.3 1.98291 -0.872719
94.4 2.01701 -0.784445
94.5 2.01963 -0.695445
94.6 2.00644 -0.606721
94.7 1.98529 -0.518776
94.8 1.95994 -0.431864
94.9 1.93217 -0.346128
95 1.90283 -0.261651
95.1 1.87228 -0.178494
95.2 1.84068 -0.096707
95.3 1.80807 -0.0163341
95.4 1.77444 0.06258
95.5 1.73972 0.139989
95.6 1.70384 0.215843
95.7 1.66668 0.290088
95.8 1.62812 0.362667
95.9 1.58801 0.433513
96 1.54616 0.502555
96.1 1.50236 0.569711
96.2 1.45633 0.634889
96.3 1.40775 0.697984
96.4 1.35622 0.758876
96.5 1.30125 0.817425
96.6 1.2422 0.873464
96.7 1.17828 0.926798
96.8 1.10842 0.97719
96.9 1.03124 1.02435
97 0.94486 1.06791
97.1 0.846718 1.10742
97.2 0.733234 1.14229
97.3 0.599369 1.17173
97.4 0.438013 1.1947
97.5 0.239348 1.20977
97.6 -0.00914303 1.21505
97.7 -0.3199 1.20805
97.8 -0.695054 1.1859
97.9 -1.10632 1.14625
98 -1.48527 1.0889
98.1 -1.76268 1.01691
98.2 -1.92303 0.935317
98.3 -1.99671 0.848717
98.4 -2.02001 0.7601
98.5 -2.01716 0.671104
98.6 -2.00123 0.582557
98.7 -1.97867 0.494876
98.8 -1.95253 0.408275
98.9 -1.92428 0.322876
99 -1.89458 0.238755
99.1 -1.86373 0.155969
99.2 -1.83185 0.0745644
99.3 -1.79897 -0.00541372
99.4 -1.76505 -0.0839204
99.5 -1.73002 -0.160909
99.6 -1.6938 -0.236328
99.7 -1.65627 -0.310123
99.8 -1.61731 -0.382234
99.9 -1.57674 -0.452594
100 -1.53438 -0.521128
100.1 -1.48999 -0.587752
100.2 -1.4433 -0.652371
100.3 -1.39395 -0.714876
100.4 -1.34154 -0.775142
100.5 -1.28552 -0.833021
100.6 -1.22523 -0.888341
100.7 -1.1598 -0.940896
100.8 -1.08809 -0.990434
100.9 -1.0086 -1.03665
101 -0.919295 -1.07915
101.1 -0.817361 -1.11746
101.2 -0.698874 -1.15093
101.3 -0.558295 -1.17871
101.4 -0.387827 -1.19968
101.5 -0.176855 -1.21229
101.6 0.0876037 -1.21447
101.7 0.416636 -1.20361
101.8 0.80629 -1.17685
101.9 1.21674 -1.13224
102 1.57316 -1.07045
102.1 1.8174 -0.995309
102.2 1.95013 -0.911954
102.3 2.00683 -0.824571
102.4 2.02111 -0.735732
102.5 2.01374 -0.646799
102.6 1.99554 -0.558459
102.7 1.97178 -0.471057
102.8 1.94497 -0.384776
102.9 1.91627 -0.29972
103 1.88624 -0.21596
103.1 1.85511 -0.133547
103.2 1.82295 -0.0525286
103.3 1.78979 0.0270513
103.4 1.75557 0.105147
103.5 1.72023 0.181711
103.6 1.68366 0.256691
103.7 1.64576 0.330032
103.8 1.60637 0.401671
103.9 1.56533 0.471539
104 1.52244 0.539559
104.1 1.47745 0.605644
104.2 1.43007 0.669696
104.3 1.37993 0.731601
104.4 1.32659 0.791229
104.5 1.26948 0.848426
104.6 1.20787 0.903011
104.7 1.14085 0.954767
104.8 1.06718 1.00343
104.9 0.985234 1.04867
105 0.89279 1.09008
105.1 0.786773 1.12713
105.2 0.662872 1.15914
105.3 0.514998 1.18518
105.4 0.334623 1.20404
105.5 0.11035 1.21402
105.6 -0.17098 1.21292
105.7 -0.518134 1.19798
105.8 -0.919341 1.16645
105.9 -1.32301 1.11692
106 -1.65222 1.05099
106.1 -1.86356 0.973103
106.2 -1.97157 0.888299
106.3 -2.01385 0.800324
106.4 -2.02065 0.71136
106.5 -2.00954 0.62254
106.6 -1.98945 0.534432
106.7 -1.96468 0.447323
106.8 -1.93727 0.361369
106.9 -1.90817 0.276662
107 -1.87782 0.193265
107.1 -1.8464 0.11123
107.2 -1.81398 0.0306006
107.3 -1.78053 -0.0485776
107.4 -1.74601 -0.126259
107.5 -1.71034 -0.202395
107.6 -1.67342 -0.276932
107.7 -1.63513 -0.349813
107.8 -1.59531 -0.420974
107.9 -1.55379 -0.490345
108 -1.51035 -0.557844
108.1 -1.46473 -0.623383
108.2 -1.41664 -0.686859
108.3 -1.36567 -0.748155
108.4 -1.31136 -0.807134
108.5 -1.25309 -0.863636
108.6 -1.19011 -0.91747
108.7 -1.1214 -0.968407
108.8 -1.04565 -1.01617
108.9 -0.961085 -1.06041
109 -0.865275 -1.10068
109.1 -0.754855 -1.13643
109.2 -0.625088 -1.1669
109.3 -0.469283 -1.19112
109.4 -0.278143 -1.20773
109.5 -0.0395531 -1.21493
109.6 0.259399 -1.21033
109.7 0.623937 -1.1911
109.8 1.03278 -1.15468
109.9 1.42347 -1.10036
110 1.72206 -1.03064
110.1 1.90187 -0.950388
110.2 1.98815 -0.864416
110.3 2.01829 -0.776008
110.4 2.01889 -0.687002
110.5 2.0047 -0.598336
110.6 1.98302 -0.51048
110.7 1.95739 -0.423675
110.8 1.92945 -0.338055
110.9 1.89998 -0.253701
111 1.86932 -0.170673
111.1 1.83763 -0.0890177
111.2 1.80492 -0.0087813
111.3 1.77119 0.0699919
111.4 1.73637 0.147255
111.5 1.70037 0.222959
111.6 1.66308 0.297049
111.7 1.62439 0.369466
111.8 1.58412 0.440144
111.9 1.5421 0.50901
112 1.49809 0.575983
112.1 1.45183 0.640968
112.2 1.40299 0.70386
112.3 1.35116 0.764536
112.4 1.29583 0.822854
112.5 1.23636 0.878645
112.6 1.17192 0.931711
112.7 1.10143 0.98181
112.8 1.02347 1.02864
112.9 0.936099 1.07185
113 0.836673 1.11094
113.1 0.721499 1.14533
113.2 0.585368 1.17421
113.3 0.420939 1.19649
113.4 0.218117 1.21073
113.5 -0.0358014 1.21496
113.6 -0.352882 1.20664
113.7 -0.733337 1.18292
113.8 -1.14496 1.14155
113.9 -1.5167 1.08262
114 -1.78266 1.00949
114.1 -1.93312 0.927254
114.2 -2.00061 0.840359
114.3 -2.02059 0.751653
114.4 -2.01607 0.662672
114.5 -1.99931 0.574194
114.6 -1.97631 0.486608
114.7 -1.94993 0.400117
114.8 -1.92151 0.314836
114.9 -1.8917 0.23084
115 -1.86075 0.148183
115.1 -1.82878 0.066912
115.2 -1.7958 -0.0129284
115.3 -1.76177 -0.091293
115.4 -1.72663 -0.168135
115.5 -1.69029 -0.243402
115.6 -1.65264 -0.31704
115.7 -1.61353 -0.388988
115.8 -1.5728 -0.459178
115.9 -1.53026 -0.527535
116 -1.48566 -0.593973
116.1 -1.43873 -0.658396
116.2 -1.38912 -0.720694
116.3 -1.33639 -0.78074
116.4 -1.28 -0.838384
116.5 -1.21926 -0.893451
116.6 -1.15328 -0.945731
116.7 -1.08091 -0.994968
116.8 -1.00058 -1.04085
116.9 -0.910215 -1.08298
117 -0.8069 -1.12085
117.1 -0.686585 -1.15382
117.2 -0.543544 -1.18101
117.3 -0.369735 -1.20126
117.4 -0.154265 -1.21298
117.5 0.115947 -1.21405
117.6 0.451306 -1.2018
117.7 0.845348 -1.1734
117.8 1.25414 -1.12708
117.9 1.6016 -1.06381
118 1.83434 -0.987673
118.1 1.95816 -0.903782
118.2 2.00958 -0.816174
118.3 2.02111 -0.727281
118.4 2.01237 -0.638382
118.5 1.99347 -0.55012
118.6 1.96935 -0.462818
118.7 1.94232 -0.37665
118.8 1.91348 -0.291714
118.9 1.88333 -0.20808
119 1.8521 -0.125797
119.1 1.81985 -0.0449135
119.2 1.78659 0.0345275
119.3 1.75227 0.11248
119.4 1.71681 0.188896
119.5 1.68012 0.263723
119.6 1.64208 0.336905
119.7 1.60255 0.408379
119.8 1.56134 0.478075
119.9 1.51827 0.545915
120 1.47306 0.611812
120.1 1.42544 0.675665
120.2 1.37502 0.73736
120.3 1.32134 0.796764
120.4 1.26383 0.853722
120.5 1.20176 0.908049
120.6 1.13416 0.959523
120.7 1.05979 1.00788
120.8 0.976952 1.05277
120.9 0.883368 1.09379
121 0.775862 1.1304
121.1 0.649981 1.16188
121.2 0.499432 1.1873
121.3 0.315425 1.2054
121.4 0.0863036 1.21443
121.5 -0.201061 1.21214
121.6 -0.55436 1.19574
121.7 -0.958708 1.16252
121.8 -1.35858 1.11132
121.9 -1.67749 1.04403
122 -1.87769 0.96528
122.1 -1.97783 0.880041
122.2 -2.01565 0.791899
122.3 -2.02018 0.702912
122.4 -2.00793 0.614142
122.5 -1.98726 0.526119
122.6 -1.96217 0.439114
122.7 -1.93457 0.353275
122.8 -1.90534 0.26869
122.9 -1.87488 0.18542
123 -1.84337 0.103516
123.1 -1.81085 0.0230231
123.2 -1.7773 -0.0560151
123.3 -1.74268 -0.133552
123.4 -1.7069 -0.209538
123.5 -1.66985 -0.283921
123.6 -1.63142 -0.356642
123.7 -1.59144 -0.427636
123.8 -1.54975 -0.496832
123.9 -1.50612 -0.56415
124 -1.46028 -0.629498
124.1 -1.41193 -0.692772
124.2 -1.36067 -0.753854
124.3 -1.30601 -0.812605
124.4 -1.24733 -0.868863
124.5 -1.18385 -0.922432
124.6 -1.11454 -0.973081
124.7 -1.03804 -1.02052
124.8 -0.952519 -1.06441
124.9 -0.855485 -1.10428
125 -0.743459 -1.13956
125.1 -0.611544 -1.16949
125.2 -0.452831 -1.19305
125.3 -0.257747 -1.20885
125.4 -0.0139553 -1.21504
125.5 0.29124 -1.20918
125.6 0.661505 -1.18841
125.7 1.0719 -1.15028
125.8 1.45668 -1.09434
125.9 1.74411 -1.02339
126 1.91346 -0.94241
126.1 1.9929 -0.856092
126.2 2.01931 -0.767567
126.3 2.01803 -0.678563
126.4 2.00288 -0.589958
126.5 1.98072 -0.502194
126.6 1.95482 -0.415497
126.7 1.92671 -0.329994
126.8 1.89712 -0.245764
126.9 1.86636 -0.162863
127 1.83457 -0.0813412
127.1 1.80177 -0.00124171
127.2 1.76793 0.0773902
127.3 1.733 0.154508
127.4 1.69689 0.230061
127.5 1.65947 0.303995
127.6 1.62064 0.376249
127.7 1.58021 0.446759
127.8 1.53801 0.515449
127.9 1.4938 0.582237
128 1.44731 0.647028
128.1 1.39821 0.709716
128.2 1.34607 0.770174
128.3 1.29038 0.82826
128.4 1.23047 0.883802
128.5 1.16551 0.936598
128.6 1.09438 0.9864
128.7 1.01562 1.03291
128.8 0.927229 1.07574
128.9 0.826487 1.11442
129 0.709576 1.14832
129.1 0.571115 1.17662
129.2 0.403522 1.19821
129.3 0.196426 1.2116
129.4 -0.0630361 1.21475
129.5 -0.386459 1.2051
129.6 -0.771936 1.17977
129.7 -1.18325 1.13668
129.8 -1.54712 1.07622
129.9 -1.80156 1.002
130 -1.94246 0.91915
130.1 -2.00408 0.831986
130.2 -2.02095 0.743203
130.3 -2.01488 0.654246
130.4 -1.99733 0.565839
130.5 -1.97392 0.47835
130.6 -1.9473 0.39197
130.7 -1.91874 0.306809
130.8 -1.88881 0.222937
130.9 -1.85776 0.14041
131 -1.82569 0.0592726
131.1 -1.79261 -0.0204297
131.2 -1.75848 -0.0986519
131.3 -1.72324 -0.175346
131.4 -1.68678 -0.250462
131.5 -1.64899 -0.323942
131.6 -1.60974 -0.395726
131.7 -1.56884 -0.465745
131.8 -1.52612 -0.533924
131.9 -1.48131 -0.600175
132 -1.43415 -0.664402
132.1 -1.38426 -0.726492
132.2 -1.3312 -0.786316
132.3 -1.27443 -0.843724
132.4 -1.21323 -0.898536
132.5 -1.14671 -0.950539
132.6 -1.07365 -0.999472
132.7 -0.992478 -1.04501
132.8 -0.901019 -1.08676
132.9 -0.796287 -1.12421
133 -0.674092 -1.15667
133.1 -0.528519 -1.18325
133.2 -0.351269 -1.20277
133.3 -0.131182 -1.21358
133.4 0.144888 -1.2135
133.5 0.486535 -1.19984
133.6 0.884572 -1.16978
133.7 1.29098 -1.12176
133.8 1.62895 -1.05706
133.9 1.85028 -0.979969
134 1.96555 -0.895578
134.1 2.01199 -0.807766
134.2 2.02094 -0.718831
134.3 2.0109 -0.629972
134.4 1.99136 -0.54179
134.5 1.96688 -0.45459
134.6 1.93965 -0.368534
134.7 1.91067 -0.28372
134.8 1.88041 -0.200212
134.9 1.84908 -0.11806
135 1.81674 -0.0373114
135.1 1.78338 0.0419903
135.2 1.74895 0.119799
135.3 1.71338 0.196067
135.4 1.67657 0.27074
135.5 1.6384 0.343763
135.6 1.59871 0.415071
135.7 1.55734 0.484594
135.8 1.51407 0.552254
135.9 1.46865 0.617961
136 1.42078 0.681615
136.1 1.37007 0.743099
136.2 1.31606 0.802278
136.3 1.25815 0.858994
136.4 1.1956 0.91306
136.5 1.12742 0.964251
136.6 1.05232 1.01229
136.7 0.968575 1.05684
136.8 0.873822 1.09747
136.9 0.764788 1.13362
137 0.63687 1.16457
137.1 0.483567 1.18936
137.2 0.295822 1.20667
137.3 0.0617296 1.21474
137.4 -0.231753 1.21124
137.5 -0.591081 1.19334
137.6 -0.998056 1.15843
137.7 -1.39338 1.10557
137.8 -1.70164 1.03697
137.9 -1.89091 0.9574
138 -1.98354 0.871758
138.1 -2.01717 0.783468
138.2 -2.01956 0.694467
138.3 -2.00624 0.60575
138.4 -1.98503 0.517815
138.5 -1.95964 0.430915
138.6 -1.93186 0.345192
138.7 -1.9025 0.26073
138.8 -1.87194 0.177588
138.9 -1.84033 0.0958159
139 -1.80771 0.0154587
139.1 -1.77406 -0.063439
139.2 -1.73933 -0.140831
139.3 -1.70344 -0.216668
139.4 -1.66627 -0.290895
139.5 -1.62769 -0.363455
139.6 -1.58756 -0.434282
139.7 -1.54569 -0.503303
139.8 -1.50186 -0.570438
139.9 -1.45581 -0.635594
140 -1.4072 -0.698666
140.1 -1.35564 -0.759533
140.2 -1.30062 -0.818054
140.3 -1.24153 -0.874065
140.4 -1.17754 -0.927369
140.5 -1.10761 -0.977727
140.6 -1.03034 -1.02485
140.7 -0.943851 -1.06837
140.8 -0.845562 -1.10783
140.9 -0.731885 -1.14264
141 -0.597761 -1.17202
141.1 -0.436053 -1.19491
141.2 -0.236913 -1.20989
141.3 0.012201 -1.21505
141.4 0.323689 -1.20789
141.5 0.69947 -1.18557
141.6 1.11081 -1.14572
141.7 1.48896 -1.08818
141.8 1.76505 -1.01605
141.9 1.92424 -0.934385
142 1.99719 -0.84775
142.1 2.02009 -0.759122
142.2 2.01704 -0.670127
142.3 2.00101 -0.581588
142.4 1.97839 -0.493918
142.5 1.95223 -0.40733
142.6 1.92396 -0.321944
142.7 1.89424 -0.237838
142.8 1.86339 -0.155067
142.9 1.8315 -0.0736775
143 1.7986 0.00628465
143.1 1.76467 0.0847749
143.2 1.72963 0.161746
143.3 1.69339 0.237148
143.4 1.65585 0.310925
143.5 1.61687 0.383017
143.6 1.57628 0.453357
143.7 1.5339 0.521871
143.8 1.48949 0.588474
143.9 1.44277 0.65307
144 1.3934 0.715551
144.1 1.34094 0.775791
144.2 1.28488 0.833643
144.3 1.22454 0.888934
144.4 1.15904 0.941457
144.5 1.08726 0.990961
144.6 1.00768 1.03714
144.7 0.918249 1.0796
144.8 0.816157 1.11785
144.9 0.697461 1.15126
145 0.556601 1.17898
145.1 0.385751 1.19986
145.2 0.174264 1.21237
145.3 -0.0908556 1.21443
145.4 -0.420622 1.20341
145.5 -0.810803 1.17646
145.6 -1.2211 1.13165
145.7 -1.57651 1.06969
145.8 -1.81941 0.994428
145.9 -1.95109 0.911009
146 -2.00716 0.823599
146.1 -2.02112 0.734753
146.2 -2.01359 0.645824
146.3 -1.99531 0.557493
146.4 -1.9715 0.470102
146.5 -1.94466 0.383834
146.6 -1.91595 0.298792
146.7 -1.8859 0.215046
146.8 -1.85476 0.132649
146.9 -1.82259 0.051646
147 -1.78942 -0.0279178
147.1 -1.75519 -0.105997
147.2 -1.71983 -0.182544
147.3 -1.68325 -0.257507
147.4 -1.64533 -0.330829
147.5 -1.60593 -0.402448
147.6 -1.56487 -0.472296
147.7 -1.52196 -0.540296
147.8 -1.47695 -0.606359
147.9 -1.42954 -0.670388
148 -1.37936 -0.732269
148.1 -1.32598 -0.791871
148.2 -1.26882 -0.849041
148.3 -1.20717 -0.903596
148.4 -1.14008 -0.955319
148.5 -1.06633 -1.00395
148.6 -0.98428 -1.04915
148.7 -0.891705 -1.09051
148.8 -0.785518 -1.12751
148.9 -0.661391 -1.15946
149 -0.51321 -1.18543
149.1 -0.33242 -1.2042
149.2 -0.107592 -1.21408
149.3 0.174432 -1.21284
149.4 0.522303 -1.19773
149.5 0.923899 -1.166
149.6 1.32717 -1.11628
149.7 1.65521 -1.05019
149.8 1.86525 -0.9722
149.9 1.97232 -0.887344
150 2.01407 -0.799349
150.1 2.0206 -0.710382
150.2 2.00936 -0.621567
150.3 1.9892 -0.533469
150.4 1.96439 -0.446372
150.5 1.93696 -0.360431
150.6 1.90785 -0.275738
150.7 1.87748 -0.192356
150.8 1.84605 -0.110336
150.9 1.81362 -0.0297224
151 1.78016 0.0494396
151.1 1.74563 0.127104
151.2 1.70995 0.203223
151.3 1.67301 0.277742
151.4 1.6347 0.350605
151.5 1.59486 0.421747
151.6 1.55332 0.491097
151.7 1.50986 0.558575
151.8 1.46422 0.624092
151.9 1.41609 0.687545
152 1.36509 0.748816
152.1 1.31074 0.807769
152.2 1.25243 0.864242
152.3 1.18939 0.918046
152.4 1.12061 0.96895
152.5 1.04477 1.01667
152.6 0.960098 1.06087
152.7 0.864148 1.1011
152.8 0.753544 1.13679
152.9 0.623532 1.16721
153 0.467394 1.19135
153.1 0.275803 1.20787
153.2 0.036617 1.21495
153.3 -0.263055 1.2102
153.4 -0.628266 1.1908
153.5 -1.03732 1.15418
153.6 -1.42737 1.09967
153.7 -1.72467 1.0298
153.8 -1.90325 0.949466
153.9 -1.98873 0.863453
154 -2.01842 0.775031
154.1 -2.0188 0.686025
154.2 -2.00449 0.597366
154.3 -1.98276 0.50952
154.4 -1.95709 0.422728
154.5 -1.92913 0.337121
154.6 -1.89965 0.252781
154.7 -1.86898 0.169768
154.8 -1.83727 0.0881281
154.9 -1.80456 0.00790748
155 -1.77081 -0.0708494
155.1 -1.73598 -0.148096
155.2 -1.69996 -0.223782
155.3 -1.66267 -0.297854
155.4 -1.62395 -0.370252
155.5 -1.58367 -0.440911
155.6 -1.54162 -0.509757
155.7 -1.49759 -0.576708
155.8 -1.45131 -0.641671
155.9 -1.40244 -0.704539
156 -1.35057 -0.76519
156.1 -1.2952 -0.823481
156.2 -1.23568 -0.879244
156.3 -1.17118 -0.932279
156.4 -1.10062 -0.982343
156.5 -1.02256 -1.02914
156.6 -0.935077 -1.0723
156.7 -0.835501 -1.11135
156.8 -0.720128 -1.14568
156.9 -0.583731 -1.17449
157 -0.41894 -1.19669
157.1 -0.215629 -1.21084
157.2 0.0389256 -1.21494
157.3 0.35674 -1.20647
157.4 0.737792 -1.18256
157.5 1.14942 -1.14099
157.6 1.52027 -1.08189
157.7 1.7849 -1.00863
157.8 1.93424 -0.926318
157.9 2.00103 -0.83939
158 2.02064 -0.750674
158.1 2.01594 -0.661696
158.2 1.99908 -0.573226
158.3 1.97603 -0.485651
158.4 1.94962 -0.399173
158.5 1.92119 -0.313906
158.6 1.89136 -0.229924
158.7 1.8604 -0.147282
158.8 1.82842 -0.0660267
158.9 1.79543 0.0137978
159 1.76139 0.0921459
159.1 1.72624 0.16897
159.2 1.68989 0.24422
159.3 1.65222 0.31784
159.4 1.61309 0.389769
159.5 1.57234 0.459939
159.6 1.52978 0.528275
159.7 1.48516 0.594692
159.8 1.4382 0.659093
159.9 1.38856 0.721367
160 1.33579 0.781387
160.1 1.27935 0.839004
160.2 1.21856 0.894041
160.3 1.15252 0.946289
160.4 1.08007 0.995491
160.5 0.999651 1.04133
160.6 0.909156 1.08342
160.7 0.805679 1.12124
160.8 0.685148 1.15415
160.9 0.541819 1.18128
161 0.367616 1.20144
161.1 0.151618 1.21305
161.2 -0.119268 1.21399
161.3 -0.455358 1.20158
161.4 -0.849883 1.17299
161.5 -1.25844 1.12647
161.6 -1.60482 1.06304
161.7 -1.83624 0.986785
161.8 -1.95905 0.902833
161.9 -2.00988 0.815201
162 -2.0211 0.726302
162.1 -2.0122 0.637408
162.2 -1.99323 0.549155
162.3 -1.96906 0.461865
162.4 -1.94201 0.375709
162.5 -1.91315 0.290788
162.6 -1.88299 0.207168
162.7 -1.85175 0.124901
162.8 -1.81949 0.0440325
162.9 -1.78622 -0.0353924
163 -1.75188 -0.113328
163.1 -1.71641 -0.189727
163.2 -1.67971 -0.264537
163.3 -1.64166 -0.3377
163.4 -1.60211 -0.409155
163.5 -1.56088 -0.478831
163.6 -1.51778 -0.54665
163.7 -1.47255 -0.612525
163.8 -1.4249 -0.676355
163.9 -1.37444 -0.738026
164 -1.32073 -0.797404
164.1 -1.26318 -0.854334
164.2 -1.20105 -0.90863
164.3 -1.13338 -0.960072
164.4 -1.05893 -1.00839
164.5 -0.975987 -1.05325
164.6 -0.882269 -1.09422
164.7 -0.774588 -1.13077
164.8 -0.648474 -1.1622
164.9 -0.49761 -1.18755
165 -0.313175 -1.20555
165.1 -0.083485 -1.21448
165.2 0.204584 -1.21204
165.3 0.558588 -1.19547
165.4 0.963267 -1.16206
165.5 1.36265 -1.11066
165.6 1.68034 -1.04322
165.7 1.87927 -0.96437
165.8 1.97852 -0.879083
165.9 2.01584 -0.790923
166 2.02011 -0.701934
166.1 2.00774 -0.613169
166.2 1.987 -0.525156
166.3 1.96188 -0.438164
166.4 1.93426 -0.352338
166.5 1.90501 -0.267767
166.6 1.87454 -0.184513
166.7 1.84302 -0.102624
166.8 1.81048 -0.0221464
166.9 1.77693 0.0568755
167 1.74229 0.134396
167.1 1.7065 0.210365
167.2 1.66944 0.28473
167.3 1.63099 0.357432
167.4 1.591 0.428407
167.5 1.54928 0.497583
167.6 1.50562 0.564879
167.7 1.45976 0.630205
167.8 1.41138 0.693456
167.9 1.36009 0.754513
168 1.30539 0.813238
168.1 1.24666 0.869466
168.2 1.18312 0.923005
168.3 1.11374 0.973621
168.4 1.03715 1.02103
168.5 0.951521 1.06487
168.6 0.854343 1.10469
168.7 0.742127 1.13992
168.8 0.60996 1.16979
168.9 0.450904 1.19327
169 0.255357 1.20898
169.1 0.010955 1.21505
169.2 -0.294967 1.20904
169.3 -0.665882 1.18809
169.4 -1.07642 1.14976
169.5 -1.46047 1.09363
169.6 -1.74659 1.02254
169.7 -1.91475 0.941483
169.8 -1.99342 0.855127
169.9 -2.01941 0.766589
170 -2.01792 0.677586
170.1 -2.00267 0.588989
170.2 -1.98046 0.501235
170.3 -1.95452 0.414551
170.4 -1.92639 0.329061
170.5 -1.89678 0.244845
170.6 -1.86602 0.16196
170.7 -1.83421 0.080453
170.8 -1.8014 0.000369431
170.9 -1.76756 -0.0782461
171 -1.73261 -0.155347
171.1 -1.69648 -0.230882
171.2 -1.65906 -0.304798
171.3 -1.6202 -0.377034
171.4 -1.57976 -0.447524
171.5 -1.53753 -0.516194
171.6 -1.4933 -0.58296
171.7 -1.44679 -0.647729
171.8 -1.39765 -0.710392
171.9 -1.34548 -0.770826
172 -1.28974 -0.828885
172.1 -1.22979 -0.884398
172.2 -1.16476 -0.937162
172.3 -1.09356 -0.98693
172.4 -1.0147 -1.0334
172.5 -0.926195 -1.07619
172.6 -0.825299 -1.11482
172.7 -0.708183 -1.14867
172.8 -0.569447 -1.1769
172.9 -0.401482 -1.19841
173 -0.193884 -1.21169
173.1 0.0662277 -1.21472
173.2 0.390386 -1.20491
173.3 0.776424 -1.1794
173.4 1.18765 -1.1361
173.5 1.55058 -1.07547
173.6 1.80368 -1.00113
173.7 1.9435 -0.918209
173.8 2.00446 -0.831015
173.9 2.02098 -0.742225
174 2.01473 -0.65327
174.1 1.9971 -0.564872
174.2 1.97364 -0.477394
174.3 1.947 -0.391027
174.4 1.91842 -0.30588
174.5 1.88847 -0.222023
174.6 1.85741 -0.13951
174.7 1.82533 -0.0583887
174.8 1.79224 0.0212976
174.9 1.7581 0.0995032
175 1.72284 0.176181
175.1 1.68637 0.251278
175.2 1.64857 0.32474
175.3 1.6093 0.396505
175.4 1.56838 0.466505
175.5 1.52564 0.534663
175.6 1.48081 0.600892
175.7 1.43361 0.665096
175.8 1.38369 0.727162
175.9 1.3306 0.786961
176 1.27378 0.844341
176.1 1.21253 0.899124
176.2 1.14594 0.951094
176.3 1.07281 0.999992
176.4 0.991534 1.0455
176.5 0.899947 1.0872
176.6 0.795048 1.12459
176.7 0.672632 1.15699
176.8 0.526761 1.18351
176.9 0.349106 1.20294
177 0.128476 1.21364
177.1 -0.148278 1.21343
177.2 -0.49065 1.1996
177.3 -0.889122 1.16936
177.4 -1.2952 1.12113
177.5 -1.63205 1.05627
177.6 -1.85206 0.979073
177.7 -1.96636 0.894626
177.8 -2.01225 0.806792
177.9 -2.02091 0.717852
178 -2.01073 0.628998
178.1 -1.99111 0.540826
178.2 -1.96659 0.453637
178.3 -1.93934 0.367595
178.4 -1.91034 0.282795
178.5 -1.88007 0.199301
178.6 -1.84873 0.117165
178.7 -1.81638 0.0364319
178.8 -1.783 -0.0428537
178.9 -1.74857 -0.120646
179 -1.71299 -0.196896
179.1 -1.67616 -0.271552
179.2 -1.63797 -0.344556
179.3 -1.59827 -0.415845
179.4 -1.55688 -0.485348
179.5 -1.51358 -0.552987
179.6 -1.46814 -0.618672
179.7 -1.42024 -0.682303
179.8 -1.36949 -0.743762
179.9 -1.31544 -0.802915
180 -1.25749 -0.859603
180.1 -1.19488 -0.913639
180.2 -1.12663 -0.964796
180.3 -1.05145 -1.0128
180.4 -0.967598 -1.05731
180.5 -0.872708 -1.09789
180.6 -0.763494 -1.13399
180.7 -0.635337 -1.16488
180.8 -0.48171 -1.18959
180.9 -0.293525 -1.20682
181 -0.0588492 -1.21477
181.1 0.235347 -1.21112
181.2 0.595364 -1.19306
181.3 1.00261 -1.15795
181.4 1.39736 -1.10489
181.5 1.70436 -1.03614
181.6 1.89238 -0.956484
181.7 1.98417 -0.870798
181.8 2.01733 -0.782491
181.9 2.01948 -0.693489
182 2.00604 -0.604779
182.1 1.98477 -0.516854
182.2 1.95935 -0.429967
182.3 1.93154 -0.344257
182.4 1.90217 -0.259808
182.5 1.8716 -0.176682
182.6 1.83997 -0.0949249
182.7 1.80734 -0.0145836
182.8 1.77369 0.0642979
182.9 1.73894 0.141673
183 1.70303 0.217492
183.1 1.66585 0.291702
183.2 1.62726 0.364243
183.3 1.58711 0.43505
183.4 1.54522 0.504051
183.5 1.50137 0.571165
183.6 1.45529 0.636298
183.7 1.40665 0.699347
183.8 1.35505 0.760189
183.9 1.3 0.818684
184 1.24085 0.874666
184.1 1.17681 0.927939
184.2 1.10681 0.978263
184.3 1.02945 1.02535
184.4 0.94284 1.06883
184.5 0.844404 1.10824
184.6 0.730533 1.143
184.7 0.596149 1.17231
184.8 0.434088 1.19512
184.9 0.234471 1.21
185 -0.0152667 1.21504
185.1 -0.327486 1.20774
185.2 -0.70389 1.18523
185.3 -1.1153 1.14518
185.4 -1.49264 1.08746
185.5 -1.7674 1.0152
185.6 -1.92543 0.933453
185.7 -1.99765 0.846782
185.8 -2.02016 0.758144
185.9 -2.01692 0.669151
186 -2.00079 0.580619
186.1 -1.97812 0.49296
186.2 -1.95193 0.406384
186.3 -1.92364 0.321013
186.4 -1.89391 0.236921
186.5 -1.86304 0.154164
186.6 -1.83114 0.0727908
186.7 -1.79824 -0.0071554
186.8 -1.76429 -0.0856292
186.9 -1.72924 -0.162584
187 -1.69299 -0.237968
187.1 -1.65543 -0.311727
187.2 -1.61643 -0.3838
187.3 -1.57583 -0.454121
187.4 -1.53343 -0.522613
187.5 -1.48899 -0.589195
187.6 -1.44224 -0.653768
187.7 -1.39284 -0.716226
187.8 -1.34035 -0.77644
187.9 -1.28425 -0.834265
188 -1.22385 -0.889527
188.1 -1.15829 -0.942018
188.2 -1.08643 -0.991487
188.3 -1.00675 -1.03762
188.4 -0.917202 -1.08004
188.5 -0.814951 -1.11825
188.6 -0.696046 -1.1516
188.7 -0.554903 -1.17925
188.8 -0.383669 -1.20005
188.9 -0.171666 -1.21246
189 0.0941155 -1.21439
189.1 0.424616 -1.20321
189.2 0.815318 -1.17607
189.3 1.22545 -1.13106
189.4 1.57984 -1.06892
189.5 1.82141 -0.993547
189.6 1.95205 -0.910064
189.7 2.0075 -0.822627
189.8 2.02113 -0.733774
189.9 2.01343 -0.644849
190 1.99507 -0.556527
190.1 1.97122 -0.469148
190.2 1.94436 -0.382893
190.3 1.91563 -0.297865
190.4 1.88557 -0.214133
190.5 1.85441 -0.131751
190.6 1.82224 -0.0507637
190.7 1.78905 0.0287841
190.8 1.75481 0.106847
190.9 1.71944 0.183376
191 1.68284 0.258321
191.1 1.64491 0.331625
191.2 1.60549 0.403226
191.3 1.56441 0.473054
191.4 1.52148 0.541032
191.5 1.47644 0.607074
191.6 1.429 0.67108
191.7 1.3788 0.732937
191.8 1.32538 0.792513
191.9 1.26817 0.849655
192 1.20646 0.90418
192.1 1.1393 0.955871
192.2 1.06547 1.00446
192.3 0.983324 1.04962
192.4 0.890619 1.09094
192.5 0.78426 1.12789
192.6 0.659906 1.15978
192.7 0.511419 1.18568
192.8 0.330212 1.20436
192.9 0.104827 1.21413
193 -0.177893 1.21275
193.1 -0.526479 1.19748
193.2 -0.928457 1.16556
193.3 -1.33131 1.11564
193.4 -1.65817 1.04939
193.5 -1.86692 0.971296
193.6 -1.97307 0.886389
193.7 -2.01429 0.798373
193.8 -2.02055 0.709403
193.9 -2.00918 0.620594
194 -1.98895 0.532505
194.1 -1.9641 0.445421
194.2 -1.93665 0.359493
194.3 -1.90752 0.274814
194.4 -1.87714 0.191447
194.5 -1.8457 0.109442
194.6 -1.81325 0.0288444
194.7 -1.77978 -0.0503015
194.8 -1.74524 -0.127949
194.9 -1.70955 -0.204051
195 -1.6726 -0.278552
195.1 -1.63427 -0.351396
195.2 -1.59441 -0.422519
195.3 -1.55285 -0.491849
195.4 -1.50937 -0.559306
195.5 -1.46371 -0.624801
195.6 -1.41555 -0.688231
195.7 -1.36452 -0.749477
195.8 -1.31012 -0.808403
195.9 -1.25176 -0.864848
196 -1.18866 -0.918621
196.1 -1.11982 -0.969492
196.2 -1.0439 -1.01718
196.3 -0.95911 -1.06134
196.4 -0.863019 -1.10152
196.5 -0.752231 -1.13716
196.6 -0.621972 -1.16751
196.7 -0.465501 -1.19157
196.8 -0.273457 -1.208
196.9 -0.0336735 -1.21497
197 0.26672 -1.21008
197.1 0.632601 -1.19049
197.2 1.04186 -1.15367
197.3 1.43124 -1.09898
197.4 1.72726 -1.02897
197.5 1.90462 -0.948544
197.6 1.9893 -0.86249
197.7 2.01855 -0.774053
197.8 2.01871 -0.685047
197.9 2.00428 -0.596395
198 1.98249 -0.50856
198.1 1.9568 -0.42178
198.2 1.92882 -0.336187
198.3 1.89932 -0.251862
198.4 1.86864 -0.168863
198.5 1.83692 -0.0872386
198.6 1.80419 -0.00703385
198.7 1.77044 0.0717067
198.8 1.73559 0.148936
198.9 1.69956 0.224605
199 1.66225 0.298659
199.1 1.62352 0.371038
199.2 1.58322 0.441678
199.3 1.54115 0.510503
199.4 1.4971 0.577433
199.5 1.45079 0.642373
199.6 1.40188 0.705218
199.7 1.34998 0.765844
199.8 1.29457 0.824108
199.9 1.235 0.879842
200 1.17044 0.932845
