0 2 0
0.1 1.87905 0.0837435
0.2 1.79771 0.163229
0.3 1.73516 0.23965
0.4 1.68199 0.313591
0.5 1.63342 0.385342
0.6 1.58681 0.45504
0.7 1.54057 0.522733
0.8 1.49368 0.588414
0.9 1.44537 0.652036
1 1.39499 0.713525
1.1 1.34194 0.772777
1.2 1.28556 0.829662
1.3 1.2251 0.884022
1.4 1.15964 0.93566
1.5 1.08798 0.984335
1.6 1.0086 1.02975
1.7 0.919403 1.07152
1.8 0.817522 1.10917
1.9 0.698944 1.14206
2 0.55798 1.16936
2.1 0.386584 1.18993
2.2 0.173739 1.20223
2.3 -0.0940959 1.20418
2.4 -0.428432 1.19312
2.5 -0.824557 1.16617
2.6 -1.23939 1.12143
2.7 -1.59436 1.05974
2.8 -1.83233 0.985103
2.9 -1.95831 0.902694
3 -2.01022 0.816582
3.1 -2.02175 0.7292
3.2 -2.01301 0.641813
3.3 -1.99426 0.555048
3.4 -1.9704 0.469219
3.5 -1.94374 0.384489
3.6 -1.91534 0.300954
3.7 -1.88569 0.218676
3.8 -1.85499 0.137705
3.9 -1.82333 0.0580843
4 -1.79069 -0.020145
4.1 -1.75703 -0.0969395
4.2 -1.72229 -0.172254
4.3 -1.68636 -0.246039
4.4 -1.64914 -0.318241
4.5 -1.61048 -0.388801
4.6 -1.57023 -0.457653
4.7 -1.52819 -0.524726
4.8 -1.48414 -0.589936
4.9 -1.43778 -0.65319
5 -1.38877 -0.714381
5.1 -1.3367 -0.773386
5.2 -1.28102 -0.83006
5.3 -1.22105 -0.884235
5.4 -1.15593 -0.935705
5.5 -1.0845 -0.984224
5.6 -1.00524 -1.02949
5.7 -0.916063 -1.07112
5.8 -0.814101 -1.10862
5.9 -0.695322 -1.14136
6 -0.554009 -1.16849
6.1 -0.382078 -1.18888
6.2 -0.168466 -1.20098
6.3 0.10037 -1.20267
6.4 0.435776 -1.19132
6.5 0.832501 -1.16404
6.6 1.24665 -1.11896
6.7 1.59953 -1.05699
6.8 1.83508 -0.982189
6.9 1.9593 -0.899702
7 2.01022 -0.813571
7.1 2.02126 -0.726201
7.2 2.01228 -0.638841
7.3 1.9934 -0.552112
7.4 1.96947 -0.466321
7.5 1.94277 -0.381632
7.6 1.91433 -0.29814
7.7 1.88465 -0.215906
7.8 1.85393 -0.134981
7.9 1.82223 -0.0554065
8 1.78956 0.0227747
8.1 1.75587 0.0995197
8.2 1.72109 0.174783
8.3 1.68512 0.248515
8.4 1.64785 0.320662
8.5 1.60914 0.391165
8.6 1.56883 0.459959
8.7 1.52673 0.52697
8.8 1.4826 0.592115
8.9 1.43616 0.6553
9 1.38706 0.716419
9.1 1.33487 0.775348
9.2 1.27906 0.83194
9.3 1.21893 0.886027
9.4 1.15362 0.937401
9.5 1.08195 0.985816
9.6 1.00239 1.03096
9.7 0.912832 1.07246
9.8 0.810373 1.10981
9.9 0.690934 1.14238
10 0.548731 1.1693
10.1 0.375585 1.18944
10.2 0.160329 1.20122
10.3 -0.11062 1.20252
10.4 -0.44835 1.19067
10.5 -0.846653 1.1628
10.6 -1.26009 1.11712
10.7 -1.60958 1.05464
10.8 -1.84094 0.979488
10.9 -1.962 0.896821
11 -2.0111 0.810617
11.1 -2.0212 0.723232
11.2 -2.01176 0.635886
11.3 -1.99266 0.549184
11.4 -1.96861 0.463429
11.5 -1.94183 0.378779
11.6 -1.91334 0.295328
11.7 -1.88362 0.213139
11.8 -1.85287 0.132258
11.9 -1.82114 0.0527306
12 -1.78844 -0.0254026
12.1 -1.75471 -0.102098
12.2 -1.71989 -0.17731
12.3 -1.68387 -0.250989
12.4 -1.64656 -0.323082
12.5 -1.6078 -0.393528
12.6 -1.56744 -0.462262
12.7 -1.52527 -0.529211
12.8 -1.48107 -0.594291
12.9 -1.43454 -0.657409
13 -1.38534 -0.718456
13.1 -1.33304 -0.777307
13.2 -1.27709 -0.833818
13.3 -1.21681 -0.887816
13.4 -1.1513 -0.939094
13.5 -1.07939 -0.987403
13.6 -0.999529 -1.03243
13.7 -0.909586 -1.0738
13.8 -0.806625 -1.111
13.9 -0.686521 -1.14339
14 -0.543417 -1.17011
14.1 -0.369043 -1.18999
14.2 -0.152127 -1.20145
14.3 0.120948 -1.20235
14.4 0.460998 -1.19
14.5 0.860828 -1.16155
14.6 1.27345 -1.11526
14.7 1.61949 -1.05226
14.8 1.84666 -0.976779
14.9 1.96462 -0.893937
15 2.01193 -0.807662
15.1 2.02112 -0.720263
15.2 2.01124 -0.632931
15.3 1.9919 -0.546257
15.4 1.96773 -0.460537
15.5 1.94088 -0.375927
15.6 1.91235 -0.292519
15.7 1.8826 -0.210372
15.8 1.85181 -0.129537
15.9 1.82005 -0.0500562
16 1.78731 0.0280289
16.1 1.75355 0.104675
16.2 1.71868 0.179836
16.3 1.68263 0.253462
16.4 1.64527 0.325499
16.5 1.60646 0.395889
16.6 1.56604 0.464564
16.7 1.5238 0.531451
16.8 1.47953 0.596466
16.9 1.43292 0.659515
17 1.38362 0.720489
17.1 1.3312 0.779264
17.2 1.27512 0.835692
17.3 1.21468 0.889601
17.4 1.14897 0.940784
17.5 1.07682 0.988987
17.6 0.996657 1.0339
17.7 0.906325 1.07513
17.8 0.802859 1.11218
17.9 0.682081 1.14439
18 0.538068 1.1709
18.1 0.362452 1.19053
18.2 0.14386 1.20166
18.3 -0.131355 1.20216
18.4 -0.473719 1.18931
18.5 -0.875021 1.16027
18.6 -1.28674 1.11338
18.7 -1.62926 1.04988
18.8 -1.85226 0.974062
18.9 -1.96716 0.891049
19 -2.01273 0.804706
19.1 -2.02103 0.717294
19.2 -2.0107 0.629977
19.3 -1.99115 0.543332
19.4 -1.96686 0.457648
19.5 -1.93994 0.373077
19.6 -1.91136 0.28971
19.7 -1.88157 0.207608
19.8 -1.85075 0.126818
19.9 -1.81895 0.0473835
20 -1.78618 -0.0306535
20.1 -1.75238 -0.10725
20.2 -1.71748 -0.182359
20.3 -1.68138 -0.255933
20.4 -1.64398 -0.327915
20.5 -1.60511 -0.398248
20.6 -1.56463 -0.466863
20.7 -1.52234 -0.533688
20.8 -1.47798 -0.598638
20.9 -1.43129 -0.661618
21 -1.38189 -0.72252
21.1 -1.32936 -0.781218
21.2 -1.27315 -0.837564
21.3 -1.21254 -0.891384
21.4 -1.14664 -0.94247
21.5 -1.07424 -0.990567
21.6 -0.993772 -1.03536
21.7 -0.903049 -1.07646
21.8 -0.799072 -1.11336
21.9 -0.677615 -1.14539
22 -0.532682 -1.17169
22.1 -0.355812 -1.19105
22.2 -0.135529 -1.20187
22.3 0.141841 -1.20196
22.4 0.486512 -1.18861
22.5 0.889231 -1.15898
22.6 1.29994 -1.11148
22.7 1.63888 -1.04748
22.8 1.85773 -0.971337
22.9 1.96963 -0.888156
23 2.01348 -0.801748
23.1 2.02091 -0.714325
23.2 2.01015 -0.627024
23.3 1.99038 -0.540408
23.4 1.96598 -0.454759
23.5 1.93899 -0.370228
23.6 1.91037 -0.286903
23.7 1.88054 -0.204845
23.8 1.84968 -0.1241
23.9 1.81786 -0.0447124
24 1.78505 0.0332764
24.1 1.75122 0.109823
24.2 1.71628 0.184881
24.3 1.68014 0.258402
24.4 1.64268 0.330329
24.5 1.60377 0.400604
24.6 1.56323 0.469161
24.7 1.52087 0.535923
24.8 1.47644 0.600808
24.9 1.42966 0.66372
25 1.38017 0.724549
25.1 1.32752 0.783169
25.2 1.27117 0.839433
25.3 1.2104 0.893164
25.4 1.14429 0.944152
25.5 1.07166 0.992143
25.6 0.990876 1.03682
25.7 0.899758 1.07778
25.8 0.795265 1.11453
25.9 0.673122 1.14638
26 0.52726 1.17247
26.1 0.349123 1.19157
26.2 0.127131 1.20206
26.3 -0.152406 1.20175
26.4 -0.499376 1.18788
26.5 -0.903453 1.15766
26.6 -1.31306 1.10956
26.7 -1.64835 1.04506
26.8 -1.86308 0.968603
26.9 -1.97201 0.885261
27 -2.01419 0.79879
27.1 -2.02077 0.711356
27.2 -2.00959 0.624071
27.3 -1.98961 0.537484
27.4 -1.9651 0.451872
27.5 -1.93804 0.367381
27.6 -1.90938 0.284098
27.7 -1.87951 0.202083
27.8 -1.84862 0.121384
27.9 -1.81676 0.0420429
28 -1.78392 -0.0358977
28.1 -1.75005 -0.112395
28.2 -1.71507 -0.187402
28.3 -1.67889 -0.260869
28.4 -1.64139 -0.332741
28.5 -1.60242 -0.402959
28.6 -1.56182 -0.471456
28.7 -1.51939 -0.538156
28.8 -1.47489 -0.602976
28.9 -1.42803 -0.665819
29 -1.37843 -0.726575
29.1 -1.32567 -0.785118
29.2 -1.26918 -0.841298
29.3 -1.20825 -0.89494
29.4 -1.14194 -0.945831
29.5 -1.06906 -0.993715
29.6 -0.987968 -1.03827
29.7 -0.896452 -1.0791
29.8 -0.791439 -1.11569
29.9 -0.668602 -1.14737
30 -0.521802 -1.17324
30.1 -0.342383 -1.19208
30.2 -0.118666 -1.20224
30.3 0.163051 -1.20151
30.4 0.51231 -1.18714
30.5 0.917686 -1.15632
30.6 1.32609 -1.10762
30.7 1.65768 -1.04263
30.8 1.8683 -0.965862
30.9 1.97432 -0.882362
31 2.01487 -0.79583
31.1 2.02061 -0.708388
31.2 2.00903 -0.62112
31.3 1.98884 -0.534562
31.4 1.96422 -0.448986
31.5 1.9371 -0.364534
31.6 1.90838 -0.281294
31.7 1.87848 -0.199323
31.8 1.84755 -0.118669
31.9 1.81566 -0.039375
32 1.78279 0.0385173
32.1 1.74888 0.114964
32.2 1.71386 0.18992
32.3 1.67764 0.263334
32.4 1.64009 0.335151
32.5 1.60107 0.405312
32.6 1.56041 0.473749
32.7 1.51792 0.540387
32.8 1.47334 0.605141
32.9 1.42639 0.667915
33 1.3767 0.728599
33.1 1.32382 0.787064
33.2 1.26719 0.843161
33.3 1.20609 0.896713
33.4 1.13959 0.947507
33.5 1.06645 0.995283
33.6 0.985048 1.03972
33.7 0.89313 1.08042
33.8 0.787592 1.11685
33.9 0.664054 1.14835
34 0.516306 1.174
34.1 0.335592 1.19258
34.2 0.110135 1.20241
34.3 -0.173775 1.20127
34.4 -0.525313 1.18638
34.5 -0.931926 1.15496
34.6 -1.33902 1.10566
34.7 -1.66686 1.04019
34.8 -1.8734 0.963113
34.9 -1.97656 0.879459
35 -2.0155 0.79287
35.1 -2.02044 0.70542
35.2 -2.00845 0.618169
35.3 -1.98806 0.531641
35.4 -1.96333 0.446101
35.5 -1.93614 0.36169
35.6 -1.90738 0.278491
35.7 -1.87744 0.196564
35.8 -1.84649 0.115956
35.9 -1.81456 0.0367088
36 -1.78165 -0.0411353
36.1 -1.74771 -0.117533
36.2 -1.71265 -0.192437
36.3 -1.67639 -0.265797
36.4 -1.63879 -0.33756
36.5 -1.59972 -0.407663
36.6 -1.559 -0.47604
36.7 -1.51644 -0.542615
36.8 -1.47179 -0.607304
36.9 -1.42475 -0.670009
37 -1.37496 -0.73062
37.1 -1.32196 -0.789007
37.2 -1.2652 -0.845021
37.3 -1.20393 -0.898483
37.4 -1.13722 -0.949179
37.5 -1.06384 -0.996848
37.6 -0.982116 -1.04117
37.7 -0.889793 -1.08173
37.8 -0.783724 -1.11801
37.9 -0.659479 -1.14932
38 -0.510772 -1.17475
38.1 -0.328751 -1.19306
38.2 -0.101536 -1.20257
38.3 0.184579 -1.201
38.4 0.538384 -1.1856
38.5 0.946169 -1.15358
38.6 1.35186 -1.10369
38.7 1.6759 -1.03774
38.8 1.87838 -0.960357
38.9 1.97872 -0.876554
39 2.0161 -0.789908
39.1 2.02024 -0.702452
39.2 2.00786 -0.615219
39.3 1.98728 -0.528722
39.4 1.96244 -0.443218
39.5 1.93519 -0.358846
39.6 1.90639 -0.27569
39.7 1.87641 -0.193807
39.8 1.84542 -0.113244
39.9 1.81346 -0.0340441
40 1.78052 0.0437516
40.1 1.74654 0.120099
40.2 1.71144 0.194951
40.3 1.67513 0.268259
40.4 1.63749 0.339966
40.5 1.59837 0.410012
40.6 1.55759 0.478329
40.7 1.51496 0.544842
40.8 1.47024 0.609465
40.9 1.42311 0.672101
41 1.37322 0.732638
41.1 1.3201 0.790948
41.2 1.26319 0.846878
41.3 1.20176 0.90025
41.4 1.13485 0.950848
41.5 1.06121 0.998409
41.6 0.979172 1.04261
41.7 0.88644 1.08303
41.8 0.779836 1.11916
41.9 0.654877 1.15029
42 0.5052 1.1755
42.1 0.321857 1.19354
42.2 0.0928692 1.20271
42.3 -0.195462 1.20072
42.4 -0.551522 1.1848
42.5 -0.960413 1.15218
42.6 -1.3646 1.10169
42.7 -1.68479 1.03527
42.8 -1.88325 0.957593
42.9 -1.98081 0.873645
43 -2.01666 0.786946
43.1 -2.02003 0.699484
43.2 -2.00727 0.61227
43.3 -1.98649 0.525803
43.4 -1.96155 0.440336
43.5 -1.93424 0.356004
43.6 -1.90539 0.272891
43.7 -1.87537 0.191052
43.8 -1.84435 0.110534
43.9 -1.81236 0.0313811
44 -1.77938 -0.0463662
44.1 -1.74537 -0.122664
44.2 -1.71023 -0.197465
44.3 -1.67388 -0.270719
44.4 -1.63619 -0.34237
44.5 -1.59701 -0.412359
44.6 -1.55618 -0.480616
44.7 -1.51348 -0.547066
44.8 -1.46868 -0.611623
44.9 -1.42146 -0.67419
45 -1.37147 -0.734654
45.1 -1.31824 -0.792886
45.2 -1.26119 -0.848732
45.3 -1.19958 -0.902014
45.4 -1.13247 -0.952513
45.5 -1.05858 -0.999966
45.6 -0.976216 -1.04404
45.7 -0.883071 -1.08433
45.8 -0.775926 -1.1203
45.9 -0.650245 -1.15124
46 -0.49959 -1.17624
46.1 -0.314911 -1.19401
46.2 -0.0841335 -1.20284
46.3 0.206426 -1.20043
46.4 0.564725 -1.18398
46.5 0.974655 -1.15076
46.6 1.37724 -1.09968
46.7 1.69353 -1.03279
46.8 1.88799 -0.954823
46.9 1.98284 -0.870733
47 2.01718 -0.783983
47.1 2.0198 -0.696517
47.2 2.00666 -0.609322
47.3 1.9857 -0.522886
47.4 1.96065 -0.437455
47.5 1.93328 -0.353164
47.6 1.90439 -0.270092
47.7 1.87434 -0.188298
47.8 1.84328 -0.107826
47.9 1.81126 -0.0287197
48 1.77825 0.0489791
48.1 1.74419 0.125227
48.2 1.70902 0.199976
48.3 1.67262 0.273176
48.4 1.63488 0.344773
48.5 1.59565 0.414704
48.6 1.55476 0.482901
48.7 1.512 0.549288
48.8 1.46712 0.61378
48.9 1.41982 0.676277
49 1.36972 0.736667
49.1 1.31637 0.794821
49.2 1.25918 0.850583
49.3 1.1974 0.903774
49.4 1.13008 0.954175
49.5 1.05593 1.00152
49.6 0.973248 1.04547
49.7 0.879687 1.08563
49.8 0.771996 1.12143
49.9 0.645586 1.1522
50 0.493941 1.17697
50.1 0.307912 1.19447
50.2 0.0753286 1.20296
50.3 -0.217471 1.20012
50.4 -0.577992 1.18314
50.5 -0.988892 1.14932
50.6 -1.38977 1.09765
50.7 -1.70212 1.03029
50.8 -1.89262 0.952045
50.9 -1.98479 0.867819
51 -2.01767 0.781019
51.1 -2.01955 0.69355
51.2 -2.00605 0.606375
51.3 -1.9849 0.519969
51.4 -1.95976 0.434576
51.5 -1.93232 0.350325
51.6 -1.90338 0.267296
51.7 -1.8733 0.185545
51.8 -1.84221 0.105119
51.9 -1.81015 0.0260599
52 -1.77711 -0.0515904
52.1 -1.74302 -0.127788
52.2 -1.70781 -0.202485
52.3 -1.67137 -0.275632
52.4 -1.63358 -0.347173
52.5 -1.59429 -0.417047
52.6 -1.55334 -0.485184
52.7 -1.51051 -0.551508
52.8 -1.46555 -0.615933
52.9 -1.41816 -0.678361
53 -1.36797 -0.738678
53.1 -1.31449 -0.796753
53.2 -1.25716 -0.852432
53.3 -1.19522 -0.905532
53.4 -1.12768 -0.955833
53.5 -1.05328 -1.00307
53.6 -0.970267 -1.0469
53.7 -0.876286 -1.08692
53.8 -0.768044 -1.12257
53.9 -0.640897 -1.15314
54 -0.488252 -1.17769
54.1 -0.30086 -1.19491
54.2 -0.0664539 -1.20306
54.3 0.228595 -1.19979
54.4 0.591323 -1.18228
54.5 1.00312 -1.14786
54.6 1.4022 -1.0956
54.7 1.71057 -1.02779
54.8 1.89713 -0.949261
54.9 1.98668 -0.864901
55 2.01812 -0.778055
55.1 2.01928 -0.690583
55.2 2.00543 -0.603428
55.3 1.9841 -0.517054
55.4 1.95886 -0.431698
55.5 1.93136 -0.347487
55.6 1.90238 -0.264501
55.7 1.87226 -0.182794
55.8 1.84114 -0.102414
55.9 1.80905 -0.0234017
56 1.77597 0.0542
56.1 1.74184 0.130347
56.2 1.70659 0.204993
56.3 1.67011 0.278087
56.4 1.63227 0.349572
56.5 1.59293 0.419387
56.6 1.55192 0.487464
56.7 1.50902 0.553726
56.8 1.46399 0.618085
56.9 1.41651 0.680443
57 1.36621 0.740686
57.1 1.31262 0.798682
57.2 1.25514 0.854277
57.3 1.19302 0.907286
57.4 1.12528 0.957488
57.5 1.05061 1.00461
57.6 0.967273 1.04833
57.7 0.872869 1.0882
57.8 0.76407 1.12369
57.9 0.63618 1.15408
58 0.482524 1.1784
58.1 0.293754 1.19535
58.2 0.0575089 1.20315
58.3 -0.2398 1.19945
58.4 -0.604714 1.1814
58.5 -1.01733 1.14637
58.6 -1.41452 1.09353
58.7 -1.71888 1.02527
58.8 -1.90153 0.946471
58.9 -1.9885 0.861981
59 -2.01854 0.77509
59.1 -2.019 0.687617
59.2 -2.0048 0.600483
59.3 -1.9833 0.51414
59.4 -1.95795 0.428821
59.5 -1.9304 0.344651
59.6 -1.90138 0.261707
59.7 -1.87122 0.180045
59.8 -1.84007 0.0997102
59.9 -1.80794 0.0207451
60 -1.77483 -0.056808
60.1 -1.74067 -0.132905
60.2 -1.70537 -0.207499
60.3 -1.66884 -0.280539
60.4 -1.63096 -0.351969
60.5 -1.59157 -0.421726
60.6 -1.5505 -0.489743
60.7 -1.50753 -0.555941
60.8 -1.46242 -0.620234
60.9 -1.41485 -0.682523
61 -1.36445 -0.742692
61.1 -1.31073 -0.800609
61.2 -1.25311 -0.856119
61.3 -1.19082 -0.909037
61.4 -1.12287 -0.959139
61.5 -1.04794 -1.00615
61.6 -0.964267 -1.04974
61.7 -0.869435 -1.08948
61.8 -0.760075 -1.12481
61.9 -0.631433 -1.15501
62 -0.476756 -1.17911
62.1 -0.286594 -1.19578
62.2 -0.0484931 -1.20323
62.3 0.251085 -1.19909
62.4 0.618165 -1.1805
62.5 1.03153 -1.14487
62.6 1.42672 -1.09144
62.7 1.72703 -1.02273
62.8 1.90582 -0.943674
62.9 1.99025 -0.859058
63 2.01893 -0.772124
63.1 2.0187 -0.684652
63.2 2.00416 -0.597538
63.3 1.98249 -0.511227
63.4 1.95705 -0.425945
63.5 1.92943 -0.341816
63.6 1.90037 -0.258915
63.7 1.87018 -0.177297
63.8 1.83899 -0.097008
63.9 1.80684 -0.0180902
64 1.77369 0.0594142
64.1 1.73949 0.135461
64.2 1.70415 0.210003
64.3 1.66758 0.282989
64.4 1.62965 0.354363
64.5 1.5902 0.424063
64.6 1.54907 0.492019
64.7 1.50604 0.558155
64.8 1.46085 0.622382
64.9 1.41319 0.6846
65 1.36268 0.744695
65.1 1.30885 0.802533
65.2 1.25108 0.857958
65.3 1.18862 0.910784
65.4 1.12045 0.960787
65.5 1.04525 1.00769
65.6 0.961248 1.05116
65.7 0.865985 1.09075
65.8 0.756058 1.12592
65.9 0.626656 1.15593
66 0.470947 1.1798
66.1 0.279378 1.19619
66.2 0.039406 1.20329
66.3 -0.26245 1.19871
66.4 -0.631675 1.17958
66.5 -1.04571 1.14334
66.6 -1.43881 1.08933
66.7 -1.73504 1.02019
66.8 -1.91 0.94087
66.9 -1.99195 0.856133
67 -2.01928 0.769158
67.1 -2.01838 0.681686
67.2 -2.00352 0.594595
67.3 -1.98167 0.508316
67.4 -1.95614 0.423071
67.5 -1.92847 0.338982
67.6 -1.89936 0.256124
67.7 -1.86914 0.17455
67.8 -1.83792 0.0943075
67.9 -1.80573 0.0154369
68 -1.77254 -0.0620188
68.1 -1.73831 -0.138015
68.2 -1.70293 -0.212506
68.3 -1.66632 -0.285438
68.4 -1.62834 -0.356756
68.5 -1.58884 -0.426398
68.6 -1.54764 -0.494294
68.7 -1.50454 -0.560366
68.8 -1.45927 -0.624526
68.9 -1.41152 -0.686674
69 -1.36091 -0.746695
69.1 -1.30695 -0.804454
69.2 -1.24904 -0.859795
69.3 -1.1864 -0.912529
69.4 -1.11802 -0.962431
69.5 -1.04256 -1.00923
69.6 -0.958216 -1.05257
69.7 -0.862518 -1.09202
69.8 -0.752018 -1.12703
69.9 -0.621849 -1.15685
70 -0.465098 -1.18049
70.1 -0.272107 -1.1966
70.2 -0.0302471 -1.20334
70.3 0.273895 -1.19832
70.4 0.645241 -1.17865
70.5 1.05987 -1.1418
70.6 1.45078 -1.08721
70.7 1.74291 -1.01764
70.8 1.91407 -0.938061
70.9 1.99358 -0.853205
71 2.0196 -0.766191
71.1 2.01805 -0.678722
71.2 2.00287 -0.591652
71.3 1.98085 -0.505406
71.4 1.95523 -0.420198
71.5 1.9275 -0.33615
71.6 1.89835 -0.253335
71.7 1.86809 -0.171806
71.8 1.83684 -0.0916085
71.9 1.80462 -0.0127853
72 1.7714 0.0646217
72.1 1.73713 0.140568
72.2 1.70171 0.215006
72.3 1.66505 0.287885
72.4 1.62702 0.359147
72.5 1.58747 0.428731
72.6 1.54621 0.496566
72.7 1.50304 0.562575
72.8 1.45769 0.626669
72.9 1.40986 0.688747
73 1.35914 0.748693
73.1 1.30506 0.806373
73.2 1.247 0.861628
73.3 1.18418 0.91427
73.4 1.11559 0.964071
73.5 1.03986 1.01075
73.6 0.955171 1.05397
73.7 0.859034 1.09329
73.8 0.747957 1.12813
73.9 0.617012 1.15776
74 0.459206 1.18117
74.1 0.26478 1.19699
74.2 0.0210158 1.20338
74.3 -0.285421 1.1979
74.4 -0.658861 1.17769
74.5 -1.074 1.14023
74.6 -1.46263 1.08507
74.7 -1.75063 1.01507
74.8 -1.91804 0.935246
74.9 -1.99516 0.850275
75 -2.0199 0.763224
75.1 -2.01771 0.675757
75.2 -2.00221 0.58871
75.3 -1.98003 0.502496
75.4 -1.95432 0.417327
75.5 -1.92653 0.333319
75.6 -1.89734 0.250547
75.7 -1.86705 0.169062
75.8 -1.83576 0.0889111
75.9 -1.80351 0.0101352
76 -1.77026 -0.0672229
76.1 -1.73594 -0.143119
76.2 -1.70049 -0.217505
76.3 -1.66379 -0.29033
76.4 -1.62571 -0.361536
76.5 -1.5861 -0.431062
76.6 -1.54478 -0.498836
76.7 -1.50154 -0.564782
76.8 -1.45611 -0.628809
76.9 -1.40819 -0.690816
77 -1.35736 -0.750688
77.1 -1.30316 -0.808288
77.2 -1.24495 -0.863458
77.3 -1.18196 -0.916008
77.4 -1.11314 -0.965708
77.5 -1.03714 -1.01228
77.6 -0.952113 -1.05537
77.7 -0.855533 -1.09455
77.8 -0.743872 -1.12923
77.9 -0.612145 -1.15866
78 -0.453273 -1.18184
78.1 -0.257396 -1.19738
78.2 -0.0117116 -1.20341
78.3 0.297026 -1.19748
78.4 0.672535 -1.17671
78.5 1.08811 -1.13864
78.6 1.47436 -1.08292
78.7 1.75821 -1.01249
78.8 1.9219 -0.932425
78.9 1.99667 -0.847343
79 2.02016 -0.760256
79.1 2.01735 -0.672794
79.2 2.00154 -0.58577
79.3 1.97921 -0.499588
79.4 1.95341 -0.414457
79.5 1.92556 -0.33049
79.6 1.89633 -0.24776
79.7 1.866 -0.166321
79.8 1.83468 -0.0862153
79.9 1.8024 -0.00748681
80 1.76911 0.0698224
80.1 1.73476 0.145668
80.2 1.69927 0.220002
80.3 1.66252 0.292773
80.4 1.62439 0.363923
80.5 1.58472 0.433391
80.6 1.54335 0.501105
80.7 1.50004 0.566986
80.8 1.45453 0.630946
80.9 1.40651 0.692884
81 1.35558 0.752681
81.1 1.30125 0.810201
81.2 1.2429 0.865285
81.3 1.17972 0.917742
81.4 1.11069 0.967342
81.5 1.03442 1.0138
81.6 0.949042 1.05677
81.7 0.852014 1.0958
81.8 0.739764 1.13032
81.9 0.607246 1.15956
82 0.447298 1.1825
82.1 0.249955 1.19775
82.2 0.00233413 1.20342
82.3 -0.308712 1.19703
82.4 -0.686259 1.17571
82.5 -1.10218 1.13703
82.6 -1.48597 1.08074
82.7 -1.76564 1.0099
82.8 -1.92566 0.929598
82.9 -1.99813 0.844408
83 -2.02039 0.757289
83.1 -2.01698 0.66983
83.2 -2.00086 0.58283
83.3 -1.97838 0.496682
83.4 -1.95249 0.411588
83.5 -1.92459 0.327662
83.6 -1.89532 0.244976
83.7 -1.86496 0.16358
83.8 -1.8336 0.0835211
83.9 -1.80128 0.00484004
84 -1.76796 -0.0724203
84.1 -1.73358 -0.148215
84.2 -1.69804 -0.222497
84.3 -1.66125 -0.295214
84.4 -1.62307 -0.366309
84.5 -1.58335 -0.435718
84.6 -1.54191 -0.503371
84.7 -1.49853 -0.569189
84.8 -1.45294 -0.633082
84.9 -1.40483 -0.694948
85 -1.3538 -0.754671
85.1 -1.29934 -0.812111
85.2 -1.24084 -0.867109
85.3 -1.17748 -0.919473
85.4 -1.10823 -0.968971
85.5 -1.03168 -1.01532
85.6 -0.945958 -1.05816
85.7 -0.848479 -1.09705
85.8 -0.735634 -1.1314
85.9 -0.602316 -1.16045
86 -0.44128 -1.18315
86.1 -0.242456 -1.19811
86.2 0.00711716 -1.20341
86.3 0.320477 -1.19657
86.4 0.700033 -1.17469
86.5 1.11621 -1.1354
86.6 1.49744 -1.07855
86.7 1.77293 -1.0073
86.8 1.92932 -0.926766
86.9 1.99953 -0.841472
87 2.0206 -0.75432
87.1 2.01659 -0.666868
87.2 2.00018 -0.579891
87.3 1.97754 -0.493776
87.4 1.95157 -0.408721
87.5 1.92362 -0.324836
87.6 1.89431 -0.242192
87.7 1.86391 -0.160842
87.8 1.83252 -0.0808284
87.9 1.80017 -0.0021949
88 1.76681 0.0750165
88.1 1.73239 0.150761
88.2 1.69681 0.224991
88.3 1.65997 0.297653
88.4 1.62175 0.368692
88.5 1.58197 0.438042
88.6 1.54047 0.505634
88.7 1.49702 0.571389
88.8 1.45136 0.635215
88.9 1.40315 0.697011
89 1.35201 0.756658
89.1 1.29743 0.814018
89.2 1.23877 0.868931
89.3 1.17524 0.921201
89.4 1.10576 0.970597
89.5 1.02893 1.01683
89.6 0.94286 1.05955
89.7 0.844926 1.09829
89.8 0.73148 1.13248
89.9 0.597354 1.16133
90 0.435219 1.1838
90.1 0.234898 1.19846
90.2 -0.0166427 1.2034
90.3 -0.332321 1.19609
90.4 -0.713854 1.17365
90.5 -1.1302 1.13375
90.6 -1.50879 1.07634
90.7 -1.78008 1.00469
90.8 -1.93288 0.923929
90.9 -2.00087 0.838533
91 -2.02078 0.751352
91.1 -2.01619 0.663906
91.2 -1.99949 0.576954
91.3 -1.97671 0.490872
91.4 -1.95065 0.405855
91.5 -1.92265 0.322011
91.6 -1.89329 0.23941
91.7 -1.86286 0.158104
91.8 -1.83144 0.0781374
91.9 -1.79905 -0.000448598
92 -1.76566 -0.0776109
92.1 -1.7312 -0.153305
92.2 -1.69558 -0.227482
92.3 -1.6587 -0.300091
92.4 -1.62042 -0.371073
92.5 -1.58059 -0.440365
92.6 -1.53903 -0.507896
92.7 -1.49551 -0.573587
92.8 -1.44976 -0.637346
92.9 -1.40147 -0.699071
93 -1.35022 -0.758643
93.1 -1.29551 -0.815923
93.2 -1.2367 -0.870749
93.3 -1.17298 -0.922926
93.4 -1.10328 -0.97222
93.5 -1.02618 -1.01834
93.6 -0.939749 -1.06093
93.7 -0.841355 -1.09953
93.8 -0.727302 -1.13355
93.9 -0.592361 -1.1622
94 -0.429114 -1.18443
94.1 -0.227282 -1.1988
94.2 0.026243 -1.20336
94.3 0.344244 -1.19559
94.4 0.727719 -1.1726
94.5 1.14415 -1.13208
94.6 1.52001 -1.07412
94.7 1.78709 -1.00207
94.8 1.93634 -0.921087
94.9 2.00216 -0.835592
95 2.02093 -0.748383
95.1 2.01577 -0.660944
95.2 1.9988 -0.574017
95.3 1.97586 -0.487969
95.4 1.94973 -0.40299
95.5 1.92167 -0.319188
95.6 1.89228 -0.23663
95.7 1.86181 -0.155369
95.8 1.83036 -0.0754479
95.9 1.79794 0.00309046
96 1.76451 0.0802037
96.1 1.73001 0.155847
96.2 1.69435 0.229972
96.3 1.65743 0.302526
96.4 1.6191 0.373452
96.5 1.57921 0.442686
96.6 1.53759 0.510156
96.7 1.49399 0.575782
96.8 1.44817 0.639474
96.9 1.39978 0.701128
97 1.34842 0.760625
97.1 1.29358 0.817824
97.2 1.23463 0.872564
97.3 1.17072 0.924647
97.4 1.1008 0.973839
97.5 1.02341 1.01985
97.6 0.936623 1.06231
97.7 0.837766 1.10077
97.8 0.723101 1.13462
97.9 0.587335 1.16307
98 0.422965 1.18506
98.1 0.219607 1.19913
98.2 -0.0359185 1.20332
98.3 -0.356246 1.19508
98.4 -0.741628 1.17152
98.5 -1.15806 1.13039
98.6 -1.5311 1.07188
98.7 -1.79395 0.999444
98.8 -1.93971 0.918239
98.9 -2.0034 0.83265
99 -2.02105 0.745414
99.1 -2.01534 0.657984
99.2 -1.9981 0.571081
99.3 -1.97502 0.485067
99.4 -1.9488 0.400127
99.5 -1.92069 0.316365
99.6 -1.89126 0.233851
99.7 -1.86076 0.152635
99.8 -1.82928 0.07276
99.9 -1.79682 -0.00573068
100 -1.76336 -0.0827948
100.1 -1.72882 -0.158387
100.2 -1.69312 -0.23246
100.3 -1.65615 -0.30496
100.4 -1.61777 -0.37583
100.5 -1.57783 -0.445005
100.6 -1.53614 -0.512413
100.7 -1.49248 -0.577976
100.8 -1.44657 -0.6416
100.9 -1.39809 -0.703183
101 -1.34662 -0.762604
101.1 -1.29165 -0.819723
101.2 -1.23254 -0.874376
101.3 -1.16846 -0.926365
101.4 -1.0983 -0.975454
101.5 -1.02063 -1.02135
101.6 -0.933485 -1.06368
101.7 -0.834159 -1.10199
101.8 -0.718875 -1.13568
101.9 -0.582276 -1.16393
102 -0.416771 -1.18567
102.1 -0.211871 -1.19945
102.2 0.0456696 -1.20326
102.3 0.368326 -1.19455
102.4 0.755577 -1.17042
102.5 1.17191 -1.12868
102.6 1.54205 -1.06962
102.7 1.80068 -0.996803
102.8 1.94298 -0.915387
102.9 2.00459 -0.829706
103 2.02115 -0.742445
103.1 2.0149 -0.655023
103.2 1.99739 -0.568147
103.3 1.97417 -0.482167
103.4 1.94788 -0.397265
103.5 1.91971 -0.313545
103.6 1.89024 -0.231074
103.7 1.85971 -0.149902
103.8 1.82819 -0.0700738
103.9 1.7957 0.00836926
104 1.7622 0.0853842
104.1 1.72763 0.160926
104.2 1.69189 0.234946
104.3 1.65487 0.307392
104.4 1.61644 0.378205
104.5 1.57645 0.447321
104.6 1.53469 0.514669
104.7 1.49096 0.580167
104.8 1.44497 0.643724
104.9 1.39639 0.705235
105 1.34481 0.764581
105.1 1.28972 0.821619
105.2 1.23046 0.876185
105.3 1.16618 0.92808
105.4 1.0958 0.977065
105.5 1.01784 1.02285
105.6 0.930332 1.06505
105.7 0.830534 1.10322
105.8 0.714625 1.13673
105.9 0.577185 1.16478
106 0.410533 1.18628
106.1 0.204075 1.19975
106.2 -0.0554968 1.20318
106.3 -0.380484 1.194
106.4 -0.769565 1.1693
106.5 -1.18571 1.12695
106.6 -1.55287 1.06735
106.7 -1.80727 0.994152
106.8 -1.94616 0.91253
106.9 -2.00572 0.82676
107 -2.02122 0.739476
107.1 -2.01445 0.652064
107.2 -1.99667 0.565213
107.3 -1.97332 0.479267
107.4 -1.94695 0.394404
107.5 -1.91873 0.310726
107.6 -1.88922 0.228298
107.7 -1.85865 0.147171
107.8 -1.8271 0.0673891
107.9 -1.79458 -0.0110062
108 -1.76105 -0.0879719
108.1 -1.72644 -0.163463
108.2 -1.69065 -0.237431
108.3 -1.65359 -0.309822
108.4 -1.61511 -0.380579
108.5 -1.57506 -0.449636
108.6 -1.53324 -0.516922
108.7 -1.48944 -0.582356
108.8 -1.44337 -0.645845
108.9 -1.39469 -0.707285
109 -1.34301 -0.766555
109.1 -1.28778 -0.823512
109.2 -1.22836 -0.877991
109.3 -1.1639 -0.929792
109.4 -1.09329 -0.978673
109.5 -1.01504 -1.02434
109.6 -0.927165 -1.06642
109.7 -0.826891 -1.10443
109.8 -0.710351 -1.13778
109.9 -0.57206 -1.16562
110 -0.404248 -1.18688
110.1 -0.196218 -1.20005
110.2 0.0654003 -1.2031
110.3 0.39272 -1.19343
110.4 0.783588 -1.16816
110.5 1.19945 -1.1252
110.6 1.56355 -1.06506
110.7 1.81373 -0.991492
110.8 1.94925 -0.909668
110.9 2.00681 -0.823812
111 2.02127 -0.736507
111.1 2.01398 -0.649105
111.2 1.99595 -0.562281
111.3 1.97247 -0.476369
111.4 1.94601 -0.391545
111.5 1.91775 -0.307908
111.6 1.8882 -0.225523
111.7 1.8576 -0.144442
111.8 1.82602 -0.064706
111.9 1.79346 0.0136415
112 1.75989 0.0905579
112.1 1.72524 0.165998
112.2 1.68942 0.239913
112.3 1.65231 0.31225
112.4 1.61378 0.38295
112.5 1.57367 0.451949
112.6 1.53179 0.519173
112.7 1.48791 0.584543
112.8 1.44176 0.647964
112.9 1.39299 0.709333
113 1.34119 0.768526
113.1 1.28584 0.825402
113.2 1.22626 0.879794
113.3 1.16161 0.9315
113.4 1.09077 0.980277
113.5 1.01223 1.02583
113.6 0.923984 1.06778
113.7 0.823229 1.10565
113.8 0.706051 1.13882
113.9 0.566901 1.16646
114 0.397918 1.18747
114.1 0.188299 1.20033
114.2 -0.0753807 1.20299
114.3 -0.405032 1.19284
114.4 -0.797645 1.16699
114.5 -1.21313 1.12342
114.6 -1.57409 1.06275
114.7 -1.82004 0.988823
114.8 -1.95225 0.906802
114.9 -2.00785 0.820863
115 -2.0213 0.733537
115.1 -2.01351 0.646147
115.2 -1.99522 0.559349
115.3 -1.97161 0.473472
115.4 -1.94508 0.388687
115.5 -1.91677 0.305091
115.6 -1.88718 0.222751
115.7 -1.85654 0.141714
115.8 -1.82493 0.0620245
115.9 -1.79234 -0.0162751
116 -1.75874 -0.0931422
116.1 -1.72405 -0.168531
116.2 -1.68818 -0.242394
116.3 -1.65103 -0.314676
116.4 -1.61244 -0.38532
116.5 -1.57228 -0.454259
116.6 -1.53034 -0.521422
116.7 -1.48639 -0.586727
116.8 -1.44015 -0.650081
116.9 -1.39129 -0.711378
117 -1.33938 -0.770495
117.1 -1.28389 -0.82729
117.2 -1.22416 -0.881593
117.3 -1.15932 -0.933204
117.4 -1.08824 -0.981878
117.5 -1.00941 -1.02731
117.6 -0.920788 -1.06913
117.7 -0.819548 -1.10685
117.8 -0.701727 -1.13985
117.9 -0.561708 -1.16729
118 -0.391541 -1.18805
118.1 -0.180318 -1.2006
118.2 0.0854384 -1.20287
118.3 0.41742 -1.19224
118.4 0.811732 -1.16581
118.5 1.22675 -1.12163
118.6 1.58449 -1.06043
118.7 1.82623 -0.986144
118.8 1.95517 -0.903931
118.9 2.00884 -0.817913
119 2.0213 -0.730568
119.1 2.01302 -0.643189
119.2 1.99449 -0.556419
119.3 1.97075 -0.470577
119.4 1.94415 -0.38583
119.5 1.91578 -0.302277
119.6 1.88616 -0.219979
119.7 1.85548 -0.138987
119.8 1.82384 -0.0593446
119.9 1.79122 0.0189071
120 1.75758 0.0957248
120.1 1.72285 0.171063
120.2 1.68694 0.244873
120.3 1.64974 0.3171
120.4 1.61111 0.387687
120.5 1.57089 0.456568
120.6 1.52888 0.523669
120.7 1.48486 0.588909
120.8 1.43854 0.652195
120.9 1.38958 0.71342
121 1.33756 0.772461
121.1 1.28194 0.829174
121.2 1.22205 0.88339
121.3 1.15702 0.934905
121.4 1.0857 0.983474
121.5 1.00658 1.02879
121.6 0.917579 1.07048
121.7 0.815848 1.10805
121.8 0.697377 1.14088
121.9 0.556481 1.16811
122 0.385118 1.18862
122.1 0.172274 1.20086
122.2 -0.0955735 1.20274
122.3 -0.429885 1.19162
122.4 -0.825848 1.16461
122.5 -1.2403 1.11982
122.6 -1.59475 1.0581
122.7 -1.83228 0.983457
122.8 -1.95799 0.901056
122.9 -2.00979 0.814961
123 -2.02127 0.727599
123.1 -2.01252 0.640233
123.2 -1.99375 0.55349
123.3 -1.96988 0.467683
123.4 -1.94321 0.382975
123.5 -1.9148 0.299463
123.6 -1.88513 0.217209
123.7 -1.85443 0.136263
123.8 -1.82275 0.0566663
123.9 -1.79009 -0.0215375
124 -1.75642 -0.0983057
124.1 -1.72165 -0.173593
124.2 -1.6857 -0.24735
124.3 -1.64845 -0.319523
124.4 -1.60977 -0.390053
124.5 -1.56949 -0.458874
124.6 -1.52742 -0.525914
124.7 -1.48332 -0.591089
124.8 -1.43692 -0.654307
124.9 -1.38787 -0.71546
125 -1.33573 -0.774425
125.1 -1.27998 -0.831056
125.2 -1.21993 -0.885184
125.3 -1.15471 -0.936603
125.4 -1.08315 -0.985067
125.5 -1.00373 -1.03027
125.6 -0.914354 -1.07183
125.7 -0.812129 -1.10925
125.8 -0.693002 -1.1419
125.9 -0.551219 -1.16892
126 -0.378647 -1.18918
126.1 -0.164166 -1.2011
126.2 0.105787 -1.20259
126.3 0.442424 -1.19098
126.4 0.83999 -1.16339
126.5 1.25377 -1.11799
126.6 1.60487 -1.05575
126.7 1.8382 -0.98076
126.8 1.96074 -0.898178
126.9 2.01069 -0.812008
127 2.02123 -0.724629
127.1 2.01201 -0.637277
127.2 1.99301 -0.550562
127.3 1.96901 -0.46479
127.4 1.94227 -0.380122
127.5 1.91381 -0.296651
127.6 1.88411 -0.214441
127.7 1.85337 -0.133539
127.8 1.82166 -0.0539897
127.9 1.78897 0.0241661
128 1.75526 0.100885
128.1 1.72045 0.176121
128.2 1.68446 0.249825
128.3 1.64717 0.321943
128.4 1.60843 0.392416
128.5 1.56809 0.461179
128.6 1.52596 0.528157
128.7 1.48179 0.593267
128.8 1.4353 0.656417
128.9 1.38615 0.717498
129 1.3339 0.776385
129.1 1.27802 0.832935
129.2 1.21781 0.886974
129.3 1.15239 0.938298
129.4 1.0806 0.986656
129.5 1.00088 1.03174
129.6 0.911115 1.07317
129.7 0.808391 1.11044
129.8 0.688601 1.14291
129.9 0.545922 1.16973
130 0.372127 1.18973
130.1 0.155995 1.20134
130.2 -0.116078 1.20243
130.3 -0.455037 1.19032
130.4 -0.854155 1.16214
130.5 -1.26717 1.11614
130.6 -1.61485 1.05338
130.7 -1.84398 0.978055
130.8 -1.9634 0.895295
130.9 -2.01155 0.809053
131 -2.02116 0.72166
131.1 -2.01148 0.634322
131.2 -1.99226 0.547635
131.3 -1.96814 0.461898
131.4 -1.94133 0.377269
131.5 -1.91282 0.293841
131.6 -1.88308 0.211674
131.7 -1.85231 0.130818
131.8 -1.82056 0.0513146
131.9 -1.78784 -0.0267932
132 -1.75409 -0.103462
132.1 -1.71925 -0.178647
132.2 -1.68322 -0.252298
132.3 -1.64588 -0.324362
132.4 -1.60709 -0.394778
132.5 -1.5667 -0.463481
132.6 -1.52449 -0.530397
132.7 -1.48025 -0.595443
132.8 -1.43368 -0.658524
132.9 -1.38443 -0.719533
133 -1.33207 -0.778343
133.1 -1.27605 -0.834811
133.2 -1.21568 -0.888761
133.3 -1.15007 -0.939989
133.4 -1.07803 -0.988242
133.5 -0.99801 -1.03321
133.6 -0.907862 -1.0745
133.7 -0.804634 -1.11162
133.8 -0.684174 -1.14392
133.9 -0.54059 -1.17053
134 -0.36556 -1.19027
134.1 -0.147759 -1.20156
134.2 0.126448 -1.20225
134.3 0.467723 -1.18964
134.4 0.86834 -1.16088
134.5 1.2805 -1.11427
134.6 1.62468 -1.051
134.7 1.84964 -0.975342
134.8 1.96598 -0.892408
134.9 2.01236 -0.806097
135 2.02108 -0.718691
135.1 2.01095 -0.631367
135.2 1.9915 -0.544709
135.3 1.96727 -0.459007
135.4 1.94038 -0.374418
135.5 1.91183 -0.291032
135.6 1.88205 -0.208909
135.7 1.85125 -0.128098
135.8 1.81947 -0.0486411
135.9 1.78671 0.0294186
136 1.75293 0.106038
136.1 1.71805 0.181172
136.2 1.68197 0.25477
136.3 1.64458 0.326779
136.4 1.60575 0.397138
136.5 1.56529 0.465781
136.6 1.52303 0.532635
136.7 1.47871 0.597616
136.8 1.43205 0.660629
136.9 1.38271 0.721565
137 1.33023 0.780299
137.1 1.27408 0.836684
137.2 1.21355 0.890546
137.3 1.14774 0.941677
137.4 1.07546 0.989824
137.5 0.995131 1.03467
137.6 0.904593 1.07584
137.7 0.800856 1.1128
137.8 0.67972 1.14492
137.9 0.535221 1.17132
138 0.358943 1.19081
138.1 0.139458 1.20177
138.2 -0.136896 1.20206
138.3 -0.480482 1.18894
138.4 -0.882542 1.15959
138.5 -1.29374 1.11238
138.6 -1.63437 1.04861
138.7 -1.85517 0.97262
138.8 -1.96848 0.889518
138.9 -2.01313 0.80314
139 -2.02097 0.715722
139.1 -2.01041 0.628413
139.2 -1.99074 0.541784
139.3 -1.96639 0.456118
139.4 -1.93944 0.371569
139.5 -1.91084 0.288224
139.6 -1.88102 0.206145
139.7 -1.85018 0.125379
139.8 -1.81837 0.0459693
139.9 -1.78558 -0.0320423
140 -1.75176 -0.108612
140.1 -1.71684 -0.183695
140.2 -1.68072 -0.25724
140.3 -1.64329 -0.329193
140.4 -1.6044 -0.399496
140.5 -1.56389 -0.46808
140.6 -1.52156 -0.534871
140.7 -1.47717 -0.599787
140.8 -1.43043 -0.662731
140.9 -1.38098 -0.723595
141 -1.32839 -0.782251
141.1 -1.2721 -0.838554
141.2 -1.2114 -0.892327
141.3 -1.1454 -0.943361
141.4 -1.07288 -0.991401
141.5 -0.992241 -1.03613
141.6 -0.901309 -1.07716
141.7 -0.797059 -1.11398
141.8 -0.67524 -1.14592
141.9 -0.529817 -1.1721
142 -0.352277 -1.19133
142.1 -0.131091 -1.20197
142.2 0.147424 -1.20185
142.3 0.493313 -1.18823
142.4 0.896759 -1.15828
142.5 1.3069 -1.11046
142.6 1.64391 -1.0462
142.7 1.86058 -0.96989
142.8 1.9709 -0.886624
142.9 2.01386 -0.800182
143 2.02084 -0.712753
143.1 2.00986 -0.625461
143.2 1.98998 -0.53886
143.3 1.96551 -0.45323
143.4 1.93849 -0.36872
143.5 1.90984 -0.285418
143.6 1.87999 -0.203383
143.7 1.84912 -0.122662
143.8 1.81728 -0.043299
143.9 1.78445 0.0346643
144 1.7506 0.111185
144.1 1.71564 0.186216
144.2 1.67948 0.259708
144.3 1.642 0.331606
144.4 1.60305 0.401851
144.5 1.56249 0.470376
144.6 1.52009 0.537105
144.7 1.47562 0.601956
144.8 1.4288 0.664831
144.9 1.37925 0.725622
145 1.32654 0.784201
145.1 1.27012 0.840421
145.2 1.20926 0.894104
145.3 1.14305 0.945042
145.4 1.07028 0.992975
145.5 0.989338 1.03759
145.6 0.89801 1.07848
145.7 0.793242 1.11515
145.8 0.670732 1.14691
145.9 0.524375 1.17287
146 0.345561 1.19184
146.1 0.122658 1.20216
146.2 -0.158031 1.20163
146.3 -0.506214 1.18749
146.4 -0.910987 1.15696
146.5 -1.31997 1.10854
146.6 -1.65331 1.04378
146.7 -1.86586 0.967153
146.8 -1.97324 0.883727
146.9 -2.01455 0.797223
147 -2.02069 0.709785
147.1 -2.00929 0.622509
147.2 -1.98921 0.535937
147.3 -1.96463 0.450344
147.4 -1.93754 0.365874
147.5 -1.90885 0.282613
147.6 -1.87896 0.200622
147.7 -1.84806 0.119947
147.8 -1.81618 0.0406304
147.9 -1.78332 -0.0372847
148 -1.74943 -0.113755
148.1 -1.71443 -0.188735
148.2 -1.67823 -0.262174
148.3 -1.6407 -0.334017
148.4 -1.60171 -0.404205
148.5 -1.56108 -0.47267
148.6 -1.51861 -0.539337
148.7 -1.47407 -0.604122
148.8 -1.42716 -0.666929
148.9 -1.37752 -0.727647
149 -1.32469 -0.786149
149.1 -1.26813 -0.842285
149.2 -1.20711 -0.895879
149.3 -1.1407 -0.946719
149.4 -1.06768 -0.994546
149.5 -0.986424 -1.03904
149.6 -0.894696 -1.0798
149.7 -0.789405 -1.11631
149.8 -0.666198 -1.14789
149.9 -0.518897 -1.17364
150 -0.338794 -1.19234
150.1 -0.114158 -1.20233
150.2 0.168718 -1.20139
150.3 0.519185 -1.18674
150.4 0.925224 -1.15561
150.5 1.33294 -1.10659
150.6 1.66256 -1.04134
150.7 1.87102 -0.964408
150.8 1.97552 -0.880826
150.9 2.01521 -0.794263
151 2.02052 -0.706816
151.1 2.00872 -0.619557
151.2 1.98843 -0.533016
151.3 1.96375 -0.447459
151.4 1.93659 -0.363028
151.5 1.90785 -0.27981
151.6 1.87793 -0.197862
151.7 1.84699 -0.117233
151.8 1.81508 -0.0379633
151.9 1.78219 0.0399035
152 1.74826 0.116324
152.1 1.71322 0.191252
152.2 1.67698 0.264638
152.3 1.6394 0.336426
152.4 1.60035 0.406557
152.5 1.55967 0.474962
152.6 1.51714 0.541567
152.7 1.47252 0.606286
152.8 1.42552 0.669024
152.9 1.37578 0.729669
153 1.32284 0.788093
153.1 1.26613 0.844146
153.2 1.20495 0.897651
153.3 1.13834 0.948393
153.4 1.06507 0.996112
153.5 0.983498 1.04049
153.6 0.891366 1.08111
153.7 0.785547 1.11746
153.8 0.661636 1.14886
153.9 0.513381 1.1744
154 0.331977 1.19284
154.1 0.105591 1.20249
154.2 -0.179484 1.20113
154.3 -0.532224 1.18597
154.4 -0.939466 1.15424
154.5 -1.34583 1.10462
154.6 -1.67166 1.03889
154.7 -1.87606 0.961655
154.8 -1.97771 0.877922
154.9 -2.01582 0.791302
155 -2.02034 0.703848
155.1 -2.00814 0.616607
155.2 -1.98765 0.530096
155.3 -1.96286 0.444575
155.4 -1.93564 0.360184
155.5 -1.90686 0.277008
155.6 -1.8769 0.195105
155.7 -1.84592 0.11452
155.8 -1.81398 0.0352979
155.9 -1.78105 -0.0425205
156 -1.74709 -0.118891
156.1 -1.71201 -0.193768
156.2 -1.67572 -0.267101
156.3 -1.6381 -0.338834
156.4 -1.599 -0.408907
156.5 -1.55826 -0.477252
156.6 -1.51566 -0.543794
156.7 -1.47097 -0.608448
156.8 -1.42388 -0.671117
156.9 -1.37404 -0.731689
157 -1.32098 -0.790035
157.1 -1.26414 -0.846005
157.2 -1.20278 -0.899419
157.3 -1.13597 -0.950063
157.4 -1.06245 -0.997675
157.5 -0.980559 -1.04193
157.6 -0.88802 -1.08242
157.7 -0.781668 -1.11862
157.8 -0.657046 -1.14983
157.9 -0.507827 -1.17515
158 -0.325108 -1.19332
158.1 -0.0969564 -1.20264
158.2 0.19033 -1.20086
158.3 0.545331 -1.18518
158.4 0.95371 -1.15285
158.5 1.35862 -1.10263
158.6 1.68062 -1.03643
158.7 1.88097 -0.958895
158.8 1.97984 -0.875014
158.9 2.0164 -0.78834
159 2.02013 -0.700881
159.1 2.00755 -0.613658
159.2 1.98686 -0.527176
159.3 1.96197 -0.441692
159.4 1.93469 -0.357342
159.5 1.90586 -0.274208
159.6 1.87586 -0.192348
159.7 1.84485 -0.11181
159.8 1.81288 -0.0326341
159.9 1.77992 0.0451359
160 1.74592 0.121457
160.1 1.7108 0.196282
160.2 1.67447 0.269561
160.3 1.6368 0.341239
160.4 1.59765 0.411255
160.5 1.55684 0.47954
160.6 1.51418 0.54602
160.7 1.46941 0.610608
160.8 1.42224 0.673207
160.9 1.37229 0.733706
161 1.31912 0.791974
161.1 1.26213 0.84786
161.2 1.20061 0.901184
161.3 1.13359 0.95173
161.4 1.05982 0.999233
161.5 0.977609 1.04337
161.6 0.884659 1.08372
161.7 0.777769 1.11976
161.8 0.652428 1.15079
161.9 0.502235 1.17589
162 0.318186 1.19379
162.1 0.0882531 1.20278
162.2 -0.201257 1.20057
162.3 -0.558503 1.18436
162.4 -0.967954 1.15143
162.5 -1.3713 1.10063
162.6 -1.68943 1.03396
162.7 -1.88577 0.956128
162.8 -1.98189 0.872104
162.9 -2.01694 0.785378
163 -2.01991 0.697913
163.1 -2.00695 0.610709
163.2 -1.98607 0.524258
163.3 -1.96107 0.438811
163.4 -1.93373 0.3545
163.5 -1.90486 0.271409
163.6 -1.87483 0.189594
163.7 -1.84379 0.1091
163.8 -1.81178 0.0299719
163.9 -1.77878 -0.0477497
164 -1.74475 -0.124021
164.1 -1.70959 -0.198794
164.2 -1.67321 -0.27202
164.3 -1.6355 -0.343642
164.4 -1.59629 -0.4136
164.5 -1.55543 -0.481826
164.6 -1.5127 -0.548243
164.7 -1.46785 -0.612765
164.8 -1.42059 -0.675295
164.9 -1.37054 -0.73572
165 -1.31725 -0.79391
165.1 -1.26012 -0.849713
165.2 -1.19843 -0.902946
165.3 -1.13121 -0.953393
165.4 -1.05718 -1.00079
165.5 -0.974646 -1.0448
165.6 -0.881282 -1.08502
165.7 -0.773848 -1.1209
165.8 -0.647782 -1.15175
165.9 -0.496604 -1.17662
166 -0.311213 -1.19425
166.1 -0.0794808 -1.2029
166.2 0.212263 -1.20027
166.3 0.571741 -1.18353
166.4 0.982193 -1.15
166.5 1.38389 -1.0986
166.6 1.6981 -1.03147
166.7 1.89045 -0.953353
166.8 1.98388 -0.869191
166.9 2.01744 -0.782414
167 2.01967 -0.694946
167.1 2.00634 -0.607761
167.2 1.98528 -0.521342
167.3 1.96018 -0.435931
167.4 1.93277 -0.351661
167.5 1.90386 -0.268612
167.6 1.87379 -0.18684
167.7 1.84271 -0.106393
167.8 1.81067 -0.0273114
167.9 1.77764 0.0503617
168 1.74357 0.126583
168.1 1.70838 0.201305
168.2 1.67196 0.274477
168.3 1.63419 0.346044
168.4 1.59493 0.415944
168.5 1.55401 0.48411
168.6 1.51121 0.550464
168.7 1.46629 0.61492
168.8 1.41894 0.677381
168.9 1.36879 0.737732
169 1.31538 0.795844
169.1 1.25811 0.851562
169.2 1.19625 0.904705
169.3 1.12881 0.955053
169.4 1.05453 1.00234
169.5 0.971671 1.04623
169.6 0.877888 1.08631
169.7 0.769906 1.12203
169.8 0.643107 1.1527
169.9 0.490934 1.17735
170 0.304186 1.19471
170.1 0.0706391 1.20301
170.2 -0.22335 1.19995
170.3 -0.585042 1.18268
170.4 -0.996425 1.14855
170.5 -1.39636 1.09656
170.6 -1.70662 1.02897
170.7 -1.89502 0.950572
170.8 -1.9858 0.866275
170.9 -2.01791 0.77945
171 -2.01941 0.691979
171.1 -2.00572 0.604815
171.2 -1.98448 0.518426
171.3 -1.95928 0.433052
171.4 -1.93181 0.348822
171.5 -1.90285 0.265816
171.6 -1.87275 0.184089
171.7 -1.84164 0.103687
171.8 -1.80957 0.0246524
171.9 -1.77651 -0.0529721
172 -1.7424 -0.129143
172.1 -1.70716 -0.203813
172.2 -1.6707 -0.276932
172.3 -1.63288 -0.348443
172.4 -1.59357 -0.418286
172.5 -1.55259 -0.486391
172.6 -1.50972 -0.552682
172.7 -1.46473 -0.617073
172.8 -1.41729 -0.679464
172.9 -1.36704 -0.739741
173 -1.3135 -0.797775
173.1 -1.25609 -0.853409
173.2 -1.19406 -0.906461
173.3 -1.12641 -0.95671
173.4 -1.05187 -1.00389
173.5 -0.968683 -1.04766
173.6 -0.874479 -1.0876
173.7 -0.765943 -1.12316
173.8 -0.638403 -1.15364
173.9 -0.485225 -1.17807
174 -0.297105 -1.19515
174.1 -0.0617272 -1.20311
174.2 0.234517 -1.19961
174.3 0.598405 -1.18182
174.4 1.01065 -1.14707
174.5 1.40873 -1.0945
174.6 1.71499 -1.02645
174.7 1.89947 -0.947785
174.8 1.98765 -0.863356
174.9 2.01835 -0.776485
175 2.01913 -0.689013
175.1 2.0051 -0.601869
175.2 1.98368 -0.515511
175.3 1.95838 -0.430174
175.4 1.93085 -0.345985
175.5 1.90185 -0.263021
175.6 1.87171 -0.181339
175.7 1.84057 -0.100982
175.8 1.80846 -0.0219951
175.9 1.77537 0.0555809
176 1.74122 0.131702
176.1 1.70595 0.20632
176.2 1.66944 0.279385
176.3 1.63158 0.350841
176.4 1.59221 0.420626
176.5 1.55117 0.488671
176.6 1.50823 0.554899
176.7 1.46316 0.619223
176.8 1.41563 0.681544
176.9 1.36528 0.741748
177 1.31162 0.799703
177.1 1.25407 0.855252
177.2 1.19186 0.908213
177.3 1.12401 0.958363
177.4 1.0492 1.00543
177.5 0.965683 1.04908
177.6 0.871053 1.08888
177.7 0.761958 1.12428
177.8 0.63367 1.15457
177.9 0.479476 1.17878
178 0.28997 1.19558
178.1 0.0527448 1.20319
178.2 -0.245764 1.19926
178.3 -0.611828 1.18093
178.4 -1.02485 1.14558
178.5 -1.42099 1.09242
178.6 -1.72321 1.02393
178.7 -1.90381 0.944991
178.8 -1.98944 0.860434
178.9 -2.01875 0.77352
179 -2.01884 0.686047
179.1 -2.00447 0.598924
179.2 -1.98287 0.512598
179.3 -1.95748 0.427298
179.4 -1.92989 0.34315
179.5 -1.90084 0.260228
179.6 -1.87067 0.17859
179.7 -1.8395 0.0982795
179.8 -1.80736 0.0193394
179.9 -1.77423 -0.0581879
180 -1.74004 -0.134258
180.1 -1.70473 -0.208825
180.2 -1.66818 -0.281837
180.3 -1.63027 -0.353237
180.4 -1.59085 -0.422964
180.5 -1.54974 -0.490948
180.6 -1.50674 -0.557113
180.7 -1.46159 -0.621371
180.8 -1.41397 -0.683623
180.9 -1.36351 -0.743752
181 -1.30973 -0.801628
181.1 -1.25204 -0.857093
181.2 -1.18966 -0.909962
181.3 -1.12159 -0.960012
181.4 -1.04652 -1.00697
181.5 -0.96267 -1.05049
181.6 -0.86761 -1.09016
181.7 -0.757951 -1.1254
181.8 -0.628908 -1.1555
181.9 -0.473686 -1.17948
182 -0.282781 -1.196
182.1 -0.0436914 -1.20326
182.2 0.257091 -1.19889
182.3 0.62531 -1.18002
182.4 1.03904 -1.14406
182.5 1.43313 -1.09033
182.6 1.73129 -1.02139
182.7 1.90805 -0.94219
182.8 1.99116 -0.85751
182.9 2.01912 -0.770554
183 2.01853 -0.683082
183.1 2.00382 -0.59598
183.2 1.98206 -0.509686
183.3 1.95657 -0.424424
183.4 1.92892 -0.340315
183.5 1.89984 -0.257437
183.6 1.86963 -0.175843
183.7 1.83842 -0.0955782
183.8 1.80625 -0.0166854
183.9 1.77308 0.0607933
184 1.73886 0.136814
184.1 1.70351 0.211328
184.2 1.66691 0.284286
184.3 1.62895 0.355631
184.4 1.58948 0.4253
184.5 1.54831 0.493224
184.6 1.50524 0.559326
184.7 1.46001 0.623517
184.8 1.41231 0.685698
184.9 1.36175 0.745754
185 1.30784 0.803551
185.1 1.25 0.858931
185.2 1.18745 0.911708
185.3 1.11917 0.961658
185.4 1.04383 1.0085
185.5 0.959645 1.05191
185.6 0.864151 1.09143
185.7 0.753922 1.12651
185.8 0.624115 1.15642
185.9 0.467856 1.18017
186 0.275536 1.19641
186.1 0.0345663 1.20332
186.2 -0.268499 1.1985
186.3 -0.638849 1.17909
186.4 -1.05321 1.14253
186.5 -1.44516 1.08821
186.6 -1.73923 1.01884
186.7 -1.91217 0.939384
186.8 -1.99282 0.854583
186.9 -2.01946 0.767587
187 -2.01821 0.680117
187.1 -2.00318 0.593037
187.2 -1.98124 0.506775
187.3 -1.95566 0.42155
187.4 -1.92796 0.337483
187.5 -1.89883 0.254647
187.6 -1.86858 0.173097
187.7 -1.83735 0.0928784
187.8 -1.80514 0.0140329
187.9 -1.77194 -0.063397
188 -1.73768 -0.139367
188.1 -1.70229 -0.21383
188.2 -1.66565 -0.286734
188.3 -1.62764 -0.358022
188.4 -1.58811 -0.427633
188.5 -1.54689 -0.495497
188.6 -1.50375 -0.561536
188.7 -1.45844 -0.625661
188.8 -1.41064 -0.687772
188.9 -1.35997 -0.747753
189 -1.30595 -0.80547
189.1 -1.24796 -0.860765
189.2 -1.18523 -0.913451
189.3 -1.11673 -0.9633
189.4 -1.04113 -1.01004
189.5 -0.956606 -1.05331
189.6 -0.860675 -1.09269
189.7 -0.749871 -1.12762
189.8 -0.619292 -1.15733
189.9 -0.461984 -1.18085
190 -0.268235 -1.19681
190.1 -0.0253691 -1.20337
190.2 0.279987 -1.1981
190.3 0.652445 -1.17814
190.4 1.06736 -1.14097
190.5 1.45707 -1.08608
190.6 1.74701 -1.01628
190.7 1.91619 -0.936571
190.8 1.99442 -0.851654
190.9 2.01976 -0.76462
191 2.01787 -0.677152
191.1 2.00252 -0.590095
191.2 1.98042 -0.503865
191.3 1.95475 -0.418678
191.4 1.92699 -0.334651
191.5 1.89782 -0.251858
191.6 1.86754 -0.170353
191.7 1.83627 -0.0901803
191.8 1.80403 -0.0113821
191.9 1.77079 0.065999
192 1.7365 0.141919
192.1 1.70107 0.216329
192.2 1.66438 0.289179
192.3 1.62632 0.360412
192.4 1.58674 0.429965
192.5 1.54545 0.497768
192.6 1.50225 0.563743
192.7 1.45686 0.627802
192.8 1.40897 0.689843
192.9 1.3582 0.749749
193 1.30405 0.807387
193.1 1.24592 0.862597
193.2 1.18301 0.91519
193.3 1.11429 0.964938
193.4 1.03842 1.01156
193.5 0.953554 1.05472
193.6 0.857182 1.09396
193.7 0.745797 1.12871
193.8 0.614439 1.15824
193.9 0.456071 1.18152
194 0.260878 1.1972
194.1 0.0160993 1.2034
194.2 -0.291555 1.19768
194.3 -0.666093 1.17717
194.4 -1.08147 1.13939
194.5 -1.46886 1.08393
194.6 -1.75466 1.01371
194.7 -1.9201 0.933753
194.8 -1.99596 0.848723
194.9 -2.02004 0.761653
195 -2.01752 0.674188
195.1 -2.00185 0.587154
195.2 -1.9796 0.500957
195.3 -1.95384 0.415807
195.4 -1.92602 0.331821
195.5 -1.89681 0.249071
195.6 -1.8665 0.167611
195.7 -1.83519 0.0874837
195.8 -1.80292 0.00873296
195.9 -1.76965 -0.0685993
196 -1.73532 -0.144469
196.1 -1.69984 -0.218827
196.2 -1.66311 -0.291623
196.3 -1.62501 -0.3628
196.4 -1.58537 -0.432295
196.5 -1.54402 -0.500037
196.6 -1.50074 -0.565949
196.7 -1.45528 -0.629941
196.8 -1.4073 -0.691911
196.9 -1.35642 -0.751743
197 -1.30215 -0.809301
197.1 -1.24387 -0.864426
197.2 -1.18078 -0.916926
197.3 -1.11184 -0.966573
197.4 -1.0357 -1.01309
197.5 -0.950489 -1.05611
197.6 -0.853672 -1.09521
197.7 -0.7417 -1.12981
197.8 -0.609555 -1.15914
197.9 -0.450115 -1.18219
198 -0.253464 -1.19757
198.1 -0.00675637 -1.20341
198.2 0.303203 -1.19724
198.3 0.679794 -1.17618
198.4 1.09556 -1.13779
198.5 1.48052 -1.08177
198.6 1.76216 -1.01112
198.7 1.9239 -0.930929
198.8 1.99745 -0.84579
198.9 2.02029 -0.758685
199 2.01715 -0.671225
199.1 2.00118 -0.584213
199.2 1.97877 -0.49805
199.3 1.95292 -0.412938
199.4 1.92505 -0.328993
199.5 1.8958 -0.246286
199.6 1.86545 -0.16487
199.7 1.83411 -0.0847888
199.8 1.80181 -0.00608542
199.9 1.7685 0.0711979
200 1.73413 0.147017
