0 2 0
0.1 1.87836 0.0830056
0.2 1.79698 0.161777
0.3 1.73463 0.237515
0.4 1.68175 0.310804
0.5 1.63351 0.381936
0.6 1.58726 0.451047
0.7 1.54141 0.518187
0.8 1.49492 0.583348
0.9 1.44703 0.646486
1 1.39712 0.707528
1.1 1.34457 0.766373
1.2 1.28875 0.822895
1.3 1.22891 0.876938
1.4 1.16414 0.92831
1.5 1.0933 0.976778
1.6 1.01487 1.02205
1.7 0.926804 1.06375
1.8 0.826298 1.10142
1.9 0.709415 1.13445
2 0.570573 1.16201
2.1 0.401844 1.183
2.2 0.192287 1.19592
2.3 -0.0717745 1.19872
2.4 -0.402631 1.18879
2.5 -0.797511 1.16322
2.6 -1.2157 1.11998
2.7 -1.57819 1.05967
2.8 -1.82378 0.986205
2.9 -1.9547 0.904753
3 -2.00912 0.819474
3.1 -2.02182 0.73286
3.2 -2.01367 0.646206
3.3 -1.99527 0.56015
3.4 -1.97168 0.475008
3.5 -1.94528 0.390945
3.6 -1.91715 0.308054
3.7 -1.88778 0.226399
3.8 -1.85738 0.146027
3.9 -1.82604 0.0669802
4 -1.79373 -0.0107009
4.1 -1.76043 -0.0869744
4.2 -1.72607 -0.161796
4.3 -1.69055 -0.235119
4.4 -1.65376 -0.30689
4.5 -1.61558 -0.377053
4.6 -1.57584 -0.445544
4.7 -1.53437 -0.512294
4.8 -1.49093 -0.577222
4.9 -1.44526 -0.640239
5 -1.39702 -0.701242
5.1 -1.34582 -0.760113
5.2 -1.29114 -0.816713
5.3 -1.23232 -0.870881
5.4 -1.16856 -0.922422
5.5 -1.09875 -0.9711
5.6 -1.02144 -1.01663
5.7 -0.934691 -1.05864
5.8 -0.835785 -1.09669
5.9 -0.720935 -1.13016
6 -0.584761 -1.15826
6.1 -0.419618 -1.17994
6.2 -0.214898 -1.19372
6.3 0.0428669 -1.19763
6.4 0.36649 -1.18909
6.5 0.755684 -1.16521
6.6 1.17442 -1.12377
6.7 1.54595 -1.06508
6.8 1.80417 -0.992721
6.9 1.94513 -0.91188
7 2.00551 -0.82687
7.1 2.02129 -0.740337
7.2 2.01464 -0.65367
7.3 1.99699 -0.567554
7.4 1.9738 -0.482329
7.5 1.94761 -0.398169
7.6 1.91962 -0.315176
7.7 1.89035 -0.233412
7.8 1.86005 -0.152928
7.9 1.82878 -0.073765
8 1.79656 0.00403583
8.1 1.76335 0.0804327
8.2 1.72908 0.155382
8.3 1.69367 0.228836
8.4 1.657 0.300743
8.5 1.61894 0.371048
8.6 1.57935 0.439687
8.7 1.53803 0.50659
8.8 1.49477 0.571679
8.9 1.44931 0.634865
9 1.40131 0.696047
9.1 1.35038 0.755107
9.2 1.29602 0.811911
9.3 1.2376 0.866296
9.4 1.1743 0.918072
9.5 1.10506 0.967009
9.6 1.02847 1.01282
9.7 0.942631 1.05516
9.8 0.844908 1.09357
9.9 0.731623 1.12746
10 0.597559 1.15607
10.1 0.435295 1.17835
10.2 0.234498 1.19288
10.3 -0.0181119 1.19774
10.4 -0.335724 1.19039
10.5 -0.72 1.16795
10.6 -1.13881 1.12807
10.7 -1.51771 1.07076
10.8 -1.78683 0.999389
10.9 -1.93672 0.919089
11 -2.00247 0.834312
11.1 -2.02103 0.747842
11.2 -2.01576 0.661152
11.3 -1.99879 0.574972
11.4 -1.97595 0.489661
11.5 -1.94996 0.405405
11.6 -1.9221 0.322308
11.7 -1.89293 0.240436
11.8 -1.86271 0.159839
11.9 -1.83152 0.0805602
12 -1.79939 0.00263992
12.1 -1.76627 -0.0738801
12.2 -1.73209 -0.148956
12.3 -1.69678 -0.222542
12.4 -1.66022 -0.294585
12.5 -1.62229 -0.365031
12.6 -1.58284 -0.433816
12.7 -1.54168 -0.500872
12.8 -1.4986 -0.566122
12.9 -1.45333 -0.629477
13 -1.40557 -0.690836
13.1 -1.35491 -0.750085
13.2 -1.30087 -0.807089
13.3 -1.24283 -0.861691
13.4 -1.17999 -0.913702
13.5 -1.11132 -0.962894
13.6 -1.03543 -1.00899
13.7 -0.950483 -1.05164
13.8 -0.853915 -1.09041
13.9 -0.742157 -1.12472
14 -0.610147 -1.15383
14.1 -0.450685 -1.17671
14.2 -0.253711 -1.19198
14.3 -0.00615062 -1.19776
14.4 0.305479 -1.19159
14.5 0.684606 -1.17056
14.6 1.10291 -1.13223
14.7 1.48861 -1.07635
14.8 1.76857 -1.00599
14.9 1.92769 -0.926265
15 1.99909 -0.841742
15.1 2.02061 -0.755346
15.2 2.0168 -0.668639
15.3 2.00055 -0.582397
15.4 1.97807 -0.497002
15.5 1.95229 -0.41265
15.6 1.92456 -0.329449
15.7 1.8955 -0.247469
15.8 1.86536 -0.16676
15.9 1.83426 -0.0873656
16 1.80221 -0.00932615
16.1 1.76917 0.0673167
16.2 1.73509 0.14252
16.3 1.69988 0.216236
16.4 1.66344 0.288415
16.5 1.62563 0.359001
16.6 1.58631 0.427933
16.7 1.54531 0.495142
16.8 1.50241 0.560551
16.9 1.45734 0.624073
17 1.40981 0.685609
17.1 1.35942 0.745046
17.2 1.3057 0.80225
17.3 1.24803 0.857067
17.4 1.18564 0.90931
17.5 1.11752 0.958757
17.6 1.04232 1.00513
17.7 0.958249 1.0481
17.8 0.86281 1.08722
17.9 0.75254 1.12195
18 0.622531 1.15154
18.1 0.465796 1.175
18.2 0.272546 1.191
18.3 0.0299287 1.19769
18.4 -0.275758 1.19266
18.5 -0.649538 1.17303
18.6 -1.06676 1.13626
18.7 -1.45867 1.08182
18.8 -1.74937 1.01252
18.9 -1.91799 0.933406
19 -1.99534 0.849159
19.1 -2.02001 0.762848
19.2 -2.01775 0.676129
19.3 -2.00226 0.589828
19.4 -1.98017 0.50435
19.5 -1.95461 0.419903
19.6 -1.92702 0.336599
19.7 -1.89805 0.254512
19.8 -1.86801 0.173691
19.9 -1.83699 0.0941811
20 -1.80502 0.0160228
20.1 -1.77207 -0.0607425
20.2 -1.73808 -0.136072
20.3 -1.70297 -0.209919
20.4 -1.66664 -0.282233
20.5 -1.62896 -0.352959
20.6 -1.58978 -0.422036
20.7 -1.54893 -0.489397
20.8 -1.5062 -0.554965
20.9 -1.46133 -0.618655
21 -1.41403 -0.680367
21.1 -1.3639 -0.73999
21.2 -1.31049 -0.797394
21.3 -1.25319 -0.852423
21.4 -1.19125 -0.904897
21.5 -1.12367 -0.954596
21.6 -1.04915 -1.00125
21.7 -0.96593 -1.04453
21.8 -0.871594 -1.084
21.9 -0.762777 -1.11914
22 -0.634717 -1.1492
22.1 -0.480637 -1.17325
22.2 -0.291013 -1.18995
22.3 -0.0532305 -1.19754
22.4 0.246565 -1.19363
22.5 0.614827 -1.17538
22.6 1.03043 -1.14015
22.7 1.42793 -1.08718
22.8 1.72923 -1.01898
22.9 1.90761 -0.94051
23 1.99121 -0.856562
23.1 2.01921 -0.770348
23.2 2.0186 -0.683623
23.3 2.00392 -0.597265
23.4 1.98225 -0.511706
23.5 1.95692 -0.427164
23.6 1.92947 -0.343759
23.7 1.90061 -0.261564
23.8 1.87064 -0.180632
23.9 1.83971 -0.101007
24 1.80782 -0.0227299
24.1 1.77496 0.0541576
24.2 1.74107 0.129613
24.3 1.70606 0.20359
24.4 1.66984 0.276039
24.5 1.63227 0.346905
24.6 1.59323 0.416127
24.7 1.55254 0.483639
24.8 1.50998 0.549366
24.9 1.46531 0.613221
25 1.41823 0.675109
25.1 1.36836 0.734918
25.2 1.31525 0.792519
25.3 1.25832 0.847761
25.4 1.19681 0.900464
25.5 1.12977 0.950413
25.6 1.05591 0.997343
25.7 0.973529 1.04093
25.8 0.880271 1.08075
25.9 0.772872 1.11629
26 0.64671 1.14683
26.1 0.495213 1.17144
26.2 0.30912 1.18884
26.3 0.0760648 1.1973
26.4 -0.217902 1.1945
26.5 -0.580503 1.1776
26.6 -0.993981 1.14391
26.7 -1.39643 1.09242
26.8 -1.70812 1.02536
26.9 -1.89652 0.947575
27 -1.98667 0.863948
27.1 -2.0182 0.777844
27.2 -2.01935 0.69112
27.3 -2.00554 0.604709
27.4 -1.9843 0.51907
27.5 -1.95921 0.434434
27.6 -1.93191 0.350927
27.7 -1.90315 0.268625
27.8 -1.87328 0.187582
27.9 -1.84242 0.107843
28 -1.81062 0.0294474
28.1 -1.77784 -0.0475619
28.2 -1.74404 -0.123143
28.3 -1.70913 -0.19725
28.4 -1.67302 -0.269833
28.5 -1.63558 -0.340838
28.6 -1.59667 -0.410205
28.7 -1.55613 -0.477868
28.8 -1.51374 -0.543752
28.9 -1.46926 -0.607773
29 -1.4224 -0.669836
29.1 -1.3728 -0.729829
29.2 -1.31999 -0.787627
29.3 -1.26341 -0.843079
29.4 -1.20234 -0.89601
29.5 -1.13582 -0.946207
29.6 -1.06261 -0.99341
29.7 -0.981047 -1.0373
29.8 -0.888844 -1.07747
29.9 -0.782827 -1.1134
30 -0.658515 -1.1444
30.1 -0.509532 -1.16957
30.2 -0.326878 -1.18766
30.3 -0.0984404 -1.19698
30.4 0.189767 -1.19525
30.5 0.546592 -1.17969
30.6 0.957465 -1.14753
30.7 1.36422 -1.09755
30.8 1.68606 -1.03167
30.9 1.88469 -0.954596
31 1.98171 -0.871317
31.1 2.01698 -0.785336
31.2 2.02 -0.698619
31.3 2.0071 -0.612159
31.4 1.98633 -0.526442
31.5 1.96148 -0.441713
31.6 1.93433 -0.358105
31.7 1.90568 -0.275696
31.8 1.8759 -0.194542
31.9 1.84513 -0.114688
32 1.81341 -0.0361753
32.1 1.78072 0.0409556
32.2 1.74701 0.116662
32.3 1.7122 0.190898
32.4 1.67619 0.263615
32.5 1.63888 0.334759
32.6 1.6001 0.404271
32.7 1.5597 0.472084
32.8 1.51748 0.538125
32.9 1.4732 0.602311
33 1.42656 0.664547
33.1 1.37721 0.724724
33.2 1.3247 0.782717
33.3 1.26847 0.838379
33.4 1.20782 0.891536
33.5 1.14182 0.941978
33.6 1.06925 0.989452
33.7 0.988486 1.03364
33.8 0.897313 1.07415
33.9 0.792646 1.11047
34 0.670137 1.14194
34.1 0.523602 1.16765
34.2 0.344294 1.18641
34.3 0.120367 1.19657
34.4 -0.162159 1.19591
34.5 -0.513115 1.18166
34.6 -0.920938 1.15102
34.7 -1.33134 1.10255
34.8 -1.66302 1.03789
34.9 -1.87209 0.961572
35 -1.97629 0.878666
35.1 -2.01552 0.792823
35.2 -2.02053 0.706121
35.3 -2.0086 0.619614
35.4 -1.98832 0.53382
35.5 -1.96374 0.449
35.6 -1.93675 0.365292
35.7 -1.90821 0.282777
35.8 -1.87852 0.201512
35.9 -1.84783 0.121544
36 -1.81619 0.0429135
36.1 -1.78359 -0.0343386
36.2 -1.74997 -0.11017
36.3 -1.71526 -0.184535
36.4 -1.67936 -0.257386
36.5 -1.64216 -0.328668
36.6 -1.60352 -0.398323
36.7 -1.56327 -0.466286
36.8 -1.52121 -0.532484
36.9 -1.47712 -0.596834
37 -1.4307 -0.659242
37.1 -1.3816 -0.719602
37.2 -1.32938 -0.77779
37.3 -1.2735 -0.83366
37.4 -1.21326 -0.887041
37.5 -1.14776 -0.937728
37.6 -1.07582 -0.98547
37.7 -0.995847 -1.02996
37.8 -0.905682 -1.0708
37.9 -0.802333 -1.10751
38 -0.681581 -1.13943
38.1 -0.537428 -1.16568
38.2 -0.361379 -1.1851
38.3 -0.141853 -1.19608
38.4 0.135075 -1.19646
38.5 0.480094 -1.1835
38.6 0.884454 -1.15437
38.7 1.29784 -1.10743
38.8 1.63903 -1.04402
38.9 1.85869 -0.9685
39 1.97039 -0.885995
39.1 2.01382 -0.800304
39.2 2.02094 -0.713624
39.3 2.01005 -0.627075
39.4 1.99028 -0.541207
39.5 1.96598 -0.456296
39.6 1.93915 -0.372487
39.7 1.91073 -0.289866
39.8 1.88113 -0.208492
39.9 1.85052 -0.12841
40 1.81896 -0.0496621
40.1 1.78644 0.027711
40.2 1.75292 0.103667
40.3 1.7183 0.178161
40.4 1.68251 0.251144
40.5 1.64543 0.322565
40.6 1.60692 0.392363
40.7 1.56682 0.460475
40.8 1.52493 0.526829
40.9 1.48102 0.591342
41 1.43481 0.653922
41.1 1.38596 0.714464
41.2 1.33403 0.772845
41.3 1.2785 0.828922
41.4 1.21867 0.882526
41.5 1.15367 0.933455
41.6 1.08234 0.981463
41.7 1.00313 1.02625
41.8 0.913954 1.06743
41.9 0.811891 1.10451
42 0.692851 1.13687
42.1 0.551018 1.16366
42.2 0.378139 1.18373
42.3 0.162908 1.19552
42.4 -0.108512 1.19691
42.5 -0.447545 1.18523
42.6 -0.848063 1.15759
42.7 -1.26377 1.11219
42.8 -1.61407 1.05006
42.9 -1.84447 0.975377
43 -1.96399 0.893301
43.1 -2.01185 0.807779
43.2 -2.02122 0.721129
43.3 -2.01143 0.63454
43.4 -1.99221 0.5486
43.5 -1.9682 0.463599
43.6 -1.94155 0.379691
43.7 -1.91324 0.296965
43.8 -1.88373 0.215481
43.9 -1.85321 0.135286
44 -1.82173 0.0564209
44.1 -1.7893 -0.0210727
44.2 -1.75586 -0.097153
44.3 -1.72134 -0.171775
44.4 -1.68566 -0.244892
44.5 -1.64869 -0.316449
44.6 -1.61031 -0.38639
44.7 -1.57035 -0.454651
44.8 -1.52863 -0.52116
44.9 -1.48491 -0.585836
45 -1.43891 -0.648588
45.1 -1.3903 -0.70931
45.2 -1.33866 -0.767884
45.3 -1.28346 -0.824166
45.4 -1.22403 -0.877992
45.5 -1.15952 -0.929161
45.6 -1.08879 -0.977433
45.7 -1.01034 -1.02251
45.8 -0.922129 -1.06402
45.9 -0.821322 -1.10148
46 -0.703953 -1.13428
46.1 -0.564377 -1.16159
46.2 -0.394585 -1.1823
46.3 -0.183542 -1.19487
46.4 0.0824652 -1.19726
46.5 0.415482 -1.18683
46.6 0.811814 -1.16067
46.7 1.2292 -1.11682
46.8 1.58818 -1.056
46.9 1.8294 -0.982199
47 1.95706 -0.900582
47.1 2.00961 -0.815246
47.2 2.02136 -0.728634
47.3 2.01274 -0.642011
47.4 1.99411 -0.556001
47.5 1.9704 -0.470911
47.6 1.94393 -0.386905
47.7 1.91574 -0.304074
47.8 1.88632 -0.22248
47.9 1.85588 -0.142172
48 1.82449 -0.06319
48.1 1.79214 0.0144239
48.2 1.75879 0.0906281
48.3 1.72437 0.165378
48.4 1.6888 0.238627
48.5 1.65195 0.310322
48.6 1.61369 0.380405
48.7 1.57388 0.448814
48.8 1.53231 0.515477
48.9 1.48877 0.580315
49 1.44299 0.643237
49.1 1.39462 0.70414
49.2 1.34326 0.762905
49.3 1.28839 0.819392
49.4 1.22936 0.873437
49.5 1.16533 0.924845
49.6 1.09519 0.973378
49.7 1.01748 1.01874
49.8 0.930211 1.06058
49.9 0.830631 1.09842
50 0.714889 1.13165
50.1 0.577512 1.15947
50.2 0.410724 1.1808
50.3 0.203765 1.19415
50.4 -0.056928 1.19752
50.5 -0.383919 1.18831
50.6 -0.775753 1.16362
50.7 -1.19418 1.12131
50.8 -1.56135 1.06185
50.9 -1.81347 0.988964
51 -1.94957 0.907836
51.1 -2.00706 0.822704
51.2 -2.02136 0.73614
51.3 -2.01398 0.649487
51.4 -1.99597 0.563408
51.5 -1.97259 0.478231
51.6 -1.94629 0.394127
51.7 -1.91823 0.311191
51.8 -1.88891 0.229489
51.9 -1.85856 0.149067
52 -1.82724 0.0699693
52.1 -1.79498 -0.00776455
52.2 -1.76172 -0.0840924
52.3 -1.7274 -0.15897
52.4 -1.69192 -0.232351
52.5 -1.65519 -0.304182
52.6 -1.61706 -0.374407
52.7 -1.57739 -0.442964
52.8 -1.53598 -0.509781
52.9 -1.49263 -0.57478
53 -1.44704 -0.637872
53.1 -1.39892 -0.698954
53.2 -1.34783 -0.757909
53.3 -1.29329 -0.814599
53.4 -1.23465 -0.868863
53.5 -1.17109 -0.920507
53.6 -1.10154 -0.9693
53.7 -1.02455 -1.01495
53.8 -0.938202 -1.05711
53.9 -0.83982 -1.09531
54 -0.725665 -1.12897
54.1 -0.590428 -1.1573
54.2 -0.426564 -1.17925
54.3 -0.223586 -1.19336
54.4 0.0318945 -1.19769
54.5 0.352866 -1.18968
54.6 0.739922 -1.16643
54.7 1.15877 -1.12568
54.8 1.53361 -1.0676
54.9 1.79664 -0.995668
55 1.9415 -0.915062
55.1 2.00421 -0.830152
55.2 2.0212 -0.743645
55.3 2.01515 -0.656967
55.4 1.99779 -0.570823
55.5 1.97475 -0.48556
55.6 1.94865 -0.401358
55.7 1.92071 -0.318318
55.8 1.89149 -0.236507
55.9 1.86122 -0.155973
56 1.82999 -0.0767588
56.1 1.79781 0.00109467
56.2 1.76464 0.0775459
56.3 1.73041 0.152551
56.4 1.69504 0.226063
56.5 1.65842 0.298031
56.6 1.62042 0.368397
56.7 1.58089 0.437101
56.8 1.53964 0.504071
56.9 1.49646 0.569231
57 1.45108 0.632492
57.1 1.40319 0.693752
57.2 1.35238 0.752896
57.3 1.29816 0.809788
57.4 1.23991 0.864269
57.5 1.17681 0.916149
57.6 1.10782 0.965198
57.7 1.03155 1.01114
57.8 0.946103 1.05361
57.9 0.848892 1.09218
58 0.736284 1.12626
58.1 0.603133 1.15509
58.2 0.442113 1.17763
58.3 0.243014 1.19249
58.4 -0.00735753 1.19776
58.5 -0.322329 1.19093
58.6 -0.704361 1.16911
58.7 -1.12302 1.12992
58.8 -1.50499 1.07324
58.9 -1.77889 1.00231
59 -1.93282 0.922256
59.1 -2.00102 0.837589
59.2 -2.02087 0.75115
59.3 -2.01623 0.664452
59.4 -1.99957 0.578244
59.5 -1.97689 0.492896
59.6 -1.95099 0.408597
59.7 -1.92318 0.325454
59.8 -1.89406 0.243535
59.9 -1.86388 0.162889
60 -1.83273 0.0835585
60.1 -1.80063 0.00558571
60.2 -1.76755 -0.0709885
60.3 -1.73341 -0.146121
60.4 -1.69815 -0.219764
60.5 -1.66164 -0.291867
60.6 -1.62376 -0.362374
60.7 -1.58437 -0.431225
60.8 -1.54328 -0.498348
60.9 -1.50028 -0.563668
61 -1.4551 -0.627097
61.1 -1.40744 -0.688534
61.2 -1.3569 -0.747866
61.3 -1.303 -0.804959
61.4 -1.24512 -0.859655
61.5 -1.18248 -0.911769
61.6 -1.11406 -0.961073
61.7 -1.03848 -1.00729
61.8 -0.953917 -1.05009
61.9 -0.857849 -1.08901
62 -0.746752 -1.12351
62.1 -0.61563 -1.15282
62.2 -0.457379 -1.17596
62.3 -0.262059 -1.19156
62.4 -0.0166905 -1.19774
62.5 0.292314 -1.19207
62.6 0.669107 -1.17166
62.7 1.087 -1.13402
62.8 1.47552 -1.07877
62.9 1.76022 -1.00888
63 1.9235 -0.929417
63.1 1.99748 -0.845013
63.2 2.02037 -0.758653
63.3 2.01723 -0.67194
63.4 2.00131 -0.585671
63.5 1.979 -0.50024
63.6 1.95332 -0.415845
63.7 1.92565 -0.3326
63.8 1.89662 -0.250572
63.9 1.86653 -0.169814
64 1.83546 -0.0903684
64.1 1.80345 -0.0122766
64.2 1.77045 0.0644203
64.3 1.73641 0.139679
64.4 1.70125 0.213453
64.5 1.66485 0.285691
64.6 1.6271 0.356339
64.7 1.58784 0.425335
64.8 1.54691 0.492611
64.9 1.50408 0.55809
65 1.45911 0.621687
65.1 1.41167 0.683301
65.2 1.3614 0.74282
65.3 1.30781 0.800112
65.4 1.25031 0.855023
65.5 1.18812 0.907368
65.6 1.12024 0.956926
65.7 1.04534 1.00343
65.8 0.961645 1.04653
65.9 0.866695 1.08581
66 0.75707 1.12071
66.1 0.627926 1.15052
66.2 0.47237 1.17424
66.3 0.280731 1.19055
66.4 0.0402575 1.19764
66.5 -0.262826 1.1931
66.6 -0.634193 1.17408
66.7 -1.05077 1.13799
66.8 -1.44522 1.08419
66.9 -1.74061 1.01538
67 -1.9135 0.936542
67.1 -1.99357 0.852424
67.2 -2.01968 0.766154
67.3 -2.01814 0.679432
67.4 -2.003 0.593105
67.5 -1.98109 0.507592
67.6 -1.95563 0.423102
67.7 -1.9281 0.339754
67.8 -1.89918 0.257619
67.9 -1.86917 0.176749
68 -1.83819 0.0971884
68.1 -1.80625 0.0189778
68.2 -1.77334 -0.0578414
68.3 -1.7394 -0.133226
68.4 -1.70433 -0.20713
68.5 -1.66805 -0.279504
68.6 -1.63042 -0.350292
68.7 -1.5913 -0.419433
68.8 -1.55052 -0.486861
68.9 -1.50787 -0.552499
69 -1.46309 -0.616262
69.1 -1.41588 -0.678051
69.2 -1.36587 -0.737757
69.3 -1.31259 -0.795247
69.4 -1.25545 -0.850371
69.5 -1.1937 -0.902946
69.6 -1.12636 -0.952755
69.7 -1.05214 -0.999531
69.8 -0.96929 -1.04294
69.9 -0.875432 -1.08258
70 -0.767244 -1.11788
70.1 -0.640027 -1.14816
70.2 -0.487093 -1.17246
70.3 -0.299038 -1.18947
70.4 -0.0633522 -1.19744
70.5 0.233866 -1.19403
70.6 0.599649 -1.17637
70.7 1.01438 -1.14183
70.8 1.41414 -1.0895
70.9 1.72004 -1.02181
71 1.90282 -0.943629
71.1 1.98926 -0.859819
71.2 2.01879 -0.773652
71.3 2.01895 -0.686927
71.4 2.00464 -0.600546
71.5 1.98316 -0.514951
71.6 1.95793 -0.430368
71.7 1.93054 -0.346917
71.8 1.90173 -0.264675
71.9 1.87181 -0.183694
72 1.8409 -0.104018
72.1 1.80905 -0.0256895
72.2 1.77623 0.0512518
72.3 1.74238 0.126762
72.4 1.70741 0.200797
72.5 1.67124 0.273305
72.6 1.63373 0.344232
72.7 1.59475 0.413519
72.8 1.55412 0.481097
72.9 1.51164 0.546893
73 1.46705 0.610822
73.1 1.42007 0.672787
73.2 1.37032 0.732677
73.3 1.31735 0.790365
73.4 1.26057 0.8457
73.5 1.19925 0.898503
73.6 1.13244 0.948561
73.7 1.05887 0.995612
73.8 0.976852 1.03933
73.9 0.884063 1.07931
74 0.777276 1.11502
74.1 0.651936 1.14576
74.2 0.501556 1.17062
74.3 0.31699 1.18833
74.4 0.0859832 1.19717
74.5 -0.205435 1.19484
74.6 -0.565504 1.17854
74.7 -0.977891 1.14552
74.8 -1.38232 1.09469
74.9 -1.69852 1.02815
75 -1.8914 0.950675
75.1 -1.98454 0.867198
75.2 -2.01769 0.781147
75.3 -2.01965 0.694425
75.4 -2.00623 0.607992
75.5 -1.9852 0.522318
75.6 -1.96021 0.437642
75.7 -1.93298 0.35409
75.8 -1.90427 0.271741
75.9 -1.87443 0.190649
76 -1.84362 0.110859
76.1 -1.81185 0.0324116
76.2 -1.77911 -0.0446514
76.3 -1.74535 -0.120288
76.4 -1.71049 -0.194451
76.5 -1.67442 -0.267094
76.6 -1.63703 -0.33816
76.7 -1.59819 -0.407591
76.8 -1.5577 -0.47532
76.9 -1.51539 -0.541274
77 -1.471 -0.605367
77.1 -1.42424 -0.667506
77.2 -1.37474 -0.727581
77.3 -1.32207 -0.785465
77.4 -1.26565 -0.84101
77.5 -1.20476 -0.89404
77.6 -1.13847 -0.944346
77.7 -1.06554 -0.991668
77.8 -0.984335 -1.03569
77.9 -0.892589 -1.07601
78 -0.787171 -1.11211
78.1 -0.66366 -1.14332
78.2 -0.515764 -1.16873
78.3 -0.334596 -1.18712
78.4 -0.10816 -1.19681
78.5 0.177533 -1.19555
78.6 0.531781 -1.18058
78.7 0.941363 -1.14909
78.8 1.34981 -1.09977
78.9 1.67602 -1.03442
79 1.87923 -0.957677
79.1 1.97938 -0.874559
79.2 2.01637 -0.788637
79.3 2.02025 -0.701925
79.4 2.00777 -0.615444
79.5 1.98721 -0.529693
79.6 1.96248 -0.444924
79.7 1.9354 -0.361271
79.8 1.9068 -0.278816
79.9 1.87705 -0.197613
80 1.84632 -0.117709
80.1 1.81463 -0.039144
80.2 1.78198 0.0380403
80.3 1.74831 0.113802
80.4 1.71355 0.188095
80.5 1.67759 0.260871
80.6 1.64032 0.332076
80.7 1.60161 0.401651
80.8 1.56128 0.46953
80.9 1.51913 0.53564
81 1.47493 0.599898
81.1 1.42839 0.66221
81.2 1.37915 0.722468
81.3 1.32677 0.780547
81.4 1.27069 0.836301
81.5 1.21022 0.889557
81.6 1.14444 0.940107
81.7 1.07215 0.9877
81.8 0.99174 1.03202
81.9 0.901014 1.07268
82 0.796932 1.10917
82.1 0.675203 1.14084
82.2 0.529726 1.16679
82.3 0.351865 1.18584
82.4 0.129891 1.19636
82.5 -0.150157 1.19616
82.6 -0.498503 1.18249
82.7 -0.904849 1.15252
82.8 -1.31664 1.10472
82.9 -1.65256 1.0406
83 -1.86628 0.964632
83.1 -1.97375 0.881899
83.2 -2.0148 0.796121
83.3 -2.02072 0.709428
83.4 -2.00925 0.622902
83.5 -1.98919 0.537075
83.6 -1.96473 0.452215
83.7 -1.93781 0.368462
83.8 -1.90932 0.2859
83.9 -1.87967 0.204588
84 -1.84902 0.124569
84.1 -1.81741 0.0458868
84.2 -1.78485 -0.0314187
84.3 -1.75127 -0.107305
84.4 -1.7166 -0.181727
84.5 -1.68075 -0.254636
84.6 -1.6436 -0.325979
84.7 -1.60502 -0.395698
84.8 -1.56483 -0.463727
84.9 -1.52285 -0.529993
85 -1.47884 -0.594415
85.1 -1.43251 -0.656899
85.2 -1.38352 -0.71734
85.3 -1.33143 -0.775613
85.4 -1.27571 -0.831574
85.5 -1.21565 -0.885054
85.6 -1.15037 -0.935847
85.7 -1.0787 -0.983707
85.8 -0.999067 -1.02833
85.9 -0.90934 -1.06932
86 -0.806561 -1.10619
86.1 -0.68657 -1.13831
86.2 -0.543447 -1.1648
86.3 -0.368806 -1.18451
86.4 -0.151186 -1.19584
86.5 0.123303 -1.19667
86.6 0.465688 -1.18428
86.7 0.8684 -1.15581
86.8 1.28289 -1.10954
86.9 1.62814 -1.04669
87 1.85253 -0.971538
87.1 1.96763 -0.889218
87.2 2.01298 -0.8036
87.3 2.02108 -0.716932
87.4 2.01066 -0.630365
87.5 1.99114 -0.544465
87.6 1.96696 -0.459514
87.7 1.94021 -0.375661
87.8 1.91184 -0.292994
87.9 1.88227 -0.211571
88 1.8517 -0.131439
88.1 1.82018 -0.0526399
88.2 1.7877 0.0247863
88.3 1.75421 0.100797
88.4 1.71965 0.175348
88.5 1.6839 0.24839
88.6 1.64687 0.319871
88.7 1.60842 0.389732
88.8 1.56838 0.45791
88.9 1.52656 0.524332
89 1.48274 0.588917
89.1 1.43662 0.651573
89.2 1.38788 0.712195
89.3 1.33607 0.77066
89.4 1.28069 0.826828
89.5 1.22104 0.88053
89.6 1.15625 0.931565
89.7 1.08519 0.97969
89.8 1.00632 1.0246
89.9 0.917569 1.06593
90 0.816063 1.10318
90.1 0.697765 1.13574
90.2 0.556934 1.16276
90.3 0.385426 1.18311
90.4 0.172054 1.19524
90.5 -0.0969684 1.19708
90.6 -0.433352 1.18595
90.7 -0.832066 1.15896
90.8 -1.2486 1.11424
90.9 -1.60277 1.05269
91 -1.83794 0.978391
91.1 -1.961 0.896513
91.2 -2.0109 0.811071
91.3 -2.0213 0.724437
91.4 -2.01201 0.637833
91.5 -1.99305 0.551861
91.6 -1.96917 0.466821
91.7 -1.9426 0.38287
91.8 -1.91434 0.300097
91.9 -1.88487 0.218565
92 -1.85439 0.13832
92.1 -1.82295 0.0594032
92.2 -1.79055 -0.0181434
92.3 -1.75715 -0.0942784
92.4 -1.72268 -0.168957
92.5 -1.68704 -0.242132
92.6 -1.65013 -0.31375
92.7 -1.6118 -0.383754
92.8 -1.57191 -0.45208
92.9 -1.53025 -0.518657
93 -1.48661 -0.583404
93.1 -1.44071 -0.646231
93.2 -1.39221 -0.707034
93.3 -1.34069 -0.765691
93.4 -1.28564 -0.822064
93.5 -1.22639 -0.875986
93.6 -1.16209 -0.927261
93.7 -1.09162 -0.975648
93.8 -1.0135 -1.02085
93.9 -0.925703 -1.06251
94 -0.82544 -1.10013
94.1 -0.708793 -1.13313
94.2 -0.570193 -1.16066
94.3 -0.401736 -1.18164
94.4 -0.192506 -1.19456
94.5 0.0711467 -1.19739
94.6 0.401508 -1.1875
94.7 0.795894 -1.16199
94.8 1.21382 -1.11881
94.9 1.57646 -1.05859
95 1.82249 -0.985188
95.1 1.95383 -0.903783
95.2 2.00852 -0.818534
95.3 2.02138 -0.731943
95.4 2.0133 -0.645306
95.5 1.99493 -0.559265
95.6 1.97137 -0.474137
95.7 1.94497 -0.390087
95.8 1.91684 -0.30721
95.9 1.88746 -0.225568
96 1.85706 -0.14521
96.1 1.82571 -0.0661768
96.2 1.79339 0.01149
96.3 1.76008 0.0877487
96.4 1.72571 0.162555
96.5 1.69018 0.235862
96.6 1.65338 0.307617
96.7 1.61518 0.377763
96.8 1.57543 0.446237
96.9 1.53393 0.512968
97 1.49047 0.577877
97.1 1.44478 0.640874
97.2 1.39652 0.701856
97.3 1.34528 0.760705
97.4 1.29055 0.817281
97.5 1.2317 0.871423
97.6 1.16787 0.922936
97.7 1.09799 0.971583
97.8 1.02061 1.01708
97.9 0.933744 1.05905
98 0.834696 1.09705
98.1 0.719658 1.13047
98.2 0.583231 1.15852
98.3 0.417742 1.18012
98.4 0.21255 1.19381
98.5 -0.0458324 1.19761
98.6 -0.370169 1.18893
98.7 -0.759929 1.16488
98.8 -1.17862 1.12326
98.9 -1.54923 1.0644
99 -1.80616 0.991926
99.1 -1.94609 0.911025
99.2 -2.00585 0.825988
99.3 -2.0213 0.739448
99.4 -2.01451 0.652784
99.5 -1.99678 0.566675
99.6 -1.97354 0.48146
99.7 -1.94733 0.397313
99.8 -1.91932 0.314332
99.9 -1.89005 0.232581
100 -1.85973 0.15211
100.1 -1.82846 0.0729606
100.2 -1.79623 -0.00482597
100.3 -1.76301 -0.0812083
100.4 -1.72873 -0.156142
100.5 -1.6933 -0.229581
100.6 -1.65661 -0.301472
100.7 -1.61854 -0.37176
100.8 -1.57893 -0.440381
100.9 -1.5376 -0.507266
101 -1.49432 -0.572336
101.1 -1.44883 -0.635503
101.2 -1.4008 -0.696663
101.3 -1.34984 -0.755701
101.4 -1.29544 -0.81248
101.5 -1.23697 -0.86684
101.6 -1.17362 -0.918589
101.7 -1.10431 -0.967495
101.8 -1.02764 -1.01327
101.9 -0.941695 -1.05557
102 -0.843833 -1.09394
102.1 -0.730365 -1.12778
102.2 -0.596054 -1.15633
102.3 -0.433453 -1.17854
102.4 -0.232197 -1.19299
102.5 0.0210186 -1.19773
102.6 0.339342 -1.19025
102.7 0.724212 -1.16763
102.8 1.14305 -1.12757
102.9 1.5211 -1.0701
103 1.78893 -0.998602
103.1 1.93775 -0.918237
103.2 2.00285 -0.833431
103.3 2.02107 -0.746953
103.4 2.01564 -0.660266
103.5 1.99858 -0.574093
103.6 1.97569 -0.488792
103.7 1.94968 -0.404547
103.8 1.9218 -0.321463
103.9 1.89262 -0.239603
104 1.86239 -0.15902
104.1 1.8312 -0.0797547
104.2 1.79905 -0.00184854
104.3 1.76592 0.0746569
104.4 1.73174 0.149718
104.5 1.69641 0.223288
104.6 1.65984 0.295315
104.7 1.62189 0.365744
104.8 1.58242 0.434512
104.9 1.54125 0.50155
105 1.49814 0.566781
105.1 1.45286 0.630116
105.2 1.40507 0.691454
105.3 1.35438 0.750681
105.4 1.3003 0.807662
105.5 1.24221 0.862238
105.6 1.17932 0.914221
105.7 1.11058 0.963383
105.8 1.03461 1.00945
105.9 0.949558 1.05206
106 0.852854 1.09079
106.1 0.740917 1.12505
106.2 0.608666 1.1541
106.3 0.448876 1.1769
106.4 0.251455 1.19209
106.5 0.00330186 1.19776
106.6 -0.309034 1.19145
106.7 -0.688782 1.17025
106.8 -1.10717 1.13174
106.9 -1.4921 1.07569
107 -1.77078 1.00521
107.1 -1.92879 0.925417
107.2 -1.99951 0.840863
107.3 -2.02067 0.754457
107.4 -2.01668 0.667752
107.5 -2.00034 0.581517
107.6 -1.97782 0.496132
107.7 -1.95202 0.411791
107.8 -1.92427 0.328603
107.9 -1.89519 0.246635
108 -1.86505 0.16594
108.1 -1.83393 0.0865589
108.2 -1.80187 0.00853353
108.3 -1.76883 -0.0680948
108.4 -1.73474 -0.143283
108.5 -1.69951 -0.216983
108.6 -1.66306 -0.289146
108.7 -1.62524 -0.359716
108.8 -1.5859 -0.42863
108.9 -1.54488 -0.495821
109 -1.50196 -0.561211
109.1 -1.45687 -0.624714
109.2 -1.40931 -0.686229
109.3 -1.35889 -0.745644
109.4 -1.30513 -0.802825
109.5 -1.24741 -0.857616
109.6 -1.18497 -0.909831
109.7 -1.11679 -0.959248
109.8 -1.04151 -1.00559
109.9 -0.957333 -1.04852
110 -0.861762 -1.0876
110.1 -0.751318 -1.12228
110.2 -0.621074 -1.15181
110.3 -0.46402 -1.17521
110.4 -0.270334 -1.19112
110.5 -0.0271369 -1.19771
110.6 0.279251 -1.19254
110.7 0.653674 -1.17275
110.8 1.07105 -1.13579
110.9 1.46226 -1.08118
111 1.7517 -1.01175
111.1 1.91918 -0.932562
111.2 1.9958 -0.848281
111.3 2.02009 -0.76196
111.4 2.01764 -0.675242
111.5 2.00206 -0.588947
111.6 1.97993 -0.503479
111.7 1.95434 -0.419043
111.8 1.92673 -0.335752
111.9 1.89775 -0.253677
112 1.86769 -0.172869
112.1 1.83666 -0.0933732
112.2 1.80468 -0.015229
112.3 1.77173 0.0615219
112.4 1.73773 0.136836
112.5 1.70261 0.210668
112.6 1.66626 0.282966
112.7 1.62856 0.353675
112.8 1.58937 0.422736
112.9 1.5485 0.490078
113 1.50575 0.555628
113.1 1.46086 0.619297
113.2 1.41353 0.680989
113.3 1.36337 0.74059
113.4 1.30992 0.79797
113.5 1.25258 0.852974
113.6 1.19058 0.905421
113.7 1.12294 0.95509
113.8 1.04835 1.00171
113.9 0.965025 1.04495
114 0.870559 1.08439
114.1 0.761572 1.11947
114.2 0.633284 1.14948
114.3 0.478892 1.17346
114.4 0.288844 1.19008
114.5 0.0504947 1.19756
114.6 -0.249996 1.19352
114.7 -0.61892 1.17511
114.8 -1.03474 1.1397
114.9 -1.43161 1.08655
115 -1.73166 1.01822
115.1 -1.90888 0.939671
115.2 -1.99172 0.855686
115.3 -2.01931 0.76946
115.4 -2.01851 0.682735
115.5 -2.00373 0.596384
115.6 -1.98201 0.510834
115.7 -1.95665 0.426304
115.8 -1.92918 0.34291
115.9 -1.9003 0.260728
116 -1.87033 0.179809
116.1 -1.83939 0.100198
116.2 -1.80749 0.0219349
116.3 -1.77462 -0.0549382
116.4 -1.74071 -0.130379
116.5 -1.70569 -0.20434
116.6 -1.66946 -0.276773
116.7 -1.63188 -0.347622
116.8 -1.59282 -0.416828
116.9 -1.55211 -0.484322
117 -1.50953 -0.55003
117.1 -1.46484 -0.613866
117.2 -1.41773 -0.675733
117.3 -1.36784 -0.73552
117.4 -1.31469 -0.793097
117.5 -1.25771 -0.848314
117.6 -1.19615 -0.90099
117.7 -1.12905 -0.950909
117.8 -1.05511 -0.997807
117.9 -0.972633 -1.04136
118 -0.879249 -1.08114
118.1 -0.771683 -1.11662
118.2 -0.645299 -1.14711
118.3 -0.4935 -1.17165
118.4 -0.306994 -1.18898
118.5 -0.0733839 -1.19733
118.6 0.22127 -1.1944
118.7 0.584548 -1.17734
118.8 0.998304 -1.14347
118.9 1.4002 -1.09181
119 1.71067 -1.02461
119.1 1.89788 -0.94674
119.2 1.98723 -0.863074
119.3 2.01833 -0.776956
119.4 2.01927 -0.690232
119.5 2.00535 -0.603827
119.6 1.98406 -0.518197
119.7 1.95894 -0.433573
119.8 1.93162 -0.350078
119.9 1.90285 -0.267788
120 1.87296 -0.186758
120.1 1.8421 -0.107032
120.2 1.81029 -0.0286511
120.3 1.7775 0.0483438
120.4 1.74369 0.12391
120.5 1.70877 0.198001
120.6 1.67264 0.270569
120.7 1.63519 0.341557
120.8 1.59627 0.410908
120.9 1.5557 0.478553
121 1.51329 0.544418
121.1 1.46879 0.60842
121.2 1.42191 0.670461
121.3 1.37227 0.730433
121.4 1.31943 0.788207
121.5 1.26281 0.843635
121.6 1.20168 0.896539
121.7 1.1351 0.946706
121.8 1.06182 0.993877
121.9 0.98016 1.03773
122 0.887833 1.07786
122.1 0.781654 1.11374
122.2 0.657126 1.14469
122.3 0.507849 1.16979
122.4 0.324792 1.1878
122.5 0.0958134 1.19702
122.6 -0.193072 1.19517
122.7 -0.550587 1.17945
122.8 -0.961792 1.14711
122.9 -1.36807 1.09694
123 -1.68872 1.03092
123.1 -1.88613 0.953767
123.2 -1.98232 0.870445
123.3 -2.01714 0.784449
123.4 -2.01993 0.697731
123.5 -2.00691 0.611276
123.6 -1.98609 0.525568
123.7 -1.96122 0.44085
123.8 -1.93405 0.357254
123.9 -1.90538 0.274858
124 -1.87559 0.193717
124.1 -1.84481 0.113877
124.2 -1.81308 0.0353778
124.3 -1.78038 -0.0417388
124.4 -1.74666 -0.11743
124.5 -1.71184 -0.191651
124.6 -1.67582 -0.264352
124.7 -1.63849 -0.33548
124.8 -1.5997 -0.404974
124.9 -1.55928 -0.47277
125 -1.51704 -0.538792
125.1 -1.47273 -0.602959
125.2 -1.42607 -0.665174
125.3 -1.37669 -0.72533
125.4 -1.32414 -0.7833
125.5 -1.26788 -0.838937
125.6 -1.20717 -0.892067
125.7 -1.14111 -0.94248
125.8 -1.06846 -0.989922
125.9 -0.987608 -1.03408
126 -0.896315 -1.07455
126.1 -0.79149 -1.11082
126.2 -0.66877 -1.14223
126.3 -0.521948 -1.16788
126.4 -0.342249 -1.18656
126.5 -0.117792 -1.19662
126.6 0.165402 -1.19583
126.7 0.517058 -1.18143
126.8 0.925264 -1.15062
126.9 1.33527 -1.10196
127 1.6658 -1.03715
127.1 1.87362 -0.960749
127.2 1.97695 -0.877797
127.3 2.01571 -0.791937
127.4 2.02047 -0.705232
127.5 2.00843 -0.61873
127.6 1.98809 -0.532946
127.7 1.96347 -0.448137
127.8 1.93646 -0.36444
127.9 1.90791 -0.281937
128 1.87821 -0.200686
128.1 1.84751 -0.120731
128.2 1.81586 -0.0421148
128.3 1.78325 0.035123
128.4 1.74962 0.110939
128.5 1.71489 0.185289
128.6 1.67898 0.258124
128.7 1.64177 0.32939
128.8 1.60311 0.399028
128.9 1.56285 0.466974
129 1.52077 0.533153
129.1 1.47666 0.597483
129.2 1.43021 0.659871
129.3 1.38108 0.72021
129.4 1.32883 0.778374
129.5 1.27291 0.83422
129.6 1.21262 0.887575
129.7 1.14706 0.938232
129.8 1.07505 0.985943
129.9 0.994979 1.0304
130 0.904696 1.0712
130.1 0.801192 1.10786
130.2 0.680235 1.13973
130.3 0.535803 1.16592
130.4 0.359372 1.18526
130.5 0.13933 1.19614
130.6 -0.138256 1.1964
130.7 -0.483981 1.18329
130.8 -0.888772 1.15398
130.9 -1.30184 1.10686
131 -1.64192 1.0433
131.1 -1.86032 0.967682
131.2 -1.97111 0.885128
131.3 -2.01403 0.799419
131.4 -2.0209 0.712735
131.5 -2.00988 0.62619
131.6 -1.99005 0.540331
131.7 -1.96572 0.455431
131.8 -1.93887 0.371634
131.9 -1.91043 0.289026
132 -1.88082 0.207665
132.1 -1.8502 0.127596
132.2 -1.81864 0.0488621
132.3 -1.78611 -0.0284966
132.4 -1.75257 -0.104438
132.5 -1.71794 -0.178917
132.6 -1.68214 -0.251884
132.7 -1.64505 -0.323288
132.8 -1.60652 -0.39307
132.9 -1.5664 -0.461164
133 -1.52449 -0.527499
133.1 -1.48056 -0.591993
133.2 -1.43433 -0.654553
133.3 -1.38544 -0.715074
133.4 -1.33348 -0.773432
133.5 -1.27791 -0.829484
133.6 -1.21803 -0.883062
133.7 -1.15297 -0.933962
133.8 -1.08157 -0.981939
133.9 -1.00227 -1.02669
134 -0.912979 -1.06783
134.1 -0.810765 -1.10487
134.2 -0.691525 -1.13718
134.3 -0.54942 -1.1639
134.4 -0.37617 -1.1839
134.5 -0.160436 -1.19559
134.6 0.111632 -1.19686
134.7 0.451375 -1.18503
134.8 0.852368 -1.15722
134.9 1.26784 -1.11163
135 1.61708 -1.04935
135.1 1.8462 -0.974565
135.2 1.96477 -0.892436
135.3 2.0121 -0.806894
135.4 2.02119 -0.72024
135.5 2.01127 -0.633656
135.6 1.99199 -0.547724
135.7 1.96794 -0.462734
135.8 1.94126 -0.378837
135.9 1.91294 -0.296124
136 1.88342 -0.214653
136.1 1.85289 -0.134471
136.2 1.8214 -0.0556197
136.3 1.78896 0.0218597
136.4 1.75551 0.0979252
136.5 1.72098 0.172532
136.6 1.68529 0.245633
136.7 1.64831 0.317174
136.8 1.60991 0.387099
136.9 1.56994 0.455342
137 1.52819 0.521832
137.1 1.48445 0.586489
137.2 1.43843 0.64922
137.3 1.38979 0.709922
137.4 1.33811 0.768472
137.5 1.28287 0.82473
137.6 1.2234 0.87853
137.7 1.15883 0.929671
137.8 1.08803 0.977911
137.9 1.00949 1.02295
138 0.921166 1.06442
138.1 0.820212 1.10184
138.2 0.702646 1.13459
138.3 0.562806 1.16184
138.4 0.392653 1.18247
138.5 0.18112 1.19495
138.6 -0.0855241 1.19723
138.7 -0.419255 1.18664
138.8 -0.8161 1.16031
138.9 -1.23332 1.11627
139 -1.59129 1.0553
139.1 -1.83123 0.981394
139.2 -1.95791 0.89972
139.3 -2.00989 0.814362
139.4 -2.02135 0.727745
139.5 -2.01259 0.641126
139.6 -1.99389 0.555124
139.7 -1.97014 0.470045
139.8 -1.94364 0.38605
139.9 -1.91544 0.303231
140 -1.88602 0.221651
140.1 -1.85557 0.141355
140.2 -1.82416 0.0623875
140.3 -1.79181 -0.0152121
140.4 -1.75845 -0.0914017
140.5 -1.72402 -0.166137
140.6 -1.68842 -0.23937
140.7 -1.65156 -0.311048
140.8 -1.61329 -0.381115
140.9 -1.57346 -0.449506
141 -1.53188 -0.516151
141.1 -1.48832 -0.58097
141.2 -1.44251 -0.643872
141.3 -1.39411 -0.704754
141.4 -1.34272 -0.763495
141.5 -1.28781 -0.819958
141.6 -1.22873 -0.873977
141.7 -1.16464 -0.925357
141.8 -1.09444 -0.97386
141.9 -1.01664 -1.01919
142 -0.929259 -1.06099
142.1 -0.829535 -1.09878
142.2 -0.713602 -1.13196
142.3 -0.575967 -1.15972
142.4 -0.408827 -1.18098
142.5 -0.201391 -1.19424
142.6 0.0599268 -1.1975
142.7 0.387632 -1.18814
142.8 0.780014 -1.16328
142.9 1.19835 -1.12079
143 1.56457 -1.06116
143.1 1.8154 -0.988166
143.2 1.95049 -0.906978
143.3 2.00738 -0.821821
143.4 2.02136 -0.735251
143.5 2.01384 -0.648601
143.6 1.99575 -0.56253
143.7 1.97233 -0.477364
143.8 1.94601 -0.393271
143.9 1.91793 -0.310348
144 1.8886 -0.228658
144.1 1.85824 -0.14825
144.2 1.82692 -0.0691657
144.3 1.79464 0.00855399
144.4 1.76137 0.0848672
144.5 1.72704 0.15973
144.6 1.69155 0.233095
144.7 1.6548 0.30491
144.8 1.61666 0.375119
144.9 1.57697 0.443658
145 1.53555 0.510457
145.1 1.49217 0.575437
145.2 1.44657 0.638509
145.3 1.39841 0.699569
145.4 1.34729 0.758501
145.5 1.29271 0.815167
145.6 1.23403 0.869405
145.7 1.17041 0.921022
145.8 1.10079 0.969784
145.9 1.02372 1.0154
146 0.93726 1.05752
146.1 0.838738 1.09568
146.2 0.724397 1.12929
146.3 0.588909 1.15756
146.4 0.424702 1.17943
146.5 0.221258 1.19346
146.6 -0.034834 1.19767
146.7 -0.356517 1.18952
146.8 -0.744153 1.16611
146.9 -1.16298 1.12517
147 -1.53694 1.06692
147.1 -1.79868 0.994877
147.2 -1.94249 0.914207
147.3 -2.00456 0.82927
147.4 -2.02122 0.742756
147.5 -2.01501 0.656081
147.6 -1.99758 0.569944
147.7 -1.97449 0.484691
147.8 -1.94837 0.400501
147.9 -1.92042 0.317474
148 -1.89118 0.235675
148.1 -1.8609 0.155154
148.2 -1.82967 0.075954
148.3 -1.79747 -0.00188535
148.4 -1.76429 -0.078322
148.5 -1.73005 -0.153312
148.6 -1.69467 -0.226808
148.7 -1.65804 -0.29876
148.8 -1.62002 -0.36911
148.9 -1.58047 -0.437796
149 -1.53921 -0.504749
149.1 -1.49601 -0.569889
149.2 -1.45061 -0.63313
149.3 -1.40268 -0.694369
149.4 -1.35184 -0.753491
149.5 -1.29759 -0.810359
149.6 -1.23929 -0.864814
149.7 -1.17614 -0.916666
149.8 -1.10708 -0.965685
149.9 -1.03072 -1.01159
150 -0.945172 -1.05403
150.1 -0.847823 -1.09255
150.2 -0.735034 -1.12658
150.3 -0.601638 -1.15535
150.4 -0.440286 -1.17783
150.5 -0.240732 -1.1926
150.6 0.0102386 -1.19776
150.7 0.325919 -1.19079
150.8 0.708558 -1.1688
150.9 1.12727 -1.12942
151 1.50843 -1.07257
151.1 1.78104 -1.00152
151.2 1.93388 -0.921405
151.3 2.00142 -0.836708
151.4 2.02092 -0.750261
151.5 2.01611 -0.663565
151.6 1.99936 -0.577364
151.7 1.97663 -0.492026
151.8 1.95071 -0.407739
151.9 1.92289 -0.324609
152 1.89376 -0.242702
152.1 1.86356 -0.162069
152.2 1.83241 -0.0827525
152.3 1.8003 -0.00479378
152.4 1.7672 0.0717659
152.5 1.73306 0.146883
152.6 1.69778 0.220511
152.7 1.66126 0.292598
152.8 1.62337 0.363089
152.9 1.58396 0.431921
153 1.54285 0.499027
153.1 1.49983 0.564328
153.2 1.45463 0.627737
153.3 1.40694 0.689153
153.4 1.35637 0.748463
153.5 1.30243 0.805532
153.6 1.24451 0.860203
153.7 1.18181 0.912289
153.8 1.11332 0.961563
153.9 1.03766 1.00775
154 0.952996 1.0505
154.1 0.856794 1.08939
154.2 0.745519 1.12383
154.3 0.61416 1.15309
154.4 0.455585 1.17616
154.5 0.259823 1.19167
154.6 0.0138669 1.19775
154.7 -0.295842 1.19195
154.8 -0.673266 1.17137
154.9 -1.09128 1.13354
155 -1.47905 1.07812
155.1 -1.76248 1.0081
155.2 -1.92463 0.928571
155.3 -1.99792 0.844134
155.4 -2.02044 0.757765
155.5 -2.01712 0.671053
155.6 -2.0011 0.584791
155.7 -1.97875 0.499369
155.8 -1.95304 0.414986
155.9 -1.92536 0.331753
156 -1.89632 0.249738
156.1 -1.86621 0.168993
156.2 -1.83514 0.0895611
156.3 -1.80311 0.0114834
156.4 -1.77011 -0.065199
156.5 -1.73606 -0.140443
156.6 -1.70088 -0.214201
156.7 -1.66447 -0.286424
156.8 -1.6267 -0.357055
156.9 -1.58743 -0.426034
157 -1.54648 -0.493292
157.1 -1.50363 -0.558752
157.2 -1.45863 -0.622328
157.3 -1.41117 -0.683922
157.4 -1.36087 -0.743418
157.5 -1.30724 -0.800687
157.6 -1.24969 -0.855572
157.7 -1.18745 -0.90789
157.8 -1.11951 -0.957418
157.9 -1.04453 -1.00388
158 -0.960734 -1.04695
158.1 -0.865653 -1.08619
158.2 -0.755855 -1.12105
158.3 -0.62648 -1.15079
158.4 -0.470609 -1.17444
158.5 -0.278538 -1.19067
158.6 -0.0374905 -1.19765
158.7 0.266292 -1.19299
158.8 0.63831 -1.1738
158.9 1.05507 -1.13753
159 1.44885 -1.08356
159.1 1.74298 -1.01461
159.2 1.91472 -0.9357
159.3 1.99405 -0.851547
159.4 2.01977 -0.765266
159.5 2.01803 -0.678544
159.6 2.0028 -0.592224
159.7 1.98085 -0.50672
159.8 1.95536 -0.422242
159.9 1.92781 -0.338906
160 1.89888 -0.256784
160.1 1.86886 -0.175927
160.2 1.83786 -0.0963799
160.3 1.80592 -0.0181834
160.4 1.773 0.0586213
160.5 1.73905 0.133991
160.6 1.70397 0.20788
160.7 1.66767 0.280238
160.8 1.63003 0.351009
160.9 1.59089 0.420133
161 1.55009 0.487543
161.1 1.50742 0.553162
161.2 1.46262 0.616905
161.3 1.41538 0.678674
161.4 1.36534 0.738357
161.5 1.31203 0.795824
161.6 1.25485 0.850923
161.7 1.19304 0.903471
161.8 1.12564 0.95325
161.9 1.05134 0.999994
162 0.968388 1.04337
162.1 0.874403 1.08296
162.2 0.766046 1.11822
162.3 0.638603 1.14844
162.4 0.485363 1.17267
162.5 0.296888 1.1896
162.6 0.0606407 1.19747
162.7 -0.237269 1.19392
162.8 -0.603721 1.17611
162.9 -1.01869 1.14138
163 -1.41786 1.08888
163.1 -1.72253 1.02105
163.2 -1.90412 0.942792
163.3 -1.98979 0.858944
163.4 -2.01891 0.772764
163.5 -2.01886 0.686039
163.6 -2.00445 0.599664
163.7 -1.98292 0.514079
163.8 -1.95766 0.429507
163.9 -1.93026 0.346068
164 -1.90143 0.263839
164.1 -1.87149 0.182871
164.2 -1.84058 0.103209
164.3 -1.80872 0.0248939
164.4 -1.77589 -0.0520329
164.5 -1.74203 -0.127529
164.6 -1.70705 -0.201548
164.7 -1.67086 -0.27404
164.8 -1.63334 -0.344951
164.9 -1.59434 -0.41422
165 -1.55369 -0.481781
165.1 -1.51119 -0.547558
165.2 -1.46658 -0.611467
165.3 -1.41958 -0.673411
165.4 -1.36979 -0.73328
165.5 -1.31678 -0.790944
165.6 -1.25996 -0.846254
165.7 -1.1986 -0.899031
165.8 -1.13172 -0.949059
165.9 -1.05808 -0.996078
166 -0.975961 -1.03976
166.1 -0.883046 -1.0797
166.2 -0.776095 -1.11536
166.3 -0.650535 -1.14605
166.4 -0.499856 -1.17084
166.5 -0.314882 -1.18847
166.6 -0.0833262 -1.1972
166.7 0.208776 -1.19475
166.8 0.569527 -1.17829
166.9 0.982216 -1.14509
167 1.38613 -1.09409
167.1 1.70112 -1.02741
167.2 1.89279 -0.949842
167.3 1.98512 -0.866325
167.4 2.01783 -0.780259
167.5 2.01957 -0.693537
167.6 2.00605 -0.607109
167.7 1.98496 -0.521445
167.8 1.95994 -0.436779
167.9 1.93269 -0.35324
168 1.90397 -0.270903
168.1 1.87412 -0.189824
168.2 1.84329 -0.110048
168.3 1.81152 -0.0316147
168.4 1.77877 0.0454338
168.5 1.745 0.121055
168.6 1.71012 0.195204
168.7 1.67404 0.26783
168.8 1.63664 0.33888
168.9 1.59778 0.408294
169 1.55728 0.476005
169.1 1.51495 0.54194
169.2 1.47053 0.606014
169.3 1.42375 0.668133
169.4 1.37422 0.728185
169.5 1.32151 0.786046
169.6 1.26505 0.841566
169.7 1.20411 0.89457
169.8 1.13776 0.944846
169.9 1.06476 0.992137
170 0.983453 1.03612
170.1 0.891584 1.0764
170.2 0.786006 1.11246
170.3 0.662281 1.14361
170.4 0.514094 1.16896
170.5 0.332528 1.18726
170.6 0.105556 1.19685
170.7 -0.180811 1.19547
170.8 -0.535754 1.18034
170.9 -0.945691 1.14867
171 -1.35369 1.09917
171.1 -1.67874 1.03368
171.2 -1.88072 0.95685
171.3 -1.98001 0.873688
171.4 -2.01654 0.78775
171.5 -2.02018 0.701037
171.6 -2.00759 0.614561
171.7 -1.98697 0.528819
171.8 -1.96221 0.444061
171.9 -1.93511 0.36042
172 -1.9065 0.277977
172.1 -1.87674 0.196788
172.2 -1.846 0.116897
172.3 -1.8143 0.038346
172.4 -1.78164 -0.0388241
172.5 -1.74796 -0.114571
172.6 -1.71319 -0.188849
172.7 -1.67722 -0.261609
172.8 -1.63993 -0.332797
172.9 -1.6012 -0.402355
173 -1.56085 -0.470217
173.1 -1.51869 -0.536308
173.2 -1.47446 -0.600547
173.3 -1.4279 -0.662839
173.4 -1.37862 -0.723075
173.5 -1.32621 -0.781131
173.6 -1.2701 -0.83686
173.7 -1.20958 -0.890089
173.8 -1.14374 -0.940611
173.9 -1.07137 -0.988171
174 -0.990866 -1.03246
174.1 -0.900021 -1.07308
174.2 -0.795782 -1.10952
174.3 -0.673845 -1.14113
174.4 -0.528084 -1.16702
174.5 -0.349837 -1.186
174.6 -0.127339 -1.19642
174.7 0.153373 -1.19609
174.8 0.502422 -1.18227
174.9 0.909172 -1.15212
175 1.3206 -1.10414
175.1 1.65539 -1.03987
175.2 1.86786 -0.963811
175.3 1.97444 -0.881031
175.4 2.015 -0.795235
175.5 2.02067 -0.708539
175.6 2.00907 -0.622018
175.7 1.98896 -0.5362
175.8 1.96446 -0.451351
175.9 1.93752 -0.36761
176 1.90902 -0.285061
176.1 1.87936 -0.203761
176.2 1.8487 -0.123756
176.3 1.81708 -0.0450875
176.4 1.78451 0.0322036
176.5 1.75092 0.108075
176.6 1.71624 0.182482
176.7 1.68038 0.255375
176.8 1.64322 0.326702
176.9 1.60462 0.396404
177 1.56441 0.464415
177.1 1.52241 0.530663
177.2 1.47838 0.595065
177.3 1.43203 0.657529
177.4 1.383 0.717948
177.5 1.33088 0.776198
177.6 1.27511 0.832135
177.7 1.21501 0.885588
177.8 1.14967 0.936353
177.9 1.07793 0.984181
178 0.998203 1.02877
178.1 0.908359 1.06972
178.2 0.805427 1.10655
178.3 0.685232 1.13861
178.4 0.541834 1.16504
178.5 0.366816 1.18467
178.6 0.148686 1.19591
178.7 -0.126457 1.19661
178.8 -0.469551 1.18407
178.9 -0.872712 1.15542
179 -1.28692 1.10898
179.1 -1.63109 1.04597
179.2 -1.8542 0.970723
179.3 -1.96838 0.888352
179.4 -2.01321 0.802714
179.5 -2.02104 0.716043
179.6 -2.0105 0.62948
179.7 -1.99091 0.543589
179.8 -1.9667 0.458649
179.9 -1.93992 0.374808
180 -1.91154 0.292153
180.1 -1.88197 0.210744
180.2 -1.85139 0.130625
180.3 -1.81986 0.0518393
180.4 -1.78736 -0.0255726
180.5 -1.75387 -0.101569
180.6 -1.71928 -0.176104
180.7 -1.68353 -0.24913
180.8 -1.64648 -0.320595
180.9 -1.60802 -0.39044
181 -1.56796 -0.4586
181.1 -1.52612 -0.525003
181.2 -1.48228 -0.589569
181.3 -1.43614 -0.652205
181.4 -1.38736 -0.712805
181.5 -1.33553 -0.771248
181.6 -1.2801 -0.827391
181.7 -1.2204 -0.881067
181.8 -1.15556 -0.932073
181.9 -1.08442 -0.980167
182 -1.00546 -1.02505
182.1 -0.916599 -1.06633
182.2 -0.814944 -1.10354
182.3 -0.696448 -1.13604
182.4 -0.555348 -1.163
182.5 -0.383474 -1.18327
182.6 -0.169604 -1.19532
182.7 0.100061 -1.19703
182.8 0.437157 -1.18576
182.9 0.836362 -1.1586
183 1.25268 -1.11369
183.1 1.60583 -1.05198
183.2 1.83971 -0.977582
183.3 1.96181 -0.89565
183.4 2.01116 -0.810187
183.5 2.02128 -0.723548
183.6 2.01186 -0.636948
183.7 1.99283 -0.550985
183.8 1.96891 -0.465955
183.9 1.94231 -0.382015
184 1.91404 -0.299255
184.1 1.88457 -0.217736
184.2 1.85407 -0.137504
184.3 1.82262 -0.0586015
184.4 1.79021 0.0189309
184.5 1.75681 0.0950512
184.6 1.72232 0.169715
184.7 1.68667 0.242874
184.8 1.64974 0.314476
184.9 1.6114 0.384463
185 1.57149 0.452771
185.1 1.52982 0.51933
185.2 1.48615 0.584058
185.3 1.44023 0.646865
185.4 1.39169 0.707646
185.5 1.34014 0.766281
185.6 1.28505 0.822629
185.7 1.22575 0.876526
185.8 1.1614 0.927772
185.9 1.09086 0.976128
186 1.01265 1.0213
186.1 0.924744 1.06291
186.2 0.824336 1.1005
186.3 0.707495 1.13344
186.4 0.568634 1.16091
186.5 0.399819 1.18182
186.6 0.190105 1.19465
186.7 -0.074179 1.19736
186.8 -0.405254 1.18732
186.9 -0.800169 1.16164
187 -1.21796 1.11828
187.1 -1.57963 1.0579
187.2 -1.82436 0.984386
187.3 -1.95471 0.902923
187.4 -2.00882 0.817651
187.5 -2.02137 0.731053
187.6 -2.01315 0.64442
187.7 -1.99471 0.558387
187.8 -1.97111 0.47327
187.9 -1.94469 0.389231
188 -1.91654 0.306367
188.1 -1.88716 0.224738
188.2 -1.85675 0.144393
188.3 -1.82538 0.0653739
188.4 -1.79306 -0.0122787
188.5 -1.75974 -0.0885228
188.6 -1.72535 -0.163314
188.7 -1.6898 -0.236605
188.8 -1.65299 -0.308344
188.9 -1.61478 -0.378473
189 -1.57501 -0.44693
189.1 -1.5335 -0.513643
189.2 -1.49002 -0.578533
189.3 -1.4443 -0.64151
189.4 -1.39601 -0.70247
189.5 -1.34474 -0.761296
189.6 -1.28997 -0.817849
189.7 -1.23107 -0.871965
189.8 -1.16719 -0.923449
189.9 -1.09724 -0.972066
190 -1.01977 -1.01753
190.1 -0.932796 -1.05946
190.2 -0.833606 -1.09742
190.3 -0.718379 -1.13079
190.4 -0.581698 -1.15878
190.5 -0.415861 -1.18031
190.6 -0.210197 -1.19391
190.7 0.0488049 -1.19759
190.8 0.373855 -1.18877
190.9 0.764178 -1.16454
191 1.18281 -1.12274
191.1 1.55251 -1.06371
191.2 1.80814 -0.991131
191.3 1.94704 -0.910168
191.4 2.00618 -0.825106
191.5 2.02132 -0.738559
191.6 2.01437 -0.651898
191.7 1.99656 -0.565797
191.8 1.97328 -0.480592
191.9 1.94705 -0.396456
192 1.91903 -0.313487
192.1 1.88974 -0.23175
192.2 1.85942 -0.151292
192.3 1.82813 -0.0721565
192.4 1.79589 0.00561596
192.5 1.76266 0.0819836
192.6 1.72837 0.156903
192.7 1.69293 0.230325
192.8 1.65623 0.302201
192.9 1.61814 0.372472
193 1.57852 0.441076
193.1 1.53716 0.507942
193.2 1.49386 0.572993
193.3 1.44835 0.63614
193.4 1.4003 0.697279
193.5 1.3493 0.756295
193.6 1.29486 0.81305
193.7 1.23635 0.867384
193.8 1.17294 0.919105
193.9 1.10357 0.96798
194 1.02681 1.01373
194.1 0.940758 1.05599
194.2 0.842757 1.09431
194.3 0.729105 1.1281
194.4 0.594546 1.15659
194.5 0.431607 1.17873
194.6 0.22989 1.19309
194.7 -0.0239322 1.19772
194.8 -0.342967 1.1901
194.9 -0.728429 1.16731
195 -1.14728 1.12706
195.1 -1.52448 1.06943
195.2 -1.79102 0.997815
195.3 -1.93877 0.917384
195.4 -2.00322 0.83255
195.5 -2.02111 0.746064
195.6 -2.01551 0.659379
195.7 -1.99837 0.573214
195.8 -1.97544 0.487923
195.9 -1.94941 0.40369
196 -1.92151 0.320617
196.1 -1.89232 0.238771
196.2 -1.86208 0.158201
196.3 -1.83087 0.0789493
196.4 -1.79872 0.00105731
196.5 -1.76558 -0.0754336
196.6 -1.73138 -0.15048
196.7 -1.69604 -0.224034
196.8 -1.65946 -0.296045
196.9 -1.6215 -0.366457
197 -1.58201 -0.435208
197.1 -1.54081 -0.502228
197.2 -1.49769 -0.56744
197.3 -1.45238 -0.630755
197.4 -1.40456 -0.692072
197.5 -1.35384 -0.751277
197.6 -1.29972 -0.808233
197.7 -1.24159 -0.862784
197.8 -1.17864 -0.914739
197.9 -1.10984 -0.963871
198 -1.03379 -1.0099
198.1 -0.948631 -1.05248
198.2 -0.851791 -1.09116
198.3 -0.739675 -1.12538
198.4 -0.607183 -1.15436
198.5 -0.447064 -1.1771
198.6 -0.249194 -1.1922
198.7 -0.000446277 -1.19776
198.8 0.312597 -1.19131
198.9 0.692963 -1.16995
199 1.11144 -1.13126
199.1 1.49558 -1.07503
199.2 1.77298 -1.00443
199.3 1.92988 -0.924568
199.4 1.99992 -0.839983
199.5 2.02073 -0.753569
199.6 2.01656 -0.666865
199.7 2.00013 -0.580637
199.8 1.97757 -0.495262
199.9 1.95174 -0.410932
200 1.92398 -0.327756
