0 2 0
0.1 1.87802 0.0826415
0.2 1.79662 0.16106
0.3 1.73437 0.236461
0.4 1.68163 0.309428
0.5 1.63356 0.380255
0.6 1.58749 0.449077
0.7 1.54182 0.515943
0.8 1.49553 0.580848
0.9 1.44786 0.643747
1 1.39817 0.704568
1.1 1.34587 0.763212
1.2 1.29033 0.819554
1.3 1.23079 0.87344
1.4 1.16638 0.924681
1.5 1.09594 0.973045
1.6 1.01797 1.01824
1.7 0.930468 1.05992
1.8 0.830641 1.0976
1.9 0.714598 1.13068
2 0.576806 1.15836
2.1 0.409401 1.17956
2.2 0.201485 1.19278
2.3 -0.0606754 1.19601
2.4 -0.389737 1.18663
2.5 -0.783884 1.16175
2.6 -1.20363 1.11924
2.7 -1.56986 1.05964
2.8 -1.81934 0.986754
2.9 -1.95282 0.90578
3 -2.00854 0.820913
3.1 -2.02185 0.73468
3.2 -2.01399 0.648388
3.3 -1.99577 0.562682
3.4 -1.97232 0.477879
3.5 -1.94605 0.394145
3.6 -1.91805 0.311573
3.7 -1.88882 0.230226
3.8 -1.85857 0.15015
3.9 -1.82738 0.0713865
4 -1.79524 -0.00602352
4.1 -1.76211 -0.0820392
4.2 -1.72794 -0.156617
4.3 -1.69262 -0.22971
4.4 -1.65605 -0.301268
4.5 -1.6181 -0.371234
4.6 -1.57862 -0.439546
4.7 -1.53742 -0.506134
4.8 -1.49428 -0.570922
4.9 -1.44895 -0.63382
5 -1.40109 -0.694728
5.1 -1.35031 -0.75353
5.2 -1.29612 -0.810091
5.3 -1.23787 -0.864252
5.4 -1.17476 -0.915823
5.5 -1.10574 -0.964574
5.6 -1.02939 -1.01023
5.7 -0.943807 -1.05243
5.8 -0.846378 -1.09072
5.9 -0.733425 -1.12454
6 -0.599731 -1.15312
6.1 -0.437867 -1.1754
6.2 -0.237465 -1.18999
6.3 0.0148453 -1.19496
6.4 0.332444 -1.18779
6.5 0.717268 -1.16557
6.6 1.13727 -1.12595
6.7 1.51747 -1.06893
6.8 1.78726 -0.997854
6.9 1.93719 -0.917876
7 2.00272 -0.833446
7.1 2.0211 -0.747339
7.2 2.01573 -0.66102
7.3 1.99873 -0.57521
7.4 1.97592 -0.490266
7.5 1.95 -0.406369
7.6 1.92223 -0.323624
7.7 1.89317 -0.242094
7.8 1.86307 -0.161828
7.9 1.83201 -0.0828701
8 1.80002 -0.00525888
8.1 1.76704 0.0709642
8.2 1.73303 0.145756
8.3 1.69788 0.21907
8.4 1.6615 0.290857
8.5 1.62376 0.36106
8.6 1.58452 0.429619
8.7 1.54358 0.496465
8.8 1.50075 0.561523
8.9 1.45576 0.624704
9 1.40829 0.685911
9.1 1.35797 0.745031
9.2 1.30431 0.80193
9.3 1.24671 0.856454
9.4 1.18437 0.908419
9.5 1.11629 0.957601
9.6 1.04112 1.00373
9.7 0.957045 1.04646
9.8 0.861557 1.08536
9.9 0.751168 1.11989
10 0.620924 1.14929
10.1 0.463769 1.17257
10.2 0.269803 1.1884
10.3 0.0260249 1.19493
10.4 -0.281382 1.18972
10.5 -0.657248 1.16988
10.6 -1.07597 1.1329
10.7 -1.4674 1.0783
10.8 -1.75566 1.00898
10.9 -1.92148 0.92999
11 -1.9968 0.846
11.1 -2.02029 0.760023
11.2 -2.01744 0.673677
11.3 -2.00168 0.587764
11.4 -1.97951 0.502679
11.5 -1.95395 0.418621
11.6 -1.9264 0.335701
11.7 -1.89751 0.25399
11.8 -1.86755 0.173536
11.9 -1.83663 0.0943829
12 -1.80478 0.0165714
12.1 -1.77195 -0.0598582
12.2 -1.73809 -0.134863
12.3 -1.70312 -0.208397
12.4 -1.66693 -0.280412
12.5 -1.6294 -0.350851
12.6 -1.59038 -0.419656
12.7 -1.54971 -0.486758
12.8 -1.50717 -0.552083
12.9 -1.46251 -0.615546
13 -1.41543 -0.67705
13.1 -1.36556 -0.736484
13.2 -1.31242 -0.793718
13.3 -1.25544 -0.848602
13.4 -1.19386 -0.900956
13.5 -1.1267 -0.950562
13.6 -1.05267 -0.997157
13.7 -0.970039 -1.04041
13.8 -0.876418 -1.07991
13.9 -0.768486 -1.11512
14 -0.641541 -1.14532
14.1 -0.488883 -1.16958
14.2 -0.301069 -1.18661
14.3 -0.0655103 -1.19464
14.4 0.231849 -1.19133
14.5 0.598246 -1.17382
14.6 1.01409 -1.13946
14.7 1.41498 -1.08735
14.8 1.72131 -1.01989
14.9 1.90381 -0.941998
15 1.98979 -0.858514
15.1 2.01895 -0.772701
15.2 2.01889 -0.686345
15.3 2.00451 -0.600337
15.4 1.98303 -0.515114
15.5 1.95785 -0.430897
15.6 1.93054 -0.347805
15.7 1.90182 -0.265913
15.8 1.87201 -0.185271
15.9 1.84123 -0.105925
16 1.80952 -0.0279137
16.1 1.77683 0.0487215
16.2 1.74313 0.123938
16.3 1.70833 0.197692
16.4 1.67232 0.269932
16.5 1.635 0.340607
16.6 1.59621 0.409655
16.7 1.55579 0.477012
16.8 1.51354 0.542604
16.9 1.46921 0.606346
17 1.42251 0.668144
17.1 1.37308 0.727889
17.2 1.32045 0.785456
17.3 1.26408 0.840696
17.4 1.20323 0.893433
17.5 1.13696 0.943458
17.6 1.06404 0.990515
17.7 0.982798 1.03428
17.8 0.890971 1.07436
17.9 0.785397 1.11024
18 0.661609 1.14123
18.1 0.513245 1.16644
18.2 0.331309 1.18462
18.3 0.103654 1.19411
18.4 -0.183851 1.19263
18.5 -0.540402 1.1774
18.6 -0.95194 1.14563
18.7 -1.36042 1.09606
18.8 -1.68419 1.03058
18.9 -1.88406 0.953889
19 -1.98158 0.87098
19.1 -2.01699 0.785368
19.2 -2.02005 0.69902
19.3 -2.00718 0.612926
19.4 -1.98647 0.527571
19.5 -1.9617 0.443197
19.6 -1.93465 0.359935
19.7 -1.90611 0.277863
19.8 -1.87645 0.197035
19.9 -1.84581 0.117495
20 -1.81423 0.0392857
20.1 -1.7817 -0.0375541
20.2 -1.74815 -0.112982
20.3 -1.71351 -0.186953
20.4 -1.67769 -0.25942
20.5 -1.64057 -0.330328
20.6 -1.60201 -0.399619
20.7 -1.56184 -0.467229
20.8 -1.51987 -0.533084
20.9 -1.47587 -0.597104
21 -1.42953 -0.659194
21.1 -1.38052 -0.719248
21.2 -1.3284 -0.777143
21.3 -1.27262 -0.832735
21.4 -1.21248 -0.885852
21.5 -1.14707 -0.936291
21.6 -1.07522 -0.983801
21.7 -0.995329 -1.02808
21.8 -0.905231 -1.06873
21.9 -0.801919 -1.10526
22 -0.681151 -1.13702
22.1 -0.536888 -1.16314
22.2 -0.360568 -1.18245
22.3 -0.140501 -1.19334
22.4 0.13738 -1.19364
22.5 0.483832 -1.18061
22.6 0.889781 -1.15141
22.7 1.30393 -1.10442
22.8 1.64426 -1.04103
22.9 1.86207 -0.965649
23 1.97205 -0.88339
23.1 2.01436 -0.798021
23.2 2.02087 -0.711702
23.3 2.00969 -0.625533
23.4 1.98982 -0.54005
23.5 1.96551 -0.455522
23.6 1.93873 -0.37209
23.7 1.91038 -0.289839
23.8 1.88087 -0.208826
23.9 1.85037 -0.129095
24 1.81893 -0.0506872
24.1 1.78654 0.0263564
24.2 1.75314 0.101994
24.3 1.71867 0.176183
24.4 1.68303 0.248873
24.5 1.64611 0.320013
24.6 1.60777 0.389546
24.7 1.56785 0.457407
24.8 1.52616 0.523525
24.9 1.48247 0.58782
25 1.4365 0.6502
25.1 1.38791 0.71056
25.2 1.33627 0.768781
25.3 1.28107 0.824721
25.4 1.22162 0.878214
25.5 1.15705 0.92906
25.6 1.08623 0.977018
25.7 1.00764 1.02179
25.8 0.919208 1.063
25.9 0.818067 1.10017
26 0.70019 1.13268
26.1 0.559846 1.1597
26.2 0.388888 1.1801
26.3 0.176098 1.19235
26.4 -0.0924205 1.19436
26.5 -0.428627 1.18347
26.6 -0.827873 1.1568
26.7 -1.24578 1.11242
26.8 -1.60156 1.05122
26.9 -1.83771 0.977264
27 -1.96109 0.895737
27.1 -2.01098 0.810655
27.2 -2.02133 0.724389
27.3 -2.01203 0.638154
27.4 -1.99309 0.552549
27.5 -1.96927 0.46787
27.6 -1.94277 0.384271
27.7 -1.91462 0.301843
27.8 -1.88527 0.220645
27.9 -1.85491 0.140723
28 -1.82361 0.0621181
28.1 -1.79135 -0.0151283
28.2 -1.75811 -0.0909755
28.3 -1.7238 -0.165379
28.4 -1.68834 -0.238293
28.5 -1.65161 -0.309664
28.6 -1.61349 -0.379437
28.7 -1.57382 -0.447548
28.8 -1.5324 -0.513927
28.9 -1.48902 -0.578495
29 -1.4434 -0.641162
29.1 -1.39522 -0.701826
29.2 -1.34406 -0.76037
29.3 -1.28942 -0.816654
29.4 -1.23064 -0.870518
29.5 -1.16689 -0.921767
29.6 -1.09708 -0.970166
29.7 -1.01974 -1.01543
29.8 -0.932913 -1.05719
29.9 -0.833857 -1.09499
30 -0.71875 -1.12823
30.1 -0.582149 -1.15612
30.2 -0.416312 -1.17757
30.3 -0.210491 -1.19113
30.4 0.0489465 -1.1948
30.5 0.374856 -1.18599
30.6 0.766451 -1.1618
30.7 1.18625 -1.12006
30.8 1.55614 -1.06113
30.9 1.81087 -0.988718
31 1.94856 -0.908009
31.1 2.00678 -0.823266
31.2 2.02138 -0.737077
31.3 2.01416 -0.650789
31.4 1.99625 -0.565068
31.5 1.97297 -0.480241
31.6 1.94678 -0.396477
31.7 1.91884 -0.313873
31.8 1.88965 -0.232491
31.9 1.85943 -0.152379
32 1.82826 -0.0735784
32.1 1.79615 0.00387006
32.2 1.76306 0.0799254
32.3 1.72891 0.154544
32.4 1.69363 0.22768
32.5 1.65709 0.299281
32.6 1.61918 0.369292
32.7 1.57975 0.437652
32.8 1.5386 0.50429
32.9 1.49552 0.569129
33 1.45025 0.632081
33.1 1.40247 0.693047
33.2 1.35178 0.75191
33.3 1.29769 0.808535
33.4 1.23957 0.862766
33.5 1.17661 0.914413
33.6 1.10777 0.963247
33.7 1.03164 1.00899
33.8 0.946356 1.05129
33.9 0.849304 1.08971
34 0.736849 1.12366
34.1 0.603827 1.15239
34.2 0.442879 1.17488
34.3 0.243729 1.18971
34.4 -0.00692665 1.19497
34.5 -0.32257 1.18818
34.6 -0.705727 1.16642
34.7 -1.12561 1.12731
34.8 -1.50809 1.07075
34.9 -1.78143 0.999995
35 -1.93433 0.920199
35.1 -2.00167 0.835848
35.2 -2.02098 0.749764
35.3 -2.01607 0.663438
35.4 -1.9993 0.577607
35.5 -1.97661 0.492636
35.6 -1.95076 0.408709
35.7 -1.92303 0.32593
35.8 -1.894 0.244365
35.9 -1.86393 0.164063
36 -1.8329 0.0850678
36.1 -1.80093 0.00741823
36.2 -1.76798 -0.0688444
36.3 -1.73399 -0.143677
36.4 -1.69888 -0.217033
36.5 -1.66254 -0.288864
36.6 -1.62484 -0.359112
36.7 -1.58564 -0.427718
36.8 -1.54476 -0.494613
36.9 -1.50198 -0.559722
37 -1.45705 -0.622957
37.1 -1.40966 -0.684222
37.2 -1.35943 -0.743401
37.3 -1.30587 -0.800365
37.4 -1.24838 -0.854958
37.5 -1.18619 -0.906998
37.6 -1.11829 -0.956261
37.7 -1.04335 -1.00248
37.8 -0.959547 -1.04531
37.9 -0.864421 -1.08433
38 -0.754509 -1.11898
38.1 -0.624907 -1.14854
38.2 -0.468628 -1.17201
38.3 -0.275859 -1.18807
38.4 -0.0336757 -1.19489
38.5 0.271798 -1.19005
38.6 0.64589 -1.17067
38.7 1.06418 -1.13418
38.8 1.45756 -1.08005
38.9 1.74931 -1.01108
39 1.91826 -0.932293
39.1 1.99555 -0.848395
39.2 2.02008 -0.762447
39.3 2.01774 -0.676097
39.4 2.00223 -0.590165
39.5 1.98019 -0.505053
39.6 1.95469 -0.420965
39.7 1.92719 -0.338012
39.8 1.89833 -0.256266
39.9 1.8684 -0.175776
40 1.83751 -0.0965862
40.1 1.80568 -0.0187364
40.2 1.77288 0.0577325
40.3 1.73905 0.132778
40.4 1.70411 0.206354
40.5 1.66796 0.278412
40.6 1.63047 0.348896
40.7 1.5915 0.417748
40.8 1.55088 0.484899
40.9 1.50839 0.550275
41 1.4638 0.613791
41.1 1.41679 0.675352
41.2 1.367 0.734845
41.3 1.31397 0.792143
41.4 1.2571 0.847096
41.5 1.19566 0.899523
41.6 1.12867 0.94921
41.7 1.05486 0.995894
41.8 0.972495 1.03925
41.9 0.879222 1.07886
42 0.771748 1.11419
42.1 0.645418 1.14455
42.2 0.493595 1.16899
42.3 0.306925 1.18624
42.4 0.0729013 1.19455
42.5 -0.222559 1.1916
42.6 -0.587099 1.17454
42.7 -1.00223 1.14067
42.8 -1.40472 1.08904
42.9 -1.71444 1.02195
43 -1.90021 0.94428
43.1 -1.98831 0.8609
43.2 -2.01862 0.775122
43.3 -2.01914 0.688766
43.4 -2.00503 0.602741
43.5 -1.98369 0.517493
43.6 -1.95859 0.433245
43.7 -1.93133 0.350121
43.8 -1.90264 0.268194
43.9 -1.87286 0.187517
44 -1.84211 0.108134
44.1 -1.81042 0.0300844
44.2 -1.77776 -0.0465899
44.3 -1.74409 -0.121847
44.4 -1.70932 -0.195642
44.5 -1.67335 -0.267926
44.6 -1.63607 -0.338645
44.7 -1.59732 -0.40774
44.8 -1.55695 -0.475146
44.9 -1.51476 -0.540788
45 -1.47049 -0.604583
45.1 -1.42386 -0.666437
45.2 -1.3745 -0.726242
45.3 -1.32198 -0.783871
45.4 -1.26572 -0.839179
45.5 -1.205 -0.891989
45.6 -1.1389 -0.942094
45.7 -1.06619 -0.989237
45.8 -0.98521 -1.0331
45.9 -0.893719 -1.07329
46 -0.788584 -1.1093
46.1 -0.665383 -1.14044
46.2 -0.517817 -1.16582
46.3 -0.336975 -1.18422
46.4 -0.110794 -1.19398
46.5 0.174853 -1.19284
46.6 0.529491 -1.17804
46.7 0.940055 -1.14676
46.8 1.34976 -1.09768
46.9 1.67677 -1.0326
47 1.88003 -0.956147
47.1 1.97986 -0.873356
47.2 2.01654 -0.787787
47.3 2.02023 -0.701443
47.4 2.00767 -0.615334
47.5 1.98711 -0.529954
47.6 1.96243 -0.44555
47.7 1.93543 -0.362256
47.8 1.90693 -0.280149
47.9 1.8773 -0.199286
48 1.84668 -0.11971
48.1 1.81513 -0.0414621
48.2 1.78262 0.0354168
48.3 1.7491 0.110885
48.4 1.7145 0.184898
48.5 1.67871 0.257407
48.6 1.64163 0.328359
48.7 1.60311 0.397697
48.8 1.56299 0.465355
48.9 1.52108 0.531261
49 1.47713 0.595333
49.1 1.43087 0.657479
49.2 1.38194 0.717592
49.3 1.32991 0.775549
49.4 1.27424 0.831208
49.5 1.21423 0.884397
49.6 1.14899 0.934914
49.7 1.07734 0.98251
49.8 0.997699 1.02688
49.9 0.907923 1.06764
50 0.805033 1.10429
50.1 0.684827 1.1362
50.2 0.541327 1.1625
50.3 0.366051 1.18202
50.4 0.147398 1.19317
50.5 -0.128673 1.1938
50.6 -0.473175 1.18118
50.7 -0.877924 1.15247
50.8 -1.29294 1.10598
50.9 -1.63631 1.043
51 -1.8576 0.96788
51.1 -1.97007 0.885755
51.2 -2.01378 0.800437
51.3 -2.02099 0.714126
51.4 -2.01015 0.627943
51.5 -1.99045 0.542436
51.6 -1.96623 0.457879
51.7 -1.9395 0.374416
51.8 -1.91119 0.292131
51.9 -1.88171 0.211082
52 -1.85124 0.131314
52.1 -1.81983 0.0528692
52.2 -1.78746 -0.0242132
52.3 -1.75409 -0.0998913
52.4 -1.71965 -0.174121
52.5 -1.68405 -0.246854
52.6 -1.64716 -0.318038
52.7 -1.60886 -0.387617
52.8 -1.56899 -0.455526
52.9 -1.52735 -0.521694
53 -1.48372 -0.586041
53.1 -1.43782 -0.648476
53.2 -1.38931 -0.708895
53.3 -1.33777 -0.767177
53.4 -1.28267 -0.823184
53.5 -1.22335 -0.876747
53.6 -1.15894 -0.927671
53.7 -1.08832 -0.975714
53.8 -1.00997 -1.02058
53.9 -0.921847 -1.0619
54 -0.821111 -1.09919
54.1 -0.703773 -1.13184
54.2 -0.564157 -1.15903
54.3 -0.394197 -1.17963
54.4 -0.182761 -1.19213
54.5 0.0839993 -1.19446
54.6 0.41824 -1.18398
54.7 0.816091 -1.15779
54.8 1.2345 -1.11391
54.9 1.59309 -1.05313
55 1.83278 -0.979465
55.1 1.95882 -0.898088
55.2 2.01025 -0.813067
55.3 2.02137 -0.726813
55.4 2.01245 -0.640567
55.5 1.9937 -0.55494
55.6 1.96998 -0.470232
55.7 1.94354 -0.386602
55.8 1.91543 -0.30414
55.9 1.88611 -0.222906
56 1.85577 -0.142948
56.1 1.8245 -0.0643058
56.2 1.79227 0.0129794
56.3 1.75906 0.0888664
56.4 1.72478 0.163311
56.5 1.68935 0.236268
56.6 1.65266 0.307683
56.7 1.61458 0.377501
56.8 1.57495 0.44566
56.9 1.53359 0.512088
57 1.49027 0.576708
57.1 1.44472 0.63943
57.2 1.39661 0.700152
57.3 1.34555 0.758757
57.4 1.29101 0.815107
57.5 1.23236 0.869041
57.6 1.16876 0.920366
57.7 1.09913 0.968849
57.8 1.02203 1.0142
57.9 0.935501 1.05607
58 0.836835 1.09399
58.1 0.722243 1.12737
58.2 0.586339 1.15542
58.3 0.421454 1.17707
58.4 0.216931 1.19087
58.5 -0.0408058 1.19485
58.6 -0.364749 1.18644
58.7 -0.754787 1.16272
58.8 -1.17474 1.12147
58.9 -1.54715 1.06299
59 -1.80545 0.990887
59.1 -1.94598 0.910345
59.2 -2.00588 0.825673
59.3 -2.02134 0.739501
59.4 -2.01454 0.653205
59.5 -1.99684 0.567463
59.6 -1.97367 0.482608
59.7 -1.94755 0.398813
59.8 -1.91964 0.316175
59.9 -1.89048 0.234758
60 -1.86029 0.154609
60.1 -1.82915 0.0757716
60.2 -1.79707 -0.00171535
60.3 -1.764 -0.0778104
60.4 -1.72988 -0.15247
60.5 -1.69463 -0.225648
60.6 -1.65814 -0.297293
60.7 -1.62027 -0.36735
60.8 -1.58088 -0.435756
60.9 -1.53978 -0.502444
61 -1.49676 -0.567334
61.1 -1.45156 -0.630341
61.2 -1.40385 -0.691364
61.3 -1.35325 -0.750287
61.4 -1.29926 -0.806978
61.5 -1.24126 -0.861278
61.6 -1.17845 -0.913
61.7 -1.10979 -0.961917
61.8 -1.03389 -1.00775
61.9 -0.948895 -1.05016
62 -0.852218 -1.08869
62.1 -0.740257 -1.12278
62.2 -0.6079 -1.15167
62.3 -0.447861 -1.17434
62.4 -0.249953 -1.18941
62.5 -0.000940227 -1.19498
62.6 0.31275 -1.18856
62.7 0.694219 -1.16726
62.8 1.11393 -1.12865
62.9 1.49862 -1.07255
63 1.7755 -1.00213
63.1 1.9314 -0.922517
63.2 2.00058 -0.838248
63.3 2.02085 -0.752187
63.4 2.01641 -0.665856
63.5 1.99987 -0.580006
63.6 1.9773 -0.495007
63.7 1.95151 -0.411049
63.8 1.92383 -0.328236
63.9 1.89483 -0.246637
64 1.86478 -0.166299
64.1 1.83378 -0.0872665
64.2 1.80184 -0.00957867
64.3 1.76892 0.0667234
64.4 1.73496 0.141597
64.5 1.69988 0.214995
64.6 1.66358 0.286869
64.7 1.62592 0.357163
64.8 1.58676 0.425816
64.9 1.54593 0.49276
65 1.50321 0.55792
65.1 1.45834 0.621209
65.2 1.41103 0.68253
65.3 1.36088 0.74177
65.4 1.30742 0.798798
65.5 1.25006 0.85346
65.6 1.18801 0.905574
65.7 1.12029 0.954919
65.8 1.04556 1.00123
65.9 0.962039 1.04416
66 0.867273 1.08329
66.1 0.757835 1.11808
66.2 0.62887 1.14779
66.3 0.473458 1.17145
66.4 0.281876 1.18774
66.5 0.0412763 1.19485
66.6 -0.262271 1.19037
66.7 -0.63457 1.17143
66.8 -1.05237 1.13545
66.9 -1.44764 1.0818
67 -1.74286 1.01317
67.1 -1.91497 0.934592
67.2 -1.99425 0.850788
67.3 -2.01985 0.764869
67.4 -2.01803 0.678517
67.5 -2.00278 0.592567
67.6 -1.98086 0.507428
67.7 -1.95544 0.423309
67.8 -1.92798 0.340324
67.9 -1.89916 0.258543
68 -1.86926 0.178017
68.1 -1.83839 0.0987905
68.2 -1.80659 0.0209026
68.3 -1.77382 -0.0556057
68.4 -1.74002 -0.130692
68.5 -1.70511 -0.20431
68.6 -1.66899 -0.276411
68.7 -1.63154 -0.34694
68.8 -1.59262 -0.415838
68.9 -1.55204 -0.483038
69 -1.50961 -0.548465
69.1 -1.46508 -0.612035
69.2 -1.41815 -0.673652
69.3 -1.36844 -0.733205
69.4 -1.3155 -0.790567
69.5 -1.25875 -0.845587
69.6 -1.19745 -0.898088
69.7 -1.13064 -0.947855
69.8 -1.05704 -0.994627
69.9 -0.974942 -1.03808
70 -0.882015 -1.0778
70.1 -0.774996 -1.11327
70.2 -0.649274 -1.14378
70.3 -0.49828 -1.1684
70.4 -0.312745 -1.18587
70.5 -0.0802436 -1.19446
70.6 0.213325 -1.19186
70.7 0.575996 -1.17523
70.8 0.990358 -1.14186
70.9 1.39437 -1.09072
71 1.70746 -1.024
71.1 1.89652 -0.946557
71.2 1.9868 -0.863284
71.3 2.01827 -0.777543
71.4 2.01937 -0.691188
71.5 2.00555 -0.605146
71.6 1.98435 -0.519872
71.7 1.95933 -0.435595
71.8 1.93211 -0.352438
71.9 1.90346 -0.270476
72 1.87371 -0.189764
72.1 1.84299 -0.110343
72.2 1.81132 -0.0322562
72.3 1.77869 0.0444572
72.4 1.74505 0.119755
72.5 1.71031 0.193592
72.6 1.67438 0.265919
72.7 1.63713 0.336683
72.8 1.59843 0.405824
72.9 1.55811 0.473278
73 1.51597 0.53897
73.1 1.47176 0.602819
73.2 1.4252 0.664729
73.3 1.37593 0.724592
73.4 1.3235 0.782285
73.5 1.26735 0.83766
73.6 1.20678 0.890543
73.7 1.14084 0.940727
73.8 1.06833 0.987957
73.9 0.987613 1.03192
74 0.896455 1.07222
74.1 0.791756 1.10835
74.2 0.669138 1.13964
74.3 0.522364 1.1652
74.4 0.342605 1.18382
74.5 0.117886 1.19384
74.6 -0.165912 1.19305
74.7 -0.518627 1.17867
74.8 -0.928171 1.14789
74.9 -1.33904 1.0993
75 -1.66926 1.0346
75.1 -1.87592 0.9584
75.2 -1.9781 0.87573
75.3 -2.01607 0.790206
75.4 -2.0204 0.703867
75.5 -2.00816 0.617742
75.6 -1.98776 0.532337
75.7 -1.96316 0.447904
75.8 -1.93621 0.364577
75.9 -1.90775 0.282437
76 -1.87814 0.201538
76.1 -1.84756 0.121925
76.2 -1.81603 0.0436395
76.3 -1.78355 -0.0332783
76.4 -1.75006 -0.108787
76.5 -1.71548 -0.182841
76.6 -1.67973 -0.255393
76.7 -1.64269 -0.32639
76.8 -1.60421 -0.395774
76.9 -1.56414 -0.46348
77 -1.52228 -0.529436
77.1 -1.47839 -0.59356
77.2 -1.4322 -0.655762
77.3 -1.38335 -0.715933
77.4 -1.33142 -0.773953
77.5 -1.27586 -0.829678
77.6 -1.21598 -0.88294
77.7 -1.1509 -0.933535
77.8 -1.07945 -0.981217
77.9 -1.00006 -1.02568
78 -0.910605 -1.06655
78.1 -0.808133 -1.10333
78.2 -0.688485 -1.13538
78.3 -0.545741 -1.16184
78.4 -0.3715 -1.18157
78.5 -0.15425 -1.19299
78.6 0.120021 -1.19395
78.7 0.462569 -1.18175
78.8 0.866079 -1.15352
78.9 1.28189 -1.10752
79 1.62827 -1.04495
79.1 1.85304 -0.970106
79.2 1.96804 -0.888117
79.3 2.01316 -0.802852
79.4 2.02109 -0.71655
79.5 2.01061 -0.630354
79.6 1.99108 -0.544824
79.7 1.96695 -0.460238
79.8 1.94028 -0.376742
79.9 1.912 -0.294424
80 1.88255 -0.213339
80.1 1.85211 -0.133535
80.2 1.82072 -0.0550523
80.3 1.78838 0.0220689
80.4 1.75504 0.097787
80.5 1.72063 0.172058
80.6 1.68506 0.244834
80.7 1.64822 0.316062
80.8 1.60996 0.385687
80.9 1.57013 0.453644
81 1.52855 0.519862
81.1 1.48498 0.584261
81.2 1.43914 0.646751
81.3 1.39071 0.707228
81.4 1.33926 0.765572
81.5 1.28427 0.821644
81.6 1.22508 0.875279
81.7 1.16083 0.92628
81.8 1.0904 0.974408
81.9 1.01229 1.01937
82 0.924477 1.06079
82.1 0.824143 1.0982
82.2 0.707339 1.131
82.3 0.568445 1.15835
82.4 0.399473 1.17915
82.5 0.189381 1.19191
82.6 -0.0756322 1.19456
82.7 -0.407905 1.18448
82.8 -0.804329 1.15876
82.9 -1.22318 1.11538
83 -1.58451 1.05504
83.1 -1.82775 0.981661
83.2 -1.95649 0.900436
83.3 -2.00948 0.815478
83.4 -2.0214 0.729238
83.5 -2.01287 0.642981
83.6 -1.99431 0.557331
83.7 -1.97069 0.472595
83.8 -1.94431 0.388933
83.9 -1.91624 0.306437
84 -1.88694 0.225169
84.1 -1.85664 0.145174
84.2 -1.82539 0.0664945
84.3 -1.79319 -0.0108293
84.4 -1.76 -0.0867561
84.5 -1.72576 -0.161242
84.6 -1.69036 -0.234241
84.7 -1.65371 -0.3057
84.8 -1.61567 -0.375564
84.9 -1.57609 -0.44377
85 -1.53477 -0.510248
85.1 -1.49151 -0.57492
85.2 -1.44603 -0.637697
85.3 -1.398 -0.698476
85.4 -1.34702 -0.757142
85.5 -1.29259 -0.813558
85.6 -1.23407 -0.867562
85.7 -1.17062 -0.918963
85.8 -1.10118 -0.96753
85.9 -1.02432 -1.01298
86 -0.93808 -1.05495
86.1 -0.8398 -1.09298
86.2 -0.72572 -1.1265
86.3 -0.590506 -1.15471
86.4 -0.426564 -1.17656
86.5 -0.223328 -1.19061
86.6 0.0327179 -1.1949
86.7 0.354697 -1.18687
86.8 0.743151 -1.16362
86.9 1.16319 -1.12287
87 1.53808 -1.06484
87.1 1.79993 -0.993049
87.2 1.94333 -0.912678
87.3 2.00494 -0.828078
87.4 2.02129 -0.741925
87.5 2.01492 -0.655622
87.6 1.99743 -0.569858
87.7 1.97437 -0.484975
87.8 1.94831 -0.401149
87.9 1.92044 -0.318478
88 1.89131 -0.237026
88.1 1.86115 -0.156841
88.2 1.83004 -0.0779658
88.3 1.79798 -0.000440456
88.4 1.76494 0.0756942
88.5 1.73086 0.150395
88.6 1.69564 0.223615
88.7 1.65918 0.295304
88.8 1.62135 0.365406
88.9 1.582 0.43386
89 1.54096 0.500596
89.1 1.498 0.565539
89.2 1.45286 0.628599
89.3 1.40523 0.689679
89.4 1.35471 0.748664
89.5 1.30083 0.805419
89.6 1.24295 0.859789
89.7 1.18029 0.911586
89.8 1.11181 0.960585
89.9 1.03614 1.00651
90 0.951426 1.04902
90.1 0.855119 1.08766
90.2 0.743649 1.12189
90.3 0.611952 1.15094
90.4 0.452814 1.1738
90.5 0.256137 1.18911
90.6 0.00875561 1.19497
90.7 -0.302986 1.18893
90.8 -0.682745 1.16809
90.9 -1.10221 1.12998
91 -1.48906 1.07434
91.1 -1.76948 1.00425
91.2 -1.92841 0.924832
91.3 -1.99945 0.840647
91.4 -2.0207 0.754611
91.5 -2.01674 0.668274
91.6 -2.00044 0.582404
91.7 -1.97798 0.497379
91.8 -1.95227 0.41339
91.9 -1.92462 0.330544
92 -1.89566 0.24891
92.1 -1.86564 0.168536
92.2 -1.83466 0.0894663
92.3 -1.80275 0.0117402
92.4 -1.76986 -0.0646014
92.5 -1.73593 -0.139515
92.6 -1.70089 -0.212956
92.7 -1.66462 -0.284873
92.8 -1.627 -0.355212
92.9 -1.58788 -0.423912
93 -1.5471 -0.490905
93.1 -1.50444 -0.556116
93.2 -1.45964 -0.619459
93.3 -1.41239 -0.680837
93.4 -1.36233 -0.740137
93.5 -1.30897 -0.797229
93.6 -1.25173 -0.85196
93.7 -1.18983 -0.904148
93.8 -1.12228 -0.953574
93.9 -1.04777 -0.99997
94 -0.964523 -1.043
94.1 -0.870114 -1.08225
94.2 -0.761146 -1.11716
94.3 -0.632812 -1.14703
94.4 -0.47826 -1.17088
94.5 -0.287854 -1.1874
94.6 -0.0488268 -1.19479
94.7 0.252799 -1.19068
94.8 0.62329 -1.17219
94.9 1.04055 -1.13671
95 1.43763 -1.08353
95.1 1.73631 -1.01526
95.2 1.9116 -0.936887
95.3 1.99292 -0.853179
95.4 2.01959 -0.767292
95.5 2.01831 -0.680938
95.6 2.00332 -0.594969
95.7 1.98153 -0.509805
95.8 1.95619 -0.425655
95.9 1.92878 -0.342637
96 1.89998 -0.260821
96.1 1.87011 -0.18026
96.2 1.83927 -0.100996
96.3 1.8075 -0.0230698
96.4 1.77475 0.0534777
96.5 1.74098 0.128604
96.6 1.70611 0.202264
96.7 1.67002 0.274409
96.8 1.63261 0.344983
96.9 1.59373 0.413927
97 1.5532 0.481176
97.1 1.51083 0.546654
97.2 1.46636 0.610277
97.3 1.4195 0.67195
97.4 1.36988 0.731563
97.5 1.31704 0.788988
97.6 1.2604 0.844076
97.7 1.19924 0.896651
97.8 1.1326 0.946498
97.9 1.05921 0.993358
98 0.977381 1.03691
98.1 0.884797 1.07674
98.2 0.778229 1.11233
98.3 0.653111 1.14299
98.4 0.502938 1.1678
98.5 0.318527 1.18549
98.6 0.0875376 1.19436
98.7 -0.204146 1.19211
98.8 -0.564937 1.17592
98.9 -0.97848 1.14304
99 -1.38395 1.09238
99.1 -1.70037 1.02605
99.2 -1.89275 0.94883
99.3 -1.98523 0.865666
99.4 -2.0179 0.779964
99.5 -2.01959 0.69361
99.6 -2.00606 0.607552
99.7 -1.98501 0.522252
99.8 -1.96006 0.437945
99.9 -1.9329 0.354755
100 -1.90428 0.27276
100.1 -1.87456 0.192011
100.2 -1.84386 0.112554
100.3 -1.81222 0.0344291
100.4 -1.77962 -0.0423234
100.5 -1.74601 -0.117661
100.6 -1.7113 -0.19154
100.7 -1.6754 -0.26391
100.8 -1.6382 -0.334718
100.9 -1.59954 -0.403906
101 -1.55927 -0.471408
101.1 -1.51718 -0.537151
101.2 -1.47303 -0.601053
101.3 -1.42654 -0.663019
101.4 -1.37735 -0.722941
101.5 -1.32502 -0.780697
101.6 -1.26899 -0.836139
101.7 -1.20854 -0.889095
101.8 -1.14277 -0.939357
101.9 -1.07047 -0.986675
102 -0.990009 -1.03073
102.1 -0.899181 -1.07114
102.2 -0.794915 -1.1074
102.3 -0.672874 -1.13883
102.4 -0.526884 -1.16457
102.5 -0.348199 -1.1834
102.6 -0.124932 -1.19369
102.7 0.157025 -1.19324
102.8 0.507811 -1.17928
102.9 0.916291 -1.14899
103 1.32825 -1.10089
103.1 1.66164 -1.0366
103.2 1.87173 -0.960648
103.3 1.97628 -0.878101
103.4 2.01557 -0.792624
103.5 2.02056 -0.70629
103.6 2.00864 -0.620151
103.7 1.9884 -0.534722
103.8 1.96389 -0.450259
103.9 1.93699 -0.3669
104 1.90856 -0.284725
104.1 1.87899 -0.203791
104.2 1.84843 -0.124141
104.3 1.81693 -0.0458181
104.4 1.78447 0.0311387
104.5 1.75101 0.106687
104.6 1.71647 0.180783
104.7 1.68075 0.253378
104.8 1.64375 0.324419
104.9 1.60531 0.393849
105 1.56529 0.461603
105.1 1.52348 0.527609
105.2 1.47966 0.591787
105.3 1.43353 0.654043
105.4 1.38476 0.714273
105.5 1.33292 0.772356
105.6 1.27747 0.828147
105.7 1.21773 0.88148
105.8 1.15281 0.932153
105.9 1.08156 0.979921
106 1.00241 1.02448
106.1 0.913277 1.06546
106.2 0.81122 1.10236
106.3 0.692125 1.13455
106.4 0.550131 1.16119
106.5 0.376915 1.18113
106.6 0.161057 1.1928
106.7 -0.111423 1.19408
106.8 -0.452014 1.18229
106.9 -0.854245 1.15455
107 -1.27078 1.10905
107.1 -1.62012 1.0469
107.2 -1.8484 0.972326
107.3 -1.96595 0.890476
107.4 -2.01252 0.805266
107.5 -2.02118 0.718975
107.6 -2.01105 0.632766
107.7 -1.99171 0.547212
107.8 -1.96767 0.462597
107.9 -1.94105 0.37907
108 -1.91281 0.296717
108.1 -1.88339 0.215598
108.2 -1.85298 0.135757
108.3 -1.82161 0.0572365
108.4 -1.7893 -0.0199235
108.5 -1.75599 -0.0956815
108.6 -1.72161 -0.169994
108.7 -1.68608 -0.242812
108.8 -1.64927 -0.314085
108.9 -1.61105 -0.383755
109 -1.57127 -0.45176
109.1 -1.52974 -0.518028
109.2 -1.48623 -0.582479
109.3 -1.44046 -0.645024
109.4 -1.39211 -0.705559
109.5 -1.34075 -0.763965
109.6 -1.28587 -0.820103
109.7 -1.2268 -0.873809
109.8 -1.16271 -0.924887
109.9 -1.09247 -0.973099
110 -1.01461 -1.01815
110.1 -0.927097 -1.05968
110.2 -0.827162 -1.09721
110.3 -0.710887 -1.13015
110.4 -0.572709 -1.15766
110.5 -0.404716 -1.17867
110.6 -0.195958 -1.19168
110.7 0.0673189 -1.19464
110.8 0.397624 -1.18496
110.9 0.792588 -1.15972
111 1.2118 -1.11684
111.1 1.57585 -1.05693
111.2 1.82263 -0.98385
111.3 1.95411 -0.902782
111.4 2.00868 -0.817888
111.5 2.02141 -0.731662
111.6 2.01328 -0.645396
111.7 1.99491 -0.559723
111.8 1.9714 -0.474959
111.9 1.94508 -0.391265
112 1.91704 -0.308736
112.1 1.88778 -0.227432
112.2 1.8575 -0.147401
112.3 1.82628 -0.0686842
112.4 1.79411 0.00867813
112.5 1.76095 0.0846447
112.6 1.72673 0.159172
112.7 1.69137 0.232213
112.8 1.65476 0.303716
112.9 1.61676 0.373626
113 1.57722 0.441879
113.1 1.53596 0.508407
113.2 1.49275 0.573131
113.3 1.44734 0.635962
113.4 1.39939 0.696799
113.5 1.3485 0.755526
113.6 1.29417 0.812006
113.7 1.23577 0.866081
113.8 1.17248 0.917558
113.9 1.10322 0.966208
114 1.02659 1.01175
114.1 0.94065 1.05382
114.2 0.842753 1.09197
114.3 0.72918 1.12563
114.4 0.59465 1.154
114.5 0.431644 1.17605
114.6 0.229684 1.19034
114.7 -0.0246827 1.19493
114.8 -0.344699 1.18729
114.9 -0.731542 1.1645
115 -1.1516 1.12426
115.1 -1.52891 1.06668
115.2 -1.79432 0.995205
115.3 -1.94062 0.915008
115.4 -2.00397 0.830483
115.5 -2.02121 0.74435
115.6 -2.01529 0.658039
115.7 -1.99802 0.572254
115.8 -1.97506 0.487344
115.9 -1.94907 0.403486
116 -1.92124 0.320781
116.1 -1.89214 0.239294
116.2 -1.86201 0.159074
116.3 -1.83092 0.0801612
116.4 -1.79889 0.00259736
116.5 -1.76588 -0.0735769
116.6 -1.73183 -0.148318
116.7 -1.69664 -0.221581
116.8 -1.66022 -0.293313
116.9 -1.62243 -0.363461
117 -1.58313 -0.431962
117.1 -1.54213 -0.498747
117.2 -1.49923 -0.563741
117.3 -1.45416 -0.626856
117.4 -1.4066 -0.687993
117.5 -1.35617 -0.747038
117.6 -1.30239 -0.803858
117.7 -1.24463 -0.858297
117.8 -1.18212 -0.910169
117.9 -1.11382 -0.959251
118 -1.03838 -1.00527
118.1 -0.953948 -1.04787
118.2 -0.858009 -1.08664
118.3 -0.747026 -1.12099
118.4 -0.615983 -1.1502
118.5 -0.457737 -1.17326
118.6 -0.26228 -1.18879
118.7 -0.0165198 -1.19496
118.8 0.293278 -1.18929
118.9 0.671306 -1.1689
119 1.09047 -1.1313
119.1 1.47942 -1.07612
119.2 1.76335 -1.00637
119.3 1.92535 -0.927144
119.4 1.99829 -0.843045
119.5 2.02053 -0.757035
119.6 2.01706 -0.670693
119.7 2.001 -0.584804
119.8 1.97867 -0.499751
119.9 1.95302 -0.415731
120 1.92542 -0.332853
120.1 1.89649 -0.251184
120.2 1.8665 -0.170774
120.3 1.83555 -0.0916672
120.4 1.80366 -0.0139028
120.5 1.77079 0.0624782
120.6 1.7369 0.137433
120.7 1.70188 0.210916
120.8 1.66565 0.282876
120.9 1.62807 0.35326
121 1.589 0.422007
121.1 1.54827 0.489049
121.2 1.50566 0.554311
121.3 1.46092 0.617708
121.4 1.41376 0.679142
121.5 1.36378 0.738502
121.6 1.31052 0.795658
121.7 1.25339 0.850458
121.8 1.19163 0.90272
121.9 1.12426 0.952227
122 1.04997 0.998712
122.1 0.966998 1.04184
122.2 0.872944 1.0812
122.3 0.764442 1.11625
122.4 0.636733 1.14627
122.5 0.483034 1.1703
122.6 0.293795 1.18705
122.7 0.0563277 1.19473
122.8 -0.243384 1.19097
122.9 -0.61205 1.17293
123 -1.02871 1.13795
123.1 -1.42754 1.08524
123.2 -1.72966 1.01734
123.3 -1.90816 0.939178
123.4 -1.99154 0.855569
123.5 -2.01932 0.769714
123.6 -2.01858 0.683359
123.7 -2.00385 0.597372
123.8 -1.9822 0.512181
123.9 -1.95693 0.428002
124 -1.92957 0.34495
124.1 -1.90081 0.2631
124.2 -1.87096 0.182503
124.3 -1.84015 0.103202
124.4 -1.8084 0.0252381
124.5 -1.77568 -0.0513487
124.6 -1.74194 -0.126516
124.7 -1.7071 -0.200218
124.8 -1.67105 -0.272405
124.9 -1.63368 -0.343024
125 -1.59484 -0.412015
125.1 -1.55436 -0.479312
125.2 -1.51205 -0.544841
125.3 -1.46764 -0.608518
125.4 -1.42085 -0.670247
125.5 -1.37131 -0.729919
125.6 -1.31857 -0.787408
125.7 -1.26205 -0.842564
125.8 -1.20103 -0.895211
125.9 -1.13455 -0.945138
126 -1.06137 -0.992086
126.1 -0.979812 -1.03574
126.2 -0.887569 -1.07568
126.3 -0.781447 -1.1114
126.4 -0.656928 -1.14221
126.5 -0.50757 -1.16719
126.6 -0.324273 -1.18511
126.7 -0.0947835 -1.19425
126.8 0.195024 -1.19235
126.9 0.553923 -1.17659
127 0.966598 -1.14421
127.1 1.37346 -1.09404
127.2 1.69319 -1.02808
127.3 1.88891 -0.951098
127.4 1.98362 -0.868047
127.5 2.01751 -0.782384
127.6 2.0198 -0.696033
127.7 2.00656 -0.609958
127.8 1.98566 -0.524633
127.9 1.9608 -0.440296
128 1.93368 -0.357074
128.1 1.9051 -0.275044
128.2 1.87541 -0.19426
128.3 1.84473 -0.114766
128.4 1.81312 -0.0366031
128.5 1.78055 0.0401886
128.6 1.74697 0.115567
128.7 1.71229 0.189487
128.8 1.67643 0.2619
128.9 1.63926 0.332753
129 1.60064 0.401987
129.1 1.56042 0.469538
129.2 1.51838 0.535331
129.3 1.4743 0.599285
129.4 1.42788 0.661307
129.5 1.37878 0.721289
129.6 1.32654 0.779107
129.7 1.27061 0.834616
129.8 1.21031 0.887644
129.9 1.1447 0.937986
130 1.0726 0.98539
130.1 0.992396 1.02955
130.2 0.901897 1.07006
130.3 0.798059 1.10644
130.4 0.676592 1.13802
130.5 0.531379 1.16393
130.6 0.353759 1.18298
130.7 0.131932 1.19354
130.8 -0.148195 1.19343
130.9 -0.497043 1.17989
131 -0.904416 1.15008
131.1 -1.3174 1.10248
131.2 -1.65392 1.03859
131.3 -1.86746 0.96289
131.4 -1.97442 0.880471
131.5 -2.01504 0.795041
131.6 -2.02071 0.708713
131.7 -2.00912 0.62256
131.8 -1.98904 0.537107
131.9 -1.96462 0.452615
132 -1.93777 0.369223
132.1 -1.90938 0.287015
132.2 -1.87983 0.206045
132.3 -1.8493 0.126359
132.4 -1.81783 0.0479977
132.5 -1.7854 -0.028998
132.6 -1.75197 -0.104587
132.7 -1.71746 -0.178724
132.8 -1.68177 -0.251361
132.9 -1.6448 -0.322447
133 -1.60641 -0.391923
133.1 -1.56644 -0.459725
133.2 -1.52468 -0.525781
133.3 -1.48092 -0.590011
133.4 -1.43486 -0.652323
133.5 -1.38617 -0.712612
133.6 -1.33442 -0.770756
133.7 -1.27908 -0.826614
133.8 -1.21947 -0.880019
133.9 -1.15471 -0.93077
134 -1.08365 -0.978623
134.1 -1.00476 -1.02328
134.2 -0.915939 -1.06436
134.3 -0.814294 -1.10138
134.4 -0.695748 -1.13372
134.5 -0.554496 -1.16052
134.6 -0.382297 -1.18067
134.7 -0.167819 -1.1926
134.8 0.102881 -1.19421
134.9 0.44151 -1.18283
135 0.842426 -1.15557
135.1 1.25962 -1.11057
135.2 1.61187 -1.04884
135.3 1.84367 -0.974541
135.4 1.96381 -0.892833
135.5 2.01185 -0.80768
135.6 2.02126 -0.721399
135.7 2.01149 -0.635178
135.8 1.99233 -0.549601
135.9 1.96839 -0.464958
136 1.94182 -0.381398
136.1 1.91362 -0.299012
136.2 1.88423 -0.217857
136.3 1.85384 -0.13798
136.4 1.82251 -0.0594217
136.5 1.79022 0.017777
136.6 1.75694 0.093575
136.7 1.72259 0.167928
136.8 1.68709 0.240789
136.9 1.65032 0.312106
137 1.61215 0.381823
137.1 1.57241 0.449875
137.2 1.53093 0.516192
137.3 1.48748 0.580696
137.4 1.44178 0.643296
137.5 1.3935 0.703889
137.6 1.34224 0.762356
137.7 1.28746 0.81856
137.8 1.22853 0.872337
137.9 1.16459 0.923491
138 1.09454 0.971787
138.1 1.01691 1.01693
138.2 0.929707 1.05857
138.3 0.830167 1.09622
138.4 0.714418 1.12929
138.5 0.57695 1.15697
138.6 0.409928 1.17818
138.7 0.202492 1.19144
138.8 -0.0590592 1.19472
138.9 -0.387396 1.18543
139 -0.78087 1.16066
139.1 -1.20039 1.11829
139.2 -1.56708 1.05882
139.3 -1.81742 0.986034
139.4 -1.95166 0.905124
139.5 -2.00785 0.820297
139.6 -2.02141 0.734087
139.7 -2.01368 0.647811
139.8 -1.99552 0.562116
139.9 -1.9721 0.477324
140 -1.94584 0.393599
140.1 -1.91785 0.311036
140.2 -1.88862 0.229697
140.3 -1.85836 0.149629
140.4 -1.82717 0.070875
140.5 -1.79502 -0.00652587
140.6 -1.76189 -0.0825322
140.7 -1.72771 -0.157101
140.8 -1.69238 -0.230184
140.9 -1.6558 -0.301731
141 -1.61785 -0.371686
141.1 -1.57835 -0.439987
141.2 -1.53714 -0.506564
141.3 -1.49399 -0.57134
141.4 -1.44865 -0.634225
141.5 -1.40077 -0.69512
141.6 -1.34997 -0.753908
141.7 -1.29575 -0.810453
141.8 -1.23747 -0.864598
141.9 -1.17433 -0.916151
142 -1.10526 -0.964884
142.1 -1.02886 -1.01051
142.2 -0.943211 -1.05269
142.3 -0.845694 -1.09096
142.4 -0.732624 -1.12475
142.5 -0.598773 -1.15328
142.6 -0.436693 -1.17553
142.7 -0.235998 -1.19006
142.8 0.0166999 -1.19496
142.9 0.334756 -1.1877
143 0.719964 -1.16537
143.1 1.13999 -1.12564
143.2 1.51964 -1.06851
143.3 1.78861 -0.997354
143.4 1.93784 -0.917334
143.5 2.00296 -0.832886
143.6 2.02112 -0.746774
143.7 2.01564 -0.660456
143.8 1.9986 -0.574651
143.9 1.97576 -0.489713
144 1.94983 -0.405824
144.1 1.92204 -0.323086
144.2 1.89298 -0.241564
144.3 1.86287 -0.161307
144.4 1.83181 -0.0823576
144.5 1.79981 -0.00475536
144.6 1.76682 0.0714585
144.7 1.7328 0.146241
144.8 1.69765 0.219545
144.9 1.66126 0.291322
145 1.62351 0.361514
145.1 1.58426 0.430062
145.2 1.54331 0.496897
145.3 1.50046 0.561942
145.4 1.45546 0.625111
145.5 1.40797 0.686305
145.6 1.35763 0.745411
145.7 1.30395 0.802295
145.8 1.24631 0.856803
145.9 1.18395 0.90875
146 1.11583 0.957913
146.1 1.04061 1.00402
146.2 0.95646 1.04673
146.3 0.860888 1.08561
146.4 0.750386 1.1201
146.5 0.619992 1.14946
146.6 0.462631 1.1727
146.7 0.268385 1.18848
146.8 0.024233 1.19493
146.9 -0.283625 1.18964
147 -0.659902 1.1697
147.1 -1.07871 1.1326
147.2 -1.46968 1.07789
147.3 -1.75712 1.00848
147.4 -1.92222 0.929452
147.5 -1.99708 0.845441
147.6 -2.02034 0.759458
147.7 -2.01737 0.673113
147.8 -2.00156 0.587204
147.9 -1.97935 0.502125
148 -1.95377 0.418074
148.1 -1.92621 0.335163
148.2 -1.89731 0.253459
148.3 -1.86735 0.173013
148.4 -1.83643 0.0938692
148.5 -1.80457 0.0160665
148.6 -1.77173 -0.0603538
148.7 -1.73786 -0.135349
148.8 -1.70288 -0.208874
148.9 -1.66669 -0.280878
149 -1.62915 -0.351307
149.1 -1.59012 -0.4201
149.2 -1.54944 -0.487192
149.3 -1.50688 -0.552505
149.4 -1.46221 -0.615955
149.5 -1.41512 -0.677446
149.6 -1.36522 -0.736866
149.7 -1.31206 -0.794085
149.8 -1.25505 -0.848953
149.9 -1.19344 -0.90129
150 -1.12624 -0.950877
150.1 -1.05216 -0.997452
150.2 -0.969465 -1.04068
150.3 -0.875762 -1.08016
150.4 -0.767723 -1.11533
150.5 -0.640634 -1.1455
150.6 -0.48778 -1.16972
150.7 -0.299698 -1.18669
150.8 -0.0637792 -1.19466
150.9 0.234024 -1.19126
151 0.600852 -1.17366
151.1 1.01686 -1.13918
151.2 1.41737 -1.08695
151.3 1.7229 -1.01941
151.4 1.90465 -0.941465
151.5 1.99012 -0.857957
151.6 2.01902 -0.772136
151.7 2.01883 -0.68578
151.8 2.00438 -0.599776
151.9 1.98287 -0.514559
152 1.95767 -0.430349
152.1 1.93035 -0.347265
152.2 1.90163 -0.265381
152.3 1.87181 -0.184748
152.4 1.84103 -0.10541
152.5 1.8093 -0.0274075
152.6 1.77662 0.0492185
152.7 1.74291 0.124426
152.8 1.70809 0.19817
152.9 1.67208 0.2704
153 1.63475 0.341064
153.1 1.59595 0.410102
153.2 1.55552 0.477448
153.3 1.51326 0.543027
153.4 1.46892 0.606757
153.5 1.4222 0.668542
153.6 1.37274 0.728274
153.7 1.3201 0.785825
153.8 1.2637 0.841049
153.9 1.20281 0.89377
154 1.1365 0.943776
154.1 1.06353 0.990812
154.2 0.982234 1.03456
154.3 0.890329 1.07461
154.4 0.784652 1.11046
154.5 0.660726 1.14142
154.6 0.512174 1.16658
154.7 0.329983 1.18472
154.8 0.101982 1.19413
154.9 -0.185958 1.19258
155 -0.542954 1.17725
155.1 -0.954713 1.14536
155.2 -1.36289 1.09568
155.3 -1.6859 1.03011
155.4 -1.88498 0.953362
155.5 -1.98197 0.870425
155.6 -2.01709 0.784804
155.7 -2.02 0.698455
155.8 -2.00706 0.612365
155.9 -1.98631 0.527015
156 -1.96153 0.442648
156.1 -1.93447 0.359394
156.2 -1.90592 0.277329
156.3 -1.87625 0.19651
156.4 -1.84561 0.116979
156.5 -1.81402 0.0387782
156.6 -1.78148 -0.0380525
156.7 -1.74792 -0.113471
156.8 -1.71328 -0.187433
156.9 -1.67745 -0.259889
157 -1.64032 -0.330786
157.1 -1.60175 -0.400067
157.2 -1.56157 -0.467666
157.3 -1.51959 -0.533509
157.4 -1.47557 -0.597516
157.5 -1.42922 -0.659594
157.6 -1.38019 -0.719634
157.7 -1.32805 -0.777515
157.8 -1.27224 -0.833091
157.9 -1.21207 -0.886191
158 -1.14663 -0.936612
158.1 -1.07473 -0.984102
158.2 -0.994776 -1.02835
158.3 -0.904602 -1.06898
158.4 -0.80119 -1.10548
158.5 -0.68029 -1.13721
158.6 -0.535849 -1.16329
158.7 -0.359284 -1.18255
158.8 -0.138885 -1.19338
158.9 0.139419 -1.1936
159 0.486325 -1.18048
159.1 0.892548 -1.15116
159.2 1.30648 -1.10405
159.3 1.6461 -1.04057
159.4 1.8631 -0.965128
159.5 1.9725 -0.882838
159.6 2.01449 -0.797458
159.7 2.02084 -0.711137
159.8 2.00958 -0.62497
159.9 1.98968 -0.539493
160 1.96534 -0.454972
160.1 1.93855 -0.371548
160.2 1.91019 -0.289305
160.3 1.88067 -0.2083
160.4 1.85017 -0.128577
160.5 1.81872 -0.0501784
160.6 1.78632 0.0268561
160.7 1.75292 0.102485
160.8 1.71844 0.176663
160.9 1.68279 0.249344
161 1.64586 0.320474
161.1 1.60751 0.389996
161.2 1.56758 0.457846
161.3 1.52588 0.523952
161.4 1.48217 0.588234
161.5 1.43619 0.650601
161.6 1.38758 0.710948
161.7 1.33592 0.769155
161.8 1.28069 0.825079
161.9 1.22121 0.878555
162 1.15661 0.929384
162.1 1.08575 0.977322
162.2 1.0071 1.02207
162.3 0.918591 1.06326
162.4 0.817355 1.1004
162.5 0.699352 1.13288
162.6 0.558837 1.15986
162.7 0.387646 1.18021
162.8 0.174537 1.19239
162.9 -0.0943926 1.19433
163 -0.431058 1.18335
163.1 -0.830623 1.15657
163.2 -1.2484 1.11207
163.3 -1.60352 1.05077
163.4 -1.83885 0.976749
163.5 -1.96161 0.895188
163.6 -2.01115 0.810093
163.7 -2.02132 0.723823
163.8 -2.01193 0.637591
163.9 -1.99294 0.551991
164 -1.9691 0.467319
164.1 -1.94259 0.383728
164.2 -1.91443 0.301307
164.3 -1.88507 0.220117
164.4 -1.85471 0.140204
164.5 -1.8234 0.061608
164.6 -1.79114 -0.0156294
164.7 -1.75789 -0.0914673
164.8 -1.72357 -0.165862
164.9 -1.6881 -0.238765
165 -1.65137 -0.310126
165.1 -1.61324 -0.379888
165.2 -1.57355 -0.447988
165.3 -1.53212 -0.514356
165.4 -1.48873 -0.578911
165.5 -1.4431 -0.641566
165.6 -1.3949 -0.702217
165.7 -1.34372 -0.760746
165.8 -1.28905 -0.817015
165.9 -1.23024 -0.870862
166 -1.16646 -0.922093
166.1 -1.0966 -0.970473
166.2 -1.01921 -1.01571
166.3 -0.932307 -1.05745
166.4 -0.833161 -1.09522
166.5 -0.717932 -1.12843
166.6 -0.581168 -1.15628
166.7 -0.415108 -1.17769
166.8 -0.208983 -1.19119
166.9 0.050853 -1.19479
167 0.377222 -1.18589
167.1 0.769175 -1.16159
167.2 1.18893 -1.11972
167.3 1.55822 -1.06069
167.4 1.81212 -0.988211
167.5 1.94915 -0.907464
167.6 2.00699 -0.822705
167.7 2.02139 -0.736511
167.8 2.01407 -0.650226
167.9 1.99611 -0.56451
168 1.97281 -0.479689
168.1 1.94661 -0.395933
168.2 1.91865 -0.313336
168.3 1.88945 -0.231962
168.4 1.85923 -0.151859
168.5 1.82806 -0.0730669
168.6 1.79594 0.00437251
168.7 1.76284 0.0804186
168.8 1.72868 0.155028
168.9 1.69339 0.228154
169 1.65685 0.299745
169.1 1.61893 0.369745
169.2 1.57948 0.438093
169.3 1.53832 0.50472
169.4 1.49523 0.569547
169.5 1.44995 0.632487
169.6 1.40215 0.693439
169.7 1.35144 0.752288
169.8 1.29732 0.808898
169.9 1.23917 0.863113
170 1.17618 0.914742
170.1 1.10729 0.963557
170.2 1.03112 1.00928
170.3 0.945762 1.05156
170.4 0.848623 1.08995
170.5 0.736052 1.12387
170.6 0.602873 1.15256
170.7 0.441712 1.175
170.8 0.242272 1.18977
170.9 -0.00876909 1.19497
171 -0.324868 1.18809
171.1 -0.708416 1.16623
171.2 -1.12834 1.127
171.3 -1.51029 1.07032
171.4 -1.7828 0.999496
171.5 -1.935 0.919657
171.6 -2.00192 0.835288
171.7 -2.02101 0.749198
171.8 -2.01599 0.662874
171.9 -1.99917 0.577048
172 -1.97645 0.492083
172.1 -1.95058 0.408163
172.2 -1.92284 0.325392
172.3 -1.89381 0.243835
172.4 -1.86373 0.163542
172.5 -1.83269 0.084555
172.6 -1.80072 0.00691445
172.7 -1.76776 -0.0693389
172.8 -1.73377 -0.144162
172.9 -1.69865 -0.217509
173 -1.6623 -0.289329
173.1 -1.62459 -0.359567
173.2 -1.58538 -0.428162
173.3 -1.54448 -0.495046
173.4 -1.50169 -0.560142
173.5 -1.45675 -0.623365
173.6 -1.40934 -0.684616
173.7 -1.35909 -0.743781
173.8 -1.30551 -0.80073
173.9 -1.24799 -0.855307
174 -1.18577 -0.907329
174.1 -1.11783 -0.956574
174.2 -1.04283 -1.00277
174.3 -0.958964 -1.04558
174.4 -0.863754 -1.08457
174.5 -0.753731 -1.11919
174.6 -0.62398 -1.14871
174.7 -0.467497 -1.17215
174.8 -0.27445 -1.18815
174.9 -0.0318956 -1.1949
175 0.274029 -1.18997
175.1 0.648536 -1.17048
175.2 1.06693 -1.13389
175.3 1.45986 -1.07965
175.4 1.7508 -1.01059
175.5 1.91901 -0.931756
175.6 1.99584 -0.847836
175.7 2.02013 -0.761881
175.8 2.01767 -0.675533
175.9 2.00211 -0.589605
176 1.98003 -0.504499
176.1 1.95452 -0.420418
176.2 1.92701 -0.337473
176.3 1.89814 -0.255735
176.4 1.8682 -0.175253
176.5 1.83731 -0.0960722
176.6 1.80547 -0.0182313
176.7 1.77267 0.0582284
176.8 1.73883 0.133264
176.9 1.70388 0.206831
177 1.66772 0.278878
177.1 1.63022 0.349352
177.2 1.59124 0.418193
177.3 1.5506 0.485333
177.4 1.50811 0.550697
177.5 1.4635 0.614201
177.6 1.41647 0.675748
177.7 1.36666 0.735228
177.8 1.31361 0.792511
177.9 1.25671 0.847447
178 1.19524 0.899857
178.1 1.12821 0.949526
178.2 1.05435 0.996189
178.3 0.971923 1.03952
178.4 0.878569 1.0791
178.5 0.770988 1.11441
178.6 0.644515 1.14473
178.7 0.492499 1.16913
178.8 0.305563 1.18633
178.9 0.0711816 1.19457
179 -0.224721 1.19154
179.1 -0.589695 1.17437
179.2 -1.005 1.14039
179.3 -1.40712 1.08864
179.4 -1.71605 1.02147
179.5 -1.90105 0.943748
179.6 -1.98866 0.860343
179.7 -2.0187 0.774558
179.8 -2.01908 0.688201
179.9 -2.00491 0.60218
180 -1.98353 0.516938
180.1 -1.95841 0.432697
180.2 -1.93114 0.349581
180.3 -1.90245 0.267662
180.4 -1.87266 0.186993
180.5 -1.84191 0.107618
180.6 -1.81021 0.029578
180.7 -1.77755 -0.0470872
180.8 -1.74387 -0.122335
180.9 -1.70909 -0.19612
181 -1.67311 -0.268394
181.1 -1.63582 -0.339103
181.2 -1.59706 -0.408187
181.3 -1.55668 -0.475581
181.4 -1.51447 -0.541211
181.5 -1.47019 -0.604994
181.6 -1.42355 -0.666835
181.7 -1.37417 -0.726626
181.8 -1.32162 -0.784241
181.9 -1.26534 -0.839533
182 -1.20459 -0.892326
182.1 -1.13845 -0.942412
182.2 -1.06569 -0.989535
182.3 -0.984648 -1.03338
182.4 -0.893079 -1.07354
182.5 -0.787841 -1.10952
182.6 -0.664504 -1.14062
182.7 -0.516753 -1.16597
182.8 -0.335656 -1.18432
182.9 -0.109132 -1.19401
183 0.176947 -1.1928
183.1 0.532032 -1.17789
183.2 0.942827 -1.1465
183.3 1.35225 -1.09731
183.4 1.67851 -1.03213
183.5 1.88098 -0.955621
183.6 1.98026 -0.872802
183.7 2.01665 -0.787223
183.8 2.02019 -0.700878
183.9 2.00756 -0.614772
184 1.98696 -0.529398
184.1 1.96226 -0.445001
184.2 1.93525 -0.361714
184.3 1.90674 -0.279616
184.4 1.8771 -0.19876
184.5 1.84648 -0.119193
184.6 1.81492 -0.0409543
184.7 1.78241 0.0359154
184.8 1.74888 0.111374
184.9 1.71427 0.185377
185 1.67847 0.257876
185.1 1.64138 0.328819
185.2 1.60285 0.398145
185.3 1.56272 0.465792
185.4 1.5208 0.531686
185.5 1.47684 0.595746
185.6 1.43056 0.657879
185.7 1.38161 0.717978
185.8 1.32956 0.775921
185.9 1.27386 0.831564
186 1.21382 0.884737
186.1 1.14854 0.935235
186.2 1.07685 0.982812
186.3 0.997147 1.02716
186.4 0.907296 1.06789
186.5 0.804307 1.10452
186.6 0.683971 1.13639
186.7 0.540294 1.16265
186.8 0.364775 1.18212
186.9 0.145793 1.19321
187 -0.130699 1.19376
187.1 -0.475657 1.18105
187.2 -0.880689 1.15222
187.3 -1.29551 1.10562
187.4 -1.63818 1.04254
187.5 -1.85865 0.96736
187.6 -1.97054 0.885203
187.7 -2.01391 0.799873
187.8 -2.02096 0.713561
187.9 -2.01005 0.627381
188 -1.99031 0.54188
188.1 -1.96606 0.457329
188.2 -1.93932 0.373873
188.3 -1.911 0.291596
188.4 -1.88152 0.210556
188.5 -1.85104 0.130797
188.6 -1.81962 0.0523601
188.7 -1.78724 -0.0247132
188.8 -1.75387 -0.100382
188.9 -1.71942 -0.174602
189 -1.68381 -0.247325
189.1 -1.64692 -0.318499
189.2 -1.60861 -0.388067
189.3 -1.56872 -0.455965
189.4 -1.52707 -0.522121
189.5 -1.48343 -0.586456
189.6 -1.43751 -0.648878
189.7 -1.38898 -0.709283
189.8 -1.33742 -0.767552
189.9 -1.2823 -0.823542
190 -1.22294 -0.87709
190.1 -1.1585 -0.927995
190.2 -1.08783 -0.976018
190.3 -1.00943 -1.02086
190.4 -0.921233 -1.06216
190.5 -0.820402 -1.09942
190.6 -0.702939 -1.13204
190.7 -0.563154 -1.15918
190.8 -0.392961 -1.17974
190.9 -0.181211 -1.19218
191 0.0859588 -1.19444
191.1 0.420658 -1.18386
191.2 0.818838 -1.15756
191.3 1.23714 -1.11356
191.4 1.59507 -1.05269
191.5 1.83394 -0.978952
191.6 1.95935 -0.89754
191.7 2.01042 -0.812505
191.8 2.02136 -0.726248
191.9 2.01235 -0.640004
192 1.99356 -0.554382
192.1 1.96981 -0.469681
192.2 1.94336 -0.386058
192.3 1.91524 -0.303604
192.4 1.88591 -0.222378
192.5 1.85557 -0.142429
192.6 1.82429 -0.0637954
192.7 1.79206 0.0134807
192.8 1.75884 0.0893584
192.9 1.72455 0.163794
193 1.68912 0.23674
193.1 1.65242 0.308145
193.2 1.61433 0.377953
193.3 1.57469 0.4461
193.4 1.53331 0.512517
193.5 1.48997 0.577125
193.6 1.44441 0.639834
193.7 1.39629 0.700543
193.8 1.3452 0.759133
193.9 1.29064 0.815468
194 1.23196 0.869386
194.1 1.16833 0.920693
194.2 1.09866 0.969157
194.3 1.0215 1.01449
194.4 0.934898 1.05633
194.5 0.836141 1.09422
194.6 0.72143 1.12757
194.7 0.585363 1.15558
194.8 0.420257 1.17719
194.9 0.215432 1.19094
195 -0.0426999 1.19484
195.1 -0.367102 1.18634
195.2 -0.757505 1.16251
195.3 -1.17742 1.12114
195.4 -1.54926 1.06256
195.5 -1.80672 0.990381
195.6 -1.94658 0.909801
195.7 -2.00609 0.825112
195.8 -2.02135 0.738936
195.9 -2.01445 0.652642
196 -1.99671 0.566904
196.1 -1.97351 0.482056
196.2 -1.94737 0.398268
196.3 -1.91945 0.315638
196.4 -1.89028 0.234229
196.5 -1.86009 0.154089
196.6 -1.82894 0.0752599
196.7 -1.79685 -0.00221805
196.8 -1.76378 -0.0783038
196.9 -1.72966 -0.152954
197 -1.6944 -0.226122
197.1 -1.65789 -0.297757
197.2 -1.62002 -0.367803
197.3 -1.58061 -0.436199
197.4 -1.5395 -0.502874
197.5 -1.49647 -0.567753
197.6 -1.45125 -0.630747
197.7 -1.40353 -0.691756
197.8 -1.35291 -0.750666
197.9 -1.29889 -0.807342
198 -1.24086 -0.861625
198.1 -1.17802 -0.91333
198.2 -1.10932 -0.962228
198.3 -1.03337 -1.00804
198.4 -0.948304 -1.05042
198.5 -0.851539 -1.08893
198.6 -0.739464 -1.12298
198.7 -0.606952 -1.15184
198.8 -0.446702 -1.17447
198.9 -0.248505 -1.18948
199 0.000890165 -1.19498
199.1 0.315036 -1.18848
199.2 0.696901 -1.16707
199.3 1.11666 -1.12834
199.4 1.50084 -1.07213
199.5 1.77689 -1.00163
199.6 1.93209 -0.921977
199.7 2.00084 -0.837689
199.8 2.02088 -0.751622
199.9 2.01633 -0.665292
200 1.99974 -0.579446
