0 2 0
0.1 1.87464 0.0791646
0.2 1.7931 0.154222
0.3 1.73184 0.226406
0.4 1.68055 0.296308
0.5 1.6341 0.36422
0.6 1.58977 0.430279
0.7 1.54594 0.494536
0.8 1.50157 0.556988
0.9 1.45595 0.617599
1 1.40846 0.676303
1.1 1.35856 0.733013
1.2 1.30564 0.787619
1.3 1.24906 0.839983
1.4 1.18798 0.88994
1.5 1.12139 0.937284
1.6 1.04792 0.981763
1.7 0.965781 1.02306
1.8 0.872467 1.06077
1.9 0.764481 1.09437
2 0.63682 1.12317
2.1 0.482273 1.14621
2.2 0.29054 1.16219
2.3 0.0477279 1.16933
2.4 -0.261656 1.16519
2.5 -0.644543 1.14686
2.6 -1.07515 1.11168
2.7 -1.47734 1.05911
2.8 -1.7685 0.992126
2.9 -1.93081 0.915906
3 -2.00142 0.835073
3.1 -2.02157 0.752504
3.2 -2.01697 0.669685
3.3 -2.00062 0.587327
3.4 -1.97858 0.505772
3.5 -1.95358 0.425187
3.6 -1.92685 0.345664
3.7 -1.89896 0.267263
3.8 -1.87011 0.190024
3.9 -1.84041 0.113986
4 -1.80984 0.0391827
4.1 -1.77839 -0.03435
4.2 -1.74599 -0.106575
4.3 -1.71258 -0.177451
4.4 -1.67805 -0.246935
4.5 -1.6423 -0.314979
4.6 -1.6052 -0.381531
4.7 -1.56659 -0.446533
4.8 -1.5263 -0.509918
4.9 -1.48412 -0.571614
5 -1.43977 -0.631538
5.1 -1.39293 -0.689594
5.2 -1.34322 -0.745673
5.3 -1.29013 -0.799648
5.4 -1.23304 -0.851367
5.5 -1.17113 -0.900651
5.6 -1.10334 -0.947281
5.7 -1.02825 -0.990989
5.8 -0.943929 -1.03144
5.9 -0.847689 -1.0682
6 -0.73574 -1.10071
6.1 -0.602643 -1.12822
6.2 -0.44055 -1.14971
6.3 -0.238336 -1.16378
6.4 0.0186043 -1.1685
6.5 0.345123 -1.1613
6.6 0.743105 -1.13921
6.7 1.1752 -1.09989
6.8 1.55706 -1.04357
6.9 1.81673 -0.97396
7 1.95344 -0.896324
7.1 2.00909 -0.814904
7.2 2.02175 -0.732195
7.3 2.01359 -0.649451
7.4 1.99553 -0.567272
7.5 1.97263 -0.485944
7.6 1.94715 -0.405614
7.7 1.92011 -0.326362
7.8 1.89197 -0.248242
7.9 1.86291 -0.171294
8 1.833 -0.0955552
8.1 1.80222 -0.0210597
8.2 1.77055 0.0521562
8.3 1.73791 0.124054
8.4 1.70423 0.194594
8.5 1.66941 0.26373
8.6 1.63334 0.331414
8.7 1.59589 0.397592
8.8 1.55689 0.462204
8.9 1.51616 0.525183
9 1.47347 0.586453
9.1 1.42854 0.645929
9.2 1.38104 0.703512
9.3 1.33055 0.759088
9.4 1.27655 0.812526
9.5 1.21836 0.863667
9.6 1.15512 0.912323
9.7 1.08569 0.958265
9.8 1.00855 1.00121
9.9 0.92159 1.0408
10 0.821907 1.07658
10.1 0.705361 1.10794
10.2 0.566002 1.13408
10.3 0.395255 1.15391
10.4 0.181102 1.16589
10.5 -0.0916658 1.16795
10.6 -0.436509 1.15738
10.7 -0.848381 1.13123
10.8 -1.27701 1.08759
10.9 -1.63323 1.02756
11 -1.86021 0.955501
11.1 -1.97284 0.876616
11.2 -2.01506 0.794709
11.3 -2.02111 0.711908
11.4 -2.00982 0.629263
11.5 -1.99026 0.547273
11.6 -1.96657 0.46618
11.7 -1.94065 0.386107
11.8 -1.91331 0.307128
11.9 -1.88494 0.229292
12 -1.85567 0.152637
12.1 -1.82555 0.077199
12.2 -1.79455 0.00301342
12.3 -1.76265 -0.0698835
12.4 -1.72976 -0.141453
12.5 -1.69581 -0.211653
12.6 -1.6607 -0.280439
12.7 -1.62431 -0.347759
12.8 -1.58649 -0.413559
12.9 -1.54709 -0.477778
13 -1.5059 -0.540346
13.1 -1.46269 -0.601185
13.2 -1.41716 -0.660207
13.3 -1.36897 -0.71731
13.4 -1.31768 -0.772376
13.5 -1.26272 -0.825266
13.6 -1.20338 -0.875818
13.7 -1.13875 -0.923832
13.8 -1.06759 -0.969069
13.9 -0.988259 -1.01123
14 -0.898494 -1.04993
14.1 -0.795123 -1.08469
14.2 -0.673627 -1.11486
14.3 -0.527495 -1.13957
14.4 -0.347375 -1.15763
14.5 -0.120353 -1.1674
14.6 0.169124 -1.16664
14.7 0.532142 -1.15253
14.8 0.954907 -1.12218
14.9 1.37429 -1.07428
15 1.70124 -1.01082
15.1 1.89673 -0.93664
15.2 1.98808 -0.856734
15.3 2.01894 -0.774464
15.4 2.01949 -0.691633
15.5 2.00558 -0.609116
15.6 1.98474 -0.527329
15.7 1.96039 -0.446477
15.8 1.93406 -0.366667
15.9 1.90645 -0.287963
16 1.87785 -0.210413
16.1 1.84837 -0.134052
16.2 1.81804 -0.0589179
16.3 1.78683 0.0149556
16.4 1.75469 0.0875312
16.5 1.72155 0.158769
16.6 1.68733 0.228628
16.7 1.65191 0.297059
16.8 1.61518 0.364013
16.9 1.577 0.429432
17 1.53718 0.493253
17.1 1.49552 0.555405
17.2 1.45177 0.615808
17.3 1.40563 0.67437
17.4 1.35672 0.730986
17.5 1.30458 0.785533
17.6 1.24862 0.837867
17.7 1.18809 0.887817
17.8 1.12198 0.935175
17.9 1.049 0.979689
18 0.967349 1.02104
18.1 0.874589 1.05883
18.2 0.767261 1.09253
18.3 0.640429 1.12145
18.4 0.486968 1.14466
18.5 0.296699 1.16087
18.6 0.0558482 1.16829
18.7 -0.251099 1.16454
18.8 -0.631619 1.14669
18.9 -1.06141 1.11206
19 -1.46575 1.06002
19.1 -1.761 0.993436
19.2 -1.92695 0.917444
19.3 -1.99978 0.836719
19.4 -2.02108 0.754191
19.5 -2.01703 0.671379
19.6 -2.00094 0.589013
19.7 -1.97902 0.507441
19.8 -1.95409 0.426836
19.9 -1.92741 0.347292
20 -1.89954 0.268867
20.1 -1.87071 0.191605
20.2 -1.84102 0.115542
20.3 -1.81048 0.0407124
20.4 -1.77905 -0.0328468
20.5 -1.74667 -0.105099
20.6 -1.71328 -0.176003
20.7 -1.67877 -0.245516
20.8 -1.64305 -0.313591
20.9 -1.60598 -0.380174
21 -1.5674 -0.445208
21.1 -1.52715 -0.508628
21.2 -1.48501 -0.570359
21.3 -1.4407 -0.63032
21.4 -1.39392 -0.688416
21.5 -1.34427 -0.744538
21.6 -1.29126 -0.798557
21.7 -1.23426 -0.850324
21.8 -1.17246 -0.89966
21.9 -1.10481 -0.946348
22 -1.02989 -0.990119
22.1 -0.945778 -1.03064
22.2 -0.849817 -1.06748
22.3 -0.73824 -1.10008
22.4 -0.605649 -1.12771
22.5 -0.444253 -1.14934
22.6 -0.243004 -1.16358
22.7 0.0126465 -1.16851
22.8 0.337629 -1.16159
22.9 0.734332 -1.13984
23 1.16647 -1.10088
23.1 1.55028 -1.04488
23.2 1.81272 -0.975494
23.3 1.9516 -0.897975
23.4 2.00848 -0.816602
23.5 2.02175 -0.733904
23.6 2.01388 -0.651153
23.7 1.99597 -0.568959
23.8 1.97313 -0.487612
23.9 1.94769 -0.40726
24 1.92068 -0.327985
24.1 1.89256 -0.249841
24.2 1.86352 -0.172869
24.3 1.83363 -0.0971046
24.4 1.80287 -0.022583
24.5 1.77121 0.0506596
24.6 1.73859 0.122585
24.7 1.70493 0.193153
24.8 1.67014 0.262319
24.9 1.6341 0.330034
25 1.59668 0.396243
25.1 1.55771 0.460888
25.2 1.51702 0.523901
25.3 1.47437 0.585208
25.4 1.42949 0.644721
25.5 1.38205 0.702344
25.6 1.33163 0.757964
25.7 1.2777 0.811446
25.8 1.21961 0.862636
25.9 1.15648 0.911346
26 1.0872 0.957346
26.1 1.01023 1.00036
26.2 0.9235 1.04002
26.3 0.824116 1.07588
26.4 0.707971 1.10734
26.5 0.569157 1.1336
26.6 0.399166 1.15357
26.7 0.186054 1.16573
26.8 -0.0853451 1.16802
26.9 -0.428645 1.15775
27 -0.83945 1.13194
27.1 -1.26859 1.08866
27.2 -1.62712 1.02893
27.3 -1.85683 0.957072
27.4 -1.97137 0.878283
27.5 -2.01465 0.796412
27.6 -2.02121 0.713616
27.7 -2.01016 0.630962
27.8 -1.99071 0.548956
27.9 -1.96709 0.467842
28 -1.9412 0.387748
28.1 -1.91389 0.308746
28.2 -1.88553 0.230885
28.3 -1.85628 0.154205
28.4 -1.82618 0.0787421
28.5 -1.7952 0.0045303
28.6 -1.76332 -0.0683936
28.7 -1.73045 -0.139991
28.8 -1.69652 -0.21022
28.9 -1.66144 -0.279035
29 -1.62507 -0.346386
29.1 -1.58729 -0.412218
29.2 -1.54792 -0.47647
29.3 -1.50677 -0.539073
29.4 -1.4636 -0.599948
29.5 -1.41813 -0.659009
29.6 -1.37 -0.716152
29.7 -1.31877 -0.771262
29.8 -1.26389 -0.824199
29.9 -1.20466 -0.8748
30 -1.14014 -0.922869
30.1 -1.06913 -0.968166
30.2 -0.989992 -1.01039
30.3 -0.90047 -1.04917
30.4 -0.797419 -1.08402
30.5 -0.676354 -1.11429
30.6 -0.530814 -1.13912
30.7 -0.351512 -1.15734
30.8 -0.125611 -1.1673
30.9 0.162428 -1.16678
31 0.523932 -1.15297
31.1 0.945917 -1.12298
31.2 1.36631 -1.07544
31.3 1.69583 -1.01225
31.4 1.89391 -0.938242
31.5 1.98694 -0.858414
31.6 2.01869 -0.776171
31.7 2.01966 -0.69334
31.8 2.00595 -0.610811
31.9 1.98521 -0.529007
32 1.96091 -0.448134
32.1 1.93462 -0.368301
32.2 1.90703 -0.289575
32.3 1.87845 -0.212
32.4 1.84899 -0.135615
32.5 1.81867 -0.0604547
32.6 1.78748 0.0134452
32.7 1.75536 0.086048
32.8 1.72225 0.157314
32.9 1.68805 0.227201
33 1.65266 0.295663
33.1 1.61596 0.362647
33.2 1.5778 0.428099
33.3 1.53801 0.491953
33.4 1.49639 0.554141
33.5 1.45269 0.614581
33.6 1.4066 0.673182
33.7 1.35776 0.729839
33.8 1.30569 0.78443
33.9 1.24982 0.836811
34 1.18939 0.886812
34.1 1.12341 0.934226
34.2 1.05058 0.978801
34.3 0.969135 1.02022
34.4 0.876635 1.05809
34.5 0.769651 1.09188
34.6 0.643284 1.12091
34.7 0.490463 1.14425
34.8 0.30108 1.16062
34.9 0.0614315 1.16824
35 -0.244019 1.16475
35.1 -0.623106 1.14722
35.2 -1.05248 1.11296
35.3 -1.4583 1.06126
35.4 -1.75628 0.994922
35.5 -1.92463 0.919072
35.6 -1.99892 0.838409
35.7 -2.02096 0.755899
35.8 -2.01726 0.673084
35.9 -2.00135 0.590704
36 -1.97951 0.509114
36.1 -1.95462 0.428488
36.2 -1.92797 0.348921
36.3 -1.90012 0.270473
36.4 -1.87132 0.193186
36.5 -1.84165 0.117098
36.6 -1.81112 0.0422428
36.7 -1.7797 -0.031343
36.8 -1.74735 -0.103622
36.9 -1.71398 -0.174555
37 -1.67949 -0.244097
37.1 -1.6438 -0.312202
37.2 -1.60675 -0.378817
37.3 -1.56822 -0.443883
37.4 -1.528 -0.507337
37.5 -1.4859 -0.569104
37.6 -1.44164 -0.629102
37.7 -1.39492 -0.687238
37.8 -1.34533 -0.743401
37.9 -1.29239 -0.797465
38 -1.23548 -0.849281
38.1 -1.17379 -0.898669
38.2 -1.10627 -0.945414
38.3 -1.03152 -0.989248
38.4 -0.947621 -1.02984
38.5 -0.851938 -1.06676
38.6 -0.740731 -1.09946
38.7 -0.608642 -1.12719
38.8 -0.447939 -1.14896
38.9 -0.247648 -1.16337
39 0.00671856 -1.16852
39.1 0.330167 -1.16187
39.2 0.725575 -1.14045
39.3 1.15771 -1.10186
39.4 1.54345 -1.04619
39.5 1.80867 -0.977025
39.6 1.94972 -0.899624
39.7 2.00785 -0.8183
39.8 2.02174 -0.735612
39.9 2.01417 -0.652855
40 1.9964 -0.570646
40.1 1.97363 -0.489279
40.2 1.94823 -0.408906
40.3 1.92125 -0.329608
40.4 1.89315 -0.251441
40.5 1.86413 -0.174444
40.6 1.83425 -0.0986545
40.7 1.80351 -0.0241069
40.8 1.77187 0.0491625
40.9 1.73927 0.121116
41 1.70564 0.191712
41.1 1.67087 0.260907
41.2 1.63486 0.328652
41.3 1.59746 0.394894
41.4 1.55853 0.459571
41.5 1.51788 0.522619
41.6 1.47527 0.583961
41.7 1.43044 0.643513
41.8 1.38306 0.701176
41.9 1.3327 0.756838
42 1.27885 0.810366
42.1 1.22085 0.861605
42.2 1.15784 0.910368
42.3 1.0887 0.956427
42.4 1.01191 0.999501
42.5 0.925405 1.03924
42.6 0.826318 1.07518
42.7 0.71057 1.10674
42.8 0.5723 1.13312
42.9 0.403059 1.15323
43 0.190982 1.16557
43.1 -0.0790556 1.16809
43.2 -0.42081 1.15811
43.3 -0.830529 1.13265
43.4 -1.26014 1.08973
43.5 -1.62096 1.03031
43.6 -1.8534 0.95864
43.7 -1.96988 0.879949
43.8 -2.01422 0.798114
43.9 -2.0213 0.715325
44 -2.01049 0.632661
44.1 -1.99116 0.550638
44.2 -1.9676 0.469505
44.3 -1.94175 0.389389
44.4 -1.91446 0.310363
44.5 -1.88613 0.232479
44.6 -1.85689 0.155774
44.7 -1.8268 0.0802857
44.8 -1.79585 0.00604773
44.9 -1.76398 -0.0669031
45 -1.73114 -0.138528
45.1 -1.69724 -0.208786
45.2 -1.66217 -0.27763
45.3 -1.62583 -0.345012
45.4 -1.58808 -0.410877
45.5 -1.54875 -0.475162
45.6 -1.50764 -0.537799
45.7 -1.46451 -0.598711
45.8 -1.41909 -0.65781
45.9 -1.37102 -0.714994
46 -1.31986 -0.770147
46.1 -1.26506 -0.82313
46.2 -1.20593 -0.873781
46.3 -1.14153 -0.921905
46.4 -1.07067 -0.967262
46.5 -0.991719 -1.00955
46.6 -0.90244 -1.04841
46.7 -0.799708 -1.08334
46.8 -0.679072 -1.11372
46.9 -0.534118 -1.13867
47 -0.35563 -1.15704
47.1 -0.130842 -1.16719
47.2 0.155763 -1.16692
47.3 0.515751 -1.15341
47.4 0.936929 -1.12378
47.5 1.35828 -1.07659
47.6 1.69036 -1.01368
47.7 1.89104 -0.939842
47.8 1.98578 -0.860094
47.9 2.01842 -0.777877
48 2.01982 -0.695047
48.1 2.00632 -0.612506
48.2 1.98568 -0.530685
48.3 1.96144 -0.449791
48.4 1.93518 -0.369937
48.5 1.90761 -0.291187
48.6 1.87905 -0.213588
48.7 1.8496 -0.137178
48.8 1.81931 -0.0619919
48.9 1.78813 0.0119343
49 1.75603 0.0845642
49.1 1.72294 0.155858
49.2 1.68876 0.225774
49.3 1.6534 0.294266
49.4 1.61673 0.361281
49.5 1.5786 0.426765
49.6 1.53885 0.490653
49.7 1.49727 0.552876
49.8 1.45362 0.613352
49.9 1.40758 0.671992
50 1.3588 0.728691
50.1 1.3068 0.783326
50.2 1.25102 0.835754
50.3 1.19069 0.885806
50.4 1.12483 0.933276
50.5 1.05216 0.977913
50.6 0.970917 1.0194
50.7 0.878675 1.05735
50.8 0.772033 1.09123
50.9 0.646128 1.12037
51 0.493943 1.14383
51.1 0.30544 1.16036
51.2 0.0669866 1.16819
51.3 -0.236972 1.16495
51.4 -0.614617 1.14774
51.5 -1.04353 1.11384
51.6 -1.4508 1.06249
51.7 -1.75151 0.996405
51.8 -1.92227 0.920698
51.9 -1.99804 0.840098
52 -2.02083 0.757607
52.1 -2.01749 0.674789
52.2 -2.00175 0.592396
52.3 -1.98 0.510787
52.4 -1.95516 0.43014
52.5 -1.92853 0.350551
52.6 -1.9007 0.272079
52.7 -1.87192 0.194768
52.8 -1.84227 0.118654
52.9 -1.81176 0.0437736
53 -1.78036 -0.0298387
53.1 -1.74803 -0.102145
53.2 -1.71467 -0.173106
53.3 -1.68022 -0.242678
53.4 -1.64455 -0.310813
53.5 -1.60753 -0.377459
53.6 -1.56903 -0.442558
53.7 -1.52885 -0.506045
53.8 -1.48679 -0.567848
53.9 -1.44258 -0.627884
54 -1.39591 -0.686058
54.1 -1.34638 -0.742264
54.2 -1.29352 -0.796373
54.3 -1.2367 -0.848236
54.4 -1.17512 -0.897677
54.5 -1.10773 -0.944478
54.6 -1.03314 -0.988376
54.7 -0.949459 -1.02904
54.8 -0.854053 -1.06604
54.9 -0.743213 -1.09883
55 -0.611623 -1.12668
55.1 -0.451609 -1.14858
55.2 -0.25227 -1.16316
55.3 0.000820347 -1.16852
55.4 0.322736 -1.16215
55.5 0.716837 -1.14106
55.6 1.14894 -1.10284
55.7 1.53656 -1.04749
55.8 1.80456 -0.978552
55.9 1.9478 -0.901271
56 2.00721 -0.819997
56.1 2.02173 -0.737321
56.2 2.01445 -0.654558
56.3 1.99683 -0.572333
56.4 1.97413 -0.490948
56.5 1.94877 -0.410553
56.6 1.92182 -0.331232
56.7 1.89374 -0.253041
56.8 1.86474 -0.17602
56.9 1.83488 -0.100205
57 1.80415 -0.0256314
57.1 1.77253 0.0476648
57.2 1.73996 0.119646
57.3 1.70634 0.19027
57.4 1.6716 0.259495
57.5 1.63561 0.32727
57.6 1.59825 0.393543
57.7 1.55935 0.458254
57.8 1.51873 0.521336
57.9 1.47617 0.582714
58 1.43139 0.642303
58.1 1.38406 0.700007
58.2 1.33377 0.755711
58.3 1.28 0.809285
58.4 1.2221 0.860573
58.5 1.1592 0.909389
58.6 1.0902 0.955506
58.7 1.01358 0.998645
58.8 0.927304 1.03845
58.9 0.828513 1.07448
59 0.713161 1.10614
59.1 0.57543 1.13263
59.2 0.406935 1.15289
59.3 0.195885 1.16541
59.4 -0.0727971 1.16816
59.5 -0.413007 1.15846
59.6 -0.821618 1.13335
59.7 -1.25166 1.09079
59.8 -1.61474 1.03167
59.9 -1.84991 0.960205
60 -1.96835 0.881613
60.1 -2.01377 0.799817
60.2 -2.02138 0.717033
60.3 -2.01082 0.63436
60.4 -1.99161 0.552321
60.5 -1.96812 0.471168
60.6 -1.9423 0.39103
60.7 -1.91504 0.311982
60.8 -1.88672 0.234073
60.9 -1.8575 0.157344
61 -1.82743 0.0818298
61.1 -1.7965 0.00756571
61.2 -1.76465 -0.065412
61.3 -1.73183 -0.137065
61.4 -1.69795 -0.207351
61.5 -1.66291 -0.276225
61.6 -1.6266 -0.343638
61.7 -1.58887 -0.409534
61.8 -1.54957 -0.473852
61.9 -1.5085 -0.536524
62 -1.46542 -0.597473
62.1 -1.42005 -0.65661
62.2 -1.37204 -0.713835
62.3 -1.32095 -0.769031
62.4 -1.26624 -0.82206
62.5 -1.2072 -0.872762
62.6 -1.14292 -0.92094
62.7 -1.07221 -0.966356
62.8 -0.993443 -1.00872
62.9 -0.904404 -1.04765
63 -0.801989 -1.08267
63.1 -0.681779 -1.11314
63.2 -0.537408 -1.13822
63.3 -0.359728 -1.15674
63.4 -0.136047 -1.16708
63.5 0.149131 -1.16705
63.6 0.507597 -1.15384
63.7 0.927941 -1.12457
63.8 1.35022 -1.07773
63.9 1.68483 -1.01511
64 1.88812 -0.941439
64.1 1.98459 -0.861772
64.2 2.01814 -0.779583
64.3 2.01998 -0.696754
64.4 2.00669 -0.614202
64.5 1.98615 -0.532363
64.6 1.96196 -0.451449
64.7 1.93573 -0.371572
64.8 1.90819 -0.292799
64.9 1.87965 -0.215176
65 1.85022 -0.138741
65.1 1.81994 -0.0635297
65.2 1.78878 0.0104229
65.3 1.75671 0.0830799
65.4 1.72363 0.154402
65.5 1.68948 0.224347
65.6 1.65414 0.292868
65.7 1.6175 0.359915
65.8 1.5794 0.42543
65.9 1.53969 0.489352
66 1.49815 0.55161
66.1 1.45454 0.612124
66.2 1.40856 0.670802
66.3 1.35983 0.727542
66.4 1.30791 0.782221
66.5 1.25221 0.834696
66.6 1.19198 0.884799
66.7 1.12626 0.932325
66.8 1.05374 0.977023
66.9 0.972693 1.01858
67 0.880708 1.0566
67.1 0.774407 1.09058
67.2 0.648961 1.11982
67.3 0.497407 1.14341
67.4 0.309779 1.1601
67.5 0.0725137 1.16813
67.6 -0.229957 1.16515
67.7 -0.606152 1.14826
67.8 -1.03458 1.11472
67.9 -1.44325 1.06371
68 -1.74667 0.997883
68.1 -1.91987 0.922322
68.2 -1.99713 0.841787
68.3 -2.02069 0.759315
68.4 -2.01772 0.676494
68.5 -2.00215 0.594088
68.6 -1.98049 0.512461
68.7 -1.95569 0.431793
68.8 -1.9291 0.352181
68.9 -1.90129 0.273686
69 -1.87252 0.19635
69.1 -1.84289 0.120212
69.2 -1.81239 0.0453051
69.3 -1.78102 -0.0283338
69.4 -1.7487 -0.100668
69.5 -1.71537 -0.171657
69.6 -1.68094 -0.241257
69.7 -1.64529 -0.309422
69.8 -1.60831 -0.3761
69.9 -1.56984 -0.441231
70 -1.5297 -0.504753
70.1 -1.48767 -0.566591
70.2 -1.44351 -0.626664
70.3 -1.3969 -0.684878
70.4 -1.34744 -0.741125
70.5 -1.29465 -0.795279
70.6 -1.23792 -0.84719
70.7 -1.17644 -0.896683
70.8 -1.10919 -0.943541
70.9 -1.03476 -0.987502
71 -0.951293 -1.02823
71.1 -0.856161 -1.06532
71.2 -0.745687 -1.0982
71.3 -0.614592 -1.12616
71.4 -0.455262 -1.1482
71.5 -0.256868 -1.16294
71.6 -0.00504827 -1.16852
71.7 0.315338 -1.16242
71.8 0.708117 -1.14167
71.9 1.14014 -1.10381
72 1.52962 -1.04879
72.1 1.8004 -0.980076
72.2 1.94586 -0.902917
72.3 2.00654 -0.821693
72.4 2.0217 -0.73903
72.5 2.01473 -0.65626
72.6 1.99725 -0.574021
72.7 1.97463 -0.492616
72.8 1.94932 -0.4122
72.9 1.92239 -0.332857
73 1.89433 -0.254642
73.1 1.86534 -0.177596
73.2 1.8355 -0.101756
73.3 1.8048 -0.0271564
73.4 1.7732 0.0461665
73.5 1.74064 0.118175
73.6 1.70705 0.188828
73.7 1.67233 0.258082
73.8 1.63637 0.325888
73.9 1.59904 0.392192
74 1.56017 0.456936
74.1 1.51959 0.520052
74.2 1.47707 0.581466
74.3 1.43234 0.641093
74.4 1.38507 0.698837
74.5 1.33484 0.754583
74.6 1.28115 0.808203
74.7 1.22334 0.85954
74.8 1.16055 0.908409
74.9 1.09169 0.954584
75 1.01525 0.997788
75.1 0.929198 1.03767
75.2 0.830701 1.07378
75.3 0.715742 1.10554
75.4 0.578546 1.13215
75.5 0.410792 1.15254
75.6 0.200764 1.16524
75.7 -0.0665696 1.16822
75.8 -0.405234 1.15881
75.9 -0.812718 1.13404
76 -1.24315 1.09185
76.1 -1.60846 1.03304
76.2 -1.84638 0.961768
76.3 -1.9668 0.883276
76.4 -2.01331 0.801519
76.5 -2.02145 0.718741
76.6 -2.01115 0.63606
76.7 -1.99206 0.554004
76.8 -1.96863 0.472831
76.9 -1.94285 0.392671
77 -1.91561 0.3136
77.1 -1.88731 0.235668
77.2 -1.85812 0.158914
77.3 -1.82806 0.0833745
77.4 -1.79714 0.00908423
77.5 -1.76532 -0.0639204
77.6 -1.73251 -0.135601
77.7 -1.69866 -0.205916
77.8 -1.66364 -0.27482
77.9 -1.62736 -0.342263
78 -1.58967 -0.408191
78.1 -1.5504 -0.472542
78.2 -1.50937 -0.535249
78.3 -1.46633 -0.596234
78.4 -1.42101 -0.65541
78.5 -1.37306 -0.712675
78.6 -1.32204 -0.767914
78.7 -1.2674 -0.82099
78.8 -1.20846 -0.871741
78.9 -1.14431 -0.919973
79 -1.07374 -0.965449
79.1 -0.995162 -1.00788
79.2 -0.906363 -1.04688
79.3 -0.804262 -1.08199
79.4 -0.684475 -1.11256
79.5 -0.540685 -1.13776
79.6 -0.363806 -1.15643
79.7 -0.141226 -1.16696
79.8 0.14253 -1.16717
79.9 0.499472 -1.15427
80 0.918956 -1.12535
80.1 1.34211 -1.07887
80.2 1.67925 -1.01653
80.3 1.88517 -0.943034
80.4 1.98337 -0.863449
80.5 2.01785 -0.781288
80.6 2.02013 -0.698461
80.7 2.00706 -0.615898
80.8 1.98662 -0.534042
80.9 1.96249 -0.453107
81 1.93629 -0.373208
81.1 1.90877 -0.294412
81.2 1.88024 -0.216765
81.3 1.85084 -0.140305
81.4 1.82057 -0.065068
81.5 1.78944 0.00891086
81.6 1.75738 0.0815949
81.7 1.72432 0.152945
81.8 1.69019 0.222919
81.9 1.65488 0.29147
82 1.61827 0.358547
82.1 1.58021 0.424095
82.2 1.54053 0.488051
82.3 1.49903 0.550343
82.4 1.45546 0.610894
82.5 1.40953 0.669612
82.6 1.36087 0.726392
82.7 1.30902 0.781115
82.8 1.2534 0.833638
82.9 1.19328 0.883792
83 1.12767 0.931373
83.1 1.05532 0.976132
83.2 0.974465 1.01776
83.3 0.882736 1.05586
83.4 0.776772 1.08992
83.5 0.651783 1.11927
83.6 0.500857 1.14299
83.7 0.314097 1.15984
83.8 0.0780129 1.16807
83.9 -0.222974 1.16534
84 -0.597711 1.14877
84.1 -1.02562 1.11559
84.2 -1.43566 1.06493
84.3 -1.74178 0.999358
84.4 -1.91743 0.923944
84.5 -1.9962 0.843475
84.6 -2.02053 0.761023
84.7 -2.01794 0.678199
84.8 -2.00254 0.59578
84.9 -1.98097 0.514135
85 -1.95622 0.433446
85.1 -1.92966 0.353812
85.2 -1.90187 0.275293
85.3 -1.87312 0.197933
85.4 -1.84351 0.121769
85.5 -1.81303 0.046837
85.6 -1.78167 -0.0268283
85.7 -1.74938 -0.0991895
85.8 -1.71607 -0.170207
85.9 -1.68166 -0.239836
86 -1.64604 -0.308032
86.1 -1.60909 -0.37474
86.2 -1.57065 -0.439904
86.3 -1.53054 -0.503459
86.4 -1.48856 -0.565333
86.5 -1.44445 -0.625444
86.6 -1.39788 -0.683697
86.7 -1.34849 -0.739986
86.8 -1.29578 -0.794184
86.9 -1.23913 -0.846144
87 -1.17776 -0.895688
87.1 -1.11064 -0.942603
87.2 -1.03638 -0.986627
87.3 -0.953121 -1.02743
87.4 -0.858263 -1.06459
87.5 -0.748152 -1.09757
87.6 -0.61755 -1.12564
87.7 -0.458898 -1.14781
87.8 -0.261444 -1.16273
87.9 -0.0108874 -1.16852
88 0.307972 -1.16268
88.1 0.699415 -1.14226
88.2 1.13133 -1.10477
88.3 1.52263 -1.05008
88.4 1.79618 -0.981596
88.5 1.94387 -0.904561
88.6 2.00586 -0.823389
88.7 2.02167 -0.740738
88.8 2.01501 -0.657963
88.9 1.99768 -0.575709
89 1.97513 -0.494285
89.1 1.94986 -0.413847
89.2 1.92295 -0.334482
89.3 1.89492 -0.256243
89.4 1.86595 -0.179173
89.5 1.83612 -0.103307
89.6 1.80544 -0.0286819
89.7 1.77386 0.0446676
89.8 1.74132 0.116704
89.9 1.70775 0.187385
90 1.67306 0.256668
90.1 1.63712 0.324504
90.2 1.59982 0.39084
90.3 1.56099 0.455617
90.4 1.52045 0.518767
90.5 1.47797 0.580217
90.6 1.43329 0.639882
90.7 1.38607 0.697666
90.8 1.33591 0.753455
90.9 1.2823 0.807119
91 1.22458 0.858505
91.1 1.16191 0.907427
91.2 1.09318 0.953661
91.3 1.01691 0.996929
91.4 0.931087 1.03688
91.5 0.832882 1.07308
91.6 0.718313 1.10493
91.7 0.58165 1.13166
91.8 0.414632 1.15219
91.9 0.205618 1.16507
92 -0.0603728 1.16827
92.1 -0.397492 1.15914
92.2 -0.80383 1.13472
92.3 -1.23461 1.09289
92.4 -1.60213 1.03439
92.5 -1.84279 0.963327
92.6 -1.96521 0.884938
92.7 -2.01283 0.80322
92.8 -2.02151 0.72045
92.9 -2.01147 0.63776
93 -1.99251 0.555688
93.1 -1.96914 0.474495
93.2 -1.94339 0.394314
93.3 -1.91618 0.315219
93.4 -1.88791 0.237263
93.5 -1.85873 0.160485
93.6 -1.82869 0.0849197
93.7 -1.79779 0.0106033
93.8 -1.76598 -0.0624282
93.9 -1.7332 -0.134136
94 -1.69937 -0.20448
94.1 -1.66438 -0.273413
94.2 -1.62812 -0.340887
94.3 -1.59046 -0.406847
94.4 -1.55123 -0.471232
94.5 -1.51023 -0.533973
94.6 -1.46724 -0.594995
94.7 -1.42197 -0.654208
94.8 -1.37408 -0.711514
94.9 -1.32312 -0.766796
95 -1.26857 -0.819918
95.1 -1.20973 -0.870719
95.2 -1.14569 -0.919005
95.3 -1.07527 -0.964541
95.4 -0.996877 -1.00703
95.5 -0.908316 -1.04611
95.6 -0.806529 -1.08131
95.7 -0.687162 -1.11198
95.8 -0.543947 -1.13731
95.9 -0.367865 -1.15612
96 -0.146378 -1.16684
96.1 0.135961 -1.16729
96.2 0.491375 -1.15469
96.3 0.909974 -1.12612
96.4 1.33397 -1.08
96.5 1.67361 -1.01795
96.6 1.88216 -0.944627
96.7 1.98213 -0.865125
96.8 2.01754 -0.782994
96.9 2.02028 -0.700169
97 2.00742 -0.617595
97.1 1.98709 -0.535721
97.2 1.96301 -0.454766
97.3 1.93685 -0.374845
97.4 1.90935 -0.296025
97.5 1.88084 -0.218354
97.6 1.85145 -0.141869
97.7 1.82121 -0.0666069
97.8 1.79009 0.0073983
97.9 1.75805 0.0801095
98 1.72502 0.151487
98.1 1.69091 0.22149
98.2 1.65562 0.290071
98.3 1.61904 0.357179
98.4 1.58101 0.42276
98.5 1.54136 0.486748
98.6 1.4999 0.549076
98.7 1.45638 0.609664
98.8 1.4105 0.66842
98.9 1.3619 0.725242
99 1.31012 0.780008
99.1 1.25459 0.832578
99.2 1.19457 0.882783
99.3 1.12909 0.930419
99.4 1.05689 0.975239
99.5 0.976233 1.01693
99.6 0.884758 1.05511
99.7 0.77913 1.08926
99.8 0.654594 1.11872
99.9 0.504291 1.14257
100 0.318394 1.15957
100.1 0.0834843 1.168
100.2 -0.216024 1.16553
100.3 -0.589294 1.14927
100.4 -1.01665 1.11645
100.5 -1.42802 1.06614
100.6 -1.73683 1.00083
100.7 -1.91494 0.925564
100.8 -1.99525 0.845162
100.9 -2.02037 0.76273
101 -2.01815 0.679905
101.1 -2.00294 0.597472
101.2 -1.98145 0.515809
101.3 -1.95676 0.435099
101.4 -1.93022 0.355443
101.5 -1.90246 0.2769
101.6 -1.87373 0.199516
101.7 -1.84412 0.123327
101.8 -1.81367 0.0483695
101.9 -1.78233 -0.0253223
102 -1.75005 -0.0977108
102.1 -1.71677 -0.168756
102.2 -1.68238 -0.238415
102.3 -1.64679 -0.30664
102.4 -1.60986 -0.37338
102.5 -1.57146 -0.438577
102.6 -1.53139 -0.502166
102.7 -1.48945 -0.564075
102.8 -1.44538 -0.624223
102.9 -1.39887 -0.682516
103 -1.34954 -0.738846
103.1 -1.2969 -0.793089
103.2 -1.24034 -0.845096
103.3 -1.17908 -0.894692
103.4 -1.11209 -0.941664
103.5 -1.038 -0.98575
103.6 -0.954945 -1.02662
103.7 -0.860358 -1.06387
103.8 -0.750608 -1.09694
103.9 -0.620495 -1.12512
104 -0.462518 -1.14742
104.1 -0.265998 -1.1625
104.2 -0.0166972 -1.1685
104.3 0.300638 -1.16294
104.4 0.690733 -1.14285
104.5 1.1225 -1.10572
104.6 1.51558 -1.05136
104.7 1.7919 -0.983112
104.8 1.94185 -0.906203
104.9 2.00515 -0.825084
105 2.02163 -0.742447
105.1 2.01528 -0.659666
105.2 1.9981 -0.577397
105.3 1.97563 -0.495955
105.4 1.9504 -0.415496
105.5 1.92352 -0.336107
105.6 1.8955 -0.257845
105.7 1.86656 -0.18075
105.8 1.83675 -0.104859
105.9 1.80608 -0.030208
106 1.77452 0.0431683
106.1 1.742 0.115232
106.2 1.70846 0.185942
106.3 1.67378 0.255254
106.4 1.63788 0.323121
106.5 1.6006 0.389488
106.6 1.56181 0.454297
106.7 1.5213 0.517482
106.8 1.47887 0.578968
106.9 1.43423 0.638671
107 1.38707 0.696494
107.1 1.33698 0.752325
107.2 1.28344 0.806035
107.3 1.22581 0.85747
107.4 1.16326 0.906445
107.5 1.09467 0.952736
107.6 1.01858 0.996069
107.7 0.93297 1.0361
107.8 0.835056 1.07237
107.9 0.720875 1.10432
108 0.584741 1.13116
108.1 0.418453 1.15184
108.2 0.210448 1.1649
108.3 -0.0542068 1.16832
108.4 -0.389781 1.15948
108.5 -0.794954 1.1354
108.6 -1.22604 1.09393
108.7 -1.59574 1.03574
108.8 -1.83915 0.964883
108.9 -1.96359 0.886599
109 -2.01233 0.804921
109.1 -2.02157 0.722158
109.2 -2.01179 0.63946
109.3 -1.99296 0.557372
109.4 -1.96965 0.47616
109.5 -1.94394 0.395956
109.6 -1.91676 0.316839
109.7 -1.8885 0.238859
109.8 -1.85934 0.162056
109.9 -1.82932 0.0864654
110 -1.79844 0.0121229
110.1 -1.76665 -0.0609355
110.2 -1.73389 -0.132671
110.3 -1.70007 -0.203043
110.4 -1.66511 -0.272006
110.5 -1.62888 -0.339511
110.6 -1.59125 -0.405503
110.7 -1.55205 -0.469921
110.8 -1.5111 -0.532697
110.9 -1.46815 -0.593754
111 -1.42293 -0.653006
111.1 -1.37509 -0.710353
111.2 -1.32421 -0.765678
111.3 -1.26974 -0.818846
111.4 -1.21099 -0.869696
111.5 -1.14707 -0.918037
111.6 -1.0768 -0.963632
111.7 -0.998587 -1.00619
111.8 -0.910263 -1.04535
111.9 -0.808787 -1.08062
112 -0.689839 -1.1114
112.1 -0.547195 -1.13684
112.2 -0.371905 -1.15581
112.3 -0.151505 -1.16671
112.4 0.129424 -1.1674
112.5 0.483306 -1.1551
112.6 0.900996 -1.12689
112.7 1.32579 -1.08112
112.8 1.6679 -1.01936
112.9 1.87911 -0.946216
113 1.98086 -0.8668
113.1 2.01722 -0.784699
113.2 2.02042 -0.701876
113.3 2.00778 -0.619291
113.4 1.98756 -0.5374
113.5 1.96353 -0.456425
113.6 1.9374 -0.376482
113.7 1.90993 -0.297639
113.8 1.88144 -0.219944
113.9 1.85207 -0.143434
114 1.82184 -0.0681463
114.1 1.79074 0.00588519
114.2 1.75872 0.0786234
114.3 1.72571 0.150029
114.4 1.69162 0.220061
114.5 1.65636 0.288671
114.6 1.61981 0.355811
114.7 1.58181 0.421423
114.8 1.5422 0.485446
114.9 1.50078 0.547808
115 1.4573 0.608432
115.1 1.41148 0.667227
115.2 1.36294 0.72409
115.3 1.31123 0.778901
115.4 1.25578 0.831517
115.5 1.19586 0.881772
115.6 1.1305 0.929464
115.7 1.05845 0.974345
115.8 0.977996 1.01611
115.9 0.886773 1.05436
116 0.78148 1.0886
116.1 0.657394 1.11816
116.2 0.50771 1.14214
116.3 0.32267 1.1593
116.4 0.0889281 1.16792
116.5 -0.209106 1.16571
116.6 -0.580903 1.14976
116.7 -1.00768 1.11731
116.8 -1.42034 1.06734
116.9 -1.73183 1.00229
117 -1.91242 0.927182
117.1 -1.99428 0.846848
117.2 -2.0202 0.764438
117.3 -2.01836 0.68161
117.4 -2.00333 0.599165
117.5 -1.98194 0.517484
117.6 -1.95729 0.436753
117.7 -1.93078 0.357074
117.8 -1.90304 0.278508
117.9 -1.87433 0.2011
118 -1.84474 0.124886
118.1 -1.81431 0.0499025
118.2 -1.78299 -0.0238158
118.3 -1.75073 -0.0962315
118.4 -1.71747 -0.167305
118.5 -1.6831 -0.236993
118.6 -1.64754 -0.305248
118.7 -1.61064 -0.372019
118.8 -1.57226 -0.437248
118.9 -1.53223 -0.500871
119 -1.49033 -0.562816
119.1 -1.44631 -0.623001
119.2 -1.39986 -0.681333
119.3 -1.35059 -0.737705
119.4 -1.29802 -0.791992
119.5 -1.24155 -0.844047
119.6 -1.1804 -0.893695
119.7 -1.11354 -0.940724
119.8 -1.03961 -0.984872
119.9 -0.956764 -1.02582
120 -0.862447 -1.06314
120.1 -0.753055 -1.0963
120.2 -0.623429 -1.12459
120.3 -0.466122 -1.14703
120.4 -0.270529 -1.16228
120.5 -0.0224778 -1.16849
120.6 0.293336 -1.16319
120.7 0.682071 -1.14343
120.8 1.11365 -1.10666
120.9 1.50848 -1.05264
121 1.78757 -0.984625
121.1 1.93979 -0.907844
121.2 2.00443 -0.826778
121.3 2.02158 -0.744156
121.4 2.01555 -0.661369
121.5 1.99852 -0.579086
121.6 1.97613 -0.497624
121.7 1.95094 -0.417144
121.8 1.92409 -0.337733
121.9 1.89609 -0.259447
122 1.86716 -0.182328
122.1 1.83737 -0.106412
122.2 1.80672 -0.0317346
122.3 1.77518 0.0416683
122.4 1.74268 0.113759
122.5 1.70916 0.184497
122.6 1.67451 0.253839
122.7 1.63863 0.321736
122.8 1.60139 0.388135
122.9 1.56262 0.452977
123 1.52215 0.516196
123.1 1.47976 0.577718
123.2 1.43518 0.637458
123.3 1.38807 0.695321
123.4 1.33804 0.751195
123.5 1.28458 0.80495
123.6 1.22705 0.856433
123.7 1.1646 0.905461
123.8 1.09615 0.951811
123.9 1.02023 0.995208
124 0.934849 1.03531
124.1 0.837223 1.07167
124.2 0.723428 1.10371
124.3 0.587819 1.13067
124.4 0.422257 1.15149
124.5 0.215254 1.16472
124.6 -0.0480715 1.16836
124.7 -0.382102 1.1598
124.8 -0.786092 1.13606
124.9 -1.21745 1.09496
125 -1.58929 1.03709
125.1 -1.83546 0.966436
125.2 -1.96194 0.888258
125.3 -2.01182 0.806622
125.4 -2.02162 0.723867
125.5 -2.01211 0.64116
125.6 -1.9934 0.559057
125.7 -1.97016 0.477824
125.8 -1.94449 0.397599
125.9 -1.91733 0.318459
126 -1.88909 0.240455
126.1 -1.85995 0.163627
126.2 -1.82995 0.0880117
126.3 -1.79908 0.0136431
126.4 -1.76731 -0.0594422
126.5 -1.73457 -0.131206
126.6 -1.70078 -0.201606
126.7 -1.66585 -0.270599
126.8 -1.62964 -0.338134
126.9 -1.59204 -0.404158
127 -1.55288 -0.468609
127.1 -1.51196 -0.531419
127.2 -1.46906 -0.592513
127.3 -1.42389 -0.651803
127.4 -1.37611 -0.70919
127.5 -1.32529 -0.764558
127.6 -1.2709 -0.817772
127.7 -1.21225 -0.868672
127.8 -1.14845 -0.917067
127.9 -1.07832 -0.962721
128 -1.00029 -1.00535
128.1 -0.912205 -1.04458
128.2 -0.811039 -1.07994
128.3 -0.692505 -1.11082
128.4 -0.55043 -1.13638
128.5 -0.375926 -1.15549
128.6 -0.156606 -1.16658
128.7 0.122919 -1.16751
128.8 0.475267 -1.15551
128.9 0.892023 -1.12764
129 1.31757 -1.08224
129.1 1.66214 -1.02077
129.2 1.87601 -0.947804
129.3 1.97956 -0.868474
129.4 2.01689 -0.786404
129.5 2.02056 -0.703584
129.6 2.00813 -0.620988
129.7 1.98802 -0.53908
129.8 1.96405 -0.458085
129.9 1.93795 -0.37812
130 1.9105 -0.299254
130.1 1.88204 -0.221534
130.2 1.85268 -0.145
130.3 1.82247 -0.0696862
130.4 1.79139 0.00437153
130.5 1.75939 0.0771368
130.6 1.7264 0.148571
130.7 1.69234 0.218631
130.8 1.6571 0.287271
130.9 1.62057 0.354442
131 1.58261 0.420086
131.1 1.54303 0.484142
131.2 1.50165 0.54654
131.3 1.45822 0.6072
131.4 1.41245 0.666034
131.5 1.36397 0.722938
131.6 1.31233 0.777792
131.7 1.25696 0.830455
131.8 1.19714 0.880761
131.9 1.13191 0.928508
132 1.06002 0.97345
132.1 0.979754 1.01528
132.2 0.888783 1.05361
132.3 0.783822 1.08794
132.4 0.660184 1.11761
132.5 0.511114 1.14171
132.6 0.326925 1.15902
132.7 0.0943444 1.16785
132.8 -0.202221 1.16588
132.9 -0.572538 1.15025
133 -0.998703 1.11816
133.1 -1.41261 1.06854
133.2 -1.72676 1.00376
133.3 -1.90985 0.928798
133.4 -1.99328 0.848533
133.5 -2.02001 0.766145
133.6 -2.01857 0.683316
133.7 -2.00372 0.600859
133.8 -1.98242 0.519159
133.9 -1.95782 0.438407
134 -1.93134 0.358706
134.1 -1.90362 0.280117
134.2 -1.87493 0.202684
134.3 -1.84536 0.126446
134.4 -1.81494 0.0514361
134.5 -1.78364 -0.0223087
134.6 -1.75141 -0.0947517
134.7 -1.71816 -0.165853
134.8 -1.68382 -0.23557
134.9 -1.64828 -0.303856
135 -1.61142 -0.370658
135.1 -1.57307 -0.435919
135.2 -1.53308 -0.499576
135.3 -1.49122 -0.561556
135.4 -1.44724 -0.621778
135.5 -1.40084 -0.68015
135.6 -1.35164 -0.736563
135.7 -1.29914 -0.790895
135.8 -1.24276 -0.842998
135.9 -1.18171 -0.892697
136 -1.11498 -0.939782
136.1 -1.04122 -0.983993
136.2 -0.958577 -1.02501
136.3 -0.864529 -1.06241
136.4 -0.755494 -1.09567
136.5 -0.626351 -1.12406
136.6 -0.46971 -1.14663
136.7 -0.275038 -1.16205
136.8 -0.0282293 -1.16847
136.9 0.286066 -1.16343
137 0.673429 -1.144
137.1 1.10479 -1.1076
137.2 1.50133 -1.05391
137.3 1.78319 -0.986135
137.4 1.9377 -0.909483
137.5 2.00369 -0.828472
137.6 2.02151 -0.745864
137.7 2.01581 -0.663073
137.8 1.99894 -0.580775
137.9 1.97662 -0.499295
138 1.95147 -0.418793
138.1 1.92465 -0.339359
138.2 1.89668 -0.261049
138.3 1.86777 -0.183906
138.4 1.83799 -0.107965
138.5 1.80736 -0.0332618
138.6 1.77584 0.0401678
138.7 1.74336 0.112286
138.8 1.70986 0.183053
138.9 1.67524 0.252424
139 1.63938 0.320351
139.1 1.60217 0.386781
139.2 1.56344 0.451656
139.3 1.52301 0.514909
139.4 1.48066 0.576467
139.5 1.43612 0.636245
139.6 1.38907 0.694148
139.7 1.33911 0.750064
139.8 1.28572 0.803864
139.9 1.22828 0.855396
140 1.16595 0.904476
140.1 1.09763 0.950884
140.2 1.02189 0.994345
140.3 0.936722 1.03452
140.4 0.839384 1.07096
140.5 0.725972 1.1031
140.6 0.590885 1.13017
140.7 0.426044 1.15113
140.8 0.220036 1.16453
140.9 -0.0419666 1.1684
141 -0.374453 1.16012
141.1 -0.777243 1.13672
141.2 -1.20882 1.09599
141.3 -1.58279 1.03843
141.4 -1.83172 0.967986
141.5 -1.96026 0.889916
141.6 -2.01129 0.808322
141.7 -2.02166 0.725576
141.8 -2.01242 0.642861
141.9 -1.99384 0.560742
142 -1.97067 0.47949
142.1 -1.94503 0.399243
142.2 -1.9179 0.32008
142.3 -1.88968 0.242052
142.4 -1.86056 0.1652
142.5 -1.83057 0.0895584
142.6 -1.79973 0.0151638
142.7 -1.76798 -0.0579483
142.8 -1.73526 -0.12974
142.9 -1.70149 -0.200169
143 -1.66658 -0.269191
143.1 -1.6304 -0.336757
143.2 -1.59283 -0.402812
143.3 -1.5537 -0.467296
143.4 -1.51283 -0.530141
143.5 -1.46997 -0.591271
143.6 -1.42485 -0.6506
143.7 -1.37712 -0.708027
143.8 -1.32638 -0.763437
143.9 -1.27206 -0.816698
144 -1.21351 -0.867647
144.1 -1.14982 -0.916095
144.2 -1.07984 -0.961809
144.3 -1.002 -1.0045
144.4 -0.914141 -1.0438
144.5 -0.813283 -1.07925
144.6 -0.695162 -1.11023
144.7 -0.553651 -1.13591
144.8 -0.379928 -1.15517
144.9 -0.161681 -1.16645
145 0.116445 -1.16761
145.1 0.467257 -1.1559
145.2 0.883055 -1.12839
145.3 1.30931 -1.08335
145.4 1.65632 -1.02217
145.5 1.87286 -0.949388
145.6 1.97823 -0.870147
145.7 2.01654 -0.788108
145.8 2.02068 -0.705292
145.9 2.00849 -0.622686
146 1.98848 -0.540761
146.1 1.96457 -0.459745
146.2 1.93851 -0.379758
146.3 1.91108 -0.300868
146.4 1.88263 -0.223125
146.5 1.85329 -0.146566
146.6 1.8231 -0.0712267
146.7 1.79204 0.00285732
146.8 1.76006 0.0756497
146.9 1.72709 0.147111
147 1.69305 0.2172
147.1 1.65784 0.285871
147.2 1.62134 0.353072
147.3 1.5834 0.418748
147.4 1.54387 0.482837
147.5 1.50252 0.54527
147.6 1.45914 0.605968
147.7 1.41342 0.66484
147.8 1.365 0.721785
147.9 1.31343 0.776682
148 1.25815 0.829393
148.1 1.19843 0.879749
148.2 1.13332 0.927551
148.3 1.06158 0.972554
148.4 0.981508 1.01445
148.5 0.890787 1.05286
148.6 0.786155 1.08728
148.7 0.662963 1.11705
148.8 0.514503 1.14128
148.9 0.33116 1.15874
149 0.0997334 1.16776
149.1 -0.195367 1.16605
149.2 -0.564198 1.15073
149.3 -0.989722 1.119
149.4 -1.40483 1.06973
149.5 -1.72164 1.00521
149.6 -1.90724 0.930411
149.7 -1.99226 0.850218
149.8 -2.01982 0.767853
149.9 -2.01877 0.685023
150 -2.00411 0.602552
150.1 -1.9829 0.520834
150.2 -1.95835 0.440062
150.3 -1.9319 0.360339
150.4 -1.9042 0.281726
150.5 -1.87553 0.204269
150.6 -1.84598 0.128005
150.7 -1.81558 0.0529702
150.8 -1.7843 -0.020801
150.9 -1.75208 -0.0932712
151 -1.71886 -0.164401
151.1 -1.68454 -0.234147
151.2 -1.64903 -0.302462
151.3 -1.61219 -0.369295
151.4 -1.57388 -0.434589
151.5 -1.53392 -0.49828
151.6 -1.4921 -0.560295
151.7 -1.44817 -0.620555
151.8 -1.40183 -0.678965
151.9 -1.35268 -0.735421
152 -1.30026 -0.789796
152.1 -1.24397 -0.841947
152.2 -1.18303 -0.891698
152.3 -1.11643 -0.938839
152.4 -1.04282 -0.983113
152.5 -0.960387 -1.0242
152.6 -0.866605 -1.06168
152.7 -0.757925 -1.09503
152.8 -0.629262 -1.12353
152.9 -0.473282 -1.14623
153 -0.279525 -1.16181
153.1 -0.0339518 -1.16844
153.2 0.278829 -1.16367
153.3 0.664808 -1.14457
153.4 1.09591 -1.10853
153.5 1.49413 -1.05518
153.6 1.77874 -0.98764
153.7 1.93557 -0.91112
153.8 2.00293 -0.830166
153.9 2.02144 -0.747573
154 2.01607 -0.664777
154.1 1.99935 -0.582465
154.2 1.97712 -0.500965
154.3 1.95201 -0.420443
154.4 1.92522 -0.340986
154.5 1.89727 -0.262653
154.6 1.86837 -0.185485
154.7 1.83862 -0.109518
154.8 1.808 -0.0347895
154.9 1.7765 0.0386667
155 1.74404 0.110812
155.1 1.71056 0.181607
155.2 1.67596 0.251008
155.3 1.64014 0.318965
155.4 1.60295 0.385427
155.5 1.56425 0.450334
155.6 1.52386 0.513622
155.7 1.48155 0.575215
155.8 1.43706 0.635031
155.9 1.39007 0.692973
156 1.34017 0.748932
156.1 1.28686 0.802777
156.2 1.22951 0.854357
156.3 1.16729 0.90349
156.4 1.09911 0.949955
156.5 1.02354 0.993481
156.6 0.93859 1.03372
156.7 0.841538 1.07025
156.8 0.728507 1.10249
156.9 0.593938 1.12967
157 0.429813 1.15077
157.1 0.224794 1.16434
157.2 -0.0358921 1.16843
157.3 -0.366836 1.16044
157.4 -0.768408 1.13738
157.5 -1.20018 1.09701
157.6 -1.57622 1.03977
157.7 -1.82792 0.969533
157.8 -1.95855 0.891572
157.9 -2.01075 0.810022
158 -2.0217 0.727284
158.1 -2.01272 0.644562
158.2 -1.99428 0.562427
158.3 -1.97118 0.481155
158.4 -1.94558 0.400887
158.5 -1.91847 0.321701
158.6 -1.89027 0.243649
158.7 -1.86117 0.166772
158.8 -1.8312 0.0911058
158.9 -1.80037 0.016685
159 -1.76864 -0.0564539
159.1 -1.73594 -0.128273
159.2 -1.7022 -0.19873
159.3 -1.66731 -0.267782
159.4 -1.63116 -0.335378
159.5 -1.59362 -0.401465
159.6 -1.55453 -0.465982
159.7 -1.51369 -0.528862
159.8 -1.47087 -0.590029
159.9 -1.4258 -0.649395
160 -1.37814 -0.706862
160.1 -1.32746 -0.762316
160.2 -1.27322 -0.815622
160.3 -1.21476 -0.866621
160.4 -1.15119 -0.915123
160.5 -1.08136 -0.960896
160.6 -1.00369 -1.00365
160.7 -0.916072 -1.04303
160.8 -0.81552 -1.07856
160.9 -0.697809 -1.10964
161 -0.556859 -1.13545
161.1 -0.383912 -1.15485
161.2 -0.166731 -1.16631
161.3 0.110003 -1.1677
161.4 0.459277 -1.15629
161.5 0.874093 -1.12914
161.6 1.30102 -1.08445
161.7 1.65044 -1.02357
161.8 1.86967 -0.95097
161.9 1.97688 -0.871818
162 2.01618 -0.789813
162.1 2.0208 -0.707
162.2 2.00884 -0.624383
162.3 1.98894 -0.542441
162.4 1.96509 -0.461406
162.5 1.93906 -0.381396
162.6 1.91166 -0.302484
162.7 1.88323 -0.224716
162.8 1.85391 -0.148132
162.9 1.82373 -0.0727677
163 1.79269 0.00134256
163.1 1.76073 0.0741619
163.2 1.72778 0.145651
163.3 1.69377 0.215769
163.4 1.65858 0.284469
163.5 1.62211 0.351701
163.6 1.5842 0.41741
163.7 1.5447 0.481532
163.8 1.5034 0.544
163.9 1.46006 0.604734
164 1.41439 0.663645
164.1 1.36603 0.720631
164.2 1.31453 0.775572
164.3 1.25933 0.828329
164.4 1.19971 0.878736
164.5 1.13473 0.926593
164.6 1.06313 0.971656
164.7 0.983257 1.01362
164.8 0.892785 1.05211
164.9 0.788482 1.08661
165 0.665731 1.11649
165.1 0.517878 1.14084
165.2 0.335375 1.15846
165.3 0.105095 1.16768
165.4 -0.188546 1.16621
165.5 -0.555884 1.1512
165.6 -0.980737 1.11983
165.7 -1.39701 1.07091
165.8 -1.71645 1.00667
165.9 -1.90459 0.932022
166 -1.99122 0.851901
166.1 -2.01961 0.76956
166.2 -2.01896 0.686729
166.3 -2.00449 0.604246
166.4 -1.98337 0.52251
166.5 -1.95887 0.441718
166.6 -1.93246 0.361971
166.7 -1.90478 0.283335
166.8 -1.87613 0.205854
166.9 -1.8466 0.129566
167 -1.81621 0.0545049
167.1 -1.78495 -0.0192928
167.2 -1.75275 -0.0917902
167.3 -1.71955 -0.162948
167.4 -1.68526 -0.232723
167.5 -1.64977 -0.301068
167.6 -1.61296 -0.367933
167.7 -1.57468 -0.433259
167.8 -1.53476 -0.496983
167.9 -1.49298 -0.559034
168 -1.4491 -0.61933
168.1 -1.40281 -0.67778
168.2 -1.35373 -0.734277
168.3 -1.30138 -0.788697
168.4 -1.24517 -0.840895
168.5 -1.18434 -0.890697
168.6 -1.11786 -0.937895
168.7 -1.04442 -0.982231
168.8 -0.962191 -1.02338
168.9 -0.868675 -1.06094
169 -0.760347 -1.09438
169.1 -0.632161 -1.123
169.2 -0.476837 -1.14583
169.3 -0.283989 -1.16157
169.4 -0.0396455 -1.16841
169.5 0.271624 -1.16391
169.6 0.656208 -1.14513
169.7 1.08702 -1.10945
169.8 1.48687 -1.05644
169.9 1.77425 -0.989142
170 1.9334 -0.912755
170.1 2.00215 -0.831858
170.2 2.02136 -0.749281
170.3 2.01633 -0.666481
170.4 1.99977 -0.584155
170.5 1.97761 -0.502637
170.6 1.95255 -0.422092
170.7 1.92579 -0.342613
170.8 1.89785 -0.264256
170.9 1.86898 -0.187064
171 1.83924 -0.111073
171.1 1.80864 -0.0363177
171.2 1.77716 0.0371651
171.3 1.74472 0.109338
171.4 1.71126 0.180161
171.5 1.67669 0.249591
171.6 1.64089 0.317579
171.7 1.60373 0.384072
171.8 1.56507 0.449012
171.9 1.52471 0.512334
172 1.48244 0.573963
172.1 1.438 0.633816
172.2 1.39107 0.691798
172.3 1.34123 0.747799
172.4 1.288 0.801689
172.5 1.23074 0.853318
172.6 1.16863 0.902503
172.7 1.10059 0.949026
172.8 1.02518 0.992615
172.9 0.940452 1.03293
173 0.843684 1.06954
173.1 0.731032 1.10187
173.2 0.596979 1.12917
173.3 0.433565 1.1504
173.4 0.229528 1.16415
173.5 -0.029848 1.16846
173.6 -0.359251 1.16074
173.7 -0.759588 1.13802
173.8 -1.19151 1.09802
173.9 -1.56961 1.0411
174 -1.82408 0.971077
174.1 -1.9568 0.893227
174.2 -2.01019 0.811721
174.3 -2.02172 0.728993
174.4 -2.01303 0.646263
174.5 -1.99472 0.564113
174.6 -1.97168 0.482821
174.7 -1.94613 0.402531
174.8 -1.91904 0.323322
174.9 -1.89087 0.245247
175 -1.86177 0.168345
175.1 -1.83183 0.0926536
175.2 -1.80102 0.0182068
175.3 -1.7693 -0.0549589
175.4 -1.73663 -0.126805
175.5 -1.70291 -0.197292
175.6 -1.66804 -0.266373
175.7 -1.63192 -0.334
175.8 -1.59441 -0.400118
175.9 -1.55535 -0.464668
176 -1.51455 -0.527583
176.1 -1.47178 -0.588785
176.2 -1.42676 -0.64819
176.3 -1.37915 -0.705697
176.4 -1.32853 -0.761194
176.5 -1.27438 -0.814545
176.6 -1.21602 -0.865594
176.7 -1.15256 -0.91415
176.8 -1.08287 -0.959981
176.9 -1.00539 -1.0028
177 -0.917998 -1.04226
177.1 -0.817749 -1.07787
177.2 -0.700446 -1.10905
177.3 -0.560053 -1.13497
177.4 -0.387876 -1.15453
177.5 -0.171756 -1.16617
177.6 0.103593 -1.16779
177.7 0.451326 -1.15668
177.8 0.865138 -1.12987
177.9 1.2927 -1.08555
178 1.64451 -1.02496
178.1 1.86642 -0.952549
178.2 1.9755 -0.873489
178.3 2.01581 -0.791517
178.4 2.02092 -0.708708
178.5 2.00918 -0.626081
178.6 1.9894 -0.544122
178.7 1.96561 -0.463067
178.8 1.93961 -0.383035
178.9 1.91223 -0.3041
179 1.88382 -0.226308
179.1 1.85452 -0.149699
179.2 1.82436 -0.0743093
179.3 1.79334 -0.000172745
179.4 1.7614 0.0726736
179.5 1.72847 0.144191
179.6 1.69448 0.214337
179.7 1.65932 0.283067
179.8 1.62287 0.35033
179.9 1.585 0.41607
180 1.54553 0.480227
180.1 1.50427 0.542729
180.2 1.46097 0.6035
180.3 1.41535 0.662449
180.4 1.36705 0.719476
180.5 1.31563 0.774461
180.6 1.26051 0.827264
180.7 1.20099 0.877721
180.8 1.13613 0.925633
180.9 1.06469 0.970757
181 0.985002 1.01279
181.1 0.894777 1.05135
181.2 0.7908 1.08595
181.3 0.668488 1.11592
181.4 0.521238 1.1404
181.5 0.33957 1.15818
181.6 0.11043 1.16759
181.7 -0.181757 1.16637
181.8 -0.547597 1.15167
181.9 -0.97175 1.12065
182 -1.38914 1.07209
182.1 -1.71121 1.00811
182.2 -1.9019 0.933631
182.3 -1.99015 0.853584
182.4 -2.01939 0.771267
182.5 -2.01915 0.688435
182.6 -2.00487 0.60594
182.7 -1.98385 0.524187
182.8 -1.9594 0.443373
182.9 -1.93302 0.363605
183 -1.90537 0.284945
183.1 -1.87673 0.20744
183.2 -1.84722 0.131127
183.3 -1.81685 0.05604
183.4 -1.7856 -0.017784
183.5 -1.75343 -0.0903087
183.6 -1.72025 -0.161494
183.7 -1.68598 -0.231298
183.8 -1.65052 -0.299674
183.9 -1.61374 -0.366569
184 -1.57549 -0.431928
184.1 -1.5356 -0.495686
184.2 -1.49387 -0.557772
184.3 -1.45003 -0.618105
184.4 -1.40379 -0.676594
184.5 -1.35477 -0.733132
184.6 -1.3025 -0.787597
184.7 -1.24638 -0.839842
184.8 -1.18564 -0.889696
184.9 -1.1193 -0.93695
185 -1.04602 -0.981347
185.1 -0.96399 -1.02257
185.2 -0.870739 -1.06021
185.3 -0.762761 -1.09374
185.4 -0.635049 -1.12246
185.5 -0.480377 -1.14543
185.6 -0.288432 -1.16133
185.7 -0.0453106 -1.16837
185.8 0.264451 -1.16413
185.9 0.64763 -1.14568
186 1.07812 -1.11037
186.1 1.47957 -1.05769
186.2 1.76969 -0.99064
186.3 1.93119 -0.914389
186.4 2.00134 -0.833551
186.5 2.02127 -0.75099
186.6 2.01657 -0.668185
186.7 2.00018 -0.585845
186.8 1.9781 -0.504308
186.9 1.95309 -0.423743
187 1.92635 -0.344241
187.1 1.89844 -0.26586
187.2 1.86958 -0.188644
187.3 1.83986 -0.112627
187.4 1.80928 -0.0378465
187.5 1.77781 0.0356629
187.6 1.7454 0.107863
187.7 1.71196 0.178715
187.8 1.67741 0.248174
187.9 1.64164 0.316192
188 1.60451 0.382716
188.1 1.56588 0.447689
188.2 1.52556 0.511045
188.3 1.48334 0.572709
188.4 1.43894 0.6326
188.5 1.39206 0.690622
188.6 1.34229 0.746665
188.7 1.28914 0.8006
188.8 1.23197 0.852277
188.9 1.16996 0.901515
189 1.10206 0.948095
189.1 1.02682 0.991748
189.2 0.94231 1.03213
189.3 0.845825 1.06882
189.4 0.733549 1.10125
189.5 0.600007 1.12866
189.6 0.4373 1.15003
189.7 0.234239 1.16396
189.8 -0.023834 1.16848
189.9 -0.351697 1.16104
190 -0.750784 1.13866
190.1 -1.18282 1.09902
190.2 -1.56293 1.04242
190.3 -1.82018 0.972617
190.4 -1.95502 0.894881
190.5 -2.00961 0.81342
190.6 -2.02174 0.730702
190.7 -2.01333 0.647964
190.8 -1.99516 0.565799
190.9 -1.97219 0.484488
191 -1.94667 0.404176
191.1 -1.91961 0.324945
191.2 -1.89146 0.246845
191.3 -1.86238 0.169919
191.4 -1.83245 0.094202
191.5 -1.80166 0.0197292
191.6 -1.76997 -0.0534633
191.7 -1.73731 -0.125337
191.8 -1.70361 -0.195852
191.9 -1.66877 -0.264963
192 -1.63268 -0.33262
192.1 -1.5952 -0.39877
192.2 -1.55617 -0.463354
192.3 -1.51541 -0.526302
192.4 -1.47268 -0.587541
192.5 -1.42771 -0.646983
192.6 -1.38016 -0.704531
192.7 -1.32961 -0.760071
192.8 -1.27554 -0.813468
192.9 -1.21727 -0.864566
193 -1.15393 -0.913175
193.1 -1.08438 -0.959066
193.2 -1.00708 -1.00195
193.3 -0.919917 -1.04148
193.4 -0.819971 -1.07718
193.5 -0.703074 -1.10846
193.6 -0.563234 -1.1345
193.7 -0.391822 -1.1542
193.8 -0.176755 -1.16602
193.9 0.0972136 -1.16788
194 0.443405 -1.15706
194.1 0.856191 -1.1306
194.2 1.28434 -1.08664
194.3 1.63851 -1.02635
194.4 1.86313 -0.954126
194.5 1.97409 -0.875158
194.6 2.01542 -0.79322
194.7 2.02103 -0.710416
194.8 2.00952 -0.627779
194.9 1.98986 -0.545804
195 1.96612 -0.464728
195.1 1.94016 -0.384675
195.2 1.91281 -0.305716
195.3 1.88442 -0.2279
195.4 1.85513 -0.151267
195.5 1.82499 -0.0758513
195.6 1.79399 -0.0016886
195.7 1.76206 0.0711847
195.8 1.72916 0.14273
195.9 1.69519 0.212905
196 1.66006 0.281665
196.1 1.62364 0.348958
196.2 1.5858 0.414731
196.3 1.54636 0.47892
196.4 1.50514 0.541457
196.5 1.46189 0.602265
196.6 1.41632 0.661253
196.7 1.36808 0.71832
196.8 1.31672 0.773348
196.9 1.26169 0.826198
197 1.20227 0.876706
197.1 1.13753 0.924672
197.2 1.06624 0.969856
197.3 0.986743 1.01196
197.4 0.896764 1.05059
197.5 0.79311 1.08528
197.6 0.671235 1.11536
197.7 0.524584 1.13996
197.8 0.343744 1.15789
197.9 0.115738 1.16749
198 -0.175001 1.16652
198.1 -0.539336 1.15213
198.2 -0.962761 1.12147
198.3 -1.38124 1.07326
198.4 -1.70591 1.00956
198.5 -1.89916 0.935238
198.6 -1.98906 0.855266
198.7 -2.01916 0.772973
198.8 -2.01933 0.690142
198.9 -2.00525 0.607635
199 -1.98433 0.525864
199.1 -1.95993 0.445029
199.2 -1.93358 0.365239
199.3 -1.90595 0.286556
199.4 -1.87733 0.209026
199.5 -1.84783 0.132688
199.6 -1.81748 0.0575758
199.7 -1.78626 -0.0162747
199.8 -1.7541 -0.0888265
199.9 -1.72094 -0.16004
200 -1.6867 -0.229873
