0 2 0
0.1 1.87168 0.0762714
0.2 1.79008 0.148535
0.3 1.72974 0.218047
0.4 1.67971 0.285404
0.5 1.63469 0.350895
0.6 1.59185 0.414656
0.7 1.54958 0.47674
0.8 1.50685 0.537147
0.9 1.46296 0.595843
1 1.41732 0.652773
1.1 1.36943 0.707855
1.2 1.31873 0.760991
1.3 1.26461 0.812058
1.4 1.20633 0.860906
1.5 1.14295 0.907353
1.6 1.07325 0.951175
1.7 0.995578 0.99209
1.8 0.907696 1.02974
1.9 0.806439 1.06367
2 0.68728 1.09326
2.1 0.543633 1.11768
2.2 0.365911 1.13579
2.3 0.140609 1.14598
2.4 -0.149102 1.14605
2.5 -0.51636 1.13316
2.6 -0.948588 1.10435
2.7 -1.37897 1.05817
2.8 -1.71112 0.996653
2.9 -1.90497 0.924737
3 -1.99247 0.847422
3.1 -2.02033 0.767967
3.2 -2.01925 0.688064
3.3 -2.00476 0.608506
3.4 -1.98399 0.529661
3.5 -1.9601 0.451706
3.6 -1.93446 0.374734
3.7 -1.90768 0.298799
3.8 -1.88001 0.22394
3.9 -1.85154 0.150191
4 -1.82228 0.0775834
4.1 -1.79221 0.00614797
4.2 -1.76128 -0.0640821
4.3 -1.72942 -0.133072
4.4 -1.69656 -0.200783
4.5 -1.66261 -0.267173
4.6 -1.62744 -0.332198
4.7 -1.59093 -0.395807
4.8 -1.55293 -0.457944
4.9 -1.51326 -0.518547
5 -1.4717 -0.577545
5.1 -1.42797 -0.634859
5.2 -1.38177 -0.690396
5.3 -1.33268 -0.744052
5.4 -1.28021 -0.795702
5.5 -1.22371 -0.845201
5.6 -1.16235 -0.892374
5.7 -1.09502 -0.937008
5.8 -1.02027 -0.97884
5.9 -0.936071 -1.01754
6 -0.8396 -1.05268
6.1 -0.726834 -1.0837
6.2 -0.591938 -1.10984
6.3 -0.426402 -1.13009
6.4 -0.218036 -1.14299
6.5 0.0492198 -1.14655
6.6 0.391169 -1.13811
6.7 0.806869 -1.11463
6.8 1.24824 -1.07395
6.9 1.62008 -1.01688
7 1.85688 -0.947685
7.1 1.97281 -0.871654
7.2 2.01544 -0.792647
7.3 2.02132 -0.712779
7.4 2.01005 -0.633067
7.5 1.99081 -0.553979
7.6 1.9677 -0.475738
7.7 1.94253 -0.398455
7.8 1.91607 -0.322194
7.9 1.88866 -0.246998
8 1.86043 -0.172903
8.1 1.83142 -0.0999385
8.2 1.8016 -0.0281367
8.3 1.77095 0.0424702
8.4 1.73939 0.111848
8.5 1.70685 0.179959
8.6 1.67324 0.246763
8.7 1.63846 0.312216
8.8 1.60239 0.376269
8.9 1.56487 0.438868
9 1.52574 0.499953
9.1 1.48478 0.559456
9.2 1.44176 0.6173
9.3 1.39636 0.673398
9.4 1.34822 0.727648
9.5 1.29685 0.779934
9.6 1.24168 0.830117
9.7 1.18192 0.87803
9.8 1.11658 0.923476
9.9 1.04432 0.966207
10 0.9633 1.00592
10.1 0.870991 1.04221
10.2 0.763794 1.07457
10.3 0.636515 1.10232
10.4 0.481578 1.12453
10.5 0.288026 1.13989
10.6 0.0408733 1.14659
10.7 -0.276749 1.14219
10.8 -0.671949 1.12367
10.9 -1.11422 1.08841
11 -1.51794 1.03609
11.1 -1.79843 0.97007
11.2 -1.94695 0.895652
11.3 -2.00749 0.81727
11.4 -2.02198 0.737522
11.5 -2.01468 0.657694
11.6 -1.99731 0.578381
11.7 -1.97514 0.499862
11.8 -1.95048 0.422274
11.9 -1.92437 0.345692
12 -1.89724 0.270162
12.1 -1.86926 0.195723
12.2 -1.84049 0.122405
12.3 -1.81092 0.0502399
12.4 -1.78053 -0.0207405
12.5 -1.74926 -0.0905025
12.6 -1.71703 -0.15901
12.7 -1.68377 -0.226223
12.8 -1.64936 -0.292099
12.9 -1.6137 -0.356591
13 -1.57665 -0.419647
13.1 -1.53803 -0.481207
13.2 -1.49767 -0.541208
13.3 -1.45532 -0.599574
13.4 -1.41069 -0.656223
13.5 -1.36344 -0.711057
13.6 -1.31313 -0.763965
13.7 -1.25921 -0.814815
13.8 -1.20097 -0.86345
13.9 -1.13748 -0.909684
14 -1.06753 -0.953285
14.1 -0.989454 -0.993967
14.2 -0.900967 -1.03137
14.3 -0.798847 -1.06501
14.4 -0.678465 -1.09428
14.5 -0.533083 -1.11832
14.6 -0.3529 -1.13596
14.7 -0.124161 -1.14558
14.8 0.170033 -1.14491
14.9 0.54203 -1.1311
15 0.976548 -1.10121
15.1 1.40329 -1.05398
15.2 1.72694 -0.991659
15.3 1.91274 -0.919285
15.4 1.99528 -0.841771
15.5 2.02064 -0.762262
15.6 2.01839 -0.682372
15.7 2.00337 -0.60286
15.8 1.98234 -0.524076
15.9 1.9583 -0.44619
16 1.93258 -0.36929
16.1 1.90573 -0.293431
16.2 1.878 -0.21865
16.3 1.84948 -0.144982
16.4 1.82016 -0.0724567
16.5 1.79003 -0.00110597
16.6 1.75904 0.0690369
16.7 1.72712 0.137937
16.8 1.69418 0.205555
16.9 1.66014 0.27185
17 1.62488 0.336776
17.1 1.58828 0.400282
17.2 1.55017 0.462312
17.3 1.51037 0.522803
17.4 1.46866 0.581684
17.5 1.42477 0.638874
17.6 1.37837 0.694281
17.7 1.32907 0.747798
17.8 1.27633 0.799301
17.9 1.21951 0.84864
18 1.15776 0.89564
18.1 1.08997 0.940084
18.2 1.01462 0.981704
18.3 0.929646 1.02016
18.4 0.832165 1.05503
18.5 0.718041 1.08573
18.6 0.581283 1.11149
18.7 0.413148 1.13127
18.8 0.201157 1.14358
18.9 -0.0709574 1.14638
19 -0.418559 1.13697
19.1 -0.838406 1.11231
19.2 -1.27821 1.0704
19.3 -1.64167 1.01229
19.4 -1.8686 0.942439
19.5 -1.97773 0.866092
19.6 -2.01676 0.786971
19.7 -2.02093 0.70709
19.8 -2.00887 0.62741
19.9 -1.98926 0.548377
20 -1.96597 0.470201
20.1 -1.94068 0.392989
20.2 -1.91415 0.316803
20.3 -1.88668 0.241685
20.4 -1.85839 0.167669
20.5 -1.82932 0.094786
20.6 -1.79945 0.0230682
20.7 -1.76873 -0.0474523
20.8 -1.7371 -0.116741
20.9 -1.70449 -0.18476
21 -1.67081 -0.25147
21.1 -1.63594 -0.316824
21.2 -1.59976 -0.380776
21.3 -1.56214 -0.443269
21.4 -1.52288 -0.504244
21.5 -1.48179 -0.563631
21.6 -1.43861 -0.621354
21.7 -1.39303 -0.677324
21.8 -1.34467 -0.731439
21.9 -1.29306 -0.783579
22 -1.23758 -0.833606
22.1 -1.17747 -0.881351
22.2 -1.11168 -0.926612
22.3 -1.03886 -0.969139
22.4 -0.957135 -1.00862
22.5 -0.8639 -1.04465
22.6 -0.755468 -1.07671
22.7 -0.626503 -1.1041
22.8 -0.469224 -1.12587
22.9 -0.272397 -1.14068
23 -0.020769 -1.14668
23.1 0.302392 -1.14137
23.2 0.702608 -1.12174
23.3 1.1455 -1.08523
23.4 1.5426 -1.03179
23.5 1.81299 -0.964985
23.6 1.95359 -0.89016
23.7 2.00966 -0.811614
23.8 2.02198 -0.73183
23.9 2.01369 -0.652024
24 1.99585 -0.572761
24.1 1.97345 -0.494305
24.2 1.94867 -0.416786
24.3 1.92247 -0.340277
24.4 1.89527 -0.264824
24.5 1.86723 -0.190464
24.6 1.83841 -0.117227
24.7 1.80879 -0.0451452
24.8 1.77833 0.0257496
24.9 1.747 0.0954234
25 1.7147 0.16384
25.1 1.68136 0.230959
25.2 1.64687 0.296739
25.3 1.61111 0.36113
25.4 1.57395 0.424081
25.5 1.53522 0.485533
25.6 1.49472 0.545419
25.7 1.45222 0.603667
25.8 1.40742 0.660189
25.9 1.35997 0.71489
26 1.30942 0.767656
26.1 1.25521 0.818354
26.2 1.19663 0.866825
26.3 1.13273 0.912879
26.4 1.06226 0.956283
26.5 0.983528 0.996744
26.6 0.894191 1.03389
26.7 0.790943 1.06725
26.8 0.669034 1.09617
26.9 0.52154 1.1198
27 0.338403 1.13693
27.1 0.105578 1.1459
27.2 -0.193899 1.1444
27.3 -0.571388 1.12953
27.4 -1.00837 1.09841
27.5 -1.43068 1.04999
27.6 -1.74459 0.986771
27.7 -1.92143 0.913886
27.8 -1.99852 0.836148
27.9 -2.02115 0.756572
28 -2.01763 0.676691
28.1 -2.00202 0.597222
28.2 -1.9807 0.518498
28.3 -1.95652 0.44068
28.4 -1.9307 0.363853
28.5 -1.90379 0.288069
28.6 -1.876 0.213367
28.7 -1.84741 0.139779
28.8 -1.81804 0.0673359
28.9 -1.78785 -0.00392986
29 -1.7568 -0.0739854
29.1 -1.72481 -0.142795
29.2 -1.6918 -0.210321
29.3 -1.65767 -0.27652
29.4 -1.62232 -0.341346
29.5 -1.58562 -0.404749
29.6 -1.54739 -0.466672
29.7 -1.50746 -0.52705
29.8 -1.46561 -0.585814
29.9 -1.42155 -0.64288
30 -1.37496 -0.698156
30.1 -1.32543 -0.751534
30.2 -1.27243 -0.802888
30.3 -1.21529 -0.852067
30.4 -1.15315 -0.898892
30.5 -1.08487 -0.943145
30.6 -1.00891 -0.984552
30.7 -0.923158 -1.02277
30.8 -0.824646 -1.05736
30.9 -0.709135 -1.08774
31 -0.57047 -1.11312
31.1 -0.399674 -1.13241
31.2 -0.183974 -1.14412
31.3 0.0930844 -1.14615
31.4 0.446338 -1.13575
31.5 0.870071 -1.10991
31.6 1.30777 -1.06676
31.7 1.66252 -1.00764
31.8 1.87971 -0.937162
31.9 1.9823 -0.860516
32 2.01791 -0.781291
32.1 2.02046 -0.701401
32.2 2.00766 -0.621757
32.3 1.9877 -0.542779
32.4 1.96422 -0.464669
32.5 1.93883 -0.387529
32.6 1.91222 -0.311417
32.7 1.88469 -0.236376
32.8 1.85635 -0.16244
32.9 1.82722 -0.0896395
33 1.79729 -0.0180058
33.1 1.76651 0.0524281
33.2 1.73481 0.121628
33.3 1.70213 0.189555
33.4 1.66836 0.256169
33.5 1.63341 0.321426
33.6 1.59713 0.385275
33.7 1.5594 0.447663
33.8 1.52002 0.508527
33.9 1.47879 0.567798
34 1.43545 0.625399
34.1 1.38968 0.681241
34.2 1.34111 0.735219
34.3 1.28924 0.787214
34.4 1.23347 0.837084
34.5 1.17298 0.88466
34.6 1.10675 0.929735
34.7 1.03336 0.972056
34.8 0.950911 1.0113
34.9 0.856732 1.04707
35 0.747038 1.07883
35.1 0.616349 1.10585
35.2 0.456672 1.12717
35.3 0.256491 1.14142
35.4 0.000298216 1.14671
35.5 -0.328442 1.14048
35.6 -0.733512 1.11972
35.7 -1.17654 1.08196
35.8 -1.56658 1.02741
35.9 -1.82688 0.95986
36 -1.9598 0.88465
36.1 -2.01162 0.805953
36.2 -2.02189 0.726138
36.3 -2.01265 0.646356
36.4 -1.99437 0.567144
36.5 -1.97174 0.488752
36.6 -1.94684 0.411303
36.7 -1.92056 0.334868
36.8 -1.8933 0.259492
36.9 -1.86521 0.18521
37 -1.83632 0.112055
37.1 -1.80665 0.0400565
37.2 -1.77613 -0.0307525
37.3 -1.74473 -0.100338
37.4 -1.71236 -0.168663
37.5 -1.67894 -0.235689
37.6 -1.64436 -0.301371
37.7 -1.60851 -0.365662
37.8 -1.57125 -0.428508
37.9 -1.5324 -0.48985
38 -1.49176 -0.549623
38.1 -1.44911 -0.60775
38.2 -1.40413 -0.664146
38.3 -1.35647 -0.718714
38.4 -1.30569 -0.771337
38.5 -1.2512 -0.821881
38.6 -1.19227 -0.870187
38.7 -1.12795 -0.916061
38.8 -1.05695 -0.959265
38.9 -0.977549 -0.999504
39 -0.887344 -1.0364
39.1 -0.782946 -1.06946
39.2 -0.659474 -1.09804
39.3 -0.509819 -1.12125
39.4 -0.323656 -1.13787
39.5 -0.0866553 -1.14617
39.6 0.218172 -1.14382
39.7 0.601075 -1.12788
39.8 1.04013 -1.09553
39.9 1.45748 -1.04593
40 1.76152 -0.981835
40.1 1.92962 -0.908464
40.2 2.00149 -0.830517
40.3 2.02153 -0.750882
40.4 2.01681 -0.671013
40.5 2.00064 -0.591589
40.6 1.97906 -0.512925
40.7 1.95472 -0.435175
40.8 1.92882 -0.358421
40.9 1.90183 -0.282713
41 1.87399 -0.208089
41.1 1.84535 -0.134581
41.2 1.81592 -0.0622212
41.3 1.78567 0.00895956
41.4 1.75455 0.0789276
41.5 1.72249 0.147647
41.6 1.6894 0.21508
41.7 1.6552 0.281183
41.8 1.61976 0.345909
41.9 1.58295 0.409209
42 1.54461 0.471024
42.1 1.50455 0.53129
42.2 1.46255 0.589935
42.3 1.41832 0.646877
42.4 1.37154 0.702022
42.5 1.32178 0.75526
42.6 1.2685 0.806464
42.7 1.21104 0.855482
42.8 1.14851 0.902132
42.9 1.07974 0.946191
43 1.00316 0.987384
43.1 0.916606 1.02536
43.2 0.817041 1.05967
43.3 0.700113 1.08972
43.4 0.559496 1.11471
43.5 0.385974 1.13352
43.6 0.16648 1.14461
43.7 -0.115605 1.14586
43.8 -0.474497 1.13445
43.9 -0.90183 1.10741
44 -1.33689 1.06303
44.1 -1.68263 1.00293
44.2 -1.89024 0.931854
44.3 -1.98654 0.854929
44.4 -2.0189 0.775609
44.5 -2.01992 0.695714
44.6 -2.00642 0.616107
44.7 -1.98612 0.537186
44.8 -1.96246 0.459142
44.9 -1.93697 0.382073
45 -1.91029 0.306037
45.1 -1.8827 0.231074
45.2 -1.8543 0.157217
45.3 -1.82512 0.0844988
45.4 -1.79513 0.0129496
45.5 -1.76428 -0.0573976
45.6 -1.73252 -0.126508
45.7 -1.69976 -0.194343
45.8 -1.66591 -0.260862
45.9 -1.63087 -0.32602
46 -1.5945 -0.389768
46.1 -1.55665 -0.452049
46.2 -1.51715 -0.512801
46.3 -1.47577 -0.571957
46.4 -1.43227 -0.629436
46.5 -1.38632 -0.685148
46.6 -1.33753 -0.738989
46.7 -1.28541 -0.790838
46.8 -1.22933 -0.84055
46.9 -1.16847 -0.887955
47 -1.10178 -0.932843
47.1 -1.02782 -0.974957
47.2 -0.944629 -1.01397
47.3 -0.849487 -1.04947
47.4 -0.738502 -1.08092
47.5 -0.606049 -1.10757
47.6 -0.443916 -1.12844
47.7 -0.240302 -1.14212
47.8 0.0205447 -1.14668
47.9 0.354897 -1.13952
48 0.764638 -1.11761
48.1 1.2073 -1.07861
48.2 1.58986 -1.02297
48.3 1.84009 -0.954697
48.4 1.9656 -0.879123
48.5 2.01338 -0.800287
48.6 2.02171 -0.720446
48.7 2.01157 -0.640692
48.8 1.99287 -0.561532
48.9 1.97003 -0.483204
49 1.94501 -0.405825
49.1 1.91865 -0.329464
49.2 1.89133 -0.254165
49.3 1.86317 -0.179963
49.4 1.83424 -0.106889
49.5 1.8045 -0.0349739
49.6 1.77393 0.0357491
49.7 1.74246 0.105246
49.8 1.71002 0.17348
49.9 1.67652 0.240412
50 1.64185 0.305996
50.1 1.60591 0.370186
50.2 1.56853 0.432927
50.3 1.52957 0.49416
50.4 1.4888 0.553818
50.5 1.44598 0.611825
50.6 1.40083 0.668094
50.7 1.35297 0.722527
50.8 1.30194 0.775007
50.9 1.24716 0.825398
51 1.18788 0.873537
51.1 1.12313 0.919229
51.2 1.0516 0.962233
51.3 0.971515 1.00225
51.4 0.880426 1.03889
51.5 0.774852 1.07166
51.6 0.649783 1.09989
51.7 0.497913 1.12267
51.8 0.308653 1.13876
51.9 0.0673871 1.14639
52 -0.242853 1.14317
52.1 -0.631074 1.12615
52.2 -1.0718 1.09256
52.3 -1.48367 1.04179
52.4 -1.77772 0.976852
52.5 -1.93732 0.903019
52.6 -2.00421 0.824877
52.7 -2.0218 0.74519
52.8 -2.01594 0.665336
52.9 -1.99924 0.585959
53 -1.97739 0.507356
53.1 -1.95292 0.429675
53.2 -1.92693 0.352994
53.3 -1.89988 0.277362
53.4 -1.87197 0.202816
53.5 -1.84328 0.129389
53.6 -1.81379 0.0571124
53.7 -1.78349 -0.0139831
53.8 -1.7523 -0.0838635
53.9 -1.72017 -0.152493
54 -1.68701 -0.219832
54.1 -1.65272 -0.285838
54.2 -1.61718 -0.350465
54.3 -1.58027 -0.413661
54.4 -1.54181 -0.475368
54.5 -1.50162 -0.535521
54.6 -1.45947 -0.594048
54.7 -1.41508 -0.650865
54.8 -1.3681 -0.705878
54.9 -1.31811 -0.758976
55 -1.26456 -0.810029
55.1 -1.20677 -0.858885
55.2 -1.14383 -0.905358
55.3 -1.07456 -0.949223
55.4 -0.997354 -0.9902
55.5 -0.909988 -1.02793
55.6 -0.80935 -1.06196
55.7 -0.690972 -1.09168
55.8 -0.548357 -1.11627
55.9 -0.372043 -1.13459
56 -0.148668 -1.14506
56.1 0.138524 -1.1455
56.2 0.503028 -1.13308
56.3 0.933649 -1.10483
56.4 1.36553 -1.05923
56.5 1.70201 -0.998162
56.6 1.9002 -0.926517
56.7 1.99046 -0.84933
56.8 2.01973 -0.769923
56.9 2.01932 -0.690028
57 2.00514 -0.61046
57.1 1.98452 -0.531598
57.2 1.9607 -0.453621
57.3 1.9351 -0.376624
57.4 1.90835 -0.300662
57.5 1.8807 -0.225777
57.6 1.85225 -0.152001
57.7 1.82301 -0.0793641
57.8 1.79296 -0.00789936
57.9 1.76205 0.0623609
58 1.73022 0.131382
58.1 1.69739 0.199125
58.2 1.66346 0.265548
58.3 1.62832 0.330608
58.4 1.59185 0.394252
58.5 1.55389 0.456427
58.6 1.51426 0.517068
58.7 1.47275 0.576107
58.8 1.42908 0.633463
58.9 1.38294 0.689045
59 1.33394 0.742749
59.1 1.28155 0.794451
59.2 1.22516 0.844005
59.3 1.16393 0.891238
59.4 1.09677 0.935938
59.5 1.02222 0.977842
59.6 0.938287 1.01662
59.7 0.842161 1.05186
59.8 0.729859 1.08298
59.9 0.5956 1.10926
60 0.430951 1.12967
60.1 0.223824 1.14277
60.2 -0.0417652 1.14659
60.3 -0.381754 1.13849
60.4 -0.795957 1.11541
60.5 -1.23775 1.07517
60.6 -1.61242 1.01846
60.7 -1.85266 0.949498
60.8 -1.97101 0.873581
60.9 -2.01494 0.794616
61 -2.02143 0.714755
61.1 -2.01045 0.635031
61.2 -1.99134 0.555924
61.3 -1.96831 0.47766
61.4 -1.94317 0.400353
61.5 -1.91674 0.324066
61.6 -1.88935 0.248844
61.7 -1.86114 0.174721
61.8 -1.83215 0.101728
61.9 -1.80235 0.0298973
62 -1.77172 -0.0407396
62.1 -1.74018 -0.110148
62.2 -1.70767 -0.178291
62.3 -1.67409 -0.245128
62.4 -1.63934 -0.310615
62.5 -1.60329 -0.374703
62.6 -1.56581 -0.437339
62.7 -1.52672 -0.498462
62.8 -1.48582 -0.558005
62.9 -1.44285 -0.615891
63 -1.39752 -0.672033
63.1 -1.34944 -0.726331
63.2 -1.29817 -0.778666
63.3 -1.24309 -0.828903
63.4 -1.18346 -0.876875
63.5 -1.11828 -0.922384
63.6 -1.0462 -0.965186
63.7 -0.965426 -1.00497
63.8 -0.873435 -1.04136
63.9 -0.766661 -1.07383
64 -0.639957 -1.1017
64.1 -0.48582 -1.12406
64.2 -0.293387 -1.1396
64.3 -0.0477668 -1.14655
64.4 0.267945 -1.14245
64.5 0.661369 -1.12433
64.6 1.10332 -1.0895
64.7 1.50923 -1.03757
64.8 1.79322 -0.971825
64.9 1.94455 -0.897554
65 2.00669 -0.819231
65.1 2.02195 -0.739498
65.2 2.01501 -0.659662
65.3 1.99781 -0.580333
65.4 1.97572 -0.501792
65.5 1.95111 -0.42418
65.6 1.92503 -0.347572
65.7 1.89792 -0.272016
65.8 1.86996 -0.19755
65.9 1.84121 -0.124204
66 1.81166 -0.0520096
66.1 1.78129 0.0190005
66.2 1.75004 0.088793
66.3 1.71784 0.157332
66.4 1.6846 0.224577
66.5 1.65023 0.290487
66.6 1.6146 0.355014
66.7 1.57758 0.418106
66.8 1.53901 0.479704
66.9 1.49869 0.539744
67 1.45639 0.598152
67.1 1.41182 0.654844
67.2 1.36464 0.709724
67.3 1.31442 0.762681
67.4 1.26059 0.813584
67.5 1.20247 0.862276
67.6 1.13912 0.908572
67.7 1.06935 0.952241
67.8 0.991498 0.992999
67.9 0.903303 1.03048
68 0.801569 1.06423
68.1 0.681709 1.09361
68.2 0.537049 1.11779
68.3 0.357874 1.13561
68.4 0.130532 1.14545
68.5 -0.161844 1.14508
68.6 -0.53192 1.13162
68.7 -0.965495 1.10216
68.8 -1.39366 1.05535
68.9 -1.72065 0.993343
69 -1.9096 0.921153
69.1 -1.99409 0.84372
69.2 -2.02043 0.764236
69.3 -2.01864 0.684345
69.4 -2.00383 0.604818
69.5 -1.9829 0.526013
69.6 -1.95892 0.448104
69.7 -1.93323 0.371179
69.8 -1.90641 0.295293
69.9 -1.8787 0.220486
70 -1.85019 0.146789
70.1 -1.8209 0.0742354
70.2 -1.79079 0.00285528
70.3 -1.75982 -0.0673179
70.4 -1.72792 -0.136249
70.5 -1.69501 -0.203899
70.6 -1.661 -0.270228
70.7 -1.62577 -0.335188
70.8 -1.5892 -0.39873
70.9 -1.55113 -0.460797
71 -1.51137 -0.521327
71.1 -1.46971 -0.580248
71.2 -1.42588 -0.637481
71.3 -1.37955 -0.692934
71.4 -1.33032 -0.746499
71.5 -1.27768 -0.798053
71.6 -1.22097 -0.847448
71.7 -1.15936 -0.894508
71.8 -1.09173 -0.939018
71.9 -1.01658 -0.980712
72 -0.931883 -1.01925
72.1 -0.834755 -1.05422
72.2 -0.721106 -1.08503
72.3 -0.584999 -1.11093
72.4 -0.417773 -1.13086
72.5 -0.20705 -1.14338
72.6 0.0633686 -1.14645
72.7 0.409008 -1.13737
72.8 0.827444 -1.11313
72.9 1.26785 -1.07164
73 1.63426 -1.01389
73.1 1.8646 -0.944264
73.2 1.97606 -0.868024
73.3 2.01632 -0.788941
73.4 2.02107 -0.709064
73.5 2.00928 -0.629373
73.6 1.9898 -0.550321
73.7 1.96657 -0.472122
73.8 1.94132 -0.394885
73.9 1.91481 -0.318673
74 1.88737 -0.243528
74.1 1.8591 -0.169485
74.2 1.83005 -0.0965737
74.3 1.8002 -0.0248267
74.4 1.7695 0.0457238
74.5 1.7379 0.115043
74.6 1.70531 0.183094
74.7 1.67165 0.249837
74.8 1.63681 0.315226
74.9 1.60068 0.379212
75 1.56309 0.441743
75.1 1.52387 0.502755
75.2 1.48283 0.562183
75.3 1.4397 0.619948
75.4 1.39419 0.675962
75.5 1.3459 0.730124
75.6 1.29438 0.782315
75.7 1.23901 0.832396
75.8 1.17902 0.8802
75.9 1.11339 0.925525
76 1.04076 0.968123
76.1 0.959281 1.00768
76.2 0.86637 1.04381
76.3 0.758369 1.07597
76.4 0.629994 1.10349
76.5 0.473534 1.12541
76.6 0.277853 1.14041
76.7 0.0277882 1.14666
76.8 -0.293445 1.14166
76.9 -0.691938 1.12242
77 -1.13467 1.08635
77.1 -1.53412 1.03329
77.2 -1.80802 0.966754
77.3 -1.95133 0.892068
77.4 -2.00894 0.813578
77.5 -2.02199 0.733806
77.6 -2.01404 0.653991
77.7 -1.99636 0.574711
77.8 -1.97403 0.496233
77.9 -1.9493 0.41869
78 -1.92313 0.342156
78.1 -1.89595 0.266677
78.2 -1.86794 0.192289
78.3 -1.83913 0.119024
78.4 -1.80953 0.0469128
78.5 -1.7791 -0.0240117
78.6 -1.74778 -0.0937161
78.7 -1.71551 -0.162164
78.8 -1.68219 -0.229316
78.9 -1.64773 -0.295129
79 -1.61201 -0.359556
79.1 -1.57489 -0.422543
79.2 -1.5362 -0.484032
79.3 -1.49575 -0.543959
79.4 -1.45329 -0.602247
79.5 -1.40856 -0.658814
79.6 -1.36117 -0.713561
79.7 -1.31071 -0.766376
79.8 -1.2566 -0.817127
79.9 -1.19814 -0.865655
80 -1.13438 -0.911772
80.1 -1.06409 -0.955244
80.2 -0.985591 -0.995782
80.3 -0.89655 -1.03302
80.4 -0.793697 -1.06647
80.5 -0.672322 -1.09552
80.6 -0.525567 -1.11929
80.7 -0.343463 -1.1366
80.8 -0.112066 -1.14579
80.9 0.185569 -1.14459
81 0.56116 -1.13008
81.1 0.997331 -1.09939
81.2 1.42124 -1.05138
81.3 1.73855 -0.988473
81.4 1.91847 -0.915763
81.5 1.99742 -0.838101
81.6 2.02098 -0.758547
81.7 2.0179 -0.678663
81.8 2.00249 -0.599179
81.9 1.98127 -0.520434
82 1.95714 -0.442592
82.1 1.93135 -0.36574
82.2 1.90446 -0.289929
82.3 1.87669 -0.2152
82.4 1.84813 -0.141584
82.5 1.81878 -0.0691126
82.6 1.78861 0.00218268
82.7 1.75758 0.0722686
82.8 1.72561 0.14111
82.9 1.69262 0.208667
83 1.65853 0.2749
83.1 1.62321 0.339761
83.2 1.58654 0.4032
83.3 1.54836 0.465159
83.4 1.50847 0.525577
83.5 1.46667 0.584381
83.6 1.42267 0.641491
83.7 1.37615 0.696812
83.8 1.32669 0.750239
83.9 1.27378 0.801644
84 1.21676 0.850879
84.1 1.15476 0.897765
84.2 1.08664 0.942084
84.3 1.0109 0.983565
84.4 0.925417 1.02187
84.5 0.827265 1.05655
84.6 0.71224 1.08704
84.7 0.574241 1.11256
84.8 0.404376 1.13202
84.9 0.189973 1.14394
85 -0.0853599 1.14624
85.1 -0.436653 1.13618
85.2 -0.859068 1.11075
85.3 -1.29756 1.06803
85.4 -1.65536 1.00926
85.5 -1.87592 0.938997
85.6 -1.98075 0.862453
85.7 -2.01753 0.783263
85.8 -2.02063 0.703375
85.9 -2.00809 0.623719
86 -1.98824 0.544722
86.1 -1.96483 0.466589
86.2 -1.93947 0.389423
86.3 -1.91289 0.313286
86.4 -1.88538 0.238218
86.5 -1.85706 0.164254
86.6 -1.82795 0.0914251
86.7 -1.79804 0.0197622
86.8 -1.76728 -0.0507018
86.9 -1.73561 -0.119932
87 -1.70295 -0.187891
87.1 -1.66921 -0.254539
87.2 -1.63429 -0.31983
87.3 -1.59805 -0.383715
87.4 -1.56035 -0.446139
87.5 -1.52101 -0.507041
87.6 -1.47983 -0.566353
87.7 -1.43654 -0.623996
87.8 -1.39085 -0.679882
87.9 -1.34235 -0.733908
88 -1.29057 -0.785954
88.1 -1.2349 -0.835878
88.2 -1.17454 -0.883513
88.3 -1.10847 -0.928652
88.4 -1.03528 -0.971045
88.5 -0.953078 -1.01037
88.6 -0.859229 -1.04623
88.7 -0.749975 -1.0781
88.8 -0.619889 -1.10525
88.9 -0.461051 -1.12672
89 -0.262044 -1.14117
89.1 -0.00744523 -1.14671
89.2 0.319354 -1.1408
89.3 0.72276 -1.12043
89.4 1.16579 -1.08311
89.5 1.55834 -1.02894
89.6 1.82213 -0.961643
89.7 1.95769 -0.886565
89.8 2.01097 -0.807919
89.9 2.02194 -0.728113
90 2.01302 -0.648323
90.1 1.99488 -0.569093
90.2 1.97233 -0.490678
90.3 1.94747 -0.413206
90.4 1.92123 -0.336745
90.5 1.89398 -0.261342
90.6 1.86591 -0.187033
90.7 1.83705 -0.113849
90.8 1.80739 -0.041822
90.9 1.7769 0.0290167
91 1.74552 0.0986329
91.1 1.71317 0.16699
91.2 1.67978 0.234048
91.3 1.64523 0.299764
91.4 1.60942 0.36409
91.5 1.57219 0.426972
91.6 1.53338 0.488353
91.7 1.49279 0.548165
91.8 1.45019 0.606334
91.9 1.40527 0.662774
92 1.35769 0.717388
92.1 1.30698 0.77006
92.2 1.25259 0.820658
92.3 1.19379 0.869022
92.4 1.12961 0.914958
92.5 1.0588 0.958232
92.6 0.97963 0.998548
92.7 0.889728 1.03553
92.8 0.785732 1.0687
92.9 0.662807 1.0974
93 0.513908 1.12075
93.1 0.328803 1.13755
93.2 0.0932619 1.14608
93.3 -0.2097 1.14403
93.4 -0.590734 1.12846
93.5 -1.02912 1.09654
93.6 -1.44825 1.04735
93.7 -1.75573 0.983554
93.8 -1.92683 0.910348
93.9 -2.00049 0.832472
94 -2.02141 0.752857
94.1 -2.0171 0.672983
94.2 -2.00112 0.593544
94.3 -1.97963 0.514859
94.4 -1.95535 0.437085
94.5 -1.92947 0.360305
94.6 -1.90251 0.284571
94.7 -1.87469 0.20992
94.8 -1.84607 0.136384
94.9 -1.81666 0.0639958
95 -1.78643 -0.00721451
95.1 -1.75533 -0.077213
95.2 -1.72329 -0.145964
95.3 -1.69023 -0.213429
95.4 -1.65606 -0.279565
95.5 -1.62065 -0.344326
95.6 -1.58387 -0.407662
95.7 -1.54557 -0.469514
95.8 -1.50556 -0.529819
95.9 -1.46361 -0.588506
96 -1.41945 -0.645491
96.1 -1.37273 -0.700681
96.2 -1.32305 -0.753968
96.3 -1.26987 -0.805224
96.4 -1.21252 -0.854298
96.5 -1.15012 -0.901009
96.6 -1.08152 -0.945136
96.7 -1.00516 -0.986403
96.8 -0.918887 -1.02446
96.9 -0.81969 -1.05887
97 -0.703258 -1.08904
97.1 -0.563324 -1.11416
97.2 -0.390755 -1.13314
97.3 -0.172588 -1.14445
97.4 0.107744 -1.14596
97.5 0.464681 -1.13491
97.6 0.890798 -1.10829
97.7 1.32683 -1.06434
97.8 1.67574 -1.00457
97.9 1.88665 -0.933699
98 1.9851 -0.85687
98.1 2.01857 -0.777581
98.2 2.02012 -0.697688
98.3 2.00685 -0.618067
98.4 1.98667 -0.539127
98.5 1.96307 -0.46106
98.6 1.93761 -0.383966
98.7 1.91096 -0.307904
98.8 1.88339 -0.232914
98.9 1.85501 -0.15903
99 1.82585 -0.0862824
99.1 1.79588 -0.0147038
99.2 1.76506 0.0556735
99.3 1.73332 0.124815
99.4 1.70058 0.192682
99.5 1.66676 0.259234
99.6 1.63175 0.324427
99.7 1.59541 0.388209
99.8 1.5576 0.450527
99.9 1.51814 0.511319
100 1.47682 0.570514
100.1 1.43337 0.628036
100.2 1.38749 0.683793
100.3 1.33877 0.737682
100.4 1.28674 0.789581
100.5 1.23077 0.839349
100.6 1.17004 0.886813
100.7 1.10351 0.931766
100.8 1.02975 0.973952
100.9 0.946817 1.01305
101 0.85201 1.04864
101.1 0.741477 1.08019
101.2 0.609641 1.10698
101.3 0.448367 1.128
101.4 0.245954 1.14188
101.5 -0.0132678 1.1467
101.6 -0.345669 1.13986
101.7 -0.753811 1.11835
101.8 -1.19666 1.07978
101.9 -1.58186 1.02452
102 -1.83558 0.956493
102.1 -1.96363 0.881044
102.2 -2.01279 0.802254
102.3 -2.02178 0.722421
102.4 -2.01195 0.642658
102.5 -1.99339 0.56348
102.6 -1.97063 0.485129
102.7 -1.94564 0.407726
102.8 -1.91932 0.331339
102.9 -1.89201 0.256014
103 -1.86388 0.181784
103.1 -1.83496 0.108681
103.2 -1.80525 0.0367373
103.3 -1.77469 -0.0340155
103.4 -1.74325 -0.103543
103.5 -1.71083 -0.171809
103.6 -1.67736 -0.238773
103.7 -1.64273 -0.304392
103.8 -1.60681 -0.368616
103.9 -1.56948 -0.431394
104 -1.53055 -0.492665
104.1 -1.48983 -0.552363
104.2 -1.44707 -0.610412
104.3 -1.40198 -0.666725
104.4 -1.35419 -0.721205
104.5 -1.30324 -0.773734
104.6 -1.24856 -0.824179
104.7 -1.18941 -0.872376
104.8 -1.1248 -0.918131
104.9 -1.05346 -0.961205
105 -0.973616 -1.0013
105.1 -0.882835 -1.03803
105.2 -0.777672 -1.0709
105.3 -0.653162 -1.09925
105.4 -0.502066 -1.12218
105.5 -0.31389 -1.13845
105.6 -0.0741144 -1.14632
105.7 0.23424 -1.14341
105.8 0.620627 -1.12676
105.9 1.06082 -1.0936
106 1.47465 -1.04323
106.1 1.77218 -0.978587
106.2 1.9347 -0.904911
106.3 2.00329 -0.826836
106.4 2.02172 -0.747166
106.5 2.01625 -0.667306
106.6 1.99973 -0.587912
106.7 1.97797 -0.509289
106.8 1.95355 -0.431583
106.9 1.92758 -0.354877
107 1.90056 -0.279218
107.1 1.87267 -0.204646
107.2 1.844 -0.131191
107.3 1.81453 -0.0588849
107.4 1.78424 0.0122402
107.5 1.75308 0.082151
107.6 1.72097 0.150812
107.7 1.68784 0.218183
107.8 1.65358 0.284223
107.9 1.61808 0.348885
108 1.5812 0.412117
108.1 1.54278 0.473861
108.2 1.50264 0.534053
108.3 1.46054 0.592621
108.4 1.41621 0.649482
108.5 1.3693 0.704541
108.6 1.31938 0.757687
108.7 1.26593 0.808793
108.8 1.20825 0.857705
108.9 1.14546 0.90424
109 1.07636 0.948173
109.1 0.999374 0.989224
109.2 0.912292 1.02704
109.3 0.812029 1.06117
109.4 0.694158 1.091
109.5 0.552242 1.11573
109.6 0.376905 1.13422
109.7 0.154887 1.14491
109.8 -0.130524 1.14563
109.9 -0.493084 1.13357
110 -0.9226 1.10574
110.1 -1.35564 1.06056
110.2 -1.69537 0.999822
110.3 -1.8968 0.928372
110.4 -1.98914 0.851274
110.5 -2.01946 0.771897
110.6 -2.01953 0.692001
110.7 -2.00558 0.61242
110.8 -1.98507 0.533537
110.9 -1.96131 0.455537
111 -1.93575 0.378515
111.1 -1.90902 0.302527
111.2 -1.88139 0.227615
111.3 -1.85296 0.153811
111.4 -1.82374 0.0811457
111.5 -1.79371 0.00965153
111.6 -1.76283 -0.0606389
111.7 -1.73102 -0.129691
111.8 -1.69821 -0.197466
111.9 -1.66431 -0.263923
112 -1.62921 -0.329016
112.1 -1.59277 -0.392697
112.2 -1.55485 -0.454908
112.3 -1.51527 -0.515588
112.4 -1.4738 -0.574667
112.5 -1.43019 -0.632066
112.6 -1.38412 -0.687694
112.7 -1.33519 -0.741445
112.8 -1.28289 -0.793198
112.9 -1.22661 -0.842807
113 -1.16551 -0.8901
113.1 -1.09851 -0.934865
113.2 -1.02417 -0.976842
113.3 -0.940495 -1.0157
113.4 -0.844713 -1.05103
113.5 -0.732871 -1.08227
113.6 -0.599244 -1.10868
113.7 -0.435475 -1.12925
113.8 -0.229577 -1.14255
113.9 0.0343567 -1.14663
114 0.372387 -1.13885
114.1 0.785066 -1.11618
114.2 1.22722 -1.07637
114.3 1.60467 -1.02003
114.4 1.84837 -0.951306
114.5 1.96918 -0.875506
114.6 2.01442 -0.796585
114.7 2.02154 -0.71673
114.8 2.01084 -0.636996
114.9 1.99187 -0.55787
115 1.9689 -0.479584
115.1 1.94381 -0.402252
115.2 1.9174 -0.325939
115.3 1.89003 -0.25069
115.4 1.86185 -0.17654
115.5 1.83287 -0.103519
115.6 1.8031 -0.0316586
115.7 1.77248 0.0390082
115.8 1.74097 0.108447
115.9 1.70848 0.176622
116 1.67493 0.243492
116.1 1.64021 0.309012
116.2 1.6042 0.373136
116.3 1.56676 0.435808
116.4 1.52771 0.49697
116.5 1.48685 0.556552
116.6 1.44394 0.614481
116.7 1.39867 0.670667
116.8 1.35067 0.725012
116.9 1.29948 0.777397
117 1.24451 0.827687
117.1 1.185 0.875718
117.2 1.11996 0.921291
117.3 1.04808 0.964163
117.4 0.967546 1.00403
117.5 0.87587 1.0405
117.6 0.769515 1.07308
117.7 0.643383 1.10107
117.8 0.490039 1.12358
117.9 0.298715 1.13931
118 0.054617 1.1465
118.1 -0.25919 1.14271
118.2 -0.650822 1.12497
118.3 -1.0924 1.09057
118.4 -1.50043 1.03904
118.5 -1.78792 0.973575
118.6 -1.94209 0.899453
118.7 -2.00585 0.821192
118.8 -2.02191 0.741474
118.9 -2.01534 0.661631
119 -1.99831 0.582285
119.1 -1.9763 0.503723
119.2 -1.95174 0.426087
119.3 -1.92569 0.349453
119.4 -1.8986 0.273871
119.5 -1.87066 0.199377
119.6 -1.84193 0.126003
119.7 -1.8124 0.05378
119.8 -1.78205 -0.0172597
119.9 -1.75083 -0.0870827
120 -1.71865 -0.155653
120.1 -1.68544 -0.222931
120.2 -1.65109 -0.288875
120.3 -1.6155 -0.353436
120.4 -1.57851 -0.416564
120.5 -1.53998 -0.4782
120.6 -1.49971 -0.538279
120.7 -1.45746 -0.596728
120.8 -1.41296 -0.653464
120.9 -1.36585 -0.70839
121 -1.3157 -0.761396
121.1 -1.26197 -0.812351
121.2 -1.20396 -0.861101
121.3 -1.14076 -0.907458
121.4 -1.07116 -0.951195
121.5 -0.993536 -0.992029
121.6 -0.905631 -1.0296
121.7 -0.80428 -1.06344
121.8 -0.684938 -1.09294
121.9 -0.540993 -1.11727
122 -0.362819 -1.13526
122.1 -0.136864 -1.14532
122.2 0.153705 -1.14523
122.3 0.521852 -1.13214
122.4 0.954441 -1.1031
122.5 1.38395 -1.0567
122.6 1.71426 -0.995022
122.7 1.9064 -0.923017
122.8 1.99286 -0.845668
122.9 2.0202 -0.76621
123 2.01888 -0.686317
123.1 2.00429 -0.606776
123.2 1.98346 -0.527951
123.3 1.95954 -0.450018
123.4 1.93388 -0.373068
123.5 1.90708 -0.297156
123.6 1.87939 -0.222322
123.7 1.8509 -0.148597
123.8 1.82163 -0.0760148
123.9 1.79154 -0.00460533
124 1.76059 0.0655981
124.1 1.72872 0.13456
124.2 1.69584 0.202243
124.3 1.66185 0.268604
124.4 1.62666 0.333599
124.5 1.59012 0.397177
124.6 1.55209 0.459281
124.7 1.51238 0.51985
124.8 1.47077 0.578812
124.9 1.427 0.636088
125 1.38073 0.691585
125.1 1.33158 0.745199
125.2 1.27903 0.796804
125.3 1.22243 0.846254
125.4 1.16095 0.893374
125.5 1.09348 0.93795
125.6 1.01855 0.979718
125.7 0.934113 1.01834
125.8 0.837335 1.0534
125.9 0.724157 1.08432
126 0.588696 1.11035
126.1 0.422372 1.13045
126.2 0.212906 1.14317
126.3 -0.0558266 1.1465
126.4 -0.399504 1.13777
126.5 -0.816498 1.11393
126.6 -1.25745 1.07287
126.7 -1.62676 1.01548
126.8 -1.86053 0.946084
126.9 -1.97435 0.869954
127 -2.01586 0.790911
127.1 -2.02121 0.711039
127.2 -2.00969 0.631337
127.3 -1.99034 0.552265
127.4 -1.96717 0.474044
127.5 -1.94196 0.396782
127.6 -1.91548 0.320545
127.7 -1.88805 0.245373
127.8 -1.85981 0.171301
127.9 -1.83078 0.0983621
128 -1.80095 0.026586
128.1 -1.77027 -0.0439945
128.2 -1.73869 -0.113345
128.3 -1.70613 -0.181428
128.4 -1.6725 -0.248203
128.5 -1.63769 -0.313626
128.6 -1.60159 -0.377648
128.7 -1.56403 -0.440215
128.8 -1.52486 -0.501266
128.9 -1.48387 -0.560734
129 -1.4408 -0.618541
129.1 -1.39534 -0.6746
129.2 -1.34713 -0.728809
129.3 -1.2957 -0.78105
129.4 -1.24043 -0.831185
129.5 -1.18056 -0.879047
129.6 -1.11509 -0.924437
129.7 -1.04265 -0.967105
129.8 -0.96142 -1.00674
129.9 -0.868831 -1.04296
130 -0.761259 -1.07523
130.1 -0.633468 -1.10287
130.2 -0.477821 -1.12494
130.3 -0.283275 -1.14013
130.4 -0.0347635 -1.14663
130.5 0.284548 -1.14195
130.6 0.681298 -1.12309
130.7 1.12381 -1.08745
130.8 1.52555 -1.03478
130.9 1.80296 -0.968519
131 1.94903 -0.893974
131.1 2.00818 -0.815541
131.2 2.02199 -0.735781
131.3 2.01438 -0.655959
131.4 1.99686 -0.576662
131.5 1.97462 -0.498162
131.6 1.94993 -0.420595
131.7 1.92379 -0.344035
131.8 1.89664 -0.268529
131.9 1.86864 -0.194114
132 1.83985 -0.120821
132.1 1.81027 -0.0486812
132.2 1.77986 0.0222731
132.3 1.74857 0.0920081
132.4 1.71632 0.160488
132.5 1.68303 0.227672
132.6 1.6486 0.293519
132.7 1.61291 0.35798
132.8 1.57582 0.421004
132.9 1.53718 0.482531
133 1.49677 0.542497
133.1 1.45437 0.600827
133.2 1.40969 0.657437
133.3 1.36238 0.71223
133.4 1.312 0.765095
133.5 1.25799 0.815898
133.6 1.19964 0.864484
133.7 1.13603 0.910662
133.8 1.06592 0.954203
133.9 0.987647 0.994818
134 0.898902 1.03214
134.1 0.79644 1.0657
134.2 0.675594 1.09486
134.3 0.529572 1.11877
134.4 0.348493 1.13626
134.5 0.118513 1.14568
134.6 -0.177289 1.14476
134.7 -0.550973 1.13063
134.8 -0.986285 1.10036
134.9 -1.41173 1.05277
135 -1.73242 0.990169
135.1 -1.91545 0.917636
135.2 -1.9963 0.840052
135.3 -2.02081 0.760522
135.4 -2.01816 0.680635
135.5 -2.00296 0.601136
135.6 -1.98184 0.52237
135.7 -1.95776 0.444504
135.8 -1.93201 0.367627
135.9 -1.90514 0.291791
136 -1.87739 0.217034
136.1 -1.84885 0.14339
136.2 -1.81951 0.07089
136.3 -1.78937 -0.00043476
136.4 -1.75835 -0.070551
136.5 -1.72641 -0.139423
136.6 -1.69345 -0.207013
136.7 -1.65939 -0.273279
136.8 -1.6241 -0.338174
136.9 -1.58746 -0.401649
137 -1.54932 -0.463646
137.1 -1.50948 -0.524103
137.2 -1.46773 -0.582948
137.3 -1.42379 -0.6401
137.4 -1.37733 -0.695467
137.5 -1.32796 -0.748942
137.6 -1.27514 -0.800399
137.7 -1.21822 -0.84969
137.8 -1.15636 -0.896636
137.9 -1.08841 -0.941021
138 -1.01288 -0.982577
138.1 -0.927669 -1.02096
138.2 -0.829874 -1.05574
138.3 -0.71533 -1.08635
138.4 -0.577993 -1.11199
138.5 -0.409051 -1.13162
138.6 -0.195935 -1.14375
138.7 0.0776828 -1.14632
138.8 0.427014 -1.1366
138.9 0.848078 -1.11159
139 1.28729 -1.06929
139.1 1.64812 -1.01087
139.2 1.87206 -0.940829
139.3 1.97916 -0.864388
139.4 2.01713 -0.785234
139.5 2.0208 -0.70535
139.6 2.00851 -0.625681
139.7 1.98879 -0.546665
139.8 1.96543 -0.468509
139.9 1.94011 -0.391319
140 1.91356 -0.315155
140.1 1.88607 -0.240061
140.2 1.85777 -0.166069
140.3 1.82868 -0.0932114
140.4 1.79879 -0.0215194
140.5 1.76805 0.0489747
140.6 1.7364 0.118236
140.7 1.70377 0.186227
140.8 1.67006 0.252908
140.9 1.63516 0.318233
141 1.59896 0.382153
141.1 1.5613 0.444614
141.2 1.52201 0.505555
141.3 1.48087 0.564907
141.4 1.43764 0.622592
141.5 1.39201 0.678523
141.6 1.34358 0.732596
141.7 1.29189 0.784692
141.8 1.23633 0.834671
141.9 1.1761 0.882364
142 1.11018 0.927569
142.1 1.03719 0.970033
142.2 0.955238 1.00944
142.3 0.861716 1.04539
142.4 0.752901 1.07736
142.5 0.623413 1.10464
142.6 0.465407 1.12627
142.7 0.267562 1.14091
142.8 0.0145477 1.14669
142.9 -0.310316 1.14111
143 -0.712034 1.12113
143.1 -1.15502 1.08424
143.2 -1.55001 1.03045
143.3 -1.81731 0.963422
143.4 -1.95553 0.888477
143.5 -2.01029 0.809884
143.6 -2.02197 0.730089
143.7 -2.01338 0.65029
143.8 -1.9954 0.571043
143.9 -1.97293 0.492606
144 -1.94811 0.415109
144.1 -1.92189 0.338622
144.2 -1.89467 0.263193
144.3 -1.86661 0.188857
144.4 -1.83777 0.115645
144.5 -1.80813 0.0435883
144.6 -1.77766 -0.0272802
144.7 -1.7463 -0.0969271
144.8 -1.71398 -0.165316
144.9 -1.68062 -0.232406
145 -1.6461 -0.298156
145.1 -1.61032 -0.362517
145.2 -1.57313 -0.425436
145.3 -1.53436 -0.486854
145.4 -1.49382 -0.546706
145.5 -1.45127 -0.604916
145.6 -1.40641 -0.6614
145.7 -1.3589 -0.71606
145.8 -1.30828 -0.768783
145.9 -1.25399 -0.819434
146 -1.1953 -0.867855
146.1 -1.13127 -0.913854
146.2 -1.06064 -0.957196
146.3 -0.981705 -0.99759
146.4 -0.892104 -1.03466
146.5 -0.788507 -1.06793
146.6 -0.666124 -1.09675
146.7 -0.517975 -1.12025
146.8 -0.33392 -1.13722
146.9 -0.0998271 -1.14599
147 0.201279 -1.14423
147.1 0.580433 -1.12903
147.2 1.01809 -1.09754
147.3 1.43894 -1.04876
147.4 1.74985 -0.985267
147.5 1.92399 -0.91223
147.6 1.99945 -0.834427
147.7 2.02128 -0.754832
147.8 2.01739 -0.674954
147.9 2.0016 -0.595499
148 1.9802 -0.516793
148.1 1.95597 -0.438996
148.2 1.93012 -0.362191
148.3 1.90319 -0.28643
148.4 1.87538 -0.211752
148.5 1.84678 -0.138189
148.6 1.81739 -0.0657711
148.7 1.78719 0.00546872
148.8 1.75611 0.0754976
148.9 1.7241 0.14428
149 1.69106 0.211777
149.1 1.65692 0.277947
149.2 1.62154 0.342743
149.3 1.5848 0.406114
149.4 1.54654 0.468004
149.5 1.50657 0.528348
149.6 1.46467 0.587075
149.7 1.42057 0.644103
149.8 1.37392 0.69934
149.9 1.32431 0.752675
150 1.27123 0.803983
150.1 1.21399 0.853113
150.2 1.15173 0.899885
150.3 1.08331 0.944078
150.4 1.00716 0.98542
150.5 0.921161 1.02357
150.6 0.822329 1.05807
150.7 0.706389 1.08835
150.8 0.567132 1.11361
150.9 0.395509 1.13276
151 0.178658 1.14428
151.1 -0.0999298 1.14607
151.2 -0.45491 1.13536
151.3 -0.879775 1.10916
151.4 -1.31672 1.06563
151.5 -1.66875 1.0062
151.6 -1.883 0.935542
151.7 -1.98363 0.858809
151.8 -2.01823 0.779554
151.9 -2.02031 0.699662
152 -2.00728 0.620028
152.1 -1.98722 0.541068
152.2 -1.96368 0.462978
152.3 -1.93826 0.38586
152.4 -1.91163 0.309771
152.5 -1.88408 0.234754
152.6 -1.85572 0.160842
152.7 -1.82658 0.0880667
152.8 -1.79663 0.0164589
152.9 -1.76583 -0.0539486
153 -1.73411 -0.123121
153.1 -1.70141 -0.19102
153.2 -1.66761 -0.257605
153.3 -1.63263 -0.322832
153.4 -1.59633 -0.38665
153.5 -1.55856 -0.449005
153.6 -1.51914 -0.509835
153.7 -1.47787 -0.569071
153.8 -1.43448 -0.626635
153.9 -1.38866 -0.682437
154 -1.34002 -0.736373
154.1 -1.28807 -0.788323
154.2 -1.2322 -0.838145
154.3 -1.17161 -0.885669
154.4 -1.10523 -0.930687
154.5 -1.03167 -0.972945
154.6 -0.948997 -1.01212
154.7 -0.854525 -1.04781
154.8 -0.744439 -1.07947
154.9 -0.613214 -1.10638
155 -0.452793 -1.12756
155.1 -0.251571 -1.14164
155.2 0.00603629 -1.14671
155.3 0.33649 -1.1402
155.4 0.743009 -1.11908
155.5 1.18598 -1.08095
155.6 1.57377 -1.02606
155.7 1.83099 -0.958285
155.8 1.96161 -0.882962
155.9 2.01218 -0.804221
156 2.02185 -0.724397
156.1 2.01232 -0.644624
156.2 1.99391 -0.565428
156.3 1.97122 -0.487054
156.4 1.94628 -0.409627
156.5 1.91998 -0.333215
156.6 1.8927 -0.257862
156.7 1.86458 -0.183605
156.8 1.83569 -0.110474
156.9 1.80599 -0.0385015
157 1.77546 0.0322812
157.1 1.74403 0.10184
157.2 1.71164 0.170137
157.3 1.6782 0.237134
157.4 1.6436 0.302786
157.5 1.60772 0.367046
157.6 1.57042 0.42986
157.7 1.53153 0.491169
157.8 1.49086 0.550907
157.9 1.44815 0.608997
158 1.40312 0.665355
158.1 1.3554 0.719881
158.2 1.30454 0.77246
158.3 1.24996 0.822958
158.4 1.19093 0.871213
158.5 1.12648 0.917031
158.6 1.05532 0.960175
158.7 0.975709 1.00034
158.8 0.885236 1.03716
158.9 0.780481 1.07014
159 0.656524 1.09861
159.1 0.506197 1.12169
159.2 0.319095 1.13814
159.3 0.0807996 1.14624
159.4 -0.225677 1.14363
159.5 -0.610217 1.12736
159.6 -1.04983 1.09463
159.7 -1.46556 1.04467
159.8 -1.76655 0.980316
159.9 -1.93202 0.906801
160 -2.00235 0.828793
160.1 -2.02163 0.749141
160.2 -2.01655 0.669276
160.3 -2.00021 0.589866
160.4 -1.97855 0.511221
160.5 -1.95417 0.433492
160.6 -1.92824 0.35676
160.7 -1.90124 0.281076
160.8 -1.87337 0.206476
160.9 -1.84472 0.132993
161 -1.81527 0.0606581
161.1 -1.785 -0.0104965
161.2 -1.75386 -0.0804378
161.3 -1.72178 -0.14913
161.4 -1.68867 -0.216534
161.5 -1.65444 -0.282607
161.6 -1.61897 -0.347304
161.7 -1.58213 -0.410571
161.8 -1.54375 -0.472353
161.9 -1.50366 -0.532585
162 -1.46161 -0.591194
162.1 -1.41733 -0.648098
162.2 -1.37049 -0.703202
162.3 -1.32066 -0.756398
162.4 -1.2673 -0.807556
162.5 -1.20974 -0.856524
162.6 -1.14708 -0.90312
162.7 -1.07816 -0.94712
162.8 -1.00139 -0.988247
162.9 -0.914589 -1.02615
163 -0.814698 -1.06037
163.1 -0.69733 -1.09032
163.2 -0.556108 -1.11519
163.3 -0.381738 -1.13385
163.4 -0.161067 -1.14476
163.5 0.122572 -1.14575
163.6 0.483184 -1.13404
163.7 0.911556 -1.10663
163.8 1.3457 -1.06188
163.9 1.68864 -1.00148
164 1.89334 -0.930225
164.1 1.98777 -0.853218
164.2 2.01917 -0.77387
164.3 2.01975 -0.693975
164.4 2.00603 -0.61438
164.5 1.98563 -0.535477
164.6 1.96192 -0.457453
164.7 1.9364 -0.380406
164.8 1.90969 -0.304393
164.9 1.88209 -0.229453
165 1.85367 -0.155621
165.1 1.82447 -0.0829279
165.2 1.79446 -0.0114044
165.3 1.7636 0.0589162
165.4 1.73182 0.127999
165.5 1.69904 0.195806
165.6 1.66516 0.262296
165.7 1.63009 0.327424
165.8 1.59369 0.39114
165.9 1.55581 0.453388
166 1.51627 0.514107
166.1 1.47485 0.573227
166.2 1.4313 0.630668
166.3 1.38529 0.686341
166.4 1.33643 0.74014
166.5 1.28423 0.791944
166.6 1.22805 0.841608
166.7 1.16709 0.88896
166.8 1.10025 0.933791
166.9 1.02611 0.975841
167 0.942696 1.01478
167.1 0.847255 1.0502
167.2 0.735871 1.08155
167.3 0.60287 1.10809
167.4 0.439973 1.12882
167.5 0.235294 1.14232
167.6 -0.0269941 1.14666
167.7 -0.363068 1.13921
167.8 -0.774197 1.11695
167.9 -1.21665 1.07756
168 -1.59683 1.02159
168.1 -1.844 0.953111
168.2 -1.96729 0.87743
168.3 -2.01387 0.798553
168.4 -2.02163 0.718705
168.5 -2.01123 0.638961
168.6 -1.9924 0.559817
168.7 -1.9695 0.481508
168.8 -1.94445 0.404151
168.9 -1.91807 0.327813
169 -1.89072 0.252537
169.1 -1.86255 0.178359
169.2 -1.8336 0.10531
169.3 -1.80384 0.0334207
169.4 -1.77325 -0.037276
169.5 -1.74176 -0.106746
169.6 -1.7093 -0.174952
169.7 -1.67577 -0.241855
169.8 -1.64108 -0.307409
169.9 -1.60511 -0.371568
170 -1.5677 -0.434277
170.1 -1.5287 -0.495477
170.2 -1.48789 -0.555099
170.3 -1.44503 -0.613069
170.4 -1.39982 -0.6693
170.5 -1.35189 -0.723691
170.6 -1.30079 -0.776127
170.7 -1.24592 -0.826471
170.8 -1.18653 -0.874559
170.9 -1.12165 -0.920196
171 -1.04995 -0.963138
171.1 -0.969659 -1.00308
171.2 -0.878296 -1.03965
171.3 -0.772358 -1.07232
171.4 -0.646793 -1.10044
171.5 -0.494235 -1.1231
171.6 -0.304012 -1.13902
171.7 -0.0614244 -1.14644
171.8 0.250484 -1.14296
171.9 0.640309 -1.1256
172 1.08145 -1.09163
172.1 1.49156 -1.0405
172.2 1.78254 -0.975319
172.3 1.93958 -0.90135
172.4 2.00499 -0.823151
172.5 2.02186 -0.743449
172.6 2.01566 -0.663601
172.7 1.9988 -0.584238
172.8 1.97688 -0.505654
172.9 1.95237 -0.427994
173 1.92635 -0.351335
173.1 1.89928 -0.275726
173.2 1.87136 -0.201205
173.3 1.84265 -0.127803
173.4 1.81314 -0.0555512
173.5 1.78282 0.0155182
173.6 1.75161 0.0853717
173.7 1.71946 0.153973
173.8 1.68627 0.221284
173.9 1.65196 0.287261
174 1.61639 0.351857
174.1 1.57945 0.415021
174.2 1.54096 0.476695
174.3 1.50073 0.536813
174.4 1.45853 0.595304
174.5 1.41409 0.652083
174.6 1.36704 0.707055
174.7 1.31698 0.76011
174.8 1.26335 0.811118
174.9 1.20545 0.859924
175 1.14239 0.906343
175.1 1.07297 0.950148
175.2 0.995568 0.991058
175.3 0.907951 1.02871
175.4 0.80698 1.06266
175.5 0.688152 1.09227
175.6 0.544917 1.11674
175.7 0.367735 1.1349
175.8 0.143157 1.14518
175.9 -0.145613 1.14538
176 -0.511826 1.13264
176.1 -0.943388 1.10402
176.2 -1.37419 1.05805
176.3 -1.70779 0.996694
176.4 -1.90313 0.924879
176.5 -1.9916 0.847615
176.6 -2.01996 0.768184
176.7 -2.01912 0.68829
176.8 -2.00474 0.608734
176.9 -1.98402 0.529889
177 -1.96015 0.451933
177.1 -1.93453 0.374958
177.2 -1.90776 0.29902
177.3 -1.88009 0.224158
177.4 -1.85162 0.150406
177.5 -1.82236 0.077795
177.6 -1.7923 0.00635611
177.7 -1.76137 -0.0638776
177.8 -1.72952 -0.132871
177.9 -1.69666 -0.200585
178 -1.66271 -0.26698
178.1 -1.62754 -0.332009
178.2 -1.59104 -0.395622
178.3 -1.55305 -0.457764
178.4 -1.51338 -0.518371
178.5 -1.47182 -0.577374
178.6 -1.42811 -0.634693
178.7 -1.38191 -0.690236
178.8 -1.33283 -0.743897
178.9 -1.28037 -0.795554
179 -1.22388 -0.845059
179.1 -1.16253 -0.892239
179.2 -1.09523 -0.936881
179.3 -1.0205 -0.978721
179.4 -0.936335 -1.01743
179.5 -0.839905 -1.05258
179.6 -0.727194 -1.08361
179.7 -0.592375 -1.10977
179.8 -0.426944 -1.13004
179.9 -0.218726 -1.14296
180 0.0483312 -1.14655
180.1 0.390047 -1.13815
180.2 0.805571 -1.11472
180.3 1.247 -1.0741
180.4 1.61917 -1.01707
180.5 1.85638 -0.947901
180.6 1.97259 -0.871883
180.7 2.01538 -0.792881
180.8 2.02133 -0.713014
180.9 2.0101 -0.6333
181 1.99087 -0.55421
181.1 1.96778 -0.475966
181.2 1.9426 -0.39868
181.3 1.91615 -0.322416
181.4 1.88874 -0.247218
181.5 1.86052 -0.173119
181.6 1.83151 -0.100151
181.7 1.80169 -0.0283459
181.8 1.77104 0.0422645
181.9 1.73948 0.111646
182 1.70695 0.17976
182.1 1.67334 0.246568
182.2 1.63857 0.312025
182.3 1.60249 0.376083
182.4 1.56498 0.438686
182.5 1.52585 0.499776
182.6 1.48491 0.559283
182.7 1.44189 0.617133
182.8 1.3965 0.673236
182.9 1.34836 0.727492
183 1.29701 0.779784
183.1 1.24185 0.829972
183.2 1.18211 0.877893
183.3 1.11679 0.923346
183.4 1.04454 0.966086
183.5 0.963553 1.0058
183.6 0.871282 1.04211
183.7 0.764136 1.07448
183.8 0.636925 1.10225
183.9 0.482083 1.12447
184 0.288665 1.13985
184.1 0.0416951 1.14659
184.2 -0.2757 1.14222
184.3 -0.670689 1.12375
184.4 -1.11293 1.08854
184.5 -1.51691 1.03627
184.6 -1.79782 0.970278
184.7 -1.94667 0.895878
184.8 -2.0074 0.817503
184.9 -2.02197 0.737757
185 -2.01472 0.657928
185.1 -1.99737 0.578613
185.2 -1.97521 0.500092
185.3 -1.95056 0.422501
185.4 -1.92445 0.345915
185.5 -1.89732 0.270383
185.6 -1.86934 0.19594
185.7 -1.84057 0.122619
185.8 -1.81101 0.0504502
185.9 -1.78062 -0.0205337
186 -1.74935 -0.0902993
186.1 -1.71713 -0.15881
186.2 -1.68387 -0.226027
186.3 -1.64947 -0.291908
186.4 -1.61381 -0.356404
186.5 -1.57676 -0.419463
186.6 -1.53815 -0.481029
186.7 -1.49779 -0.541034
186.8 -1.45544 -0.599405
186.9 -1.41083 -0.656059
187 -1.36358 -0.710899
187.1 -1.31328 -0.763812
187.2 -1.25937 -0.814668
187.3 -1.20115 -0.863311
187.4 -1.13768 -0.909552
187.5 -1.06775 -0.953161
187.6 -0.989697 -0.993852
187.7 -0.901245 -1.03126
187.8 -0.799171 -1.06492
187.9 -0.678852 -1.0942
188 -0.533556 -1.11825
188.1 -0.353493 -1.13592
188.2 -0.12492 -1.14556
188.3 0.169057 -1.14493
188.4 0.540826 -1.13116
188.5 0.975234 -1.10132
188.6 1.40215 -1.05414
188.7 1.7262 -0.991859
188.8 1.91237 -0.919507
188.9 1.99514 -0.842002
189 2.02061 -0.762497
189.1 2.01842 -0.682607
189.2 2.00342 -0.603093
189.3 1.98241 -0.524307
189.4 1.95838 -0.446418
189.5 1.93266 -0.369515
189.6 1.90581 -0.293652
189.7 1.87809 -0.218869
189.8 1.84956 -0.145197
189.9 1.82025 -0.0726681
190 1.79012 -0.0013139
190.1 1.75913 0.0688326
190.2 1.72721 0.137736
190.3 1.69428 0.205358
190.4 1.66024 0.271657
190.5 1.62499 0.336587
190.6 1.58839 0.400097
190.7 1.55028 0.462132
190.8 1.51049 0.522627
190.9 1.46878 0.581513
191 1.4249 0.638708
191.1 1.37852 0.694121
191.2 1.32922 0.747644
191.3 1.27649 0.799152
191.4 1.21968 0.848499
191.5 1.15795 0.895505
191.6 1.09018 0.939957
191.7 1.01485 0.981586
191.8 0.929912 1.02006
191.9 0.832473 1.05493
192 0.718406 1.08565
192.1 0.581726 1.11143
192.2 0.4137 1.13122
192.3 0.20186 1.14356
192.4 -0.0700527 1.14639
192.5 -0.417421 1.13702
192.6 -0.837102 1.11241
192.7 -1.27698 1.07054
192.8 -1.64079 1.01248
192.9 -1.86813 0.942657
193 -1.97753 0.866322
193.1 -2.01671 0.787205
193.2 -2.02095 0.707324
193.3 -2.00892 0.627643
193.4 -1.98933 0.548608
193.5 -1.96604 0.470429
193.6 -1.94076 0.393214
193.7 -1.91423 0.317025
193.8 -1.88676 0.241904
193.9 -1.85848 0.167884
194 -1.82941 0.0949985
194.1 -1.79954 0.0232772
194.2 -1.76882 -0.0472468
194.3 -1.7372 -0.116539
194.4 -1.70459 -0.184562
194.5 -1.67091 -0.251275
194.6 -1.63604 -0.316634
194.7 -1.59987 -0.38059
194.8 -1.56225 -0.443088
194.9 -1.523 -0.504067
195 -1.48191 -0.563459
195.1 -1.43874 -0.621187
195.2 -1.39317 -0.677162
195.3 -1.34482 -0.731283
195.4 -1.29322 -0.783429
195.5 -1.23775 -0.833462
195.6 -1.17765 -0.881215
195.7 -1.11189 -0.926483
195.8 -1.03909 -0.969018
195.9 -0.95739 -1.00851
196 -0.864194 -1.04455
196.1 -0.755813 -1.07662
196.2 -0.626919 -1.10403
196.3 -0.469738 -1.12581
196.4 -0.273047 -1.14064
196.5 -0.0216057 -1.14668
196.6 0.301326 -1.14141
196.7 0.701338 -1.12182
196.8 1.14421 -1.08537
196.9 1.5416 -1.03196
197 1.81241 -0.965195
197.1 1.95332 -0.890387
197.2 2.00958 -0.811848
197.3 2.02199 -0.732065
197.4 2.01373 -0.652258
197.5 1.99591 -0.572992
197.6 1.97352 -0.494534
197.7 1.94874 -0.417012
197.8 1.92255 -0.3405
197.9 1.89535 -0.265045
198 1.86732 -0.190681
198.1 1.83849 -0.117441
198.2 1.80887 -0.0453553
198.3 1.77843 0.025543
198.4 1.74709 0.0952205
198.5 1.71479 0.163641
198.6 1.68146 0.230764
198.7 1.64697 0.296547
198.8 1.61122 0.360943
198.9 1.57406 0.423898
199 1.53534 0.485354
199.1 1.49484 0.545246
199.2 1.45235 0.603498
199.3 1.40755 0.660026
199.4 1.36011 0.714732
199.5 1.30957 0.767504
199.6 1.25538 0.818208
199.7 1.19681 0.866686
199.8 1.13293 0.912748
199.9 1.06248 0.956159
200 0.983774 0.99663
