0 2 0
0.1 1.86848 0.0732899
0.2 1.78688 0.142678
0.3 1.72756 0.209443
0.4 1.67892 0.274182
0.5 1.63542 0.337181
0.6 1.59418 0.398576
0.7 1.55355 0.458419
0.8 1.51253 0.516712
0.9 1.47044 0.573427
1 1.42674 0.628512
1.1 1.38094 0.681898
1.2 1.33253 0.733494
1.3 1.28097 0.783191
1.4 1.22558 0.830858
1.5 1.16551 0.876332
1.6 1.09968 0.919417
1.7 1.0266 0.959866
1.8 0.944298 0.997369
1.9 0.849949 1.03152
2 0.739532 1.0618
2.1 0.607165 1.08749
2.2 0.444157 1.10759
2.3 0.237839 1.12072
2.4 -0.0289591 1.12491
2.5 -0.37409 1.11751
2.6 -0.798667 1.09543
2.7 -1.25242 1.05637
2.8 -1.63182 1.00114
2.9 -1.86755 0.934124
3 -1.97879 0.860661
3.1 -2.0175 0.784508
3.2 -2.02119 0.707646
3.3 -2.00905 0.630989
3.4 -1.98976 0.554949
3.5 -1.96706 0.479716
3.6 -1.94257 0.405384
3.7 -1.91695 0.332005
3.8 -1.89048 0.259618
3.9 -1.86328 0.188251
4 -1.83536 0.117933
4.1 -1.8067 0.0486894
4.2 -1.77726 -0.0194496
4.3 -1.747 -0.0864538
4.4 -1.71583 -0.15229
4.5 -1.68368 -0.216923
4.6 -1.65046 -0.280314
4.7 -1.61606 -0.342419
4.8 -1.58034 -0.403192
4.9 -1.54316 -0.462579
5 -1.50434 -0.520522
5.1 -1.46367 -0.576954
5.2 -1.42087 -0.631801
5.3 -1.37564 -0.684975
5.4 -1.32758 -0.736377
5.5 -1.27618 -0.78589
5.6 -1.22081 -0.833375
5.7 -1.16064 -0.878667
5.8 -1.09458 -0.921563
5.9 -1.02115 -0.961812
6 -0.938306 -0.999097
6.1 -0.8432 -1.03301
6.2 -0.731717 -1.06301
6.3 -0.597838 -1.08837
6.4 -0.43267 -1.10808
6.5 -0.223275 -1.12072
6.6 0.0477355 -1.12428
6.7 0.397883 -1.11608
6.8 0.826224 -1.093
6.9 1.27851 -1.05291
7 1.65018 -0.996814
7.1 1.8771 -0.929273
7.2 1.98251 -0.855569
7.3 2.01827 -0.779339
7.4 2.0206 -0.702477
7.5 2.00786 -0.625856
7.6 1.98829 -0.549867
7.7 1.96545 -0.474693
7.8 1.94087 -0.400424
7.9 1.91519 -0.327111
8 1.88868 -0.254792
8.1 1.86142 -0.183495
8.2 1.83345 -0.113247
8.3 1.80475 -0.0440773
8.4 1.77526 0.0239864
8.5 1.74493 0.0909131
8.6 1.7137 0.15667
8.7 1.68149 0.221221
8.8 1.64819 0.284526
8.9 1.6137 0.346544
9 1.57789 0.407225
9.1 1.54061 0.466517
9.2 1.50167 0.524361
9.3 1.46086 0.580689
9.4 1.41792 0.635426
9.5 1.37251 0.688485
9.6 1.32424 0.739764
9.7 1.2726 0.789145
9.8 1.21693 0.836488
9.9 1.15641 0.881626
10 1.0899 0.924352
10.1 1.0159 0.964413
10.2 0.93234 1.00149
10.3 0.83628 1.03516
10.4 0.723507 1.06487
10.5 0.587843 1.08989
10.6 0.420161 1.10917
10.7 0.207215 1.12127
10.8 -0.0686216 1.12413
10.9 -0.424443 1.11503
11 -0.856868 1.09085
11.1 -1.30719 1.04961
11.2 -1.6701 0.992573
11.3 -1.8874 0.924464
11.4 -1.98658 0.850499
11.5 -2.01919 0.774183
11.6 -2.02009 0.697317
11.7 -2.0067 0.620729
11.8 -1.98683 0.544791
11.9 -1.96384 0.469675
12 -1.93917 0.395469
12.1 -1.91343 0.322222
12.2 -1.88687 0.24997
12.3 -1.85957 0.178743
12.4 -1.83155 0.108567
12.5 -1.80279 0.0394703
12.6 -1.77325 -0.028518
12.7 -1.74287 -0.0953673
12.8 -1.71157 -0.161044
12.9 -1.67929 -0.225513
13 -1.64591 -0.288733
13.1 -1.61134 -0.350662
13.2 -1.57544 -0.411252
13.3 -1.53805 -0.470449
13.4 -1.49899 -0.528193
13.5 -1.45805 -0.584417
13.6 -1.41495 -0.639044
13.7 -1.36936 -0.691986
13.8 -1.32088 -0.743142
13.9 -1.26899 -0.79239
14 -1.21303 -0.839591
14.1 -1.15214 -0.884574
14.2 -1.08518 -0.92713
14.3 -1.01062 -0.967001
14.4 -0.926317 -1.00386
14.5 -0.829284 -1.03728
14.6 -0.715195 -1.06671
14.7 -0.577706 -1.09137
14.8 -0.40745 -1.11023
14.9 -0.190872 -1.12178
15 0.0898749 -1.12393
15.1 0.45137 -1.11391
15.2 0.887617 -1.08863
15.3 1.33545 -1.04623
15.4 1.68933 -0.988282
15.5 1.89716 -0.919629
15.6 1.99035 -0.845418
15.7 2.01997 -0.769024
15.8 2.01951 -0.692157
15.9 2.00551 -0.615605
16 1.98536 -0.539718
16.1 1.96223 -0.464661
16.2 1.93747 -0.390518
16.3 1.91167 -0.317337
16.4 1.88506 -0.245153
16.5 1.85771 -0.173996
16.6 1.82964 -0.103891
16.7 1.80083 -0.0348683
16.8 1.77123 0.0330445
16.9 1.74079 0.0998161
17 1.70943 0.165413
17.1 1.67708 0.229799
17.2 1.64363 0.292934
17.3 1.60897 0.354775
17.4 1.57297 0.415273
17.5 1.53548 0.474374
17.6 1.4963 0.532018
17.7 1.45522 0.588137
17.8 1.41197 0.642654
17.9 1.3662 0.69548
18 1.31751 0.746511
18.1 1.26537 0.795627
18.2 1.20911 0.842685
18.3 1.14785 0.887511
18.4 1.08043 0.929896
18.5 1.00529 0.969576
18.6 0.920238 1.00622
18.7 0.822213 1.03939
18.8 0.706778 1.06852
18.9 0.567422 1.09284
19 0.394531 1.11125
19.1 0.17424 1.12224
19.2 -0.1115 1.12367
19.3 -0.478658 1.11272
19.4 -0.918441 1.08632
19.5 -1.36326 1.04278
19.6 -1.70786 0.983942
19.7 -1.9064 0.914769
19.8 -1.99384 0.840329
19.9 -2.02063 0.763863
20 -2.01888 0.687
20.1 -2.0043 0.610484
20.2 -1.98388 0.534649
20.3 -1.96061 0.459652
20.4 -1.93577 0.385572
20.5 -1.90991 0.312457
20.6 -1.88324 0.240341
20.7 -1.85585 0.169253
20.8 -1.82773 0.0992207
20.9 -1.79887 0.0302713
21 -1.76922 -0.0375659
21.1 -1.73872 -0.10426
21.2 -1.70729 -0.169776
21.3 -1.67487 -0.234079
21.4 -1.64134 -0.297129
21.5 -1.6066 -0.358881
21.6 -1.5705 -0.419287
21.7 -1.5329 -0.478292
21.8 -1.49361 -0.535836
21.9 -1.45239 -0.59185
22 -1.40898 -0.646257
22.1 -1.36303 -0.698965
22.2 -1.31412 -0.749872
22.3 -1.26173 -0.798854
22.4 -1.20516 -0.845768
22.5 -1.14353 -0.890437
22.6 -1.07565 -0.932649
22.7 -0.999913 -0.972136
22.8 -0.914101 -1.00856
22.9 -0.815064 -1.04148
23 -0.698254 -1.07032
23.1 -0.556988 -1.09427
23.2 -0.381401 -1.11224
23.3 -0.157313 -1.12267
23.4 0.1335 -1.12336
23.5 0.506299 -1.11146
23.6 0.949309 -1.08393
23.7 1.3906 -1.03927
23.8 1.72569 -0.979556
23.9 1.91514 -0.909887
24 1.99707 -0.835231
24.1 2.02116 -0.7587
24.2 2.01819 -0.681844
24.3 2.00307 -0.605366
24.4 1.98238 -0.529584
24.5 1.95898 -0.454646
24.6 1.93406 -0.38063
24.7 1.90814 -0.307581
24.8 1.88142 -0.235533
24.9 1.85398 -0.164516
25 1.82581 -0.0945549
25.1 1.7969 -0.0256793
25.2 1.7672 0.042082
25.3 1.73663 0.108698
25.4 1.70515 0.174134
25.5 1.67265 0.238354
25.6 1.63904 0.301318
25.7 1.60422 0.362982
25.8 1.56803 0.423295
25.9 1.53032 0.482204
26 1.4909 0.539648
26.1 1.44955 0.595556
26.2 1.40597 0.649851
26.3 1.35984 0.702442
26.4 1.31072 0.753224
26.5 1.25807 0.802072
26.6 1.20119 0.848841
26.7 1.13918 0.893352
26.8 1.07083 0.93539
26.9 0.994494 0.974683
27 0.907904 1.01089
27.1 0.807835 1.04356
27.2 0.689621 1.07209
27.3 0.546401 1.09568
27.4 0.368053 1.1132
27.5 0.140084 1.12305
27.6 -0.155879 1.12299
27.7 -0.534282 1.11013
27.8 -0.980187 1.08147
27.9 -1.41742 1.03568
28 -1.74284 0.975125
28.1 -1.92339 0.904983
28.2 -2.00005 0.830125
28.3 -2.02158 0.753537
28.4 -2.01745 0.67669
28.5 -2.00181 0.600252
28.6 -1.98088 0.524522
28.7 -1.95735 0.449645
28.8 -1.93235 0.375692
28.9 -1.90637 0.30271
29 -1.8796 0.23073
29.1 -1.85211 0.159783
29.2 -1.8239 0.089894
29.3 -1.79493 0.0210923
29.4 -1.76517 -0.0465931
29.5 -1.73455 -0.113131
29.6 -1.703 -0.178487
29.7 -1.67043 -0.242624
29.8 -1.63675 -0.305502
29.9 -1.60183 -0.367076
30 -1.56554 -0.427297
30.1 -1.52773 -0.486109
30.2 -1.48819 -0.543452
30.3 -1.44669 -0.599255
30.4 -1.40296 -0.653439
30.5 -1.35664 -0.705911
30.6 -1.3073 -0.756567
30.7 -1.25439 -0.805281
30.8 -1.1972 -0.851904
30.9 -1.1348 -0.896256
31 -1.06597 -0.938119
31.1 -0.989029 -0.977216
31.2 -0.901648 -1.0132
31.3 -0.800526 -1.04561
31.4 -0.680877 -1.07384
31.5 -0.535658 -1.09706
31.6 -0.354484 -1.11412
31.7 -0.122548 -1.12338
31.8 0.17864 -1.12256
31.9 0.562595 -1.10873
32 1.01104 -1.07893
32.1 1.4437 -1.03203
32.2 1.7593 -0.970651
32.3 1.93117 -0.900058
32.4 2.00278 -0.825012
32.5 2.02188 -0.748373
32.6 2.01666 -0.671538
32.7 2.00052 -0.59514
32.8 1.97936 -0.519465
32.9 1.9557 -0.444648
33 1.93063 -0.370759
33.1 1.9046 -0.297843
33.2 1.87778 -0.225932
33.3 1.85024 -0.155055
33.4 1.82197 -0.085238
33.5 1.79296 -0.0165104
33.6 1.76314 0.0510989
33.7 1.73246 0.117558
33.8 1.70084 0.182833
33.9 1.6682 0.246887
34 1.63444 0.309679
34.1 1.59944 0.371164
34.2 1.56305 0.431292
34.3 1.52513 0.490008
34.4 1.48546 0.54725
34.5 1.44383 0.602946
34.6 1.39993 0.657018
34.7 1.35342 0.709372
34.8 1.30386 0.759902
34.9 1.25069 0.80848
35 1.19318 0.854956
35.1 1.1304 0.899149
35.2 1.06108 0.940835
35.3 0.983517 0.979735
35.4 0.89533 1.01549
35.5 0.793133 1.04764
35.6 0.672018 1.07557
35.7 0.524754 1.09842
35.8 0.340687 1.11501
35.9 0.104699 1.12367
36 -0.201786 1.12208
36.1 -0.591227 1.10726
36.2 -1.04184 1.0763
36.3 -1.46942 1.02831
36.4 -1.77508 0.966136
36.5 -1.93851 0.895115
36.6 -2.00529 0.819892
36.7 -2.02208 0.743208
36.8 -2.01583 0.666388
36.9 -1.99922 0.590032
37 -1.97783 0.514411
37.1 -1.95406 0.439655
37.2 -1.92891 0.36583
37.3 -1.90282 0.292981
37.4 -1.87595 0.221138
37.5 -1.84836 0.150331
37.6 -1.82005 0.080587
37.7 -1.79098 0.0119335
37.8 -1.76111 -0.0555996
37.9 -1.73037 -0.12198
38 -1.69868 -0.187175
38.1 -1.66597 -0.251145
38.2 -1.63213 -0.313851
38.3 -1.59704 -0.375246
38.4 -1.56056 -0.435281
38.5 -1.52252 -0.4939
38.6 -1.48273 -0.55104
38.7 -1.44095 -0.60663
38.8 -1.39689 -0.66059
38.9 -1.3502 -0.712825
39 -1.30041 -0.763227
39.1 -1.24697 -0.811669
39.2 -1.18914 -0.857999
39.3 -1.12596 -0.902031
39.4 -1.05615 -0.943539
39.5 -0.977957 -0.98224
39.6 -0.888949 -1.01777
39.7 -0.785656 -1.04966
39.8 -0.663043 -1.07727
39.9 -0.513685 -1.09974
40 -0.326657 -1.11586
40.1 -0.08653 -1.12392
40.2 0.225318 -1.12153
40.3 0.620163 -1.10571
40.4 1.07255 -1.0736
40.5 1.49455 -1.02452
40.6 1.79019 -0.961582
40.7 1.94541 -0.890153
40.8 2.00758 -0.814766
40.9 2.02219 -0.738042
41 2.01495 -0.66124
41.1 1.99789 -0.584928
41.2 1.97629 -0.509362
41.3 1.9524 -0.434666
41.4 1.92718 -0.360906
41.5 1.90104 -0.288123
41.6 1.87412 -0.216349
41.7 1.84648 -0.145613
41.8 1.81812 -0.0759408
41.9 1.789 -0.00736167
42 1.75907 0.060095
42.1 1.72827 0.126397
42.2 1.69652 0.191511
42.3 1.66373 0.255397
42.4 1.62981 0.318016
42.5 1.59463 0.379322
42.6 1.55805 0.439264
42.7 1.5199 0.497785
42.8 1.47999 0.554824
42.9 1.43807 0.610307
43 1.39384 0.664154
43.1 1.34695 0.716269
43.2 1.29694 0.766544
43.3 1.24323 0.81485
43.4 1.18507 0.861031
43.5 1.12149 0.904901
43.6 1.05118 0.94623
43.7 0.972349 0.984731
43.8 0.882504 1.02003
43.9 0.778093 1.05166
44 0.653948 1.07896
44.1 0.502449 1.10104
44.2 0.31239 1.11668
44.3 0.068036 1.12411
44.4 -0.249237 1.12093
44.5 -0.649387 1.10409
44.6 -1.10312 1.07083
44.7 -1.51907 1.02067
44.8 -1.80464 0.956989
44.9 -1.95189 0.885174
45 -2.00966 0.809635
45.1 -2.0222 0.732877
45.2 -2.01402 0.656095
45.3 -1.99655 0.579826
45.4 -1.97475 0.504316
45.5 -1.95074 0.429681
45.6 -1.92545 0.355986
45.7 -1.89925 0.28327
45.8 -1.87229 0.211565
45.9 -1.8446 0.140899
46 -1.81619 0.0712996
46.1 -1.78702 0.0027949
46.2 -1.75703 -0.0645853
46.3 -1.72617 -0.130809
46.4 -1.69435 -0.195841
46.5 -1.66149 -0.259644
46.6 -1.62749 -0.322176
46.7 -1.59222 -0.383392
46.8 -1.55554 -0.44324
46.9 -1.51728 -0.501664
47 -1.47724 -0.5586
47.1 -1.43517 -0.613976
47.2 -1.39078 -0.66771
47.3 -1.3437 -0.719705
47.4 -1.29346 -0.769852
47.5 -1.23947 -0.81802
47.6 -1.18099 -0.864052
47.7 -1.117 -0.907759
47.8 -1.04618 -0.948909
47.9 -0.966692 -0.987207
48 -0.875994 -1.02228
48.1 -0.770441 -1.05364
48.2 -0.644731 -1.08061
48.3 -0.49104 -1.10231
48.4 -0.297879 -1.11746
48.5 -0.049211 -1.12426
48.6 0.273544 -1.12026
48.7 0.678881 -1.10239
48.8 1.13353 -1.06797
48.9 1.54296 -1.01676
49 1.81845 -0.952361
49.1 1.95797 -0.880178
49.2 2.01155 -0.804498
49.3 2.02212 -0.727711
49.4 2.01306 -0.650952
49.5 1.99519 -0.574729
49.6 1.97319 -0.499274
49.7 1.94908 -0.424701
49.8 1.92372 -0.35107
49.9 1.89746 -0.278421
50 1.87045 -0.206785
50.1 1.84272 -0.13619
50.2 1.81425 -0.0666633
50.3 1.78503 0.00176679
50.4 1.75498 0.0690703
50.5 1.72406 0.135215
50.6 1.69218 0.200166
50.7 1.65925 0.263885
50.8 1.62516 0.32633
50.9 1.5898 0.387455
51 1.55302 0.44721
51.1 1.51465 0.505536
51.2 1.47448 0.56237
51.3 1.43227 0.617638
51.4 1.38771 0.671258
51.5 1.34043 0.723133
51.6 1.28996 0.773152
51.7 1.2357 0.821181
51.8 1.17687 0.867063
51.9 1.11247 0.910607
52 1.04113 0.951574
52.1 0.960985 0.989669
52.2 0.869418 1.02451
52.3 0.7627 1.05559
52.4 0.635389 1.08225
52.5 0.479455 1.10355
52.6 0.283118 1.1182
52.7 0.030049 1.12436
52.8 -0.298239 1.11953
52.9 -0.708627 1.10062
53 -1.16373 1.06504
53.1 -1.56621 1.01279
53.2 -1.83162 0.947698
53.3 -1.96368 0.875168
53.4 -2.01325 0.799357
53.5 -2.02195 0.722546
53.6 -2.01206 0.645811
53.7 -1.99381 0.569634
53.8 -1.97162 0.494236
53.9 -1.94741 0.419725
54 -1.92198 0.346159
54.1 -1.89567 0.273577
54.2 -1.86861 0.20201
54.3 -1.84083 0.131486
54.4 -1.81232 0.062032
54.5 -1.78304 -0.0063234
54.6 -1.75294 -0.0735501
54.7 -1.72195 -0.139616
54.8 -1.69 -0.204485
54.9 -1.65699 -0.26812
55 -1.62283 -0.330478
55.1 -1.58738 -0.391513
55.2 -1.5505 -0.451173
55.3 -1.51201 -0.509401
55.4 -1.47171 -0.566132
55.5 -1.42935 -0.621293
55.6 -1.38462 -0.674799
55.7 -1.33714 -0.726553
55.8 -1.28644 -0.776442
55.9 -1.2319 -0.824332
56 -1.17274 -0.870064
56.1 -1.10792 -0.913442
56.2 -1.03605 -0.954227
56.3 -0.955226 -0.992116
56.4 -0.862774 -1.02672
56.5 -0.754867 -1.05753
56.6 -0.62592 -1.08386
56.7 -0.467689 -1.10476
56.8 -0.268104 -1.1189
56.9 -0.0105445 -1.12442
57 0.323322 -1.11873
57.1 0.738603 -1.09877
57.2 1.19369 -1.06202
57.3 1.58879 -1.00876
57.4 1.84418 -0.943001
57.5 1.96901 -0.870144
57.6 2.01478 -0.794212
57.7 2.02171 -0.717382
57.8 2.01103 -0.640673
57.9 1.99241 -0.564544
58 1.97005 -0.489203
58.1 1.94573 -0.414753
58.2 1.92024 -0.341252
58.3 1.89388 -0.268737
58.4 1.86676 -0.19724
58.5 1.83894 -0.126787
58.6 1.81037 -0.0574056
58.7 1.78104 0.0108749
58.8 1.75088 0.0780247
58.9 1.71983 0.144011
59 1.68782 0.208799
59.1 1.65474 0.272349
59.2 1.62049 0.33462
59.3 1.58495 0.395564
59.4 1.54796 0.45513
59.5 1.50936 0.51326
59.6 1.46893 0.569888
59.7 1.42643 0.62494
59.8 1.38152 0.678331
59.9 1.33384 0.729964
60 1.2829 0.779723
60.1 1.22808 0.827474
60.2 1.16857 0.873054
60.3 1.10333 0.916266
60.4 1.03093 0.956867
60.5 0.949416 0.994548
60.6 0.856061 1.02892
60.7 0.746939 1.05945
60.8 0.61632 1.08545
60.9 0.455739 1.10594
61 0.252828 1.11957
61.1 -0.00930795 1.12442
61.2 -0.348789 1.11788
61.3 -0.768787 1.09685
61.4 -1.22338 1.05894
61.5 -1.6107 1.00467
61.6 -1.85613 0.938274
61.7 -1.974 0.865107
61.8 -2.01613 0.789063
61.9 -2.02139 0.712218
62 -2.00996 0.635538
62.1 -1.99099 0.559457
62.2 -1.96846 0.484173
62.3 -1.94405 0.409786
62.4 -1.91849 0.33635
62.5 -1.89208 0.263903
62.6 -1.86492 0.192474
62.7 -1.83704 0.122092
62.8 -1.80843 0.0527842
62.9 -1.77904 -0.0154213
63 -1.74883 -0.082494
63.1 -1.71771 -0.148401
63.2 -1.68563 -0.213107
63.3 -1.65247 -0.276573
63.4 -1.61814 -0.338756
63.5 -1.58251 -0.399609
63.6 -1.54542 -0.45908
63.7 -1.50671 -0.517111
63.8 -1.46615 -0.573636
63.9 -1.42349 -0.628579
64 -1.37841 -0.681856
64.1 -1.33053 -0.733366
64.2 -1.27935 -0.782995
64.3 -1.22424 -0.830605
64.4 -1.16438 -0.876033
64.5 -1.09871 -0.919078
64.6 -1.02576 -0.959493
64.7 -0.943552 -0.996966
64.8 -0.849277 -1.03109
64.9 -0.738916 -1.06135
65 -0.606586 -1.08701
65.1 -0.443599 -1.10709
65.2 -0.237287 -1.1202
65.3 0.0295137 -1.12437
65.4 0.374639 -1.11695
65.5 0.799155 -1.09485
65.6 1.25275 -1.05578
65.7 1.63193 -1.00053
65.8 1.8675 -0.933517
65.9 1.97866 -0.860058
66 2.01733 -0.783911
66.1 2.021 -0.707055
66.2 2.00886 -0.630406
66.3 1.98957 -0.554373
66.4 1.96687 -0.479147
66.5 1.94237 -0.404822
66.6 1.91674 -0.331452
66.7 1.89028 -0.259072
66.8 1.86307 -0.187713
66.9 1.83514 -0.117403
67 1.80648 -0.0481678
67.1 1.77704 0.0199626
67.2 1.74677 0.0869581
67.3 1.71559 0.152786
67.4 1.68344 0.217409
67.5 1.65021 0.28079
67.6 1.61579 0.342886
67.7 1.58006 0.403648
67.8 1.54288 0.463024
67.9 1.50404 0.520956
68 1.46335 0.577377
68.1 1.42054 0.632211
68.2 1.37529 0.685372
68.3 1.3272 0.73676
68.4 1.27578 0.786258
68.5 1.22038 0.833727
68.6 1.16017 0.879002
68.7 1.09405 0.921878
68.8 1.02056 0.962106
68.9 0.937634 0.999368
69 0.842422 1.03325
69.1 0.730794 1.06322
69.2 0.596715 1.08854
69.3 0.431266 1.10821
69.4 0.221474 1.12078
69.5 -0.0500779 1.12427
69.6 -0.400867 1.11596
69.7 -0.829681 1.09277
69.8 -1.28177 1.05254
69.9 -1.65247 0.996337
70 -1.87829 0.928731
70.1 -1.98299 0.854997
70.2 -2.01838 0.778757
70.3 -2.02055 0.701894
70.4 -2.00773 0.625276
70.5 -1.98812 0.549293
70.6 -1.96527 0.474126
70.7 -1.94068 0.399864
70.8 -1.91499 0.326559
70.9 -1.88847 0.254247
71 -1.86121 0.182957
71.1 -1.83324 0.112718
71.2 -1.80453 0.0435564
71.3 -1.77503 -0.0244988
71.4 -1.7447 -0.0914168
71.5 -1.71346 -0.157165
71.6 -1.68124 -0.221706
71.7 -1.64793 -0.285002
71.8 -1.61343 -0.347009
71.9 -1.57761 -0.40768
72 -1.54032 -0.466962
72.1 -1.50137 -0.524794
72.2 -1.46054 -0.581111
72.3 -1.41758 -0.635836
72.4 -1.37215 -0.688881
72.5 -1.32386 -0.740146
72.6 -1.27219 -0.789512
72.7 -1.21649 -0.836839
72.8 -1.15593 -0.881959
72.9 -1.08937 -0.924667
73 -1.01531 -0.964706
73.1 -0.931662 -1.00176
73.2 -0.835493 -1.0354
73.3 -0.722573 -1.06508
73.4 -0.586705 -1.09006
73.5 -0.418734 -1.10929
73.6 -0.205382 -1.12133
73.7 0.0710053 -1.12411
73.8 0.427468 -1.1149
73.9 0.860338 -1.09061
74 1.3104 -1.04923
74.1 1.67231 -0.99209
74.2 1.88853 -0.923919
74.3 1.98702 -0.849925
74.4 2.01929 -0.7736
74.5 2.02002 -0.696733
74.6 2.00657 -0.620149
74.7 1.98667 -0.544217
74.8 1.96366 -0.469108
74.9 1.93898 -0.394909
75 1.91323 -0.32167
75.1 1.88666 -0.249426
75.2 1.85936 -0.178206
75.3 1.83133 -0.108038
75.4 1.80257 -0.0389499
75.5 1.77302 0.0290299
75.6 1.74263 0.0958704
75.7 1.71133 0.161538
75.8 1.67904 0.225997
75.9 1.64565 0.289208
76 1.61107 0.351127
76.1 1.57516 0.411707
76.2 1.53776 0.470893
76.3 1.49869 0.528626
76.4 1.45773 0.584838
76.5 1.41461 0.639452
76.6 1.369 0.692381
76.7 1.3205 0.743523
76.8 1.26858 0.792757
76.9 1.21259 0.839941
77 1.15166 0.884906
77.1 1.08465 0.927443
77.2 1.01002 0.967293
77.3 0.925633 1.00413
77.4 0.828489 1.03752
77.5 0.714248 1.06691
77.6 0.576551 1.09154
77.7 0.406 1.11034
77.8 0.189007 1.12183
77.9 -0.0923004 1.1239
78 -0.454437 1.11378
78.1 -0.891097 1.08837
78.2 -1.33862 1.04584
78.3 -1.69146 0.987794
78.4 -1.89823 0.919081
78.5 -1.99076 0.844844
78.6 -2.02005 0.76844
78.7 -2.01944 0.691574
78.8 -2.00538 0.615026
78.9 -1.98519 0.539145
79 -1.96205 0.464095
79.1 -1.93728 0.389959
79.2 -1.91147 0.316785
79.3 -1.88485 0.244609
79.4 -1.8575 0.173459
79.5 -1.82943 0.103363
79.6 -1.80061 0.0343485
79.7 -1.77101 -0.0335558
79.8 -1.74056 -0.100319
79.9 -1.70919 -0.165906
80 -1.67683 -0.230283
80.1 -1.64337 -0.293408
80.2 -1.6087 -0.355239
80.3 -1.57269 -0.415727
80.4 -1.53519 -0.474817
80.5 -1.496 -0.53245
80.6 -1.4549 -0.588557
80.7 -1.41163 -0.643062
80.8 -1.36584 -0.695874
80.9 -1.31713 -0.746891
81 -1.26496 -0.795992
81.1 -1.20866 -0.843034
81.2 -1.14736 -0.887842
81.3 -1.07989 -0.930207
81.4 -1.00468 -0.969866
81.5 -0.919547 -1.00648
81.6 -0.821409 -1.03963
81.7 -0.70582 -1.06873
81.8 -0.56625 -1.093
81.9 -0.393058 -1.11136
82 -0.172342 -1.12229
82.1 0.113968 -1.12364
82.2 0.481765 -1.11258
82.3 0.921928 -1.08605
82.4 1.36638 -1.04239
82.5 1.70991 -0.983449
82.6 1.90742 -0.914219
82.7 1.99422 -0.839753
82.8 2.02069 -0.763279
82.9 2.0188 -0.686417
83 2.00416 -0.609905
83.1 1.98371 -0.534076
83.2 1.96042 -0.459086
83.3 1.93558 -0.385013
83.4 1.90971 -0.311905
83.5 1.88304 -0.239797
83.6 1.85564 -0.168717
83.7 1.82751 -0.0986931
83.8 1.79865 -0.029752
83.9 1.76899 0.0380766
84 1.73848 0.104761
84.1 1.70705 0.170269
84.2 1.67462 0.234563
84.3 1.64108 0.297603
84.4 1.60633 0.359345
84.5 1.57022 0.41974
84.6 1.53261 0.478735
84.7 1.4933 0.536267
84.8 1.45207 0.59227
84.9 1.40864 0.646663
85 1.36267 0.699358
85.1 1.31374 0.750251
85.2 1.26131 0.799218
85.3 1.20471 0.846116
85.4 1.14304 0.890767
85.5 1.0751 0.932959
85.6 0.999303 0.972425
85.7 0.913404 1.00882
85.8 0.814251 1.04172
85.9 0.697284 1.07052
86 0.555799 1.09443
86.1 0.379903 1.11235
86.2 0.155381 1.12271
86.3 -0.136011 1.12332
86.4 -0.509445 1.11132
86.5 -0.952799 1.08366
86.6 -1.39365 1.03887
86.7 -1.72767 0.979058
86.8 -1.9161 0.909334
86.9 -1.99742 0.834654
87 -2.02121 0.758117
87.1 -2.01811 0.681261
87.2 -2.00293 0.604788
87.3 -1.98221 0.529012
87.4 -1.9588 0.454081
87.5 -1.93387 0.380071
87.6 -1.90794 0.30703
87.7 -1.88122 0.23499
87.8 -1.85377 0.16398
87.9 -1.8256 0.0940278
88 -1.79668 0.0251606
88.1 -1.76697 -0.0425922
88.2 -1.7364 -0.109199
88.3 -1.70491 -0.174626
88.4 -1.6724 -0.238837
88.5 -1.63879 -0.301791
88.6 -1.60395 -0.363445
88.7 -1.56775 -0.423748
88.8 -1.53003 -0.482646
88.9 -1.49059 -0.540078
89 -1.44922 -0.595975
89.1 -1.40563 -0.650257
89.2 -1.35948 -0.702835
89.3 -1.31033 -0.753602
89.4 -1.25765 -0.802435
89.5 -1.20074 -0.849187
89.6 -1.13868 -0.893681
89.7 -1.07028 -0.935699
89.8 -0.993878 -0.97497
89.9 -0.9072 -1.01115
90 -0.807013 -1.04379
90.1 -0.688638 -1.07229
90.2 -0.545195 -1.09584
90.3 -0.366531 -1.11331
90.4 -0.138118 -1.12309
90.5 0.158433 -1.12294
90.6 0.537465 -1.10998
90.7 0.983677 -1.08119
90.8 1.42042 -1.03527
90.9 1.74473 -0.974622
91 1.92429 -0.904427
91.1 2.00037 -0.829547
91.2 2.02162 -0.752953
91.3 2.01736 -0.676108
91.4 2.00166 -0.599674
91.5 1.98071 -0.523951
91.6 1.95716 -0.44908
91.7 1.93215 -0.375134
91.8 1.90617 -0.302159
91.9 1.8794 -0.230188
92 1.8519 -0.159248
92.1 1.82368 -0.0893675
92.2 1.79471 -0.0205742
92.3 1.76494 0.0471026
92.4 1.73431 0.113631
92.5 1.70275 0.178978
92.6 1.67018 0.243106
92.7 1.63648 0.305974
92.8 1.60156 0.367538
92.9 1.56526 0.427749
93 1.52743 0.48655
93.1 1.48788 0.543882
93.2 1.44637 0.599673
93.3 1.40262 0.653844
93.4 1.35628 0.706303
93.5 1.30691 0.756944
93.6 1.25397 0.805643
93.7 1.19674 0.852249
93.8 1.1343 0.896584
93.9 1.06542 0.938427
94 0.988408 0.977502
94.1 0.900937 1.01346
94.2 0.799694 1.04584
94.3 0.679881 1.07404
94.4 0.534433 1.09722
94.5 0.352936 1.11422
94.6 0.120546 1.12342
94.7 -0.181237 1.12251
94.8 -0.565816 1.10857
94.9 -1.01453 1.07863
95 -1.44664 1.03161
95.1 -1.76111 0.970143
95.2 -1.93203 0.8995
95.3 -2.00308 0.824433
95.4 -2.02191 0.747789
95.5 -2.01657 0.670956
95.6 -2.00038 0.594563
95.7 -1.97919 0.518894
95.8 -1.95552 0.444083
95.9 -1.93044 0.370202
96 -1.90439 0.297293
96.1 -1.87757 0.22539
96.2 -1.85003 0.15452
96.3 -1.82176 0.0847121
96.4 -1.79274 0.0159928
96.5 -1.76291 -0.0516079
96.6 -1.73222 -0.118058
96.7 -1.7006 -0.183324
96.8 -1.66795 -0.247369
96.9 -1.63418 -0.310151
97 -1.59916 -0.371626
97.1 -1.56277 -0.431743
97.2 -1.52483 -0.490448
97.3 -1.48516 -0.547678
97.4 -1.4435 -0.603363
97.5 -1.39959 -0.657422
97.6 -1.35306 -0.709763
97.7 -1.30347 -0.760278
97.8 -1.25027 -0.808841
97.9 -1.19272 -0.855301
98 -1.1299 -0.899475
98.1 -1.06052 -0.941142
98.2 -0.982891 -0.980019
98.3 -0.894612 -1.01575
98.4 -0.792292 -1.04787
98.5 -0.671009 -1.07576
98.6 -0.523511 -1.09857
98.7 -0.339113 -1.11511
98.8 -0.102661 -1.1237
98.9 0.204426 -1.12202
99 0.594483 -1.10709
99.1 1.04532 -1.076
99.2 1.47229 -1.02788
99.3 1.77682 -0.965624
99.4 1.93931 -0.894555
99.5 2.00556 -0.819313
99.6 2.0221 -0.742624
99.7 2.01573 -0.665806
99.8 1.99907 -0.589455
99.9 1.97766 -0.51384
100 1.95387 -0.43909
100.1 1.92871 -0.365273
100.2 1.90262 -0.292431
100.3 1.87574 -0.220597
100.4 1.84815 -0.149798
100.5 1.81983 -0.0800616
100.6 1.79076 -0.0114165
100.7 1.76088 0.0561079
100.8 1.73013 0.12248
100.9 1.69844 0.187665
101 1.66572 0.251626
101.1 1.63187 0.314322
101.2 1.59676 0.375707
101.3 1.56027 0.435732
101.4 1.52222 0.49434
101.5 1.48242 0.551468
101.6 1.44063 0.607046
101.7 1.39655 0.660993
101.8 1.34983 0.713215
101.9 1.30002 0.763603
102 1.24655 0.812029
102.1 1.18868 0.858342
102.2 1.12546 0.902356
102.3 1.05559 0.943844
102.4 0.977326 0.982523
102.5 0.888224 1.01803
102.6 0.784806 1.04989
102.7 0.662021 1.07746
102.8 0.512424 1.09989
102.9 0.325057 1.11596
103 0.0844561 1.12394
103.1 -0.228002 1.12147
103.2 -0.623452 1.10553
103.3 -1.07601 1.07329
103.4 -1.49735 1.02409
103.5 -1.79185 0.961065
103.6 -1.94616 0.889591
103.7 -2.00782 0.814186
103.8 -2.02219 0.737458
103.9 -2.01484 0.660658
104 -1.99774 0.584351
104.1 -1.97612 0.508791
104.2 -1.95222 0.434102
104.3 -1.92699 0.360349
104.4 -1.90083 0.287574
104.5 -1.87391 0.215808
104.6 -1.84627 0.14508
104.7 -1.8179 0.075416
104.8 -1.78878 0.00684525
104.9 -1.75884 -0.0606028
105 -1.72803 -0.126896
105.1 -1.69627 -0.192
105.2 -1.66348 -0.255878
105.3 -1.62955 -0.318487
105.4 -1.59436 -0.379782
105.5 -1.55777 -0.439714
105.6 -1.51961 -0.498224
105.7 -1.47968 -0.555251
105.8 -1.43774 -0.610722
105.9 -1.3935 -0.664556
106 -1.34659 -0.716658
106.1 -1.29655 -0.766919
106.2 -1.24281 -0.815208
106.3 -1.18461 -0.861373
106.4 -1.12099 -0.905224
106.5 -1.05062 -0.946534
106.6 -0.971712 -0.985012
106.7 -0.881772 -1.02029
106.8 -0.777232 -1.05188
106.9 -0.652912 -1.07914
107 -0.501168 -1.10119
107.1 -0.310762 -1.11677
107.2 -0.065925 -1.12413
107.3 0.251965 -1.12085
107.4 0.652707 -1.1039
107.5 1.10657 -1.07051
107.6 1.5218 -1.02023
107.7 1.80623 -0.956468
107.8 1.9526 -0.88461
107.9 2.00989 -0.809054
108 2.02219 -0.732293
108.1 2.01392 -0.655513
108.2 1.9964 -0.57925
108.3 1.97457 -0.503746
108.4 1.95056 -0.429118
108.5 1.92526 -0.35543
108.6 1.89905 -0.282721
108.7 1.87208 -0.211024
108.8 1.84439 -0.140367
108.9 1.81597 -0.0707753
109 1.78679 -0.00227905
109.1 1.7568 0.0650925
109.2 1.72593 0.131307
109.3 1.69411 0.19633
109.4 1.66124 0.260124
109.5 1.62723 0.322646
109.6 1.59195 0.383851
109.7 1.55526 0.443689
109.8 1.51698 0.502102
109.9 1.47693 0.559027
110 1.43485 0.614391
110.1 1.39044 0.668111
110.2 1.34333 0.720093
110.3 1.29306 0.770226
110.4 1.23905 0.818378
110.5 1.18052 0.864393
110.6 1.11649 0.908082
110.7 1.04561 0.949211
110.8 0.96605 0.987486
110.9 0.875254 1.02253
111 0.769571 1.05386
111.1 0.643681 1.0808
111.2 0.489739 1.10245
111.3 0.296223 1.11754
111.4 0.0470621 1.12428
111.5 -0.276316 1.12018
111.6 -0.682231 1.1022
111.7 -1.13695 1.06764
111.8 -1.54562 1.01632
111.9 -1.81997 0.951835
112 -1.95864 0.879613
112.1 -2.01175 0.803917
112.2 -2.0221 0.727128
112.3 -2.01295 0.650371
112.4 -1.99503 0.574153
112.5 -1.97301 0.498705
112.6 -1.94889 0.424138
112.7 -1.92352 0.350515
112.8 -1.89726 0.277873
112.9 -1.87024 0.206245
113 -1.8425 0.135658
113.1 -1.81404 0.0661396
113.2 -1.7848 -0.00228207
113.3 -1.75475 -0.0695769
113.4 -1.72382 -0.135713
113.5 -1.69193 -0.200654
113.6 -1.65899 -0.264364
113.7 -1.6249 -0.326799
113.8 -1.58953 -0.387914
113.9 -1.55274 -0.447658
114 -1.51435 -0.505973
114.1 -1.47417 -0.562795
114.2 -1.43194 -0.618052
114.3 -1.38736 -0.671659
114.4 -1.34006 -0.72352
114.5 -1.28956 -0.773524
114.6 -1.23527 -0.821538
114.7 -1.17641 -0.867403
114.8 -1.11196 -0.910928
114.9 -1.04056 -0.951875
115 -0.960336 -0.989946
115.1 -0.86867 -1.02476
115.2 -0.761819 -1.05581
115.3 -0.634326 -1.08243
115.4 -0.478134 -1.10369
115.5 -0.281434 -1.11828
115.6 -0.0278617 -1.12437
115.7 0.301055 -1.11944
115.8 0.712004 -1.10042
115.9 1.16713 -1.0647
116 1.56879 -1.01234
116.1 1.83307 -0.947168
116.2 1.9643 -0.874601
116.3 2.01343 -0.798776
116.4 2.02193 -0.721963
116.5 2.01195 -0.64523
116.6 1.99365 -0.569059
116.7 1.97144 -0.493667
116.8 1.94722 -0.419163
116.9 1.92178 -0.345604
117 1.89547 -0.27303
117.1 1.8684 -0.201471
117.2 1.84061 -0.130955
117.3 1.8121 -0.0615089
117.4 1.78281 0.0068381
117.5 1.7527 0.0740561
117.6 1.72171 0.140113
117.7 1.68975 0.204973
117.8 1.65674 0.268598
117.9 1.62256 0.330946
118 1.5871 0.391971
118.1 1.55021 0.451621
118.2 1.51171 0.509838
118.3 1.4714 0.566557
118.4 1.42902 0.621705
118.5 1.38427 0.675198
118.6 1.33677 0.726939
118.7 1.28604 0.776813
118.8 1.23147 0.824688
118.9 1.17227 0.870402
119 1.1074 0.913762
119.1 1.03547 0.954526
119.2 0.954572 0.992392
119.3 0.862019 1.02697
119.4 0.753975 1.05775
119.5 0.624841 1.08404
119.6 0.466348 1.1049
119.7 0.26639 1.11898
119.8 0.0083182 1.12442
119.9 -0.326181 1.11864
120 -0.742005 1.09856
120.1 -1.19706 1.06168
120.2 -1.5913 1.0083
120.3 -1.84556 0.942469
120.4 -1.9696 0.869576
120.5 -2.01494 0.79363
120.6 -2.02168 0.716798
120.7 -2.01091 0.640093
120.8 -1.99225 0.563969
120.9 -1.96987 0.488634
121 -1.94555 0.414191
121.1 -1.92004 0.340698
121.2 -1.89367 0.268191
121.3 -1.86656 0.196701
121.4 -1.83872 0.126256
121.5 -1.81015 0.0568831
121.6 -1.78081 -0.011389
121.7 -1.75065 -0.0785301
121.8 -1.71959 -0.144508
121.9 -1.68757 -0.209286
122 -1.65448 -0.272827
122.1 -1.62022 -0.335088
122.2 -1.58467 -0.396022
122.3 -1.54768 -0.455577
122.4 -1.50906 -0.513695
122.5 -1.46862 -0.570312
122.6 -1.42609 -0.625351
122.7 -1.38117 -0.67873
122.8 -1.33347 -0.730349
122.9 -1.2825 -0.780093
123 -1.22764 -0.827828
123.1 -1.1681 -0.873391
123.2 -1.10281 -0.916585
123.3 -1.03034 -0.957164
123.4 -0.948755 -0.994822
123.5 -0.855298 -1.02916
123.6 -0.746037 -1.05966
123.7 -0.615226 -1.08562
123.8 -0.454376 -1.10607
123.9 -0.251085 -1.11964
124 0.011574 -1.12441
124.1 0.351692 -1.11778
124.2 0.772211 -1.09663
124.3 1.22672 -1.05858
124.4 1.61313 -1.00421
124.5 1.85745 -0.937738
124.6 1.97454 -0.864537
124.7 2.01628 -0.788481
124.8 2.02135 -0.711635
124.9 2.00984 -0.634958
125 1.99083 -0.558882
125.1 1.96828 -0.483605
125.2 1.94386 -0.409224
125.3 1.9183 -0.335796
125.4 1.89187 -0.263356
125.5 1.86471 -0.191936
125.6 1.83683 -0.121562
125.7 1.80821 -0.0522622
125.8 1.77881 0.0159349
125.9 1.74859 0.0829988
126 1.71748 0.148897
126.1 1.68538 0.213593
126.2 1.65222 0.27705
126.3 1.61788 0.339223
126.4 1.58223 0.400066
126.5 1.54513 0.459527
126.6 1.50641 0.517546
126.7 1.46583 0.574059
126.8 1.42316 0.62899
126.9 1.37806 0.682253
127 1.33016 0.73375
127.1 1.27895 0.783364
127.2 1.2238 0.830959
127.3 1.16391 0.876369
127.4 1.09818 0.919395
127.5 1.02518 0.959789
127.6 0.942886 0.997238
127.7 0.848506 1.03134
127.8 0.738003 1.06156
127.9 0.605477 1.08718
128 0.442215 1.10722
128.1 0.235513 1.12026
128.2 -0.03182 1.12436
128.3 -0.377584 1.11684
128.4 -0.802598 1.09461
128.5 -1.25605 1.05541
128.6 -1.63428 1.00006
128.7 -1.86875 0.932977
128.8 -1.97916 0.859486
128.9 -2.01746 0.783329
129 -2.02095 0.706472
129.1 -2.00873 0.629826
129.2 -1.9894 0.553799
129.3 -1.96669 0.47858
129.4 -1.94218 0.404262
129.5 -1.91655 0.330899
129.6 -1.89007 0.258527
129.7 -1.86286 0.187176
129.8 -1.83493 0.116873
129.9 -1.80626 0.0476463
130 -1.77681 -0.0204756
130.1 -1.74653 -0.0874623
130.2 -1.71535 -0.153281
130.3 -1.68319 -0.217895
130.4 -1.64995 -0.281267
130.5 -1.61553 -0.343352
130.6 -1.57979 -0.404104
130.7 -1.54259 -0.46347
130.8 -1.50374 -0.52139
130.9 -1.46303 -0.577799
131 -1.42021 -0.632621
131.1 -1.37494 -0.685769
131.2 -1.32683 -0.737143
131.3 -1.27537 -0.786626
131.4 -1.21994 -0.83408
131.5 -1.15969 -0.879337
131.6 -1.09353 -0.922194
131.7 -1.01996 -0.962401
131.8 -0.936962 -0.999639
131.9 -0.841642 -1.0335
132 -0.72987 -1.06343
132.1 -0.595591 -1.08872
132.2 -0.42986 -1.10833
132.3 -0.219669 -1.12084
132.4 0.052425 -1.12425
132.5 0.403855 -1.11585
132.6 0.83314 -1.09253
132.7 1.28503 -1.05217
132.8 1.65474 -0.99586
132.9 1.87948 -0.928189
133 1.98346 -0.854424
133.1 2.01849 -0.778174
133.2 2.02049 -0.70131
133.3 2.0076 -0.624696
133.4 1.98796 -0.548719
133.5 1.96509 -0.473558
133.6 1.94049 -0.399303
133.7 1.91479 -0.326006
133.8 1.88827 -0.253702
133.9 1.861 -0.18242
134 1.83302 -0.112189
134.1 1.8043 -0.0430355
134.2 1.7748 0.0250112
134.3 1.74447 0.0919205
134.4 1.71322 0.157659
134.5 1.68099 0.222191
134.6 1.64768 0.285478
134.7 1.61317 0.347475
134.8 1.57734 0.408136
134.9 1.54003 0.467406
135 1.50107 0.525228
135.1 1.46023 0.581533
135.2 1.41725 0.636245
135.3 1.3718 0.689277
135.4 1.32348 0.740528
135.5 1.27178 0.789879
135.6 1.21605 0.837191
135.7 1.15544 0.882293
135.8 1.08884 0.924981
135.9 1.01471 0.964999
136 0.930983 1.00202
136.1 0.834705 1.03564
136.2 0.721637 1.06529
136.3 0.585564 1.09023
136.4 0.417305 1.10941
136.5 0.203546 1.12139
136.6 -0.0733937 1.12409
136.7 -0.430498 1.11478
136.8 -0.86381 1.09036
136.9 -1.31361 1.04885
137 -1.67451 0.991607
137.1 -1.88965 0.923373
137.2 -1.98746 0.849351
137.3 -2.01938 0.773017
137.4 -2.01996 0.69615
137.5 -2.00643 0.61957
137.6 -1.9865 0.543644
137.7 -1.96348 0.468541
137.8 -1.93879 0.394349
137.9 -1.91304 0.321117
138 -1.88646 0.248881
138.1 -1.85915 0.177669
138.2 -1.83112 0.10751
138.3 -1.80235 0.0384296
138.4 -1.77279 -0.0295417
138.5 -1.7424 -0.0963734
138.6 -1.71109 -0.162032
138.7 -1.67879 -0.226482
138.8 -1.6454 -0.289683
138.9 -1.6108 -0.351592
139 -1.57488 -0.412161
139.1 -1.53747 -0.471337
139.2 -1.49839 -0.529058
139.3 -1.45741 -0.585259
139.4 -1.41427 -0.639861
139.5 -1.36865 -0.692777
139.6 -1.32012 -0.743904
139.7 -1.26817 -0.793123
139.8 -1.21214 -0.840291
139.9 -1.15117 -0.885239
140 -1.08411 -0.927756
140.1 -1.00942 -0.967584
140.2 -0.924948 -1.00439
140.3 -0.827693 -1.03776
140.4 -0.713301 -1.06712
140.5 -0.575394 -1.09171
140.6 -0.404548 -1.11046
140.7 -0.187138 -1.12188
140.8 0.0947307 -1.12388
140.9 0.457508 -1.11365
141 0.894579 -1.08811
141.1 1.34178 -1.04546
141.2 1.69358 -0.987305
141.3 1.8993 -0.918532
141.4 1.99116 -0.844269
141.5 2.02013 -0.767857
141.6 2.01937 -0.690991
141.7 2.00524 -0.614447
141.8 1.98503 -0.538572
141.9 1.96186 -0.463529
142 1.93709 -0.3894
142.1 1.91127 -0.316234
142.2 1.88465 -0.244065
142.3 1.85729 -0.172923
142.4 1.82921 -0.102835
142.5 1.80039 -0.0338287
142.6 1.77078 0.034067
142.7 1.74032 0.100821
142.8 1.70895 0.1664
142.9 1.67658 0.230767
143 1.64311 0.293883
143.1 1.60843 0.355704
143.2 1.57241 0.416181
143.3 1.5349 0.47526
143.4 1.49569 0.532882
143.5 1.45458 0.588977
143.6 1.41129 0.643469
143.7 1.36548 0.696268
143.8 1.31674 0.747271
143.9 1.26455 0.796357
144 1.20821 0.843382
144.1 1.14687 0.888174
144.2 1.07935 0.930519
144.3 1.00408 0.970156
144.4 0.918856 1.00675
144.5 0.820604 1.03987
144.6 0.70486 1.06893
144.7 0.565076 1.09316
144.8 0.391582 1.11148
144.9 0.17044 1.12234
145 -0.11644 1.12361
145.1 -0.484876 1.11244
145.2 -0.925416 1.08579
145.3 -1.36948 1.042
145.4 -1.71195 0.982955
145.5 -1.90842 0.913668
145.6 -1.99459 0.839177
145.7 -2.02076 0.762696
145.8 -2.01873 0.685834
145.9 -2.00403 0.609327
146 -1.98354 0.533504
146.1 -1.96024 0.45852
146.2 -1.93538 0.384454
146.3 -1.90951 0.311354
146.4 -1.88283 0.239254
146.5 -1.85542 0.168182
146.6 -1.8273 0.0981655
146.7 -1.79842 0.0292328
146.8 -1.76876 -0.0385872
146.9 -1.73825 -0.105263
147 -1.70681 -0.170762
147.1 -1.67437 -0.235046
147.2 -1.64082 -0.298077
147.3 -1.60606 -0.359809
147.4 -1.56994 -0.420194
147.5 -1.53232 -0.479177
147.6 -1.493 -0.536698
147.7 -1.45175 -0.592689
147.8 -1.4083 -0.64707
147.9 -1.36231 -0.699752
148 -1.31335 -0.75063
148.1 -1.2609 -0.799582
148.2 -1.20426 -0.846463
148.3 -1.14255 -0.891097
148.4 -1.07456 -0.93327
148.5 -0.998692 -0.972713
148.6 -0.912705 -1.00909
148.7 -0.813437 -1.04195
148.8 -0.696312 -1.07072
148.9 -0.554608 -1.09459
149 -0.378403 -1.11246
149.1 -0.153445 -1.12275
149.2 0.138526 -1.12328
149.3 0.512595 -1.11117
149.4 0.956289 -1.08338
149.5 1.3967 -1.03846
149.6 1.72963 -0.978558
149.7 1.91705 -0.90878
149.8 1.99776 -0.834077
149.9 2.02126 -0.757533
150 2.01803 -0.680679
150.1 2.00278 -0.60421
150.2 1.98205 -0.528439
150.3 1.95861 -0.453515
150.4 1.93367 -0.379513
150.5 1.90774 -0.306479
150.6 1.88101 -0.234447
150.7 1.85356 -0.163445
150.8 1.82538 -0.0935009
150.9 1.79646 -0.0246419
151 1.76674 0.0431022
151.1 1.73616 0.1097
151.2 1.70466 0.175119
151.3 1.67215 0.23932
151.4 1.63853 0.302265
151.5 1.60368 0.363908
151.6 1.56747 0.4242
151.7 1.52973 0.483088
151.8 1.49029 0.540508
151.9 1.4489 0.596393
152 1.40529 0.650663
152.1 1.35912 0.703227
152.2 1.30995 0.75398
152.3 1.25724 0.802798
152.4 1.20029 0.849534
152.5 1.13819 0.89401
152.6 1.06973 0.936008
152.7 0.993262 0.975257
152.8 0.906495 1.01141
152.9 0.80619 1.04402
153 0.687654 1.07249
153.1 0.543987 1.096
153.2 0.365006 1.11341
153.3 0.136147 1.12312
153.4 -0.160991 1.1229
153.5 -0.540653 1.10982
153.6 -0.987166 1.0809
153.7 -1.42341 1.03486
153.8 -1.74662 0.974118
153.9 -1.92519 0.903871
154 -2.00068 0.82897
154.1 -2.02166 0.75237
154.2 -2.01728 0.675525
154.3 -2.00152 0.599096
154.4 -1.98054 0.523379
154.5 -1.95697 0.448515
154.6 -1.93196 0.374577
154.7 -1.90597 0.301609
154.8 -1.87919 0.229645
154.9 -1.85169 0.158713
155 -1.82346 0.0888411
155.1 -1.79449 0.0200561
155.2 -1.76471 -0.0476121
155.3 -1.73408 -0.114132
155.4 -1.70251 -0.17947
155.5 -1.66993 -0.243588
155.6 -1.63622 -0.306447
155.7 -1.60129 -0.368001
155.8 -1.56498 -0.4282
155.9 -1.52714 -0.486991
156 -1.48757 -0.544311
156.1 -1.44604 -0.60009
156.2 -1.40228 -0.654248
156.3 -1.35591 -0.706694
156.4 -1.30652 -0.757322
156.5 -1.25355 -0.806005
156.6 -1.19629 -0.852595
156.7 -1.13381 -0.896911
156.8 -1.06487 -0.938734
156.9 -0.987787 -0.977787
157 -0.900225 -1.01372
157.1 -0.798862 -1.04607
157.2 -0.678884 -1.07423
157.3 -0.533207 -1.09737
157.4 -0.351385 -1.11433
157.5 -0.118541 -1.12345
157.6 0.183839 -1.12246
157.7 0.56904 -1.10841
157.8 1.01801 -1.07834
157.9 1.44957 -1.03119
158 1.76292 -0.969634
158.1 1.93287 -0.898942
158.2 2.00337 -0.823855
158.3 2.02194 -0.747205
158.4 2.01648 -0.670374
158.5 2.00023 -0.593985
158.6 1.97902 -0.518322
158.7 1.95533 -0.443518
158.8 1.93024 -0.369644
158.9 1.90419 -0.296743
159 1.87737 -0.224848
159.1 1.84981 -0.153986
159.2 1.82154 -0.0841862
159.3 1.79251 -0.0154753
159.4 1.76268 0.0521168
159.5 1.73199 0.118558
159.6 1.70036 0.183815
159.7 1.6677 0.24785
159.8 1.63392 0.310623
159.9 1.59889 0.372087
160 1.56249 0.432194
160.1 1.52454 0.490888
160.2 1.48485 0.548107
160.3 1.44318 0.60378
160.4 1.39925 0.657826
160.5 1.3527 0.710153
160.6 1.30308 0.760654
160.7 1.24985 0.809202
160.8 1.19227 0.855645
160.9 1.1294 0.899802
161 1.05997 0.941448
161.1 0.982264 0.980303
161.2 0.893893 1.01601
161.3 0.79145 1.0481
161.4 0.669999 1.07596
161.5 0.522266 1.09872
161.6 0.337536 1.11521
161.7 0.10062 1.12373
161.8 -0.207071 1.12196
161.9 -0.597742 1.10692
162 -1.04879 1.0757
162.1 -1.47515 1.02746
162.2 -1.77855 0.96511
162.3 -1.9401 0.893994
162.4 -2.00582 0.818734
162.5 -2.02212 0.74204
162.6 -2.01563 0.665224
162.7 -1.99892 0.588878
162.8 -1.97749 0.51327
162.9 -1.95368 0.438526
163 -1.92852 0.364716
163.1 -1.90242 0.291882
163.2 -1.87554 0.220055
163.3 -1.84794 0.149264
163.4 -1.81961 0.0795363
163.5 -1.79053 0.0108996
163.6 -1.76065 -0.0566162
163.7 -1.72989 -0.122979
163.8 -1.69819 -0.188155
163.9 -1.66547 -0.252107
164 -1.63161 -0.314793
164.1 -1.59649 -0.376168
164.2 -1.55999 -0.436182
164.3 -1.52193 -0.494779
164.4 -1.48211 -0.551896
164.5 -1.4403 -0.607462
164.6 -1.39621 -0.661396
164.7 -1.34946 -0.713604
164.8 -1.29963 -0.763978
164.9 -1.24613 -0.812389
165 -1.18822 -0.858685
165.1 -1.12495 -0.90268
165.2 -1.05503 -0.944149
165.3 -0.976694 -0.982805
165.4 -0.887498 -1.01828
165.5 -0.783954 -1.05011
165.6 -0.660997 -1.07766
165.7 -0.51116 -1.10004
165.8 -0.323453 -1.11605
165.9 -0.082378 -1.12396
166 0.230691 -1.1214
166.1 0.626745 -1.10535
166.2 1.07947 -1.07298
166.3 1.50015 -1.02366
166.4 1.79351 -0.960547
166.5 1.94691 -0.889028
166.6 2.00807 -0.813606
166.7 2.0222 -0.736875
166.8 2.01474 -0.660077
166.9 1.99759 -0.583774
167 1.97595 -0.508221
167.1 1.95203 -0.433539
167.2 1.92679 -0.359793
167.3 1.90063 -0.287025
167.4 1.87371 -0.215267
167.5 1.84606 -0.144547
167.6 1.81769 -0.0748912
167.7 1.78855 -0.00632889
167.8 1.75861 0.0611105
167.9 1.72779 0.127395
168 1.69603 0.19249
168.1 1.66323 0.256358
168.2 1.62929 0.318957
168.3 1.59409 0.380243
168.4 1.55748 0.440163
168.5 1.51931 0.498663
168.6 1.47937 0.555678
168.7 1.43742 0.611137
168.8 1.39315 0.664958
168.9 1.34622 0.717047
169 1.29616 0.767293
169.1 1.24238 0.815567
169.2 1.18415 0.861715
169.3 1.12048 0.905548
169.4 1.05005 0.946837
169.5 0.971075 0.985292
169.6 0.881038 1.02054
169.7 0.776371 1.05211
169.8 0.651875 1.07933
169.9 0.499885 1.10133
170 0.309131 1.11686
170.1 0.0638097 1.12415
170.2 -0.254698 1.12078
170.3 -0.656031 1.10371
170.4 -1.11001 1.07019
170.5 -1.52453 1.01979
170.6 -1.80782 0.955946
170.7 -1.9533 0.884046
170.8 -2.01011 0.808474
170.9 -2.02219 0.731709
171 -2.01381 0.654932
171.1 -1.99624 0.578674
171.2 -1.97439 0.503176
171.3 -1.95037 0.428555
171.4 -1.92506 0.354874
171.5 -1.89885 0.282173
171.6 -1.87187 0.210484
171.7 -1.84418 0.139834
171.8 -1.81575 0.0702511
171.9 -1.78657 0.00176326
172 -1.75657 -0.0655996
172.1 -1.72569 -0.131805
172.2 -1.69386 -0.196819
172.3 -1.66099 -0.260603
172.4 -1.62696 -0.323116
172.5 -1.59167 -0.384311
172.6 -1.55497 -0.444138
172.7 -1.51669 -0.50254
172.8 -1.47662 -0.559453
172.9 -1.43452 -0.614805
173 -1.39009 -0.668513
173.1 -1.34296 -0.720481
173.2 -1.29267 -0.770599
173.3 -1.23862 -0.818735
173.4 -1.18006 -0.864734
173.5 -1.11598 -0.908404
173.6 -1.04504 -0.949512
173.7 -0.965406 -0.987765
173.8 -0.874513 -1.02279
173.9 -0.768699 -1.05408
174 -0.64263 -1.08099
174.1 -0.488436 -1.10259
174.2 -0.294564 -1.11763
174.3 -0.044909 -1.12429
174.4 0.279093 -1.1201
174.5 0.685584 -1.102
174.6 1.14038 -1.06731
174.7 1.54827 -1.01587
174.8 1.82148 -0.95131
174.9 1.9593 -0.879047
175 2.01195 -0.803336
175.1 2.02209 -0.726544
175.2 2.01284 -0.649789
175.3 1.99488 -0.573577
175.4 1.97283 -0.498135
175.5 1.9487 -0.423576
175.6 1.92333 -0.349959
175.7 1.89706 -0.277326
175.8 1.87003 -0.205705
175.9 1.84229 -0.135126
176 1.81382 -0.065616
176.1 1.78458 0.00279728
176.2 1.75452 0.0700834
176.3 1.72358 0.13621
176.4 1.69169 0.201143
176.5 1.65874 0.264843
176.6 1.62463 0.327268
176.7 1.58925 0.388373
176.8 1.55245 0.448106
176.9 1.51405 0.50641
177 1.47386 0.563221
177.1 1.43161 0.618465
177.2 1.38701 0.672059
177.3 1.33969 0.723907
177.4 1.28916 0.773896
177.5 1.23484 0.821894
177.6 1.17594 0.867742
177.7 1.11145 0.911249
177.8 1.03999 0.952175
177.9 0.959687 0.990223
178 0.867922 1.02501
178.1 0.760937 1.05603
178.2 0.63326 1.08262
178.3 0.476811 1.10383
178.4 0.279747 1.11836
178.5 0.0256701 1.12438
178.6 -0.303876 1.11935
178.7 -0.715384 1.10021
178.8 -1.17053 1.06436
178.9 -1.57137 1.01188
179 -1.83452 0.946639
179.1 -1.96491 0.874034
179.2 -2.01361 0.798194
179.3 -2.02191 0.721379
179.4 -2.01183 0.644649
179.5 -1.99349 0.568483
179.6 -1.97127 0.493098
179.7 -1.94703 0.418601
179.8 -1.92159 0.345049
179.9 -1.89527 0.272483
180 -1.86819 0.200931
180.1 -1.8404 0.130423
180.2 -1.81188 0.0609858
180.3 -1.78259 -0.00735274
180.4 -1.75247 -0.0745621
180.5 -1.72147 -0.14061
180.6 -1.68951 -0.205461
180.7 -1.65648 -0.269076
180.8 -1.6223 -0.331415
180.9 -1.58683 -0.392429
181 -1.54992 -0.452068
181.1 -1.51141 -0.510274
181.2 -1.47109 -0.566982
181.3 -1.42869 -0.622118
181.4 -1.38392 -0.675598
181.5 -1.3364 -0.727324
181.6 -1.28564 -0.777184
181.7 -1.23104 -0.825043
181.8 -1.1718 -0.870741
181.9 -1.10688 -0.914082
182 -1.03489 -0.954825
182.1 -0.953917 -0.992667
182.2 -0.861262 -1.02722
182.3 -0.753083 -1.05797
182.4 -0.623761 -1.08422
182.5 -0.465004 -1.10503
182.6 -0.264674 -1.11906
182.7 -0.00608741 -1.12442
182.8 0.329045 -1.11855
182.9 0.745409 -1.09835
183 1.20043 -1.06133
183.1 1.5938 -1.00784
183.2 1.84693 -0.941935
183.3 1.97017 -0.869007
183.4 2.0151 -0.793048
183.5 2.02165 -0.716215
183.6 2.01079 -0.639512
183.7 1.99209 -0.563393
183.8 1.96969 -0.488065
183.9 1.94536 -0.41363
184 1.91985 -0.340143
184.1 1.89347 -0.267644
184.2 1.86635 -0.196162
184.3 1.83851 -0.125725
184.4 1.80993 -0.0563605
184.5 1.78059 0.0119031
184.6 1.75042 0.0790355
184.7 1.71936 0.145004
184.8 1.68732 0.209773
184.9 1.65423 0.273304
185 1.61996 0.335555
185.1 1.5844 0.396479
185.2 1.54739 0.456024
185.3 1.50876 0.514131
185.4 1.46831 0.570736
185.5 1.42576 0.625763
185.6 1.38082 0.679128
185.7 1.3331 0.730734
185.8 1.2821 0.780463
185.9 1.22721 0.828183
186 1.16763 0.873728
186.1 1.10229 0.916903
186.2 1.02976 0.957462
186.3 0.948095 0.995096
186.4 0.854533 1.02941
186.5 0.745134 1.05988
186.6 0.614131 1.0858
186.7 0.453011 1.1062
186.8 0.249339 1.11971
186.9 -0.0138445 1.12441
187 -0.354599 1.11767
187.1 -0.775637 1.0964
187.2 -1.23005 1.05823
187.3 -1.61556 1.00374
187.4 -1.85875 0.937201
187.5 -1.97508 0.863967
187.6 -2.01642 0.787899
187.7 -2.02131 0.711051
187.8 -2.00971 0.634378
187.9 -1.99067 0.558307
188 -1.9681 0.483037
188.1 -1.94367 0.408663
188.2 -1.9181 0.335242
188.3 -1.89167 0.26281
188.4 -1.8645 0.191398
188.5 -1.83661 0.121032
188.6 -1.80799 0.0517402
188.7 -1.77859 -0.0164484
188.8 -1.74836 -0.0835036
188.9 -1.71724 -0.149393
189 -1.68513 -0.21408
189.1 -1.65196 -0.277526
189.2 -1.61761 -0.33969
189.3 -1.58196 -0.400523
189.4 -1.54485 -0.459973
189.5 -1.5061 -0.517981
189.6 -1.46552 -0.574482
189.7 -1.42282 -0.629401
189.8 -1.37771 -0.682651
189.9 -1.32978 -0.734134
190 -1.27854 -0.783734
190.1 -1.22337 -0.831312
190.2 -1.16343 -0.876705
190.3 -1.09766 -0.919712
190.4 -1.02459 -0.960085
190.5 -0.942219 -0.99751
190.6 -0.847734 -1.03158
190.7 -0.737089 -1.06177
190.8 -0.604367 -1.08736
190.9 -0.440828 -1.10734
191 -0.233736 -1.12033
191.1 0.0341308 -1.12435
191.2 0.380535 -1.11673
191.3 0.806043 -1.09438
191.4 1.25934 -1.05505
191.5 1.63663 -0.999588
191.6 1.86999 -0.932437
191.7 1.97966 -0.858914
191.8 2.01758 -0.782746
191.9 2.02091 -0.705889
192 2.00861 -0.629246
192.1 1.98924 -0.553224
192.2 1.96651 -0.478012
192.3 1.94199 -0.403701
192.4 1.91635 -0.330345
192.5 1.88987 -0.257981
192.6 1.86265 -0.186638
192.7 1.83471 -0.116343
192.8 1.80604 -0.0471249
192.9 1.77658 0.0209885
193 1.7463 0.0879665
193.1 1.71511 0.153776
193.2 1.68294 0.218381
193.3 1.64969 0.281743
193.4 1.61526 0.343818
193.5 1.57951 0.40456
193.6 1.5423 0.463915
193.7 1.50344 0.521824
193.8 1.46272 0.578222
193.9 1.41987 0.633031
194 1.37458 0.686166
194.1 1.32645 0.737526
194.2 1.27497 0.786995
194.3 1.2195 0.834432
194.4 1.15921 0.879671
194.5 1.093 0.92251
194.6 1.01937 0.962695
194.7 0.936289 0.999909
194.8 0.840862 1.03374
194.9 0.728945 1.06364
195 0.594465 1.08889
195.1 0.428451 1.10845
195.2 0.217861 1.12091
195.3 -0.0547767 1.12424
195.4 -0.406848 1.11573
195.5 -0.836601 1.09228
195.6 -1.28828 1.0518
195.7 -1.65701 0.995382
195.8 -1.88065 0.927646
195.9 -1.98393 0.853851
196 -2.0186 0.777591
196.1 -2.02043 0.700727
196.2 -2.00747 0.624117
196.3 -1.98779 0.548146
196.4 -1.96491 0.472991
196.5 -1.9403 0.398743
196.6 -1.91459 0.325453
196.7 -1.88806 0.253156
196.8 -1.8608 0.181883
196.9 -1.83281 0.11166
197 -1.80408 0.0425146
197.1 -1.77458 -0.0255235
197.2 -1.74423 -0.092424
197.3 -1.71298 -0.158154
197.4 -1.68074 -0.222677
197.5 -1.64742 -0.285953
197.6 -1.6129 -0.347941
197.7 -1.57706 -0.408591
197.8 -1.53974 -0.467851
197.9 -1.50076 -0.525661
198 -1.45991 -0.581954
198.1 -1.41691 -0.636654
198.2 -1.37144 -0.689673
198.3 -1.3231 -0.74091
198.4 -1.27137 -0.790246
198.5 -1.21561 -0.837542
198.6 -1.15496 -0.882627
198.7 -1.0883 -0.925295
198.8 -1.01412 -0.965292
198.9 -0.930304 -1.00229
199 -0.833916 -1.03588
199.1 -0.7207 -1.0655
199.2 -0.584422 -1.09039
199.3 -0.415874 -1.10953
199.4 -0.201706 -1.12144
199.5 0.0757868 -1.12407
199.6 0.433532 -1.11466
199.7 0.867284 -1.09011
199.8 1.31682 -1.04847
199.9 1.6767 -0.991123
200 1.89077 -0.922827
