0 2 0
0.1 1.86753 0.0724393
0.2 1.78595 0.141007
0.3 1.72694 0.20699
0.4 1.67871 0.270983
0.5 1.63566 0.333272
0.6 1.59487 0.393992
0.7 1.55472 0.453195
0.8 1.5142 0.510884
0.9 1.47263 0.567032
1 1.42948 0.621589
1.1 1.38428 0.674486
1.2 1.33653 0.725638
1.3 1.2857 0.774939
1.4 1.23113 0.822261
1.5 1.17201 0.867448
1.6 1.10727 0.910311
1.7 1.0355 0.950614
1.8 0.95478 0.988057
1.9 0.862389 1.02226
2 0.754452 1.0527
2.1 0.625292 1.07872
2.2 0.466497 1.09935
2.3 0.265708 1.11327
2.4 0.00584286 1.11859
2.5 -0.331922 1.11273
2.6 -0.752349 1.09257
2.7 -1.21102 1.05564
2.8 -1.60443 1.00234
2.9 -1.85417 0.936834
3 -1.97374 0.864527
3.1 -2.01629 0.78934
3.2 -2.02162 0.713353
3.3 -2.01026 0.637528
3.4 -1.99143 0.562291
3.5 -1.96909 0.487837
3.6 -1.94493 0.41426
3.7 -1.91964 0.341614
3.8 -1.89352 0.269936
3.9 -1.86668 0.199253
4 -1.83914 0.129592
4.1 -1.81088 0.0609804
4.2 -1.78187 -0.00655513
4.3 -1.75205 -0.0729851
4.4 -1.72136 -0.138278
4.5 -1.68972 -0.202399
4.6 -1.65705 -0.265312
4.7 -1.62323 -0.326975
4.8 -1.58815 -0.387344
4.9 -1.55167 -0.446368
5 -1.51361 -0.503991
5.1 -1.47377 -0.560151
5.2 -1.43191 -0.614776
5.3 -1.38773 -0.667785
5.4 -1.34086 -0.719084
5.5 -1.29084 -0.768562
5.6 -1.23707 -0.816092
5.7 -1.17879 -0.861519
5.8 -1.11501 -0.904655
5.9 -1.04436 -0.945268
6 -0.96501 -0.983069
6.1 -0.874375 -1.01768
6.2 -0.768757 -1.04862
6.3 -0.642756 -1.07523
6.4 -0.488378 -1.0966
6.5 -0.293836 -1.11145
6.6 -0.0426311 -1.11798
6.7 0.284312 -1.1137
6.8 0.695161 -1.09553
6.9 1.15377 -1.0608
7 1.56144 -1.00942
7.1 1.83043 -0.945164
7.2 1.96369 -0.873469
7.3 2.01338 -0.798507
7.4 2.02199 -0.722559
7.5 2.01209 -0.646689
7.6 1.99392 -0.571369
7.7 1.97191 -0.496814
7.8 1.94792 -0.423128
7.9 1.92275 -0.350368
8 1.89672 -0.27857
8.1 1.86997 -0.207765
8.2 1.84251 -0.137979
8.3 1.81434 -0.0692389
8.4 1.78543 -0.00157144
8.5 1.75571 0.0649941
8.6 1.72513 0.130426
8.7 1.69361 0.194692
8.8 1.66107 0.257753
8.9 1.62739 0.31957
9 1.59247 0.380098
9.1 1.55617 0.439288
9.2 1.51831 0.497084
9.3 1.4787 0.553425
9.4 1.4371 0.60824
9.5 1.39322 0.66145
9.6 1.3467 0.712961
9.7 1.29709 0.762667
9.8 1.24381 0.810441
9.9 1.18613 0.856132
10 1.12307 0.899556
10.1 1.05334 0.94049
10.2 0.975168 0.978649
10.3 0.886071 1.01367
10.4 0.782515 1.04509
10.5 0.659348 1.07227
10.6 0.508949 1.09433
10.7 0.320059 1.11005
10.8 0.0767426 1.11771
10.9 -0.240137 1.1149
11 -0.641469 1.09858
11.1 -1.09855 1.06593
11.2 -1.51844 1.01644
11.3 -1.80591 0.953452
11.4 -1.95306 0.882395
11.5 -2.01018 0.807676
11.6 -2.02224 0.731774
11.7 -2.01386 0.655861
11.8 -1.99638 0.580459
11.9 -1.9747 0.505805
12 -1.9509 0.43201
12.1 -1.92585 0.359135
12.2 -1.89992 0.287219
12.3 -1.87325 0.216293
12.4 -1.84588 0.146382
12.5 -1.8178 0.0775133
12.6 -1.78897 0.00971421
12.7 -1.75936 -0.0569865
12.8 -1.72888 -0.122558
12.9 -1.69748 -0.186967
13 -1.66507 -0.250176
13.1 -1.63154 -0.312146
13.2 -1.59678 -0.372833
13.3 -1.56065 -0.432188
13.4 -1.52299 -0.490156
13.5 -1.4836 -0.546677
13.6 -1.44226 -0.601681
13.7 -1.39867 -0.655089
13.8 -1.35249 -0.706812
13.9 -1.30328 -0.756743
14 -1.25048 -0.804759
14.1 -1.19338 -0.850711
14.2 -1.13104 -0.894421
14.3 -1.0622 -0.93567
14.4 -0.985167 -0.974184
14.5 -0.897556 -1.00961
14.6 -0.795988 -1.04149
14.7 -0.675545 -1.06922
14.8 -0.528962 -1.09196
14.9 -0.345487 -1.10854
15 -0.109767 -1.11729
15.1 0.197248 -1.11589
15.2 0.588691 -1.10138
15.3 1.0428 -1.07081
15.4 1.47335 -1.02325
15.5 1.77926 -0.961623
15.6 1.94113 -0.891271
15.7 2.00635 -0.816828
15.8 2.02219 -0.740988
15.9 2.0155 -0.66504
16 1.99879 -0.589561
16.1 1.97747 -0.514808
16.2 1.95386 -0.440905
16.3 1.92894 -0.367916
16.4 1.9031 -0.295883
16.5 1.87652 -0.224835
16.6 1.84923 -0.1548
16.7 1.82124 -0.0858033
16.8 1.79251 -0.0178731
16.9 1.76299 0.0489623
17 1.73263 0.114672
17.1 1.70134 0.179224
17.2 1.66905 0.242581
17.3 1.63567 0.304703
17.4 1.60106 0.365548
17.5 1.5651 0.425067
17.6 1.52764 0.483206
17.7 1.48847 0.539906
17.8 1.44738 0.595098
17.9 1.40409 0.648705
18 1.35824 0.700637
18.1 1.30943 0.750791
18.2 1.2571 0.799046
18.3 1.20056 0.845257
18.4 1.13891 0.88925
18.5 1.07094 0.930811
18.6 0.995011 0.969673
18.7 0.908838 1.0055
18.8 0.809187 1.03784
18.9 0.691362 1.06611
19 0.548438 1.08951
19.1 0.370153 1.10691
19.2 0.141741 1.11671
19.3 -0.155638 1.1167
19.4 -0.536927 1.10395
19.5 -0.986733 1.07543
19.6 -1.4263 1.02986
19.7 -1.7504 0.969667
19.8 -1.92779 0.900088
19.9 -2.00182 0.825961
20 -2.02184 0.750202
20.1 -2.01701 0.674227
20.2 -2.00113 0.598673
20.3 -1.9802 0.523824
20.4 -1.9568 0.449814
20.5 -1.93201 0.376712
20.6 -1.90627 0.304561
20.7 -1.87978 0.233392
20.8 -1.85258 0.163233
20.9 -1.82467 0.0941089
21 -1.79603 0.0260481
21.1 -1.76661 -0.0409216
21.2 -1.73635 -0.10677
21.3 -1.70518 -0.171463
21.4 -1.67302 -0.234967
21.5 -1.63977 -0.297241
21.6 -1.60532 -0.358244
21.7 -1.56954 -0.417926
21.8 -1.53227 -0.476236
21.9 -1.49332 -0.533113
22 -1.45247 -0.588492
22.1 -1.40946 -0.642295
22.2 -1.36395 -0.694435
22.3 -1.31552 -0.744811
22.4 -1.26365 -0.793304
22.5 -1.20766 -0.839771
22.6 -1.14669 -0.884043
22.7 -1.07957 -0.925912
22.8 -1.00471 -0.965117
22.9 -0.919924 -1.00133
23 -0.822121 -1.03412
23.1 -0.706814 -1.06292
23.2 -0.5674 -1.08696
23.3 -0.394089 -1.10516
23.4 -0.172701 -1.116
23.5 0.115294 -1.11731
23.6 0.486257 -1.10628
23.7 0.93057 -1.0798
23.8 1.37744 -1.03625
23.9 1.71929 -0.977574
24 1.91293 -0.908842
24.1 1.99652 -0.835073
24.2 2.02114 -0.759414
24.3 2.01836 -0.683421
24.4 2.0034 -0.607796
24.5 1.9829 -0.532852
24.6 1.95973 -0.458736
24.7 1.93507 -0.385522
24.8 1.90944 -0.313253
24.9 1.88303 -0.241964
25 1.85591 -0.171681
25.1 1.82809 -0.10243
25.2 1.79954 -0.0342391
25.3 1.77022 0.0328644
25.4 1.74007 0.0988502
25.5 1.70901 0.163686
25.6 1.67698 0.227335
25.7 1.64387 0.289761
25.8 1.60957 0.35092
25.9 1.57395 0.410765
26 1.53687 0.469244
26.1 1.49813 0.526299
26.2 1.45753 0.581863
26.3 1.4148 0.635861
26.4 1.36961 0.688208
26.5 1.32156 0.738804
26.6 1.27014 0.787531
26.7 1.2147 0.834253
26.8 1.15438 0.878801
26.9 1.08808 0.920974
27 1.01426 0.960518
27.1 0.93082 0.997113
27.2 0.8348 1.03035
27.3 0.721916 1.05967
27.4 0.585869 1.08434
27.5 0.417325 1.10331
27.6 0.202682 1.11514
27.7 -0.0761954 1.11775
27.8 -0.436748 1.10838
27.9 -0.874511 1.08391
28 -1.32694 1.04241
28.1 -1.68589 0.985334
28.2 -1.89646 0.917524
28.3 -1.99039 0.844158
28.4 -2.02005 0.768621
28.5 -2.01954 0.69262
28.6 -2.00559 0.616929
28.7 -1.98557 0.541893
28.8 -1.96263 0.467672
28.9 -1.93812 0.394345
29 -1.91259 0.32196
29.1 -1.88627 0.250551
29.2 -1.85923 0.180144
29.3 -1.8315 0.110767
29.4 -1.80304 0.0424461
29.5 -1.77382 -0.0247908
29.6 -1.74377 -0.0909137
29.7 -1.71283 -0.15589
29.8 -1.68092 -0.219686
29.9 -1.64794 -0.282262
30 -1.61379 -0.343577
30.1 -1.57834 -0.403584
30.2 -1.54145 -0.462231
30.3 -1.50292 -0.519462
30.4 -1.46256 -0.57521
30.5 -1.4201 -0.629403
30.6 -1.37523 -0.681955
30.7 -1.32755 -0.732769
30.8 -1.27657 -0.78173
30.9 -1.22165 -0.828702
31 -1.16199 -0.873524
31.1 -1.09648 -0.915997
31.2 -1.02367 -0.955875
31.3 -0.941532 -0.992848
31.4 -0.847235 -1.02651
31.5 -0.736681 -1.05635
31.6 -0.603867 -1.08163
31.7 -0.43989 -1.10136
31.8 -0.231722 -1.11415
31.9 0.0383184 -1.11801
32 0.388448 -1.11026
32.1 0.818747 -1.08777
32.2 1.27498 -1.04834
32.3 1.65018 -0.992937
32.4 1.87826 -0.926128
32.5 1.98334 -0.853214
32.6 2.01854 -0.777823
32.7 2.02054 -0.701824
32.8 2.0077 -0.626072
32.9 1.98819 -0.550946
33 1.96551 -0.47662
33.1 1.94115 -0.403182
33.2 1.91573 -0.330682
33.3 1.88949 -0.259152
33.4 1.86255 -0.188623
33.5 1.8349 -0.119119
33.6 1.80653 -0.050669
33.7 1.7774 0.0167009
33.8 1.74746 0.0829604
33.9 1.71663 0.148078
34 1.68484 0.212018
34.1 1.652 0.274745
34.2 1.618 0.336215
34.3 1.58271 0.396383
34.4 1.546 0.455198
34.5 1.50769 0.512604
34.6 1.46756 0.568535
34.7 1.42537 0.622921
34.8 1.38081 0.675677
34.9 1.33349 0.726707
35 1.28294 0.775899
35.1 1.22854 0.823121
35.2 1.1695 0.868213
35.3 1.10477 0.910982
35.4 1.03294 0.95119
35.5 0.952068 0.988534
35.6 0.859433 1.02263
35.7 0.751123 1.05296
35.8 0.621412 1.07884
35.9 0.461812 1.09931
36 0.259856 1.11303
36.1 -0.00163531 1.1181
36.2 -0.341396 1.11192
36.3 -0.763452 1.09138
36.4 -1.22178 1.05403
36.5 -1.61217 1.00037
36.6 -1.85823 0.934644
36.7 -1.9753 0.862236
36.8 -2.01657 0.787017
36.9 -2.02133 0.711033
37 -2.00971 0.635224
37.1 -1.99076 0.56001
37.2 -1.96837 0.485582
37.3 -1.94417 0.412033
37.4 -1.91885 0.339417
37.5 -1.89271 0.267768
37.6 -1.86585 0.197116
37.7 -1.83829 0.127487
37.8 -1.81001 0.0589077
37.9 -1.78097 -0.0085946
38 -1.75113 -0.0749904
38.1 -1.72041 -0.140248
38.2 -1.68874 -0.204333
38.3 -1.65604 -0.267209
38.4 -1.62218 -0.328833
38.5 -1.58706 -0.389162
38.6 -1.55053 -0.448144
38.7 -1.51242 -0.505723
38.8 -1.47253 -0.561838
38.9 -1.4306 -0.616415
39 -1.38635 -0.669373
39.1 -1.33939 -0.720618
39.2 -1.28926 -0.770039
39.3 -1.23537 -0.817508
39.4 -1.17694 -0.862867
39.5 -1.11296 -0.90593
39.6 -1.04208 -0.946463
39.7 -0.962432 -0.984173
39.8 -0.871402 -1.01868
39.9 -0.765254 -1.0495
40 -0.638523 -1.07597
40.1 -0.483118 -1.09715
40.2 -0.287119 -1.11178
40.3 -0.0338848 -1.11803
40.4 0.295614 -1.11337
40.5 0.708783 -1.09473
40.6 1.16754 -1.05947
40.7 1.57191 -1.00763
40.8 1.83626 -0.943065
40.9 1.96616 -0.871218
41 2.01409 -0.796201
41.1 2.02189 -0.720244
41.2 2.01162 -0.644385
41.3 1.99329 -0.569086
41.4 1.9712 -0.494557
41.5 1.94717 -0.420898
41.6 1.92197 -0.348167
41.7 1.89592 -0.276399
41.8 1.86914 -0.205625
41.9 1.84166 -0.13587
42 1.81347 -0.0671623
42.1 1.78453 0.000472088
42.2 1.75479 0.0670036
42.3 1.72418 0.132401
42.4 1.69264 0.19663
42.5 1.66006 0.259654
42.6 1.62635 0.321433
42.7 1.59139 0.381921
42.8 1.55504 0.441069
42.9 1.51713 0.498822
43 1.47746 0.555117
43.1 1.4358 0.609885
43.2 1.39185 0.663044
43.3 1.34524 0.714502
43.4 1.29552 0.764151
43.5 1.24212 0.811864
43.6 1.18429 0.857488
43.7 1.12105 0.900841
43.8 1.0511 0.941694
43.9 0.972631 0.979764
44 0.883152 1.01469
44.1 0.779085 1.04598
44.2 0.655217 1.07302
44.3 0.503834 1.09491
44.4 0.313546 1.11041
44.5 0.0682748 1.11779
44.6 -0.251116 1.11462
44.7 -0.654879 1.09784
44.8 -1.11248 1.06466
44.9 -1.52944 1.01469
45 -1.81227 0.95138
45.1 -1.95585 0.880157
45.2 -2.01104 0.805373
45.3 -2.0222 0.729458
45.4 -2.01343 0.653555
45.5 -1.99577 0.578174
45.6 -1.974 0.503544
45.7 -1.95015 0.429777
45.8 -1.92507 0.356931
45.9 -1.89912 0.285045
46 -1.87242 0.214148
46.1 -1.84503 0.144269
46.2 -1.81693 0.0754327
46.3 -1.78808 0.00766662
46.4 -1.75844 -0.0590002
46.5 -1.72794 -0.124537
46.6 -1.69651 -0.188909
46.7 -1.66406 -0.252082
46.8 -1.6305 -0.314013
46.9 -1.5957 -0.37466
47 -1.55952 -0.433974
47.1 -1.52181 -0.491899
47.2 -1.48237 -0.548375
47.3 -1.44097 -0.603331
47.4 -1.39731 -0.65669
47.5 -1.35104 -0.70836
47.6 -1.30173 -0.758234
47.7 -1.24881 -0.806189
47.8 -1.19157 -0.852076
47.9 -1.12905 -0.895715
48 -1.05999 -0.936885
48.1 -0.982669 -0.97531
48.2 -0.894689 -1.01064
48.3 -0.792629 -1.0424
48.4 -0.671512 -1.07
48.5 -0.523984 -1.09256
48.6 -0.33917 -1.10893
48.7 -0.101569 -1.11741
48.8 0.207904 -1.11566
48.9 0.601861 -1.1007
49 1.05684 -1.06961
49.1 1.48487 -1.02156
49.2 1.78616 -0.959581
49.3 1.94425 -0.889046
49.4 2.00737 -0.81453
49.5 2.02223 -0.738673
49.6 2.0151 -0.662733
49.7 1.99819 -0.587273
49.8 1.97678 -0.512545
49.9 1.95312 -0.438669
50 1.92816 -0.365709
50.1 1.9023 -0.293705
50.2 1.8757 -0.222687
50.3 1.84839 -0.152683
50.4 1.82037 -0.0837187
50.5 1.79162 -0.0158215
50.6 1.76208 0.0509801
50.7 1.73169 0.116655
50.8 1.70037 0.181171
50.9 1.66805 0.244491
51 1.63463 0.306575
51.1 1.59999 0.36738
51.2 1.56399 0.426858
51.3 1.52647 0.484955
51.4 1.48725 0.54161
51.5 1.4461 0.596754
51.6 1.40273 0.650311
51.7 1.3568 0.702191
51.8 1.30789 0.752289
51.9 1.25544 0.800484
52 1.19876 0.846631
52.1 1.13694 0.890553
52.2 1.06876 0.932036
52.3 0.992551 0.97081
52.4 0.906022 1.00653
52.5 0.805895 1.03876
52.6 0.687422 1.0669
52.7 0.543593 1.09013
52.8 0.364025 1.10733
52.9 0.133804 1.11687
53 -0.165974 1.11651
53.1 -0.549834 1.10332
53.2 -1.00084 1.0743
53.3 -1.4383 1.02822
53.4 -1.75786 0.967658
53.5 -1.93128 0.897878
53.6 -2.00303 0.823668
53.7 -2.02196 0.747887
53.8 -2.01665 0.671918
53.9 -2.00054 0.596382
54 -1.97952 0.521557
54.1 -1.95607 0.447574
54.2 -1.93124 0.374501
54.3 -1.90548 0.302379
54.4 -1.87896 0.23124
54.5 -1.85174 0.161112
54.6 -1.82381 0.0920205
54.7 -1.79515 0.0239924
54.8 -1.7657 -0.0429436
54.9 -1.73542 -0.108757
55 -1.70422 -0.173415
55.1 -1.67203 -0.236882
55.2 -1.63874 -0.299118
55.3 -1.60425 -0.360081
55.4 -1.56843 -0.419722
55.5 -1.53111 -0.477989
55.6 -1.4921 -0.534822
55.7 -1.4512 -0.590154
55.8 -1.40811 -0.643908
55.9 -1.36252 -0.695996
56 -1.31399 -0.746316
56.1 -1.26201 -0.794749
56.2 -1.20589 -0.841153
56.3 -1.14475 -0.885355
56.4 -1.07741 -0.927146
56.5 -1.00228 -0.966266
56.6 -0.917156 -1.00238
56.7 -0.818895 -1.03506
56.8 -0.702965 -1.06373
56.9 -0.562682 -1.08761
57 -0.388141 -1.10561
57.1 -0.165015 -1.11619
57.2 0.125313 -1.11718
57.3 0.498882 -1.10571
57.4 0.94468 -1.07873
57.5 1.38988 -1.03466
57.6 1.72733 -0.975601
57.7 1.91681 -0.906649
57.8 1.99793 -0.832786
57.9 2.02135 -0.757099
58 2.01804 -0.68111
58.1 2.00283 -0.605502
58.2 1.98223 -0.530583
58.3 1.95899 -0.456493
58.4 1.9343 -0.383307
58.5 1.90864 -0.311068
58.6 1.88221 -0.239809
58.7 1.85507 -0.169557
58.8 1.82723 -0.100338
58.9 1.79866 -0.0321794
59 1.76931 0.0348905
59.1 1.73913 0.100842
59.2 1.70805 0.165642
59.3 1.67599 0.229255
59.4 1.64284 0.291642
59.5 1.6085 0.352762
59.6 1.57284 0.412566
59.7 1.53571 0.471003
59.8 1.49693 0.528013
59.9 1.45627 0.583531
60 1.41346 0.63748
60.1 1.36819 0.689775
60.2 1.32005 0.740316
60.3 1.26851 0.788985
60.4 1.21294 0.835642
60.5 1.15246 0.880122
60.6 1.08595 0.922218
60.7 1.01187 0.961677
60.8 0.928099 0.998177
60.9 0.831638 1.0313
61 0.718153 1.06049
61.1 0.581274 1.08501
61.2 0.41155 1.10379
61.3 0.195239 1.11537
61.4 -0.0859039 1.11766
61.5 -0.449076 1.10787
61.6 -0.888577 1.0829
61.7 -1.33977 1.04088
61.8 -1.6945 0.983399
61.9 -1.90076 0.91535
62 -1.99202 0.841878
62.1 -2.02036 0.766308
62.2 -2.01926 0.690308
62.3 -2.00504 0.614633
62.4 -1.9849 0.53962
62.5 -1.9619 0.465425
62.6 -1.93735 0.392127
62.7 -1.9118 0.319771
62.8 -1.88545 0.248392
62.9 -1.8584 0.178016
63 -1.83064 0.108671
63.1 -1.80216 0.0403824
63.2 -1.77291 -0.0268211
63.3 -1.74284 -0.0929095
63.4 -1.71187 -0.157851
63.5 -1.67993 -0.22161
63.6 -1.64692 -0.284148
63.7 -1.61273 -0.345424
63.8 -1.57724 -0.40539
63.9 -1.5403 -0.463995
64 -1.50172 -0.521182
64.1 -1.4613 -0.576884
64.2 -1.41877 -0.631028
64.3 -1.37382 -0.683529
64.4 -1.32605 -0.734288
64.5 -1.27496 -0.78319
64.6 -1.21991 -0.8301
64.7 -1.16008 -0.874853
64.8 -1.09438 -0.917251
64.9 -1.02131 -0.957046
65 -0.938858 -0.993924
65.1 -0.844133 -1.02748
65.2 -0.733002 -1.05719
65.3 -0.599388 -1.08232
65.4 -0.434281 -1.10186
65.5 -0.224512 -1.11441
65.6 0.0477225 -1.11796
65.7 0.400469 -1.10981
65.8 0.832722 -1.08683
65.9 1.28816 -1.04687
66 1.65937 -0.991042
66.1 1.883 -0.923974
66.2 1.98521 -0.850942
66.3 2.01897 -0.775512
66.4 2.02031 -0.699511
66.5 2.00717 -0.623773
66.6 1.98753 -0.54867
66.7 1.96479 -0.47437
66.8 1.94039 -0.40096
66.9 1.91494 -0.328489
67 1.88868 -0.25699
67.1 1.86171 -0.186491
67.2 1.83405 -0.117019
67.3 1.80565 -0.0486013
67.4 1.7765 0.0187352
67.5 1.74653 0.0849605
67.6 1.71567 0.150043
67.7 1.68385 0.213947
67.8 1.65098 0.276635
67.9 1.61694 0.338066
68 1.58162 0.398194
68.1 1.54486 0.456967
68.2 1.50649 0.514329
68.3 1.46631 0.570215
68.4 1.42405 0.624552
68.5 1.37941 0.677257
68.6 1.332 0.728233
68.7 1.28135 0.777367
68.8 1.22682 0.824526
68.9 1.16762 0.869551
69 1.1027 0.912246
69.1 1.03062 0.952371
69.2 0.949437 0.989623
69.3 0.856389 1.02361
69.4 0.747524 1.05382
69.5 0.617045 1.07954
69.6 0.456362 1.09983
69.7 0.252869 1.11332
69.8 -0.0107422 1.11809
69.9 -0.3531 1.11152
70 -0.777293 1.09049
70.1 -1.23525 1.05262
70.2 -1.62194 0.998519
70.3 -1.86344 0.932513
70.4 -1.97742 0.859972
70.5 -2.01711 0.784708
70.6 -2.02115 0.708719
70.7 -2.00921 0.632923
70.8 -1.99012 0.557731
70.9 -1.96765 0.483329
71 -1.94341 0.409808
71.1 -1.91807 0.337221
71.2 -1.8919 0.265602
71.3 -1.86502 0.194981
71.4 -1.83744 0.125383
71.5 -1.80914 0.056836
71.6 -1.78008 -0.010633
71.7 -1.75021 -0.0769946
71.8 -1.71946 -0.142217
71.9 -1.68776 -0.206266
72 -1.65502 -0.269104
72.1 -1.62113 -0.33069
72.2 -1.58597 -0.390978
72.3 -1.5494 -0.449918
72.4 -1.51123 -0.507454
72.5 -1.47128 -0.563523
72.6 -1.42929 -0.618052
72.7 -1.38496 -0.670959
72.8 -1.33791 -0.72215
72.9 -1.28768 -0.771514
73 -1.23366 -0.818921
73.1 -1.17508 -0.864214
73.2 -1.11092 -0.907203
73.3 -1.0398 -0.947654
73.4 -0.959844 -0.985273
73.5 -0.868416 -1.01968
73.6 -0.761732 -1.05038
73.7 -0.634263 -1.07669
73.8 -0.477821 -1.0977
73.9 -0.280348 -1.11211
74 -0.0250671 -1.11806
74.1 0.306998 -1.11303
74.2 0.722453 -1.09391
74.3 1.18125 -1.05813
74.4 1.58223 -1.00582
74.5 1.84197 -0.940958
74.6 1.96857 -0.868965
74.7 2.01476 -0.793895
74.8 2.02177 -0.71793
74.9 2.01115 -0.642082
75 1.99266 -0.566805
75.1 1.97049 -0.4923
75.2 1.94641 -0.418669
75.3 1.92119 -0.345967
75.4 1.89512 -0.274229
75.5 1.86832 -0.203485
75.6 1.84082 -0.133762
75.7 1.8126 -0.0650866
75.8 1.78364 0.0025146
75.9 1.75387 0.069012
76 1.72324 0.134374
76.1 1.69166 0.198567
76.2 1.65905 0.261554
76.3 1.6253 0.323294
76.4 1.5903 0.383742
76.5 1.55391 0.442849
76.6 1.51595 0.500558
76.7 1.47623 0.556808
76.8 1.4345 0.611528
76.9 1.39047 0.664637
77 1.34377 0.716041
77.1 1.29395 0.765633
77.2 1.24043 0.813285
77.3 1.18245 0.858843
77.4 1.11903 0.902123
77.5 1.04884 0.942896
77.6 0.970084 0.980876
77.7 0.88022 1.0157
77.8 0.775637 1.04687
77.9 0.65106 1.07377
78 0.498683 1.09548
78.1 0.306982 1.11077
78.2 0.0597379 1.11787
78.3 -0.262176 1.11432
78.4 -0.668344 1.09708
78.5 -1.12638 1.06338
78.6 -1.54031 1.01293
78.7 -1.81849 0.949301
78.8 -1.95856 0.877915
78.9 -2.01186 0.80307
79 -2.02215 0.727143
79.1 -2.01298 0.65125
79.2 -1.99515 0.575889
79.3 -1.9733 0.501285
79.4 -1.9494 0.427544
79.5 -1.92429 0.354727
79.6 -1.89831 0.282871
79.7 -1.8716 0.212005
79.8 -1.84419 0.142157
79.9 -1.81606 0.073353
80 -1.78719 0.00562005
80.1 -1.75753 -0.0610128
80.2 -1.727 -0.126514
80.3 -1.69554 -0.190851
80.4 -1.66306 -0.253986
80.5 -1.62946 -0.315879
80.6 -1.59462 -0.376487
80.7 -1.5584 -0.435759
80.8 -1.52064 -0.493641
80.9 -1.48114 -0.550071
81 -1.43967 -0.60498
81.1 -1.39594 -0.658289
81.2 -1.34959 -0.709906
81.3 -1.30018 -0.759724
81.4 -1.24714 -0.807618
81.5 -1.18975 -0.853439
81.6 -1.12705 -0.897006
81.7 -1.05777 -0.938097
81.8 -0.980161 -0.976434
81.9 -0.89181 -1.01166
82 -0.789252 -1.04331
82.1 -0.667454 -1.07076
82.2 -0.518973 -1.09316
82.3 -0.332805 -1.10931
82.4 -0.0933044 -1.11752
82.5 0.218641 -1.11542
82.6 0.615094 -1.1
82.7 1.07087 -1.06839
82.8 1.49626 -1.01985
82.9 1.79292 -0.957532
83 1.94729 -0.886817
83.1 2.00836 -0.812231
83.2 2.02225 -0.736357
83.3 2.01469 -0.660426
83.4 1.99759 -0.584985
83.5 1.97608 -0.510282
83.6 1.95237 -0.436433
83.7 1.92739 -0.363502
83.8 1.9015 -0.291527
83.9 1.87488 -0.22054
84 1.84755 -0.150567
84.1 1.81951 -0.0816352
84.2 1.79073 -0.0137708
84.3 1.76117 0.0529969
84.4 1.73075 0.118637
84.5 1.6994 0.183117
84.6 1.66705 0.2464
84.7 1.63359 0.308446
84.8 1.59891 0.369212
84.9 1.56287 0.428648
85 1.5253 0.486702
85.1 1.48603 0.543312
85.2 1.44481 0.598409
85.3 1.40137 0.651916
85.4 1.35536 0.703743
85.5 1.30635 0.753786
85.6 1.25378 0.801921
85.7 1.19696 0.848002
85.8 1.13497 0.891853
85.9 1.06656 0.933258
86 0.990083 0.971945
86.1 0.903193 1.00757
86.2 0.802587 1.03968
86.3 0.68346 1.06768
86.4 0.538715 1.09075
86.5 0.35785 1.10774
86.6 0.125802 1.11702
86.7 -0.17639 1.11632
86.8 -0.562809 1.10269
86.9 -1.01493 1.07314
87 -1.45018 1.02657
87.1 -1.76518 0.965641
87.2 -1.93467 0.895665
87.3 -2.00419 0.821374
87.4 -2.02206 0.745572
87.5 -2.01627 0.669609
87.6 -1.99996 0.594092
87.7 -1.97883 0.519291
87.8 -1.95533 0.445335
87.9 -1.93047 0.37229
88 -1.90468 0.300198
88.1 -1.87814 0.22909
88.2 -1.8509 0.158993
88.3 -1.82295 0.089933
88.4 -1.79426 0.0219377
88.5 -1.76479 -0.0449645
88.6 -1.73448 -0.110743
88.7 -1.70326 -0.175366
88.8 -1.67103 -0.238795
88.9 -1.63771 -0.300994
89 -1.60318 -0.361917
89.1 -1.56731 -0.421517
89.2 -1.52994 -0.479742
89.3 -1.49089 -0.53653
89.4 -1.44992 -0.591815
89.5 -1.40676 -0.645519
89.6 -1.36109 -0.697555
89.7 -1.31246 -0.74782
89.8 -1.26036 -0.796193
89.9 -1.2041 -0.842532
90 -1.14279 -0.886664
90.1 -1.07525 -0.928379
90.2 -0.999852 -0.967412
90.3 -0.914377 -1.00343
90.4 -0.815653 -1.036
90.5 -0.699093 -1.06453
90.6 -0.557933 -1.08825
90.7 -0.382149 -1.10605
90.8 -0.157267 -1.11637
90.9 0.135412 -1.11703
91 0.51158 -1.10513
91.1 0.958794 -1.07764
91.2 1.40221 -1.03307
91.3 1.73521 -0.973618
91.4 1.92059 -0.904451
91.5 1.99928 -0.830497
91.6 2.02153 -0.754785
91.7 2.0177 -0.6788
91.8 2.00226 -0.60321
91.9 1.98155 -0.528314
92 1.95826 -0.454251
92.1 1.93353 -0.381093
92.2 1.90785 -0.308883
92.3 1.8814 -0.237654
92.4 1.85424 -0.167433
92.5 1.82637 -0.0982464
92.6 1.79778 -0.0301207
92.7 1.76841 0.0369156
92.8 1.7382 0.102832
92.9 1.70709 0.167597
93 1.67499 0.231173
93.1 1.64181 0.293523
93.2 1.60744 0.354603
93.3 1.57174 0.414366
93.4 1.53456 0.47276
93.5 1.49572 0.529726
93.6 1.45499 0.585197
93.7 1.41212 0.639098
93.8 1.36677 0.691341
93.9 1.31853 0.741826
94 1.26688 0.790436
94.1 1.21117 0.83703
94.2 1.15053 0.88144
94.3 1.08381 0.92346
94.4 1.00947 0.962834
94.5 0.925367 0.999238
94.6 0.828459 1.03225
94.7 0.714369 1.06131
94.8 0.576648 1.08567
94.9 0.405733 1.10426
95 0.187735 1.11559
95.1 -0.0956901 1.11755
95.2 -0.46148 1.10735
95.3 -0.902658 1.08188
95.4 -1.35251 1.03934
95.5 -1.70296 0.981454
95.6 -1.90495 0.913171
95.7 -1.99358 0.839596
95.8 -2.02065 0.763995
95.9 -2.01897 0.687996
96 -2.0045 0.612338
96.1 -1.98423 0.537348
96.2 -1.96117 0.463179
96.3 -1.93659 0.389909
96.4 -1.911 0.317583
96.5 -1.88464 0.246234
96.6 -1.85756 0.175889
96.7 -1.82979 0.106575
96.8 -1.80128 0.0383197
96.9 -1.77201 -0.0288503
97 -1.74191 -0.0949043
97.1 -1.71091 -0.15981
97.2 -1.67894 -0.223532
97.3 -1.64589 -0.286033
97.4 -1.61167 -0.347269
97.5 -1.57614 -0.407195
97.6 -1.53915 -0.465758
97.7 -1.50052 -0.5229
97.8 -1.46004 -0.578556
97.9 -1.41744 -0.632652
98 -1.37241 -0.685101
98.1 -1.32455 -0.735805
98.2 -1.27334 -0.784649
98.3 -1.21817 -0.831496
98.4 -1.15818 -0.87618
98.5 -1.09227 -0.918503
98.6 -1.01895 -0.958213
98.7 -0.936171 -0.994998
98.8 -0.841016 -1.02845
98.9 -0.729302 -1.05803
99 -0.59488 -1.083
99.1 -0.428632 -1.10236
99.2 -0.217243 -1.11466
99.3 0.0572024 -1.1179
99.4 0.412567 -1.10934
99.5 0.846724 -1.08587
99.6 1.30126 -1.04539
99.7 1.66841 -0.989136
99.8 1.88763 -0.921815
99.9 1.98701 -0.848667
100 2.01936 -0.7732
100.1 2.02006 -0.697198
100.2 2.00665 -0.621476
100.3 1.98687 -0.546395
100.4 1.96407 -0.472121
100.5 1.93963 -0.398739
100.6 1.91415 -0.326297
100.7 1.88787 -0.254828
100.8 1.86088 -0.18436
100.9 1.83319 -0.11492
101 1.80478 -0.0465346
101.1 1.7756 0.0207685
101.2 1.7456 0.0869594
101.3 1.71472 0.152006
101.4 1.68287 0.215874
101.5 1.64996 0.278525
101.6 1.61588 0.339917
101.7 1.58052 0.400004
101.8 1.54371 0.458735
101.9 1.5053 0.516053
102 1.46505 0.571893
102.1 1.42273 0.626181
102.2 1.37801 0.678835
102.3 1.33051 0.729757
102.4 1.27975 0.778833
102.5 1.22509 0.82593
102.6 1.16574 0.870886
102.7 1.10062 0.913507
102.8 1.0283 0.95355
102.9 0.946795 0.990708
103 0.853332 1.02459
103.1 0.743905 1.05467
103.2 0.61265 1.08025
103.3 0.450874 1.10035
103.4 0.245828 1.11361
103.5 -0.0199231 1.11808
103.6 -0.364885 1.11111
103.7 -0.791172 1.0896
103.8 -1.24866 1.0512
103.9 -1.63156 0.996656
104 -1.86853 0.930376
104.1 -1.97947 0.857706
104.2 -2.01762 0.782398
104.3 -2.02096 0.706405
104.4 -2.00871 0.630623
104.5 -1.98947 0.555453
104.6 -1.96693 0.481077
104.7 -1.94265 0.407584
104.8 -1.91728 0.335025
104.9 -1.8911 0.263437
105 -1.86419 0.192846
105.1 -1.83659 0.12328
105.2 -1.80826 0.0547653
105.3 -1.77918 -0.0126704
105.4 -1.74928 -0.0789978
105.5 -1.71851 -0.144185
105.6 -1.68678 -0.208198
105.7 -1.65401 -0.270998
105.8 -1.62008 -0.332545
105.9 -1.58488 -0.392793
106 -1.54826 -0.451691
106.1 -1.51004 -0.509184
106.2 -1.47003 -0.565206
106.3 -1.42798 -0.619687
106.4 -1.38357 -0.672544
106.5 -1.33643 -0.723681
106.6 -1.28609 -0.772988
106.7 -1.23195 -0.820332
106.8 -1.17321 -0.865558
106.9 -1.10886 -0.908474
107 -1.0375 -0.948844
107.1 -0.957245 -0.98637
107.2 -0.865415 -1.02067
107.3 -0.75819 -1.05125
107.4 -0.629977 -1.07742
107.5 -0.472486 -1.09825
107.6 -0.273524 -1.11243
107.7 -0.0161775 -1.11809
107.8 0.318462 -1.11267
107.9 0.736169 -1.09308
108 1.19491 -1.05677
108.1 1.59242 -1.004
108.2 1.84755 -0.938845
108.3 1.9709 -0.866709
108.4 2.0154 -0.791587
108.5 2.02164 -0.715615
108.6 2.01068 -0.63978
108.7 1.99203 -0.564524
108.8 1.96978 -0.490045
108.9 1.94566 -0.416441
109 1.9204 -0.343768
109.1 1.89431 -0.27206
109.2 1.86749 -0.201347
109.3 1.83997 -0.131656
109.4 1.81173 -0.063012
109.5 1.78275 0.00455608
109.6 1.75295 0.0710194
109.7 1.72229 0.136347
109.8 1.69068 0.200504
109.9 1.65804 0.263453
110 1.62426 0.325154
110.1 1.58922 0.385562
110.2 1.55278 0.444627
110.3 1.51477 0.502293
110.4 1.47499 0.558497
110.5 1.43319 0.613169
110.6 1.38909 0.666228
110.7 1.34231 0.717579
110.8 1.29238 0.767114
110.9 1.23874 0.814704
111 1.18061 0.860196
111.1 1.117 0.903403
111.2 1.04658 0.944096
111.3 0.967526 0.981986
111.4 0.877274 1.0167
111.5 0.772171 1.04776
111.6 0.646878 1.07451
111.7 0.493495 1.09605
111.8 0.300367 1.11112
111.9 0.0511312 1.11793
112 -0.273318 1.11402
112.1 -0.681864 1.09631
112.2 -1.14024 1.06209
112.3 -1.55105 1.01117
112.4 -1.82458 0.947215
112.5 -1.96119 0.875671
112.6 -2.01265 0.800766
112.7 -2.02208 0.724828
112.8 -2.01254 0.648946
112.9 -1.99453 0.573605
113 -1.9726 0.499026
113.1 -1.94865 0.425313
113.2 -1.92351 0.352525
113.3 -1.89751 0.280698
113.4 -1.87078 0.209863
113.5 -1.84334 0.140046
113.6 -1.81519 0.0712744
113.7 -1.7863 0.00357449
113.8 -1.75661 -0.0630244
113.9 -1.72606 -0.128491
114 -1.69457 -0.192792
114.1 -1.66205 -0.25589
114.2 -1.62842 -0.317744
114.3 -1.59354 -0.378312
114.4 -1.55727 -0.437542
114.5 -1.51946 -0.495381
114.6 -1.47991 -0.551766
114.7 -1.43837 -0.606628
114.8 -1.39457 -0.659886
114.9 -1.34813 -0.71145
115 -1.29862 -0.761211
115.1 -1.24546 -0.809045
115.2 -1.18792 -0.8548
115.3 -1.12504 -0.898295
115.4 -1.05554 -0.939307
115.5 -0.977644 -0.977554
115.6 -0.888917 -1.01268
115.7 -0.785858 -1.04421
115.8 -0.663372 -1.07152
115.9 -0.513927 -1.09375
116 -0.326391 -1.10969
116.1 -0.0849719 -1.11762
116.2 0.22946 -1.11516
116.3 0.628387 -1.09929
116.4 1.08487 -1.06716
116.5 1.50752 -1.01813
116.6 1.79955 -0.955475
116.7 1.95025 -0.884585
116.8 2.0093 -0.80993
116.9 2.02225 -0.734042
117 2.01428 -0.65812
117.1 1.99698 -0.582699
117.2 1.97539 -0.50802
117.3 1.95163 -0.434198
117.4 1.92661 -0.361295
117.5 1.9007 -0.289351
117.6 1.87405 -0.218394
117.7 1.8467 -0.148453
117.8 1.81864 -0.0795526
117.9 1.78984 -0.0117212
118 1.76025 0.0550127
118.1 1.72981 0.120618
118.2 1.69843 0.185062
118.3 1.66605 0.248308
118.4 1.63256 0.310316
118.5 1.59783 0.371041
118.6 1.56175 0.430437
118.7 1.52413 0.488447
118.8 1.4848 0.545012
118.9 1.44352 0.600062
119 1.40001 0.65352
119.1 1.35391 0.705294
119.2 1.3048 0.75528
119.3 1.25212 0.803355
119.4 1.19516 0.849371
119.5 1.13299 0.893151
119.6 1.06436 0.934478
119.7 0.987604 0.973077
119.8 0.900352 1.0086
119.9 0.799262 1.0406
120 0.679473 1.06846
120.1 0.533805 1.09137
120.2 0.351628 1.10814
120.3 0.117735 1.11716
120.4 -0.186887 1.11611
120.5 -0.575851 1.10204
120.6 -1.02902 1.07197
120.7 -1.46194 1.0249
120.8 -1.77236 0.963615
120.9 -1.93798 0.893447
121 -2.0053 0.819078
121.1 -2.02214 0.743257
121.2 -2.01589 0.667301
121.3 -1.99937 0.591803
121.4 -1.97814 0.517026
121.5 -1.95459 0.443097
121.6 -1.92969 0.37008
121.7 -1.90388 0.298018
121.8 -1.87732 0.22694
121.9 -1.85006 0.156874
122 -1.82208 0.0878465
122.1 -1.79338 0.0198841
122.2 -1.76388 -0.0469844
122.3 -1.73354 -0.112728
122.4 -1.70229 -0.177315
122.5 -1.67003 -0.240708
122.6 -1.63668 -0.302868
122.7 -1.60211 -0.363752
122.8 -1.5662 -0.423311
122.9 -1.52878 -0.481492
123 -1.48967 -0.538236
123.1 -1.44864 -0.593474
123.2 -1.40541 -0.647129
123.3 -1.35965 -0.699113
123.4 -1.31093 -0.749322
123.5 -1.25871 -0.797635
123.6 -1.20232 -0.84391
123.7 -1.14084 -0.887971
123.8 -1.07308 -0.929608
123.9 -0.997411 -0.968555
124 -0.911585 -1.00447
124.1 -0.812395 -1.03693
124.2 -0.695199 -1.06533
124.3 -0.553152 -1.08889
124.4 -0.376112 -1.10649
124.5 -0.149456 -1.11655
124.6 0.14559 -1.11687
124.7 0.524349 -1.10454
124.8 0.972908 -1.07653
124.9 1.41443 -1.03145
125 1.74296 -0.971627
125.1 1.92427 -0.90225
125.2 2.00059 -0.828207
125.3 2.0217 -0.75247
125.4 2.01736 -0.67649
125.5 2.00169 -0.600918
125.6 1.98087 -0.526045
125.7 1.95753 -0.452009
125.8 1.93276 -0.378879
125.9 1.90705 -0.306699
126 1.88058 -0.235501
126.1 1.8534 -0.165311
126.2 1.82551 -0.096156
126.3 1.7969 -0.028063
126.4 1.7675 0.0389396
126.5 1.73727 0.104822
126.6 1.70613 0.16955
126.7 1.674 0.23309
126.8 1.64078 0.295402
126.9 1.60637 0.356443
127 1.57063 0.416165
127.1 1.5334 0.474517
127.2 1.49451 0.531438
127.3 1.45372 0.586862
127.4 1.41078 0.640713
127.5 1.36535 0.692905
127.6 1.31701 0.743335
127.7 1.26525 0.791885
127.8 1.2094 0.838416
127.9 1.14859 0.882756
128 1.08167 0.9247
128.1 1.00707 0.963989
128.2 0.922623 1.0003
128.3 0.825265 1.0332
128.4 0.710564 1.06213
128.5 0.571991 1.08633
128.6 0.399873 1.10472
128.7 0.180171 1.1158
128.8 -0.105554 1.11744
128.9 -0.473959 1.10682
129 -0.916752 1.08084
129.1 -1.36515 1.03779
129.2 -1.71128 0.979499
129.3 -1.90903 0.910986
129.4 -1.9951 0.837312
129.5 -2.02091 0.761681
129.6 -2.01867 0.685685
129.7 -2.00394 0.610043
129.8 -1.98356 0.535077
129.9 -1.96044 0.460935
130 -1.93582 0.387692
130.1 -1.91021 0.315396
130.2 -1.88383 0.244076
130.3 -1.85673 0.173763
130.4 -1.82893 0.104481
130.5 -1.8004 0.036258
130.6 -1.77111 -0.0308784
130.7 -1.74098 -0.096898
130.8 -1.70995 -0.161768
130.9 -1.67795 -0.225454
131 -1.64487 -0.287917
131.1 -1.61061 -0.349114
131.2 -1.57503 -0.408999
131.3 -1.538 -0.46752
131.4 -1.49932 -0.524618
131.5 -1.45877 -0.580227
131.6 -1.41611 -0.634274
131.7 -1.371 -0.686671
131.8 -1.32304 -0.737321
131.9 -1.27173 -0.786106
132 -1.21641 -0.832889
132.1 -1.15626 -0.877505
132.2 -1.09016 -0.919752
132.3 -1.01659 -0.959379
132.4 -0.933474 -0.996068
132.5 -0.837884 -1.02941
132.6 -0.725581 -1.05886
132.7 -0.590343 -1.08368
132.8 -0.422941 -1.10284
132.9 -0.209917 -1.11491
133 0.0667587 -1.11783
133.1 0.424744 -1.10886
133.2 0.860749 -1.08489
133.3 1.31427 -1.04389
133.4 1.67731 -0.987221
133.5 1.89214 -0.91965
133.6 1.98875 -0.846391
133.7 2.01972 -0.770887
133.8 2.01981 -0.694885
133.9 2.00611 -0.619179
134 1.98621 -0.54412
134.1 1.96334 -0.469873
134.2 1.93886 -0.396519
134.3 1.91336 -0.324106
134.4 1.88706 -0.252667
134.5 1.86005 -0.18223
134.6 1.83234 -0.112822
134.7 1.8039 -0.0444689
134.8 1.7747 0.0228008
134.9 1.74468 0.0889574
135 1.71376 0.153969
135.1 1.68188 0.2178
135.2 1.64894 0.280413
135.3 1.61483 0.341766
135.4 1.57942 0.401813
135.5 1.54257 0.460502
135.6 1.5041 0.517776
135.7 1.4638 0.573569
135.8 1.4214 0.62781
135.9 1.37661 0.680412
136 1.32902 0.731279
136.1 1.27814 0.780297
136.2 1.22336 0.827331
136.3 1.16384 0.87222
136.4 1.09853 0.914766
136.5 1.02596 0.954726
136.6 0.944142 0.99179
136.7 0.850259 1.02556
136.8 0.740266 1.05552
136.9 0.608228 1.08095
137 0.445345 1.10087
137.1 0.23873 1.11389
137.2 -0.0291783 1.11805
137.3 -0.376749 1.11069
137.4 -0.805085 1.08868
137.5 -1.26199 1.04976
137.6 -1.64104 0.994783
137.7 -1.8735 0.928233
137.8 -1.98146 0.855438
137.9 -2.0181 0.780087
138 -2.02075 0.704091
138.1 -2.0082 0.628324
138.2 -1.98883 0.553176
138.3 -1.96622 0.478825
138.4 -1.94189 0.40536
138.5 -1.9165 0.332831
138.6 -1.89029 0.261272
138.7 -1.86336 0.190712
138.8 -1.83573 0.121178
138.9 -1.80739 0.0526957
139 -1.77828 -0.0147068
139.1 -1.74836 -0.0809999
139.2 -1.71756 -0.146152
139.3 -1.6858 -0.210128
139.4 -1.65299 -0.272891
139.5 -1.61903 -0.334399
139.6 -1.58379 -0.394607
139.7 -1.54712 -0.453463
139.8 -1.50885 -0.510912
139.9 -1.46879 -0.566889
140 -1.42666 -0.621321
140.1 -1.38218 -0.674127
140.2 -1.33495 -0.72521
140.3 -1.2845 -0.774459
140.4 -1.23023 -0.821742
140.5 -1.17134 -0.8669
140.6 -1.1068 -0.909742
140.7 -1.0352 -0.95003
140.8 -0.954635 -0.987465
140.9 -0.8624 -1.02166
141 -0.75463 -1.05211
141.1 -0.625664 -1.07814
141.2 -0.467113 -1.09879
141.3 -0.266646 -1.11273
141.4 -0.00721552 -1.1181
141.5 0.330007 -1.1123
141.6 0.74993 -1.09223
141.7 1.20851 -1.05539
141.8 1.60247 -1.00217
141.9 1.853 -0.936726
142 1.97315 -0.864451
142.1 2.01601 -0.789279
142.2 2.02149 -0.7133
142.3 2.01019 -0.637478
142.4 1.99139 -0.562243
142.5 1.96907 -0.48779
142.6 1.94491 -0.414214
142.7 1.91962 -0.34157
142.8 1.8935 -0.269892
142.9 1.86666 -0.19921
143 1.83912 -0.12955
143.1 1.81086 -0.0609383
143.2 1.78185 0.00659655
143.3 1.75203 0.0730258
143.4 1.72134 0.138318
143.5 1.6897 0.202439
143.6 1.65703 0.265351
143.7 1.62321 0.327013
143.8 1.58813 0.387381
143.9 1.55164 0.446404
144 1.51358 0.504026
144.1 1.47375 0.560185
144.2 1.43189 0.614809
144.3 1.38771 0.667817
144.4 1.34083 0.719115
144.5 1.29081 0.768592
144.6 1.23704 0.816121
144.7 1.17876 0.861546
144.8 1.11496 0.904681
144.9 1.04431 0.945293
145 0.964958 0.983092
145.1 0.874315 1.0177
145.2 0.768686 1.04864
145.3 0.642671 1.07525
145.4 0.488272 1.09661
145.5 0.293701 1.11146
145.6 0.0424543 1.11798
145.7 -0.28454 1.1137
145.8 -0.695437 1.09552
145.9 -1.15405 1.06077
146 -1.56165 1.00938
146.1 -1.83055 0.945122
146.2 -1.96374 0.873423
146.3 -2.01339 0.798461
146.4 -2.02199 0.722512
146.5 -2.01208 0.646642
146.6 -1.99391 0.571322
146.7 -1.97189 0.496768
146.8 -1.9479 0.423083
146.9 -1.92273 0.350323
147 -1.89671 0.278526
147.1 -1.86995 0.207722
147.2 -1.84249 0.137937
147.3 -1.81433 0.0691968
147.4 -1.78541 0.00152996
147.5 -1.75569 -0.0650349
147.6 -1.72511 -0.130467
147.7 -1.69359 -0.194731
147.8 -1.66105 -0.257792
147.9 -1.62737 -0.319608
148 -1.59245 -0.380135
148.1 -1.55615 -0.439324
148.2 -1.51829 -0.49712
148.3 -1.47868 -0.55346
148.4 -1.43708 -0.608274
148.5 -1.39319 -0.661482
148.6 -1.34667 -0.712992
148.7 -1.29706 -0.762697
148.8 -1.24378 -0.81047
148.9 -1.18609 -0.856159
149 -1.12303 -0.899582
149.1 -1.0533 -0.940514
149.2 -0.975117 -0.978672
149.3 -0.886012 -1.01369
149.4 -0.782446 -1.04511
149.5 -0.659265 -1.07228
149.6 -0.508846 -1.09434
149.7 -0.319927 -1.11006
149.8 -0.0765714 -1.11771
149.9 0.240359 -1.11489
150 0.641741 -1.09856
150.1 1.09883 -1.06591
150.2 1.51866 -1.0164
150.3 1.80604 -0.95341
150.4 1.95312 -0.88235
150.5 2.0102 -0.807629
150.6 2.02224 -0.731727
150.7 2.01385 -0.655814
150.8 1.99637 -0.580413
150.9 1.97469 -0.505759
151 1.95088 -0.431964
151.1 1.92583 -0.35909
151.2 1.8999 -0.287175
151.3 1.87323 -0.216249
151.4 1.84586 -0.146339
151.5 1.81778 -0.077471
151.6 1.78895 -0.00967264
151.7 1.75934 0.0570274
151.8 1.72887 0.122598
151.9 1.69746 0.187006
152 1.66505 0.250215
152.1 1.63152 0.312184
152.2 1.59676 0.37287
152.3 1.56062 0.432224
152.4 1.52296 0.490191
152.5 1.48358 0.546711
152.6 1.44223 0.601714
152.7 1.39865 0.655122
152.8 1.35246 0.706843
152.9 1.30325 0.756773
153 1.25045 0.804788
153.1 1.19335 0.850739
153.2 1.131 0.894447
153.3 1.06216 0.935695
153.4 0.985116 0.974206
153.5 0.897498 1.00963
153.6 0.79592 1.04151
153.7 0.675463 1.06924
153.8 0.528861 1.09197
153.9 0.345359 1.10854
154 0.109602 1.11729
154.1 -0.197464 1.11589
154.2 -0.588958 1.10137
154.3 -1.04308 1.07079
154.4 -1.47358 1.02322
154.5 -1.7794 0.961582
154.6 -1.94119 0.891225
154.7 -2.00637 0.816781
154.8 -2.0222 0.740941
154.9 -2.0155 0.664993
155 -1.99877 0.589514
155.1 -1.97745 0.514762
155.2 -1.95384 0.44086
155.3 -1.92892 0.367872
155.4 -1.90309 0.295839
155.5 -1.8765 0.224791
155.6 -1.84921 0.154757
155.7 -1.82122 0.085761
155.8 -1.79249 0.0178315
155.9 -1.76297 -0.0490033
156 -1.73261 -0.114713
156.1 -1.70132 -0.179263
156.2 -1.66903 -0.242619
156.3 -1.63564 -0.304741
156.4 -1.60104 -0.365585
156.5 -1.56508 -0.425103
156.6 -1.52762 -0.483242
156.7 -1.48845 -0.539941
156.8 -1.44736 -0.595132
156.9 -1.40406 -0.648737
157 -1.35821 -0.700668
157.1 -1.30939 -0.750822
157.2 -1.25706 -0.799075
157.3 -1.20052 -0.845285
157.4 -1.13887 -0.889276
157.5 -1.0709 -0.930836
157.6 -0.994961 -0.969696
157.7 -0.908781 -1.00552
157.8 -0.80912 -1.03786
157.9 -0.691282 -1.06613
158 -0.54834 -1.08952
158.1 -0.370029 -1.10691
158.2 -0.141581 -1.11672
158.3 0.155847 -1.11669
158.4 0.537188 -1.10393
158.5 0.987019 -1.07541
158.6 1.42654 -1.02983
158.7 1.75056 -0.969626
158.8 1.92786 -0.900044
158.9 2.00184 -0.825915
159 2.02184 -0.750155
159.1 2.017 -0.67418
159.2 2.00111 -0.598626
159.3 1.98019 -0.523778
159.4 1.95679 -0.449768
159.5 1.93199 -0.376667
159.6 1.90626 -0.304517
159.7 1.87976 -0.233348
159.8 1.85256 -0.16319
159.9 1.82465 -0.0940665
160 1.79601 -0.0260064
160.1 1.76659 0.0409626
160.2 1.73633 0.10681
160.3 1.70516 0.171503
160.4 1.673 0.235006
160.5 1.63975 0.29728
160.6 1.6053 0.358281
160.7 1.56952 0.417963
160.8 1.53224 0.476271
160.9 1.49329 0.533148
161 1.45245 0.588526
161.1 1.40943 0.642328
161.2 1.36392 0.694467
161.3 1.31549 0.744842
161.4 1.26361 0.793333
161.5 1.20763 0.839799
161.6 1.14665 0.88407
161.7 1.07952 0.925937
161.8 1.00466 0.96514
161.9 0.919867 1.00135
162 0.822055 1.03414
162.1 0.706736 1.06294
162.2 0.567304 1.08698
162.3 0.393969 1.10517
162.4 0.172545 1.116
162.5 -0.115497 1.11731
162.6 -0.486513 1.10627
162.7 -0.930856 1.07978
162.8 -1.37769 1.03622
162.9 -1.71946 0.977534
163 -1.91301 0.908798
163.1 -1.99655 0.835026
163.2 -2.02114 0.759367
163.3 -2.01836 0.683374
163.4 -2.00338 0.607749
163.5 -1.98289 0.532806
163.6 -1.95971 0.458691
163.7 -1.93505 0.385477
163.8 -1.90942 0.313209
163.9 -1.88301 0.24192
164 -1.85589 0.171638
164.1 -1.82807 0.102388
164.2 -1.79952 0.0341973
164.3 -1.7702 -0.0329055
164.4 -1.74005 -0.0988906
164.5 -1.70899 -0.163725
164.6 -1.67696 -0.227374
164.7 -1.64384 -0.289799
164.8 -1.60954 -0.350957
164.9 -1.57393 -0.410802
165 -1.53684 -0.46928
165.1 -1.49811 -0.526333
165.2 -1.45751 -0.581897
165.3 -1.41477 -0.635894
165.4 -1.36958 -0.68824
165.5 -1.32153 -0.738834
165.6 -1.2701 -0.787561
165.7 -1.21466 -0.834281
165.8 -1.15434 -0.878828
165.9 -1.08803 -0.920999
166 -1.01421 -0.960541
166.1 -0.930765 -0.997135
166.2 -0.834736 -1.03037
166.3 -0.72184 -1.05969
166.4 -0.585777 -1.08435
166.5 -0.417208 -1.10332
166.6 -0.202532 -1.11515
166.7 0.0763916 -1.11775
166.8 0.436997 -1.10837
166.9 0.874797 -1.08389
167 1.3272 -1.04238
167.1 1.68607 -0.985295
167.2 1.89655 -0.91748
167.3 1.99043 -0.844112
167.4 2.02006 -0.768574
167.5 2.01954 -0.692573
167.6 2.00558 -0.616882
167.7 1.98555 -0.541847
167.8 1.96262 -0.467626
167.9 1.9381 -0.3943
168 1.91257 -0.321916
168.1 1.88625 -0.250507
168.2 1.85922 -0.180101
168.3 1.83148 -0.110724
168.4 1.80302 -0.0424042
168.5 1.7738 0.024832
168.6 1.74375 0.0909542
168.7 1.71281 0.15593
168.8 1.6809 0.219725
168.9 1.64792 0.2823
169 1.61377 0.343614
169.1 1.57832 0.40362
169.2 1.54142 0.462267
169.3 1.5029 0.519497
169.4 1.46254 0.575244
169.5 1.42008 0.629436
169.6 1.3752 0.681987
169.7 1.32752 0.7328
169.8 1.27654 0.781759
169.9 1.22162 0.828731
170 1.16195 0.873551
170.1 1.09644 0.916022
170.2 1.02362 0.955899
170.3 0.941478 0.99287
170.4 0.847172 1.02653
170.5 0.736607 1.05636
170.6 0.603777 1.08164
170.7 0.439776 1.10137
170.8 0.231576 1.11416
170.9 -0.0385086 1.11801
171 -0.388692 1.11025
171.1 -0.819031 1.08775
171.2 -1.27525 1.04831
171.3 -1.65037 0.992898
171.4 -1.87836 0.926084
171.5 -1.98338 0.853168
171.6 -2.01855 0.777776
171.7 -2.02054 0.701777
171.8 -2.00769 0.626025
171.9 -1.98817 0.550899
172 -1.9655 0.476575
172.1 -1.94113 0.403137
172.2 -1.91571 0.330637
172.3 -1.88948 0.259108
172.4 -1.86253 0.188579
172.5 -1.83488 0.119077
172.6 -1.80651 0.050627
172.7 -1.77738 -0.0167422
172.8 -1.74744 -0.083001
172.9 -1.71661 -0.148118
173 -1.68482 -0.212058
173.1 -1.65198 -0.274783
173.2 -1.61797 -0.336252
173.3 -1.58269 -0.396419
173.4 -1.54598 -0.455234
173.5 -1.50766 -0.512639
173.6 -1.46753 -0.568569
173.7 -1.42534 -0.622954
173.8 -1.38078 -0.675709
173.9 -1.33346 -0.726738
174 -1.28291 -0.775929
174.1 -1.22851 -0.823149
174.2 -1.16947 -0.86824
174.3 -1.10473 -0.911008
174.4 -1.03289 -0.951214
174.5 -0.952015 -0.988556
174.6 -0.859371 -1.02265
174.7 -0.75105 -1.05297
174.8 -0.621324 -1.07885
174.9 -0.461702 -1.09932
175 -0.259714 -1.11304
175.1 0.00181942 -1.1181
175.2 0.341633 -1.11191
175.3 0.763733 -1.09136
175.4 1.22205 -1.054
175.5 1.61237 -1.00033
175.6 1.85833 -0.934601
175.7 1.97534 -0.86219
175.8 2.01658 -0.78697
175.9 2.02133 -0.710986
176 2.0097 -0.635177
176.1 1.99075 -0.559964
176.2 1.96835 -0.485536
176.3 1.94415 -0.411988
176.4 1.91884 -0.339372
176.5 1.8927 -0.267724
176.6 1.86583 -0.197073
176.7 1.83827 -0.127445
176.8 1.80999 -0.0588657
176.9 1.78096 0.00863598
177 1.75111 0.0750311
177.1 1.72039 0.140288
177.2 1.68872 0.204372
177.3 1.65601 0.267247
177.4 1.62216 0.328871
177.5 1.58704 0.389199
177.6 1.55051 0.44818
177.7 1.5124 0.505759
177.8 1.4725 0.561872
177.9 1.43058 0.616448
178 1.38632 0.669405
178.1 1.33936 0.720649
178.2 1.28923 0.770069
178.3 1.23533 0.817536
178.4 1.1769 0.862895
178.5 1.11292 0.905956
178.6 1.04204 0.946487
178.7 0.96238 0.984195
178.8 0.871342 1.0187
178.9 0.765182 1.04952
179 0.638437 1.07598
179.1 0.483011 1.09717
179.2 0.286982 1.11179
179.3 0.0337065 1.11803
179.4 -0.295844 1.11337
179.5 -0.70906 1.09471
179.6 -1.16782 1.05944
179.7 -1.57212 1.00759
179.8 -1.83638 0.943022
179.9 -1.96621 0.871173
180 -2.0141 0.796155
180.1 -2.02189 0.720197
180.2 -2.01162 0.644339
180.3 -1.99328 0.56904
180.4 -1.97118 0.494511
180.5 -1.94715 0.420853
180.6 -1.92195 0.348122
180.7 -1.8959 0.276355
180.8 -1.86913 0.205581
180.9 -1.84165 0.135828
181 -1.81346 0.0671202
181.1 -1.78452 -0.000513554
181.2 -1.75477 -0.0670444
181.3 -1.72417 -0.132441
181.4 -1.69262 -0.196669
181.5 -1.66004 -0.259693
181.6 -1.62633 -0.321471
181.7 -1.59137 -0.381958
181.8 -1.55502 -0.441105
181.9 -1.51711 -0.498857
182 -1.47744 -0.555152
182.1 -1.43577 -0.609918
182.2 -1.39182 -0.663076
182.3 -1.34521 -0.714533
182.4 -1.29549 -0.764181
182.5 -1.24209 -0.811893
182.6 -1.18425 -0.857516
182.7 -1.12101 -0.900867
182.8 -1.05105 -0.941719
182.9 -0.972579 -0.979787
183 -0.883093 -1.01471
183.1 -0.779015 -1.046
183.2 -0.655133 -1.07303
183.3 -0.50373 -1.09492
183.4 -0.313413 -1.11042
183.5 -0.0681022 -1.1178
183.6 0.25134 -1.11461
183.7 0.655151 -1.09782
183.8 1.11277 -1.06464
183.9 1.52966 -1.01466
184 1.81239 -0.951338
184.1 1.9559 -0.880111
184.2 2.01106 -0.805326
184.3 2.0222 -0.729411
184.4 2.01342 -0.653508
184.5 1.99576 -0.578127
184.6 1.97399 -0.503498
184.7 1.95014 -0.429731
184.8 1.92506 -0.356886
184.9 1.8991 -0.285
185 1.87241 -0.214105
185.1 1.84502 -0.144226
185.2 1.81691 -0.0753904
185.3 1.78806 -0.00762507
185.4 1.75842 0.059041
185.5 1.72792 0.124577
185.6 1.69649 0.188949
185.7 1.66404 0.25212
185.8 1.63048 0.314051
185.9 1.59568 0.374698
186 1.5595 0.43401
186.1 1.52179 0.491934
186.2 1.48235 0.548409
186.3 1.44094 0.603365
186.4 1.39728 0.656722
186.5 1.35101 0.708391
186.6 1.3017 0.758264
186.7 1.24878 0.806218
186.8 1.19153 0.852104
186.9 1.12901 0.895741
187 1.05994 0.93691
187.1 0.982618 0.975333
187.2 0.894631 1.01066
187.3 0.79256 1.04242
187.4 0.671429 1.07001
187.5 0.523883 1.09258
187.6 0.339041 1.10894
187.7 0.101402 1.11741
187.8 -0.208121 1.11566
187.9 -0.602129 1.10069
188 -1.05713 1.06958
188.1 -1.4851 1.02153
188.2 -1.7863 0.95954
188.3 -1.94432 0.889
188.4 -2.00739 0.814483
188.5 -2.02223 0.738626
188.6 -2.0151 0.662686
188.7 -1.99818 0.587226
188.8 -1.97676 0.512499
188.9 -1.9531 0.438623
189 -1.92815 0.365664
189.1 -1.90229 0.29366
189.2 -1.87568 0.222643
189.3 -1.84837 0.15264
189.4 -1.82036 0.0836764
189.5 -1.7916 0.0157798
189.6 -1.76206 -0.0510211
189.7 -1.73167 -0.116696
189.8 -1.70035 -0.181211
189.9 -1.66803 -0.24453
190 -1.63461 -0.306613
190.1 -1.59996 -0.367418
190.2 -1.56396 -0.426895
190.3 -1.52645 -0.48499
190.4 -1.48723 -0.541644
190.5 -1.44607 -0.596788
190.6 -1.4027 -0.650344
190.7 -1.35677 -0.702222
190.8 -1.30786 -0.75232
190.9 -1.25541 -0.800513
191 -1.19873 -0.846658
191.1 -1.1369 -0.890579
191.2 -1.06871 -0.93206
191.3 -0.992501 -0.970833
191.4 -0.905964 -1.00656
191.5 -0.805828 -1.03878
191.6 -0.687342 -1.06692
191.7 -0.543494 -1.09014
191.8 -0.3639 -1.10733
191.9 -0.133642 -1.11687
192 0.166185 -1.11651
192.1 0.550097 -1.10331
192.2 1.00112 -1.07427
192.3 1.43854 -1.02819
192.4 1.75801 -0.967617
192.5 1.93135 -0.897834
192.6 2.00305 -0.823622
192.7 2.02196 -0.74784
192.8 2.01664 -0.671871
192.9 2.00053 -0.596336
193 1.97951 -0.521511
193.1 1.95605 -0.447529
193.2 1.93122 -0.374456
193.3 1.90546 -0.302335
193.4 1.87894 -0.231197
193.5 1.85172 -0.161069
193.6 1.82379 -0.0919781
193.7 1.79513 -0.0239507
193.8 1.76568 0.0429846
193.9 1.7354 0.108797
194 1.7042 0.173455
194.1 1.67201 0.236921
194.2 1.63872 0.299156
194.3 1.60423 0.360118
194.4 1.5684 0.419759
194.5 1.53108 0.478025
194.6 1.49208 0.534857
194.7 1.45117 0.590188
194.8 1.40809 0.643941
194.9 1.36249 0.696028
195 1.31396 0.746347
195.1 1.26197 0.794779
195.2 1.20585 0.841181
195.3 1.14471 0.885381
195.4 1.07737 0.927171
195.5 1.00223 0.966289
195.6 0.9171 1.0024
195.7 0.818829 1.03508
195.8 0.702886 1.06375
195.9 0.562586 1.08762
196 0.38802 1.10562
196.1 0.164858 1.11619
196.2 -0.125518 1.11717
196.3 -0.499139 1.1057
196.4 -0.944966 1.07871
196.5 -1.39013 1.03463
196.6 -1.72749 0.975561
196.7 -1.91689 0.906604
196.8 -1.99796 0.832739
196.9 -2.02135 0.757052
197 -2.01803 0.681063
197.1 -2.00282 0.605456
197.2 -1.98221 0.530537
197.3 -1.95898 0.456447
197.4 -1.93429 0.383262
197.5 -1.90863 0.311024
197.6 -1.88219 0.239765
197.7 -1.85506 0.169513
197.8 -1.82721 0.100295
197.9 -1.79864 0.0321376
198 -1.7693 -0.0349316
198.1 -1.73912 -0.100882
198.2 -1.70803 -0.165681
198.3 -1.67597 -0.229294
198.4 -1.64282 -0.291681
198.5 -1.60848 -0.352799
198.6 -1.57282 -0.412603
198.7 -1.53569 -0.471039
198.8 -1.4969 -0.528048
198.9 -1.45624 -0.583564
199 -1.41343 -0.637513
199.1 -1.36816 -0.689807
199.2 -1.32001 -0.740347
199.3 -1.26848 -0.789014
199.4 -1.2129 -0.835671
199.5 -1.15242 -0.880148
199.6 -1.08591 -0.922243
199.7 -1.01182 -0.961701
199.8 -0.928044 -0.998199
199.9 -0.831573 -1.03132
200 -0.718077 -1.06051
