0 2 0
0.1 1.86474 0.0699996
0.2 1.78324 0.136219
0.3 1.72517 0.199959
0.4 1.67816 0.261814
0.5 1.63641 0.322068
0.6 1.59697 0.380853
0.7 1.55819 0.43822
0.8 1.5191 0.494173
0.9 1.47903 0.548688
1 1.43747 0.60172
1.1 1.39399 0.653208
1.2 1.34813 0.703073
1.3 1.2994 0.75122
1.4 1.24719 0.797533
1.5 1.19077 0.841873
1.6 1.12917 0.884071
1.7 1.06113 0.923917
1.8 0.984915 0.961146
1.9 0.898094 0.995419
2 0.797206 1.02629
2.1 0.677173 1.05317
2.2 0.530423 1.07522
2.3 0.345619 1.09128
2.4 0.106348 1.0997
2.5 -0.208008 1.09811
2.6 -0.611446 1.08347
2.7 -1.07815 1.05283
2.8 -1.51132 1.00545
2.9 -1.80677 0.944618
3 -1.95528 0.875813
3.1 -2.01136 0.803472
3.2 -2.02244 0.730029
3.3 -2.01367 0.656602
3.4 -1.99629 0.583675
3.5 -1.97502 0.51146
3.6 -1.95182 0.440058
3.7 -1.92749 0.369522
3.8 -1.90236 0.299886
3.9 -1.87656 0.231176
4 -1.8501 0.163416
4.1 -1.82299 0.0966304
4.2 -1.79518 0.0308432
4.3 -1.76664 -0.0339198
4.4 -1.7373 -0.0976306
4.5 -1.70711 -0.160259
4.6 -1.67598 -0.221773
4.7 -1.64382 -0.282136
4.8 -1.61053 -0.34131
4.9 -1.57599 -0.399251
5 -1.54005 -0.455911
5.1 -1.50255 -0.511236
5.2 -1.46329 -0.565166
5.3 -1.42201 -0.617632
5.4 -1.37841 -0.668557
5.5 -1.33214 -0.717848
5.6 -1.2827 -0.765401
5.7 -1.22951 -0.81109
5.8 -1.17179 -0.854765
5.9 -1.1085 -0.896244
6 -1.03827 -0.9353
6.1 -0.959194 -0.971648
6.2 -0.86857 -1.00492
6.3 -0.762522 -1.03463
6.4 -0.635325 -1.06012
6.5 -0.478411 -1.08048
6.6 -0.279009 -1.0944
6.7 -0.0191025 -1.10004
6.8 0.321862 -1.09481
6.9 0.750371 -1.07554
7 1.2198 -1.0397
7.1 1.61862 -0.987692
7.2 1.86543 -0.923845
7.3 1.97942 -0.853593
7.4 2.01785 -0.78074
7.5 2.02104 -0.707228
7.6 2.00886 -0.633923
7.7 1.98997 -0.561202
7.8 1.96798 -0.489232
7.9 1.94437 -0.418094
8 1.91978 -0.347834
8.1 1.89443 -0.278482
8.2 1.86842 -0.210065
8.3 1.84177 -0.142604
8.4 1.81444 -0.0761255
8.5 1.78641 -0.010653
8.6 1.75763 0.0537868
8.7 1.72804 0.117165
8.8 1.69756 0.179452
8.9 1.66612 0.240613
9 1.63362 0.300612
9.1 1.59996 0.359408
9.2 1.565 0.416957
9.3 1.5286 0.473209
9.4 1.49058 0.528109
9.5 1.45072 0.581593
9.6 1.40875 0.63359
9.7 1.36437 0.684019
9.8 1.31717 0.732783
9.9 1.26664 0.779773
10 1.21214 0.824855
10.1 1.15282 0.86787
10.2 1.08755 0.908624
10.3 1.01481 0.946874
10.4 0.932484 0.982313
10.5 0.837564 1.01454
10.6 0.725681 1.04302
10.7 0.590354 1.06703
10.8 0.421868 1.08556
10.9 0.205873 1.09714
11 -0.0770906 1.09972
11.1 -0.446055 1.09048
11.2 -0.895872 1.06627
11.3 -1.35667 1.02516
11.4 -1.71226 0.968897
11.5 -1.91226 0.902528
11.6 -1.99704 0.831163
11.7 -2.02137 0.757964
11.8 -2.01836 0.684454
11.9 -2.00349 0.611303
12 -1.98339 0.538803
12.1 -1.96079 0.467085
12.2 -1.93684 0.396215
12.3 -1.91199 0.326234
12.4 -1.88644 0.257169
12.5 -1.86023 0.189045
12.6 -1.83337 0.121887
12.7 -1.80583 0.0557174
12.8 -1.77757 -0.00943789
12.9 -1.74855 -0.0735518
13 -1.71869 -0.136595
13.1 -1.68792 -0.198537
13.2 -1.65616 -0.259341
13.3 -1.62331 -0.318972
13.4 -1.58926 -0.377386
13.5 -1.55388 -0.434539
13.6 -1.51699 -0.490378
13.7 -1.47843 -0.544846
13.8 -1.43794 -0.597877
13.9 -1.39527 -0.649397
14 -1.35006 -0.699321
14.1 -1.30189 -0.747548
14.2 -1.2502 -0.793961
14.3 -1.19431 -0.838421
14.4 -1.13328 -0.880758
14.5 -1.06588 -0.920764
14.6 -0.99043 -0.958179
14.7 -0.904574 -0.99267
14.8 -0.804942 -1.0238
14.9 -0.686609 -1.05099
15 -0.542228 -1.07342
15.1 -0.360799 -1.08997
15.2 -0.126314 -1.09902
15.3 0.181696 -1.09827
15.4 0.578536 -1.08471
15.5 1.04292 -1.05533
15.6 1.48281 -1.00914
15.7 1.79016 -0.949131
15.8 1.94799 -0.880747
15.9 2.00905 -0.808569
16 2.02238 -0.735163
16.1 2.01459 -0.661717
16.2 1.99764 -0.588747
16.3 1.97657 -0.516479
16.4 1.95348 -0.445019
16.5 1.92922 -0.374421
16.6 1.90414 -0.304721
16.7 1.87838 -0.235946
16.8 1.85197 -0.168119
16.9 1.8249 -0.101265
17 1.79715 -0.0354067
17.1 1.76866 0.0294287
17.2 1.73938 0.0932139
17.3 1.70925 0.155919
17.4 1.67818 0.217512
17.5 1.6461 0.277957
17.6 1.61289 0.337215
17.7 1.57844 0.395243
17.8 1.54261 0.451994
17.9 1.50523 0.507415
18 1.46609 0.561445
18.1 1.42496 0.614016
18.2 1.38154 0.665051
18.3 1.33547 0.71446
18.4 1.28627 0.762138
18.5 1.23336 0.807962
18.6 1.17599 0.851783
18.7 1.11313 0.893422
18.8 1.04344 0.932655
18.9 0.965057 0.969203
19 0.87535 1.0027
19.1 0.77054 1.03268
19.2 0.645059 1.05849
19.3 0.490579 1.07925
19.4 0.294669 1.09367
19.5 0.0396722 1.09996
19.6 -0.295083 1.09559
19.7 -0.718121 1.07741
19.8 -1.18785 1.04275
19.9 -1.59534 0.991776
20 -1.85315 0.928571
20.1 -1.97452 0.858618
20.2 -2.01664 0.785866
20.3 -2.02146 0.712363
20.4 -2.00999 0.639028
20.5 -1.99142 0.56626
20.6 -1.96957 0.494234
20.7 -1.94606 0.423036
20.8 -1.92152 0.352714
20.9 -1.89623 0.283298
21 -1.87026 0.214814
21.1 -1.84365 0.147286
21.2 -1.81637 0.0807379
21.3 -1.7884 0.0151943
21.4 -1.75967 -0.0493186
21.5 -1.73013 -0.112772
21.6 -1.69972 -0.175136
21.7 -1.66835 -0.236377
21.8 -1.63593 -0.296458
21.9 -1.60235 -0.35534
22 -1.56749 -0.412978
22.1 -1.53119 -0.469322
22.2 -1.49329 -0.524318
22.3 -1.45357 -0.577903
22.4 -1.41176 -0.630007
22.5 -1.36756 -0.680548
22.6 -1.32057 -0.729432
22.7 -1.27029 -0.77655
22.8 -1.21609 -0.82177
22.9 -1.15714 -0.864936
23 -1.09233 -0.905855
23.1 -1.02017 -0.944289
23.2 -0.938604 -0.979936
23.3 -0.844687 -1.0124
23.4 -0.73417 -1.04117
23.5 -0.600751 -1.06552
23.6 -0.434987 -1.08447
23.7 -0.222892 -1.0966
23.8 0.0546965 -1.09989
23.9 0.417317 -1.09158
24 0.862828 -1.0685
24.1 1.32664 -1.02857
24.2 1.69255 -0.973223
24.3 1.90275 -0.907377
24.4 1.99361 -0.836234
24.5 2.02082 -0.763099
24.6 2.01906 -0.689583
24.7 2.00475 -0.616395
24.8 1.98489 -0.543844
24.9 1.96242 -0.472068
25 1.93854 -0.401138
25.1 1.91375 -0.331094
25.2 1.88824 -0.261964
25.3 1.86208 -0.193774
25.4 1.83527 -0.126547
25.5 1.80778 -0.0603079
25.6 1.77957 0.00491907
25.7 1.7506 0.0691067
25.8 1.7208 0.132226
25.9 1.6901 0.194245
26 1.65841 0.255131
26.1 1.62565 0.314845
26.2 1.59169 0.373345
26.3 1.5564 0.430588
26.4 1.51962 0.48652
26.5 1.48118 0.541086
26.6 1.44084 0.59422
26.7 1.39833 0.645848
26.8 1.35331 0.695886
26.9 1.30536 0.744236
27 1.25394 0.79078
27.1 1.19837 0.835381
27.2 1.13773 0.877873
27.3 1.07083 0.91805
27.4 0.996008 0.955656
27.5 0.910974 0.990363
27.6 0.812443 1.02175
27.7 0.695621 1.04923
27.8 0.553367 1.07203
27.9 0.374982 1.08904
28 0.144838 1.09868
28.1 -0.157366 1.0987
28.2 -0.548007 1.08615
28.3 -1.00983 1.05794
28.4 -1.45549 1.01288
28.5 -1.77395 0.953661
28.6 -1.94081 0.88569
28.7 -2.00676 0.813672
28.8 -2.02234 0.740302
28.9 -2.01552 0.666837
29 -1.99899 0.593825
29.1 -1.97813 0.521503
29.2 -1.95514 0.449984
29.3 -1.93094 0.379325
29.4 -1.90592 0.309561
29.5 -1.8802 0.240721
29.6 -1.85384 0.172827
29.7 -1.82682 0.105903
29.8 -1.79911 0.0399752
29.9 -1.77067 -0.0249325
30 -1.74145 -0.0887921
30.1 -1.71138 -0.151574
30.2 -1.68039 -0.213245
30.3 -1.64838 -0.273772
30.4 -1.61525 -0.333114
30.5 -1.58089 -0.39123
30.6 -1.54516 -0.448072
30.7 -1.50789 -0.503587
30.8 -1.46889 -0.557716
30.9 -1.42791 -0.610392
31 -1.38466 -0.661537
31.1 -1.33878 -0.711062
31.2 -1.28982 -0.758865
31.3 -1.23719 -0.804823
31.4 -1.18016 -0.84879
31.5 -1.11773 -0.890588
31.6 -1.04857 -0.929998
31.7 -0.970866 -0.966744
31.8 -0.882056 -1.00047
31.9 -0.778457 -1.03072
32 -0.654652 -1.05684
32.1 -0.502547 -1.07798
32.2 -0.310043 -1.09291
32.3 -0.0598493 -1.09984
32.4 0.268755 -1.09631
32.5 0.686134 -1.07919
32.6 1.15558 -1.04573
32.7 1.57128 -0.995799
32.8 1.84019 -0.933265
32.9 1.96925 -0.86363
33 2.01526 -0.790989
33.1 2.02181 -0.7175
33.2 2.01109 -0.644137
33.3 1.99285 -0.571321
33.4 1.97117 -0.49924
33.5 1.94774 -0.427983
33.6 1.92326 -0.357598
33.7 1.89802 -0.288118
33.8 1.8721 -0.219568
33.9 1.84553 -0.151973
34 1.8183 -0.0853553
34.1 1.79037 -0.0197406
34.2 1.7617 0.0448452
34.3 1.73222 0.108374
34.4 1.70188 0.170815
34.5 1.67057 0.232135
34.6 1.63823 0.292299
34.7 1.60474 0.351266
34.8 1.56997 0.408992
34.9 1.53378 0.465429
35 1.496 0.520521
35.1 1.45641 0.574207
35.2 1.41476 0.626416
35.3 1.37073 0.677069
35.4 1.32395 0.726073
35.5 1.27392 0.773318
35.6 1.22002 0.818675
35.7 1.16143 0.86199
35.8 1.09708 0.903074
35.9 1.02549 0.94169
36 0.944665 0.977543
36.1 0.85173 1.01025
36.2 0.742548 1.03929
36.3 0.610992 1.06398
36.4 0.447882 1.08335
36.5 0.239592 1.09601
36.6 -0.0327244 1.1
36.7 -0.38901 1.09261
36.8 -0.829904 1.07065
36.9 -1.2961 1.0319
37 -1.67202 0.977499
37.1 -1.89265 0.912201
37.2 -1.98987 0.841297
37.3 -2.02013 0.768234
37.4 -2.01972 0.694714
37.5 -2.00598 0.621491
37.6 -1.98638 0.548889
37.7 -1.96405 0.477056
37.8 -1.94025 0.406065
37.9 -1.91551 0.335958
38 -1.89005 0.266764
38.1 -1.86393 0.198507
38.2 -1.83716 0.131213
38.3 -1.80972 0.0649034
38.4 -1.78157 -0.000395165
38.5 -1.75265 -0.0646563
38.6 -1.72291 -0.127851
38.7 -1.69228 -0.189949
38.8 -1.66066 -0.250914
38.9 -1.62797 -0.310711
39 -1.5941 -0.369298
39.1 -1.55891 -0.42663
39.2 -1.52224 -0.482656
39.3 -1.48392 -0.537319
39.4 -1.44373 -0.590555
39.5 -1.40138 -0.642292
39.6 -1.35655 -0.692444
39.7 -1.30882 -0.740915
39.8 -1.25766 -0.787589
39.9 -1.2024 -0.832331
40 -1.14216 -0.874976
40.1 -1.07574 -0.915323
40.2 -1.00154 -0.953118
40.3 -0.917308 -0.988041
40.4 -0.819855 -1.01967
40.5 -0.70451 -1.04745
40.6 -0.564332 -1.07061
40.7 -0.388916 -1.08807
40.8 -0.163009 -1.09829
40.9 0.133479 -1.09907
41 0.517858 -1.0875
41.1 0.976677 -1.06047
41.2 1.42749 -1.01654
41.3 1.75697 -0.958148
41.4 1.93314 -0.890613
41.5 2.00425 -0.818769
41.6 2.02219 -0.745441
41.7 2.0164 -0.671959
41.8 2.00033 -0.598905
41.9 1.97967 -0.526531
42 1.95679 -0.454954
42.1 1.93266 -0.384233
42.2 1.90769 -0.314406
42.3 1.88202 -0.2455
42.4 1.8557 -0.177539
42.5 1.82873 -0.110547
42.6 1.80107 -0.0445487
42.7 1.77269 0.0204312
42.8 1.74352 0.0843649
42.9 1.71351 0.147223
43 1.68258 0.208973
43.1 1.65065 0.269581
43.2 1.6176 0.329007
43.3 1.58334 0.38721
43.4 1.54771 0.444143
43.5 1.51055 0.499753
43.6 1.47167 0.553981
43.7 1.43084 0.60676
43.8 1.38776 0.658015
43.9 1.34208 0.707657
44 1.29335 0.755584
44.1 1.241 0.801675
44.2 1.18431 0.845786
44.3 1.12229 0.887742
44.4 1.05365 0.927327
44.5 0.976621 0.96427
44.6 0.888691 0.998223
44.7 0.786277 1.02873
44.8 0.664109 1.05517
44.9 0.514319 1.07669
45 0.325137 1.0921
45.1 0.0796409 1.09966
45.2 -0.242879 1.09696
45.3 -0.654437 1.0809
45.4 -1.12305 1.04863
45.5 -1.54645 0.999761
45.6 -1.82652 0.937926
45.7 -1.96359 0.868628
45.8 -2.0137 0.796109
45.9 -2.02208 0.722638
46 -2.01216 0.649248
46.1 -1.99426 0.576386
46.2 -1.97275 0.50425
46.3 -1.94942 0.432934
46.4 -1.925 0.362487
46.5 -1.8998 0.292942
46.6 -1.87393 0.224327
46.7 -1.84741 0.156664
46.8 -1.82023 0.0899775
46.9 -1.79235 0.0242919
47 -1.76373 -0.0403667
47.1 -1.73431 -0.10397
47.2 -1.70403 -0.166488
47.3 -1.67279 -0.227888
47.4 -1.64053 -0.288134
47.5 -1.60712 -0.347186
47.6 -1.57244 -0.405
47.7 -1.53636 -0.461528
47.8 -1.49869 -0.516716
47.9 -1.45924 -0.570503
48 -1.41774 -0.622818
48.1 -1.37389 -0.673583
48.2 -1.32732 -0.722705
48.3 -1.27754 -0.770077
48.4 -1.22393 -0.815571
48.5 -1.1657 -0.859034
48.6 -1.10179 -0.90028
48.7 -1.03077 -0.939078
48.8 -0.950666 -0.975135
48.9 -0.858694 -1.00807
49 -0.750818 -1.03739
49.1 -0.621082 -1.06242
49.2 -0.460559 -1.08219
49.3 -0.255981 -1.09538
49.4 0.0111684 -1.10005
49.5 0.361142 -1.09356
49.6 0.797135 -1.07272
49.7 1.2651 -1.03516
49.8 1.65069 -0.981721
49.9 1.88194 -0.916998
50 1.98582 -0.846349
50.1 2.01931 -0.773366
50.2 2.02031 -0.699847
50.3 2.00718 -0.626589
50.4 1.98786 -0.553938
50.5 1.96566 -0.482049
50.6 1.94194 -0.410997
50.7 1.91726 -0.340827
50.8 1.89185 -0.271568
50.9 1.86578 -0.203245
51 1.83905 -0.135883
51.1 1.81166 -0.0695038
51.2 1.78356 -0.0041338
51.3 1.7547 0.0602007
51.4 1.72502 0.123471
51.5 1.69445 0.185646
51.6 1.6629 0.246692
51.7 1.6303 0.306572
51.8 1.59651 0.365245
51.9 1.56141 0.422666
52 1.52486 0.478785
52.1 1.48666 0.533545
52.2 1.4466 0.586884
52.3 1.40441 0.638727
52.4 1.35977 0.688993
52.5 1.31226 0.737585
52.6 1.26136 0.784389
52.7 1.20641 0.829271
52.8 1.14655 0.872069
52.9 1.08061 0.912583
53 1.00702 0.950566
53.1 0.923579 0.985702
53.2 0.827181 1.01758
53.3 0.713279 1.04565
53.4 0.575126 1.06916
53.5 0.402605 1.08706
53.6 0.180836 1.09785
53.7 -0.110033 1.09938
53.8 -0.488106 1.08878
53.9 -0.943505 1.06291
54 -1.39887 1.02013
54.1 -1.7392 0.962591
54.2 -1.92496 0.895517
54.3 -2.00148 0.823859
54.4 -2.02194 0.750579
54.5 -2.01724 0.677084
54.6 -2.00164 0.603989
54.7 -1.9812 0.531563
54.8 -1.95843 0.459928
54.9 -1.93438 0.389146
55 -1.90946 0.319255
55.1 -1.88383 0.250284
55.2 -1.85756 0.182256
55.3 -1.83063 0.115196
55.4 -1.80302 0.0491272
55.5 -1.77469 -0.0159248
55.6 -1.74559 -0.0799325
55.7 -1.71564 -0.142867
55.8 -1.68478 -0.204696
55.9 -1.65291 -0.265384
56 -1.61995 -0.324894
56.1 -1.58577 -0.383184
56.2 -1.55024 -0.440207
56.3 -1.5132 -0.495911
56.4 -1.47445 -0.550238
56.5 -1.43376 -0.603121
56.6 -1.39085 -0.654485
56.7 -1.34536 -0.704243
56.8 -1.29687 -0.752293
56.9 -1.24479 -0.798517
57 -1.18843 -0.842772
57.1 -1.12682 -0.884885
57.2 -1.0587 -0.924644
57.3 -0.982324 -0.961781
57.4 -0.895256 -0.995956
57.5 -0.794001 -1.02672
57.6 -0.673433 -1.05347
57.7 -0.525902 -1.07537
57.8 -0.339958 -1.09125
57.9 -0.0990545 -1.09943
58 0.217454 -1.09754
58.1 0.623054 -1.08252
58.2 1.09029 -1.05144
58.3 1.52087 -1.00366
58.4 1.81214 -0.94255
58.5 1.9575 -0.873612
58.6 2.01194 -0.801224
58.7 2.02227 -0.727776
58.8 2.01318 -0.654362
58.9 1.99566 -0.581455
59 1.97433 -0.509265
59.1 1.95109 -0.437889
59.2 1.92673 -0.36738
59.3 1.90158 -0.297771
59.4 1.87576 -0.22909
59.5 1.84928 -0.16136
59.6 1.82215 -0.0946046
59.7 1.79432 -0.0288482
59.8 1.76576 0.035883
59.9 1.73639 0.0995611
60 1.70617 0.162156
60.1 1.67501 0.223635
60.2 1.64282 0.283963
60.3 1.60949 0.343099
60.4 1.57491 0.401002
60.5 1.53893 0.457622
60.6 1.50138 0.512905
60.7 1.46205 0.566792
60.8 1.42071 0.619212
60.9 1.37704 0.670088
61 1.33067 0.719328
61.1 1.28113 0.766826
61.2 1.22782 0.812456
61.3 1.16994 0.856067
61.4 1.10647 0.897475
61.5 1.036 0.936453
61.6 0.956611 0.972713
61.7 0.865581 1.00588
61.8 0.758983 1.03548
61.9 0.631022 1.06082
62 0.473024 1.08101
62.1 0.272065 1.09471
62.2 0.00997816 1.10005
62.3 -0.333719 1.09444
62.4 -0.764556 1.0747
62.5 -1.23367 1.03833
62.6 -1.62856 0.985887
62.7 -1.8706 0.921768
62.8 -1.98144 0.851391
62.9 -2.01833 0.778496
63 -2.02083 0.704981
63.1 -2.00836 0.63169
63.2 -1.98933 0.55899
63.3 -1.96727 0.487045
63.4 -1.94363 0.415933
63.5 -1.91901 0.345701
63.6 -1.89365 0.276377
63.7 -1.86762 0.207988
63.8 -1.84094 0.140558
63.9 -1.8136 0.0741092
64 -1.78555 0.00866782
64.1 -1.75674 -0.05574
64.2 -1.72712 -0.119086
64.3 -1.69661 -0.181338
64.4 -1.66514 -0.242464
64.5 -1.63261 -0.302427
64.6 -1.59891 -0.361186
64.7 -1.56391 -0.418696
64.8 -1.52746 -0.474908
64.9 -1.48939 -0.529765
65 -1.44947 -0.583205
65.1 -1.40744 -0.635155
65.2 -1.36297 -0.685534
65.3 -1.31568 -0.734247
65.4 -1.26504 -0.78118
65.5 -1.2104 -0.826201
65.6 -1.15092 -0.86915
65.7 -1.08544 -0.909832
65.8 -1.01245 -0.948001
65.9 -0.929787 -0.983348
66 -0.834422 -1.01547
66.1 -0.721932 -1.04383
66.2 -0.585755 -1.06769
66.3 -0.416056 -1.08602
66.4 -0.198326 -1.09737
66.5 0.0870221 -1.09963
66.6 0.458762 -1.08998
66.7 0.910356 -1.06526
66.8 1.36964 -1.02365
66.9 1.72064 -0.966988
67 1.91625 -0.900399
67.1 1.99845 -0.828942
67.2 2.02157 -0.755716
67.3 2.01803 -0.68221
67.4 2.00293 -0.609077
67.5 1.98272 -0.536599
67.6 1.96007 -0.464905
67.7 1.93609 -0.394062
67.8 1.91122 -0.324109
67.9 1.88565 -0.255072
68 1.85942 -0.186978
68.1 1.83254 -0.11985
68.2 1.80498 -0.0537106
68.3 1.7767 0.0114132
68.4 1.74765 0.0754949
68.5 1.71776 0.138505
68.6 1.68696 0.200412
68.7 1.65517 0.261182
68.8 1.62229 0.320776
68.9 1.5882 0.379152
69 1.55277 0.436265
69.1 1.51584 0.492063
69.2 1.47722 0.546488
69.3 1.43667 0.599474
69.4 1.39393 0.650947
69.5 1.34864 0.70082
69.6 1.30036 0.748994
69.7 1.24856 0.79535
69.8 1.19252 0.839747
69.9 1.13132 0.882016
70 1.0637 0.921948
70.1 0.987974 0.959279
70.2 0.901753 0.993673
70.3 0.801633 1.02469
70.4 0.682627 1.05175
70.5 0.537299 1.07402
70.6 0.354513 1.09037
70.7 0.118097 1.09916
70.8 -0.192481 1.09806
70.9 -0.592007 1.08406
71 -1.05737 1.05417
71.1 -1.49455 1.00749
71.2 -1.79701 0.947137
71.3 -1.95099 0.878579
71.4 -2.00997 0.806335
71.5 -2.02237 0.732915
71.6 -2.01417 0.659478
71.7 -1.99704 0.586527
71.8 -1.97589 0.514283
71.9 -1.95275 0.442848
72 -1.92846 0.372277
72.1 -1.90336 0.302605
72.2 -1.87758 0.233858
72.3 -1.85115 0.166061
72.4 -1.82407 0.0992365
72.5 -1.79629 0.0334096
72.6 -1.76778 -0.0313941
72.7 -1.73847 -0.0951468
72.8 -1.70831 -0.157819
72.9 -1.67722 -0.219377
73 -1.6451 -0.279786
73.1 -1.61186 -0.339007
73.2 -1.57737 -0.396997
73.3 -1.54149 -0.453708
73.4 -1.50406 -0.509087
73.5 -1.46486 -0.563073
73.6 -1.42367 -0.615599
73.7 -1.38018 -0.666586
73.8 -1.33401 -0.715943
73.9 -1.28471 -0.763567
74 -1.23168 -0.809332
74.1 -1.17415 -0.853089
74.2 -1.11111 -0.894658
74.3 -1.04119 -0.933814
74.4 -0.962499 -0.970275
74.5 -0.872393 -1.00368
74.6 -0.767045 -1.03354
74.7 -0.640818 -1.05921
74.8 -0.485281 -1.07979
74.9 -0.287853 -1.094
75 -0.0307219 -1.1
75.1 0.306743 -1.09525
75.2 0.732199 -1.0766
75.3 1.20187 -1.04143
75.4 1.60563 -0.989997
75.5 1.85861 -0.926507
75.6 1.97671 -0.856421
75.7 2.01719 -0.783624
75.8 2.02129 -0.710116
75.9 2.0095 -0.636794
76 1.99078 -0.564046
76.1 1.96888 -0.492045
76.2 1.94532 -0.420874
76.3 1.92076 -0.350578
76.4 1.89544 -0.281191
76.5 1.86946 -0.212736
76.6 1.84283 -0.145237
76.7 1.81553 -0.0787194
76.8 1.78753 -0.0132069
76.9 1.75878 0.051274
77 1.72922 0.114695
77.1 1.69878 0.177025
77.2 1.66737 0.238231
77.3 1.63492 0.298276
77.4 1.6013 0.357121
77.5 1.5664 0.414719
77.6 1.53006 0.471023
77.7 1.4921 0.525977
77.8 1.45232 0.579518
77.9 1.41045 0.631576
78 1.36617 0.682067
78.1 1.31908 0.730899
78.2 1.2687 0.777961
78.3 1.21437 0.823121
78.4 1.15525 0.866221
78.5 1.09024 0.907068
78.6 1.01783 0.945422
78.7 0.935934 0.980977
78.8 0.841581 1.01334
78.9 0.73047 1.04198
79 0.596222 1.06619
79.1 0.429275 1.08495
79.2 0.215486 1.09684
79.3 -0.0644414 1.09982
79.4 -0.429837 1.09111
79.5 -0.877272 1.06753
79.6 -1.33984 1.02709
79.7 -1.70127 0.971336
79.8 -1.90698 0.905258
79.9 -1.99514 0.834017
80 -2.02107 0.760853
80.1 -2.01876 0.687339
80.2 -2.0042 0.614167
80.3 -1.98423 0.541638
80.4 -1.96171 0.469888
80.5 -1.9378 0.398984
80.6 -1.91298 0.328967
80.7 -1.88745 0.259866
80.8 -1.86127 0.191705
80.9 -1.83444 0.124508
81 -1.80692 0.058299
81.1 -1.7787 -0.00689664
81.2 -1.7497 -0.071052
81.3 -1.71988 -0.134138
81.4 -1.68915 -0.196123
81.5 -1.65743 -0.256974
81.6 -1.62463 -0.316651
81.7 -1.59063 -0.375114
81.8 -1.5553 -0.432317
81.9 -1.51847 -0.488209
82 -1.47998 -0.542732
82.1 -1.43957 -0.595821
82.2 -1.39699 -0.647402
82.3 -1.35189 -0.69739
82.4 -1.30384 -0.745686
82.5 -1.25231 -0.792173
82.6 -1.19659 -0.836712
82.7 -1.13579 -0.879136
82.8 -1.06867 -0.919239
82.9 -0.993574 -0.956761
83 -0.908182 -0.991374
83.1 -0.809172 -1.02265
83.2 -0.691693 -1.05
83.3 -0.548516 -1.07264
83.4 -0.368808 -1.08945
83.5 -0.136777 -1.09883
83.6 0.167955 -1.09852
83.7 0.561317 -1.08553
83.8 1.02432 -1.05681
83.9 1.46753 -1.01125
84 1.78114 -0.951684
84.1 1.94401 -0.88353
84.2 2.00779 -0.81144
84.3 2.02237 -0.738054
84.4 2.01512 -0.664597
84.5 1.9984 -0.591603
84.6 1.97745 -0.519305
84.7 1.95441 -0.447811
84.8 1.93019 -0.377179
84.9 1.90514 -0.307443
85 1.87941 -0.238631
85.1 1.85302 -0.170767
85.2 1.82598 -0.103873
85.3 1.79825 -0.0379759
85.4 1.76979 0.0269002
85.5 1.74055 0.0907272
85.6 1.71045 0.153476
85.7 1.67942 0.215113
85.8 1.64738 0.275603
85.9 1.61422 0.334909
86 1.57982 0.392987
86.1 1.54405 0.449789
86.2 1.50673 0.505262
86.3 1.46767 0.559348
86.4 1.42662 0.611978
86.5 1.3833 0.663075
86.6 1.33733 0.71255
86.7 1.28827 0.760298
86.8 1.23552 0.806197
86.9 1.17834 0.850101
87 1.11572 0.891829
87.1 1.04633 0.931162
87.2 0.968331 0.967822
87.3 0.879131 1.00145
87.4 0.775005 1.03158
87.5 0.650472 1.05757
87.6 0.497335 1.07854
87.7 0.303352 1.09325
87.8 0.0510699 1.0999
87.9 -0.280217 1.096
88 -0.700094 1.07842
88.1 -1.16973 1.04444
88.2 -1.5819 0.994047
88.3 -1.84594 0.931216
88.4 -1.97161 0.861439
88.5 -2.01589 0.788749
88.6 -2.02167 0.715253
88.7 -2.01061 0.641902
88.8 -1.99222 0.569106
88.9 -1.97047 0.49705
89 -1.94701 0.425818
89.1 -1.9225 0.355461
89.2 -1.89723 0.286009
89.3 -1.87129 0.217488
89.4 -1.84471 0.149922
89.5 -1.81746 0.0833346
89.6 -1.78951 0.017751
89.7 -1.76081 -0.0468029
89.8 -1.73131 -0.110299
89.9 -1.70093 -0.172706
90 -1.6696 -0.233992
90.1 -1.63722 -0.294119
90.2 -1.60369 -0.353049
90.3 -1.56888 -0.410737
90.4 -1.53265 -0.467133
90.5 -1.49481 -0.522183
90.6 -1.45516 -0.575825
90.7 -1.41345 -0.627988
90.8 -1.36935 -0.678592
90.9 -1.32248 -0.727544
91 -1.27234 -0.774733
91.1 -1.21831 -0.82003
91.2 -1.15956 -0.86328
91.3 -1.095 -0.904292
91.4 -1.02317 -0.942829
91.5 -0.942021 -0.978592
91.6 -0.848658 -1.01119
91.7 -0.738896 -1.04011
91.8 -0.606531 -1.06466
91.9 -0.442268 -1.08384
92 -0.232325 -1.09627
92.1 0.0422854 -1.09996
92.2 0.40134 -1.09217
92.3 0.844291 -1.06972
92.4 1.30952 -1.03046
92.5 1.6811 -0.975635
92.6 1.89714 -0.910093
92.7 1.99154 -0.839083
92.8 2.02045 -0.765988
92.9 2.01944 -0.692469
93 2.00544 -0.619261
93.1 1.98573 -0.546681
93.2 1.96334 -0.474874
93.3 1.9395 -0.403909
93.4 1.91474 -0.333829
93.5 1.88926 -0.264663
93.6 1.86312 -0.196436
93.7 1.83633 -0.129171
93.8 1.80887 -0.0628923
93.9 1.78069 0.00237496
94 1.75175 0.0666039
94.1 1.72199 0.129766
94.2 1.69132 0.191829
94.3 1.65968 0.25276
94.4 1.62696 0.31252
94.5 1.59304 0.37107
94.6 1.55781 0.428362
94.7 1.5211 0.484347
94.8 1.48272 0.538968
94.9 1.44246 0.592159
95 1.40005 0.643849
95.1 1.35513 0.693951
95.2 1.30731 0.742369
95.3 1.25604 0.788986
95.4 1.20064 0.833667
95.5 1.14022 0.876245
95.6 1.07359 0.916517
95.7 0.999124 0.95423
95.8 0.914545 0.989059
95.9 0.816623 1.02058
96 0.700636 1.04823
96.1 0.559556 1.07123
96.2 0.382851 1.0885
96.3 0.155102 1.09846
96.4 -0.143875 1.09891
96.5 -0.531 1.08692
96.6 -0.991187 1.05937
96.7 -1.43982 1.01495
96.8 -1.7645 0.95619
96.9 -1.93656 0.888462
97 -2.00538 0.81654
97.1 -2.02227 0.743193
97.2 -2.01602 0.669718
97.3 -1.99975 0.596682
97.4 -1.979 0.524331
97.5 -1.95607 0.452779
97.6 -1.93191 0.382085
97.7 -1.90691 0.312286
97.8 -1.88122 0.243408
97.9 -1.85489 0.175477
98 -1.82789 0.108515
98.1 -1.80021 0.0425472
98.2 -1.77181 -0.0224011
98.3 -1.74262 -0.0863024
98.4 -1.71258 -0.149127
98.5 -1.68162 -0.210843
98.6 -1.64965 -0.271415
98.7 -1.61658 -0.330805
98.8 -1.58227 -0.38897
98.9 -1.54659 -0.445863
99 -1.50939 -0.501431
99.1 -1.47046 -0.555616
99.2 -1.42956 -0.60835
99.3 -1.3864 -0.659556
99.4 -1.34064 -0.709148
99.5 -1.29181 -0.757021
99.6 -1.23934 -0.803053
99.7 -1.18249 -0.847101
99.8 -1.1203 -0.888988
99.9 -1.05143 -0.928497
100 -0.97411 -0.965354
100.1 -0.885797 -0.999209
100.2 -0.782868 -1.0296
100.3 -0.659989 -1.0559
100.4 -0.509193 -1.07726
100.5 -0.318567 -1.09246
100.6 -0.0710292 -1.09974
100.7 0.254144 -1.09668
100.8 0.668267 -1.08016
100.9 1.13731 -1.04737
101 1.55741 -0.998035
101.1 1.83259 -0.935891
101.2 1.96612 -0.866443
101.3 2.01441 -0.79387
101.4 2.02198 -0.72039
101.5 2.01169 -0.647012
101.6 1.99364 -0.57417
101.7 1.97206 -0.502058
101.8 1.94868 -0.430767
101.9 1.92424 -0.360347
102 1.89902 -0.290831
102.1 1.87313 -0.222244
102.2 1.84659 -0.154611
102.3 1.81938 -0.0879547
102.4 1.79149 -0.0223001
102.5 1.76284 0.0423266
102.6 1.7334 0.105897
102.7 1.70309 0.168382
102.8 1.67182 0.229747
102.9 1.63952 0.289957
103 1.60608 0.348972
103.1 1.57136 0.406747
103.2 1.53523 0.463235
103.3 1.49751 0.518382
103.4 1.458 0.572124
103.5 1.41644 0.624393
103.6 1.37251 0.675109
103.7 1.32585 0.724179
103.8 1.27596 0.771496
103.9 1.22222 0.81693
104 1.16384 0.860329
104.1 1.09973 0.901504
104.2 1.02847 0.940223
104.3 0.948048 0.976191
104.4 0.855657 1.00903
104.5 0.747213 1.03823
104.6 0.616686 1.0631
104.7 0.45504 1.0827
104.8 0.248849 1.09566
104.9 -0.0205482 1.10004
105 -0.37328 1.09315
105.1 -0.81145 1.07182
105.2 -1.27872 1.03374
105.3 -1.66012 0.97988
105.4 -1.8867 0.914903
105.5 -1.98764 0.84414
105.6 -2.01969 0.771121
105.7 -2.02006 0.697601
105.8 -2.00666 0.624358
105.9 -1.98722 0.551728
106 -1.96496 0.479864
106.1 -1.9412 0.408839
106.2 -1.9165 0.338696
106.3 -1.89106 0.269466
106.4 -1.86497 0.201172
106.5 -1.83823 0.133839
106.6 -1.81081 0.0674906
106.7 -1.78269 0.0021518
106.8 -1.7538 -0.0621506
106.9 -1.7241 -0.125388
107 -1.6935 -0.187529
107.1 -1.66192 -0.24854
107.2 -1.62928 -0.308384
107.3 -1.59545 -0.367019
107.4 -1.56032 -0.424401
107.5 -1.52372 -0.480479
107.6 -1.48546 -0.535197
107.7 -1.44534 -0.588491
107.8 -1.40309 -0.640288
107.9 -1.35836 -0.690504
108 -1.31075 -0.739043
108.1 -1.25974 -0.78579
108.2 -1.20466 -0.830611
108.3 -1.14463 -0.873342
108.4 -1.07848 -0.913783
108.5 -1.00462 -0.951684
108.6 -0.920844 -0.986727
108.7 -0.823987 -1.0185
108.8 -0.709457 -1.04644
108.9 -0.570424 -1.0698
109 -0.396646 -1.08751
109.1 -0.173079 -1.09804
109.2 0.120237 -1.09925
109.3 0.501073 -1.08823
109.4 0.958017 -1.06185
109.5 1.41147 -1.01857
109.6 1.74707 -0.960653
109.7 1.9286 -0.893374
109.8 2.00272 -0.821633
109.9 2.02206 -0.748331
110 2.01688 -0.674842
110.1 2.00107 -0.601765
110.2 1.98053 -0.529361
110.3 1.95772 -0.457751
110.4 1.93363 -0.386996
110.5 1.90868 -0.317133
110.6 1.88304 -0.24819
110.7 1.85675 -0.180192
110.8 1.8298 -0.113162
110.9 1.80217 -0.0471235
111 1.77382 0.0178969
111.1 1.74468 0.0818723
111.2 1.71471 0.144773
111.3 1.68382 0.206568
111.4 1.65192 0.267221
111.5 1.61892 0.326695
111.6 1.58471 0.384946
111.7 1.54913 0.44193
111.8 1.51204 0.497593
111.9 1.47324 0.551876
112 1.43248 0.604714
112.1 1.3895 0.65603
112.2 1.34393 0.705737
112.3 1.29533 0.753734
112.4 1.24314 0.7999
112.5 1.18663 0.844092
112.6 1.12484 0.886136
112.7 1.0565 0.925819
112.8 0.979835 0.962872
112.9 0.892393 0.99695
113 0.790634 1.0276
113.1 0.66937 1.05422
113.2 0.520858 1.07595
113.3 0.333507 1.09163
113.4 0.0906073 1.09954
113.5 -0.228522 1.09729
113.6 -0.636743 1.08182
113.7 -1.10465 1.05022
113.8 -1.53215 1.00196
113.9 -1.81852 0.940531
114 -1.96022 0.871433
114.1 -2.01273 0.798987
114.2 -2.0222 0.725528
114.3 -2.01274 0.652124
114.4 -1.99505 0.579237
114.5 -1.97364 0.50707
114.6 -1.95036 0.43572
114.7 -1.92598 0.365239
114.8 -1.9008 0.295658
114.9 -1.87496 0.227006
115 -1.84846 0.159305
115.1 -1.82131 0.0925797
115.2 -1.79346 0.0268542
115.3 -1.76487 -0.0378452
115.4 -1.73548 -0.101491
115.5 -1.70523 -0.164052
115.6 -1.67404 -0.225497
115.7 -1.64181 -0.285788
115.8 -1.60845 -0.344888
115.9 -1.57383 -0.402752
116 -1.5378 -0.459332
116.1 -1.5002 -0.514573
116.2 -1.46082 -0.568416
116.3 -1.41941 -0.620791
116.4 -1.37567 -0.671618
116.5 -1.32921 -0.720807
116.6 -1.27956 -0.768249
116.7 -1.22612 -0.81382
116.8 -1.16809 -0.857366
116.9 -1.10442 -0.898704
117 -1.03372 -0.937603
117.1 -0.954017 -0.973774
117.2 -0.862577 -1.00684
117.3 -0.755424 -1.03632
117.4 -0.626691 -1.06152
117.5 -0.467596 -1.08153
117.6 -0.265065 -1.09501
117.7 -0.000776709 -1.10006
117.8 0.345661 -1.09406
117.9 0.778784 -1.07384
118 1.24747 -1.03695
118.1 1.63834 -0.984071
118.2 1.87564 -0.919685
118.3 1.9834 -0.849186
118.4 2.01878 -0.776252
118.5 2.02061 -0.702735
118.6 2.00785 -0.629458
118.7 1.98869 -0.556779
118.8 1.96657 -0.484859
118.9 1.94289 -0.413773
119 1.91825 -0.343568
119.1 1.89286 -0.274273
119.2 1.86681 -0.205913
119.3 1.84012 -0.138512
119.4 1.81275 -0.0720938
119.5 1.78468 -0.0066836
119.6 1.75585 0.0576921
119.7 1.7262 0.121005
119.8 1.69567 0.183224
119.9 1.66416 0.244315
120 1.6316 0.304241
120.1 1.59786 0.362963
120.2 1.56282 0.420434
120.3 1.52632 0.476605
120.4 1.48819 0.53142
120.5 1.44821 0.584815
120.6 1.40611 0.636719
120.7 1.36157 0.687049
120.8 1.31418 0.735708
120.9 1.26343 0.782585
121 1.20866 0.827546
121.1 1.14901 0.870429
121.2 1.08333 0.911037
121.3 1.01008 0.949125
121.4 0.927079 0.98438
121.5 0.831265 1.01639
121.6 0.71816 1.04463
121.7 0.581125 1.06834
121.8 0.4102 1.08648
121.9 0.190715 1.09758
122 -0.097036 1.09953
122.1 -0.471548 1.08946
122.2 -0.924853 1.06424
122.3 -1.3825 1.02212
122.4 -1.72886 0.96507
122.5 -1.92012 0.898266
122.6 -1.99981 0.826719
122.7 -2.02174 0.753469
122.8 -2.01769 0.679967
122.9 -2.00237 0.606851
123 -1.98206 0.534395
123.1 -1.95936 0.462727
123.2 -1.93534 0.391911
123.3 -1.91045 0.321985
123.4 -1.88485 0.252977
123.5 -1.8586 0.184912
123.6 -1.8317 0.117813
123.7 -1.80412 0.0517048
123.8 -1.77582 -0.0133876
123.9 -1.74675 -0.0774369
124 -1.71683 -0.140414
124.1 -1.68601 -0.202287
124.2 -1.65419 -0.263021
124.3 -1.62127 -0.322578
124.4 -1.58714 -0.380917
124.5 -1.55167 -0.437991
124.6 -1.51469 -0.493748
124.7 -1.47601 -0.54813
124.8 -1.4354 -0.601071
124.9 -1.39258 -0.652496
125 -1.34721 -0.702319
125.1 -1.29883 -0.750438
125.2 -1.24692 -0.796737
125.3 -1.19073 -0.841072
125.4 -1.12935 -0.883273
125.5 -1.06152 -0.923129
125.6 -0.985508 -0.960375
125.7 -0.898919 -0.994674
125.8 -0.798305 -1.02558
125.9 -0.67862 -1.0525
126 -0.532336 -1.07462
126.1 -0.348178 -1.09076
126.2 -0.109811 -1.09928
126.3 0.203351 -1.09784
126.4 0.605547 -1.0834
126.5 1.07179 -1.05298
126.6 1.50615 -1.00582
126.7 1.80372 -0.945135
126.8 1.95389 -0.876408
126.9 2.01086 -0.804099
127 2.02234 -0.730667
127.1 2.01374 -0.657239
127.2 1.99644 -0.584308
127.3 1.97521 -0.512087
127.4 1.95202 -0.440678
127.5 1.92771 -0.370134
127.6 1.90259 -0.30049
127.7 1.87678 -0.231772
127.8 1.85033 -0.164004
127.9 1.82323 -0.0972095
128 1.79543 -0.0314134
128.1 1.76689 0.0333586
128.2 1.73756 0.0970787
128.3 1.70738 0.159717
128.4 1.67625 0.221241
128.5 1.6441 0.281614
128.6 1.61082 0.340798
128.7 1.57629 0.39875
128.8 1.54037 0.455421
128.9 1.50289 0.510758
129 1.46364 0.564701
129.1 1.42238 0.617181
129.2 1.37881 0.668119
129.3 1.33255 0.717425
129.4 1.28315 0.764994
129.5 1.22999 0.8107
129.6 1.17231 0.854393
129.7 1.10908 0.895892
129.8 1.03892 0.93497
129.9 0.95993 0.971343
130 0.869422 1.00464
130.1 0.76353 1.03439
130.2 0.63655 1.05992
130.3 0.479943 1.08033
130.4 0.280982 1.09431
130.5 0.0216958 1.10003
130.6 -0.318489 1.09491
130.7 -0.746326 1.07578
130.8 -1.21582 1.04008
130.9 -1.61576 0.988206
131 -1.86393 0.924437
131.1 -1.97882 0.854222
131.2 -2.01771 0.781381
131.3 -2.0211 0.70787
131.4 -2.009 0.634561
131.5 -1.99015 0.561834
131.6 -1.96818 0.489857
131.7 -1.94458 0.418712
131.8 -1.92 0.348444
131.9 -1.89466 0.279084
132 -1.86865 0.210658
132.1 -1.842 0.143189
132.2 -1.81468 0.0767019
132.3 -1.78666 0.0112205
132.4 -1.75789 -0.0532285
132.5 -1.7283 -0.116616
132.6 -1.69783 -0.178913
132.7 -1.6664 -0.240084
132.8 -1.63391 -0.300093
132.9 -1.60026 -0.3589
133 -1.56531 -0.41646
133.1 -1.52892 -0.472724
133.2 -1.49092 -0.527635
133.3 -1.45107 -0.581132
133.4 -1.40913 -0.633143
133.5 -1.36477 -0.683585
133.6 -1.3176 -0.732365
133.7 -1.2671 -0.77937
133.8 -1.21263 -0.82447
133.9 -1.15336 -0.867504
134 -1.08815 -0.908279
134.1 -1.01548 -0.946552
134.2 -0.933252 -0.982016
134.3 -0.838459 -1.01427
134.4 -0.726748 -1.04279
134.5 -0.591662 -1.06685
134.6 -0.42352 -1.08542
134.7 -0.208019 -1.09708
134.8 0.0742677 -1.09974
134.9 0.442439 -1.09063
135 0.891735 -1.06655
135.1 1.35294 -1.02559
135.2 1.70984 -0.96944
135.3 1.9111 -0.903135
135.4 1.99663 -0.831798
135.5 2.02131 -0.758606
135.6 2.01845 -0.685095
135.7 2.00365 -0.61194
135.8 1.98357 -0.539433
135.9 1.96099 -0.467707
136 1.93705 -0.39683
136.1 1.91221 -0.326841
136.2 1.88666 -0.257768
136.3 1.86046 -0.189636
136.4 1.8336 -0.122469
136.5 1.80607 -0.056291
136.6 1.77782 0.00887324
136.7 1.7488 0.0729964
136.8 1.71895 0.136049
136.9 1.68819 0.198
137 1.65644 0.258815
137.1 1.62361 0.318456
137.2 1.58957 0.376882
137.3 1.55419 0.434045
137.4 1.51732 0.489896
137.5 1.47877 0.544376
137.6 1.43831 0.59742
137.7 1.39565 0.648954
137.8 1.35047 0.698892
137.9 1.30232 0.747134
138 1.25067 0.793564
138.1 1.19482 0.838041
138.2 1.13384 0.880398
138.3 1.0665 0.920425
138.4 0.99113 0.957864
138.5 0.905377 0.992382
138.6 0.805885 1.02354
138.7 0.687742 1.05077
138.8 0.543631 1.07325
138.9 0.362586 1.08986
139 0.128649 1.09898
139.1 -0.17863 1.09833
139.2 -0.574699 1.0849
139.3 -1.03879 1.05567
139.4 -1.47943 1.00961
139.5 -1.78818 0.9497
139.6 -1.94712 0.881366
139.7 -2.00877 0.809207
139.8 -2.02238 0.735806
139.9 -2.01471 0.662357
140 -1.99781 0.589382
140.1 -1.97677 0.517107
140.2 -1.95369 0.445639
140.3 -1.92943 0.375034
140.4 -1.90436 0.305326
140.5 -1.87861 0.236542
140.6 -1.8522 0.168707
140.7 -1.82514 0.101844
140.8 -1.79739 0.0359775
140.9 -1.76891 -0.0288669
141 -1.73964 -0.0926614
141.1 -1.70951 -0.155376
141.2 -1.67846 -0.216979
141.3 -1.64638 -0.277434
141.4 -1.61319 -0.336703
141.5 -1.57875 -0.394742
141.6 -1.54293 -0.451504
141.7 -1.50556 -0.506937
141.8 -1.46644 -0.560979
141.9 -1.42533 -0.613563
142 -1.38193 -0.664612
142.1 -1.33588 -0.714035
142.2 -1.28671 -0.761729
142.3 -1.23384 -0.80757
142.4 -1.17651 -0.851409
142.5 -1.11371 -0.893068
142.6 -1.04409 -0.932324
142.7 -0.965786 -0.968897
142.8 -0.876192 -1.00243
142.9 -0.771535 -1.03244
143 -0.646266 -1.05829
143.1 -0.492086 -1.07909
143.2 -0.296606 -1.09358
143.3 -0.0422161 -1.09995
143.4 0.291766 -1.09568
143.5 0.714107 -1.07764
143.6 1.18383 -1.04313
143.7 1.59238 -0.992282
143.8 1.85157 -0.92916
143.9 1.97388 -0.859245
144 2.01648 -0.786507
144.1 2.02151 -0.713006
144.2 2.01013 -0.639667
144.3 1.99159 -0.566892
144.4 1.96977 -0.49486
144.5 1.94627 -0.423655
144.6 1.92174 -0.353324
144.7 1.89645 -0.2839
144.8 1.87049 -0.215408
144.9 1.84389 -0.147872
145 1.81661 -0.0813149
145.1 1.78864 -0.0157624
145.2 1.75992 0.0487596
145.3 1.73039 0.112223
145.4 1.69999 0.174596
145.5 1.66863 0.235847
145.6 1.63622 0.295939
145.7 1.60265 0.354831
145.8 1.5678 0.41248
145.9 1.53152 0.468836
146 1.49363 0.523844
146.1 1.45392 0.577442
146.2 1.41214 0.629559
146.3 1.36796 0.680114
146.4 1.32099 0.729013
146.5 1.27075 0.776146
146.6 1.21658 0.821384
146.7 1.15768 0.864568
146.8 1.09293 0.905508
146.9 1.02084 0.943965
147 0.939365 0.979637
147.1 0.845572 1.01213
147.2 0.735223 1.04093
147.3 0.60204 1.06533
147.4 0.436611 1.08433
147.5 0.224997 1.09653
147.6 -0.0519266 1.0999
147.7 -0.413754 1.09171
147.8 -0.858704 1.06877
147.9 -1.32285 1.02899
148 -1.69003 0.97376
148.1 -1.90152 0.907981
148.2 -1.99316 0.836868
148.3 -2.02074 0.763741
148.4 -2.01915 0.690225
148.5 -2.0049 0.617032
148.6 -1.98508 0.544475
148.7 -1.96262 0.472692
148.8 -1.93876 0.401754
148.9 -1.91397 0.331701
149 -1.88847 0.262564
149.1 -1.86231 0.194366
149.2 -1.8355 0.12713
149.3 -1.80802 0.0608822
149.4 -1.77982 -0.00435378
149.5 -1.75086 -0.0685506
149.6 -1.72107 -0.131679
149.7 -1.69037 -0.193708
149.8 -1.6587 -0.254604
149.9 -1.62594 -0.314328
150 -1.59199 -0.37284
150.1 -1.55671 -0.430093
150.2 -1.51995 -0.486038
150.3 -1.48152 -0.540615
150.4 -1.4412 -0.593762
150.5 -1.39871 -0.645404
150.6 -1.35372 -0.695456
150.7 -1.30579 -0.743821
150.8 -1.25441 -0.790381
150.9 -1.19887 -0.835
151 -1.13829 -0.877511
151.1 -1.07144 -0.917709
151.2 -0.996702 -0.955339
151.3 -0.911769 -0.990074
151.4 -0.813374 -1.02149
151.5 -0.696739 -1.04901
151.6 -0.554747 -1.07185
151.7 -0.376738 -1.08892
151.8 -0.147128 -1.09863
151.9 0.154355 -1.09875
152 0.544216 -1.08632
152.1 1.00569 -1.05826
152.2 1.45202 -1.01334
152.3 1.77187 -0.954224
152.4 1.93988 -0.886306
152.5 2.00646 -0.814309
152.6 2.02233 -0.740944
152.7 2.01563 -0.667477
152.8 1.99916 -0.59446
152.9 1.97832 -0.522132
153 1.95534 -0.450605
153.1 1.93116 -0.379938
153.2 1.90614 -0.310167
153.3 1.88043 -0.241318
153.4 1.85407 -0.173416
153.5 1.82706 -0.106484
153.6 1.79936 -0.0405467
153.7 1.77093 0.02437
153.8 1.74171 0.0882389
153.9 1.71165 0.15103
154 1.68066 0.212712
154.1 1.64866 0.273248
154.2 1.61555 0.332601
154.3 1.5812 0.390728
154.4 1.54548 0.447581
154.5 1.50823 0.503108
154.6 1.46924 0.557249
154.7 1.42827 0.609938
154.8 1.38505 0.661097
154.9 1.33919 0.710637
155 1.29026 0.758456
155.1 1.23767 0.80443
155.2 1.18068 0.848415
155.3 1.1183 0.890233
155.4 1.04921 0.929665
155.5 0.971589 0.966436
155.6 0.88289 1.00019
155.7 0.77944 1.03047
155.8 0.655842 1.05664
155.9 0.504029 1.07783
156 0.311945 1.09281
156.1 0.0623445 1.09982
156.2 -0.265495 1.09639
156.3 -0.682155 1.07941
156.4 -1.15152 1.0461
156.5 -1.56822 0.996298
156.6 -1.83852 0.93385
156.7 -1.96857 0.864256
156.8 -2.01508 0.79163
156.9 -2.02185 0.718143
157 -2.01123 0.644776
157.1 -1.99302 0.571954
157.2 -1.97136 0.499866
157.3 -1.94795 0.428602
157.4 -1.92348 0.358209
157.5 -1.89824 0.288721
157.6 -1.87233 0.220163
157.7 -1.84577 0.152559
157.8 -1.81854 0.0859329
157.9 -1.79062 0.0203093
158 -1.76196 -0.0442856
158.1 -1.73249 -0.107824
158.2 -1.70214 -0.170274
158.3 -1.67085 -0.231605
158.4 -1.63852 -0.291779
158.5 -1.60503 -0.350756
158.6 -1.57028 -0.408493
158.7 -1.5341 -0.464941
158.8 -1.49633 -0.520045
158.9 -1.45676 -0.573744
159 -1.41513 -0.625967
159.1 -1.37113 -0.676634
159.2 -1.32438 -0.725652
159.3 -1.27438 -0.772913
159.4 -1.22051 -0.818288
159.5 -1.16197 -0.861621
159.6 -1.09767 -0.902725
159.7 -1.02616 -0.941365
159.8 -0.945418 -0.977243
159.9 -0.852605 -1.00998
160 -0.743588 -1.03906
160.1 -0.612262 -1.06379
160.2 -0.449479 -1.0832
160.3 -0.241658 -1.09593
160.4 0.0300069 -1.10001
160.5 0.385502 -1.09273
160.6 0.825798 -1.07091
160.7 1.29225 -1.03231
160.8 1.6694 -0.978029
160.9 1.89134 -0.912802
161 1.98938 -0.841929
161.1 2.02004 -0.768875
161.2 2.01979 -0.695356
161.3 2.00613 -0.622128
161.4 1.98657 -0.54952
161.5 1.96425 -0.47768
161.6 1.94046 -0.406682
161.7 1.91573 -0.336567
161.8 1.89027 -0.267364
161.9 1.86416 -0.199099
162 1.8374 -0.131796
162.1 1.80996 -0.0654783
162.2 1.78182 -0.000170759
162.3 1.75291 0.0640996
162.4 1.72318 0.127304
162.5 1.69255 0.189411
162.6 1.66094 0.250387
162.7 1.62826 0.310194
162.8 1.5944 0.368792
162.9 1.55922 0.426135
163 1.52257 0.482172
163.1 1.48427 0.536848
163.2 1.44409 0.590097
163.3 1.40176 0.641846
163.4 1.35695 0.692013
163.5 1.30925 0.740499
163.6 1.25812 0.78719
163.7 1.20291 0.831949
163.8 1.14271 0.874614
163.9 1.07635 0.914981
164 1.00222 0.9528
164.1 0.918096 0.987749
164.2 0.820776 1.01941
164.3 0.705613 1.04723
164.4 0.56569 1.07043
164.5 0.390641 1.08794
164.6 0.165256 1.09823
164.7 -0.130524 1.09911
164.8 -0.514117 1.08766
164.9 -0.97253 1.06078
165 -1.42395 1.01699
165.1 -1.75479 0.958706
165.2 -1.93214 0.891227
165.3 -2.00391 0.819405
165.4 -2.02217 0.746083
165.5 -2.01651 0.6726
165.6 -2.00049 0.599541
165.7 -1.97986 0.52716
165.8 -1.95699 0.455575
165.9 -1.93288 0.384847
166 -1.90791 0.315012
166.1 -1.88225 0.246098
166.2 -1.85593 0.178129
166.3 -1.82896 0.111128
166.4 -1.80131 0.0451208
166.5 -1.77294 -0.0198681
166.6 -1.74378 -0.0838111
166.7 -1.71378 -0.146679
166.8 -1.68286 -0.208439
166.9 -1.65093 -0.269056
167 -1.6179 -0.328493
167.1 -1.58364 -0.386707
167.2 -1.54802 -0.443651
167.3 -1.51088 -0.499273
167.4 -1.47202 -0.553513
167.5 -1.43121 -0.606305
167.6 -1.38815 -0.657574
167.7 -1.34249 -0.70723
167.8 -1.29379 -0.755173
167.9 -1.24148 -0.801281
168 -1.18482 -0.84541
168.1 -1.12286 -0.887386
168.2 -1.05429 -0.926992
168.3 -0.977337 -0.96396
168.4 -0.889516 -0.99794
168.5 -0.787248 -1.02848
168.6 -0.665282 -1.05496
168.7 -0.515778 -1.07653
168.8 -0.327004 -1.09199
168.9 -0.0820885 -1.09963
169 0.239676 -1.09703
169.1 0.650496 -1.0811
169.2 1.11896 -1.04898
169.3 1.54329 -1.00025
169.4 1.82476 -0.938506
169.5 1.96285 -0.869252
169.6 2.01349 -0.796749
169.7 2.02211 -0.72328
169.8 2.01229 -0.649887
169.9 1.99444 -0.57702
170 1.97295 -0.504877
170.1 1.94963 -0.433553
170.2 1.92522 -0.363098
170.3 1.90002 -0.293546
170.4 1.87416 -0.224922
170.5 1.84764 -0.157251
170.6 1.82047 -0.0905557
170.7 1.7926 -0.0248612
170.8 1.76398 0.0398064
170.9 1.73457 0.103419
171 1.70429 0.165947
171.1 1.67307 0.227357
171.2 1.64081 0.287613
171.3 1.60741 0.346675
171.4 1.57275 0.404501
171.5 1.53668 0.46104
171.6 1.49903 0.51624
171.7 1.45959 0.570039
171.8 1.41811 0.622368
171.9 1.37429 0.673146
172 1.32774 0.722283
172.1 1.27799 0.769671
172.2 1.22442 0.815182
172.3 1.16623 0.858664
172.4 1.10238 0.89993
172.5 1.03143 0.938751
172.6 0.951413 0.974833
172.7 0.859559 1.0078
172.8 0.751845 1.03716
172.9 0.622332 1.06222
173 0.462129 1.08205
173.1 0.258008 1.0953
173.2 -0.00850241 1.10006
173.3 -0.357689 1.09367
173.4 -0.793051 1.07297
173.5 -1.26119 1.03556
173.6 -1.64797 0.982245
173.7 -1.88055 0.917596
173.8 -1.98529 0.84698
173.9 -2.01919 0.774008
174 -2.02038 0.700489
174.1 -2.00733 0.627226
174.2 -1.98805 0.554569
174.3 -1.96586 0.482673
174.4 -1.94215 0.411614
174.5 -1.91748 0.341436
174.6 -1.89207 0.272169
174.7 -1.86601 0.203838
174.8 -1.83929 0.136467
174.9 -1.8119 0.0700793
175 -1.78381 0.00470036
175.1 -1.75495 -0.0596433
175.2 -1.72528 -0.122923
175.3 -1.69472 -0.185108
175.4 -1.66318 -0.246164
175.5 -1.63058 -0.306054
175.6 -1.59681 -0.364738
175.7 -1.56173 -0.42217
175.8 -1.52518 -0.478301
175.9 -1.487 -0.533073
176 -1.44696 -0.586424
176.1 -1.40479 -0.638281
176.2 -1.36017 -0.688561
176.3 -1.31268 -0.737168
176.4 -1.26182 -0.783988
176.5 -1.20691 -0.828888
176.6 -1.1471 -0.871705
176.7 -1.08122 -0.91224
176.8 -1.0077 -0.950246
176.9 -0.924359 -0.985409
177 -0.828091 -1.01732
177.1 -0.714367 -1.04542
177.2 -0.576464 -1.06898
177.3 -0.4043 -1.08693
177.4 -0.183041 -1.09779
177.5 0.107133 -1.09941
177.6 0.484415 -1.08893
177.7 0.939358 -1.06321
177.8 1.39524 -1.02057
177.9 1.73692 -0.963144
178 1.9239 -0.896128
178.1 2.00112 -0.824495
178.2 2.0219 -0.751221
178.3 2.01734 -0.677725
178.4 2.0018 -0.604625
178.5 1.98139 -0.532192
178.6 1.95864 -0.46055
178.7 1.93459 -0.38976
178.8 1.90968 -0.319862
178.9 1.88406 -0.250882
179 1.85779 -0.182846
179.1 1.83087 -0.115778
179.2 1.80327 -0.0496999
179.3 1.77494 0.015361
179.4 1.74584 0.079378
179.5 1.7159 0.142322
179.6 1.68505 0.20416
179.7 1.6532 0.264859
179.8 1.62024 0.32438
179.9 1.58608 0.382681
180 1.55056 0.439715
180.1 1.51353 0.495431
180.2 1.4748 0.54977
180.3 1.43413 0.602665
180.4 1.39124 0.654043
180.5 1.34577 0.703815
180.6 1.2973 0.751881
180.7 1.24527 0.798122
180.8 1.18894 0.842394
180.9 1.12738 0.884527
181 1.05933 0.924307
181.1 0.983033 0.961469
181.2 0.896072 0.995672
181.3 0.79496 1.02647
181.4 0.674589 1.05325
181.5 0.527337 1.0752
181.6 0.341792 1.09114
181.7 0.101455 1.0994
181.8 -0.214308 1.09761
181.9 -0.619154 1.08272
182 -1.08619 1.05178
182.1 -1.51761 1.00414
182.2 -1.81029 0.943126
182.3 -1.95671 0.874234
182.4 -2.0117 0.801863
182.5 -2.02229 0.728419
182.6 -2.01331 0.655001
182.7 -1.99583 0.582089
182.8 -1.97452 0.509892
182.9 -1.9513 0.438508
183 -1.92695 0.367992
183.1 -1.90181 0.298376
183.2 -1.87599 0.229686
183.3 -1.84952 0.161948
183.4 -1.82239 0.0951834
183.5 -1.79457 0.0294182
183.6 -1.76601 -0.0353221
183.7 -1.73665 -0.0990095
183.8 -1.70644 -0.161614
183.9 -1.67528 -0.223103
184 -1.6431 -0.283441
184.1 -1.60979 -0.342588
184.2 -1.57522 -0.400502
184.3 -1.53925 -0.457133
184.4 -1.50171 -0.512428
184.5 -1.46241 -0.566327
184.6 -1.42108 -0.618761
184.7 -1.37743 -0.669651
184.8 -1.33109 -0.718906
184.9 -1.28158 -0.766419
185 -1.2283 -0.812066
185.1 -1.17047 -0.855695
185.2 -1.10705 -0.897123
185.3 -1.03665 -0.936123
185.4 -0.95735 -0.972409
185.5 -0.866437 -1.00561
185.6 -0.759996 -1.03523
185.7 -0.632255 -1.06062
185.8 -0.474567 -1.08086
185.9 -0.274055 -1.09462
186 -0.0125934 -1.10005
186.1 0.330322 -1.09455
186.2 0.760498 -1.07494
186.3 1.22971 -1.03872
186.4 1.62574 -0.986404
186.5 1.86913 -0.922362
186.6 1.98087 -0.85202
186.7 2.0182 -0.779138
186.8 2.02089 -0.705623
186.9 2.0085 -0.632328
187 1.98951 -0.559622
187.1 1.96747 -0.48767
187.2 1.94385 -0.416551
187.3 1.91923 -0.34631
187.4 1.89387 -0.276979
187.5 1.86785 -0.208581
187.6 1.84118 -0.141142
187.7 1.81384 -0.0746853
187.8 1.78579 -0.00923501
187.9 1.757 0.0551819
188 1.72738 0.118537
188.1 1.69688 0.180799
188.2 1.66542 0.241935
188.3 1.6329 0.301908
188.4 1.59921 0.360678
188.5 1.56422 0.418199
188.6 1.52779 0.474422
188.7 1.48973 0.529292
188.8 1.44982 0.582744
188.9 1.40781 0.634708
189 1.36337 0.685101
189.1 1.3161 0.733829
189.2 1.2655 0.780778
189.3 1.2109 0.825817
189.4 1.15146 0.868785
189.5 1.08605 0.909487
189.6 1.01312 0.947679
189.7 0.930559 0.983052
189.8 0.835322 1.0152
189.9 0.723005 1.0436
190 0.587072 1.0675
190.1 0.417721 1.08589
190.2 0.200489 1.0973
190.3 -0.0841757 1.09966
190.4 -0.455122 1.09013
190.5 -0.906216 1.06555
190.6 -1.36594 1.02408
190.7 -1.71826 0.967534
190.8 -1.91512 0.901008
190.9 -1.99805 0.829577
191 -2.02151 0.756359
191.1 -2.01812 0.682852
191.2 -2.00309 0.609713
191.3 -1.98291 0.537228
191.4 -1.96028 0.465528
191.5 -1.9363 0.394677
191.6 -1.91144 0.324716
191.7 -1.88587 0.255671
191.8 -1.85965 0.187569
191.9 -1.83277 0.120432
192 -1.80522 0.0542839
192.1 -1.77695 -0.0108489
192.2 -1.7479 -0.0749397
192.3 -1.71802 -0.137959
192.4 -1.68724 -0.199876
192.5 -1.65546 -0.260656
192.6 -1.62258 -0.32026
192.7 -1.58851 -0.378648
192.8 -1.55309 -0.435772
192.9 -1.51617 -0.491582
193 -1.47756 -0.546019
193.1 -1.43704 -0.599018
193.2 -1.39431 -0.650504
193.3 -1.34904 -0.700392
193.4 -1.3008 -0.748581
193.5 -1.24903 -0.794953
193.6 -1.19303 -0.839368
193.7 -1.13188 -0.881657
193.8 -1.06433 -0.92161
193.9 -0.988677 -0.958965
194 -0.90256 -0.993387
194.1 -0.80258 -1.02444
194.2 -0.683767 -1.05153
194.3 -0.538711 -1.07385
194.4 -0.356314 -1.09026
194.5 -0.120452 -1.09912
194.6 0.18939 -1.09812
194.7 0.588151 -1.08425
194.8 1.05324 -1.0545
194.9 1.49121 -1.00796
195 1.79507 -0.947708
195.1 1.95014 -0.879199
195.2 2.00971 -0.806973
195.3 2.02237 -0.733557
195.4 2.01429 -0.660118
195.5 1.99721 -0.587162
195.6 1.97609 -0.51491
195.7 1.95296 -0.443468
195.8 1.92868 -0.37289
195.9 1.90359 -0.30321
196 1.87781 -0.234455
196.1 1.85139 -0.166649
196.2 1.8243 -0.099816
196.3 1.79653 -0.0339802
196.4 1.76803 0.0308326
196.5 1.73873 0.0945946
196.6 1.70858 0.157276
196.7 1.67749 0.218844
196.8 1.64539 0.279263
196.9 1.61215 0.338495
197 1.57768 0.396496
197.1 1.54181 0.453219
197.2 1.50439 0.508609
197.3 1.46522 0.562608
197.4 1.42404 0.615147
197.5 1.38057 0.666147
197.6 1.33443 0.715519
197.7 1.28515 0.763159
197.8 1.23216 0.80894
197.9 1.17468 0.852716
198 1.11169 0.894305
198.1 1.04183 0.933483
198.2 0.963231 0.969969
198.3 0.873239 1.0034
198.4 0.768045 1.03329
198.5 0.642033 1.05901
198.6 0.486799 1.07963
198.7 0.289807 1.09391
198.8 0.0332873 1.09999
198.9 -0.303402 1.09535
199 -0.728171 1.07684
199.1 -1.19787 1.04181
199.2 -1.6027 0.990506
199.3 -1.85706 0.927098
199.4 -1.97609 0.857049
199.5 -2.01704 0.784265
199.6 -2.02134 0.710758
199.7 -2.00964 0.637433
199.8 -1.99096 0.564679
199.9 -1.96908 0.492671
200 -1.94553 0.421492
