0 2 0
0.1 1.86292 0.0684603
0.2 1.7815 0.133199
0.3 1.72406 0.195526
0.4 1.67785 0.256035
0.5 1.63694 0.315007
0.6 1.59836 0.37257
0.7 1.56047 0.428777
0.8 1.52228 0.483632
0.9 1.48316 0.537114
1 1.44262 0.589179
1.1 1.40022 0.639769
1.2 1.35556 0.688812
1.3 1.30814 0.736218
1.4 1.25742 0.781879
1.5 1.2027 0.825666
1.6 1.14307 0.867422
1.7 1.07736 0.906952
1.8 1.00396 0.944012
1.9 0.920605 0.97829
2 0.824101 1.00938
2.1 0.709746 1.03673
2.2 0.570516 1.0596
2.3 0.395802 1.07692
2.4 0.169891 1.08717
2.5 -0.128224 1.08816
2.6 -0.517124 1.07695
2.7 -0.983266 1.0504
2.8 -1.43967 1.00706
2.9 -1.7682 0.949477
3 -1.93969 0.883061
3.1 -2.0068 0.812592
3.2 -2.0225 0.740784
3.3 -2.01573 0.668881
3.4 -1.99939 0.597417
3.5 -1.97884 0.526621
3.6 -1.95626 0.456596
3.7 -1.93254 0.387397
3.8 -1.90804 0.319057
3.9 -1.88288 0.251601
4 -1.85711 0.185051
4.1 -1.83071 0.119429
4.2 -1.80366 0.0547585
4.3 -1.77591 -0.00893735
4.4 -1.74742 -0.0716326
4.5 -1.71812 -0.1333
4.6 -1.68794 -0.193909
4.7 -1.65681 -0.253427
4.8 -1.62462 -0.311819
4.9 -1.59127 -0.369045
5 -1.55663 -0.425062
5.1 -1.52056 -0.479821
5.2 -1.48286 -0.533268
5.3 -1.44332 -0.585341
5.4 -1.40169 -0.635971
5.5 -1.35763 -0.685077
5.6 -1.31074 -0.732566
5.7 -1.26052 -0.778329
5.8 -1.20629 -0.822235
5.9 -1.1472 -0.864128
6 -1.0821 -0.903815
6.1 -1.00942 -0.941056
6.2 -0.926985 -0.975545
6.3 -0.831672 -1.00688
6.4 -0.718926 -1.03453
6.5 -0.58194 -1.05776
6.6 -0.410433 -1.07554
6.7 -0.189129 -1.08639
6.8 0.102671 -1.08817
6.9 0.484401 -1.078
7 0.94661 -1.0527
7.1 1.40821 -1.01061
7.2 1.749 -0.953935
7.3 1.93102 -0.888003
7.4 2.00391 -0.817726
7.5 2.02223 -0.745966
7.6 2.01658 -0.674049
7.7 2.00072 -0.602545
7.8 1.98039 -0.531697
7.9 1.95793 -0.461615
8 1.93428 -0.392355
8.1 1.90983 -0.323952
8.2 1.88472 -0.256432
8.3 1.85899 -0.189816
8.4 1.83263 -0.124126
8.5 1.80563 -0.0593862
8.6 1.77794 0.0043807
8.7 1.7495 0.067149
8.8 1.72026 0.128891
8.9 1.69015 0.189578
9 1.65909 0.249176
9.1 1.62698 0.30765
9.2 1.59372 0.364962
9.3 1.55918 0.421067
9.4 1.52321 0.475918
9.5 1.48563 0.529462
9.6 1.44624 0.581636
9.7 1.40477 0.632372
9.8 1.3609 0.681591
9.9 1.31423 0.7292
10 1.26426 0.775092
10.1 1.21035 0.819137
10.2 1.15164 0.861181
10.3 1.08702 0.901034
10.4 1.01495 0.938461
10.5 0.933312 0.97316
10.6 0.839058 1.00474
10.7 0.727763 1.03268
10.8 0.592817 1.05626
10.9 0.424241 1.07447
11 0.207161 1.08588
11.1 -0.0788051 1.0884
11.2 -0.453764 1.07921
11.3 -0.911877 1.05509
11.4 -1.37776 1.01418
11.5 -1.73001 0.958398
11.6 -1.92233 0.892946
11.7 -2.001 0.822862
11.8 -2.02196 0.751152
11.9 -2.01743 0.679222
12 -2.00206 0.607677
12.1 -1.98195 0.536777
12.2 -1.95959 0.466638
12.3 -1.93601 0.397318
12.4 -1.91161 0.328852
12.5 -1.88655 0.261267
12.6 -1.86086 0.194585
12.7 -1.83455 0.128828
12.8 -1.8076 0.064019
12.9 -1.77996 0.00018114
13 -1.75158 -0.06266
13.1 -1.7224 -0.124477
13.2 -1.69235 -0.185241
13.3 -1.66136 -0.244918
13.4 -1.62933 -0.303475
13.5 -1.59615 -0.360872
13.6 -1.56171 -0.417065
13.7 -1.52585 -0.472009
13.8 -1.4884 -0.525648
13.9 -1.44914 -0.577924
14 -1.40783 -0.628766
14.1 -1.36414 -0.678097
14.2 -1.31769 -0.725826
14.3 -1.26798 -0.771845
14.4 -1.21438 -0.816028
14.5 -1.15605 -0.858222
14.6 -1.0919 -0.89824
14.7 -1.02044 -0.935851
14.8 -0.939573 -0.970758
14.9 -0.846356 -1.00258
15 -0.736478 -1.0308
15.1 -0.603521 -1.05472
15.2 -0.437799 -1.07337
15.3 -0.224836 -1.08533
15.4 0.0554103 -1.08858
15.5 0.423593 -1.08033
15.6 0.877215 -1.05738
15.7 1.34669 -1.01767
15.8 1.71014 -0.96281
15.9 1.91305 -0.897866
16 1.9978 -0.827991
16.1 2.02155 -0.756337
16.2 2.01823 -0.684397
16.3 2.00337 -0.612813
16.4 1.98349 -0.541862
16.5 1.96125 -0.471665
16.6 1.93774 -0.402284
16.7 1.91339 -0.333756
16.8 1.88837 -0.266107
16.9 1.86273 -0.199359
17 1.83647 -0.133535
17.1 1.80956 -0.0686568
17.2 1.78197 -0.00474815
17.3 1.75365 0.0581657
17.4 1.72453 0.120058
17.5 1.69455 0.180898
17.6 1.66363 0.240655
17.7 1.63167 0.299294
17.8 1.59859 0.356775
17.9 1.56424 0.413057
18 1.52849 0.468093
18.1 1.49116 0.521828
18.2 1.45204 0.574204
18.3 1.41088 0.625152
18.4 1.36738 0.674595
18.5 1.32114 0.722442
18.6 1.27169 0.768589
18.7 1.21839 0.812909
18.8 1.16044 0.855252
18.9 1.09675 0.895434
19 1.02587 0.933227
19.1 0.945772 0.968341
19.2 0.853569 1.0004
19.3 0.745075 1.0289
19.4 0.614058 1.05316
19.5 0.451114 1.07223
19.6 0.242164 1.08473
19.7 -0.0324799 1.08869
19.8 -0.393896 1.08138
19.9 -0.842669 1.05959
20 -1.31502 1.02109
20.1 -1.68939 0.96717
20.2 -1.90315 0.902762
20.3 -1.99429 0.833112
20.4 -2.02102 0.761521
20.5 -2.01897 0.689573
20.6 -2.00465 0.617952
20.7 -1.98502 0.54695
20.8 -1.9629 0.476696
20.9 -1.93947 0.407256
21 -1.91517 0.338665
21.1 -1.8902 0.270952
21.2 -1.8646 0.204138
21.3 -1.83839 0.138247
21.4 -1.81153 0.0732997
21.5 -1.78399 0.00932032
21.6 -1.75571 -0.0536661
21.7 -1.72665 -0.115633
21.8 -1.69674 -0.17655
21.9 -1.66589 -0.236386
22 -1.63401 -0.295107
22.1 -1.60101 -0.352673
22.2 -1.56676 -0.409043
22.3 -1.53111 -0.46417
22.4 -1.4939 -0.518001
22.5 -1.45492 -0.570477
22.6 -1.41392 -0.62153
22.7 -1.3706 -0.671084
22.8 -1.32458 -0.71905
22.9 -1.27537 -0.765323
23 -1.22237 -0.809779
23.1 -1.16479 -0.85227
23.2 -1.10156 -0.892616
23.3 -1.03126 -0.93059
23.4 -0.951907 -0.965908
23.5 -0.860698 -0.998201
23.6 -0.753557 -1.02698
23.7 -0.624431 -1.05158
23.8 -0.464193 -1.07106
23.9 -0.259152 -1.08409
24 0.0100069 -1.08874
24.1 0.364682 -1.08235
24.2 0.808281 -1.0617
24.3 1.28281 -1.02442
24.4 1.66775 -0.971476
24.5 1.89262 -0.907632
24.6 1.99046 -0.838223
24.7 2.02035 -0.766704
24.8 2.01965 -0.694752
24.9 2.00592 -0.623095
25 1.98654 -0.552042
25.1 1.96455 -0.481732
25.2 1.94119 -0.412231
25.3 1.91695 -0.343579
25.4 1.89202 -0.275801
25.5 1.86647 -0.208922
25.6 1.8403 -0.142964
25.7 1.81348 -0.0779476
25.8 1.78599 -0.0138977
25.9 1.75778 0.0491612
26 1.72878 0.111202
26.1 1.69892 0.172196
26.2 1.66814 0.232111
26.3 1.63635 0.290913
26.4 1.60343 0.348564
26.5 1.56927 0.405022
26.6 1.53373 0.46024
26.7 1.49664 0.514166
26.8 1.4578 0.566742
26.9 1.41695 0.617901
27 1.37381 0.667566
27.1 1.32799 0.715649
27.2 1.27903 0.762048
27.3 1.22633 0.806639
27.4 1.16911 0.849278
27.5 1.10633 0.889785
27.6 1.0366 0.927938
27.7 0.957982 0.963459
27.8 0.867745 0.995985
27.9 0.761925 1.02504
28 0.634644 1.04996
28.1 0.477042 1.06985
28.2 0.275808 1.0834
28.3 0.0120163 1.08874
28.4 -0.335958 1.08325
28.5 -0.774092 1.06373
28.6 -1.25011 1.02766
28.7 -1.64522 0.975725
28.8 -1.88142 0.912473
28.9 -1.98629 0.843324
29 -2.01952 0.771885
29.1 -2.02027 0.699932
29.2 -2.00715 0.62824
29.3 -1.98804 0.557138
29.4 -1.96619 0.486772
29.5 -1.9429 0.417211
29.6 -1.91872 0.348497
29.7 -1.89384 0.280655
29.8 -1.86833 0.213711
29.9 -1.8422 0.147685
30 -1.81544 0.0826005
30.1 -1.788 0.0184801
30.2 -1.75984 -0.044651
30.3 -1.73089 -0.106766
30.4 -1.7011 -0.167837
30.5 -1.67039 -0.227831
30.6 -1.63867 -0.286714
30.7 -1.60584 -0.344449
30.8 -1.57178 -0.400995
30.9 -1.53634 -0.456304
31 -1.49937 -0.510325
31.1 -1.46066 -0.563
31.2 -1.41997 -0.614263
31.3 -1.377 -0.664039
31.4 -1.33139 -0.712239
31.5 -1.28268 -0.758763
31.6 -1.23027 -0.80349
31.7 -1.17341 -0.846274
31.8 -1.11107 -0.886942
31.9 -1.0419 -0.925273
32 -0.963997 -0.960995
32.1 -0.874712 -0.993751
32.2 -0.770183 -1.02307
32.3 -0.644702 -1.04832
32.4 -0.489667 -1.06861
32.5 -0.292142 -1.08267
32.6 -0.0335976 -1.08868
32.7 0.307728 -1.08408
32.8 0.740139 -1.06567
32.9 1.21698 -1.03083
33 1.62181 -0.979915
33.1 1.86953 -0.917285
33.2 1.98176 -0.848414
33.3 2.01854 -0.777063
33.4 2.02082 -0.705114
33.5 2.00835 -0.633389
33.6 1.98953 -0.562238
33.7 1.96782 -0.491816
33.8 1.94462 -0.422196
33.9 1.92049 -0.353419
34 1.89565 -0.285514
34.1 1.87019 -0.218504
34.2 1.84411 -0.152412
34.3 1.81739 -0.0872584
34.4 1.79 -0.0230677
34.5 1.76189 0.0401356
34.6 1.73301 0.102325
34.7 1.70328 0.163472
34.8 1.67264 0.223544
34.9 1.64099 0.282509
35 1.60825 0.340328
35.1 1.57428 0.396961
35.2 1.53894 0.452361
35.3 1.50209 0.506477
35.4 1.46351 0.559251
35.5 1.42297 0.610618
35.6 1.38018 0.660503
35.7 1.33478 0.708821
35.8 1.28631 0.755469
35.9 1.23419 0.80033
36 1.17767 0.84326
36.1 1.11577 0.884086
36.2 1.04715 0.922595
36.3 0.969954 0.958515
36.4 0.8816 0.991499
36.5 0.778334 1.02109
36.6 0.654608 1.04665
36.7 0.502074 1.06734
36.8 0.308161 1.0819
36.9 0.0547452 1.08857
37 -0.279994 1.08483
37.1 -0.706457 1.06753
37.2 -1.18345 1.03391
37.3 -1.59753 0.984044
37.4 -1.85692 0.922066
37.5 -1.97685 0.853492
37.6 -2.01738 0.782239
37.7 -2.0213 0.710297
37.8 -2.00952 0.638541
37.9 -1.99101 0.567342
38 -1.96945 0.496864
38.1 -1.94632 0.427185
38.2 -1.92225 0.358346
38.3 -1.89746 0.290378
38.4 -1.87204 0.223303
38.5 -1.84601 0.157143
38.6 -1.81934 0.0919213
38.7 -1.792 0.0276605
38.8 -1.76394 -0.0356148
38.9 -1.73511 -0.0978782
39 -1.70545 -0.159101
39.1 -1.67488 -0.219252
39.2 -1.64331 -0.278298
39.3 -1.61065 -0.336201
39.4 -1.57677 -0.392921
39.5 -1.54154 -0.448411
39.6 -1.5048 -0.502621
39.7 -1.46635 -0.555494
39.8 -1.42596 -0.606965
39.9 -1.38335 -0.65696
40 -1.33814 -0.705394
40.1 -1.28991 -0.752166
40.2 -1.23808 -0.79716
40.3 -1.18191 -0.840235
40.4 -1.12044 -0.881219
40.5 -1.05235 -0.919903
40.6 -0.975853 -0.95602
40.7 -0.888412 -0.989229
40.8 -0.78638 -1.01908
40.9 -0.664366 -1.04496
41 -0.514269 -1.06603
41.1 -0.323873 -1.08109
41.2 -0.0754675 -1.0884
41.3 0.252758 -1.08551
41.4 0.673078 -1.0693
41.5 1.14958 -1.0369
41.6 1.57238 -0.988109
41.7 1.84357 -0.926813
41.8 1.97154 -0.858556
41.9 2.01605 -0.787412
42 2.0217 -0.715482
42.1 2.01066 -0.643696
42.2 1.99248 -0.57245
42.3 1.97106 -0.501917
42.4 1.94803 -0.432178
42.5 1.92401 -0.363278
42.6 1.89927 -0.295246
42.7 1.87389 -0.228106
42.8 1.8479 -0.161879
42.9 1.82128 -0.0965892
43 1.79399 -0.0322583
43.1 1.76599 0.0310889
43.2 1.73722 0.093426
43.3 1.70762 0.154725
43.4 1.67711 0.214954
43.5 1.64562 0.274081
43.6 1.61304 0.332068
43.7 1.57925 0.388874
43.8 1.54413 0.444455
43.9 1.5075 0.498759
44 1.46918 0.55173
44.1 1.42895 0.603305
44.2 1.3865 0.653409
44.3 1.3415 0.701958
44.4 1.2935 0.748854
44.5 1.24195 0.79398
44.6 1.18612 0.837198
44.7 1.12507 0.87834
44.8 1.05751 0.917198
44.9 0.981695 0.95351
45 0.895149 0.986942
45.1 0.794323 1.01705
45.2 0.67398 1.04325
45.3 0.526257 1.0647
45.4 0.339287 1.08024
45.5 0.0957729 1.08818
45.6 -0.226021 1.08613
45.7 -0.640031 1.07098
45.8 -1.11544 1.0398
45.9 -1.54638 0.992108
46 -1.82946 0.931525
46.1 -1.9658 0.863607
46.2 -2.01452 0.792581
46.3 -2.02202 0.720667
46.4 -2.01177 0.648853
46.5 -1.99392 0.577561
46.6 -1.97267 0.506973
46.7 -1.94972 0.437176
46.8 -1.92577 0.368214
46.9 -1.90107 0.300118
47 -1.87574 0.232913
47.1 -1.8498 0.16662
47.2 -1.82322 0.101262
47.3 -1.79598 0.0368613
47.4 -1.76803 -0.0265576
47.5 -1.73932 -0.0889685
47.6 -1.70978 -0.150343
47.7 -1.67934 -0.210651
47.8 -1.64793 -0.269858
47.9 -1.61542 -0.327928
48 -1.58173 -0.384821
48.1 -1.54671 -0.440492
48.2 -1.51019 -0.49489
48.3 -1.47201 -0.547959
48.4 -1.43191 -0.599637
48.5 -1.38964 -0.649849
48.6 -1.34483 -0.698514
48.7 -1.29707 -0.745532
48.8 -1.2458 -0.79079
48.9 -1.19031 -0.834151
49 -1.12967 -0.875449
49.1 -1.06263 -0.914479
49.2 -0.987483 -0.950985
49.3 -0.901812 -0.984638
49.4 -0.802166 -1.01501
49.5 -0.683454 -1.04151
49.6 -0.538043 -1.06334
49.7 -0.354409 -1.07935
49.8 -0.11567 -1.08791
49.9 0.19978 -1.08667
50 0.607344 -1.07258
50.1 1.08107 -1.04262
50.2 1.51956 -0.99604
50.3 1.81456 -0.9362
50.4 1.95963 -0.868643
50.5 2.01279 -0.797746
50.6 2.02226 -0.725853
50.7 2.01284 -0.654014
50.8 1.99535 -0.582676
50.9 1.97427 -0.512034
51 1.95142 -0.442178
51.1 1.92752 -0.373155
51.2 1.90287 -0.304996
51.3 1.87759 -0.237726
51.4 1.85169 -0.171366
51.5 1.82516 -0.10594
51.6 1.79796 -0.0414693
51.7 1.77007 0.0220212
51.8 1.74141 0.0845056
51.9 1.71194 0.145956
52 1.68157 0.206342
52.1 1.65022 0.265629
52.2 1.61781 0.323783
52.3 1.5842 0.380762
52.4 1.54928 0.436522
52.5 1.51288 0.491014
52.6 1.47482 0.544181
52.7 1.43487 0.595961
52.8 1.39277 0.646282
52.9 1.34816 0.695061
53 1.30062 0.742201
53.1 1.24962 0.787591
53.2 1.19447 0.831094
53.3 1.13424 0.872546
53.4 1.06771 0.911748
53.5 0.993216 0.948446
53.6 0.908404 0.982317
53.7 0.809911 1.01294
53.8 0.692791 1.03974
53.9 0.549634 1.06194
54 0.369248 1.07842
54.1 0.135168 1.08759
54.2 -0.174034 1.08715
54.3 -0.57504 1.0741
54.4 -1.04652 1.04535
54.5 -1.49193 0.999901
54.6 -1.79885 0.940835
54.7 -1.95298 0.873662
54.8 -2.01084 0.802907
54.9 -2.0224 0.73104
55 -2.01386 0.659177
55.1 -1.99677 0.587795
55.2 -1.97586 0.517099
55.3 -1.9531 0.447184
55.4 -1.92927 0.3781
55.5 -1.90467 0.309878
55.6 -1.87943 0.242543
55.7 -1.85357 0.176117
55.8 -1.82709 0.110623
55.9 -1.79995 0.0460825
56 -1.7721 -0.0174795
56.1 -1.74351 -0.0800374
56.2 -1.71409 -0.141563
56.3 -1.68379 -0.202027
56.4 -1.65252 -0.261395
56.5 -1.62018 -0.319631
56.6 -1.58666 -0.376696
56.7 -1.55184 -0.432546
56.8 -1.51555 -0.487131
56.9 -1.47762 -0.540395
57 -1.43782 -0.592278
57.1 -1.39588 -0.642706
57.2 -1.35146 -0.691599
57.3 -1.30416 -0.738862
57.4 -1.25343 -0.784381
57.5 -1.1986 -0.828025
57.6 -1.13877 -0.869632
57.7 -1.07275 -0.909003
57.8 -0.998896 -0.945892
57.9 -0.914925 -0.97998
58 -0.81756 -1.01085
58.1 -0.701994 -1.03795
58.2 -0.561033 -1.06052
58.3 -0.38381 -1.07746
58.4 -0.154275 -1.08722
58.5 0.14878 -1.08757
58.6 0.543141 -1.07553
58.7 1.01185 -1.04799
58.8 1.46353 -1.00369
58.9 1.78232 -0.945429
59 1.94584 -0.878663
59.1 2.00867 -0.808062
59.2 2.02244 -0.736226
59.3 2.01485 -0.664343
59.4 1.99816 -0.592917
59.5 1.97745 -0.522168
59.6 1.95479 -0.452194
59.7 1.93101 -0.383049
59.8 1.90647 -0.314764
59.9 1.88127 -0.247365
60 1.85546 -0.180873
60.1 1.82902 -0.115311
60.2 1.80193 -0.0507007
60.3 1.77413 0.0129326
60.4 1.74559 0.0755637
60.5 1.71624 0.137165
60.6 1.686 0.197706
60.7 1.65481 0.257154
60.8 1.62255 0.315474
60.9 1.58912 0.372624
61 1.5544 0.428563
61.1 1.51822 0.483241
61.2 1.48042 0.536603
61.3 1.44076 0.588587
61.4 1.39898 0.639123
61.5 1.35475 0.688129
61.6 1.30767 0.735513
61.7 1.25721 0.781162
61.8 1.2027 0.824946
61.9 1.14327 0.866706
62 1.07775 0.906246
62.1 1.00452 0.943323
62.2 0.921377 0.977625
62.3 0.825116 1.00875
62.4 0.711067 1.03614
62.5 0.572247 1.05906
62.6 0.398104 1.07645
62.7 0.173001 1.0868
62.8 -0.124013 1.08792
62.9 -0.511666 1.07688
63 -0.977117 1.05054
63.1 -1.43438 1.00741
63.2 -1.76495 0.949979
63.3 -1.93818 0.883646
63.4 -2.00625 0.813211
63.5 -2.02238 0.741413
63.6 -2.01579 0.669511
63.7 -1.99953 0.598043
63.8 -1.97902 0.527241
63.9 -1.95646 0.457209
64 -1.93275 0.388003
64.1 -1.90826 0.319655
64.2 -1.88311 0.252191
64.3 -1.85734 0.185633
64.4 -1.83095 0.120003
64.5 -1.8039 0.055324
64.6 -1.77616 -0.00838052
64.7 -1.74768 -0.0710848
64.8 -1.71838 -0.132761
64.9 -1.68821 -0.19338
65 -1.65709 -0.252908
65.1 -1.62491 -0.31131
65.2 -1.59157 -0.368546
65.3 -1.55695 -0.424574
65.4 -1.52088 -0.479344
65.5 -1.4832 -0.532803
65.6 -1.44368 -0.584888
65.7 -1.40207 -0.635531
65.8 -1.35803 -0.684651
65.9 -1.31117 -0.732155
66 -1.26097 -0.777934
66.1 -1.20678 -0.821857
66.2 -1.14774 -0.863768
66.3 -1.0827 -0.903476
66.4 -1.0101 -0.94074
66.5 -0.927762 -0.975254
66.6 -0.83258 -1.00662
66.7 -0.720013 -1.03431
66.8 -0.583279 -1.05758
66.9 -0.412135 -1.07542
67 -0.191353 -1.08633
67.1 0.0997278 -1.0882
67.2 0.480631 -1.07816
67.3 0.942361 -1.053
67.4 1.40452 -1.01105
67.5 1.74672 -0.954484
67.6 1.92999 -0.888608
67.7 2.00357 -0.818354
67.8 2.0222 -0.7466
67.9 2.01669 -0.674682
68 2.00089 -0.603172
68.1 1.98058 -0.532318
68.2 1.95813 -0.462229
68.3 1.93449 -0.392962
68.4 1.91005 -0.324551
68.5 1.88494 -0.257023
68.6 1.85922 -0.190398
68.7 1.83287 -0.124701
68.8 1.80587 -0.0599524
68.9 1.77818 0.00382324
69 1.74975 0.0666004
69.1 1.72052 0.128352
69.2 1.69042 0.189048
69.3 1.65936 0.248655
69.4 1.62727 0.30714
69.5 1.59402 0.364462
69.6 1.55949 0.420578
69.7 1.52353 0.475441
69.8 1.48597 0.528996
69.9 1.4466 0.581183
70 1.40514 0.631932
70.1 1.36129 0.681165
70.2 1.31465 0.728788
70.3 1.26472 0.774695
70.4 1.21084 0.818757
70.5 1.15218 0.86082
70.6 1.08762 0.900693
70.7 1.01563 0.938142
70.8 0.934081 0.972867
70.9 0.839955 1.00448
71 0.728835 1.03245
71.1 0.594135 1.05607
71.2 0.425911 1.07434
71.3 0.209341 1.08582
71.4 -0.0759197 1.08843
71.5 -0.45005 1.07935
71.6 -0.907634 1.05537
71.7 -1.374 1.01461
71.8 -1.72763 0.95894
71.9 -1.92123 0.893549
72 -2.00062 0.82349
72.1 -2.02191 0.751786
72.2 -2.01753 0.679854
72.3 -2.00222 0.608305
72.4 -1.98213 0.537399
72.5 -1.9598 0.467252
72.6 -1.93622 0.397925
72.7 -1.91183 0.329451
72.8 -1.88677 0.261859
72.9 -1.86109 0.195169
73 -1.83479 0.129403
73.1 -1.80784 0.0645858
73.2 -1.7802 0.000739233
73.3 -1.75183 -0.0621108
73.4 -1.72266 -0.123937
73.5 -1.69262 -0.18471
73.6 -1.66164 -0.244397
73.7 -1.62962 -0.302964
73.8 -1.59645 -0.360371
73.9 -1.56202 -0.416576
74 -1.52617 -0.47153
74.1 -1.48874 -0.525182
74.2 -1.4495 -0.577469
74.3 -1.4082 -0.628325
74.4 -1.36454 -0.67767
74.5 -1.31812 -0.725413
74.6 -1.26844 -0.771447
74.7 -1.21487 -0.815647
74.8 -1.15659 -0.857859
74.9 -1.0925 -0.897898
75 -1.0211 -0.935531
75.1 -0.940335 -0.970464
75.2 -0.847243 -1.00231
75.3 -0.737536 -1.03057
75.4 -0.604819 -1.05454
75.5 -0.439439 -1.07323
75.6 -0.226973 -1.08526
75.7 0.052582 -1.08859
75.8 0.419936 -1.08047
75.9 0.872984 -1.05765
76 1.34285 -1.01809
76.1 1.70765 -0.963346
76.2 1.91187 -0.898466
76.3 1.99738 -0.828618
76.4 2.0215 -0.756971
76.5 2.01832 -0.685029
76.6 2.00353 -0.613441
76.7 1.98368 -0.542483
76.8 1.96145 -0.47228
76.9 1.93795 -0.402892
77 1.91361 -0.334356
77.1 1.8886 -0.266699
77.2 1.86296 -0.199943
77.3 1.83671 -0.134111
77.4 1.8098 -0.0692242
77.5 1.78222 -0.00530687
77.6 1.7539 0.0576159
77.7 1.72479 0.119517
77.8 1.69481 0.180367
77.9 1.6639 0.240133
78 1.63196 0.298782
78.1 1.59888 0.356274
78.2 1.56455 0.412567
78.3 1.52881 0.467613
78.4 1.49149 0.521361
78.5 1.45239 0.573749
78.6 1.41126 0.62471
78.7 1.36777 0.674166
78.8 1.32156 0.722028
78.9 1.27214 0.76819
79 1.21888 0.812527
79.1 1.16097 0.854888
79.2 1.09734 0.89509
79.3 1.02653 0.932906
79.4 0.946525 0.968044
79.5 0.854445 1.00013
79.6 0.746118 1.02867
79.7 0.615335 1.05297
79.8 0.452726 1.07209
79.9 0.244259 1.08465
80 -0.029708 1.0887
80.1 -0.390298 1.0815
80.2 -0.838455 1.05985
80.3 -1.31111 1.0215
80.4 -1.68679 0.9677
80.5 -1.9019 0.903359
80.6 -1.99384 0.833737
80.7 -2.02095 0.762155
80.8 -2.01906 0.690206
80.9 -2.00481 0.618581
81 -1.9852 0.547572
81.1 -1.96311 0.477312
81.2 -1.93968 0.407864
81.3 -1.91539 0.339266
81.4 -1.89042 0.271545
81.5 -1.86483 0.204723
81.6 -1.83862 0.138823
81.7 -1.81177 0.0738677
81.8 -1.78423 0.00987968
81.9 -1.75597 -0.0531156
82 -1.72691 -0.115091
82.1 -1.697 -0.176018
82.2 -1.66616 -0.235864
82.3 -1.6343 -0.294594
82.4 -1.60131 -0.352171
82.5 -1.56707 -0.408552
82.6 -1.53143 -0.46369
82.7 -1.49424 -0.517532
82.8 -1.45527 -0.57002
82.9 -1.41429 -0.621087
83 -1.37099 -0.670655
83.1 -1.32499 -0.718635
83.2 -1.27582 -0.764923
83.3 -1.22286 -0.809396
83.4 -1.16532 -0.851905
83.5 -1.10215 -0.89227
83.6 -1.03192 -0.930266
83.7 -0.952653 -0.965609
83.8 -0.861564 -0.997931
83.9 -0.754586 -1.02674
84 -0.625688 -1.05138
84.1 -0.465776 -1.07091
84.2 -0.261206 -1.084
84.3 0.00729037 -1.08875
84.4 0.361144 -1.08247
84.5 0.80409 -1.06196
84.6 1.27884 -1.02482
84.7 1.66504 -0.971999
84.8 1.89129 -0.908225
84.9 1.98997 -0.838847
85 2.02025 -0.767338
85.1 2.01973 -0.695385
85.2 2.00607 -0.623724
85.3 1.98672 -0.552665
85.4 1.96475 -0.482348
85.5 1.9414 -0.41284
85.6 1.91716 -0.34418
85.7 1.89224 -0.276395
85.8 1.86669 -0.209508
85.9 1.84053 -0.143541
86 1.81372 -0.0785162
86.1 1.78624 -0.0144576
86.2 1.75803 0.0486101
86.3 1.72903 0.11066
86.4 1.69919 0.171663
86.5 1.66842 0.231588
86.6 1.63663 0.2904
86.7 1.60372 0.348061
86.8 1.56958 0.40453
86.9 1.53405 0.459759
87 1.49697 0.513697
87.1 1.45815 0.566285
87.2 1.41732 0.617456
87.3 1.3742 0.667135
87.4 1.32841 0.715233
87.5 1.27948 0.761647
87.6 1.22682 0.806255
87.7 1.16964 0.848911
87.8 1.10691 0.889438
87.9 1.03725 0.927613
88 0.958721 0.963159
88.1 0.868601 0.995713
88.2 0.762941 1.0248
88.3 0.635882 1.04976
88.4 0.478598 1.0697
88.5 0.277822 1.08331
88.6 0.0146784 1.08874
88.7 -0.33248 1.08336
88.8 -0.769928 1.06397
88.9 -1.24609 1.02806
89 -1.64241 0.976241
89.1 -1.88 0.913063
89.2 -1.98575 0.843947
89.3 -2.01941 0.772518
89.4 -2.02034 0.700566
89.5 -2.0073 0.62887
89.6 -1.98823 0.557762
89.7 -1.96639 0.487388
89.8 -1.94311 0.417821
89.9 -1.91893 0.349098
90 -1.89406 0.281249
90.1 -1.86856 0.214297
90.2 -1.84244 0.148263
90.3 -1.81568 0.0831697
90.4 -1.78824 0.0190407
90.5 -1.76009 -0.0440992
90.6 -1.73115 -0.106224
90.7 -1.70137 -0.167303
90.8 -1.67067 -0.227307
90.9 -1.63896 -0.2862
91 -1.60614 -0.343946
91.1 -1.57208 -0.400502
91.2 -1.53666 -0.455822
91.3 -1.4997 -0.509855
91.4 -1.46101 -0.562542
91.5 -1.42034 -0.613818
91.6 -1.37739 -0.663607
91.7 -1.33181 -0.711822
91.8 -1.28312 -0.758361
91.9 -1.23075 -0.803104
92 -1.17393 -0.845906
92.1 -1.11165 -0.886593
92.2 -1.04254 -0.924947
92.3 -0.964729 -0.960692
92.4 -0.875558 -0.993476
92.5 -0.771186 -1.02283
92.6 -0.645921 -1.04812
92.7 -0.491196 -1.06846
92.8 -0.294117 -1.08258
92.9 -0.0362062 -1.08867
93 0.30431 -1.08417
93.1 0.736006 -1.06591
93.2 1.2129 -1.03121
93.3 1.61889 -0.980423
93.4 1.86802 -0.917872
93.5 1.98118 -0.849035
93.6 2.0184 -0.777696
93.7 2.02088 -0.705748
93.8 2.0085 -0.634019
93.9 1.98972 -0.562862
94 1.96802 -0.492433
94.1 1.94483 -0.422806
94.2 1.9207 -0.354021
94.3 1.89587 -0.286109
94.4 1.87041 -0.219091
94.5 1.84434 -0.15299
94.6 1.81763 -0.0878282
94.7 1.79024 -0.023629
94.8 1.76214 0.0395831
94.9 1.73326 0.101782
95 1.70355 0.162938
95.1 1.67291 0.22302
95.2 1.64128 0.281995
95.3 1.60854 0.339824
95.4 1.57458 0.396467
95.5 1.53926 0.451878
95.6 1.50242 0.506006
95.7 1.46386 0.558792
95.8 1.42334 0.610172
95.9 1.38057 0.660071
96 1.33519 0.708402
96.1 1.28675 0.755066
96.2 1.23467 0.799943
96.3 1.17819 0.842891
96.4 1.11634 0.883736
96.5 1.04778 0.922266
96.6 0.970678 0.958211
96.7 0.882437 0.991222
96.8 0.779323 1.02084
96.9 0.655809 1.04645
97 0.503577 1.06718
97.1 0.310098 1.0818
97.2 0.0573014 1.08855
97.3 -0.276637 1.08492
97.4 -0.702359 1.06775
97.5 -1.17932 1.03428
97.6 -1.5945 0.984544
97.7 -1.85533 0.922648
97.8 -1.97622 0.854111
97.9 -2.01723 0.782872
98 -2.02135 0.710931
98.1 -2.00967 0.639171
98.2 -1.99119 0.567966
98.3 -1.96964 0.497482
98.4 -1.94653 0.427795
98.5 -1.92246 0.358949
98.6 -1.89768 0.290973
98.7 -1.87227 0.22389
98.8 -1.84624 0.157722
98.9 -1.81957 0.0924917
99 -1.79224 0.0282223
99.1 -1.76419 -0.0350618
99.2 -1.73537 -0.0973341
99.3 -1.70572 -0.158566
99.4 -1.67515 -0.218727
99.5 -1.64359 -0.277783
99.6 -1.61094 -0.335696
99.7 -1.57707 -0.392426
99.8 -1.54186 -0.447928
99.9 -1.50513 -0.502149
100 -1.4667 -0.555034
100.1 -1.42633 -0.606518
100.2 -1.38373 -0.656526
100.3 -1.33856 -0.704974
100.4 -1.29035 -0.751762
100.5 -1.23855 -0.796772
100.6 -1.18243 -0.839864
100.7 -1.12101 -0.880868
100.8 -1.05298 -0.919573
100.9 -0.97657 -0.955714
101 -0.88924 -0.988951
101.1 -0.787356 -1.01883
101.2 -0.665549 -1.04475
101.3 -0.515746 -1.06587
101.4 -0.325774 -1.08099
101.5 -0.0779722 -1.08838
101.6 0.249463 -1.08559
101.7 0.669019 -1.06951
101.8 1.14542 -1.03726
101.9 1.56924 -0.988601
102 1.84188 -0.927391
102.1 1.97086 -0.859175
102.2 2.01587 -0.788044
102.3 2.02175 -0.716116
102.4 2.0108 -0.644326
102.5 1.99265 -0.573075
102.6 1.97126 -0.502535
102.7 1.94823 -0.432789
102.8 1.92422 -0.363881
102.9 1.89949 -0.295841
103 1.87412 -0.228693
103.1 1.84813 -0.162459
103.2 1.82152 -0.0971602
103.3 1.79423 -0.0328208
103.4 1.76624 0.0305351
103.5 1.73748 0.0928813
103.6 1.70788 0.154189
103.7 1.67739 0.214429
103.8 1.6459 0.273565
103.9 1.61333 0.331562
104 1.57956 0.388379
104.1 1.54444 0.44397
104.2 1.50783 0.498286
104.3 1.46953 0.55127
104.4 1.42931 0.602857
104.5 1.38688 0.652974
104.6 1.34191 0.701537
104.7 1.29394 0.748448
104.8 1.24242 0.793591
104.9 1.18664 0.836826
105 1.12564 0.877987
105.1 1.05814 0.916866
105.2 0.982406 0.953202
105.3 0.895968 0.986662
105.4 0.795287 1.0168
105.5 0.675146 1.04304
105.6 0.527709 1.06454
105.7 0.341151 1.08013
105.8 0.0982273 1.08815
105.9 -0.222786 1.0862
106 -0.636015 1.07118
106.1 -1.11125 1.04015
106.2 -1.54314 0.992592
106.3 -1.82768 0.932099
106.4 -1.96507 0.864224
106.5 -2.01432 0.793213
106.6 -2.02206 0.721301
106.7 -2.0119 0.649484
106.8 -1.9941 0.578186
106.9 -1.97287 0.507592
107 -1.94993 0.437787
107.1 -1.92598 0.368818
107.2 -1.90129 0.300714
107.3 -1.87597 0.233501
107.4 -1.85003 0.1672
107.5 -1.82346 0.101834
107.6 -1.79622 0.0374244
107.7 -1.76828 -0.0260033
107.8 -1.73957 -0.0884232
107.9 -1.71005 -0.149807
108 -1.67962 -0.210124
108.1 -1.64821 -0.269341
108.2 -1.61572 -0.327422
108.3 -1.58203 -0.384325
108.4 -1.54702 -0.440007
108.5 -1.51052 -0.494416
108.6 -1.47235 -0.547498
108.7 -1.43228 -0.599188
108.8 -1.39002 -0.649414
108.9 -1.34524 -0.698092
109 -1.29751 -0.745125
109.1 -1.24627 -0.7904
109.2 -1.19082 -0.833778
109.3 -1.13023 -0.875095
109.4 -1.06326 -0.914146
109.5 -0.988187 -0.950676
109.6 -0.902622 -0.984355
109.7 -0.803118 -1.01475
109.8 -0.684603 -1.04129
109.9 -0.539471 -1.06317
110 -0.356238 -1.07924
110.1 -0.118075 -1.08787
110.2 0.196606 -1.08674
110.3 0.603373 -1.07277
110.4 1.07685 -1.04296
110.5 1.51622 -0.996516
110.6 1.81268 -0.936769
110.7 1.95884 -0.869257
110.8 2.01256 -0.798377
110.9 2.02228 -0.726487
111 2.01296 -0.654645
111.1 1.99553 -0.583302
111.2 1.97447 -0.512653
111.3 1.95162 -0.442789
111.4 1.92773 -0.373759
111.5 1.90309 -0.305592
111.6 1.87781 -0.238314
111.7 1.85192 -0.171947
111.8 1.82539 -0.106512
111.9 1.79821 -0.0420331
112 1.77032 0.0214662
112.1 1.74167 0.0839596
112.2 1.7122 0.145419
112.3 1.68184 0.205814
112.4 1.6505 0.265112
112.5 1.6181 0.323276
112.6 1.5845 0.380265
112.7 1.54959 0.436036
112.8 1.51321 0.490539
112.9 1.47516 0.543718
113 1.43523 0.595511
113.1 1.39315 0.645845
113.2 1.34856 0.694638
113.3 1.30105 0.741794
113.4 1.25009 0.787199
113.5 1.19497 0.830719
113.6 1.13479 0.872191
113.7 1.06833 0.911413
113.8 0.993913 0.948134
113.9 0.909205 0.982032
114 0.810851 1.01269
114.1 0.693923 1.03952
114.2 0.551038 1.06177
114.3 0.371043 1.07831
114.4 0.137525 1.08755
114.5 -0.17092 1.08721
114.6 -0.571118 1.07428
114.7 -1.04229 1.04567
114.8 -1.4885 1.00037
114.9 -1.79688 0.941399
115 -1.95213 0.874274
115.1 -2.01059 0.803537
115.2 -2.02241 0.731674
115.3 -2.01399 0.659808
115.4 -1.99694 0.588421
115.5 -1.97606 0.517718
115.6 -1.95331 0.447796
115.7 -1.92948 0.378704
115.8 -1.90489 0.310475
115.9 -1.87966 0.243132
116 -1.8538 0.176698
116.1 -1.82733 0.111196
116.2 -1.80019 0.0466468
116.3 -1.77235 -0.0169239
116.4 -1.74376 -0.0794907
116.5 -1.71435 -0.141026
116.6 -1.68406 -0.201499
116.7 -1.6528 -0.260877
116.8 -1.62047 -0.319123
116.9 -1.58696 -0.376199
117 -1.55215 -0.432059
117.1 -1.51588 -0.486655
117.2 -1.47796 -0.539932
117.3 -1.43818 -0.591827
117.4 -1.39626 -0.642269
117.5 -1.35187 -0.691176
117.6 -1.30459 -0.738453
117.7 -1.25389 -0.783988
117.8 -1.1991 -0.827649
117.9 -1.13932 -0.869275
118 -1.07336 -0.908667
118.1 -0.999587 -0.945578
118.2 -0.915718 -0.979693
118.3 -0.818489 -1.0106
118.4 -0.70311 -1.03773
118.5 -0.562414 -1.06034
118.6 -0.385572 -1.07734
118.7 -0.156585 -1.08717
118.8 0.145726 -1.08761
118.9 0.53927 -1.0757
119 1.00761 -1.0483
119.1 1.46 -1.00415
119.2 1.78025 -0.945988
119.3 1.94493 -0.879273
119.4 2.00839 -0.808692
119.5 2.02244 -0.736861
119.6 2.01497 -0.664974
119.7 1.99833 -0.593544
119.8 1.97764 -0.522788
119.9 1.95499 -0.452807
120 1.93123 -0.383655
120.1 1.90669 -0.315362
120.2 1.8815 -0.247954
120.3 1.85569 -0.181454
120.4 1.82926 -0.115884
120.5 1.80217 -0.0512657
120.6 1.77438 0.0123763
120.7 1.74585 0.0750164
120.8 1.7165 0.136627
120.9 1.68627 0.197177
121 1.65508 0.256635
121.1 1.62284 0.314965
121.2 1.58942 0.372126
121.3 1.55471 0.428076
121.4 1.51855 0.482765
121.5 1.48076 0.536138
121.6 1.44111 0.588135
121.7 1.39936 0.638684
121.8 1.35516 0.687705
121.9 1.3081 0.735103
122 1.25767 0.780768
122.1 1.2032 0.824569
122.2 1.14382 0.866347
122.3 1.07835 0.905908
122.4 1.00521 0.943008
122.5 0.922162 0.977336
122.6 0.826033 1.00849
122.7 0.712168 1.03592
122.8 0.573605 1.05888
122.9 0.399833 1.07633
123 0.175264 1.08674
123.1 -0.121018 1.08795
123.2 -0.507847 1.07704
123.3 -0.972868 1.05084
123.4 -1.43077 1.00786
123.5 -1.76277 0.950532
123.6 -1.93721 0.884254
123.7 -2.00594 0.81384
123.8 -2.02236 0.742047
123.9 -2.01591 0.670143
124 -1.9997 0.59867
124.1 -1.97921 0.527861
124.2 -1.95667 0.457823
124.3 -1.93297 0.388609
124.4 -1.90848 0.320254
124.5 -1.88333 0.252782
124.6 -1.85757 0.186216
124.7 -1.83118 0.120577
124.8 -1.80414 0.0558896
124.9 -1.77641 -0.00782362
125 -1.74793 -0.0705368
125.1 -1.71865 -0.132222
125.2 -1.68848 -0.19285
125.3 -1.65737 -0.252388
125.4 -1.6252 -0.3108
125.5 -1.59187 -0.368047
125.6 -1.55726 -0.424086
125.7 -1.52121 -0.478867
125.8 -1.48354 -0.532338
125.9 -1.44404 -0.584436
126 -1.40244 -0.635092
126.1 -1.35843 -0.684225
126.2 -1.3116 -0.731744
126.3 -1.26143 -0.777538
126.4 -1.20728 -0.821479
126.5 -1.14829 -0.863409
126.6 -1.08331 -0.903136
126.7 -1.01078 -0.940423
126.8 -0.928538 -0.974963
126.9 -0.833486 -1.00636
127 -0.721098 -1.03408
127.1 -0.584616 -1.0574
127.2 -0.413833 -1.07529
127.3 -0.193572 -1.08627
127.4 0.0967915 -1.08823
127.5 0.476867 -1.07831
127.6 0.938113 -1.05329
127.7 1.40083 -1.01149
127.8 1.74444 -0.955031
127.9 1.92895 -0.889213
128 2.00323 -0.818982
128.1 2.02218 -0.747234
128.2 2.01679 -0.675314
128.3 2.00105 -0.6038
128.4 1.98077 -0.532939
128.5 1.95834 -0.462843
128.6 1.9347 -0.393568
128.7 1.91026 -0.32515
128.8 1.88516 -0.257614
128.9 1.85945 -0.190981
129 1.8331 -0.125276
129.1 1.80611 -0.0605186
129.2 1.77843 0.0032657
129.3 1.75001 0.0660518
129.4 1.72078 0.127812
129.5 1.69069 0.188518
129.6 1.65964 0.248135
129.7 1.62755 0.30663
129.8 1.59431 0.363962
129.9 1.5598 0.420089
130 1.52386 0.474963
130.1 1.48631 0.52853
130.2 1.44695 0.580729
130.3 1.40552 0.631491
130.4 1.36169 0.680738
130.5 1.31508 0.728376
130.6 1.26517 0.774299
130.7 1.21133 0.818377
130.8 1.15272 0.860458
130.9 1.08822 0.900352
131 1.0163 0.937824
131.1 0.934849 0.972574
131.2 0.840851 1.00421
131.3 0.729905 1.03222
131.4 0.59545 1.05589
131.5 0.427579 1.07421
131.6 0.211516 1.08575
131.7 -0.0730413 1.08845
131.8 -0.446343 1.07949
131.9 -0.903393 1.05565
132 -1.37022 1.01504
132.1 -1.72523 0.959481
132.2 -1.92011 0.894151
132.3 -2.00024 0.824117
132.4 -2.02187 0.75242
132.5 -2.01763 0.680487
132.6 -2.00238 0.608933
132.7 -1.98232 0.53802
132.8 -1.96 0.467867
132.9 -1.93644 0.398532
133 -1.91205 0.330051
133.1 -1.88699 0.26245
133.2 -1.86132 0.195752
133.3 -1.83502 0.129979
133.4 -1.80808 0.0651526
133.5 -1.78045 0.0012974
133.6 -1.75208 -0.0615615
133.7 -1.72292 -0.123397
133.8 -1.69289 -0.184179
133.9 -1.66191 -0.243876
134 -1.6299 -0.302453
134.1 -1.59675 -0.35987
134.2 -1.56233 -0.416086
134.3 -1.5265 -0.471052
134.4 -1.48907 -0.524715
134.5 -1.44985 -0.577015
134.6 -1.40858 -0.627883
134.7 -1.36494 -0.677242
134.8 -1.31854 -0.724999
134.9 -1.26889 -0.77105
135 -1.21536 -0.815266
135.1 -1.15713 -0.857497
135.2 -1.09309 -0.897555
135.3 -1.02177 -0.935211
135.4 -0.941095 -0.970169
135.5 -0.848128 -1.00205
135.6 -0.738591 -1.03034
135.7 -0.606113 -1.05435
135.8 -0.441077 -1.07309
135.9 -0.229105 -1.08519
136 0.0497606 -1.08861
136.1 0.416287 -1.0806
136.2 0.868755 -1.05793
136.3 1.339 -1.01851
136.4 1.70515 -0.963881
136.5 1.91069 -0.899066
136.6 1.99697 -0.829244
136.7 2.02144 -0.757605
136.8 2.01842 -0.685662
136.9 2.00369 -0.61407
137 1.98386 -0.543105
137.1 1.96166 -0.472895
137.2 1.93816 -0.4035
137.3 1.91383 -0.334956
137.4 1.88882 -0.267291
137.5 1.86319 -0.200528
137.6 1.83694 -0.134687
137.7 1.81004 -0.0697917
137.8 1.78247 -0.00586568
137.9 1.75415 0.0570659
138 1.72505 0.118976
138.1 1.69508 0.179835
138.2 1.66418 0.239612
138.3 1.63225 0.29827
138.4 1.59918 0.355773
138.5 1.56486 0.412076
138.6 1.52913 0.467134
138.7 1.49183 0.520893
138.8 1.45274 0.573293
138.9 1.41163 0.624267
139 1.36817 0.673737
139.1 1.32198 0.721614
139.2 1.27259 0.767791
139.3 1.21936 0.812144
139.4 1.1615 0.854524
139.5 1.09793 0.894746
139.6 1.02719 0.932584
139.7 0.947278 0.967747
139.8 0.85532 0.999863
139.9 0.74716 1.02843
140 0.616609 1.05278
140.1 0.454334 1.07195
140.2 0.246349 1.08458
140.3 -0.0269428 1.08871
140.4 -0.386708 1.08163
140.5 -0.834244 1.06011
140.6 -1.30719 1.02191
140.7 -1.68418 0.968228
140.8 -1.90064 0.903955
140.9 -1.99338 0.834362
141 -2.02087 0.762789
141.1 -2.01914 0.69084
141.2 -2.00497 0.619209
141.3 -1.98539 0.548195
141.4 -1.96331 0.477927
141.5 -1.93989 0.408472
141.6 -1.91561 0.339866
141.7 -1.89064 0.272137
141.8 -1.86506 0.205308
141.9 -1.83885 0.1394
142 -1.812 0.0744357
142.1 -1.78448 0.0104391
142.2 -1.75622 -0.052565
142.3 -1.72717 -0.11455
142.4 -1.69727 -0.175486
142.5 -1.66644 -0.235341
142.6 -1.63458 -0.294082
142.7 -1.6016 -0.351669
142.8 -1.56737 -0.40806
142.9 -1.53175 -0.46321
143 -1.49457 -0.517064
143.1 -1.45563 -0.569564
143.2 -1.41466 -0.620643
143.3 -1.37139 -0.670225
143.4 -1.32541 -0.718219
143.5 -1.27627 -0.764523
143.6 -1.22334 -0.809012
143.7 -1.16585 -0.85154
143.8 -1.10273 -0.891924
143.9 -1.03257 -0.929943
144 -0.953399 -0.96531
144.1 -0.862429 -0.997661
144.2 -0.755613 -1.02651
144.3 -0.626943 -1.05118
144.4 -0.467356 -1.07076
144.5 -0.263255 -1.08392
144.6 0.0045805 -1.08875
144.7 0.357613 -1.08258
144.8 0.799901 -1.06221
144.9 1.27486 -1.02522
145 1.66232 -0.97252
145.1 1.88994 -0.908818
145.2 1.98947 -0.839471
145.3 2.02016 -0.767971
145.4 2.01981 -0.696019
145.5 2.00622 -0.624353
145.6 1.98691 -0.553288
145.7 1.96495 -0.482964
145.8 1.94161 -0.413449
145.9 1.91738 -0.344781
146 1.89246 -0.276988
146.1 1.86692 -0.210093
146.2 1.84076 -0.144118
146.3 1.81396 -0.0790849
146.4 1.78648 -0.0150177
146.5 1.75828 0.0480588
146.6 1.72929 0.110118
146.7 1.69946 0.171131
146.8 1.66869 0.231065
146.9 1.63692 0.289887
147 1.60402 0.347559
147.1 1.56989 0.404038
147.2 1.53437 0.459278
147.3 1.49731 0.513228
147.4 1.4585 0.565828
147.5 1.41769 0.617012
147.6 1.37459 0.666704
147.7 1.32883 0.714816
147.8 1.27993 0.761245
147.9 1.2273 0.80587
148 1.17017 0.848544
148.1 1.1075 0.889091
148.2 1.0379 0.927288
148.3 0.959459 0.962858
148.4 0.869456 0.99544
148.5 0.763954 1.02456
148.6 0.637118 1.04956
148.7 0.48015 1.06955
148.8 0.279832 1.08323
148.9 0.0173339 1.08873
149 -0.329009 1.08346
149.1 -0.765767 1.06421
149.2 -1.24205 1.02845
149.3 -1.63958 0.976755
149.4 -1.87857 0.913653
149.5 -1.98522 0.844569
149.6 -2.01929 0.773151
149.7 -2.02041 0.701199
149.8 -2.00744 0.629499
149.9 -1.98841 0.558385
150 -1.96659 0.488005
150.1 -1.94332 0.41843
150.2 -1.91915 0.3497
150.3 -1.89428 0.281843
150.4 -1.86878 0.214883
150.5 -1.84267 0.148841
150.6 -1.81592 0.083739
150.7 -1.78849 0.0196014
150.8 -1.76034 -0.0435474
150.9 -1.73141 -0.105681
151 -1.70164 -0.16677
151.1 -1.67094 -0.226783
151.2 -1.63924 -0.285687
151.3 -1.60643 -0.343442
151.4 -1.57239 -0.400009
151.5 -1.53698 -0.45534
151.6 -1.50003 -0.509385
151.7 -1.46136 -0.562084
151.8 -1.4207 -0.613373
151.9 -1.37778 -0.663175
152 -1.33222 -0.711404
152.1 -1.28357 -0.757959
152.2 -1.23123 -0.802718
152.3 -1.17445 -0.845538
152.4 -1.11222 -0.886244
152.5 -1.04318 -0.92462
152.6 -0.965459 -0.96039
152.7 -0.876403 -0.993202
152.8 -0.772186 -1.02259
152.9 -0.647138 -1.04792
153 -0.492721 -1.0683
153.1 -0.296088 -1.08249
153.2 -0.0388084 -1.08866
153.3 0.3009 -1.08427
153.4 0.731877 -1.06614
153.5 1.20881 -1.03159
153.6 1.61595 -0.98093
153.7 1.86651 -0.918457
153.8 1.98059 -0.849656
153.9 2.01827 -0.778329
154 2.02095 -0.706381
154.1 2.00864 -0.634649
154.2 1.9899 -0.563486
154.3 1.96822 -0.49305
154.4 1.94503 -0.423415
154.5 1.92092 -0.354624
154.6 1.89609 -0.286703
154.7 1.87064 -0.219677
154.8 1.84457 -0.153568
154.9 1.81786 -0.0883981
155 1.79049 -0.0241903
155.1 1.76239 0.0390306
155.2 1.73352 0.101238
155.3 1.70381 0.162403
155.4 1.67319 0.222495
155.5 1.64156 0.28148
155.6 1.60883 0.33932
155.7 1.57489 0.395974
155.8 1.53958 0.451396
155.9 1.50275 0.505534
156 1.46421 0.558333
156.1 1.4237 0.609726
156.2 1.38096 0.659638
156.3 1.3356 0.707984
156.4 1.28719 0.754662
156.5 1.23514 0.799556
156.6 1.17871 0.842521
156.7 1.11692 0.883386
156.8 1.04842 0.921938
156.9 0.971401 0.957906
157 0.883273 0.990945
157.1 0.780311 1.0206
157.2 0.657007 1.04624
157.3 0.505076 1.06702
157.4 0.312031 1.08171
157.5 0.0598512 1.08853
157.6 -0.273288 1.085
157.7 -0.698266 1.06797
157.8 -1.1752 1.03465
157.9 -1.59145 0.985044
158 -1.85372 0.92323
158.1 -1.97559 0.854731
158.2 -2.01707 0.783504
158.3 -2.02141 0.711565
158.4 -2.00981 0.639801
158.5 -1.99137 0.568591
158.6 -1.96984 0.498099
158.7 -1.94674 0.428405
158.8 -1.92268 0.359552
158.9 -1.8979 0.291568
159 -1.8725 0.224477
159.1 -1.84647 0.158301
159.2 -1.81981 0.0930623
159.3 -1.79248 0.0287843
159.4 -1.76444 -0.0345086
159.5 -1.73563 -0.09679
159.6 -1.70598 -0.158031
159.7 -1.67543 -0.218202
159.8 -1.64388 -0.277267
159.9 -1.61123 -0.335191
160 -1.57738 -0.391932
160.1 -1.54217 -0.447444
160.2 -1.50546 -0.501677
160.3 -1.46705 -0.554575
160.4 -1.42669 -0.606071
160.5 -1.38412 -0.656093
160.6 -1.33897 -0.704554
160.7 -1.29079 -0.751357
160.8 -1.23903 -0.796383
160.9 -1.18295 -0.839493
161 -1.12157 -0.880516
161.1 -1.05362 -0.919243
161.2 -0.977287 -0.955408
161.3 -0.890066 -0.988672
161.4 -0.788331 -1.01859
161.5 -0.66673 -1.04455
161.6 -0.517219 -1.06571
161.7 -0.327669 -1.08089
161.8 -0.0804708 -1.08835
161.9 0.246174 -1.08567
162 0.664965 -1.06972
162.1 1.14126 -1.03762
162.2 1.5661 -0.989093
162.3 1.84019 -0.927969
162.4 1.97018 -0.859793
162.5 2.01569 -0.788676
162.6 2.02179 -0.71675
162.7 2.01094 -0.644957
162.8 1.99283 -0.573699
162.9 1.97146 -0.503153
163 1.94844 -0.4334
163.1 1.92444 -0.364484
163.2 1.89971 -0.296437
163.3 1.87435 -0.229281
163.4 1.84837 -0.163038
163.5 1.82175 -0.0977314
163.6 1.79448 -0.0333834
163.7 1.76649 0.0299813
163.8 1.73773 0.0923366
163.9 1.70815 0.153654
164 1.67766 0.213903
164.1 1.64618 0.273049
164.2 1.61362 0.331056
164.3 1.57986 0.387884
164.4 1.54476 0.443486
164.5 1.50816 0.497813
164.6 1.46988 0.550809
164.7 1.42967 0.602409
164.8 1.38727 0.652539
164.9 1.34231 0.701116
165 1.29438 0.748042
165.1 1.24289 0.793201
165.2 1.18715 0.836454
165.3 1.1262 0.877634
165.4 1.05877 0.916534
165.5 0.983116 0.952894
165.6 0.896785 0.986381
165.7 0.79625 1.01655
165.8 0.67631 1.04282
165.9 0.529157 1.06437
166 0.343011 1.08003
166.1 0.100676 1.08812
166.2 -0.219558 1.08627
166.3 -0.632004 1.07138
166.4 -1.10705 1.0405
166.5 -1.5399 0.993076
166.6 -1.82589 0.932672
166.7 -1.96433 0.86484
166.8 -2.01412 0.793845
166.9 -2.02209 0.721935
167 -2.01203 0.650115
167.1 -1.99427 0.578812
167.2 -1.97306 0.50821
167.3 -1.95014 0.438398
167.4 -1.9262 0.369422
167.5 -1.90151 0.301311
167.6 -1.87619 0.23409
167.7 -1.85026 0.16778
167.8 -1.82369 0.102405
167.9 -1.79646 0.0379876
168 -1.76853 -0.0254488
168.1 -1.73983 -0.0878777
168.2 -1.71031 -0.149271
168.3 -1.67989 -0.209598
168.4 -1.64849 -0.268825
168.5 -1.61601 -0.326915
168.6 -1.58233 -0.383829
168.7 -1.54734 -0.439522
168.8 -1.51085 -0.493943
168.9 -1.4727 -0.547036
169 -1.43264 -0.598739
169.1 -1.3904 -0.648978
169.2 -1.34565 -0.69767
169.3 -1.29794 -0.744719
169.4 -1.24674 -0.790009
169.5 -1.19133 -0.833405
169.6 -1.13079 -0.87474
169.7 -1.06388 -0.913813
169.8 -0.98889 -0.950366
169.9 -0.903431 -0.984072
170 -0.804069 -1.0145
170.1 -0.68575 -1.04108
170.2 -0.540895 -1.063
170.3 -0.358063 -1.07913
170.4 -0.120474 -1.08784
170.5 0.193439 -1.0868
170.6 0.599408 -1.07296
170.7 1.07263 -1.04329
170.8 1.51287 -0.99699
170.9 1.81079 -0.937337
171 1.95804 -0.869871
171.1 2.01233 -0.799008
171.2 2.0223 -0.727121
171.3 2.01309 -0.655276
171.4 1.9957 -0.583927
171.5 1.97466 -0.513272
171.6 1.95183 -0.443401
171.7 1.92795 -0.374363
171.8 1.90331 -0.306189
171.9 1.87804 -0.238903
172 1.85215 -0.172528
172.1 1.82563 -0.107085
172.2 1.79845 -0.0425969
172.3 1.77057 0.0209111
172.4 1.74193 0.0834135
172.5 1.71247 0.144882
172.6 1.68211 0.205287
172.7 1.65079 0.264594
172.8 1.61839 0.322768
172.9 1.5848 0.379768
173 1.5499 0.43555
173.1 1.51353 0.490065
173.2 1.47551 0.543256
173.3 1.43559 0.595061
173.4 1.39353 0.645408
173.5 1.34897 0.694215
173.6 1.30149 0.741386
173.7 1.25056 0.786807
173.8 1.19548 0.830344
173.9 1.13535 0.871835
174 1.06895 0.911078
174.1 0.99461 0.947823
174.2 0.910005 0.981747
174.3 0.81179 1.01243
174.4 0.695054 1.03931
174.5 0.552439 1.0616
174.6 0.372834 1.07819
174.7 0.139876 1.0875
174.8 -0.167814 1.08726
174.9 -0.567202 1.07446
175 -1.03805 1.046
175.1 -1.48505 1.00083
175.2 -1.79489 0.941962
175.3 -1.95128 0.874886
175.4 -2.01033 0.804168
175.5 -2.02242 0.732308
175.6 -2.01411 0.66044
175.7 -1.99711 0.589047
175.8 -1.97625 0.518338
175.9 -1.95352 0.448409
176 -1.9297 0.379309
176.1 -1.90511 0.311072
176.2 -1.87988 0.243721
176.3 -1.85404 0.17728
176.4 -1.82756 0.111769
176.5 -1.80043 0.0472113
176.6 -1.7726 -0.0163682
176.7 -1.74402 -0.0789439
176.8 -1.71462 -0.140488
176.9 -1.68433 -0.200971
177 -1.65308 -0.260358
177.1 -1.62076 -0.318615
177.2 -1.58727 -0.375701
177.3 -1.55247 -0.431573
177.4 -1.51621 -0.48618
177.5 -1.47831 -0.539469
177.6 -1.43854 -0.591376
177.7 -1.39664 -0.641831
177.8 -1.35227 -0.690752
177.9 -1.30502 -0.738044
178 -1.25436 -0.783595
178.1 -1.1996 -0.827273
178.2 -1.13987 -0.868918
178.3 -1.07397 -0.90833
178.4 -1.00028 -0.945265
178.5 -0.916509 -0.979405
178.6 -0.819416 -1.01034
178.7 -0.704225 -1.03751
178.8 -0.563792 -1.06016
178.9 -0.38733 -1.07722
179 -0.158889 -1.08712
179.1 0.142679 -1.08766
179.2 0.535405 -1.07587
179.3 1.00336 -1.04862
179.4 1.45647 -1.00461
179.5 1.77816 -0.946546
179.6 1.94402 -0.879883
179.7 2.0081 -0.809321
179.8 2.02243 -0.737495
179.9 2.01509 -0.665606
180 1.9985 -0.59417
180.1 1.97783 -0.523408
180.2 1.9552 -0.45342
180.3 1.93144 -0.38426
180.4 1.90691 -0.31596
180.5 1.88172 -0.248544
180.6 1.85592 -0.182036
180.7 1.82949 -0.116458
180.8 1.80241 -0.0518307
180.9 1.77463 0.01182
181 1.7461 0.074469
181.1 1.71676 0.136089
181.2 1.68655 0.196649
181.3 1.65536 0.256116
181.4 1.62313 0.314456
181.5 1.58972 0.371628
181.6 1.55502 0.427588
181.7 1.51887 0.482289
181.8 1.4811 0.535674
181.9 1.44147 0.587683
182 1.39974 0.638245
182.1 1.35556 0.68728
182.2 1.30853 0.734693
182.3 1.25813 0.780374
182.4 1.2037 0.824192
182.5 1.14437 0.865989
182.6 1.07896 0.90557
182.7 1.00589 0.942693
182.8 0.922945 0.977047
182.9 0.826949 1.00823
183 0.713266 1.0357
183.1 0.574961 1.0587
183.2 0.401559 1.0762
183.3 0.177522 1.08669
183.4 -0.11803 1.08799
183.5 -0.504036 1.0772
183.6 -0.968618 1.05115
183.7 -1.42714 1.0083
183.8 -1.76058 0.951085
183.9 -1.93623 0.884861
184 -2.00562 0.814469
184.1 -2.02235 0.742682
184.2 -2.01602 0.670775
184.3 -1.99987 0.599297
184.4 -1.9794 0.528482
184.5 -1.95687 0.458436
184.6 -1.93318 0.389215
184.7 -1.9087 0.320852
184.8 -1.88356 0.253372
184.9 -1.8578 0.186798
185 -1.83142 0.121151
185.1 -1.80438 0.0564553
185.2 -1.77666 -0.00726664
185.3 -1.74818 -0.0699887
185.4 -1.71891 -0.131683
185.5 -1.68875 -0.192321
185.6 -1.65764 -0.251868
185.7 -1.62549 -0.310291
185.8 -1.59217 -0.367548
185.9 -1.55757 -0.423597
186 -1.52153 -0.47839
186.1 -1.48388 -0.531873
186.2 -1.44439 -0.583983
186.3 -1.40282 -0.634652
186.4 -1.35883 -0.683799
186.5 -1.31202 -0.731333
186.6 -1.26189 -0.777143
186.7 -1.20778 -0.8211
186.8 -1.14883 -0.863048
186.9 -1.08391 -0.902797
187 -1.01146 -0.940106
187.1 -0.929313 -0.974672
187.2 -0.834392 -1.0061
187.3 -0.722181 -1.03386
187.4 -0.58595 -1.05722
187.5 -0.415527 -1.07516
187.6 -0.195785 -1.08621
187.7 0.0938624 -1.08826
187.8 0.473111 -1.07846
187.9 0.933865 -1.05359
188 1.39712 -1.01193
188.1 1.74213 -0.955578
188.2 1.9279 -0.889818
188.3 2.00288 -0.819611
188.4 2.02214 -0.747868
188.5 2.0169 -0.675946
188.6 2.00121 -0.604427
188.7 1.98096 -0.53356
188.8 1.95854 -0.463457
188.9 1.93492 -0.394175
189 1.91048 -0.325749
189.1 1.88539 -0.258205
189.2 1.85967 -0.191564
189.3 1.83334 -0.12585
189.4 1.80635 -0.0610849
189.5 1.77868 0.00270808
189.6 1.75026 0.0655031
189.7 1.72104 0.127273
189.8 1.69096 0.187987
189.9 1.65992 0.247615
190 1.62784 0.306119
190.1 1.59461 0.363462
190.2 1.56011 0.4196
190.3 1.52418 0.474485
190.4 1.48665 0.528064
190.5 1.44731 0.580275
190.6 1.40589 0.631051
190.7 1.36209 0.680311
190.8 1.3155 0.727964
190.9 1.26563 0.773902
191 1.21183 0.817998
191.1 1.15326 0.860097
191.2 1.08882 0.900011
191.3 1.01697 0.937505
191.4 0.935616 0.972281
191.5 0.841745 1.00395
191.6 0.730973 1.03199
191.7 0.596763 1.0557
191.8 0.429242 1.07407
191.9 0.213685 1.08568
192 -0.0701699 1.08847
192.1 -0.442643 1.07963
192.2 -0.899153 1.05594
192.3 -1.36644 1.01547
192.4 -1.72282 0.960022
192.5 -1.91899 0.894753
192.6 -1.99986 0.824745
192.7 -2.02182 0.753054
192.8 -2.01773 0.68112
192.9 -2.00254 0.609561
193 -1.98251 0.538642
193.1 -1.9602 0.468481
193.2 -1.93665 0.399139
193.3 -1.91227 0.33065
193.4 -1.88722 0.263042
193.5 -1.86155 0.196336
193.6 -1.83526 0.130554
193.7 -1.80832 0.0657195
193.8 -1.7807 0.00185565
193.9 -1.75234 -0.0610122
194 -1.72318 -0.122857
194.1 -1.69316 -0.183648
194.2 -1.66219 -0.243355
194.3 -1.63019 -0.301942
194.4 -1.59705 -0.35937
194.5 -1.56264 -0.415596
194.6 -1.52682 -0.470573
194.7 -1.48941 -0.524248
194.8 -1.45021 -0.57656
194.9 -1.40895 -0.627442
195 -1.36533 -0.676814
195.1 -1.31896 -0.724586
195.2 -1.26934 -0.770652
195.3 -1.21585 -0.814885
195.4 -1.15766 -0.857134
195.5 -1.09369 -0.897213
195.6 -1.02244 -0.93489
195.7 -0.941854 -0.969873
195.8 -0.849012 -1.00178
195.9 -0.739645 -1.03011
196 -0.607405 -1.05416
196.1 -0.44271 -1.07296
196.2 -0.231232 -1.08511
196.3 0.0469462 -1.08862
196.4 0.412645 -1.08073
196.5 0.864528 -1.0582
196.6 1.33514 -1.01893
196.7 1.70263 -0.964416
196.8 1.90949 -0.899665
196.9 1.99655 -0.82987
197 2.02137 -0.758239
197.1 2.01851 -0.686295
197.2 2.00384 -0.614698
197.3 1.98405 -0.543727
197.4 1.96186 -0.47351
197.5 1.93838 -0.404107
197.6 1.91405 -0.335556
197.7 1.88904 -0.267884
197.8 1.86342 -0.201112
197.9 1.83717 -0.135263
198 1.81028 -0.0703592
198.1 1.78271 -0.00642456
198.2 1.75441 0.0565159
198.3 1.72531 0.118435
198.4 1.69535 0.179304
198.5 1.66446 0.23909
198.6 1.63253 0.297759
198.7 1.59948 0.355271
198.8 1.56516 0.411586
198.9 1.52945 0.466655
199 1.49216 0.520425
199.1 1.4531 0.572838
199.2 1.412 0.623825
199.3 1.36856 0.673308
199.4 1.3224 0.721199
199.5 1.27304 0.767392
199.6 1.21985 0.811762
199.7 1.16204 0.854159
199.8 1.09852 0.894402
199.9 1.02785 0.932261
200 0.948029 0.96745
