0 2 0
0.1 1.86024 0.0662713
0.2 1.77898 0.128906
0.3 1.72249 0.189228
0.4 1.67745 0.247824
0.5 1.63778 0.304973
0.6 1.60045 0.360801
0.7 1.56382 0.415357
0.8 1.52693 0.468647
0.9 1.48917 0.520652
1 1.45006 0.571333
1.1 1.40922 0.620637
1.2 1.36625 0.668497
1.3 1.32071 0.714832
1.4 1.27209 0.759545
1.5 1.21977 0.80252
1.6 1.16293 0.843615
1.7 1.1005 0.882658
1.8 1.03104 0.919431
1.9 0.952546 0.95366
2 0.862167 0.984988
2.1 0.755736 1.01294
2.2 0.627015 1.03685
2.3 0.466504 1.05582
2.4 0.25977 1.0685
2.5 -0.0138322 1.07297
2.6 -0.377423 1.0665
2.7 -0.833964 1.04584
2.8 -1.31751 1.00864
2.9 -1.69787 0.956178
3 -1.91003 0.893484
3.1 -1.99749 0.825819
3.2 -2.02166 0.756388
3.3 -2.01842 0.686674
3.4 -2.0038 0.617302
3.5 -1.98435 0.54853
3.6 -1.96269 0.480472
3.7 -1.93985 0.413184
3.8 -1.91624 0.346698
3.9 -1.892 0.281036
4 -1.86719 0.216221
4.1 -1.84181 0.15227
4.2 -1.81582 0.089206
4.3 -1.78919 0.0270485
4.4 -1.76188 -0.0341791
4.5 -1.73384 -0.0944526
4.6 -1.705 -0.153745
4.7 -1.67529 -0.212029
4.8 -1.64463 -0.269272
4.9 -1.61293 -0.32544
5 -1.58008 -0.380496
5.1 -1.54596 -0.434397
5.2 -1.5104 -0.487097
5.3 -1.47324 -0.538544
5.4 -1.43425 -0.588679
5.5 -1.39317 -0.637434
5.6 -1.34967 -0.684732
5.7 -1.30335 -0.730483
5.8 -1.25369 -0.774581
5.9 -1.20003 -0.816899
6 -1.14147 -0.857285
6.1 -1.07686 -0.895552
6.2 -1.00458 -0.931464
6.3 -0.922379 -0.964719
6.4 -0.827015 -0.994925
6.5 -0.71371 -1.02155
6.6 -0.575253 -1.04386
6.7 -0.400638 -1.06081
6.8 -0.173329 -1.07089
6.9 0.129156 -1.0719
7 0.527049 -1.06087
7.1 1.00518 -1.03459
7.2 1.46749 -0.991703
7.3 1.78988 -0.935023
7.4 1.95094 -0.870098
7.5 2.01061 -0.801566
7.6 2.02246 -0.731929
7.7 2.0141 -0.662291
7.8 1.99733 -0.593111
7.9 1.97693 -0.524581
8 1.95479 -0.456789
8.1 1.93165 -0.389779
8.2 1.90781 -0.323579
8.3 1.88337 -0.258212
8.4 1.85836 -0.193698
8.5 1.83276 -0.130056
8.6 1.80656 -0.0673068
8.7 1.7797 -0.00547272
8.8 1.75214 0.0554232
8.9 1.72382 0.115356
9 1.69468 0.174298
9.1 1.66465 0.232221
9.2 1.63364 0.289091
9.3 1.60155 0.344873
9.4 1.56827 0.399529
9.5 1.53366 0.453015
9.6 1.49756 0.505282
9.7 1.45979 0.556276
9.8 1.4201 0.605935
9.9 1.37821 0.654189
10 1.33378 0.700955
10.1 1.28635 0.746139
10.2 1.23537 0.789629
10.3 1.1801 0.831289
10.4 1.11958 0.870955
10.5 1.05249 0.908426
10.6 0.977028 0.943445
10.7 0.890645 0.975682
10.8 0.789636 1.0047
10.9 0.668492 1.02991
11 0.518857 1.05048
11.1 0.327978 1.06522
11.2 0.0770886 1.07241
11.3 -0.257314 1.06958
11.4 -0.688551 1.05353
11.5 -1.17635 1.02139
11.6 -1.60043 0.973133
11.7 -1.86224 0.912912
11.8 -1.98006 0.84631
11.9 -2.01832 0.777198
12 -2.021 0.70748
12.1 -2.00884 0.637969
12.2 -1.99046 0.569002
12.3 -1.96931 0.500724
12.4 -1.94677 0.433202
12.5 -1.92336 0.366473
12.6 -1.8993 0.300563
12.7 -1.87467 0.235493
12.8 -1.84945 0.171282
12.9 -1.82365 0.107951
13 -1.79722 0.0455201
13.1 -1.77012 -0.0159878
13.2 -1.7423 -0.0765489
13.3 -1.7137 -0.136138
13.4 -1.68426 -0.194726
13.5 -1.65389 -0.252283
13.6 -1.62252 -0.308776
13.7 -1.59002 -0.364168
13.8 -1.55629 -0.418419
13.9 -1.52118 -0.471483
14 -1.48452 -0.523311
14.1 -1.4461 -0.573844
14.2 -1.40568 -0.623019
14.3 -1.36294 -0.670761
14.4 -1.31752 -0.716984
14.5 -1.26892 -0.761588
14.6 -1.21653 -0.804452
14.7 -1.15954 -0.845433
14.8 -1.09688 -0.884355
14.9 -1.02709 -0.920999
15 -0.948143 -0.955085
15.1 -0.857128 -0.98625
15.2 -0.749805 -1.01401
15.3 -0.619811 -1.0377
15.4 -0.457446 -1.05639
15.5 -0.247995 -1.06871
15.6 0.029471 -1.07271
15.7 0.397844 -1.06563
15.8 0.857943 -1.04418
15.9 1.33951 -1.00617
16 1.71204 -0.95308
16.1 1.91656 -0.890037
16.2 1.99966 -0.822232
16.3 2.02188 -0.752764
16.4 2.01782 -0.68306
16.5 2.00286 -0.613715
16.6 1.98326 -0.544978
16.7 1.96153 -0.47696
16.8 1.93864 -0.409713
16.9 1.91499 -0.343268
17 1.89073 -0.277651
17.1 1.86589 -0.212879
17.2 1.84047 -0.148975
17.3 1.81445 -0.0859567
17.4 1.78779 -0.0238469
17.5 1.76045 0.0373319
17.6 1.73236 0.0975551
17.7 1.70348 0.156796
17.8 1.67372 0.215027
17.9 1.64301 0.272215
18 1.61126 0.328326
18.1 1.57834 0.383323
18.2 1.54415 0.437163
18.3 1.50851 0.489799
18.4 1.47126 0.54118
18.5 1.43217 0.591245
18.6 1.39097 0.639926
18.7 1.34734 0.687146
18.8 1.30086 0.732814
18.9 1.25101 0.776822
19 1.19712 0.819044
19.1 1.13828 0.859326
19.2 1.07331 0.897476
19.3 1.00058 0.933258
19.4 0.917786 0.966367
19.5 0.821625 0.996401
19.6 0.707217 1.02282
19.7 0.567195 1.04488
19.8 0.390306 1.06152
19.9 0.159689 1.07119
20 -0.147358 1.07165
20.1 -0.550335 1.05991
20.2 -1.03077 1.03277
20.3 -1.48844 0.989057
20.4 -1.80184 0.931806
20.5 -1.95595 0.866599
20.6 -2.01206 0.797964
20.7 -2.02238 0.728308
20.8 -2.01338 0.658686
20.9 -1.99634 0.589537
21 -1.97582 0.521043
21.1 -1.95361 0.453291
21.2 -1.93043 0.386322
21.3 -1.90655 0.320165
21.4 -1.88209 0.254842
21.5 -1.85704 0.190372
21.6 -1.83142 0.126776
21.7 -1.80518 0.0640741
21.8 -1.77828 0.00228811
21.9 -1.75069 -0.0585585
22 -1.72233 -0.11844
22.1 -1.69315 -0.177331
22.2 -1.66307 -0.235199
22.3 -1.632 -0.292014
22.4 -1.59985 -0.347739
22.5 -1.56651 -0.402335
22.6 -1.53182 -0.455759
22.7 -1.49565 -0.507961
22.8 -1.45777 -0.558888
22.9 -1.41798 -0.608476
23 -1.37597 -0.656654
23.1 -1.33139 -0.703341
23.2 -1.2838 -0.74844
23.3 -1.23262 -0.791838
23.4 -1.1771 -0.833398
23.5 -1.11627 -0.872956
23.6 -1.0488 -0.910306
23.7 -0.972839 -0.94519
23.8 -0.8858 -0.977272
23.9 -0.7839 -1.00611
24 -0.661514 -1.0311
24.1 -0.510097 -1.0514
24.2 -0.316621 -1.0658
24.3 -0.0619886 -1.07254
24.4 0.27734 -1.0691
24.5 0.713222 -1.05227
24.6 1.20117 -1.01926
24.7 1.61834 -0.970251
24.8 1.87134 -0.909568
24.9 1.9835 -0.84276
25 2.01908 -0.773583
25.1 2.02063 -0.703862
25.2 2.008 -0.634373
25.3 1.98941 -0.56544
25.4 1.96817 -0.4972
25.5 1.94557 -0.429718
25.6 1.92213 -0.363031
25.7 1.89804 -0.297164
25.8 1.87337 -0.232138
25.9 1.84813 -0.167973
26 1.82229 -0.104688
26.1 1.79583 -0.0423041
26.2 1.76869 0.0191552
26.3 1.74083 0.0796665
26.4 1.71219 0.139204
26.5 1.6827 0.197739
26.6 1.65229 0.255242
26.7 1.62086 0.311679
26.8 1.5883 0.367013
26.9 1.55451 0.421203
27 1.51932 0.474205
27.1 1.48257 0.525966
27.2 1.44405 0.576431
27.3 1.40352 0.625533
27.4 1.36065 0.673199
27.5 1.31508 0.71934
27.6 1.2663 0.763857
27.7 1.21369 0.806627
27.8 1.15644 0.847506
27.9 1.09345 0.886316
28 1.02324 0.922834
28.1 0.943745 0.956778
28.2 0.852002 0.98778
28.3 0.743682 1.01535
28.4 0.612281 1.0388
28.5 0.447885 1.0572
28.6 0.235471 1.06914
28.7 -0.0461881 1.07264
28.8 -0.419689 1.0649
28.9 -0.883443 1.04263
29 -1.3626 1.00375
29.1 -1.72669 0.950001
29.2 -1.92325 0.886598
29.3 -2.0019 0.818648
29.4 -2.02212 0.749144
29.5 -2.01723 0.679448
29.6 -2.00193 0.61013
29.7 -1.98218 0.541429
29.8 -1.96036 0.47345
29.9 -1.93743 0.406243
30 -1.91375 0.339841
30.1 -1.88945 0.274267
30.2 -1.86459 0.20954
30.3 -1.83914 0.145681
30.4 -1.81308 0.0827098
30.5 -1.78639 0.0206478
30.6 -1.75901 -0.040482
30.7 -1.73088 -0.100655
30.8 -1.70195 -0.159844
30.9 -1.67215 -0.218021
31 -1.64139 -0.275154
31.1 -1.60958 -0.331209
31.2 -1.5766 -0.386147
31.3 -1.54233 -0.439925
31.4 -1.50662 -0.492498
31.5 -1.46928 -0.543812
31.6 -1.43008 -0.593807
31.7 -1.38877 -0.642414
31.8 -1.345 -0.689556
31.9 -1.29836 -0.73514
32 -1.24832 -0.77906
32.1 -1.19419 -0.821185
32.2 -1.13507 -0.86136
32.3 -1.06974 -0.899394
32.4 -0.996553 -0.935046
32.5 -0.913157 -0.968005
32.6 -0.816186 -0.997867
32.7 -0.700656 -1.02408
32.8 -0.559038 -1.04589
32.9 -0.37983 -1.06221
33 -0.145843 -1.07146
33.1 0.165826 -1.07137
33.2 0.573851 -1.0589
33.3 1.05631 -1.0309
33.4 1.50896 -0.986373
33.5 1.81335 -0.928569
33.6 1.96071 -0.863091
33.7 2.0134 -0.79436
33.8 2.02224 -0.724688
33.9 2.01263 -0.655083
34 1.99534 -0.585964
34.1 1.97469 -0.517507
34.2 1.95242 -0.449795
34.3 1.9292 -0.382867
34.4 1.9053 -0.316753
34.5 1.8808 -0.251474
34.6 1.85573 -0.187049
34.7 1.83007 -0.123499
34.8 1.8038 -0.0608438
34.9 1.77687 0.000893978
35 1.74923 0.0616911
35.1 1.72083 0.121522
35.2 1.69161 0.18036
35.3 1.66148 0.238175
35.4 1.63036 0.294934
35.5 1.59815 0.350601
35.6 1.56474 0.405138
35.7 1.52998 0.458499
35.8 1.49372 0.510637
35.9 1.45576 0.561495
36 1.41586 0.611012
36.1 1.37372 0.659115
36.2 1.329 0.705722
36.3 1.28124 0.750736
36.4 1.22985 0.794042
36.5 1.17408 0.835503
36.6 1.11294 0.874952
36.7 1.04508 0.912181
36.8 0.96862 0.946928
36.9 0.880915 0.978853
37 0.77811 1.00751
37.1 0.654458 1.03228
37.2 0.501225 1.0523
37.3 0.305101 1.06635
37.4 0.0466588 1.07263
37.5 -0.297637 1.06858
37.6 -0.738057 1.05098
37.7 -1.22579 1.01709
37.8 -1.63577 0.967338
37.9 -1.88006 0.906208
38 -1.98674 0.839205
38.1 -2.01975 0.769967
38.2 -2.02022 0.700245
38.3 -2.00714 0.630779
38.4 -1.98836 0.56188
38.5 -1.96702 0.493677
38.6 -1.94437 0.426236
38.7 -1.92089 0.359592
38.8 -1.89677 0.293768
38.9 -1.87207 0.228786
39 -1.8468 0.164665
39.1 -1.82093 0.101427
39.2 -1.79443 0.0390906
39.3 -1.76726 -0.0223201
39.4 -1.73936 -0.0827815
39.5 -1.71068 -0.142268
39.6 -1.68115 -0.20075
39.7 -1.65068 -0.258199
39.8 -1.6192 -0.314579
39.9 -1.58658 -0.369855
40 -1.55271 -0.423984
40.1 -1.51745 -0.476923
40.2 -1.48062 -0.528618
40.3 -1.442 -0.579014
40.4 -1.40135 -0.628044
40.5 -1.35836 -0.675632
40.6 -1.31263 -0.721692
40.7 -1.26366 -0.766121
40.8 -1.21084 -0.808798
40.9 -1.15332 -0.849574
41 -1.09 -0.88827
41.1 -1.01936 -0.924662
41.2 -0.939314 -0.958463
41.3 -0.846832 -0.9893
41.4 -0.737497 -1.01667
41.5 -0.604664 -1.03989
41.6 -0.438197 -1.05799
41.7 -0.222762 -1.06955
41.8 0.0631569 -1.07254
41.9 0.441796 -1.06412
42 0.909002 -1.04102
42.1 1.38535 -1.00129
42.2 1.74086 -0.946896
42.3 1.92964 -0.883147
42.4 2.00399 -0.815062
42.5 2.0223 -0.745523
42.6 2.01662 -0.675837
42.7 2.00098 -0.606547
42.8 1.98108 -0.537882
42.9 1.95919 -0.469941
43 1.93622 -0.402776
43.1 1.9125 -0.336417
43.2 1.88818 -0.270886
43.3 1.86328 -0.206204
43.4 1.8378 -0.14239
43.5 1.81171 -0.0794654
43.6 1.78498 -0.0174512
43.7 1.75757 0.0436295
43.8 1.7294 0.103752
43.9 1.70043 0.16289
44 1.67058 0.221013
44.1 1.63976 0.278091
44.2 1.60789 0.334089
44.3 1.57486 0.388967
44.4 1.54052 0.442685
44.5 1.50472 0.495193
44.6 1.46729 0.54644
44.7 1.42799 0.596365
44.8 1.38656 0.644898
44.9 1.34266 0.691962
45 1.29586 0.737462
45.1 1.24562 0.781292
45.2 1.19125 0.82332
45.3 1.13184 0.863389
45.4 1.06616 0.901306
45.5 0.992499 0.936826
45.6 0.908492 0.969636
45.7 0.810697 0.999323
45.8 0.694026 1.02533
45.9 0.550781 1.04688
46 0.369209 1.06288
46.1 0.131787 1.07171
46.2 -0.184562 1.07106
46.3 -0.597591 1.05785
46.4 -1.08177 1.02898
46.5 -1.52904 0.983654
46.6 -1.82443 0.925311
46.7 -1.96522 0.859575
46.8 -2.01463 0.790754
46.9 -2.02206 0.721067
47 -2.01187 0.65148
47.1 -1.99433 0.582393
47.2 -1.97357 0.513973
47.3 -1.95124 0.446301
47.4 -1.92798 0.379415
47.5 -1.90404 0.313344
47.6 -1.87951 0.248108
47.7 -1.85441 0.183728
47.8 -1.82872 0.120224
47.9 -1.80242 0.057616
48 -1.77545 -0.00407353
48.1 -1.74778 -0.0648212
48.2 -1.71934 -0.124601
48.3 -1.69007 -0.183387
48.4 -1.65989 -0.241148
48.5 -1.62872 -0.297851
48.6 -1.59645 -0.353461
48.7 -1.56297 -0.407937
48.8 -1.52814 -0.461236
48.9 -1.4918 -0.513309
49 -1.45374 -0.5641
49.1 -1.41373 -0.613545
49.2 -1.37147 -0.661572
49.3 -1.3266 -0.708099
49.4 -1.27866 -0.753027
49.5 -1.22707 -0.796241
49.6 -1.17105 -0.837602
49.7 -1.1096 -0.876941
49.8 -1.04134 -0.914048
49.9 -0.964371 -0.948658
50 -0.875989 -0.980426
50.1 -0.772264 -1.0089
50.2 -0.647324 -1.03344
50.3 -0.492239 -1.05319
50.4 -0.293414 -1.06689
50.5 -0.0310957 -1.0727
50.6 0.318207 -1.06803
50.7 0.763042 -1.04963
50.8 1.2502 -1.01488
50.9 1.65272 -0.964394
51 1.88841 -0.902833
51.1 1.98979 -0.835644
51.2 2.02034 -0.76635
51.3 2.01977 -0.696628
51.4 2.00626 -0.627187
51.5 1.9873 -0.558321
51.6 1.96587 -0.490157
51.7 1.94317 -0.422757
51.8 1.91965 -0.356154
51.9 1.8955 -0.290373
52 1.87078 -0.225436
52.1 1.84547 -0.161361
52.2 1.81957 -0.0981681
52.3 1.79304 -0.0358796
52.4 1.76583 0.0254824
52.5 1.7379 0.0858939
52.6 1.70917 0.145329
52.7 1.67959 0.203758
52.8 1.64907 0.261152
52.9 1.61753 0.317476
53 1.58485 0.372693
53.1 1.55092 0.426762
53.2 1.51558 0.479637
53.3 1.47866 0.531267
53.4 1.43994 0.581594
53.5 1.39918 0.63055
53.6 1.35606 0.678062
53.7 1.31017 0.72404
53.8 1.26102 0.768381
53.9 1.20798 0.810963
54 1.15019 0.851636
54.1 1.08653 0.890218
54.2 1.01546 0.926484
54.3 0.93485 0.960141
54.4 0.841617 0.990811
54.5 0.731249 1.01799
54.6 0.596957 1.04097
54.7 0.428378 1.05877
54.8 0.209863 1.06994
54.9 -0.0803803 1.07242
55 -0.46416 1.06331
55.1 -0.934604 1.03937
55.2 -1.40775 0.998792
55.3 -1.75456 0.943766
55.4 -1.93571 0.879686
55.5 -2.00594 0.811471
55.6 -2.02242 0.741902
55.7 -2.01598 0.672227
55.8 -2.00002 0.602966
55.9 -1.97998 0.534336
56 -1.95802 0.466435
56.1 -1.935 0.399311
56.2 -1.91125 0.332994
56.3 -1.8869 0.267507
56.4 -1.86197 0.202869
56.5 -1.83646 0.139101
56.6 -1.81034 0.0762234
56.7 -1.78358 0.0142571
56.8 -1.75612 -0.0467745
56.9 -1.72792 -0.106847
57 -1.6989 -0.165932
57.1 -1.669 -0.224002
57.2 -1.63814 -0.281025
57.3 -1.60621 -0.336965
57.4 -1.57311 -0.391785
57.5 -1.5387 -0.445441
57.6 -1.50282 -0.497885
57.7 -1.4653 -0.549065
57.8 -1.4259 -0.598919
57.9 -1.38435 -0.647379
58 -1.3403 -0.694363
58.1 -1.29334 -0.73978
58.2 -1.24291 -0.783519
58.3 -1.1883 -0.82545
58.4 -1.1286 -0.865413
58.5 -1.06255 -0.903212
58.6 -0.988417 -0.938599
58.7 -0.90379 -0.971258
58.8 -0.805158 -1.00077
58.9 -0.687325 -1.02657
59 -0.542423 -1.04786
59.1 -0.358438 -1.06353
59.2 -0.117519 -1.07193
59.3 0.203567 -1.07071
59.4 0.621545 -1.05676
59.5 1.10714 -1.02702
59.6 1.54869 -0.980899
59.7 1.83507 -0.922033
59.8 1.96948 -0.856052
59.9 2.01575 -0.787145
60 2.02184 -0.717447
60.1 2.01109 -0.647879
60.2 1.99331 -0.578823
60.3 1.97244 -0.510442
60.4 1.95005 -0.442809
60.5 1.92675 -0.375965
60.6 1.90278 -0.309936
60.7 1.87822 -0.244745
60.8 1.85309 -0.18041
60.9 1.82737 -0.116952
61 1.80103 -0.0543907
61.1 1.77403 0.00725054
61.2 1.74632 0.0679486
61.3 1.71784 0.127678
61.4 1.68852 0.186411
61.5 1.65829 0.244118
61.6 1.62707 0.300765
61.7 1.59474 0.356317
61.8 1.5612 0.410734
61.9 1.52629 0.46397
62 1.48986 0.515978
62.1 1.45171 0.5667
62.2 1.41159 0.616074
62.3 1.36921 0.664025
62.4 1.32419 0.710472
62.5 1.27608 0.755314
62.6 1.22428 0.798435
62.7 1.16801 0.839695
62.8 1.10624 0.878924
62.9 1.03758 0.915909
63 0.960091 0.95038
63.1 0.871023 0.981989
63.2 0.766362 1.01027
63.3 0.640109 1.0346
63.4 0.483137 1.05407
63.5 0.281557 1.06741
63.6 0.015296 1.07274
63.7 -0.339049 1.06744
63.8 -0.788165 1.04824
63.9 -1.27436 1.01262
64 -1.66918 0.96142
64.1 -1.89639 0.899444
64.2 -1.99266 0.832078
64.3 -2.02085 0.762732
64.4 -2.0193 0.693013
64.5 -2.00537 0.623596
64.6 -1.98623 0.554764
64.7 -1.96472 0.486639
64.8 -1.94197 0.419279
64.9 -1.91842 0.352719
65 -1.89424 0.286981
65.1 -1.86948 0.222088
65.2 -1.84414 0.158058
65.3 -1.81821 0.0949121
65.4 -1.79164 0.0326711
65.5 -1.7644 -0.0286422
65.6 -1.73642 -0.0890036
65.7 -1.70766 -0.148387
65.8 -1.67803 -0.206764
65.9 -1.64746 -0.264103
66 -1.61586 -0.32037
66.1 -1.58312 -0.375529
66.2 -1.54912 -0.429537
66.3 -1.5137 -0.482349
66.4 -1.47669 -0.533912
66.5 -1.43788 -0.584169
66.6 -1.397 -0.633053
66.7 -1.35374 -0.680487
66.8 -1.3077 -0.726383
66.9 -1.25837 -0.770636
67 -1.2051 -0.813122
67.1 -1.14704 -0.853692
67.2 -1.08303 -0.89216
67.3 -1.01153 -0.928298
67.4 -0.930352 -0.96181
67.5 -0.836357 -0.992313
67.6 -0.724938 -1.01929
67.7 -0.589159 -1.04203
67.8 -0.418426 -1.05952
67.9 -0.196771 -1.07031
68 0.097861 -1.07226
68.1 0.486777 -1.06246
68.2 0.96023 -1.03767
68.3 1.42978 -0.996252
68.4 1.76779 -0.940612
68.5 1.94149 -0.876213
68.6 2.00775 -0.807878
68.7 2.02249 -0.738281
68.8 2.01532 -0.668619
68.9 1.99905 -0.599386
69 1.97888 -0.530793
69.1 1.95685 -0.462931
69.2 1.93379 -0.395848
69.3 1.91 -0.329574
69.4 1.88562 -0.26413
69.5 1.86066 -0.199537
69.6 1.83512 -0.135815
69.7 1.80897 -0.0729839
69.8 1.78217 -0.0110655
69.9 1.75468 0.0499169
70 1.72643 0.109938
70.1 1.69737 0.168972
70.2 1.66742 0.226989
70.3 1.63651 0.283956
70.4 1.60452 0.339839
70.5 1.57135 0.394599
70.6 1.53687 0.448194
70.7 1.50092 0.500574
70.8 1.4633 0.551686
70.9 1.4238 0.60147
71 1.38213 0.649855
71.1 1.33794 0.69676
71.2 1.29081 0.742093
71.3 1.24018 0.785742
71.4 1.18534 0.827574
71.5 1.12534 0.86743
71.6 1.05891 0.90511
71.7 0.984307 0.940365
71.8 0.899051 0.972872
71.9 0.799568 1.00221
72 0.680552 1.02779
72.1 0.53396 1.04883
72.2 0.347515 1.06416
72.3 0.103033 1.07213
72.4 -0.222843 1.07033
72.5 -0.645704 1.05563
72.6 -1.13239 1.02502
72.7 -1.56788 0.978109
72.8 -1.8453 0.918737
72.9 -1.97351 0.852521
73 -2.01677 0.783535
73.1 -2.02157 0.713828
73.2 -2.01029 0.64428
73.3 -1.99228 0.575256
73.4 -1.97131 0.506912
73.5 -1.94886 0.439319
73.6 -1.92552 0.372517
73.7 -1.90152 0.306531
73.8 -1.87693 0.241384
73.9 -1.85177 0.177094
74 -1.82602 0.113682
74.1 -1.79965 0.0511679
74.2 -1.77261 -0.010425
74.3 -1.74486 -0.0710734
74.4 -1.71634 -0.130752
74.5 -1.68698 -0.189432
74.6 -1.6567 -0.247085
74.7 -1.62542 -0.303676
74.8 -1.59303 -0.35917
74.9 -1.55942 -0.413527
75 -1.52444 -0.466701
75.1 -1.48793 -0.518643
75.2 -1.44968 -0.569297
75.3 -1.40945 -0.618599
75.4 -1.36694 -0.666474
75.5 -1.32178 -0.71284
75.6 -1.27349 -0.757596
75.7 -1.22147 -0.800624
75.8 -1.16494 -0.841784
75.9 -1.10286 -0.880901
76 -1.03379 -0.917763
76.1 -0.955781 -0.952095
76.2 -0.866016 -0.983544
76.3 -0.760402 -1.01164
76.4 -0.632813 -1.03573
76.5 -0.473916 -1.05492
76.6 -0.269527 -1.0679
76.7 0.000743578 -1.07276
76.8 0.360161 -1.06682
76.9 0.813409 -1.04681
77 1.29827 -1.01031
77.1 1.68517 -0.958416
77.2 1.90401 -0.89604
77.3 1.99535 -0.828507
77.4 2.02129 -0.759114
77.5 2.01879 -0.689398
77.6 2.00447 -0.620007
77.7 1.98516 -0.55121
77.8 1.96356 -0.483123
77.9 1.94076 -0.415804
78 1.91717 -0.349286
78.1 1.89296 -0.283592
78.2 1.86818 -0.218743
78.3 1.84281 -0.154758
78.4 1.81685 -0.0916585
78.5 1.79025 -0.0294651
78.6 1.76297 0.0317994
78.7 1.73495 0.0921107
78.8 1.70614 0.151442
78.9 1.67647 0.209766
79 1.64585 0.26705
79.1 1.61419 0.323261
79.2 1.58139 0.378361
79.3 1.54732 0.432309
79.4 1.51182 0.485057
79.5 1.47472 0.536554
79.6 1.43581 0.586742
79.7 1.39482 0.635552
79.8 1.35143 0.682909
79.9 1.30523 0.728722
80 1.25571 0.772886
80.1 1.20221 0.815277
80.2 1.14387 0.855742
80.3 1.07952 0.894096
80.4 1.00758 0.930105
80.5 0.92582 0.963472
80.6 0.83105 0.993806
80.7 0.718562 1.02058
80.8 0.581268 1.04308
80.9 0.408338 1.06026
81 0.183484 1.07065
81.1 -0.115602 1.07207
81.2 -0.509642 1.06157
81.3 -0.98586 1.03593
81.4 -1.45143 0.993673
81.5 -1.78055 0.937434
81.6 -1.94698 0.872731
81.7 -2.00943 0.804281
81.8 -2.02249 0.73466
81.9 -2.01463 0.665011
82 -1.99808 0.595809
82.1 -1.97777 0.527251
82.2 -1.95568 0.459429
82.3 -1.93257 0.392388
82.4 -1.90875 0.326156
82.5 -1.88434 0.260756
82.6 -1.85935 0.196208
82.7 -1.83378 0.132531
82.8 -1.80759 0.0697468
82.9 -1.78076 0.00787647
83 -1.75323 -0.0530567
83.1 -1.72494 -0.113028
83.2 -1.69584 -0.172009
83.3 -1.66584 -0.229972
83.4 -1.63487 -0.286884
83.5 -1.60283 -0.34271
83.6 -1.5696 -0.397411
83.7 -1.53504 -0.450943
83.8 -1.49901 -0.503259
83.9 -1.4613 -0.554304
84 -1.42169 -0.604017
84.1 -1.3799 -0.652327
84.2 -1.33557 -0.699153
84.3 -1.28827 -0.744401
84.4 -1.23744 -0.787959
84.5 -1.18236 -0.829694
84.6 -1.12206 -0.869442
84.7 -1.05526 -0.907003
84.8 -0.980169 -0.942123
84.9 -0.894274 -0.974477
85 -0.793926 -1.00363
85.1 -0.673706 -1.029
85.2 -0.525391 -1.04977
85.3 -0.336438 -1.06477
85.4 -0.0883282 -1.0723
85.5 0.24239 -1.06991
85.6 0.670059 -1.05445
85.7 1.15751 -1.02297
85.8 1.58661 -0.975285
85.9 1.8551 -0.915423
86 1.97733 -0.848983
86.1 2.01769 -0.779923
86.2 2.02126 -0.710209
86.3 2.00947 -0.640682
86.4 1.99125 -0.57169
86.5 1.97017 -0.503384
86.6 1.94767 -0.435831
86.7 1.92429 -0.369071
86.8 1.90026 -0.303128
86.9 1.87564 -0.238025
87 1.85045 -0.17378
87.1 1.82467 -0.110414
87.2 1.79826 -0.0479475
87.3 1.77119 0.0135969
87.4 1.7434 0.0741957
87.5 1.71483 0.133823
87.6 1.68543 0.192451
87.7 1.6551 0.250049
87.8 1.62376 0.306584
87.9 1.59132 0.36202
88 1.55764 0.416317
88.1 1.52258 0.469428
88.2 1.48599 0.521305
88.3 1.44764 0.57189
88.4 1.4073 0.62112
88.5 1.36466 0.668919
88.6 1.31935 0.715204
88.7 1.27089 0.759873
88.8 1.21866 0.802808
88.9 1.16187 0.843866
89 1.09946 0.882873
89.1 1.02998 0.91961
89.2 0.951439 0.953802
89.3 0.860966 0.98509
89.4 0.754384 1.01299
89.5 0.625433 1.03686
89.6 0.464574 1.05576
89.7 0.257321 1.06837
89.8 -0.0170264 1.07274
89.9 -0.381541 1.06615
90 -0.838761 1.04533
90.1 -1.32189 1.00797
90.2 -1.70067 0.955385
90.3 -1.91129 0.892623
90.4 -1.99787 0.824931
90.5 -2.02165 0.755494
90.6 -2.01825 0.685785
90.7 -2.00356 0.61642
90.8 -1.98408 0.547657
90.9 -1.9624 0.479609
91 -1.93955 0.412331
91.1 -1.91593 0.345855
91.2 -1.89169 0.280204
91.3 -1.86687 0.215399
91.4 -1.84148 0.15146
91.5 -1.81548 0.0884073
91.6 -1.78885 0.0262616
91.7 -1.76153 -0.0349541
91.8 -1.73348 -0.0952152
91.9 -1.70462 -0.154495
92 -1.6749 -0.212766
92.1 -1.64423 -0.269995
92.2 -1.61252 -0.32615
92.3 -1.57966 -0.381191
92.4 -1.54551 -0.435077
92.5 -1.50994 -0.487762
92.6 -1.47275 -0.539192
92.7 -1.43374 -0.58931
92.8 -1.39263 -0.638047
92.9 -1.3491 -0.685326
93 -1.30274 -0.731056
93.1 -1.25304 -0.775132
93.2 -1.19931 -0.817427
93.3 -1.14069 -0.857787
93.4 -1.07599 -0.896025
93.5 -1.0036 -0.931905
93.6 -0.921254 -0.965125
93.7 -0.825695 -0.995289
93.8 -0.71212 -1.02186
93.9 -0.573282 -1.04411
94 -0.398112 -1.06099
94.1 -0.169996 -1.07096
94.2 0.133604 -1.07184
94.3 0.532749 -1.06064
94.4 1.01147 -1.03414
94.5 1.47268 -0.991056
94.6 1.79286 -0.934234
94.7 1.9522 -0.869239
94.8 2.01097 -0.800681
94.9 2.02245 -0.731039
95 2.01392 -0.661405
95.1 1.99709 -0.592233
95.2 1.97666 -0.523712
95.3 1.9545 -0.455929
95.4 1.93135 -0.388929
95.5 1.9075 -0.32274
95.6 1.88305 -0.257384
95.7 1.85804 -0.19288
95.8 1.83243 -0.12925
95.9 1.80622 -0.0665122
96 1.77935 -0.00468994
96.1 1.75178 0.0561939
96.2 1.72345 0.116114
96.3 1.6943 0.175044
96.4 1.66426 0.232953
96.5 1.63324 0.289809
96.6 1.60113 0.345578
96.7 1.56784 0.400219
96.8 1.53321 0.45369
96.9 1.49709 0.505941
97 1.45929 0.556918
97.1 1.41958 0.60656
97.2 1.37766 0.654795
97.3 1.33319 0.701542
97.4 1.28573 0.746705
97.5 1.2347 0.790172
97.6 1.17937 0.831807
97.7 1.11877 0.871447
97.8 1.05158 0.908888
97.9 0.976001 0.943874
98 0.889458 0.976073
98.1 0.788231 1.00505
98.2 0.666784 1.0302
98.3 0.516715 1.05071
98.4 0.325202 1.06536
98.5 0.0733992 1.07244
98.6 -0.26221 1.06946
98.7 -0.694598 1.05323
98.8 -1.18246 1.02087
98.9 -1.60487 0.972428
99 -1.86451 0.912092
99.1 -1.98092 0.845438
99.2 -2.01852 0.77631
99.3 -2.02091 0.706591
99.4 -2.00864 0.637085
99.5 -1.9902 0.568127
99.6 -1.96903 0.499858
99.7 -1.94647 0.432346
99.8 -1.92306 0.365627
99.9 -1.89899 0.299728
100 -1.87435 0.234668
100.1 -1.84913 0.170469
100.2 -1.82331 0.107149
100.3 -1.79687 0.0447297
100.4 -1.76977 -0.0167663
100.5 -1.74194 -0.0773153
100.6 -1.71333 -0.136891
100.7 -1.68388 -0.195467
100.8 -1.6535 -0.25301
100.9 -1.62211 -0.30949
101 -1.5896 -0.364868
101.1 -1.55585 -0.419103
101.2 -1.52072 -0.472152
101.3 -1.48404 -0.523963
101.4 -1.4456 -0.57448
101.5 -1.40515 -0.623637
101.6 -1.36238 -0.67136
101.7 -1.31692 -0.717564
101.8 -1.26827 -0.762146
101.9 -1.21583 -0.804987
102 -1.15878 -0.845943
102.1 -1.09604 -0.884838
102.2 -1.02615 -0.92145
102.3 -0.947065 -0.955501
102.4 -0.855873 -0.986627
102.5 -0.748306 -1.01434
102.6 -0.617969 -1.03797
102.7 -0.455108 -1.05659
102.8 -0.244935 -1.06882
102.9 0.0335557 -1.0727
103 0.403187 -1.06545
103.1 0.864203 -1.04381
103.2 1.34521 -1.00558
103.3 1.71568 -0.952326
103.4 1.91823 -0.889193
103.5 2.00023 -0.821351
103.6 2.02195 -0.751875
103.7 2.01768 -0.682172
103.8 2.00263 -0.612834
103.9 1.983 -0.544106
104 1.96124 -0.476097
104.1 1.93834 -0.40886
104.2 1.91469 -0.342426
104.3 1.89042 -0.276819
104.4 1.86557 -0.212059
104.5 1.84014 -0.148165
104.6 1.81412 -0.0851586
104.7 1.78745 -0.0230606
104.8 1.76009 0.0381062
104.9 1.732 0.098317
105 1.7031 0.157545
105.1 1.67333 0.215763
105.2 1.64261 0.272937
105.3 1.61084 0.329035
105.4 1.57792 0.384017
105.5 1.5437 0.437842
105.6 1.50805 0.490463
105.7 1.47077 0.541827
105.8 1.43166 0.591875
105.9 1.39043 0.640538
106 1.34677 0.687739
106.1 1.30025 0.733386
106.2 1.25035 0.777373
106.3 1.1964 0.819571
106.4 1.13749 0.859826
106.5 1.07244 0.897948
106.6 0.999593 0.933698
106.7 0.916652 0.96677
106.8 0.820293 0.996762
106.9 0.705611 1.02313
107 0.565199 1.04513
107.1 0.387745 1.06169
107.2 0.156306 1.07125
107.3 -0.151872 1.07159
107.4 -0.556092 1.05966
107.5 -1.03705 1.03231
107.6 -1.49352 0.988401
107.7 -1.80471 0.931013
107.8 -1.95715 0.865738
107.9 -2.0124 0.797079
108 -2.02235 0.727419
108.1 -2.01319 0.657801
108.2 -1.99609 0.588658
108.3 -1.97554 0.520174
108.4 -1.95332 0.452431
108.5 -1.93013 0.385473
108.6 -1.90624 0.319327
108.7 -1.88177 0.254014
108.8 -1.85672 0.189555
108.9 -1.83109 0.125971
109 -1.80484 0.0632801
109.1 -1.77794 0.00150595
109.2 -1.75033 -0.0593285
109.3 -1.72196 -0.119198
109.4 -1.69277 -0.178075
109.5 -1.66268 -0.235931
109.6 -1.6316 -0.292732
109.7 -1.59944 -0.348443
109.8 -1.56607 -0.403024
109.9 -1.53137 -0.456432
110 -1.49517 -0.508619
110.1 -1.45728 -0.559529
110.2 -1.41746 -0.609099
110.3 -1.37542 -0.657259
110.4 -1.33081 -0.703926
110.5 -1.28317 -0.749004
110.6 -1.23194 -0.79238
110.7 -1.17636 -0.833916
110.8 -1.11545 -0.873447
110.9 -1.04788 -0.910768
111 -0.971805 -0.945618
111.1 -0.884603 -0.977661
111.2 -0.782482 -1.00645
111.3 -0.659787 -1.03139
111.4 -0.507927 -1.05162
111.5 -0.313806 -1.06594
111.6 -0.058243 -1.07256
111.7 0.282302 -1.06897
111.8 0.71931 -1.05196
111.9 1.20724 -1.01873
112 1.62266 -0.969538
112.1 1.87352 -0.908744
112.2 1.98431 -0.841887
112.3 2.01925 -0.772695
112.4 2.02053 -0.702973
112.5 2.00779 -0.63349
112.6 1.98916 -0.564565
112.7 1.96789 -0.496334
112.8 1.94527 -0.428862
112.9 1.92182 -0.362186
113 1.89773 -0.29633
113.1 1.87305 -0.231314
113.2 1.8478 -0.16716
113.3 1.82196 -0.103886
113.4 1.79548 -0.0415143
113.5 1.76834 0.0199331
113.6 1.74047 0.0804322
113.7 1.71182 0.139957
113.8 1.68232 0.19848
113.9 1.6519 0.255969
114 1.62045 0.312392
114.1 1.58788 0.367712
114.2 1.55407 0.421887
114.3 1.51886 0.474873
114.4 1.48209 0.526618
114.5 1.44355 0.577066
114.6 1.40299 0.62615
114.7 1.36009 0.673797
114.8 1.31447 0.719919
114.9 1.26565 0.764414
115 1.21299 0.807161
115.1 1.15567 0.848015
115.2 1.0926 0.886797
115.3 1.02229 0.923284
115.4 0.942659 0.957193
115.5 0.850736 0.988154
115.6 0.742168 1.01567
115.7 0.610418 1.03907
115.8 0.445516 1.05739
115.9 0.232366 1.06925
116 -0.0503343 1.07262
116.1 -0.425097 1.06471
116.2 -0.889718 1.04224
116.3 -1.36822 1.00315
116.4 -1.73022 0.94924
116.5 -1.92485 0.885751
116.6 -2.00243 0.817767
116.7 -2.02217 0.748254
116.8 -2.01709 0.67856
116.9 -2.00169 0.60925
117 -1.98191 0.540557
117.1 -1.96008 0.472587
117.2 -1.93713 0.405391
117.3 -1.91344 0.339
117.4 -1.88914 0.273436
117.5 -1.86426 0.20872
117.6 -1.83881 0.144872
117.7 -1.81275 0.0819123
117.8 -1.78604 0.0198621
117.9 -1.75865 -0.0412557
118 -1.73052 -0.101416
118.1 -1.70158 -0.160593
118.2 -1.67176 -0.218757
118.3 -1.64099 -0.275876
118.4 -1.60916 -0.331917
118.5 -1.57617 -0.38684
118.6 -1.54189 -0.440604
118.7 -1.50615 -0.493161
118.8 -1.46879 -0.544458
118.9 -1.42957 -0.594436
119 -1.38823 -0.643025
119.1 -1.34443 -0.690148
119.2 -1.29775 -0.735711
119.3 -1.24766 -0.779608
119.4 -1.19347 -0.82171
119.5 -1.13428 -0.86186
119.6 -1.06886 -0.899865
119.7 -0.99556 -0.935484
119.8 -0.912014 -0.968407
119.9 -0.814842 -0.998225
120 -0.699033 -1.02439
120.1 -0.557018 -1.04614
120.2 -0.377234 -1.06237
120.3 -0.142409 -1.07152
120.4 0.170405 -1.0713
120.5 0.579664 -1.05865
120.6 1.06257 -1.03043
120.7 1.51393 -0.985708
120.8 1.81611 -0.92777
120.9 1.96184 -0.862228
121 2.01371 -0.793474
121.1 2.0222 -0.723798
121.2 2.01245 -0.654197
121.3 1.99509 -0.585086
121.4 1.97442 -0.516639
121.5 1.95213 -0.448936
121.6 1.9289 -0.382019
121.7 1.90499 -0.315915
121.8 1.88048 -0.250647
121.9 1.85541 -0.186233
122 1.82974 -0.122694
122.1 1.80346 -0.0600505
122.2 1.77652 0.00167552
122.3 1.74887 0.0624605
122.4 1.72047 0.122279
122.5 1.69123 0.181104
122.6 1.66109 0.238906
122.7 1.62996 0.295651
122.8 1.59773 0.351304
122.9 1.56431 0.405826
123 1.52953 0.459172
123.1 1.49325 0.511294
123.2 1.45526 0.562136
123.3 1.41533 0.611635
123.4 1.37317 0.659719
123.5 1.32841 0.706307
123.6 1.2806 0.751299
123.7 1.22917 0.794583
123.8 1.17334 0.836019
123.9 1.11212 0.875441
124 1.04416 0.91264
124.1 0.967578 0.947353
124.2 0.879708 0.97924
124.3 0.776679 1.00785
124.4 0.652712 1.03256
124.5 0.499028 1.05252
124.6 0.302245 1.06649
124.7 0.0428562 1.07265
124.8 -0.302667 1.06845
124.9 -0.744183 1.05065
125 -1.23181 1.01655
125.1 -1.63998 0.966617
125.2 -1.88215 0.90538
125.3 -1.98751 0.83833
125.4 -2.01991 0.769079
125.5 -2.02011 0.699356
125.6 -2.00692 0.629897
125.7 -1.9881 0.561005
125.8 -1.96674 0.492812
125.9 -1.94408 0.425381
126 -1.92059 0.358747
126.1 -1.89646 0.292934
126.2 -1.87176 0.227962
126.3 -1.84647 0.163853
126.4 -1.8206 0.100626
126.5 -1.79409 0.0383014
126.6 -1.76691 -0.0230974
126.7 -1.739 -0.0835466
126.8 -1.71031 -0.14302
126.9 -1.68077 -0.20149
127 -1.65029 -0.258925
127.1 -1.61879 -0.315291
127.2 -1.58616 -0.370553
127.3 -1.55227 -0.424667
127.4 -1.51699 -0.47759
127.5 -1.48013 -0.52927
127.6 -1.4415 -0.579648
127.7 -1.40082 -0.62866
127.8 -1.35779 -0.67623
127.9 -1.31202 -0.72227
128 -1.26302 -0.766677
128.1 -1.21014 -0.80933
128.2 -1.15255 -0.850081
128.3 -1.08915 -0.88875
128.4 -1.01841 -0.92511
128.5 -0.93822 -0.958876
128.6 -0.845555 -0.989672
128.7 -0.735968 -1.017
128.8 -0.602778 -1.04016
128.9 -0.435796 -1.05818
129 -0.21961 -1.06965
129.1 0.0673655 -1.07252
129.2 0.447268 -1.06393
129.3 0.91529 -1.04062
129.4 1.39088 -1.00068
129.5 1.74427 -0.946129
129.6 1.93116 -0.882298
129.7 2.00449 -0.81418
129.8 2.02234 -0.744634
129.9 2.01647 -0.67495
130 2.00075 -0.605667
130.1 1.98081 -0.53701
130.2 1.95891 -0.46908
130.3 1.93592 -0.401925
130.4 1.9122 -0.335576
130.5 1.88786 -0.270055
130.6 1.86296 -0.205384
130.7 1.83747 -0.141582
130.8 1.81138 -0.0786685
130.9 1.78464 -0.0166661
131 1.75721 0.0444026
131.1 1.72904 0.104513
131.2 1.70005 0.163638
131.3 1.67019 0.221748
131.4 1.63936 0.278812
131.5 1.60748 0.334796
131.6 1.57443 0.38966
131.7 1.54007 0.443362
131.8 1.50426 0.495855
131.9 1.4668 0.547086
132 1.42748 0.596993
132.1 1.38602 0.645508
132.2 1.34208 0.692552
132.3 1.29524 0.738032
132.4 1.24495 0.78184
132.5 1.19053 0.823844
132.6 1.13105 0.863887
132.7 1.06527 0.901775
132.8 0.991499 0.937263
132.9 0.90734 0.970035
133 0.809341 0.999679
133.1 0.692386 1.02563
133.2 0.548737 1.04712
133.3 0.366576 1.06304
133.4 0.128301 1.07176
133.5 -0.189207 1.07098
133.6 -0.603457 1.05759
133.7 -1.08801 1.02851
133.8 -1.53391 0.98298
133.9 -1.82708 0.924507
134 -1.96629 0.85871
134.1 -2.01492 0.789867
134.2 -2.02201 0.720178
134.3 -2.01168 0.650595
134.4 -1.99408 0.581515
134.5 -1.97329 0.513105
134.6 -1.95095 0.445442
134.7 -1.92768 0.378567
134.8 -1.90373 0.312506
134.9 -1.8792 0.247281
135 -1.85409 0.182913
135.1 -1.82839 0.11942
135.2 -1.80208 0.0568233
135.3 -1.7751 -0.00485444
135.4 -1.74742 -0.0655899
135.5 -1.71897 -0.125358
135.6 -1.68969 -0.18413
135.7 -1.6595 -0.241878
135.8 -1.62831 -0.298567
135.9 -1.59603 -0.354163
136 -1.56253 -0.408625
136.1 -1.52769 -0.461909
136.2 -1.49132 -0.513965
136.3 -1.45324 -0.564739
136.4 -1.4132 -0.614166
136.5 -1.37091 -0.662176
136.6 -1.32601 -0.708682
136.7 -1.27803 -0.753589
136.8 -1.22638 -0.796781
136.9 -1.1703 -0.838117
137 -1.10878 -0.877429
137.1 -1.04042 -0.914506
137.2 -0.963322 -0.949082
137.3 -0.874773 -0.980811
137.4 -0.770819 -1.00923
137.5 -0.645558 -1.03373
137.6 -0.490014 -1.05341
137.7 -0.290516 -1.06702
137.8 -0.0272354 -1.07272
137.9 0.323304 -1.06789
138 0.769203 -1.04929
138.1 1.25616 -1.01432
138.2 1.65681 -0.963666
138.3 1.8904 -0.902002
138.4 1.99051 -0.834768
138.5 2.02048 -0.765461
138.6 2.01966 -0.69574
138.7 2.00604 -0.626305
138.8 1.98704 -0.557447
138.9 1.96559 -0.489293
139 1.94287 -0.421902
139.1 1.91935 -0.35531
139.2 1.89519 -0.28954
139.3 1.87046 -0.224613
139.4 1.84515 -0.160549
139.5 1.81924 -0.0973678
139.6 1.7927 -0.035091
139.7 1.76548 0.0262591
139.8 1.73753 0.0866583
139.9 1.7088 0.14608
140 1.67921 0.204497
140.1 1.64868 0.261877
140.2 1.61712 0.318188
140.3 1.58443 0.37339
140.4 1.55048 0.427445
140.5 1.51512 0.480304
140.6 1.47817 0.531918
140.7 1.43944 0.582227
140.8 1.39865 0.631166
140.9 1.35549 0.678658
141 1.30956 0.724616
141.1 1.26037 0.768936
141.2 1.20727 0.811494
141.3 1.14941 0.852141
141.4 1.08567 0.890696
141.5 1.0145 0.92693
141.6 0.933748 0.960552
141.7 0.840329 0.991181
141.8 0.729705 1.01831
141.9 0.595049 1.04123
142 0.425945 1.05895
142.1 0.206664 1.07003
142.2 -0.0846518 1.07238
142.3 -0.469694 1.06311
142.4 -0.9409 1.03896
142.5 -1.4132 0.998172
142.6 -1.75786 0.942993
142.7 -1.93716 0.878833
142.8 -2.0064 0.810588
142.9 -2.02244 0.741013
143 -2.01582 0.67134
143.1 -1.99979 0.602086
143.2 -1.97971 0.533465
143.3 -1.95774 0.465574
143.4 -1.9347 0.39846
143.5 -1.91095 0.332154
143.6 -1.88658 0.266677
143.7 -1.86165 0.20205
143.8 -1.83613 0.138294
143.9 -1.81001 0.0754271
144 -1.78323 0.0134726
144.1 -1.75577 -0.0475469
144.2 -1.72755 -0.107607
144.3 -1.69853 -0.166679
144.4 -1.66861 -0.224736
144.5 -1.63774 -0.281746
144.6 -1.60579 -0.337672
144.7 -1.57268 -0.392477
144.8 -1.53825 -0.446118
144.9 -1.50235 -0.498546
145 -1.46481 -0.54971
145.1 -1.42538 -0.599546
145.2 -1.3838 -0.647987
145.3 -1.33972 -0.694953
145.4 -1.29272 -0.740349
145.5 -1.24224 -0.784066
145.6 -1.18758 -0.825972
145.7 -1.1278 -0.865909
145.8 -1.06165 -0.903679
145.9 -0.98741 -0.939034
146 -0.902629 -0.971655
146.1 -0.803789 -1.00112
146.2 -0.685667 -1.02687
146.3 -0.540353 -1.0481
146.4 -0.355768 -1.06369
146.5 -0.113979 -1.07198
146.6 0.208279 -1.07062
146.7 0.627462 -1.05648
146.8 1.11336 -1.02653
146.9 1.55345 -0.980216
147 1.83762 -0.921225
147.1 1.97049 -0.855185
147.2 2.01601 -0.786258
147.3 2.02178 -0.716558
147.4 2.01089 -0.646995
147.5 1.99306 -0.577947
147.6 1.97216 -0.509574
147.7 1.94976 -0.441951
147.8 1.92645 -0.375117
147.9 1.90247 -0.309099
148 1.87791 -0.243919
148.1 1.85277 -0.179595
148.2 1.82704 -0.116148
148.3 1.80069 -0.0535986
148.4 1.77368 0.00803083
148.5 1.74596 0.0687167
148.6 1.71747 0.128434
148.7 1.68814 0.187154
148.8 1.6579 0.244847
148.9 1.62666 0.301481
149 1.59432 0.357018
149.1 1.56076 0.41142
149.2 1.52584 0.464642
149.3 1.48939 0.516633
149.4 1.45121 0.567339
149.5 1.41106 0.616694
149.6 1.36865 0.664628
149.7 1.3236 0.711054
149.8 1.27544 0.755875
149.9 1.22359 0.798973
150 1.16726 0.840209
150.1 1.10541 0.879411
150.2 1.03665 0.916365
150.3 0.959035 0.950802
150.4 0.869797 0.982372
150.5 0.764903 1.01061
150.6 0.638324 1.03488
150.7 0.480882 1.05428
150.8 0.278617 1.06753
150.9 0.011377 1.07275
151 -0.344212 1.06729
151.1 -0.794357 1.04789
151.2 -1.28026 1.01205
151.3 -1.67316 0.960684
151.4 -1.89829 0.898608
151.5 -1.99334 0.831201
151.6 -2.02097 0.761843
151.7 -2.01917 0.692125
151.8 -2.00515 0.622714
151.9 -1.98597 0.553891
152 -1.96444 0.485775
152.1 -1.94167 0.418425
152.2 -1.91811 0.351875
152.3 -1.89392 0.286148
152.4 -1.86916 0.221266
152.5 -1.84382 0.157247
152.6 -1.81788 0.0941124
152.7 -1.7913 0.0318831
152.8 -1.76405 -0.0294183
152.9 -1.73606 -0.0897674
153 -1.70729 -0.149138
153.1 -1.67765 -0.207502
153.2 -1.64707 -0.264827
153.3 -1.61545 -0.321081
153.4 -1.5827 -0.376225
153.5 -1.54868 -0.430218
153.6 -1.51324 -0.483015
153.7 -1.47621 -0.534562
153.8 -1.43737 -0.584802
153.9 -1.39647 -0.633668
154 -1.35318 -0.681083
154.1 -1.3071 -0.726958
154.2 -1.25772 -0.77119
154.3 -1.20439 -0.813652
154.4 -1.14626 -0.854196
154.5 -1.08217 -0.892637
154.6 -1.01056 -0.928743
154.7 -0.929242 -0.962219
154.8 -0.835057 -0.992681
154.9 -0.723378 -1.01961
155 -0.587228 -1.04229
155.1 -0.41596 -1.05971
155.2 -0.193525 -1.07039
155.3 0.102196 -1.07221
155.4 0.492373 -1.06225
155.5 0.966528 -1.03725
155.6 1.43513 -0.995622
155.7 1.77097 -0.939833
155.8 1.94286 -0.875358
155.9 2.00817 -0.806994
156 2.02249 -0.737392
156.1 2.01515 -0.667732
156.2 1.99882 -0.598507
156.3 1.97861 -0.529922
156.4 1.95656 -0.46207
156.5 1.93349 -0.394998
156.6 1.9097 -0.328734
156.7 1.8853 -0.263301
156.8 1.86034 -0.198719
156.9 1.83479 -0.135008
157 1.80863 -0.0721882
157.1 1.78182 -0.0102816
157.2 1.75432 0.0506887
157.3 1.72607 0.110698
157.4 1.69699 0.169719
157.5 1.66704 0.227722
157.6 1.63611 0.284676
157.7 1.6041 0.340545
157.8 1.57092 0.395291
157.9 1.53642 0.44887
158 1.50045 0.501234
158.1 1.46281 0.55233
158.2 1.42328 0.602096
158.3 1.38158 0.650463
158.4 1.33736 0.697349
158.5 1.29019 0.742661
158.6 1.23951 0.786287
158.7 1.18461 0.828096
158.8 1.12454 0.867925
158.9 1.05802 0.905576
159 0.983293 0.940798
159.1 0.897881 0.973267
159.2 0.798187 1.00256
159.3 0.678876 1.02809
159.4 0.531864 1.04906
159.5 0.344808 1.06431
159.6 0.0994405 1.07217
159.7 -0.227621 1.07023
159.8 -0.651671 1.05534
159.9 -1.13858 1.02452
160 -1.57253 0.977418
160.1 -1.84774 0.917925
160.2 -1.97447 0.851652
160.3 -2.01701 0.782648
160.4 -2.0215 0.712939
160.5 -2.01009 0.643396
160.6 -1.99203 0.57438
160.7 -1.97103 0.506045
160.8 -1.94857 0.438462
160.9 -1.92522 0.37167
161 -1.90121 0.305695
161.1 -1.87662 0.240558
161.2 -1.85145 0.176279
161.3 -1.82569 0.112878
161.4 -1.79931 0.0503763
161.5 -1.77226 -0.0112047
161.6 -1.7445 -0.0718409
161.7 -1.71597 -0.131507
161.8 -1.6866 -0.190174
161.9 -1.65631 -0.247813
162 -1.62501 -0.304391
162.1 -1.59261 -0.359871
162.2 -1.55898 -0.414213
162.3 -1.52398 -0.467371
162.4 -1.48745 -0.519298
162.5 -1.44918 -0.569935
162.6 -1.40892 -0.619218
162.7 -1.36638 -0.667076
162.8 -1.32118 -0.713421
162.9 -1.27285 -0.758156
163 -1.22078 -0.801161
163.1 -1.16419 -0.842296
163.2 -1.10202 -0.881386
163.3 -1.03286 -0.918217
163.4 -0.954717 -0.952515
163.5 -0.864779 -0.983925
163.6 -0.758929 -1.01197
163.7 -0.631007 -1.03601
163.8 -0.471632 -1.05513
163.9 -0.266544 -1.06802
164 0.00472205 -1.07276
164.1 0.365389 -1.06666
164.2 0.819629 -1.04645
164.3 1.3041 -1.00974
164.4 1.68902 -0.957674
164.5 1.90583 -0.895201
164.6 1.99598 -0.827629
164.7 2.02139 -0.758224
164.8 2.01866 -0.68851
164.9 2.00425 -0.619125
165 1.98489 -0.550337
165.1 1.96328 -0.482259
165.2 1.94046 -0.41495
165.3 1.91687 -0.348442
165.4 1.89265 -0.282759
165.5 1.86786 -0.217921
165.6 1.84248 -0.153947
165.7 1.81651 -0.0908593
165.8 1.7899 -0.0286777
165.9 1.76261 0.0325749
166 1.73459 0.0928738
166.1 1.70577 0.152193
166.2 1.67608 0.210503
166.3 1.64545 0.267774
166.4 1.61378 0.323971
166.5 1.58097 0.379057
166.6 1.54687 0.432989
166.7 1.51136 0.485722
166.8 1.47424 0.537203
166.9 1.4353 0.587373
167 1.39428 0.636165
167.1 1.35086 0.683503
167.2 1.30462 0.729296
167.3 1.25505 0.773439
167.4 1.2015 0.815806
167.5 1.14309 0.856245
167.6 1.07866 0.894571
167.7 1.0066 0.930548
167.8 0.924701 0.963879
167.9 0.829738 0.994171
168 0.716986 1.0209
168.1 0.579314 1.04333
168.2 0.405839 1.06044
168.3 0.180188 1.07073
168.4 -0.120001 1.07201
168.5 -0.515298 1.06135
168.6 -0.992156 1.0355
168.7 -1.45669 0.993034
168.8 -1.78362 0.93665
168.9 -1.94829 0.871873
169 -2.00982 0.803396
169.1 -2.02249 0.733771
169.2 -2.01446 0.664125
169.3 -1.99784 0.59493
169.4 -1.9775 0.526381
169.5 -1.95539 0.458569
169.6 -1.93227 0.391538
169.7 -1.90845 0.325316
169.8 -1.88402 0.259927
169.9 -1.85903 0.19539
170 -1.83345 0.131725
170.1 -1.80726 0.0689518
170.2 -1.78041 0.00709322
170.3 -1.75287 -0.0538278
170.4 -1.72458 -0.113786
170.5 -1.69546 -0.172755
170.6 -1.66546 -0.230705
170.7 -1.63447 -0.287603
170.8 -1.60241 -0.343415
170.9 -1.56916 -0.398101
171 -1.53459 -0.451618
171.1 -1.49854 -0.503918
171.2 -1.46081 -0.554947
171.3 -1.42117 -0.604642
171.4 -1.37935 -0.652934
171.5 -1.33499 -0.699741
171.6 -1.28765 -0.744968
171.7 -1.23677 -0.788503
171.8 -1.18163 -0.830214
171.9 -1.12125 -0.869935
172 -1.05436 -0.907467
172.1 -0.979147 -0.942554
172.2 -0.893094 -0.97487
172.3 -0.792532 -1.00398
172.4 -0.672012 -1.0293
172.5 -0.523269 -1.05
172.6 -0.333692 -1.06492
172.7 -0.0846806 -1.07234
172.8 0.247235 -1.06981
172.9 0.676072 -1.05415
173 1.16366 -1.02246
173.1 1.59114 -0.974586
173.2 1.85745 -0.914606
173.3 1.97823 -0.848112
173.4 2.0179 -0.779035
173.5 2.02118 -0.70932
173.6 2.00927 -0.639798
173.7 1.99099 -0.570815
173.8 1.96989 -0.502517
173.9 1.94737 -0.434975
174 1.92399 -0.368225
174.1 1.89995 -0.302293
174.2 1.87532 -0.2372
174.3 1.85013 -0.172966
174.4 1.82434 -0.109611
174.5 1.79792 -0.0471566
174.6 1.77084 0.014376
174.7 1.74304 0.0749625
174.8 1.71446 0.134577
174.9 1.68505 0.193192
175 1.65471 0.250777
175.1 1.62336 0.307299
175.2 1.5909 0.36272
175.3 1.5572 0.417002
175.4 1.52213 0.470098
175.5 1.48551 0.521959
175.6 1.44714 0.572527
175.7 1.40677 0.621739
175.8 1.3641 0.66952
175.9 1.31875 0.715784
176 1.27024 0.760432
176.1 1.21796 0.803344
176.2 1.16111 0.844377
176.3 1.09862 0.883356
176.4 1.02904 0.920063
176.5 0.950367 0.95422
176.6 0.859718 0.985468
176.7 0.752896 1.01333
176.8 0.623607 1.03714
176.9 0.462259 1.05597
177 0.254294 1.06848
177.1 -0.0210651 1.07273
177.2 -0.386835 1.06598
177.3 -0.845005 1.04496
177.4 -1.32765 1.00738
177.5 -1.7044 0.954636
177.6 -1.91303 0.891781
177.7 -1.99846 0.824052
177.8 -2.02173 0.754605
177.9 -2.01811 0.684897
178 -2.00333 0.615538
178.1 -1.98381 0.546784
178.2 -1.96212 0.478746
178.3 -1.93926 0.411478
178.4 -1.91563 0.345012
178.5 -1.89138 0.279372
178.6 -1.86655 0.214578
178.7 -1.84115 0.15065
178.8 -1.81515 0.0876088
178.9 -1.7885 0.0254748
179 -1.76118 -0.0357289
179.1 -1.73311 -0.0959776
179.2 -1.70425 -0.155245
179.3 -1.67452 -0.213502
179.4 -1.64383 -0.270718
179.5 -1.61211 -0.326859
179.6 -1.57923 -0.381885
179.7 -1.54507 -0.435757
179.8 -1.50947 -0.488426
179.9 -1.47227 -0.53984
180 -1.43323 -0.58994
180.1 -1.39209 -0.638659
180.2 -1.34853 -0.685919
180.3 -1.30213 -0.731629
180.4 -1.25238 -0.775683
180.5 -1.1986 -0.817954
180.6 -1.13991 -0.858289
180.7 -1.07512 -0.896498
180.8 -1.00262 -0.932346
180.9 -0.920126 -0.96553
181 -0.824372 -0.995652
181.1 -0.710527 -1.02218
181.2 -0.571305 -1.04436
181.3 -0.395578 -1.06116
181.4 -0.166651 -1.07104
181.5 0.138068 -1.07178
181.6 0.538464 -1.0604
181.7 1.01776 -1.0337
181.8 1.47784 -0.990407
181.9 1.79581 -0.933445
182 1.95344 -0.868379
182.1 2.01134 -0.799796
182.2 2.02243 -0.73015
182.3 2.01375 -0.66052
182.4 1.99685 -0.591354
182.5 1.97638 -0.522842
182.6 1.95421 -0.45507
182.7 1.93105 -0.38808
182.8 1.90719 -0.321901
182.9 1.88274 -0.256556
183 1.85771 -0.192063
183.1 1.8321 -0.128444
183.2 1.80588 -0.0657178
183.3 1.779 -0.00390732
183.4 1.75142 0.0569644
183.5 1.72309 0.116872
183.6 1.69393 0.175789
183.7 1.66387 0.233685
183.8 1.63283 0.290528
183.9 1.60072 0.346282
184 1.5674 0.400909
184.1 1.53276 0.454364
184.2 1.49662 0.506599
184.3 1.4588 0.55756
184.4 1.41906 0.607184
184.5 1.37711 0.655401
184.6 1.33261 0.702128
184.7 1.2851 0.747271
184.8 1.23402 0.790715
184.9 1.17863 0.832326
185 1.11796 0.871939
185.1 1.05068 0.909351
185.2 0.974973 0.944303
185.3 0.888269 0.976464
185.4 0.786823 1.00539
185.5 0.665072 1.0305
185.6 0.514566 1.05093
185.7 0.322417 1.06551
185.8 0.0696961 1.07248
185.9 -0.267122 1.06935
186 -0.700655 1.05292
186.1 -1.18857 1.02035
186.2 -1.60929 0.971721
186.3 -1.86676 0.911271
186.4 -1.98178 0.844566
186.5 -2.01871 0.775421
186.6 -2.02082 0.705702
186.7 -2.00843 0.636202
186.8 -1.98995 0.567251
186.9 -1.96875 0.498992
187 -1.94618 0.43149
187.1 -1.92275 0.364781
187.2 -1.89868 0.298893
187.3 -1.87403 0.233844
187.4 -1.8488 0.169655
187.5 -1.82298 0.106347
187.6 -1.79653 0.0439393
187.7 -1.76941 -0.0175447
187.8 -1.74158 -0.0780814
187.9 -1.71296 -0.137645
188 -1.68349 -0.196207
188.1 -1.65311 -0.253738
188.2 -1.6217 -0.310203
188.3 -1.58918 -0.365567
188.4 -1.55541 -0.419788
188.5 -1.52027 -0.472821
188.6 -1.48356 -0.524616
188.7 -1.4451 -0.575116
188.8 -1.40462 -0.624255
188.9 -1.36182 -0.671959
189 -1.31632 -0.718143
189.1 -1.26763 -0.762704
189.2 -1.21513 -0.805522
189.3 -1.15802 -0.846453
189.4 -1.0952 -0.88532
189.5 -1.0252 -0.921902
189.6 -0.945985 -0.955918
189.7 -0.854615 -0.987003
189.8 -0.746803 -1.01467
189.9 -0.616121 -1.03824
190 -0.452763 -1.05679
190.1 -0.241863 -1.06893
190.2 0.0376554 -1.07268
190.3 0.408547 -1.06527
190.4 0.870466 -1.04342
190.5 1.3509 -1.00499
190.6 1.7193 -0.95157
190.7 1.91989 -0.888348
190.8 2.00078 -0.820471
190.9 2.02201 -0.750985
191 2.01754 -0.681284
191.1 2.0024 -0.611953
191.2 1.98273 -0.543234
191.3 1.96096 -0.475234
191.4 1.93805 -0.408007
191.5 1.91438 -0.341584
191.6 1.8901 -0.275987
191.7 1.86525 -0.211238
191.8 1.83982 -0.147356
191.9 1.81378 -0.0843607
192 1.7871 -0.0222744
192.1 1.75974 0.0388803
192.2 1.73163 0.0990788
192.3 1.70273 0.158295
192.4 1.67295 0.216499
192.5 1.64221 0.27366
192.6 1.61043 0.329743
192.7 1.57749 0.384711
192.8 1.54326 0.438521
192.9 1.50758 0.491126
193 1.47029 0.542474
193.1 1.43115 0.592504
193.2 1.38989 0.641149
193.3 1.34619 0.688331
193.4 1.29964 0.733958
193.5 1.24969 0.777922
193.6 1.19568 0.820097
193.7 1.1367 0.860326
193.8 1.07156 0.89842
193.9 0.998605 0.934138
194 0.915516 0.967173
194.1 0.818958 0.997122
194.2 0.704001 1.02344
194.3 0.563198 1.04538
194.4 0.385176 1.06186
194.5 0.15291 1.07132
194.6 -0.156401 1.07152
194.7 -0.561864 1.05942
194.8 -1.04333 1.03185
194.9 -1.49857 0.987742
195 -1.80755 0.930218
195.1 -1.95832 0.864876
195.2 -2.01274 0.796193
195.3 -2.02232 0.726529
195.4 -2.01301 0.656915
195.5 -1.99585 0.58778
195.6 -1.97527 0.519305
195.7 -1.95302 0.451572
195.8 -1.92983 0.384624
195.9 -1.90594 0.318488
196 -1.88145 0.253186
196.1 -1.8564 0.188739
196.2 -1.83076 0.125165
196.3 -1.8045 0.0624863
196.4 -1.77759 0.000723942
196.5 -1.74997 -0.0600984
196.6 -1.72159 -0.119955
196.7 -1.69239 -0.17882
196.8 -1.66229 -0.236662
196.9 -1.63119 -0.293449
197 -1.59902 -0.349146
197.1 -1.56564 -0.403713
197.2 -1.53092 -0.457106
197.3 -1.4947 -0.509277
197.4 -1.45678 -0.56017
197.5 -1.41694 -0.609723
197.6 -1.37487 -0.657864
197.7 -1.33022 -0.704512
197.8 -1.28254 -0.749569
197.9 -1.23126 -0.792922
198 -1.17562 -0.834433
198.1 -1.11464 -0.873938
198.2 -1.04697 -0.911228
198.3 -0.970769 -0.946045
198.4 -0.883404 -0.97805
198.5 -0.781061 -1.0068
198.6 -0.658056 -1.03168
198.7 -0.505751 -1.05185
198.8 -0.31098 -1.06607
198.9 -0.0544836 -1.07259
199 0.287281 -1.06885
199.1 0.725408 -1.05164
199.2 1.2133 -1.0182
199.3 1.62696 -0.968823
199.4 1.87568 -0.907919
199.5 1.98512 -0.841014
199.6 2.01942 -0.771806
199.7 2.02043 -0.702084
199.8 2.00758 -0.632607
199.9 1.9889 -0.56369
200 1.96761 -0.495468
