0 2 0
0.1 1.85965 0.0658033
0.2 1.77843 0.127989
0.3 1.72216 0.187882
0.4 1.67737 0.24607
0.5 1.63797 0.302829
0.6 1.60091 0.358286
0.7 1.56455 0.412488
0.8 1.52794 0.465444
0.9 1.49047 0.517132
1 1.45168 0.567516
1.1 1.41117 0.616543
1.2 1.36855 0.664147
1.3 1.32341 0.710251
1.4 1.27525 0.754758
1.5 1.22343 0.797555
1.6 1.16718 0.838504
1.7 1.10545 0.877437
1.8 1.03683 0.914142
1.9 0.959359 0.948352
2 0.870271 0.979719
2.1 0.765507 1.00778
2.2 0.638997 1.0319
2.3 0.481485 1.0512
2.4 0.278847 1.06437
2.5 0.0106383 1.06955
2.6 -0.346916 1.06408
2.7 -0.799986 1.04467
2.8 -1.28803 1.00884
2.9 -1.67996 0.95756
3 -1.90223 0.895722
3.1 -1.99494 0.828684
3.2 -2.0213 0.759771
3.3 -2.01895 0.69053
3.4 -2.00474 0.621606
3.5 -1.98555 0.553269
3.6 -1.96408 0.485633
3.7 -1.94143 0.418755
3.8 -1.91801 0.352666
3.9 -1.89397 0.287391
4 -1.86937 0.222948
4.1 -1.8442 0.159358
4.2 -1.81843 0.0966394
4.3 -1.79204 0.0348141
4.4 -1.76499 -0.0260962
4.5 -1.73721 -0.0860676
4.6 -1.70865 -0.145074
4.7 -1.67924 -0.203089
4.8 -1.6489 -0.260081
4.9 -1.61755 -0.316016
5 -1.58508 -0.370859
5.1 -1.55136 -0.424569
5.2 -1.51625 -0.477101
5.3 -1.47957 -0.528404
5.4 -1.44113 -0.578421
5.5 -1.40066 -0.627089
5.6 -1.35786 -0.674331
5.7 -1.31233 -0.720062
5.8 -1.26359 -0.76418
5.9 -1.211 -0.806565
6 -1.15374 -0.847072
6.1 -1.09071 -0.885523
6.2 -1.0204 -0.921696
6.3 -0.940705 -0.955307
6.4 -0.848625 -0.985987
6.5 -0.739739 -1.01324
6.6 -0.607401 -1.03639
6.7 -0.441446 -1.05446
6.8 -0.22645 -1.06607
6.9 0.0593452 -1.06917
7 0.438663 -1.06093
7.1 0.907805 -1.03806
7.2 1.38654 -0.998601
7.3 1.74293 -0.944515
7.4 1.93106 -0.881139
7.5 2.00457 -0.813486
7.6 2.02235 -0.744414
7.7 2.01645 -0.675208
7.8 2.00077 -0.606399
7.9 1.98092 -0.538211
8 1.95914 -0.47074
8.1 1.9363 -0.404034
8.2 1.91273 -0.338124
8.3 1.88857 -0.273031
8.4 1.86384 -0.208776
8.5 1.83854 -0.145377
8.6 1.81264 -0.0828551
8.7 1.78611 -0.0212307
8.8 1.75889 0.0394735
8.9 1.73094 0.0992334
9 1.7022 0.158023
9.1 1.6726 0.215813
9.2 1.64204 0.272574
9.3 1.61045 0.32827
9.4 1.57771 0.382866
9.5 1.5437 0.436319
9.6 1.50826 0.488582
9.7 1.47121 0.539606
9.8 1.43234 0.58933
9.9 1.39138 0.637688
10 1.34801 0.684603
10.1 1.30182 0.729985
10.2 1.25229 0.773731
10.3 1.19875 0.815713
10.4 1.14031 0.855781
10.5 1.07581 0.893748
10.6 1.00363 0.929379
10.7 0.921489 0.962376
10.8 0.826127 0.992345
10.9 0.712715 1.01876
11 0.573956 1.04087
11.1 0.39868 1.05765
11.2 0.170069 1.06757
11.3 -0.134767 1.06843
11.4 -0.536225 1.05723
11.5 -1.01776 1.03075
11.6 -1.47992 0.987714
11.7 -1.79811 0.93106
11.8 -1.95478 0.866376
11.9 -2.0118 0.798232
12 -2.0224 0.729057
12.1 -2.01354 0.659908
12.2 -1.99662 0.591224
12.3 -1.97622 0.523189
12.4 -1.95415 0.455884
12.5 -1.93113 0.389352
12.6 -1.90742 0.323622
12.7 -1.88313 0.258713
12.8 -1.85828 0.194646
12.9 -1.83285 0.13144
13 -1.80681 0.0691149
13.1 -1.78013 0.00769255
13.2 -1.75276 -0.0528045
13.3 -1.72464 -0.112351
13.4 -1.69572 -0.170922
13.5 -1.66591 -0.228487
13.6 -1.63513 -0.285014
13.7 -1.6033 -0.34047
13.8 -1.57029 -0.394816
13.9 -1.53597 -0.44801
14 -1.50019 -0.500003
14.1 -1.46276 -0.550744
14.2 -1.42345 -0.600171
14.3 -1.38199 -0.648216
14.4 -1.33803 -0.6948
14.5 -1.29115 -0.739829
14.6 -1.24079 -0.783195
14.7 -1.18625 -0.824767
14.8 -1.12659 -0.864387
14.9 -1.06054 -0.901858
15 -0.986373 -0.936934
15.1 -0.901628 -0.969298
15.2 -0.802751 -0.998529
15.3 -0.684459 -1.02406
15.4 -0.538739 -1.0451
15.5 -0.35332 -1.06051
15.6 -0.109946 -1.06864
15.7 0.215063 -1.06711
15.8 0.638106 -1.05277
15.9 1.12695 -1.0226
16 1.56566 -0.976146
16.1 1.84503 -0.917218
16.2 1.97369 -0.851452
16.3 2.01686 -0.782933
16.4 2.02155 -0.713703
16.5 2.01025 -0.644632
16.6 1.9923 -0.576081
16.7 1.97143 -0.508202
16.8 1.94912 -0.441066
16.9 1.92593 -0.37471
17 1.90209 -0.30916
17.1 1.87767 -0.244436
17.2 1.85269 -0.180558
17.3 1.82713 -0.117546
17.4 1.80095 -0.0554191
17.5 1.77413 0.00580012
17.6 1.74659 0.0660887
17.7 1.7183 0.125422
17.8 1.68919 0.183772
17.9 1.65917 0.241109
18 1.62817 0.297403
18.1 1.59608 0.352616
18.2 1.5628 0.40671
18.3 1.52817 0.459642
18.4 1.49204 0.511362
18.5 1.45422 0.561817
18.6 1.41446 0.610944
18.7 1.37247 0.658673
18.8 1.32791 0.70492
18.9 1.28031 0.749591
19 1.22909 0.792571
19.1 1.1735 0.833725
19.2 1.11255 0.872887
19.3 1.04487 0.909851
19.4 0.968602 0.944356
19.5 0.88108 0.976065
19.6 0.778431 1.00453
19.7 0.654872 1.02915
19.8 0.501594 1.04905
19.9 0.305138 1.06301
20 0.0457985 1.06923
20.1 -0.300353 1.06515
20.2 -0.743633 1.04753
20.3 -1.23368 1.01364
20.4 -1.64295 0.963958
20.5 -1.88435 0.903047
20.6 -1.98851 0.836401
20.7 -2.02013 0.767604
20.8 -2.01996 0.698358
20.9 -2.00666 0.629382
21 -1.98786 0.560971
21.1 -1.96658 0.493253
21.2 -1.94404 0.426287
21.3 -1.92069 0.360108
21.4 -1.89672 0.294739
21.5 -1.87218 0.230201
21.6 -1.84708 0.166513
21.7 -1.82138 0.103695
21.8 -1.79506 0.0417679
21.9 -1.76808 -0.0192471
22 -1.74039 -0.079326
22.1 -1.71192 -0.138443
22.2 -1.68261 -0.196572
22.3 -1.65239 -0.253681
22.4 -1.62115 -0.309738
22.5 -1.58881 -0.364706
22.6 -1.55524 -0.418547
22.7 -1.5203 -0.471214
22.8 -1.48381 -0.522659
22.9 -1.44558 -0.572825
23 -1.40535 -0.621649
23.1 -1.36283 -0.669056
23.2 -1.31764 -0.714963
23.3 -1.26929 -0.75927
23.4 -1.21717 -0.801858
23.5 -1.16049 -0.842586
23.6 -1.09818 -0.88128
23.7 -1.02878 -0.917723
23.8 -0.950283 -0.951641
23.9 -0.859795 -0.982675
24 -0.753095 -1.01035
24.1 -0.623842 -1.034
24.2 -0.462353 -1.05271
24.3 -0.253888 -1.06514
24.4 0.0226486 -1.06933
24.5 0.390653 -1.06253
24.6 0.851869 -1.04147
24.7 1.33627 -1.00388
24.8 1.7114 -0.951215
24.9 1.91684 -0.888604
25 1.9999 -0.821252
25.1 2.02192 -0.752256
25.2 2.01777 -0.683029
25.3 2.00281 -0.614161
25.4 1.98329 -0.545896
25.5 1.96167 -0.47834
25.6 1.93892 -0.411546
25.7 1.91543 -0.345545
25.8 1.89133 -0.280359
25.9 1.86667 -0.216008
26 1.84143 -0.152511
26.1 1.8156 -0.0898887
26.2 1.78914 -0.0281616
26.3 1.76201 0.032648
26.4 1.73415 0.092516
26.5 1.7055 0.151417
26.6 1.67599 0.209322
26.7 1.64555 0.2662
26.8 1.61408 0.322019
26.9 1.58148 0.376741
27 1.54762 0.430326
27.1 1.51235 0.482727
27.2 1.47549 0.533893
27.3 1.43684 0.583768
27.4 1.39614 0.632284
27.5 1.35306 0.679367
27.6 1.30721 0.724928
27.7 1.25808 0.768864
27.8 1.20503 0.811053
27.9 1.14721 0.851346
28 1.08347 0.889562
28.1 1.01225 0.925472
28.2 0.93138 0.958784
28.3 0.837721 0.989119
28.4 0.726663 1.01596
28.5 0.591247 1.03861
28.6 0.42083 1.05606
28.7 0.19931 1.06686
28.8 -0.0956541 1.06888
28.9 -0.485832 1.05921
29 -0.961603 1.03459
29.1 -1.43312 0.993362
29.2 -1.771 0.937984
29.3 -1.94331 0.873938
29.4 -2.0084 0.806029
29.5 -2.0225 0.736899
29.6 -2.01507 0.667718
29.7 -1.99876 0.59897
29.8 -1.97863 0.530856
29.9 -1.95671 0.463465
30 -1.93377 0.396845
30.1 -1.91014 0.331022
30.2 -1.88591 0.26602
30.3 -1.86112 0.201856
30.4 -1.83576 0.138552
30.5 -1.80979 0.076126
30.6 -1.78319 0.0146003
30.7 -1.7559 -0.0460027
30.8 -1.72787 -0.105659
30.9 -1.69903 -0.164341
31 -1.66933 -0.222021
31.1 -1.63867 -0.278668
31.2 -1.60696 -0.334247
31.3 -1.57409 -0.388721
31.4 -1.53992 -0.442047
31.5 -1.50432 -0.494179
31.6 -1.46709 -0.545064
31.7 -1.428 -0.594643
31.8 -1.3868 -0.642849
31.9 -1.34315 -0.689602
32 -1.29662 -0.734812
32.1 -1.24669 -0.778373
32.2 -1.19266 -0.820155
32.3 -1.13363 -0.860005
32.4 -1.06839 -0.897731
32.5 -0.995247 -0.933093
32.6 -0.911853 -0.965782
32.7 -0.814801 -0.995393
32.8 -0.699048 -1.02138
32.9 -0.556954 -1.04297
33 -0.376822 -1.05909
33.1 -0.141133 -1.06815
33.2 0.17344 -1.06786
33.3 0.585575 -1.05514
33.4 1.07139 -1.02687
33.5 1.52289 -0.982135
33.6 1.82207 -0.924331
33.7 1.96459 -0.859091
33.8 2.01452 -0.790751
33.9 2.02209 -0.721542
34 2.01197 -0.65243
34.1 1.99452 -0.58381
34.2 1.97389 -0.515851
34.3 1.95169 -0.448628
34.4 1.92859 -0.382183
34.5 1.90482 -0.31654
34.6 1.88046 -0.251722
34.7 1.85555 -0.187747
34.8 1.83005 -0.124636
34.9 1.80395 -0.0624075
35 1.7772 -0.00108439
35.1 1.74975 0.0593108
35.2 1.72155 0.118753
35.3 1.69253 0.177216
35.4 1.66262 0.23467
35.5 1.63173 0.291083
35.6 1.59977 0.34642
35.7 1.56663 0.400643
35.8 1.53216 0.453709
35.9 1.49621 0.505569
36 1.45859 0.55617
36.1 1.41906 0.605451
36.2 1.37735 0.653342
36.3 1.3331 0.699762
36.4 1.28587 0.744616
36.5 1.23509 0.787794
36.6 1.18004 0.829163
36.7 1.11976 0.86856
36.8 1.05292 0.905784
36.9 0.977744 0.940583
37 0.891662 0.972629
37.1 0.790972 1.00149
37.2 0.670154 1.02658
37.3 0.520813 1.04707
37.4 0.33011 1.06178
37.5 0.0790761 1.06899
37.6 -0.25617 1.06623
37.7 -0.68934 1.05031
37.8 -1.17959 1.01832
37.9 -1.60457 0.970255
38 -1.86518 0.910321
38.1 -1.98141 0.844101
38.2 -2.01866 0.775435
38.3 -2.02086 0.706193
38.4 -2.00853 0.637166
38.5 -1.99014 0.568683
38.6 -1.96907 0.500882
38.7 -1.94664 0.433829
38.8 -1.92337 0.36756
38.9 -1.89947 0.302098
39 -1.87499 0.237465
39.1 -1.84995 0.17368
39.2 -1.82432 0.110763
39.3 -1.79808 0.0487335
39.4 -1.77117 -0.0123859
39.5 -1.74356 -0.0725721
39.6 -1.71518 -0.1318
39.7 -1.68597 -0.190041
39.8 -1.65586 -0.247267
39.9 -1.62474 -0.303445
40 -1.59253 -0.358539
40.1 -1.55911 -0.412509
40.2 -1.52433 -0.465312
40.3 -1.48802 -0.516898
40.4 -1.45 -0.567212
40.5 -1.41002 -0.616191
40.6 -1.36777 -0.663763
40.7 -1.3229 -0.709844
40.8 -1.27494 -0.754338
40.9 -1.22329 -0.797127
41 -1.16717 -0.838073
41.1 -1.10556 -0.877008
41.2 -1.03705 -0.913718
41.3 -0.959709 -0.947938
41.4 -0.870759 -0.97932
41.5 -0.766165 -1.0074
41.6 -0.639875 -1.03155
41.7 -0.482665 -1.05088
41.8 -0.280458 -1.0641
41.9 -0.0128587 -1.06934
42 0.343918 -1.06396
42.1 0.796327 -1.04467
42.2 1.2845 -1.00896
42.3 1.67756 -0.957787
42.4 1.90105 -0.89601
42.5 1.99448 -0.828999
42.6 2.02117 -0.760095
42.7 2.01896 -0.690855
42.8 2.00481 -0.62193
42.9 1.98564 -0.55359
43 1.96419 -0.485951
43.1 1.94154 -0.419069
43.2 1.91812 -0.352977
43.3 1.89409 -0.287697
43.4 1.86949 -0.223251
43.5 1.84432 -0.159656
43.6 1.81856 -0.0969338
43.7 1.79217 -0.0351042
43.8 1.76512 0.0258104
43.9 1.73734 0.0857863
44 1.70878 0.144798
44.1 1.67938 0.202817
44.2 1.64905 0.259814
44.3 1.6177 0.315754
44.4 1.58523 0.370602
44.5 1.55152 0.424318
44.6 1.51641 0.476855
44.7 1.47975 0.528164
44.8 1.44131 0.578188
44.9 1.40086 0.626862
45 1.35807 0.674111
45.1 1.31255 0.719849
45.2 1.26383 0.763975
45.3 1.21126 0.806369
45.4 1.15403 0.846885
45.5 1.09103 0.885346
45.6 1.02075 0.92153
45.7 0.941108 0.955154
45.8 0.849095 0.985849
45.9 0.740303 1.01312
46 0.608096 1.03629
46.1 0.442331 1.05439
46.2 0.227613 1.06603
46.3 -0.0577884 1.06918
46.4 -0.436632 1.061
46.5 -0.905463 1.03821
46.6 -1.38447 0.998825
46.7 -1.74166 0.944797
46.8 -1.93049 0.881452
46.9 -2.00439 0.813811
47 -2.02234 0.744741
47.1 -2.01651 0.675534
47.2 -2.00085 0.606723
47.3 -1.98102 0.538532
47.4 -1.95925 0.471057
47.5 -1.93641 0.404348
47.6 -1.91284 0.338434
47.7 -1.88868 0.273337
47.8 -1.86396 0.209078
47.9 -1.83866 0.145675
48 -1.81276 0.0831486
48.1 -1.78623 0.0215199
48.2 -1.75902 -0.0391887
48.3 -1.73108 -0.0989531
48.4 -1.70234 -0.157747
48.5 -1.67274 -0.215542
48.6 -1.64219 -0.272308
48.7 -1.6106 -0.32801
48.8 -1.57787 -0.38261
48.9 -1.54386 -0.436069
49 -1.50843 -0.488338
49.1 -1.47139 -0.539368
49.2 -1.43253 -0.589098
49.3 -1.39158 -0.637462
49.4 -1.34823 -0.684384
49.5 -1.30205 -0.729775
49.6 -1.25253 -0.773528
49.7 -1.19901 -0.815519
49.8 -1.1406 -0.855596
49.9 -1.07614 -0.893574
50 -1.00399 -0.929217
50.1 -0.921905 -0.962227
50.2 -0.826615 -0.992211
50.3 -0.713303 -1.01864
50.4 -0.574687 -1.04078
50.5 -0.399619 -1.05759
50.6 -0.171309 -1.06755
50.7 0.133109 -1.06845
50.8 0.534098 -1.05731
50.9 1.01542 -1.03091
51 1.478 -0.987953
51.1 1.79703 -0.931352
51.2 1.95433 -0.866693
51.3 2.01167 -0.798558
51.4 2.02241 -0.729384
51.5 2.0136 -0.660234
51.6 1.99671 -0.591548
51.7 1.97632 -0.523509
51.8 1.95426 -0.4562
51.9 1.93124 -0.389665
52 1.90754 -0.323931
52.1 1.88325 -0.259018
52.2 1.8584 -0.194947
52.3 1.83297 -0.131737
52.4 1.80694 -0.0694075
52.5 1.78026 -0.00798079
52.6 1.75289 0.0525206
52.7 1.72478 0.112072
52.8 1.69585 0.170647
52.9 1.66605 0.228217
53 1.63528 0.28475
53.1 1.60345 0.340211
53.2 1.57044 0.394562
53.3 1.53613 0.447761
53.4 1.50036 0.49976
53.5 1.46294 0.550507
53.6 1.42364 0.59994
53.7 1.38219 0.647992
53.8 1.33825 0.694583
53.9 1.29138 0.73962
54 1.24104 0.782994
54.1 1.18652 0.824575
54.2 1.12688 0.864204
54.3 1.06087 0.901686
54.4 0.986747 0.936774
54.5 0.902059 0.969152
54.6 0.803259 0.998399
54.7 0.685075 1.02395
54.8 0.539509 1.04501
54.9 0.354316 1.06045
55 0.111269 1.06862
55.1 -0.213298 1.06714
55.2 -0.635892 1.05287
55.3 -1.12464 1.02279
55.4 -1.56392 0.976399
55.5 -1.84412 0.917516
55.6 -1.97333 0.851772
55.7 -2.01677 0.78326
55.8 -2.02158 0.71403
55.9 -2.01032 0.644957
56 -1.9924 0.576404
56.1 -1.97154 0.508522
56.2 -1.94922 0.441382
56.3 -1.92604 0.375022
56.4 -1.9022 0.309468
56.5 -1.87779 0.24474
56.6 -1.85281 0.180858
56.7 -1.82725 0.117842
56.8 -1.80108 0.0557108
56.9 -1.77425 -0.00551285
57 -1.74673 -0.0658059
57.1 -1.71844 -0.125143
57.2 -1.68933 -0.183498
57.3 -1.65931 -0.240841
57.4 -1.62832 -0.297139
57.5 -1.59624 -0.352357
57.6 -1.56296 -0.406457
57.7 -1.52834 -0.459394
57.8 -1.49222 -0.511121
57.9 -1.4544 -0.561582
58 -1.41465 -0.610715
58.1 -1.37268 -0.65845
58.2 -1.32813 -0.704705
58.3 -1.28054 -0.749384
58.4 -1.22934 -0.792372
58.5 -1.17378 -0.833535
58.6 -1.11285 -0.872707
58.7 -1.04521 -0.909682
58.8 -0.968987 -0.944199
58.9 -0.881525 -0.975923
59 -0.77896 -1.00441
59.1 -0.655517 -1.02904
59.2 -0.502408 -1.04897
59.3 -0.306196 -1.06296
59.4 -0.0472104 -1.06923
59.5 0.298481 -1.0652
59.6 0.74135 -1.04765
59.7 1.23144 -1.01384
59.8 1.6414 -0.964224
59.9 1.88359 -0.903352
60 1.98824 -0.836723
60.1 2.02007 -0.767931
60.2 2.02 -0.698685
60.3 2.00674 -0.629707
60.4 1.98795 -0.561293
60.5 1.96669 -0.493571
60.6 1.94415 -0.426602
60.7 1.92081 -0.360419
60.8 1.89684 -0.295046
60.9 1.8723 -0.230504
61 1.8472 -0.166812
61.1 1.8215 -0.10399
61.2 1.79519 -0.0420586
61.3 1.76821 0.0189608
61.4 1.74052 0.0790442
61.5 1.71206 0.138166
61.6 1.68275 0.196299
61.7 1.65253 0.253413
61.8 1.6213 0.309475
61.9 1.58897 0.364449
62 1.5554 0.418295
62.1 1.52046 0.470968
62.2 1.48399 0.522419
62.3 1.44576 0.572591
62.4 1.40555 0.621421
62.5 1.36304 0.668836
62.6 1.31786 0.71475
62.7 1.26952 0.759064
62.8 1.21743 0.801661
62.9 1.16077 0.842398
63 1.09849 0.881102
63.1 1.02913 0.917557
63.2 0.95068 0.951487
63.3 0.860257 0.982535
63.4 0.753646 1.01022
63.5 0.624519 1.0339
63.6 0.463213 1.05263
63.7 0.255014 1.06509
63.8 -0.0211422 1.06933
63.9 -0.388675 1.0626
64 -0.84954 1.04161
64.1 -1.33414 1.0041
64.2 -1.71004 0.951492
64.3 -1.91621 0.888914
64.4 -1.99968 0.821576
64.5 -2.0219 0.752583
64.6 -2.01782 0.683356
64.7 -2.0029 0.614485
64.8 -1.98339 0.546217
64.9 -1.96178 0.478658
65 -1.93903 0.41186
65.1 -1.91554 0.345855
65.2 -1.89145 0.280665
65.3 -1.86678 0.21631
65.4 -1.84155 0.152809
65.5 -1.81572 0.0901827
65.6 -1.78927 0.0284513
65.7 -1.76214 -0.0323627
65.8 -1.73428 -0.0922352
65.9 -1.70564 -0.15114
66 -1.67613 -0.20905
66.1 -1.6457 -0.265934
66.2 -1.61423 -0.321758
66.3 -1.58164 -0.376485
66.4 -1.54778 -0.430075
66.5 -1.51252 -0.482482
66.6 -1.47567 -0.533654
66.7 -1.43703 -0.583535
66.8 -1.39633 -0.632058
66.9 -1.35327 -0.679147
67 -1.30743 -0.724716
67.1 -1.25832 -0.76866
67.2 -1.2053 -0.810858
67.3 -1.1475 -0.851161
67.4 -1.08378 -0.889386
67.5 -1.01261 -0.925308
67.6 -0.931789 -0.958633
67.7 -0.838201 -0.988984
67.8 -0.727239 -1.01585
67.9 -0.591959 -1.03852
68 -0.42174 -1.056
68.1 -0.200511 -1.06683
68.2 0.0940479 -1.06889
68.3 0.483753 -1.05929
68.4 0.959257 -1.03474
68.5 1.43112 -0.993594
68.6 1.76982 -0.93827
68.7 1.94281 -0.874252
68.8 2.00825 -0.806354
68.9 2.0225 -0.737227
69 2.01514 -0.668044
69.1 1.99885 -0.599293
69.2 1.97873 -0.531176
69.3 1.95681 -0.463782
69.4 1.93388 -0.397158
69.5 1.91025 -0.331332
69.6 1.88603 -0.266325
69.7 1.86124 -0.202158
69.8 1.83588 -0.138849
69.9 1.80992 -0.0764191
70 1.78331 -0.0148891
70.1 1.75603 0.0457183
70.2 1.728 0.105379
70.3 1.69917 0.164066
70.4 1.66947 0.221751
70.5 1.63882 0.278403
70.6 1.60711 0.333987
70.7 1.57424 0.388466
70.8 1.54009 0.441797
70.9 1.50449 0.493935
71 1.46727 0.544826
71.1 1.42819 0.594412
71.2 1.387 0.642624
71.3 1.34336 0.689384
71.4 1.29685 0.734602
71.5 1.24693 0.778171
71.6 1.19293 0.819962
71.7 1.13393 0.859822
71.8 1.06871 0.897558
71.9 0.995615 0.932931
72 0.912277 0.965634
72.1 0.815299 0.995261
72.2 0.69965 1.02126
72.3 0.557704 1.04288
72.4 0.377788 1.05903
72.5 0.142413 1.06813
72.6 -0.17173 1.06789
72.7 -0.583404 1.05524
72.8 -1.06906 1.02704
72.9 -1.52106 0.982381
73 -1.82107 0.924626
73.1 -1.96418 0.859409
73.2 -2.01441 0.791077
73.3 -2.02211 0.72187
73.4 -2.01204 0.652755
73.5 -1.99462 0.584133
73.6 -1.97399 0.51617
73.7 -1.9518 0.448944
73.8 -1.9287 0.382495
73.9 -1.90493 0.316849
74 -1.88058 0.252026
74.1 -1.85567 0.188048
74.2 -1.83018 0.124932
74.3 -1.80407 0.0626996
74.4 -1.77733 0.00137216
74.5 -1.74988 -0.0590275
74.6 -1.72168 -0.118474
74.7 -1.69267 -0.176942
74.8 -1.66276 -0.234401
74.9 -1.63188 -0.290819
75 -1.59993 -0.346161
75.1 -1.56679 -0.40039
75.2 -1.53233 -0.453461
75.3 -1.49639 -0.505327
75.4 -1.45877 -0.555934
75.5 -1.41925 -0.605221
75.6 -1.37755 -0.653119
75.7 -1.33331 -0.699546
75.8 -1.2861 -0.744408
75.9 -1.23534 -0.787594
76 -1.18032 -0.828972
76.1 -1.12006 -0.868378
76.2 -1.05326 -0.905614
76.3 -0.978123 -0.940424
76.4 -0.8921 -0.972484
76.5 -0.79149 -1.00136
76.6 -0.670784 -1.02647
76.7 -0.521605 -1.04698
76.8 -0.331136 -1.06173
76.9 -0.080442 -1.06898
77 0.254354 -1.06627
77.1 0.68709 -1.05042
77.2 1.17731 -1.01851
77.3 1.60292 -0.970515
77.4 1.86434 -0.910623
77.5 1.9811 -0.844422
77.6 2.01859 -0.775762
77.7 2.02089 -0.70652
77.8 2.00861 -0.637492
77.9 1.99024 -0.569005
78 1.96917 -0.501201
78.1 1.94675 -0.434145
78.2 1.92348 -0.367871
78.3 1.89958 -0.302406
78.4 1.87511 -0.237769
78.5 1.85007 -0.17398
78.6 1.82444 -0.111058
78.7 1.7982 -0.0490247
78.8 1.7713 0.0120991
78.9 1.74369 0.0722898
79 1.71532 0.131522
79.1 1.68612 0.189768
79.2 1.656 0.246999
79.3 1.62489 0.303182
79.4 1.59269 0.358281
79.5 1.55927 0.412257
79.6 1.52449 0.465065
79.7 1.4882 0.516657
79.8 1.45018 0.566977
79.9 1.41021 0.615963
80 1.36798 0.663541
80.1 1.32312 0.70963
80.2 1.27517 0.754131
80.3 1.22354 0.796929
80.4 1.16745 0.837884
80.5 1.10587 0.876829
80.6 1.0374 0.91355
80.7 0.960099 0.947783
80.8 0.871213 0.979179
80.9 0.766704 1.00728
81 0.640536 1.03145
81.1 0.483501 1.0508
81.2 0.281549 1.06405
81.3 0.0143162 1.06934
81.4 -0.341994 1.06401
81.5 -0.794019 1.04479
81.6 -1.28231 1.00917
81.7 -1.6761 0.958059
81.8 -1.90035 0.896318
81.9 -1.99423 0.829322
82 -2.02113 0.760422
82.1 -2.019 0.691182
82.2 -2.00489 0.622255
82.3 -1.98573 0.553912
82.4 -1.96429 0.486269
82.5 -1.94165 0.419383
82.6 -1.91823 0.353287
82.7 -1.8942 0.288004
82.8 -1.8696 0.223553
82.9 -1.84444 0.159955
83 -1.81868 0.0972283
83.1 -1.7923 0.0353944
83.2 -1.76525 -0.0255246
83.3 -1.73747 -0.085505
83.4 -1.70892 -0.144521
83.5 -1.67952 -0.202545
83.6 -1.64919 -0.259547
83.7 -1.61785 -0.315492
83.8 -1.58539 -0.370346
83.9 -1.55168 -0.424067
84 -1.51658 -0.47661
84.1 -1.47993 -0.527925
84.2 -1.4415 -0.577955
84.3 -1.40105 -0.626635
84.4 -1.35827 -0.673891
84.5 -1.31277 -0.719637
84.6 -1.26407 -0.763771
84.7 -1.21152 -0.806173
84.8 -1.15431 -0.846698
84.9 -1.09134 -0.88517
85 -1.0211 -0.921365
85.1 -0.941511 -0.955002
85.2 -0.849566 -0.985712
85.3 -0.740866 -1.013
85.4 -0.60879 -1.03619
85.5 -0.443216 -1.05432
85.6 -0.228776 -1.06599
85.7 0.0562338 -1.06919
85.8 0.434605 -1.06107
85.9 0.903122 -1.03835
86 1.3824 -0.999049
86.1 1.74039 -0.945079
86.2 1.92993 -0.881765
86.3 2.0042 -0.814135
86.4 2.02233 -0.745069
86.5 2.01656 -0.675861
86.6 2.00094 -0.607047
86.7 1.98112 -0.538852
86.8 1.95935 -0.471374
86.9 1.93652 -0.404661
87 1.91296 -0.338743
87.1 1.8888 -0.273643
87.2 1.86407 -0.20938
87.3 1.83878 -0.145973
87.4 1.81289 -0.0834421
87.5 1.78636 -0.0218091
87.6 1.75915 0.0389039
87.7 1.73121 0.0986728
87.8 1.70248 0.157471
87.9 1.67288 0.215271
88 1.64234 0.272042
88.1 1.61076 0.327749
88.2 1.57803 0.382355
88.3 1.54403 0.435819
88.4 1.5086 0.488094
88.5 1.47157 0.539129
88.6 1.43272 0.588866
88.7 1.39178 0.637237
88.8 1.34844 0.684166
88.9 1.30227 0.729564
89 1.25277 0.773325
89.1 1.19927 0.815325
89.2 1.14089 0.855412
89.3 1.07646 0.893399
89.4 1.00435 0.929054
89.5 0.922321 0.962078
89.6 0.827104 0.992077
89.7 0.713892 1.01852
89.8 0.575417 1.04069
89.9 0.400556 1.05752
90 0.172548 1.06752
90.1 -0.131452 1.06848
90.2 -0.531972 1.0574
90.3 -1.01307 1.03108
90.4 -1.47608 0.988193
90.5 -1.79593 0.931643
90.6 -1.95387 0.867009
90.7 -2.01154 0.798884
90.8 -2.02242 0.729712
90.9 -2.01367 0.66056
91 -1.9968 0.591871
91.1 -1.97642 0.523829
91.2 -1.95437 0.456517
91.3 -1.93135 0.389978
91.4 -1.90765 0.32424
91.5 -1.88337 0.259323
91.6 -1.85852 0.195248
91.7 -1.83309 0.132033
91.8 -1.80706 0.0697001
91.9 -1.78039 0.00826905
92 -1.75302 -0.0522368
92.1 -1.72491 -0.111793
92.2 -1.69599 -0.170373
92.3 -1.66619 -0.227947
92.4 -1.63543 -0.284485
92.5 -1.6036 -0.339951
92.6 -1.5706 -0.394308
92.7 -1.5363 -0.447512
92.8 -1.50053 -0.499517
92.9 -1.46312 -0.55027
93 -1.42383 -0.59971
93.1 -1.38239 -0.647768
93.2 -1.33846 -0.694366
93.3 -1.29161 -0.739411
93.4 -1.24129 -0.782793
93.5 -1.18679 -0.824383
93.6 -1.12718 -0.864022
93.7 -1.0612 -0.901515
93.8 -0.98712 -0.936615
93.9 -0.902489 -0.969005
94 -0.803766 -0.998269
94.1 -0.685691 -1.02384
94.2 -0.540279 -1.04492
94.3 -0.355311 -1.06039
94.4 -0.11259 -1.0686
94.5 0.211536 -1.06718
94.6 0.63368 -1.05298
94.7 1.12233 -1.02297
94.8 1.56217 -0.976653
94.9 1.84319 -0.917815
95 1.97297 -0.852091
95.1 2.01668 -0.783587
95.2 2.02161 -0.714357
95.3 2.0104 -0.645283
95.4 1.99249 -0.576726
95.5 1.97164 -0.508841
95.6 1.94933 -0.441697
95.7 1.92615 -0.375334
95.8 1.90232 -0.309776
95.9 1.87791 -0.245044
96 1.85293 -0.181158
96.1 1.82737 -0.118138
96.2 1.8012 -0.0560024
96.3 1.77438 0.00522556
96.4 1.74686 0.0655231
96.5 1.71857 0.124865
96.6 1.68947 0.183225
96.7 1.65946 0.240572
96.8 1.62847 0.296875
96.9 1.59639 0.352099
97 1.56312 0.406204
97.1 1.5285 0.459147
97.2 1.49239 0.510879
97.3 1.45458 0.561346
97.4 1.41484 0.610486
97.5 1.37288 0.658228
97.6 1.32834 0.70449
97.7 1.28077 0.749176
97.8 1.22959 0.792173
97.9 1.17405 0.833345
98 1.11315 0.872527
98.1 1.04555 0.909512
98.2 0.969371 0.944042
98.3 0.881971 0.97578
98.4 0.779488 1.00428
98.5 0.656162 1.02893
98.6 0.50322 1.04889
98.7 0.307253 1.06291
98.8 0.0486204 1.06922
98.9 -0.296612 1.06525
99 -0.739069 1.04777
99.1 -1.2292 1.01404
99.2 -1.63984 0.964489
99.3 -1.88282 0.903657
99.4 -1.98796 0.837045
99.5 -2.02002 0.768258
99.6 -2.02004 0.699013
99.7 -2.00682 0.630032
99.8 -1.98805 0.561615
99.9 -1.96679 0.49389
100 -1.94426 0.426917
100.1 -1.92092 0.36073
100.2 -1.89695 0.295353
100.3 -1.87242 0.230807
100.4 -1.84732 0.167112
100.5 -1.82163 0.104285
100.6 -1.79532 0.0423493
100.7 -1.76834 -0.0186745
100.8 -1.74065 -0.0787624
100.9 -1.71219 -0.137889
101 -1.68289 -0.196027
101.1 -1.65268 -0.253146
101.2 -1.62145 -0.309213
101.3 -1.58912 -0.364192
101.4 -1.55556 -0.418043
101.5 -1.52063 -0.470722
101.6 -1.48416 -0.522179
101.7 -1.44595 -0.572357
101.8 -1.40574 -0.621194
101.9 -1.36325 -0.668615
102 -1.31808 -0.714536
102.1 -1.26976 -0.758859
102.2 -1.21769 -0.801464
102.3 -1.16105 -0.84221
102.4 -1.0988 -0.880924
102.5 -1.02948 -0.91739
102.6 -0.951076 -0.951333
102.7 -0.860718 -0.982396
102.8 -0.754197 -1.0101
102.9 -0.625196 -1.0338
103 -0.464072 -1.05256
103.1 -0.25614 -1.06505
103.2 0.0196378 -1.06933
103.3 0.3867 -1.06266
103.4 0.847212 -1.04175
103.5 1.332 -1.00431
103.6 1.70867 -0.951768
103.7 1.91558 -0.889225
103.8 1.99947 -0.8219
103.9 2.02187 -0.75291
104 2.01787 -0.683682
104.1 2.00298 -0.61481
104.2 1.98349 -0.546538
104.3 1.96188 -0.478976
104.4 1.93914 -0.412174
104.5 1.91566 -0.346165
104.6 1.89156 -0.280971
104.7 1.8669 -0.216612
104.8 1.84167 -0.153107
104.9 1.81585 -0.0904767
105 1.7894 -0.028741
105.1 1.76227 0.0320774
105.2 1.73441 0.0919544
105.3 1.70577 0.150864
105.4 1.67628 0.208779
105.5 1.64584 0.265667
105.6 1.61439 0.321497
105.7 1.58179 0.376229
105.8 1.54794 0.429825
105.9 1.51269 0.482237
106 1.47585 0.533415
106.1 1.43722 0.583302
106.2 1.39653 0.631832
106.3 1.35348 0.678928
106.4 1.30766 0.724504
106.5 1.25857 0.768457
106.6 1.20556 0.810663
106.7 1.14778 0.850975
106.8 1.0841 0.889211
106.9 1.01297 0.925144
107 0.932198 0.958483
107.1 0.83868 0.988848
107.2 0.727814 1.01573
107.3 0.592671 1.03842
107.4 0.42265 1.05593
107.5 0.20171 1.06679
107.6 -0.092444 1.06891
107.7 -0.481676 1.05937
107.8 -0.956911 1.0349
107.9 -1.42913 0.993825
108 -1.76864 0.938557
108.1 -1.9423 0.874567
108.2 -2.00809 0.806679
108.3 -2.0225 0.737554
108.4 -2.0152 0.668371
108.5 -1.99893 0.599617
108.6 -1.97883 0.531496
108.7 -1.95692 0.464099
108.8 -1.93399 0.397471
108.9 -1.91036 0.331641
109 -1.88614 0.26663
109.1 -1.86136 0.202459
109.2 -1.836 0.139146
109.3 -1.81004 0.0767121
109.4 -1.78344 0.0151778
109.5 -1.75616 -0.045434
109.6 -1.72813 -0.105099
109.7 -1.69931 -0.163791
109.8 -1.66961 -0.22148
109.9 -1.63896 -0.278137
110 -1.60726 -0.333727
110.1 -1.5744 -0.388211
110.2 -1.54025 -0.441548
110.3 -1.50466 -0.493691
110.4 -1.46745 -0.544589
110.5 -1.42838 -0.594181
110.6 -1.3872 -0.642399
110.7 -1.34357 -0.689167
110.8 -1.29708 -0.734392
110.9 -1.24718 -0.777969
111 -1.19319 -0.819769
111.1 -1.13422 -0.859638
111.2 -1.06904 -0.897385
111.3 -0.995983 -0.93277
111.4 -0.912699 -0.965487
111.5 -0.815797 -0.995129
111.6 -0.700251 -1.02115
111.7 -0.558453 -1.04279
111.8 -0.378752 -1.05897
111.9 -0.143692 -1.06811
112 0.170023 -1.06792
112.1 0.581234 -1.05533
112.2 1.06672 -1.02721
112.3 1.51922 -0.982627
112.4 1.82006 -0.924921
112.5 1.96378 -0.859727
112.6 2.0143 -0.791403
112.7 2.02212 -0.722197
112.8 2.01211 -0.653081
112.9 1.99471 -0.584456
113 1.97409 -0.51649
113.1 1.95191 -0.44926
113.2 1.92881 -0.382807
113.3 1.90504 -0.317157
113.4 1.8807 -0.252331
113.5 1.85579 -0.188348
113.6 1.8303 -0.125228
113.7 1.8042 -0.0629917
113.8 1.77745 -0.00165994
113.9 1.75001 0.0587441
114 1.72182 0.118196
114.1 1.6928 0.176668
114.2 1.6629 0.234131
114.3 1.63203 0.290555
114.4 1.60008 0.345902
114.5 1.56695 0.400136
114.6 1.53249 0.453213
114.7 1.49656 0.505085
114.8 1.45895 0.555698
114.9 1.41945 0.604992
115 1.37775 0.652896
115.1 1.33353 0.69933
115.2 1.28633 0.7442
115.3 1.23559 0.787394
115.4 1.18059 0.828781
115.5 1.12036 0.868197
115.6 1.05359 0.905443
115.7 0.978501 0.940266
115.8 0.892537 0.97234
115.9 0.792008 1.00123
116 0.671414 1.02636
116.1 0.522395 1.0469
116.2 0.332161 1.06167
116.3 0.081806 1.06897
116.4 -0.252539 1.06632
116.5 -0.684842 1.05053
116.6 -1.17503 1.0187
116.7 -1.60126 0.970775
116.8 -1.86349 0.910925
116.9 -1.98078 0.844743
117 -2.01852 0.776089
117.1 -2.02093 0.706847
117.2 -2.00868 0.637817
117.3 -1.99033 0.569328
117.4 -1.96928 0.50152
117.5 -1.94685 0.43446
117.6 -1.92359 0.368183
117.7 -1.8997 0.302713
117.8 -1.87522 0.238073
117.9 -1.85019 0.174279
118 -1.82457 0.111354
118.1 -1.79833 0.0493158
118.2 -1.77143 -0.0118123
118.3 -1.74383 -0.0720074
118.4 -1.71546 -0.131244
118.5 -1.68626 -0.189495
118.6 -1.65615 -0.246731
118.7 -1.62504 -0.302919
118.8 -1.59284 -0.358023
118.9 -1.55943 -0.412004
119 -1.52466 -0.464818
119.1 -1.48837 -0.516416
119.2 -1.45037 -0.566742
119.3 -1.4104 -0.615734
119.4 -1.36818 -0.66332
119.5 -1.32334 -0.709416
119.6 -1.27541 -0.753925
119.7 -1.22379 -0.796731
119.8 -1.16772 -0.837695
119.9 -1.10617 -0.876649
120 -1.03774 -0.913382
120.1 -0.960489 -0.947627
120.2 -0.871666 -0.979038
120.3 -0.767244 -1.00715
120.4 -0.641197 -1.03134
120.5 -0.484336 -1.05072
120.6 -0.282639 -1.06401
120.7 -0.0157716 -1.06934
120.8 0.340073 -1.06407
120.9 0.791711 -1.04492
121 1.28012 -1.00938
121.1 1.67463 -0.95833
121.2 1.89966 -0.896626
121.3 1.99399 -0.829645
121.4 2.02109 -0.76075
121.5 2.01905 -0.691509
121.6 2.00497 -0.62258
121.7 1.98583 -0.554233
121.8 1.9644 -0.486587
121.9 1.94176 -0.419698
122 1.91835 -0.353598
122.1 1.89432 -0.288311
122.2 1.86972 -0.223856
122.3 1.84456 -0.160253
122.4 1.8188 -0.0975228
122.5 1.79242 -0.0356846
122.6 1.76537 0.0252388
122.7 1.73761 0.0852236
122.8 1.70906 0.144244
122.9 1.67966 0.202273
123 1.64934 0.259279
123.1 1.618 0.31523
123.2 1.58554 0.370089
123.3 1.55184 0.423815
123.4 1.51675 0.476364
123.5 1.4801 0.527685
123.6 1.44169 0.577721
123.7 1.40125 0.626408
123.8 1.35848 0.673671
123.9 1.313 0.719424
124 1.26431 0.763566
124.1 1.21178 0.805977
124.2 1.15459 0.846512
124.3 1.09165 0.884993
124.4 1.02146 0.9212
124.5 0.941914 0.954849
124.6 0.850036 0.985574
124.7 0.741428 1.01288
124.8 0.609483 1.03609
124.9 0.444099 1.05425
125 0.229936 1.06596
125.1 -0.0546814 1.06919
125.2 -0.432579 1.06114
125.3 -0.900782 1.0385
125.4 -1.38033 0.999273
125.5 -1.73911 0.945361
125.6 -1.92936 0.882078
125.7 -2.00402 0.81446
125.8 -2.02232 0.745396
125.9 -2.01662 0.676187
126 -2.00103 0.607371
126.1 -1.98122 0.539173
126.2 -1.95946 0.471691
126.3 -1.93663 0.404975
126.4 -1.91307 0.339053
126.5 -1.88891 0.273949
126.6 -1.86419 0.209681
126.7 -1.8389 0.14627
126.8 -1.81301 0.0837357
126.9 -1.78649 0.0220984
127 -1.75928 -0.0386191
127.1 -1.73135 -0.0983925
127.2 -1.70262 -0.157196
127.3 -1.67302 -0.215001
127.4 -1.64248 -0.271776
127.5 -1.61091 -0.327488
127.6 -1.57818 -0.382099
127.7 -1.54419 -0.435569
127.8 -1.50877 -0.48785
127.9 -1.47175 -0.538891
128 -1.43291 -0.588634
128.1 -1.39198 -0.637012
128.2 -1.34865 -0.683948
128.3 -1.3025 -0.729353
128.4 -1.25302 -0.773122
128.5 -1.19954 -0.815131
128.6 -1.14118 -0.855227
128.7 -1.07678 -0.893225
128.8 -1.00472 -0.928892
128.9 -0.922737 -0.961928
129 -0.827592 -0.991943
129.1 -0.714479 -1.01841
129.2 -0.576147 -1.04059
129.3 -0.401492 -1.05746
129.4 -0.173785 -1.06749
129.5 0.129798 -1.0685
129.6 0.529848 -1.05749
129.7 1.01073 -1.03124
129.8 1.47416 -0.988431
129.9 1.79484 -0.931934
130 1.95341 -0.867326
130.1 2.0114 -0.79921
130.2 2.02243 -0.730039
130.3 2.01373 -0.660886
130.4 1.99689 -0.592194
130.5 1.97652 -0.524149
130.6 1.95447 -0.456833
130.7 1.93146 -0.390291
130.8 1.90776 -0.324548
130.9 1.88348 -0.259628
131 1.85863 -0.195549
131.1 1.83321 -0.13233
131.2 1.80719 -0.0699927
131.3 1.78052 -0.00855734
131.4 1.75315 0.051953
131.5 1.72505 0.111514
131.6 1.69613 0.170098
131.7 1.66634 0.227677
131.8 1.63558 0.28422
131.9 1.60376 0.339691
132 1.57076 0.394053
132.1 1.53647 0.447263
132.2 1.50071 0.499274
132.3 1.4633 0.550033
132.4 1.42402 0.599479
132.5 1.38259 0.647545
132.6 1.33868 0.694149
132.7 1.29184 0.739202
132.8 1.24153 0.782592
132.9 1.18706 0.824191
133 1.12747 0.863839
133.1 1.06153 0.901343
133.2 0.987492 0.936455
133.3 0.902919 0.968859
133.4 0.804274 0.998139
133.5 0.686306 1.02373
133.6 0.541048 1.04484
133.7 0.356304 1.06034
133.8 0.11391 1.06859
133.9 -0.209777 1.06721
134 -0.63147 1.05308
134.1 -1.12002 1.02315
134.2 -1.56042 0.976905
134.3 -1.84227 0.918114
134.4 -1.97261 0.852411
134.5 -2.01659 0.783913
134.6 -2.02163 0.714685
134.7 -2.01047 0.645609
134.8 -1.99258 0.577049
134.9 -1.97174 0.50916
135 -1.94944 0.442013
135.1 -1.92626 0.375646
135.2 -1.90243 0.310084
135.3 -1.87802 0.245349
135.4 -1.85305 0.181458
135.5 -1.8275 0.118434
135.6 -1.80133 0.0562941
135.7 -1.77451 -0.00493825
135.8 -1.74699 -0.0652402
135.9 -1.71871 -0.124587
136 -1.68961 -0.182951
136.1 -1.6596 -0.240303
136.2 -1.62862 -0.296612
136.3 -1.59655 -0.35184
136.4 -1.56328 -0.405951
136.5 -1.52867 -0.458899
136.6 -1.49256 -0.510637
136.7 -1.45476 -0.561111
136.8 -1.41503 -0.610257
136.9 -1.37309 -0.658006
137 -1.32856 -0.704275
137.1 -1.28101 -0.748969
137.2 -1.22984 -0.791974
137.3 -1.17433 -0.833155
137.4 -1.11346 -0.872347
137.5 -1.04589 -0.909343
137.6 -0.969755 -0.943885
137.7 -0.882416 -0.975637
137.8 -0.780016 -1.00415
137.9 -0.656807 -1.02883
138 -0.504032 -1.0488
138.1 -0.308309 -1.06286
138.2 -0.0500284 -1.06921
138.3 0.294746 -1.0653
138.4 0.736789 -1.04789
138.5 1.22696 -1.01424
138.6 1.63827 -0.964755
138.7 1.88205 -0.903962
138.8 1.98767 -0.837367
138.9 2.01996 -0.768585
139 2.02008 -0.69934
139.1 2.0069 -0.630357
139.2 1.98814 -0.561937
139.3 1.9669 -0.494208
139.4 1.94437 -0.427231
139.5 1.92103 -0.361041
139.6 1.89707 -0.29566
139.7 1.87253 -0.231111
139.8 1.84744 -0.167411
139.9 1.82175 -0.10458
140 1.79544 -0.04264
140.1 1.76847 0.0183881
140.2 1.74079 0.0784805
140.3 1.71233 0.137612
140.4 1.68303 0.195754
140.5 1.65282 0.252878
140.6 1.6216 0.30895
140.7 1.58928 0.363934
140.8 1.55573 0.417791
140.9 1.5208 0.470476
141 1.48434 0.521938
141.1 1.44613 0.572123
141.2 1.40594 0.620966
141.3 1.36345 0.668394
141.4 1.3183 0.714323
141.5 1.27 0.758653
141.6 1.21794 0.801267
141.7 1.16133 0.842022
141.8 1.09911 0.880746
141.9 1.02983 0.917223
142 0.951472 0.951179
142.1 0.86118 0.982257
142.2 0.754747 1.00998
142.3 0.625873 1.0337
142.4 0.46493 1.05248
142.5 0.257263 1.06501
142.6 -0.0181356 1.06934
142.7 -0.384727 1.06272
142.8 -0.844885 1.04188
142.9 -1.32986 1.00453
143 -1.70729 0.952045
143.1 -1.91495 0.889535
143.2 -1.99926 0.822224
143.3 -2.02184 0.753238
143.4 -2.01792 0.684009
143.5 -2.00307 0.615134
143.6 -1.98359 0.546859
143.7 -1.96199 0.479293
143.8 -1.93925 0.412488
143.9 -1.91577 0.346476
144 -1.89168 0.281278
144.1 -1.86702 0.216915
144.2 -1.84179 0.153406
144.3 -1.81597 0.0907707
144.4 -1.78952 0.0290307
144.5 -1.7624 -0.031792
144.6 -1.73455 -0.0916736
144.7 -1.70591 -0.150588
144.8 -1.67642 -0.208507
144.9 -1.64599 -0.265401
145 -1.61454 -0.321235
145.1 -1.58195 -0.375973
145.2 -1.54811 -0.429574
145.3 -1.51286 -0.481992
145.4 -1.47603 -0.533176
145.5 -1.4374 -0.58307
145.6 -1.39673 -0.631606
145.7 -1.35369 -0.678709
145.8 -1.30788 -0.724293
145.9 -1.25881 -0.768253
146 -1.20582 -0.810468
146.1 -1.14807 -0.850789
146.2 -1.08442 -0.889035
146.3 -1.01332 -0.92498
146.4 -0.932607 -0.958332
146.5 -0.839158 -0.988712
146.6 -0.728388 -1.01561
146.7 -0.593382 -1.03833
146.8 -0.423558 -1.05586
146.9 -0.202907 -1.06676
147 0.0908422 -1.06892
147.1 0.479602 -1.05944
147.2 0.954565 -1.03505
147.3 1.42712 -0.994057
147.4 1.76745 -0.938843
147.5 1.94178 -0.874882
147.6 2.00793 -0.807004
147.7 2.0225 -0.737882
147.8 2.01526 -0.668697
147.9 1.99902 -0.599941
148 1.97893 -0.531817
148.1 1.95703 -0.464416
148.2 1.9341 -0.397784
148.3 1.91048 -0.33195
148.4 1.88626 -0.266936
148.5 1.86148 -0.20276
148.6 1.83612 -0.139444
148.7 1.81016 -0.0770052
148.8 1.78357 -0.0154666
148.9 1.75629 0.0451496
149 1.72827 0.104819
149.1 1.69945 0.163515
149.2 1.66976 0.22121
149.3 1.63911 0.277872
149.4 1.60741 0.333466
149.5 1.57456 0.387956
149.6 1.54042 0.441299
149.7 1.50483 0.493448
149.8 1.46763 0.544351
149.9 1.42857 0.593949
150 1.3874 0.642175
150.1 1.34379 0.688949
150.2 1.2973 0.734182
150.3 1.24742 0.777767
150.4 1.19346 0.819576
150.5 1.13451 0.859454
150.6 1.06936 0.897212
150.7 0.99635 0.932609
150.8 0.913122 0.965339
150.9 0.816294 0.994997
151 0.700852 1.02104
151.1 0.559201 1.0427
151.2 0.379716 1.05891
151.3 0.144969 1.06808
151.4 -0.168317 1.06794
151.5 -0.579066 1.05543
151.6 -1.06439 1.02738
151.7 -1.51738 0.982873
151.8 -1.81905 0.925216
151.9 -1.96337 0.860046
152 -2.01419 0.79173
152.1 -2.02214 0.722525
152.2 -2.01218 0.653407
152.3 -1.9948 0.584779
152.4 -1.97419 0.51681
152.5 -1.95202 0.449576
152.6 -1.92892 0.383119
152.7 -1.90516 0.317465
152.8 -1.88081 0.252635
152.9 -1.85591 0.188649
153 -1.83042 0.125525
153.1 -1.80432 0.0632839
153.2 -1.77758 0.00194775
153.3 -1.75014 -0.0584607
153.4 -1.72195 -0.117917
153.5 -1.69294 -0.176394
153.6 -1.66305 -0.233862
153.7 -1.63218 -0.29029
153.8 -1.60024 -0.345643
153.9 -1.56711 -0.399882
154 -1.53266 -0.452965
154.1 -1.49673 -0.504842
154.2 -1.45914 -0.555462
154.3 -1.41964 -0.604762
154.4 -1.37796 -0.652673
154.5 -1.33374 -0.699114
154.6 -1.28656 -0.743991
154.7 -1.23584 -0.787194
154.8 -1.18086 -0.828589
154.9 -1.12065 -0.868016
155 -1.05393 -0.905272
155.1 -0.978879 -0.940108
155.2 -0.892974 -0.972195
155.3 -0.792525 -1.0011
155.4 -0.672043 -1.02625
155.5 -0.523184 -1.04681
155.6 -0.333184 -1.06162
155.7 -0.0831681 -1.06895
155.8 0.250727 -1.06636
155.9 0.682595 -1.05064
156 1.17275 -1.01889
156.1 1.5996 -0.971034
156.2 1.86264 -0.911227
156.3 1.98046 -0.845064
156.4 2.01845 -0.776416
156.5 2.02096 -0.707174
156.6 2.00876 -0.638142
156.7 1.99043 -0.56965
156.8 1.96938 -0.501839
156.9 1.94696 -0.434775
157 1.92371 -0.368494
157.1 1.89981 -0.303021
157.2 1.87534 -0.238376
157.3 1.85031 -0.174579
157.4 1.82469 -0.111649
157.5 1.79845 -0.049607
157.6 1.77156 0.0115255
157.7 1.74396 0.0717251
157.8 1.71559 0.130966
157.9 1.6864 0.189222
158 1.65629 0.246463
158.1 1.62519 0.302656
158.2 1.593 0.357765
158.3 1.55959 0.411752
158.4 1.52483 0.464571
158.5 1.48855 0.516175
158.6 1.45055 0.566508
158.7 1.4106 0.615506
158.8 1.36839 0.663098
158.9 1.32356 0.709202
159 1.27564 0.753718
159.1 1.22405 0.796533
159.2 1.168 0.837506
159.3 1.10648 0.87647
159.4 1.03808 0.913214
159.5 0.960879 0.947472
159.6 0.872119 0.978896
159.7 0.767782 1.00703
159.8 0.641856 1.03124
159.9 0.485169 1.05064
160 0.283728 1.06396
160.1 0.017225 1.06934
160.2 -0.338154 1.06412
160.3 -0.789405 1.04505
160.4 -1.27792 1.00958
160.5 -1.67316 0.958601
160.6 -1.89896 0.896934
160.7 -1.99374 0.829968
160.8 -2.02105 0.761077
160.9 -2.0191 0.691836
161 -2.00505 0.622904
161.1 -1.98593 0.554555
161.2 -1.9645 0.486905
161.3 -1.94187 0.420012
161.4 -1.91846 0.353909
161.5 -1.89443 0.288617
161.6 -1.86984 0.224159
161.7 -1.84468 0.160552
161.8 -1.81893 0.0978173
161.9 -1.79255 0.0359749
162 -1.7655 -0.0249529
162.1 -1.73774 -0.0849423
162.2 -1.70919 -0.143968
162.3 -1.6798 -0.202001
162.4 -1.64949 -0.259012
162.5 -1.61815 -0.314968
162.6 -1.5857 -0.369832
162.7 -1.55201 -0.423564
162.8 -1.51692 -0.476119
162.9 -1.48028 -0.527445
163 -1.44187 -0.577488
163.1 -1.40145 -0.626181
163.2 -1.35869 -0.673451
163.3 -1.31322 -0.719211
163.4 -1.26454 -0.763361
163.5 -1.21204 -0.80578
163.6 -1.15488 -0.846325
163.7 -1.09197 -0.884816
163.8 -1.02181 -0.921034
163.9 -0.942316 -0.954697
164 -0.850505 -0.985436
164.1 -0.74199 -1.01276
164.2 -0.610176 -1.03599
164.3 -0.444981 -1.05418
164.4 -0.231095 -1.06592
164.5 0.053131 -1.0692
164.6 0.430555 -1.06121
164.7 0.898441 -1.03864
164.8 1.37825 -0.999496
164.9 1.73782 -0.945642
165 1.92879 -0.88239
165.1 2.00384 -0.814784
165.2 2.0223 -0.745724
165.3 2.01668 -0.676514
165.4 2.00111 -0.607695
165.5 1.98132 -0.539494
165.6 1.95957 -0.472009
165.7 1.93674 -0.405288
165.8 1.91318 -0.339363
165.9 1.88903 -0.274255
166 1.86431 -0.209983
166.1 1.83902 -0.146568
166.2 1.81313 -0.0840292
166.3 1.78661 -0.0223877
166.4 1.75941 0.0383342
166.5 1.73148 0.0981121
166.6 1.70275 0.15692
166.7 1.67316 0.21473
166.8 1.64263 0.27151
166.9 1.61106 0.327227
167 1.57834 0.381844
167.1 1.54435 0.435319
167.2 1.50894 0.487605
167.3 1.47193 0.538653
167.4 1.43309 0.588402
167.5 1.39218 0.636786
167.6 1.34886 0.683729
167.7 1.30272 0.729142
167.8 1.25326 0.772919
167.9 1.1998 0.814936
168 1.14147 0.855042
168.1 1.0771 0.893051
168.2 1.00508 0.928729
168.3 0.923152 0.961779
168.4 0.828079 0.991809
168.5 0.715067 1.01829
168.6 0.576876 1.0405
168.7 0.402427 1.05739
168.8 0.17502 1.06746
168.9 -0.128146 1.06852
169 -0.527727 1.05757
169.1 -1.00839 1.0314
169.2 -1.47224 0.98867
169.3 -1.79374 0.932224
169.4 -1.95295 0.867642
169.5 -2.01127 0.799536
169.6 -2.02244 0.730367
169.7 -2.0138 0.661212
169.8 -1.99698 0.592518
169.9 -1.97662 0.524469
170 -1.95458 0.45715
170.1 -1.93157 0.390603
170.2 -1.90788 0.324857
170.3 -1.8836 0.259933
170.4 -1.85875 0.19585
170.5 -1.83333 0.132627
170.6 -1.80731 0.0702853
170.7 -1.78064 0.00884564
170.8 -1.75329 -0.0516691
170.9 -1.72518 -0.111234
171 -1.69627 -0.169823
171.1 -1.66648 -0.227408
171.2 -1.63572 -0.283955
171.3 -1.60391 -0.339432
171.4 -1.57092 -0.393799
171.5 -1.53663 -0.447015
171.6 -1.50088 -0.499031
171.7 -1.46348 -0.549796
171.8 -1.42421 -0.599249
171.9 -1.3828 -0.647321
172 -1.33889 -0.693933
172.1 -1.29207 -0.738992
172.2 -1.24178 -0.782391
172.3 -1.18733 -0.823999
172.4 -1.12777 -0.863657
172.5 -1.06186 -0.901171
172.6 -0.987865 -0.936295
172.7 -0.903349 -0.968713
172.8 -0.80478 -0.998008
172.9 -0.68692 -1.02362
173 -0.541816 -1.04475
173.1 -0.357296 -1.06028
173.2 -0.115227 -1.06857
173.3 0.208019 -1.06725
173.4 0.629261 -1.05318
173.5 1.1177 -1.02333
173.6 1.55867 -0.977158
173.7 1.84134 -0.918412
173.8 1.97225 -0.852731
173.9 2.0165 -0.78424
174 2.02166 -0.715012
174.1 2.01054 -0.645934
174.2 1.99268 -0.577372
174.3 1.97185 -0.509479
174.4 1.94955 -0.442329
174.5 1.92637 -0.375958
174.6 1.90254 -0.310392
174.7 1.87814 -0.245653
174.8 1.85317 -0.181759
174.9 1.82762 -0.118729
175 1.80146 -0.0565857
175.1 1.77464 0.00465092
175.2 1.74712 0.0649573
175.3 1.71884 0.124309
175.4 1.68974 0.182677
175.5 1.65975 0.240035
175.6 1.62877 0.296348
175.7 1.5967 0.351582
175.8 1.56344 0.405698
175.9 1.52884 0.458652
176 1.49274 0.510396
176.1 1.45495 0.560875
176.2 1.41523 0.610028
176.3 1.37329 0.657783
176.4 1.32878 0.70406
176.5 1.28124 0.748761
176.6 1.2301 0.791775
176.7 1.1746 0.832965
176.8 1.11376 0.872166
176.9 1.04622 0.909174
177 0.970139 0.943728
177.1 0.882861 0.975494
177.2 0.780544 1.00403
177.3 0.65745 1.02872
177.4 0.504842 1.04872
177.5 0.309364 1.06281
177.6 0.0514345 1.0692
177.7 -0.292881 1.06535
177.8 -0.73451 1.04801
177.9 -1.22472 1.01444
178 -1.6367 0.96502
178.1 -1.88127 0.904267
178.2 -1.98739 0.837689
178.3 -2.01991 0.768912
178.4 -2.02012 0.699667
178.5 -2.00698 0.630682
178.6 -1.98824 0.562259
178.7 -1.967 0.494527
178.8 -1.94447 0.427546
178.9 -1.92114 0.361352
179 -1.89718 0.295968
179.1 -1.87265 0.231414
179.2 -1.84756 0.16771
179.3 -1.82187 0.104875
179.4 -1.79557 0.0429307
179.5 -1.7686 -0.0181018
179.6 -1.74092 -0.0781986
179.7 -1.71247 -0.137334
179.8 -1.68317 -0.195482
179.9 -1.65297 -0.25261
180 -1.62175 -0.308688
180.1 -1.58943 -0.363677
180.2 -1.55589 -0.417539
180.3 -1.52097 -0.470229
180.4 -1.48451 -0.521698
180.5 -1.44632 -0.571889
180.6 -1.40613 -0.620738
180.7 -1.36366 -0.668173
180.8 -1.31852 -0.71411
180.9 -1.27023 -0.758447
181 -1.2182 -0.801069
181.1 -1.16161 -0.841834
181.2 -1.09942 -0.880568
181.3 -1.03017 -0.917056
181.4 -0.951868 -0.951025
181.5 -0.861641 -0.982117
181.6 -0.755297 -1.00986
181.7 -0.626548 -1.0336
181.8 -0.465787 -1.05241
181.9 -0.258386 -1.06497
182 0.0166354 -1.06934
182.1 0.382756 -1.06278
182.2 0.842558 -1.04202
182.3 1.32772 -1.00474
182.4 1.70591 -0.952322
182.5 1.91431 -0.889845
182.6 1.99904 -0.822548
182.7 2.02182 -0.753565
182.8 2.01798 -0.684336
182.9 2.00315 -0.615458
183 1.98369 -0.547181
183.1 1.96209 -0.479611
183.2 1.93936 -0.412802
183.3 1.91588 -0.346786
183.4 1.89179 -0.281584
183.5 1.86714 -0.217217
183.6 1.84191 -0.153704
183.7 1.8161 -0.0910648
183.8 1.78965 -0.0293205
183.9 1.76253 0.0315066
184 1.73468 0.0913927
184.1 1.70605 0.150312
184.2 1.67656 0.208236
184.3 1.64614 0.265134
184.4 1.61469 0.320974
184.5 1.58211 0.375717
184.6 1.54827 0.429323
184.7 1.51303 0.481747
184.8 1.4762 0.532937
184.9 1.43759 0.582837
185 1.39693 0.631379
185.1 1.3539 0.67849
185.2 1.3081 0.724081
185.3 1.25905 0.768049
185.4 1.20608 0.810272
185.5 1.14835 0.850603
185.6 1.08474 0.88886
185.7 1.01368 0.924815
185.8 0.933016 0.958181
185.9 0.839636 0.988576
186 0.728962 1.01549
186.1 0.594092 1.03823
186.2 0.424466 1.05579
186.3 0.204103 1.06673
186.4 -0.0892426 1.06894
186.5 -0.477529 1.05952
186.6 -0.952219 1.03521
186.7 -1.42512 0.994288
186.8 -1.76626 0.93913
186.9 -1.94127 0.875196
187 -2.00778 0.80733
187.1 -2.02249 0.738209
187.2 -2.01532 0.669023
187.3 -1.99911 0.600264
187.4 -1.97903 0.532137
187.5 -1.95713 0.464733
187.6 -1.93421 0.398097
187.7 -1.91059 0.33226
187.8 -1.88637 0.267241
187.9 -1.86159 0.203062
188 -1.83624 0.139741
188.1 -1.81029 0.0772983
188.2 -1.7837 0.0157554
188.3 -1.75642 -0.0448653
188.4 -1.7284 -0.104539
188.5 -1.69959 -0.16324
188.6 -1.6699 -0.22094
188.7 -1.63926 -0.277606
188.8 -1.60757 -0.333206
188.9 -1.57472 -0.387701
189 -1.54058 -0.441049
189.1 -1.50501 -0.493204
189.2 -1.46781 -0.544114
189.3 -1.42876 -0.593718
189.4 -1.3876 -0.64195
189.5 -1.344 -0.688732
189.6 -1.29753 -0.733972
189.7 -1.24767 -0.777565
189.8 -1.19373 -0.819383
189.9 -1.1348 -0.859271
190 -1.06969 -0.897039
190.1 -0.996717 -0.932448
190.2 -0.913544 -0.965191
190.3 -0.816791 -0.994865
190.4 -0.701452 -1.02092
190.5 -0.559949 -1.04261
190.6 -0.380678 -1.05885
190.7 -0.146243 -1.06806
190.8 0.166614 -1.06797
190.9 0.5769 -1.05552
191 1.06206 -1.02756
191.1 1.51554 -0.983119
191.2 1.81803 -0.925511
191.3 1.96296 -0.860364
191.4 2.01408 -0.792056
191.5 2.02216 -0.722852
191.6 2.01225 -0.653733
191.7 1.99489 -0.585102
191.8 1.97429 -0.517129
191.9 1.95212 -0.449892
192 1.92903 -0.383432
192.1 1.90527 -0.317774
192.2 1.88093 -0.25294
192.3 1.85602 -0.188949
192.4 1.83054 -0.125821
192.5 1.80445 -0.063576
192.6 1.77771 -0.00223558
192.7 1.75027 0.0581774
192.8 1.72209 0.117638
192.9 1.69308 0.17612
193 1.66319 0.233593
193.1 1.63233 0.290026
193.2 1.60039 0.345384
193.3 1.56727 0.399629
193.4 1.53283 0.452716
193.5 1.49691 0.5046
193.6 1.45932 0.555226
193.7 1.41983 0.604532
193.8 1.37816 0.65245
193.9 1.33396 0.698898
194 1.28679 0.743783
194.1 1.23609 0.786994
194.2 1.18113 0.828398
194.3 1.12095 0.867834
194.4 1.05426 0.905102
194.5 0.979257 0.939949
194.6 0.893411 0.972051
194.7 0.793042 1.00098
194.8 0.672671 1.02614
194.9 0.523972 1.04673
195 0.334206 1.06156
195.1 0.0845283 1.06894
195.2 -0.248918 1.0664
195.3 -0.68035 1.05075
195.4 -1.17046 1.01908
195.5 -1.59794 0.971293
195.6 -1.86179 0.911528
195.7 -1.98013 0.845385
195.8 -2.01837 0.776743
195.9 -2.02099 0.707502
196 -2.00883 0.638467
196.1 -1.99052 0.569972
196.2 -1.96948 0.502158
196.3 -1.94707 0.43509
196.4 -1.92382 0.368806
196.5 -1.89992 0.303329
196.6 -1.87546 0.23868
196.7 -1.85043 0.174879
196.8 -1.82481 0.111945
196.9 -1.79858 0.0498982
197 -1.77169 -0.0112386
197.1 -1.74409 -0.0714427
197.2 -1.71573 -0.130689
197.3 -1.68654 -0.188949
197.4 -1.65644 -0.246195
197.5 -1.62534 -0.302393
197.6 -1.59315 -0.357507
197.7 -1.55975 -0.411499
197.8 -1.525 -0.464325
197.9 -1.48872 -0.515934
198 -1.45074 -0.566273
198.1 -1.41079 -0.615278
198.2 -1.36859 -0.662877
198.3 -1.32378 -0.708987
198.4 -1.27588 -0.753511
198.5 -1.2243 -0.796334
198.6 -1.16828 -0.837317
198.7 -1.10678 -0.876291
198.8 -1.03842 -0.913046
198.9 -0.961269 -0.947316
199 -0.872571 -0.978755
199.1 -0.768321 -1.0069
199.2 -0.642515 -1.03114
199.3 -0.486002 -1.05056
199.4 -0.284815 -1.06392
199.5 -0.0186765 -1.06933
199.6 0.336237 -1.06418
199.7 0.7871 -1.04518
199.8 1.27572 -1.00979
199.9 1.67168 -0.958872
200 1.89825 -0.897241
