0 2 0
0.1 1.85936 0.0655717
0.2 1.77816 0.127535
0.3 1.72199 0.187216
0.4 1.67734 0.245202
0.5 1.63807 0.301769
0.6 1.60114 0.357041
0.7 1.56491 0.411069
0.8 1.52845 0.463859
0.9 1.49112 0.51539
1 1.45248 0.565627
1.1 1.41213 0.614516
1.2 1.3697 0.661995
1.3 1.32476 0.707983
1.4 1.27681 0.752388
1.5 1.22525 0.795096
1.6 1.16929 0.835973
1.7 1.1079 0.87485
1.8 1.03969 0.91152
1.9 0.962728 0.945719
2 0.874275 0.977105
2.1 0.770333 1.00522
2.2 0.644912 1.02944
2.3 0.488878 1.0489
2.4 0.288264 1.06231
2.5 0.0227376 1.06784
2.6 -0.331757 1.06285
2.7 -0.782923 1.04406
2.8 -1.27298 1.00892
2.9 -1.67068 0.958235
3 -1.89815 0.89683
3.1 -1.99359 0.830106
3.2 -2.02109 0.761452
3.3 -2.0192 0.692444
3.4 -2.00521 0.623743
3.5 -1.98614 0.555621
3.6 -1.96478 0.488194
3.7 -1.94222 0.421519
3.8 -1.91889 0.355627
3.9 -1.89495 0.290543
4 -1.87045 0.226285
4.1 -1.84538 0.162873
4.2 -1.81973 0.100327
4.3 -1.79346 0.0386663
4.4 -1.76652 -0.0220864
4.5 -1.73887 -0.0819078
4.6 -1.71045 -0.140773
4.7 -1.68119 -0.198653
4.8 -1.65102 -0.25552
4.9 -1.61983 -0.311339
5 -1.58754 -0.366076
5.1 -1.55402 -0.41969
5.2 -1.51913 -0.472138
5.3 -1.4827 -0.523368
5.4 -1.44452 -0.573326
5.5 -1.40435 -0.621948
5.6 -1.36189 -0.669161
5.7 -1.31675 -0.71488
5.8 -1.26846 -0.759006
5.9 -1.2164 -0.801421
6 -1.15976 -0.841984
6.1 -1.09749 -0.880522
6.2 -1.02813 -0.916818
6.3 -0.949643 -0.950598
6.4 -0.859135 -0.981504
6.5 -0.75236 -1.00906
6.6 -0.622933 -1.0326
6.7 -0.461096 -1.05121
6.8 -0.251974 -1.06354
6.9 0.0257322 -1.06763
7 0.395575 -1.06073
7.1 0.858846 -1.03954
7.2 1.34379 -1.00182
7.3 1.71692 -0.949104
7.4 1.91964 -0.886566
7.5 2.0009 -0.819382
7.6 2.02204 -0.750604
7.7 2.01751 -0.681617
7.8 2.00243 -0.612996
7.9 1.98289 -0.544977
8 1.96129 -0.477666
8.1 1.9386 -0.411112
8.2 1.91517 -0.345346
8.3 1.89114 -0.28039
8.4 1.86655 -0.216264
8.5 1.84139 -0.152987
8.6 1.81564 -0.0905783
8.7 1.78927 -0.0290589
8.8 1.76223 0.031549
8.9 1.73446 0.0912218
9 1.70591 0.149934
9.1 1.67651 0.207657
9.2 1.64619 0.264361
9.3 1.61484 0.320013
9.4 1.58236 0.374577
9.5 1.54864 0.42801
9.6 1.51351 0.48027
9.7 1.47682 0.531304
9.8 1.43835 0.581057
9.9 1.39784 0.629462
10 1.35498 0.676446
10.1 1.30938 0.721922
10.2 1.26054 0.765787
10.3 1.20782 0.807922
10.4 1.15038 0.848179
10.5 1.08711 0.88638
10.6 1.01646 0.922301
10.7 0.936306 0.955655
10.8 0.843567 0.98607
10.9 0.733724 1.01304
11 0.599959 1.03588
11.1 0.431833 1.05361
11.2 0.213504 1.06479
11.3 -0.0772389 1.06736
11.4 -0.462887 1.05843
11.5 -0.936795 1.03472
11.6 -1.41295 0.994424
11.7 -1.75962 0.939776
11.8 -1.93862 0.876212
11.9 -2.007 0.80863
12 -2.02248 0.739756
12.1 -2.01562 0.670801
12.2 -1.99956 0.602264
12.3 -1.97959 0.534352
12.4 -1.95779 0.467157
12.5 -1.93496 0.400725
12.6 -1.91143 0.335085
12.7 -1.88731 0.270258
12.8 -1.86263 0.206264
12.9 -1.83738 0.143122
13 -1.81154 0.0808517
13.1 -1.78507 0.019474
13.2 -1.75791 -0.0409886
13.3 -1.73003 -0.100512
13.4 -1.70135 -0.159071
13.5 -1.67181 -0.216636
13.6 -1.64133 -0.273177
13.7 -1.60981 -0.328661
13.8 -1.57715 -0.383049
13.9 -1.54321 -0.436302
14 -1.50786 -0.488372
14.1 -1.4709 -0.539209
14.2 -1.43213 -0.588754
14.3 -1.39127 -0.636942
14.4 -1.34801 -0.683695
14.5 -1.30194 -0.728924
14.6 -1.25253 -0.772526
14.7 -1.19913 -0.814376
14.8 -1.14086 -0.854323
14.9 -1.07654 -0.892182
15 -1.00456 -0.92772
15.1 -0.922661 -0.96064
15.2 -0.827581 -0.990551
15.3 -0.714504 -1.01693
15.4 -0.576146 -1.03904
15.5 -0.401344 -1.05584
15.6 -0.173253 -1.06583
15.7 0.131136 -1.0668
15.8 0.532558 -1.05576
15.9 1.01495 -1.02949
16 1.47866 -0.986668
16.1 1.79796 -0.930229
16.2 1.9549 -0.865764
16.3 2.01187 -0.797849
16.4 2.0224 -0.728908
16.5 2.01351 -0.659996
16.6 1.99661 -0.591547
16.7 1.97626 -0.523744
16.8 1.95425 -0.456666
16.9 1.9313 -0.390357
17 1.90768 -0.324844
17.1 1.88347 -0.260146
17.2 1.8587 -0.196285
17.3 1.83336 -0.133279
17.4 1.80742 -0.0711471
17.5 1.78085 -0.00991177
17.6 1.75358 0.0504049
17.7 1.72558 0.109779
17.8 1.69677 0.168183
17.9 1.66709 0.225589
18 1.63645 0.281967
18.1 1.60476 0.337281
18.2 1.5719 0.391494
18.3 1.53776 0.444563
18.4 1.50216 0.496444
18.5 1.46493 0.547082
18.6 1.42585 0.596418
18.7 1.38464 0.644385
18.8 1.34097 0.690905
18.9 1.29441 0.735887
19 1.24443 0.779222
19.1 1.19033 0.820784
19.2 1.13119 0.860416
19.3 1.06579 0.897927
19.4 0.992419 0.933076
19.5 0.908694 0.965552
19.6 0.811155 0.994946
19.7 0.694667 1.02071
19.8 0.551445 1.04206
19.9 0.369553 1.05791
20 0.131121 1.06665
20.1 -0.187493 1.06595
20.2 -0.604427 1.05271
20.3 -1.09274 1.02383
20.4 -1.54051 0.978569
20.5 -1.83212 0.920488
20.6 -1.96876 0.855236
20.7 -2.01564 0.787045
20.8 -2.02187 0.718062
20.9 -2.01122 0.649203
21 -1.99357 0.580847
21.1 -1.97288 0.513154
21.2 -1.9507 0.446195
21.3 -1.92763 0.380009
21.4 -1.90391 0.314622
21.5 -1.87961 0.250055
21.6 -1.85476 0.186327
21.7 -1.82933 0.123457
21.8 -1.80329 0.0614647
21.9 -1.77661 0.000372164
22 -1.74923 -0.059798
22.1 -1.7211 -0.119021
22.2 -1.69216 -0.177271
22.3 -1.66234 -0.234518
22.4 -1.63154 -0.29073
22.5 -1.59967 -0.345874
22.6 -1.56663 -0.39991
22.7 -1.53226 -0.452796
22.8 -1.49642 -0.504485
22.9 -1.45892 -0.554922
23 -1.41952 -0.604048
23.1 -1.37795 -0.651794
23.2 -1.33386 -0.698078
23.3 -1.2868 -0.742808
23.4 -1.23622 -0.785874
23.5 -1.18139 -0.827144
23.6 -1.12136 -0.866456
23.7 -1.05484 -0.903614
23.8 -0.980022 -0.938365
23.9 -0.894389 -0.970387
24 -0.794266 -0.999251
24.1 -0.674179 -1.02438
24.2 -0.525802 -1.04495
24.3 -0.336381 -1.0598
24.4 -0.0870057 -1.06723
24.5 0.24636 -1.06479
24.6 0.678269 -1.04927
24.7 1.16957 -1.01776
24.8 1.59819 -0.97015
24.9 1.86233 -0.910573
25 1.98046 -0.844639
25.1 2.01846 -0.776225
25.2 2.02096 -0.707219
25.3 2.00876 -0.638422
25.4 1.99047 -0.570163
25.5 1.96947 -0.502582
25.6 1.94712 -0.435742
25.7 1.92394 -0.369681
25.8 1.90013 -0.304422
25.9 1.87574 -0.239985
26 1.8508 -0.17639
26.1 1.82528 -0.113657
26.2 1.79914 -0.0518045
26.3 1.77235 0.00914467
26.4 1.74486 0.0691677
26.5 1.71661 0.12824
26.6 1.68754 0.186334
26.7 1.65756 0.24342
26.8 1.62661 0.299467
26.9 1.59456 0.354439
27 1.56132 0.408298
27.1 1.52673 0.460999
27.2 1.49065 0.512495
27.3 1.45286 0.56273
27.4 1.41314 0.611644
27.5 1.3712 0.659166
27.6 1.32667 0.705212
27.7 1.2791 0.749689
27.8 1.22791 0.792482
27.9 1.17233 0.833455
28 1.11138 0.872444
28.1 1.04368 0.909241
28.2 0.967359 0.943587
28.3 0.87973 0.975144
28.4 0.77689 1.00346
28.5 0.653001 1.02794
28.6 0.499158 1.0477
28.7 0.301741 1.06152
28.8 0.0408071 1.06758
28.9 -0.307763 1.0633
29 -0.753796 1.04543
29.1 -1.24481 1.01129
29.2 -1.65148 0.961432
29.3 -1.88887 0.900506
29.4 -1.99024 0.833986
29.5 -2.02046 0.765391
29.6 -2.0197 0.696383
29.7 -2.00617 0.627656
29.8 -1.9873 0.559497
29.9 -1.96603 0.492028
30 -1.94353 0.425309
30.1 -1.92024 0.359372
30.2 -1.89633 0.294241
30.3 -1.87186 0.229936
30.4 -1.84683 0.166475
30.5 -1.82121 0.103878
30.6 -1.79498 0.0421666
30.7 -1.76808 -0.0186386
30.8 -1.74048 -0.0785139
30.9 -1.7121 -0.137434
31 -1.68289 -0.195372
31.1 -1.65277 -0.252297
31.2 -1.62164 -0.308178
31.3 -1.58942 -0.362977
31.4 -1.55597 -0.416657
31.5 -1.52117 -0.469172
31.6 -1.48483 -0.520474
31.7 -1.44676 -0.570506
31.8 -1.40671 -0.619206
31.9 -1.36438 -0.666501
32 -1.31941 -0.712308
32.1 -1.27131 -0.756528
32.2 -1.21949 -0.799045
32.3 -1.16314 -0.839718
32.4 -1.10123 -0.878377
32.5 -1.03232 -0.914808
32.6 -0.954421 -0.948741
32.7 -0.864699 -0.979822
32.8 -0.759 -1.00758
32.9 -0.631092 -1.03138
33 -0.471451 -1.0503
33.1 -0.265544 -1.06304
33.2 0.00757375 -1.06767
33.3 0.371698 -1.06148
33.4 0.830645 -1.04118
33.5 1.31787 -1.00441
33.6 1.70028 -0.952439
33.7 1.912 -0.890306
33.8 1.99833 -0.823285
33.9 2.02173 -0.754549
34 2.01814 -0.685554
34.1 2.00345 -0.616903
34.2 1.98407 -0.548847
34.3 1.96256 -0.481493
34.4 1.93992 -0.414895
34.5 1.91652 -0.349084
34.6 1.89253 -0.284081
34.7 1.86797 -0.219907
34.8 1.84284 -0.156581
34.9 1.81713 -0.0941218
35 1.7908 -0.032551
35.1 1.76379 0.0281096
35.2 1.73607 0.0878365
35.3 1.70757 0.146604
35.4 1.67822 0.204385
35.5 1.64795 0.261148
35.6 1.61666 0.316861
35.7 1.58425 0.371488
35.8 1.5506 0.424987
35.9 1.51556 0.477315
36 1.47896 0.528421
36.1 1.4406 0.578249
36.2 1.40022 0.626733
36.3 1.3575 0.6738
36.4 1.31207 0.719365
36.5 1.26343 0.763325
36.6 1.21095 0.805562
36.7 1.15381 0.845931
36.8 1.09091 0.884256
36.9 1.02073 0.920314
37 0.941192 0.953824
37.1 0.849277 0.984419
37.2 0.740568 1.0116
37.3 0.60841 1.0347
37.4 0.442615 1.05275
37.5 0.227699 1.06436
37.6 -0.0582306 1.06749
37.7 -0.438123 1.05931
37.8 -0.908389 1.03652
37.9 -1.38817 0.997157
38 -1.7446 0.943196
38.1 -1.93204 0.87999
38.2 -2.00494 0.812545
38.3 -2.02238 0.743703
38.4 -2.01633 0.674734
38.5 -2.00062 0.606166
38.6 -1.9808 0.538215
38.7 -1.95906 0.470977
38.8 -1.93628 0.404501
38.9 -1.91279 0.338815
39 -1.8887 0.273941
39.1 -1.86406 0.209899
39.2 -1.83884 0.146708
39.3 -1.81304 0.0843872
39.4 -1.7866 0.022958
39.5 -1.75948 -0.0375576
39.6 -1.73164 -0.0971355
39.7 -1.70301 -0.15575
39.8 -1.67352 -0.213373
39.9 -1.6431 -0.269973
40 -1.61164 -0.325518
40.1 -1.57905 -0.37997
40.2 -1.54519 -0.433289
40.3 -1.50992 -0.485428
40.4 -1.47306 -0.536337
40.5 -1.4344 -0.585958
40.6 -1.39367 -0.634225
40.7 -1.35055 -0.681062
40.8 -1.30465 -0.726382
40.9 -1.25546 -0.77008
41 -1.20231 -0.812034
41.1 -1.14434 -0.852094
41.2 -1.08041 -0.890078
41.3 -1.00892 -0.925756
41.4 -0.927661 -0.958836
41.5 -0.833445 -0.988931
41.6 -0.721564 -1.01553
41.7 -0.584908 -1.0379
41.8 -0.412581 -1.05505
41.9 -0.188107 -1.06548
42 0.11125 -1.06704
42.1 0.506951 -1.05678
42.2 0.986531 -1.03144
42.3 1.45519 -0.98953
42.4 1.78451 -0.933726
42.5 1.94927 -0.869575
42.6 2.01023 -0.801774
42.7 2.02248 -0.732854
42.8 2.0143 -0.663925
42.9 1.99769 -0.595444
43 1.97748 -0.5276
43.1 1.95554 -0.46048
43.2 1.93263 -0.394126
43.3 1.90904 -0.328566
43.4 1.88487 -0.263822
43.5 1.86013 -0.199912
43.6 1.83483 -0.136857
43.7 1.80892 -0.0746746
43.8 1.78238 -0.0133874
43.9 1.75516 0.0469824
44 1.7272 0.106411
44.1 1.69844 0.164871
44.2 1.66881 0.222335
44.3 1.63823 0.278773
44.4 1.6066 0.334148
44.5 1.57381 0.388425
44.6 1.53974 0.441562
44.7 1.50424 0.493511
44.8 1.46711 0.544222
44.9 1.42814 0.593634
45 1.38706 0.641682
45.1 1.34354 0.688287
45.2 1.29716 0.733359
45.3 1.24739 0.776792
45.4 1.19354 0.818458
45.5 1.13473 0.858206
45.6 1.06972 0.895844
45.7 0.996865 0.931135
45.8 0.913813 0.963774
45.9 0.817182 0.993358
46 0.701956 1.01934
46.1 0.560537 1.04098
46.2 0.381273 1.05718
46.3 0.146671 1.06638
46.4 -0.166705 1.06629
46.5 -0.578043 1.05387
46.6 -1.06452 1.02594
46.7 -1.51848 0.981554
46.8 -1.82016 0.924053
46.9 -1.96398 0.859074
47 -2.01438 0.790978
47.1 -2.02211 0.722007
47.2 -2.01207 0.653127
47.3 -1.99469 0.584738
47.4 -1.97412 0.517004
47.5 -1.952 0.450001
47.6 -1.92897 0.383771
47.7 -1.90528 0.318338
47.8 -1.88102 0.253724
47.9 -1.85619 0.189947
48 -1.8308 0.127027
48.1 -1.8048 0.0649841
48.2 -1.77815 0.00383959
48.3 -1.75082 -0.0563839
48.4 -1.72273 -0.115662
48.5 -1.69384 -0.173968
48.6 -1.66407 -0.231273
48.7 -1.63333 -0.287545
48.8 -1.60153 -0.342751
48.9 -1.56855 -0.396852
49 -1.53426 -0.449805
49.1 -1.49852 -0.501563
49.2 -1.46111 -0.552074
49.3 -1.42183 -0.601277
49.4 -1.38039 -0.649103
49.5 -1.33645 -0.695473
49.6 -1.28958 -0.740295
49.7 -1.23922 -0.78346
49.8 -1.18466 -0.824836
49.9 -1.12496 -0.864265
50 -1.05884 -0.901552
50.1 -0.984561 -0.936449
50.2 -0.899633 -0.968637
50.3 -0.800464 -0.997696
50.4 -0.681709 -1.02305
50.5 -0.535243 -1.04392
50.6 -0.348613 -1.05914
50.7 -0.103289 -1.06705
50.8 0.224654 -1.06525
50.9 0.651197 -1.05057
51 1.14177 -1.02002
51.1 1.57771 -0.973248
51.2 1.85178 -0.914198
51.3 1.97644 -0.848501
51.4 2.01754 -0.780162
51.5 2.02133 -0.711162
51.6 2.00967 -0.642342
51.7 1.9916 -0.574048
51.8 1.97072 -0.506425
51.9 1.94843 -0.439542
52 1.92529 -0.373435
52.1 1.90151 -0.30813
52.2 1.87715 -0.243646
52.3 1.85224 -0.180002
52.4 1.82675 -0.117219
52.5 1.80065 -0.0553158
52.6 1.7739 0.00568554
52.7 1.74645 0.0657622
52.8 1.71825 0.124889
52.9 1.68922 0.18304
53 1.6593 0.240185
53.1 1.6284 0.296292
53.2 1.59642 0.351327
53.3 1.56325 0.40525
53.4 1.52875 0.458018
53.5 1.49275 0.509585
53.6 1.45507 0.559894
53.7 1.41547 0.608885
53.8 1.37366 0.656488
53.9 1.32929 0.702622
54 1.28191 0.747191
54.1 1.23094 0.790084
54.2 1.17564 0.831165
54.3 1.11503 0.870272
54.4 1.04776 0.907201
54.5 0.971997 0.941695
54.6 0.885104 0.973423
54.7 0.783269 1.00194
54.8 0.660786 1.02665
54.9 0.508969 1.04672
55 0.314516 1.06091
55.1 0.0578593 1.06748
55.2 -0.285133 1.06388
55.3 -0.726149 1.04688
55.4 -1.21766 1.01369
55.5 -1.63261 0.964636
55.6 -1.87962 0.904184
55.7 -1.98689 0.837867
55.8 -2.01982 0.769333
55.9 -2.02019 0.700324
56 -2.00713 0.631571
56.1 -1.98846 0.563375
56.2 -1.96729 0.495865
56.3 -1.94484 0.429102
56.4 -1.92159 0.36312
56.5 -1.89772 0.297942
56.6 -1.87328 0.233589
56.7 -1.84828 0.170079
56.8 -1.82269 0.107433
56.9 -1.79649 0.0456698
57 -1.76964 -0.0151878
57.1 -1.74207 -0.0751169
57.2 -1.71374 -0.134092
57.3 -1.68458 -0.192087
57.4 -1.65451 -0.249071
57.5 -1.62345 -0.305012
57.6 -1.59129 -0.359875
57.7 -1.55792 -0.413619
57.8 -1.5232 -0.466203
57.9 -1.48695 -0.517575
58 -1.44898 -0.567681
58.1 -1.40906 -0.61646
58.2 -1.36687 -0.663837
58.3 -1.32206 -0.709732
58.4 -1.27415 -0.754045
58.5 -1.22256 -0.796663
58.6 -1.1665 -0.837446
58.7 -1.10494 -0.876225
58.8 -1.03648 -0.91279
58.9 -0.95916 -0.946874
59 -0.870211 -0.97813
59.1 -0.765569 -1.0061
59.2 -0.639148 -1.03014
59.3 -0.481656 -1.04937
59.4 -0.278897 -1.06251
59.5 -0.0102835 -1.06766
59.6 0.34815 -1.06218
59.7 0.802564 -1.04278
59.8 1.29159 -1.00696
59.9 1.68305 -0.95574
60 1.90396 -0.894031
60.1 1.99557 -0.827182
60.2 2.02135 -0.758494
60.3 2.01874 -0.689492
60.4 2.00445 -0.620813
60.5 1.98525 -0.552719
60.6 1.96383 -0.485323
60.7 1.94123 -0.418681
60.8 1.91788 -0.352824
60.9 1.89391 -0.287774
61 1.86939 -0.223552
61.1 1.84429 -0.160177
61.2 1.81862 -0.0976682
61.3 1.79232 -0.0360461
61.4 1.76535 0.0246672
61.5 1.73767 0.0844482
61.6 1.70922 0.143271
61.7 1.67992 0.201109
61.8 1.6497 0.257932
61.9 1.61847 0.313706
62 1.58613 0.368395
62.1 1.55256 0.42196
62.2 1.5176 0.474357
62.3 1.4811 0.525534
62.4 1.44285 0.575436
62.5 1.40258 0.623999
62.6 1.36001 0.67115
62.7 1.31475 0.716802
62.8 1.26631 0.760858
62.9 1.21407 0.803197
63 1.15722 0.843677
63.1 1.09468 0.882124
63.2 1.02497 0.918318
63.3 0.946038 0.951983
63.4 0.854933 0.982756
63.5 0.747338 1.01015
63.6 0.616753 1.03351
63.7 0.453239 1.05188
63.8 0.241662 1.0639
63.9 -0.0395351 1.06759
64 -0.413677 1.06014
64.1 -0.880036 1.03826
64.2 -1.36296 0.999841
64.3 -1.729 0.946585
64.4 -1.92509 0.883755
64.5 -2.00269 0.816455
64.6 -2.02221 0.747648
64.7 -2.01702 0.678669
64.8 -2.00166 0.61007
64.9 -1.98199 0.54208
65 -1.96034 0.4748
65.1 -1.93761 0.40828
65.2 -1.91415 0.342548
65.3 -1.8901 0.277627
65.4 -1.86548 0.213537
65.5 -1.8403 0.150297
65.6 -1.81453 0.0879256
65.7 -1.78813 0.0264449
65.8 -1.76105 -0.0341235
65.9 -1.73326 -0.0937557
66 -1.70467 -0.152426
66.1 -1.67523 -0.210106
66.2 -1.64486 -0.266766
66.3 -1.61347 -0.322372
66.4 -1.58094 -0.376888
66.5 -1.54716 -0.430273
66.6 -1.51198 -0.482481
66.7 -1.47521 -0.533462
66.8 -1.43666 -0.583158
66.9 -1.39606 -0.631504
67 -1.35309 -0.678425
67.1 -1.30736 -0.723834
67.2 -1.25837 -0.767628
67.3 -1.20547 -0.809685
67.4 -1.1478 -0.849858
67.5 -1.08425 -0.887967
67.6 -1.01324 -0.923784
67.7 -0.932619 -0.957021
67.8 -0.839253 -0.9873
67.9 -0.728545 -1.01411
68 -0.593555 -1.03675
68.1 -0.423649 -1.05423
68.2 -0.202717 -1.0651
68.3 0.0916855 -1.06724
68.4 0.481644 -1.05774
68.5 0.958094 -1.03333
68.6 1.43122 -0.992346
68.7 1.77049 -0.937195
68.8 1.94331 -0.873374
68.9 2.00845 -0.805695
69 2.02251 -0.7368
69.1 2.01506 -0.667856
69.2 1.99877 -0.599342
69.3 1.97869 -0.531459
69.4 1.95683 -0.464296
69.5 1.93396 -0.397898
69.6 1.91041 -0.332292
69.7 1.88626 -0.267501
69.8 1.86156 -0.203543
69.9 1.83629 -0.140438
70 1.81042 -0.078205
70.1 1.78392 -0.0168661
70.2 1.75673 0.0435568
70.3 1.72882 0.10304
70.4 1.7001 0.161556
70.5 1.67053 0.219078
70.6 1.64 0.275575
70.7 1.60844 0.331012
70.8 1.57572 0.385353
70.9 1.54173 0.438556
71 1.50631 0.490575
71.1 1.46928 0.541357
71.2 1.43042 0.590846
71.3 1.38947 0.638974
71.4 1.3461 0.685663
71.5 1.29989 0.730825
71.6 1.25033 0.774355
71.7 1.19675 0.816127
71.8 1.13824 0.855989
71.9 1.07363 0.893753
72 1.00128 0.929186
72.1 0.918888 0.961986
72.2 0.823149 0.991758
72.3 0.709161 1.01797
72.4 0.569506 1.03987
72.5 0.392814 1.05642
72.6 0.161963 1.06607
72.7 -0.146247 1.0666
72.8 -0.551932 1.05497
72.9 -1.03621 1.02799
73 -1.49591 0.984494
73.1 -1.80767 0.927593
73.2 -1.95891 0.862903
73.3 -2.013 0.794907
73.4 -2.0223 0.725952
73.5 -2.0129 0.657054
73.6 -1.99579 0.58863
73.7 -1.97534 0.520856
73.8 -1.95329 0.453811
73.9 -1.9303 0.387535
74 -1.90665 0.322056
74.1 -1.88242 0.257395
74.2 -1.85763 0.193569
74.3 -1.83226 0.1306
74.4 -1.8063 0.0685065
74.5 -1.77969 0.00731002
74.6 -1.7524 -0.0529668
74.7 -1.72436 -0.1123
74.8 -1.69552 -0.170662
74.9 -1.66579 -0.228025
75 -1.63511 -0.284357
75.1 -1.60337 -0.339625
75.2 -1.57047 -0.39379
75.3 -1.53626 -0.44681
75.4 -1.5006 -0.498638
75.5 -1.4633 -0.549221
75.6 -1.42413 -0.598501
75.7 -1.38282 -0.646408
75.8 -1.33904 -0.692864
75.9 -1.29234 -0.737777
76 -1.2422 -0.781039
76.1 -1.1879 -0.822522
76.2 -1.12853 -0.862067
76.3 -1.06282 -0.899482
76.4 -0.989066 -0.934524
76.5 -0.90483 -0.966877
76.6 -0.806599 -0.996128
76.7 -0.68915 -1.02172
76.8 -0.544554 -1.04286
76.9 -0.360654 -1.05844
77 -0.1193 -1.06683
77.1 0.203283 -1.06566
77.2 0.624364 -1.05182
77.3 1.1138 -1.02222
77.4 1.55665 -0.976306
77.5 1.84073 -0.917802
77.6 1.97215 -0.852354
77.7 2.0165 -0.784098
77.8 2.02166 -0.715107
77.9 2.01056 -0.646264
78 1.99273 -0.577934
78.1 1.97196 -0.510271
78.2 1.94973 -0.443344
78.3 1.92663 -0.377193
78.4 1.90288 -0.311841
78.5 1.87856 -0.247309
78.6 1.85368 -0.183617
78.7 1.82823 -0.120784
78.8 1.80216 -0.0588301
78.9 1.77545 0.00222339
79 1.74804 0.0623535
79.1 1.71988 0.121536
79.2 1.69091 0.179743
79.3 1.66104 0.236946
79.4 1.6302 0.293114
79.5 1.59828 0.34821
79.6 1.56518 0.402198
79.7 1.53076 0.455034
79.8 1.49485 0.50667
79.9 1.45727 0.557053
80 1.41779 0.606122
80.1 1.37612 0.653806
80.2 1.3319 0.700026
80.3 1.28471 0.744687
80.4 1.23396 0.787679
80.5 1.17894 0.828868
80.6 1.11866 0.868093
80.7 1.05182 0.905153
80.8 0.976598 0.939795
80.9 0.890431 0.971691
81 0.78958 1.00041
81.1 0.668478 1.02536
81.2 0.518643 1.04571
81.3 0.32709 1.06029
81.4 0.0746275 1.06735
81.5 -0.26284 1.06441
81.6 -0.698697 1.04827
81.7 -1.19025 1.01604
81.8 -1.61315 0.967803
81.9 -1.86992 0.907844
82 -1.9833 0.841741
82.1 -2.01909 0.773274
82.2 -2.02064 0.704266
82.3 -2.00807 0.635487
82.4 -1.98961 0.567255
82.5 -1.96854 0.499704
82.6 -1.94615 0.432897
82.7 -1.92294 0.36687
82.8 -1.8991 0.301645
82.9 -1.87469 0.237245
83 -1.84972 0.173686
83.1 -1.82417 0.11099
83.2 -1.79801 0.049176
83.3 -1.77119 -0.011734
83.4 -1.74367 -0.0717168
83.5 -1.71538 -0.130747
83.6 -1.68627 -0.188799
83.7 -1.65626 -0.245842
83.8 -1.62526 -0.301843
83.9 -1.59316 -0.356769
84 -1.55986 -0.410578
84.1 -1.52522 -0.463229
84.2 -1.48906 -0.514672
84.3 -1.4512 -0.564853
84.4 -1.4114 -0.613708
84.5 -1.36935 -0.661168
84.6 -1.3247 -0.70715
84.7 -1.27699 -0.751557
84.8 -1.22562 -0.794275
84.9 -1.16984 -0.835167
85 -1.10863 -0.874066
85.1 -1.04061 -0.910764
85.2 -0.963862 -0.944998
85.3 -0.875672 -0.976427
85.4 -0.772067 -1.0046
85.5 -0.647105 -1.02889
85.6 -0.491716 -1.04842
85.7 -0.292035 -1.06195
85.8 -0.0278439 -1.06763
85.9 0.324935 -1.06284
86 0.774622 -1.04432
86.1 1.26496 -1.00945
86.2 1.66522 -0.959007
86.3 1.8955 -0.897739
86.4 1.99261 -0.831074
86.5 2.02087 -0.762437
86.6 2.0193 -0.693431
86.7 2.00544 -0.624724
86.8 1.98642 -0.556593
86.9 1.96509 -0.489156
87 1.94255 -0.422469
87.1 1.91923 -0.356567
87.2 1.8953 -0.29147
87.3 1.8708 -0.227201
87.4 1.84574 -0.163777
87.5 1.8201 -0.101218
87.6 1.79384 -0.0395442
87.7 1.76691 0.0212217
87.8 1.73928 0.0810566
87.9 1.71087 0.139935
88 1.68162 0.19783
88.1 1.65146 0.254712
88.2 1.62029 0.310546
88.3 1.58801 0.365299
88.4 1.55451 0.41893
88.5 1.51964 0.471394
88.6 1.48323 0.522642
88.7 1.44508 0.572619
88.8 1.40494 0.621261
88.9 1.36252 0.668494
89 1.31742 0.714235
89.1 1.26917 0.758385
89.2 1.21717 0.800825
89.3 1.16061 0.841416
89.4 1.09843 0.879984
89.5 1.02918 0.916315
89.6 0.950845 0.950133
89.7 0.860536 0.981083
89.8 0.754033 1.00869
89.9 0.62499 1.0323
90 0.463708 1.05099
90.1 0.255399 1.06342
90.2 -0.0211481 1.06765
90.3 -0.389554 1.06092
90.4 -0.851761 1.03995
90.5 -1.33733 1.00247
90.6 -1.7128 0.949944
90.7 -1.91776 0.887506
90.8 -2.00027 0.820362
90.9 -2.02197 0.751594
91 -2.01767 0.682605
91.1 -2.00269 0.613976
91.2 -1.98318 0.545948
91.3 -1.96161 0.478626
91.4 -1.93893 0.412061
91.5 -1.91551 0.346283
91.6 -1.89149 0.281316
91.7 -1.8669 0.217178
91.8 -1.84175 0.153888
91.9 -1.81602 0.091467
92 -1.78965 0.0299347
92.1 -1.76262 -0.0306864
92.2 -1.73486 -0.0903728
92.3 -1.70633 -0.149099
92.4 -1.67694 -0.206836
92.5 -1.64663 -0.263556
92.6 -1.61529 -0.319223
92.7 -1.58283 -0.373802
92.8 -1.54913 -0.427252
92.9 -1.51403 -0.479529
93 -1.47736 -0.530582
93.1 -1.43891 -0.580353
93.2 -1.39844 -0.628778
93.3 -1.35562 -0.675783
93.4 -1.31006 -0.721281
93.5 -1.26127 -0.76517
93.6 -1.20861 -0.80733
93.7 -1.15125 -0.847616
93.8 -1.08806 -0.885848
93.9 -1.01754 -0.921803
94 -0.937536 -0.955197
94.1 -0.845005 -0.985657
94.2 -0.735448 -1.01268
94.3 -0.602089 -1.03559
94.4 -0.434553 -1.0534
94.5 -0.217087 -1.06469
94.6 0.0724406 -1.0674
94.7 0.456645 -1.05866
94.8 0.929665 -1.03518
94.9 1.40678 -0.995114
95 1.75591 -0.940637
95.1 1.937 -0.877161
95.2 2.0065 -0.809613
95.3 2.02246 -0.740746
95.4 2.0158 -0.671788
95.5 1.99983 -0.603242
95.6 1.9799 -0.535321
95.7 1.95811 -0.468115
95.8 1.93529 -0.401672
95.9 1.91177 -0.33602
96 1.88766 -0.271182
96.1 1.86299 -0.207176
96.2 1.83775 -0.144021
96.3 1.81192 -0.0817384
96.4 1.78545 -0.0203478
96.5 1.75831 0.0401281
96.6 1.73043 0.0996653
96.7 1.70177 0.158238
96.8 1.67224 0.215818
96.9 1.64177 0.272374
97 1.61027 0.327873
97.1 1.57762 0.382277
97.2 1.54371 0.435546
97.3 1.50837 0.487634
97.4 1.47144 0.538489
97.5 1.4327 0.588053
97.6 1.39187 0.636261
97.7 1.34865 0.683035
97.8 1.30262 0.728287
97.9 1.25327 0.771913
98 1.19993 0.813789
98.1 1.14174 0.853765
98.2 1.07751 0.891655
98.3 1.00566 0.927229
98.4 0.92392 0.960189
98.5 0.829057 0.990146
98.6 0.716283 1.01658
98.7 0.578355 1.03875
98.8 0.404179 1.05565
98.9 0.177003 1.06574
99 -0.126117 1.06686
99.1 -0.526106 1.05602
99.2 -1.00782 1.02998
99.3 -1.47282 0.98739
99.4 -1.79464 0.931109
99.5 -1.95352 0.866721
99.6 -2.01147 0.798834
99.7 -2.02243 0.729898
99.8 -2.01371 0.660982
99.9 -1.99688 0.592525
100 -1.97656 0.524711
100.1 -1.95458 0.457623
100.2 -1.93164 0.391302
100.3 -1.90802 0.325777
100.4 -1.88382 0.261068
100.5 -1.85906 0.197195
100.6 -1.83373 0.134176
100.7 -1.8078 0.0720318
100.8 -1.78123 0.0107835
100.9 -1.75398 -0.0495466
101 -1.72598 -0.108934
101.1 -1.69719 -0.167352
101.2 -1.66752 -0.224773
101.3 -1.63689 -0.281166
101.4 -1.60522 -0.336495
101.5 -1.57238 -0.390724
101.6 -1.53825 -0.443811
101.7 -1.50268 -0.495708
101.8 -1.46548 -0.546365
101.9 -1.42643 -0.59572
102 -1.38525 -0.643708
102.1 -1.34161 -0.690249
102.2 -1.2951 -0.735253
102.3 -1.24517 -0.778613
102.4 -1.19113 -0.820201
102.5 -1.13208 -0.859862
102.6 -1.06678 -0.897405
102.7 -0.993537 -0.93259
102.8 -0.909983 -0.965106
102.9 -0.812672 -0.994549
103 -0.696504 -1.02037
103.1 -0.553738 -1.04179
103.2 -0.372511 -1.05773
103.3 -0.135046 -1.06658
103.4 0.182246 -1.06604
103.5 0.597782 -1.05301
103.6 1.08567 -1.02437
103.7 1.53504 -0.979322
103.8 1.82917 -0.921384
103.9 1.96759 -0.856199
104 2.01534 -0.788032
104.1 2.02194 -0.719051
104.2 2.01143 -0.650187
104.3 1.99385 -0.581823
104.4 1.97319 -0.514119
104.5 1.95103 -0.447149
104.6 1.92797 -0.380953
104.7 1.90425 -0.315554
104.8 1.87997 -0.250975
104.9 1.85512 -0.187235
105 1.8297 -0.124352
105.1 1.80367 -0.0623474
105.2 1.777 -0.00124178
105.3 1.74963 0.0589418
105.4 1.72151 0.118179
105.5 1.69259 0.176442
105.6 1.66277 0.233704
105.7 1.63199 0.289931
105.8 1.60014 0.345091
105.9 1.56711 0.399143
106 1.53276 0.452046
106.1 1.49695 0.503752
106.2 1.45947 0.554208
106.3 1.4201 0.603353
106.4 1.37856 0.651119
106.5 1.33451 0.697425
106.6 1.2875 0.742178
106.7 1.23697 0.785269
106.8 1.18221 0.826565
106.9 1.12227 0.865907
107 1.05584 0.903097
107.1 0.981164 0.937885
107.2 0.895709 0.969949
107.3 0.795827 0.998862
107.4 0.676076 1.02405
107.5 0.528183 1.04469
107.6 0.339467 1.05964
107.7 0.0911164 1.06719
107.8 -0.240883 1.06491
107.9 -0.671456 1.0496
108 -1.16261 1.01834
108.1 -1.5931 0.970931
108.2 -1.85973 0.911485
108.3 -1.97947 0.845609
108.4 -2.01824 0.777213
108.5 -2.02105 0.708208
108.6 -2.00899 0.639406
108.7 -1.99075 0.571138
108.8 -1.96979 0.503546
108.9 -1.94745 0.436695
109 -1.92428 0.370622
109.1 -1.90047 0.305352
109.2 -1.8761 0.240903
109.3 -1.85116 0.177296
109.4 -1.82565 0.11455
109.5 -1.79952 0.0526851
109.6 -1.77274 -0.00827713
109.7 -1.74526 -0.0683136
109.8 -1.71702 -0.127399
109.9 -1.68796 -0.185508
110 -1.658 -0.242609
110.1 -1.62706 -0.298671
110.2 -1.59503 -0.353659
110.3 -1.5618 -0.407533
110.4 -1.52724 -0.460252
110.5 -1.49118 -0.511765
110.6 -1.45342 -0.562019
110.7 -1.41373 -0.610953
110.8 -1.37182 -0.658494
110.9 -1.32733 -0.704563
111 -1.2798 -0.749063
111.1 -1.22867 -0.791881
111.2 -1.17317 -0.832882
111.3 -1.1123 -0.8719
111.4 -1.04471 -0.90873
111.5 -0.968526 -0.943113
111.6 -0.881083 -0.974713
111.7 -0.778497 -1.00308
111.8 -0.654963 -1.02762
111.9 -0.501632 -1.04745
112 -0.304965 -1.06137
112.1 -0.0451121 -1.06756
112.2 0.302054 -1.06345
112.3 0.746842 -1.0458
112.4 1.23803 -1.0119
112.5 1.6468 -0.962239
112.6 1.88659 -0.901431
112.7 1.98942 -0.83496
112.8 2.02031 -0.76638
112.9 2.01982 -0.697371
113 2.00641 -0.628638
113.1 1.98759 -0.560469
113.2 1.96635 -0.492991
113.3 1.94386 -0.42626
113.4 1.92058 -0.360312
113.5 1.89668 -0.295169
113.6 1.87222 -0.230852
113.7 1.84719 -0.167379
113.8 1.82158 -0.10477
113.9 1.79536 -0.0430452
114 1.76847 0.0177732
114.1 1.74088 0.077662
114.2 1.71251 0.136596
114.3 1.68331 0.194548
114.4 1.65321 0.251488
114.5 1.6221 0.307384
114.6 1.58989 0.362199
114.7 1.55646 0.415895
114.8 1.52168 0.468427
114.9 1.48536 0.519747
115 1.44731 0.569798
115.1 1.4073 0.618517
115.2 1.36501 0.665833
115.3 1.32007 0.711662
115.4 1.27203 0.755906
115.5 1.22026 0.798448
115.6 1.16399 0.839149
115.7 1.10216 0.877838
115.8 1.03336 0.914303
115.9 0.955613 0.948273
116 0.866086 0.979399
116.1 0.760655 1.00721
116.2 0.633123 1.03107
116.3 0.474025 1.05007
116.4 0.268914 1.06291
116.5 -0.00306565 1.06767
116.6 -0.365759 1.06166
116.7 -0.823588 1.04159
116.8 -1.31131 1.00506
116.9 -1.69602 0.95327
117 -1.91003 0.891242
117.1 -1.99766 0.824263
117.2 -2.02165 0.755539
117.3 -2.0183 0.686542
117.4 -2.0037 0.617884
117.5 -1.98437 0.549818
117.6 -1.96288 0.482454
117.7 -1.94025 0.415845
117.8 -1.91686 0.350022
117.9 -1.89287 0.285007
118 -1.86832 0.220821
118.1 -1.84321 0.157483
118.2 -1.8175 0.0950112
118.3 -1.79118 0.0334276
118.4 -1.76418 -0.0272463
118.5 -1.73647 -0.0869868
118.6 -1.70798 -0.145768
118.7 -1.67865 -0.203563
118.8 -1.64839 -0.260342
118.9 -1.61711 -0.31607
119 -1.58472 -0.370712
119.1 -1.55109 -0.424228
119.2 -1.51607 -0.476573
119.3 -1.4795 -0.527697
119.4 -1.44116 -0.577544
119.5 -1.40081 -0.626048
119.6 -1.35813 -0.673136
119.7 -1.31274 -0.718722
119.8 -1.26415 -0.762707
119.9 -1.21174 -0.804969
120 -1.15467 -0.845367
120.1 -1.09186 -0.883721
120.2 -1.0218 -0.919814
120.3 -0.942412 -0.953363
120.4 -0.850701 -0.984003
120.5 -0.742274 -1.01124
120.6 -0.610513 -1.03441
120.7 -0.445295 -1.05254
120.8 -0.231223 -1.06425
120.9 0.0535111 -1.06752
121 0.43196 -1.05952
121.1 0.90127 -1.03696
121.2 1.38189 -0.997835
121.3 1.74074 -0.944049
121.4 1.93033 -0.880936
121.5 2.00439 -0.813526
121.6 2.02235 -0.744692
121.7 2.01651 -0.675721
121.8 2.00088 -0.607145
121.9 1.9811 -0.539184
122 1.95938 -0.471936
122.1 1.93662 -0.405449
122.2 1.91313 -0.339751
122.3 1.88905 -0.274866
122.4 1.86441 -0.210812
122.5 1.83921 -0.147608
122.6 1.81341 -0.0852746
122.7 1.78698 -0.0238325
122.8 1.75988 0.0366964
122.9 1.73205 0.0962879
123 1.70343 0.154916
123.1 1.67395 0.212554
123.2 1.64354 0.269169
123.3 1.6121 0.324729
123.4 1.57952 0.379198
123.5 1.54568 0.432533
123.6 1.51044 0.484689
123.7 1.4736 0.535616
123.8 1.43496 0.585256
123.9 1.39427 0.633543
124 1.35119 0.680401
124.1 1.30533 0.725743
124.2 1.25619 0.769465
124.3 1.2031 0.811445
124.4 1.14521 0.851534
124.5 1.08137 0.889549
124.6 1.01001 0.925262
124.7 0.928909 0.958381
124.8 0.834908 0.988523
124.9 0.723323 1.01517
125 0.587088 1.03762
125.1 0.415373 1.05485
125.2 0.191795 1.06538
125.3 -0.106311 1.06709
125.4 -0.500574 1.05702
125.5 -0.979397 1.03192
125.6 -1.44922 0.990241
125.7 -1.78104 0.934599
125.8 -1.94781 0.870529
125.9 -2.0098 0.802758
126 -2.0225 0.733844
126.1 -2.01449 0.664911
126.2 -1.99796 0.596421
126.3 -1.97778 0.528568
126.4 -1.95586 0.461437
126.5 -1.93297 0.395072
126.6 -1.90938 0.329501
126.7 -1.88522 0.264745
126.8 -1.86049 0.200823
126.9 -1.83519 0.137755
127 -1.8093 0.0755601
127.1 -1.78277 0.0142599
127.2 -1.75555 -0.0461233
127.3 -1.7276 -0.105565
127.4 -1.69886 -0.16404
127.5 -1.66924 -0.221519
127.6 -1.63867 -0.277971
127.7 -1.60706 -0.333362
127.8 -1.57429 -0.387655
127.9 -1.54024 -0.440808
128 -1.50476 -0.492775
128.1 -1.46765 -0.543504
128.2 -1.42871 -0.592935
128.3 -1.38767 -0.641003
128.4 -1.34418 -0.687629
128.5 -1.29784 -0.732724
128.6 -1.24813 -0.776181
128.7 -1.19435 -0.817874
128.8 -1.13561 -0.85765
128.9 -1.0707 -0.89532
129 -0.997975 -0.930647
129.1 -0.91509 -0.963326
129.2 -0.818684 -0.992957
129.3 -0.703772 -1.019
129.4 -0.562798 -1.0407
129.5 -0.384185 -1.05699
129.6 -0.150531 -1.0663
129.7 0.161541 -1.06637
129.8 0.571466 -1.05415
129.9 1.05743 -1.02646
130 1.51287 -0.982296
130.1 1.81708 -0.924943
130.2 1.96274 -0.860035
130.3 2.01405 -0.791964
130.4 2.02217 -0.722996
130.5 2.01228 -0.654112
130.6 1.99496 -0.585714
130.7 1.97442 -0.51797
130.8 1.95232 -0.450957
130.9 1.9293 -0.384715
131 1.90562 -0.319271
131.1 1.88137 -0.254644
131.2 1.85655 -0.190855
131.3 1.83117 -0.127923
131.4 1.80517 -0.0658676
131.5 1.77854 -0.00470995
131.6 1.75121 0.055527
131.7 1.72314 0.114819
131.8 1.69426 0.173139
131.9 1.6645 0.230458
132 1.63378 0.286746
132.1 1.60199 0.341967
132.2 1.56903 0.396084
132.3 1.53477 0.449054
132.4 1.49904 0.50083
132.5 1.46166 0.551359
132.6 1.42241 0.600581
132.7 1.381 0.648427
132.8 1.3371 0.694819
132.9 1.29027 0.739664
133 1.23997 0.782853
133.1 1.18547 0.824256
133.2 1.12585 0.863715
133.3 1.05984 0.901034
133.4 0.985695 0.935967
133.5 0.900941 0.968196
133.6 0.802009 0.997304
133.7 0.683584 1.02272
133.8 0.537591 1.04365
133.9 0.351651 1.05896
134 0.107331 1.067
134.1 -0.219261 1.06535
134.2 -0.644442 1.05089
134.3 -1.13477 1.02058
134.4 -1.57248 0.974019
134.5 -1.84906 0.915105
134.6 -1.97539 0.849468
134.7 -2.01729 0.78115
134.8 -2.02142 0.712152
134.9 -2.0099 0.643326
135 -1.99189 0.575023
135.1 -1.97103 0.50739
135.2 -1.94875 0.440496
135.3 -1.92562 0.374378
135.4 -1.90185 0.309061
135.5 -1.87751 0.244565
135.6 -1.8526 0.180909
135.7 -1.82712 0.118113
135.8 -1.80103 0.0561972
135.9 -1.77429 -0.00481725
136 -1.74685 -0.0649073
136.1 -1.71866 -0.124048
136.2 -1.68965 -0.182213
136.3 -1.65974 -0.239373
136.4 -1.62885 -0.295495
136.5 -1.59689 -0.350545
136.6 -1.56374 -0.404485
136.7 -1.52925 -0.45727
136.8 -1.49328 -0.508854
136.9 -1.45562 -0.559182
137 -1.41605 -0.608192
137.1 -1.37428 -0.655816
137.2 -1.32995 -0.701971
137.3 -1.28261 -0.746563
137.4 -1.2317 -0.789481
137.5 -1.17647 -0.83059
137.6 -1.11594 -0.869726
137.7 -1.04878 -0.906688
137.8 -0.973154 -0.941219
137.9 -0.886445 -0.972989
138 -0.784858 -1.00156
138.1 -0.662725 -1.02633
138.2 -0.511409 -1.04647
138.3 -0.31769 -1.06076
138.4 -0.0620926 -1.06745
138.5 0.279509 -1.06402
138.6 0.719243 -1.04723
138.7 1.21081 -1.01429
138.8 1.62778 -0.965434
138.9 1.87723 -0.905104
139 1.98601 -0.83884
139.1 2.01965 -0.770322
139.2 2.02031 -0.701312
139.3 2.00736 -0.632553
139.4 1.98875 -0.564348
139.5 1.9676 -0.496828
139.6 1.94517 -0.430054
139.7 1.92193 -0.36406
139.8 1.89806 -0.298871
139.9 1.87363 -0.234506
140 1.84864 -0.170984
140.1 1.82306 -0.108325
140.2 1.79687 -0.0465491
140.3 1.77003 0.0143216
140.4 1.74247 0.0742642
140.5 1.71416 0.133254
140.6 1.68501 0.191262
140.7 1.65495 0.248261
140.8 1.62391 0.304218
140.9 1.59176 0.359096
141 1.55841 0.412857
141.1 1.5237 0.465457
141.2 1.48748 0.516847
141.3 1.44954 0.566972
141.4 1.40964 0.61577
141.5 1.36749 0.663168
141.6 1.32272 0.709084
141.7 1.27487 0.753421
141.8 1.22333 0.796064
141.9 1.16734 0.836875
142 1.10587 0.875684
142.1 1.03752 0.912283
142.2 0.960343 0.946404
142.3 0.871585 0.977704
142.4 0.767206 1.00572
142.5 0.641154 1.02983
142.6 0.484194 1.04914
142.7 0.282213 1.06237
142.8 0.0147167 1.06766
142.9 -0.342294 1.06235
143 -0.79554 1.04317
143.1 -1.28494 1.00759
143.2 -1.67864 0.956563
143.3 -1.90188 0.894963
143.4 -1.99485 0.828159
143.5 -2.02124 0.759483
143.6 -2.01888 0.69048
143.7 -2.0047 0.621794
143.8 -1.98555 0.553691
143.9 -1.96414 0.486285
144 -1.94156 0.419631
144.1 -1.91822 0.353763
144.2 -1.89426 0.288701
144.3 -1.86974 0.224467
144.4 -1.84466 0.16108
144.5 -1.81899 0.0985584
144.6 -1.7927 0.0369234
144.7 -1.76575 -0.0238031
144.8 -1.73808 -0.0835976
144.9 -1.70963 -0.142435
145 -1.68035 -0.200287
145.1 -1.65014 -0.257124
145.2 -1.61893 -0.312913
145.3 -1.58661 -0.367619
145.4 -1.55305 -0.421201
145.5 -1.51812 -0.473614
145.6 -1.48164 -0.524809
145.7 -1.44341 -0.57473
145.8 -1.40318 -0.623313
145.9 -1.36064 -0.670484
146 -1.31542 -0.716159
146.1 -1.26703 -0.760238
146.2 -1.21485 -0.802603
146.3 -1.15808 -0.843111
146.4 -1.09563 -0.881588
146.5 -1.02603 -0.917816
146.6 -0.947248 -0.95152
146.7 -0.856344 -0.982338
146.8 -0.749024 -1.00979
146.9 -0.618829 -1.03321
147 -0.45588 -1.05166
147.1 -0.245129 -1.06378
147.2 0.0348934 -1.06761
147.3 0.407594 -1.06034
147.4 0.872934 -1.03869
147.5 1.35656 -1.00051
147.6 1.72499 -0.947431
147.7 1.92329 -0.884697
147.8 2.0021 -0.817436
147.9 2.02216 -0.748638
148 2.01719 -0.679656
148.1 2.00192 -0.61105
148.2 1.98229 -0.54305
148.3 1.96066 -0.47576
148.4 1.93794 -0.409228
148.5 1.91449 -0.343485
148.6 1.89044 -0.278552
148.7 1.86584 -0.21445
148.8 1.84066 -0.151197
148.9 1.8149 -0.0888138
149 1.78851 -0.0273201
149.1 1.76145 0.0332615
149.2 1.73366 0.0929073
149.3 1.70509 0.151592
149.4 1.67566 0.209286
149.5 1.64531 0.265961
149.6 1.61393 0.321583
149.7 1.58142 0.376114
149.8 1.54766 0.429515
149.9 1.51249 0.481741
150 1.47575 0.532739
150.1 1.43722 0.582454
150.2 1.39665 0.630821
150.3 1.35372 0.677763
150.4 1.30804 0.723194
150.5 1.2591 0.767012
150.6 1.20626 0.809095
150.7 1.14867 0.849296
150.8 1.08521 0.887436
150.9 1.01432 0.923288
151 0.933856 0.956564
151.1 0.840701 0.986888
151.2 0.730284 1.01375
151.3 0.595706 1.03646
151.4 0.4264 1.05402
151.5 0.206344 1.065
151.6 -0.0868275 1.06728
151.7 -0.475343 1.05797
151.8 -0.95096 1.0338
151.9 -1.42513 0.993045
152 -1.76689 0.938061
152.1 -1.94176 0.874325
152.2 -2.00797 0.806678
152.3 -2.0225 0.73779
152.4 -2.01525 0.668842
152.5 -1.99904 0.60032
152.6 -1.97899 0.532428
152.7 -1.95715 0.465254
152.8 -1.9343 0.398844
152.9 -1.91075 0.333227
153 -1.88661 0.268424
153.1 -1.86192 0.204454
153.2 -1.83666 0.141336
153.3 -1.8108 0.0790912
153.4 -1.7843 0.0177393
153.5 -1.75713 -0.0426969
153.6 -1.72922 -0.102193
153.7 -1.70052 -0.160724
153.8 -1.67096 -0.21826
153.9 -1.64045 -0.274772
154 -1.6089 -0.330225
154.1 -1.5762 -0.384582
154.2 -1.54223 -0.437801
154.3 -1.50683 -0.489837
154.4 -1.46982 -0.540638
154.5 -1.43099 -0.590146
154.6 -1.39007 -0.638293
154.7 -1.34674 -0.685004
154.8 -1.30058 -0.730189
154.9 -1.25107 -0.773743
155 -1.19755 -0.815541
155.1 -1.13912 -0.855431
155.2 -1.07461 -0.893228
155.3 -1.00238 -0.928696
155.4 -0.920154 -0.961536
155.5 -0.824637 -0.991354
155.6 -0.710955 -1.01762
155.7 -0.571737 -1.03959
155.8 -0.395681 -1.05623
155.9 -0.16576 -1.06599
156 0.141166 -1.06667
156.1 0.545426 -1.05524
156.2 1.02909 -1.02849
156.3 1.49017 -0.985225
156.4 1.80445 -0.928478
156.5 1.95759 -0.863862
156.6 2.01263 -0.795893
156.7 2.02234 -0.726942
156.8 2.01311 -0.658039
156.9 1.99606 -0.589607
157 1.97565 -0.521823
157.1 1.95361 -0.454767
157.2 1.93064 -0.38848
157.3 1.90699 -0.32299
157.4 1.88277 -0.258316
157.5 1.85799 -0.194479
157.6 1.83263 -0.131497
157.7 1.80668 -0.0693907
157.8 1.78008 -0.00818114
157.9 1.75279 0.052109
158 1.72477 0.111455
158.1 1.69594 0.169832
158.2 1.66623 0.227209
158.3 1.63556 0.283557
158.4 1.60384 0.33884
158.5 1.57095 0.393021
158.6 1.53676 0.446058
158.7 1.50112 0.497903
158.8 1.46385 0.548505
158.9 1.42471 0.597804
159 1.38343 0.645731
159.1 1.33968 0.692208
159.2 1.29304 0.737144
159.3 1.24295 0.780431
159.4 1.18872 0.82194
159.5 1.12942 0.861515
159.6 1.06382 0.898962
159.7 0.990191 0.934039
159.8 0.906127 0.966434
159.9 0.808129 0.995733
160 0.691003 1.02138
160.1 0.546869 1.04259
160.2 0.363646 1.05827
160.3 0.123276 1.06677
160.4 -0.197974 1.06576
160.5 -0.617671 1.05212
160.6 -1.10675 1.02276
160.7 -1.55128 0.977067
160.8 -1.83788 0.918703
160.9 -1.97103 0.85332
161 -2.01622 0.785085
161.1 -2.02173 0.716096
161.2 -2.01078 0.647248
161.3 -1.99302 0.57891
161.4 -1.97227 0.511236
161.5 -1.95005 0.444299
161.6 -1.92696 0.378136
161.7 -1.90323 0.312772
161.8 -1.87891 0.248229
161.9 -1.85404 0.184525
162 -1.82859 0.121679
162.1 -1.80254 0.0597123
162.2 -1.77584 -0.00135434
162.3 -1.74844 -0.0614979
162.4 -1.72029 -0.120694
162.5 -1.69133 -0.178915
162.6 -1.66147 -0.236133
162.7 -1.63065 -0.292316
162.8 -1.59875 -0.347428
162.9 -1.56567 -0.401432
163 -1.53126 -0.454285
163.1 -1.49538 -0.505939
163.2 -1.45783 -0.55634
163.3 -1.41837 -0.605428
163.4 -1.37673 -0.653132
163.5 -1.33256 -0.699374
163.6 -1.28541 -0.744058
163.7 -1.23472 -0.787075
163.8 -1.17976 -0.828291
163.9 -1.11957 -0.867546
164 -1.05283 -0.904638
164.1 -0.977747 -0.939316
164.2 -0.891759 -0.971255
164.3 -0.791154 -1.00002
164.4 -0.670393 -1.02503
164.5 -0.521049 -1.04546
164.6 -0.330214 -1.06013
164.7 -0.0787903 -1.06731
164.8 0.2573 -1.06454
164.9 0.691842 -1.04861
165 1.18334 -1.01662
165.1 1.60817 -0.968591
165.2 1.86741 -0.908759
165.3 1.98237 -0.842712
165.4 2.01888 -0.774262
165.5 2.02075 -0.705255
165.6 2.0083 -0.63647
165.7 1.9899 -0.568229
165.8 1.96885 -0.500668
165.9 1.94647 -0.43385
166 1.92327 -0.367811
166.1 1.89944 -0.302575
166.2 1.87504 -0.238162
166.3 1.85008 -0.174592
166.4 1.82454 -0.111883
166.5 1.79839 -0.0500561
166.6 1.77158 0.010867
166.7 1.74407 0.0708633
166.8 1.7158 0.129908
166.9 1.6867 0.187974
167 1.6567 0.245031
167.1 1.62571 0.301048
167.2 1.59363 0.355989
167.3 1.56035 0.409815
167.4 1.52573 0.462482
167.5 1.48959 0.513943
167.6 1.45176 0.564142
167.7 1.41198 0.613017
167.8 1.36997 0.660498
167.9 1.32536 0.706501
168 1.27769 0.750932
168.1 1.22639 0.793675
168.2 1.17068 0.834594
168.3 1.10955 0.873523
168.4 1.04164 0.910255
168.5 0.965035 0.944526
168.6 0.877034 0.975998
168.7 0.773687 1.00422
168.8 0.649085 1.02857
168.9 0.494217 1.04818
169 0.295299 1.06181
169.1 0.0322034 1.06761
169.2 -0.319163 1.063
169.3 -0.767637 1.04469
169.4 -1.25824 1.01007
169.5 -1.66066 0.959821
169.6 -1.8933 0.898667
169.7 -1.99183 0.832049
169.8 -2.02074 0.763427
169.9 -2.01944 0.694419
170 -2.00568 0.625706
170.1 -1.98672 0.557565
170.2 -1.96541 0.490118
170.3 -1.94288 0.42342
170.4 -1.91957 0.357506
170.5 -1.89564 0.292398
170.6 -1.87116 0.228116
170.7 -1.84611 0.16468
170.8 -1.82047 0.102108
170.9 -1.79422 0.0404222
171 -1.76731 -0.0203568
171.1 -1.73968 -0.0802053
171.2 -1.71128 -0.139098
171.3 -1.68204 -0.197007
171.4 -1.6519 -0.253903
171.5 -1.62074 -0.309753
171.6 -1.58849 -0.364522
171.7 -1.555 -0.418169
171.8 -1.52015 -0.47065
171.9 -1.48377 -0.521916
172 -1.44564 -0.571912
172.1 -1.40554 -0.620573
172.2 -1.36314 -0.667827
172.3 -1.31808 -0.71359
172.4 -1.26989 -0.757763
172.5 -1.21795 -0.800229
172.6 -1.16146 -0.840848
172.7 -1.09937 -0.879447
172.8 -1.03024 -0.915811
172.9 -0.952045 -0.949667
173 -0.861933 -0.980661
173.1 -0.755701 -1.00832
173.2 -0.62704 -1.03199
173.3 -0.466311 -1.05076
173.4 -0.25881 -1.06329
173.5 0.0165832 -1.06766
173.6 0.383554 -1.06111
173.7 0.844683 -1.04037
173.8 1.33084 -1.00313
173.9 1.70865 -0.950782
174 1.91586 -0.888444
174.1 1.99963 -0.821341
174.2 2.0219 -0.752584
174.3 2.01783 -0.683592
174.4 2.00294 -0.614956
174.5 1.98348 -0.546919
174.6 1.96193 -0.479586
174.7 1.93926 -0.41301
174.8 1.91585 -0.347221
174.9 1.89183 -0.282242
175 1.86726 -0.218092
175.1 1.84212 -0.15479
175.2 1.81639 -0.0923559
175.3 1.79004 -0.0308107
175.4 1.76301 0.0298237
175.5 1.73527 0.0895236
175.6 1.70674 0.148264
175.7 1.67737 0.206016
175.8 1.64707 0.26275
175.9 1.61575 0.318432
176 1.58331 0.373027
176.1 1.54962 0.426494
176.2 1.51454 0.478788
176.3 1.4779 0.529858
176.4 1.43948 0.579648
176.5 1.39903 0.628094
176.6 1.35625 0.675119
176.7 1.31073 0.720639
176.8 1.26199 0.764553
176.9 1.2094 0.806739
177 1.15211 0.847052
177.1 1.08902 0.885315
177.2 1.01861 0.921305
177.3 0.938763 0.954738
177.4 0.846439 0.985243
177.5 0.737167 1.01232
177.6 0.604213 1.03529
177.7 0.437263 1.05318
177.8 0.220655 1.06458
177.9 -0.0676621 1.06743
178 -0.450422 1.05888
178.1 -0.922537 1.03563
178.2 -1.40058 0.995801
178.3 -1.75216 0.941495
178.4 -1.93537 0.878109
178.5 -2.00599 0.810595
178.6 -2.02244 0.741736
178.7 -2.01598 0.672774
178.8 -2.00009 0.604221
178.9 -1.9802 0.53629
179 -1.95843 0.469073
179.1 -1.93562 0.402619
179.2 -1.91211 0.336956
179.3 -1.88801 0.272106
179.4 -1.86335 0.208088
179.5 -1.83812 0.144921
179.6 -1.81229 0.0826253
179.7 -1.78583 0.0212217
179.8 -1.7587 -0.0392674
179.9 -1.73084 -0.0988183
180 -1.70219 -0.157405
180.1 -1.67267 -0.214999
180.2 -1.64222 -0.27157
180.3 -1.61073 -0.327084
180.4 -1.5781 -0.381505
180.5 -1.54421 -0.43479
180.6 -1.50889 -0.486896
180.7 -1.47198 -0.537769
180.8 -1.43327 -0.587352
180.9 -1.39247 -0.635579
181 -1.34929 -0.682374
181.1 -1.3033 -0.727649
181.2 -1.254 -0.7713
181.3 -1.20073 -0.813202
181.4 -1.14261 -0.853206
181.5 -1.07848 -0.891127
181.6 -1.00675 -0.926736
181.7 -0.925175 -0.959736
181.8 -0.83053 -0.98974
181.9 -0.718057 -1.01623
182 -0.580557 -1.03847
182.1 -0.407003 -1.05545
182.2 -0.180737 -1.06566
182.3 0.121117 -1.06693
182.4 0.519673 -1.05628
182.5 1.00069 -1.03047
182.6 1.46695 -0.98811
182.7 1.79128 -0.931987
182.8 1.95212 -0.867677
182.9 2.01106 -0.799819
183 2.02245 -0.730888
183.1 2.01391 -0.661967
183.2 1.99715 -0.593502
183.3 1.97687 -0.525678
183.4 1.9549 -0.458579
183.5 1.93197 -0.392248
183.6 1.90836 -0.326711
183.7 1.88417 -0.26199
183.8 1.85942 -0.198105
183.9 1.8341 -0.135074
184 1.80818 -0.0729167
184.1 1.78162 -0.0116553
184.2 1.75437 0.048688
184.3 1.72639 0.108089
184.4 1.69761 0.166522
184.5 1.66795 0.223957
184.6 1.63734 0.280364
184.7 1.60568 0.335709
184.8 1.57286 0.389954
184.9 1.53875 0.443058
185 1.5032 0.494973
185.1 1.46603 0.545647
185.2 1.427 0.595022
185.3 1.38586 0.64303
185.4 1.34226 0.689592
185.5 1.29579 0.734619
185.6 1.24591 0.778003
185.7 1.19194 0.819618
185.8 1.13297 0.859308
185.9 1.06776 0.896883
186 0.994654 0.932103
186.1 0.911268 0.964661
186.2 0.814186 0.994151
186.3 0.698335 1.02002
186.4 0.556022 1.04152
186.5 0.375456 1.05755
186.6 0.138956 1.06651
186.7 -0.177021 1.06613
186.8 -0.591155 1.0533
186.9 -1.0786 1.02489
187 -1.52953 0.980072
187.1 -1.82619 0.922279
187.2 -1.9664 0.857163
187.3 -2.01503 0.789019
187.4 -2.022 0.720041
187.5 -2.01165 0.651172
187.6 -1.99413 0.582799
187.7 -1.9735 0.515085
187.8 -1.95135 0.448104
187.9 -1.9283 0.381896
188 -1.9046 0.316486
188.1 -1.88032 0.251896
188.2 -1.85548 0.188143
188.3 -1.83007 0.125248
188.4 -1.80405 0.0632302
188.5 -1.77738 0.00211158
188.6 -1.75003 -0.0580854
188.7 -1.72192 -0.117336
188.8 -1.69301 -0.175614
188.9 -1.66321 -0.23289
189 -1.63244 -0.289133
189.1 -1.6006 -0.344307
189.2 -1.56759 -0.398376
189.3 -1.53327 -0.451296
189.4 -1.49747 -0.503019
189.5 -1.46002 -0.553494
189.6 -1.42068 -0.602658
189.7 -1.37918 -0.650444
189.8 -1.33516 -0.696772
189.9 -1.28819 -0.741548
190 -1.23772 -0.784663
190.1 -1.18303 -0.825987
190.2 -1.12317 -0.865358
190.3 -1.05685 -0.90258
190.4 -0.982304 -0.937405
190.5 -0.897026 -0.96951
190.6 -0.797384 -0.998472
190.7 -0.677968 -1.02372
190.8 -0.530555 -1.04443
190.9 -0.342542 -1.05947
191 -0.0952098 -1.06714
191.1 0.235427 -1.06502
191.2 0.664657 -1.04993
191.3 1.15564 -1.0189
191.4 1.58798 -0.971709
191.5 1.8571 -0.912395
191.6 1.97847 -0.846578
191.7 2.01801 -0.778201
191.8 2.02115 -0.709198
191.9 2.00922 -0.640389
192 1.99104 -0.572112
192.1 1.9701 -0.50451
192.2 1.94778 -0.437648
192.3 1.92462 -0.371564
192.4 1.90082 -0.306282
192.5 1.87645 -0.241821
192.6 1.85152 -0.178202
192.7 1.82602 -0.115444
192.8 1.7999 -0.053566
192.9 1.77313 0.00740941
193 1.74566 0.0674593
193.1 1.71743 0.126559
193.2 1.68838 0.184681
193.3 1.65844 0.241797
193.4 1.62751 0.297874
193.5 1.5955 0.352878
193.6 1.56229 0.406769
193.7 1.52774 0.459504
193.8 1.4917 0.511035
193.9 1.45397 0.561308
194 1.41431 0.610261
194.1 1.37244 0.657823
194.2 1.32799 0.703913
194.3 1.28051 0.748436
194.4 1.22943 0.791279
194.5 1.174 0.832307
194.6 1.11321 0.871355
194.7 1.04573 0.908219
194.8 0.969691 0.942639
194.9 0.882433 0.974282
195 0.780099 1.0027
195.1 0.656919 1.0273
195.2 0.504098 1.04721
195.3 0.308176 1.06122
195.4 0.0493989 1.06753
195.5 -0.296366 1.0636
195.6 -0.739901 1.04616
195.7 -1.23123 1.0125
195.8 -1.64208 0.963044
195.9 -1.88429 0.902354
196 -1.98859 0.835934
196.1 -2.02015 0.767369
196.2 -2.01995 0.69836
196.3 -2.00665 0.62962
196.4 -1.98788 0.561442
196.5 -1.96666 0.493953
196.6 -1.94419 0.427212
196.7 -1.92092 0.361252
196.8 -1.89703 0.296098
196.9 -1.87257 0.231768
197 -1.84755 0.168283
197.1 -1.82195 0.105661
197.2 -1.79574 0.043924
197.3 -1.76886 -0.0169076
197.4 -1.74128 -0.0768099
197.5 -1.71293 -0.135758
197.6 -1.68374 -0.193724
197.7 -1.65364 -0.250679
197.8 -1.62255 -0.30659
197.9 -1.59036 -0.361421
198 -1.55695 -0.415133
198.1 -1.52218 -0.467683
198.2 -1.48589 -0.51902
198.3 -1.44787 -0.569089
198.4 -1.40789 -0.617829
198.5 -1.36563 -0.665165
198.6 -1.32074 -0.711016
198.7 -1.27274 -0.755283
198.8 -1.22103 -0.79785
198.9 -1.16483 -0.838579
199 -1.10309 -0.877298
199.1 -1.03441 -0.913797
199.2 -0.956803 -0.947805
199.3 -0.867471 -0.978975
199.4 -0.762305 -1.00684
199.5 -0.635147 -1.03076
199.6 -0.47659 -1.04984
199.7 -0.272271 -1.06277
199.8 -0.00142356 -1.06767
199.9 0.359841 -1.06184
200 0.816539 -1.04199
