0 2 0
0.1 1.85878 0.0651132
0.2 1.77762 0.126636
0.3 1.72167 0.185898
0.4 1.67727 0.243484
0.5 1.63826 0.299669
0.6 1.6016 0.354578
0.7 1.56564 0.40826
0.8 1.52945 0.460721
0.9 1.49241 0.511942
1 1.45407 0.561887
1.1 1.41405 0.610504
1.2 1.37197 0.657731
1.3 1.32742 0.703491
1.4 1.27991 0.747692
1.5 1.22885 0.790225
1.6 1.17347 0.830955
1.7 1.11275 0.869722
1.8 1.04536 0.906321
1.9 0.969391 0.940497
2 0.882192 0.971916
2.1 0.779867 1.00014
2.2 0.656592 1.02455
2.3 0.50347 1.04432
2.4 0.306853 1.0582
2.5 0.0466602 1.0644
2.6 -0.301644 1.06036
2.7 -0.748678 1.04281
2.8 -1.24228 1.00903
2.9 -1.65143 0.959552
3 -1.88959 0.899023
3.1 -1.99073 0.832931
3.2 -2.02062 0.76479
3.3 -2.01968 0.696247
3.4 -2.00612 0.627988
3.5 -1.98731 0.560291
3.6 -1.96615 0.493278
3.7 -1.94378 0.427005
3.8 -1.92064 0.361505
3.9 -1.89689 0.296799
4 -1.87259 0.232908
4.1 -1.84773 0.16985
4.2 -1.8223 0.107644
4.3 -1.79626 0.0463105
4.4 -1.76957 -0.0141293
4.5 -1.74218 -0.0736527
4.6 -1.71403 -0.132235
4.7 -1.68506 -0.189849
4.8 -1.6552 -0.246467
4.9 -1.62435 -0.302055
5 -1.59242 -0.35658
5.1 -1.5593 -0.410003
5.2 -1.52483 -0.462281
5.3 -1.48887 -0.513365
5.4 -1.45122 -0.563203
5.5 -1.41164 -0.611732
5.6 -1.36983 -0.658882
5.7 -1.32545 -0.704573
5.8 -1.27803 -0.748709
5.9 -1.22699 -0.791178
6 -1.17158 -0.831846
6.1 -1.11079 -0.870547
6.2 -1.04325 -0.907077
6.3 -0.967086 -0.941179
6.4 -0.879594 -0.972515
6.5 -0.77685 -1.00064
6.6 -0.65297 -1.02495
6.7 -0.498961 -1.04457
6.8 -0.301033 -1.05828
6.9 -0.0389367 -1.06426
7 0.311843 -1.05991
7.1 0.761045 -1.04198
7.2 1.25425 -1.00777
7.3 1.65957 -0.957946
7.4 1.89346 -0.897216
7.5 1.99206 -0.831041
7.6 2.0208 -0.762878
7.7 2.01939 -0.694339
7.8 2.00564 -0.626093
7.9 1.98674 -0.558415
8 1.96554 -0.491422
8.1 1.94314 -0.42517
8.2 1.91998 -0.359691
8.3 1.89622 -0.295008
8.4 1.8719 -0.23114
8.5 1.84703 -0.168105
8.6 1.82158 -0.105924
8.7 1.79552 -0.0446148
8.8 1.76882 0.0157999
8.9 1.7414 0.0752974
9 1.71324 0.133853
9.1 1.68424 0.19144
9.2 1.65435 0.248029
9.3 1.62348 0.303589
9.4 1.59152 0.358084
9.5 1.55836 0.411475
9.6 1.52385 0.46372
9.7 1.48785 0.514771
9.8 1.45015 0.564572
9.9 1.41051 0.613064
10 1.36863 0.660175
10.1 1.32417 0.705824
10.2 1.27666 0.749915
10.3 1.22551 0.792336
10.4 1.16996 0.832951
10.5 1.10901 0.871595
10.6 1.04126 0.908062
10.7 0.964817 0.942091
10.8 0.876961 0.973344
10.9 0.773719 1.00137
11 0.649139 1.02556
11.1 0.494121 1.04504
11.2 0.294711 1.05856
11.3 0.0304768 1.06429
11.4 -0.323071 1.05962
11.5 -0.774671 1.04125
11.6 -1.2674 1.00658
11.7 -1.66846 0.956375
11.8 -1.89771 0.895425
11.9 -1.99356 0.829159
12 -2.02105 0.76097
12.1 -2.01913 0.692432
12.2 -2.00516 0.624199
12.3 -1.98617 0.556539
12.4 -1.96493 0.489566
12.5 -1.94251 0.423336
12.6 -1.91933 0.357879
12.7 -1.89555 0.293218
12.8 -1.87122 0.229373
12.9 -1.84633 0.166362
13 -1.82086 0.104204
13.1 -1.79479 0.0429197
13.2 -1.76806 -0.0174697
13.3 -1.74063 -0.0769414
13.4 -1.71244 -0.13547
13.5 -1.68342 -0.19303
13.6 -1.65351 -0.249591
13.7 -1.6226 -0.305121
13.8 -1.59061 -0.359586
13.9 -1.55741 -0.412946
14 -1.52287 -0.465158
14.1 -1.48682 -0.516175
14.2 -1.44907 -0.565941
14.3 -1.40937 -0.614395
14.4 -1.36743 -0.661467
14.5 -1.32289 -0.707073
14.6 -1.27529 -0.75112
14.7 -1.22403 -0.793493
14.8 -1.16835 -0.834055
14.9 -1.10722 -0.872641
15 -1.03926 -0.909044
15.1 -0.96254 -0.943001
15.2 -0.874316 -0.974171
15.3 -0.770571 -1.0021
15.4 -0.645285 -1.02617
15.5 -0.489246 -1.0455
15.6 -0.288339 -1.05884
15.7 -0.0219468 -1.06432
15.8 0.33438 -1.0593
15.9 0.788336 -1.04051
16 1.28046 -1.00538
16.1 1.67721 -0.954795
16.2 1.90185 -0.89363
16.3 1.995 -0.827275
16.4 2.02128 -0.759061
16.5 2.01885 -0.690526
16.6 2.00468 -0.622306
16.7 1.9856 -0.554664
16.8 1.96431 -0.487711
16.9 1.94187 -0.421502
17 1.91867 -0.356067
17.1 1.89488 -0.291428
17.2 1.87053 -0.227606
17.3 1.84563 -0.164619
17.4 1.82015 -0.102485
17.5 1.79405 -0.0412253
17.6 1.76731 0.0191389
17.7 1.73986 0.0785846
17.8 1.71164 0.137087
17.9 1.6826 0.194619
18 1.65266 0.251152
18.1 1.62173 0.306653
18.2 1.5897 0.361088
18.3 1.55647 0.414416
18.4 1.52189 0.466596
18.5 1.4858 0.517578
18.6 1.44799 0.567309
18.7 1.40823 0.615726
18.8 1.36623 0.662757
18.9 1.32161 0.708322
19 1.27391 0.752323
19.1 1.22254 0.794648
19.2 1.16672 0.835158
19.3 1.10543 0.873686
19.4 1.03725 0.910024
19.5 0.960253 0.943908
19.6 0.871658 0.974996
19.7 0.767407 1.00283
19.8 0.641407 1.02678
19.9 0.484337 1.04596
20 0.281916 1.05911
20.1 0.0133464 1.06433
20.2 -0.345768 1.05898
20.3 -0.802038 1.03976
20.4 -1.29345 1.00416
20.5 -1.68582 0.953206
20.6 -1.90589 0.891831
20.7 -1.99639 0.82539
20.8 -2.02148 0.757152
20.9 -2.01857 0.688619
21 -2.0042 0.620413
21.1 -1.98503 0.552789
21.2 -1.9637 0.485857
21.3 -1.94123 0.419669
21.4 -1.91802 0.354255
21.5 -1.89421 0.28964
21.6 -1.86984 0.22584
21.7 -1.84493 0.162876
21.8 -1.81943 0.100767
21.9 -1.79332 0.0395316
22 -1.76655 -0.0208073
22.1 -1.73908 -0.0802271
22.2 -1.71085 -0.138703
22.3 -1.68178 -0.196208
22.4 -1.65181 -0.252712
22.5 -1.62085 -0.308184
22.6 -1.58879 -0.362588
22.7 -1.55553 -0.415885
22.8 -1.52091 -0.468033
22.9 -1.48477 -0.518981
23 -1.44691 -0.568676
23.1 -1.4071 -0.617055
23.2 -1.36502 -0.664047
23.3 -1.32033 -0.709569
23.4 -1.27253 -0.753526
23.5 -1.22105 -0.795801
23.6 -1.16509 -0.836258
23.7 -1.10363 -0.874729
23.8 -1.03524 -0.911003
23.9 -0.957958 -0.944814
24 -0.868989 -0.975817
24.1 -0.764226 -1.00355
24.2 -0.637506 -1.02738
24.3 -0.479394 -1.04642
24.4 -0.275443 -1.05937
24.5 -0.00467498 -1.06434
24.6 0.357237 -1.05865
24.7 0.815774 -1.039
24.8 1.30636 -1.00294
24.9 1.69429 -0.95161
25 1.90983 -0.890029
25.1 1.99774 -0.823503
25.2 2.02167 -0.755243
25.3 2.01828 -0.686713
25.4 2.00371 -0.618521
25.5 1.98446 -0.550915
25.6 1.96309 -0.484003
25.7 1.94059 -0.417836
25.8 1.91736 -0.352445
25.9 1.89354 -0.287851
26 1.86916 -0.224075
26.1 1.84422 -0.161134
26.2 1.81871 -0.099049
26.3 1.79258 -0.0378386
26.4 1.7658 0.022475
26.5 1.7383 0.0818688
26.6 1.71005 0.140318
26.7 1.68096 0.197795
26.8 1.65096 0.254271
26.9 1.61997 0.309714
27 1.58788 0.364088
27.1 1.55458 0.417354
27.2 1.51992 0.469468
27.3 1.48374 0.520382
27.4 1.44583 0.570041
27.5 1.40596 0.618383
27.6 1.36382 0.665335
27.7 1.31904 0.710815
27.8 1.27115 0.754727
27.9 1.21956 0.796954
28 1.16346 0.837358
28.1 1.10182 0.87577
28.2 1.03321 0.911979
28.3 0.955653 0.945718
28.4 0.866308 0.976637
28.5 0.761029 1.00427
28.6 0.63358 1.02798
28.7 0.474415 1.04687
28.8 0.268918 1.05963
28.9 -0.00406805 1.06434
29 -0.368785 1.05831
29.1 -0.829541 1.03822
29.2 -1.31918 1.0017
29.3 -1.70261 0.950006
29.4 -1.91367 0.888222
29.5 -1.99904 0.821615
29.6 -2.02183 0.753333
29.7 -2.01798 0.684807
29.8 -2.00322 0.616629
29.9 -1.98389 0.549042
30 -1.96247 0.482149
30.1 -1.93996 0.416004
30.2 -1.91671 0.350634
30.3 -1.89287 0.286064
30.4 -1.86847 0.22231
30.5 -1.84352 0.159393
30.6 -1.81799 0.097332
30.7 -1.79184 0.0361464
30.8 -1.76504 -0.024142
30.9 -1.73753 -0.0835098
31 -1.70925 -0.141932
31.1 -1.68014 -0.199382
31.2 -1.65011 -0.25583
31.3 -1.61909 -0.311243
31.4 -1.58697 -0.365587
31.5 -1.55363 -0.418821
31.6 -1.51893 -0.470903
31.7 -1.48271 -0.521783
31.8 -1.44475 -0.571406
31.9 -1.40481 -0.61971
32 -1.36261 -0.666622
32.1 -1.31775 -0.71206
32.2 -1.26977 -0.755926
32.3 -1.21806 -0.798104
32.4 -1.16183 -0.838456
32.5 -1.10001 -0.876809
32.6 -1.03119 -0.912954
32.7 -0.95334 -0.946619
32.8 -0.863614 -0.977453
32.9 -0.757814 -1.00499
33 -0.629631 -1.02858
33.1 -0.4694 -1.04732
33.2 -0.262342 -1.05988
33.3 0.0128832 -1.06433
33.4 0.380413 -1.05796
33.5 0.843337 -1.03743
33.6 1.33192 -1.00045
33.7 1.71079 -0.948394
33.8 1.91741 -0.886413
33.9 2.00029 -0.819726
34 2.02198 -0.751424
34.1 2.01767 -0.682902
34.2 2.00272 -0.614738
34.3 1.98331 -0.547169
34.4 1.96186 -0.480297
34.5 1.93932 -0.414172
34.6 1.91605 -0.348825
34.7 1.89219 -0.284277
34.8 1.86778 -0.220546
34.9 1.84282 -0.157653
35 1.81727 -0.0956157
35.1 1.79111 -0.0344548
35.2 1.76428 0.0258083
35.3 1.73675 0.0851501
35.4 1.70845 0.143546
35.5 1.67931 0.200968
35.6 1.64926 0.257388
35.7 1.61821 0.312772
35.8 1.58606 0.367085
35.9 1.55269 0.420288
36 1.51795 0.472337
36.1 1.48167 0.523182
36.2 1.44366 0.57277
36.3 1.40367 0.621036
36.4 1.3614 0.667908
36.5 1.31646 0.713304
36.6 1.26838 0.757125
36.7 1.21656 0.799254
36.8 1.16019 0.839552
36.9 1.0982 0.877847
37 1.02915 0.913927
37.1 0.951017 0.947518
37.2 0.860908 0.978267
37.3 0.754582 1.0057
37.4 0.625656 1.02917
37.5 0.46435 1.04776
37.6 0.255712 1.06012
37.7 -0.0217709 1.06432
37.8 -0.39212 1.05759
37.9 -0.857159 1.03663
38 -1.34456 0.999182
38.1 -1.71883 0.946774
38.2 -1.92105 0.884599
38.3 -2.00149 0.817836
38.4 -2.02211 0.749514
38.5 -2.01736 0.680997
38.6 -2.00223 0.612847
38.7 -1.98274 0.545296
38.8 -1.96124 0.478444
38.9 -1.93868 0.412341
39 -1.91539 0.347016
39.1 -1.89152 0.28249
39.2 -1.8671 0.218783
39.3 -1.84211 0.155913
39.4 -1.81655 0.0939001
39.5 -1.79037 0.0327639
39.6 -1.76353 -0.0274738
39.7 -1.73597 -0.0867897
39.8 -1.70765 -0.145159
39.9 -1.67849 -0.202553
40 -1.64841 -0.258945
40.1 -1.61733 -0.314299
40.2 -1.58515 -0.368582
40.3 -1.55174 -0.421754
40.4 -1.51696 -0.47377
40.5 -1.48064 -0.524581
40.6 -1.44258 -0.574132
40.7 -1.40253 -0.622361
40.8 -1.36018 -0.669193
40.9 -1.31516 -0.714546
41 -1.26699 -0.758322
41.1 -1.21505 -0.800402
41.2 -1.15854 -0.840647
41.3 -1.09638 -0.878883
41.4 -1.02711 -0.914897
41.5 -0.948685 -0.948415
41.6 -0.85819 -0.979079
41.7 -0.751333 -1.00641
41.8 -0.621657 -1.02976
41.9 -0.459264 -1.04819
42 -0.24903 -1.06036
42.1 0.0307317 -1.06429
42.2 0.403905 -1.05721
42.3 0.871005 -1.03581
42.4 1.35711 -0.997906
42.5 1.72673 -0.945146
42.6 1.9246 -0.882782
42.7 2.00265 -0.815945
42.8 2.02222 -0.747604
42.9 2.01703 -0.679092
43 2.00173 -0.610957
43.1 1.98216 -0.543424
43.2 1.96063 -0.476593
43.3 1.93804 -0.410511
43.4 1.91474 -0.345208
43.5 1.89085 -0.280704
43.6 1.86641 -0.21702
43.7 1.84141 -0.154174
43.8 1.81583 -0.0921852
43.9 1.78963 -0.0310737
44 1.76277 0.0291387
44.1 1.7352 0.0884285
44.2 1.70685 0.146771
44.3 1.67766 0.204138
44.4 1.64756 0.260501
44.5 1.61645 0.315826
44.6 1.58424 0.370078
44.7 1.55079 0.423218
44.8 1.51597 0.475201
44.9 1.4796 0.525979
45 1.44149 0.575494
45.1 1.40138 0.623684
45.2 1.35897 0.670477
45.3 1.31387 0.715788
45.4 1.2656 0.759517
45.5 1.21355 0.801548
45.6 1.15689 0.84174
45.7 1.09455 0.879918
45.8 1.02506 0.915866
45.9 0.946344 0.94931
46 0.855459 0.979888
46.1 0.748067 1.00712
46.2 0.617633 1.03035
46.3 0.45414 1.04862
46.4 0.242294 1.06059
46.5 -0.0397661 1.06426
46.6 -0.415769 1.05683
46.7 -0.884871 1.03498
46.8 -1.36956 0.996619
46.9 -1.73448 0.943512
47 -1.92806 0.880962
47.1 -2.00377 0.814053
47.2 -2.02231 0.745694
47.3 -2.0167 0.677187
47.4 -2.00122 0.609067
47.5 -1.98158 0.541553
47.6 -1.96001 0.474742
47.7 -1.9374 0.408681
47.8 -1.91408 0.3434
47.9 -1.89017 0.278919
48 -1.86572 0.215258
48.1 -1.8407 0.152436
48.2 -1.81511 0.0904709
48.3 -1.78889 0.0293842
48.4 -1.76201 -0.0308028
48.5 -1.73442 -0.0900666
48.6 -1.70605 -0.148382
48.7 -1.67684 -0.205722
48.8 -1.64671 -0.262056
48.9 -1.61557 -0.317352
49 -1.58332 -0.371574
49.1 -1.54984 -0.424682
49.2 -1.51498 -0.476632
49.3 -1.47857 -0.527375
49.4 -1.4404 -0.576855
49.5 -1.40023 -0.625007
49.6 -1.35775 -0.67176
49.7 -1.31257 -0.717028
49.8 -1.2642 -0.760712
49.9 -1.21203 -0.802694
50 -1.15524 -0.842831
50.1 -1.09272 -0.88095
50.2 -1.023 -0.916833
50.3 -0.943994 -0.950202
50.4 -0.852716 -0.980695
50.5 -0.744782 -1.00783
50.6 -0.613584 -1.03093
50.7 -0.44898 -1.04905
50.8 -0.235504 -1.06082
50.9 0.0488746 -1.06422
51 0.42771 -1.05643
51.1 0.898755 -1.03414
51.2 1.38191 -0.99532
51.3 1.74209 -0.941869
51.4 1.93143 -0.879139
51.5 2.00485 -0.81216
51.6 2.02238 -0.743785
51.7 2.01637 -0.675283
51.8 2.00072 -0.607177
51.9 1.981 -0.539682
52 1.95939 -0.472891
52.1 1.93676 -0.406852
52.2 1.91342 -0.341593
52.3 1.8895 -0.277135
52.4 1.86503 -0.213497
52.5 1.84 -0.150698
52.6 1.81439 -0.0887573
52.7 1.78815 -0.0276953
52.8 1.76125 0.0324662
52.9 1.73364 0.0917039
53 1.70525 0.149993
53.1 1.67601 0.207305
53.2 1.64586 0.26361
53.3 1.61469 0.318877
53.4 1.58241 0.373069
53.5 1.54889 0.426145
53.6 1.51398 0.478062
53.7 1.47753 0.528771
53.8 1.43931 0.578214
53.9 1.39908 0.626329
54 1.35653 0.673041
54.1 1.31127 0.718266
54.2 1.26281 0.761905
54.3 1.21052 0.803837
54.4 1.15358 0.843921
54.5 1.09089 0.881981
54.6 1.02094 0.917798
54.7 0.941634 0.951092
54.8 0.849959 0.981499
54.9 0.74148 1.00853
55 0.609509 1.0315
55.1 0.443783 1.04947
55.2 0.228659 1.06104
55.3 -0.0580577 1.06417
55.4 -0.439728 1.05602
55.5 -0.912654 1.03329
55.6 -1.39416 0.994009
55.7 -1.74956 0.94022
55.8 -1.93471 0.877312
55.9 -2.00588 0.810265
56 -2.02244 0.741875
56.1 -2.01602 0.673379
56.2 -2.00021 0.605288
56.3 -1.98041 0.537812
56.4 -1.95877 0.471041
56.5 -1.93612 0.405024
56.6 -1.91276 0.339787
56.7 -1.88883 0.275351
56.8 -1.86434 0.211736
56.9 -1.83929 0.148961
57 -1.81366 0.0870445
57.1 -1.78741 0.0260072
57.2 -1.76049 -0.0341289
57.3 -1.73286 -0.0933406
57.4 -1.70444 -0.151602
57.5 -1.67518 -0.208887
57.6 -1.645 -0.265164
57.7 -1.6138 -0.320401
57.8 -1.58149 -0.374562
57.9 -1.54793 -0.427607
58 -1.51299 -0.479492
58.1 -1.47649 -0.530166
58.2 -1.43822 -0.579573
58.3 -1.39793 -0.627649
58.4 -1.35531 -0.674321
58.5 -1.30996 -0.719504
58.6 -1.2614 -0.763096
58.7 -1.209 -0.80498
58.8 -1.15192 -0.84501
58.9 -1.08905 -0.883011
59 -1.01887 -0.918761
59.1 -0.939264 -0.95198
59.2 -0.84719 -0.9823
59.3 -0.73816 -1.00923
59.4 -0.605408 -1.03208
59.5 -0.438547 -1.04989
59.6 -0.221758 -1.06125
59.7 0.0673159 -1.06411
59.8 0.451823 -1.0556
59.9 0.926565 -1.03242
60 1.4063 -0.992687
60.1 1.7569 -0.938564
60.2 1.9379 -0.875483
60.3 2.00688 -0.80837
60.4 2.02248 -0.739965
60.5 2.01567 -0.671476
60.6 1.9997 -0.6034
60.7 1.97983 -0.535942
60.8 1.95815 -0.469192
60.9 1.93547 -0.403196
61 1.9121 -0.337981
61.1 1.88815 -0.273568
61.2 1.86365 -0.209976
61.3 1.83859 -0.147225
61.4 1.81294 -0.0853322
61.5 1.78667 -0.0243198
61.6 1.75973 0.0357909
61.7 1.73208 0.0949764
61.8 1.70364 0.153211
61.9 1.67436 0.210468
62 1.64415 0.266717
62.1 1.61292 0.321925
62.2 1.58057 0.376055
62.3 1.54698 0.429068
62.4 1.512 0.48092
62.5 1.47545 0.531559
62.6 1.43712 0.58093
62.7 1.39677 0.628969
62.8 1.35408 0.675601
62.9 1.30866 0.72074
63 1.26 0.764287
63.1 1.20748 0.806121
63.2 1.15025 0.846097
63.3 1.0872 0.884038
63.4 1.01679 0.919722
63.5 0.936885 0.952866
63.6 0.844408 0.983098
63.7 0.734822 1.00992
63.8 0.601281 1.03265
63.9 0.433273 1.0503
64 0.214802 1.06146
64.1 -0.0766495 1.06404
64.2 -0.463993 1.05517
64.3 -0.940486 1.03154
64.4 -1.41834 0.991353
64.5 -1.76409 0.936901
64.6 -1.941 0.873651
64.7 -2.00783 0.806474
64.8 -2.0225 0.738055
64.9 -2.01532 0.669572
65 -1.99918 0.601512
65.1 -1.97925 0.534073
65.2 -1.95753 0.467344
65.3 -1.93483 0.401369
65.4 -1.91144 0.336176
65.5 -1.88748 0.271785
65.6 -1.86296 0.208217
65.7 -1.83788 0.145489
65.8 -1.81222 0.0836207
65.9 -1.78593 0.0226331
66 -1.75897 -0.0374522
66.1 -1.7313 -0.0966116
66.2 -1.70284 -0.15482
66.3 -1.67353 -0.212049
66.4 -1.64329 -0.268269
66.5 -1.61204 -0.323447
66.6 -1.57965 -0.377547
66.7 -1.54602 -0.430529
66.8 -1.511 -0.482347
66.9 -1.4744 -0.532952
67 -1.43603 -0.582287
67.1 -1.39562 -0.630287
67.2 -1.35286 -0.676879
67.3 -1.30735 -0.721975
67.4 -1.25859 -0.765476
67.5 -1.20595 -0.80726
67.6 -1.14858 -0.847182
67.7 -1.08534 -0.885064
67.8 -1.0147 -0.920681
67.9 -0.934497 -0.95375
68 -0.841612 -0.983894
68.1 -0.731465 -1.01061
68.2 -0.597127 -1.03321
68.3 -0.427961 -1.05071
68.4 -0.20779 -1.06166
68.5 0.0860591 -1.06396
68.6 0.476238 -1.05472
68.7 0.954412 -1.03064
68.8 1.43026 -0.990008
68.9 1.77115 -0.935231
69 1.94402 -0.871815
69.1 2.00875 -0.804577
69.2 2.02251 -0.736145
69.3 2.01495 -0.66767
69.4 1.99866 -0.599624
69.5 1.97866 -0.532204
69.6 1.95691 -0.465495
69.7 1.93419 -0.399542
69.8 1.91078 -0.334371
69.9 1.8868 -0.270003
70 1.86227 -0.206458
70.1 1.83718 -0.143754
70.2 1.81149 -0.0819099
70.3 1.78519 -0.0209471
70.4 1.75821 0.0391127
70.5 1.73051 0.098246
70.6 1.70203 0.156427
70.7 1.6727 0.213629
70.8 1.64243 0.26982
70.9 1.61115 0.324969
71 1.57874 0.379038
71.1 1.54507 0.431988
71.2 1.51 0.483773
71.3 1.47336 0.534344
71.4 1.43493 0.583642
71.5 1.39446 0.631604
71.6 1.35163 0.678156
71.7 1.30604 0.723209
71.8 1.25718 0.766664
71.9 1.20442 0.808398
72 1.1469 0.848266
72.1 1.08349 0.886088
72.2 1.01261 0.921639
72.3 0.932098 0.954631
72.4 0.838804 0.984688
72.5 0.72809 1.0113
72.6 0.592947 1.03378
72.7 0.422609 1.05111
72.8 0.20072 1.06185
72.9 -0.095545 1.06388
73 -0.488558 1.05427
73.1 -0.96834 1.02973
73.2 -1.44207 0.988652
73.3 -1.77807 0.933554
73.4 -1.94696 0.869977
73.5 -2.00963 0.802679
73.6 -2.0225 0.734234
73.7 -2.01458 0.665767
73.8 -1.99814 0.597737
73.9 -1.97807 0.530336
74 -1.95629 0.463648
74.1 -1.93354 0.397716
74.2 -1.91012 0.332567
74.3 -1.88613 0.268222
74.4 -1.86158 0.2047
74.5 -1.83647 0.142019
74.6 -1.81077 0.0801997
74.7 -1.78445 0.0192618
74.8 -1.75745 -0.0407725
74.9 -1.72973 -0.0998796
75 -1.70123 -0.158034
75.1 -1.67187 -0.215208
75.2 -1.64158 -0.271371
75.3 -1.61026 -0.32649
75.4 -1.57781 -0.380529
75.5 -1.54411 -0.433447
75.6 -1.509 -0.485199
75.7 -1.47232 -0.535734
75.8 -1.43383 -0.584997
75.9 -1.3933 -0.632921
76 -1.3504 -0.679431
76.1 -1.30472 -0.724442
76.2 -1.25577 -0.76785
76.3 -1.20289 -0.809535
76.4 -1.14522 -0.849348
76.5 -1.08162 -0.88711
76.6 -1.01051 -0.922594
76.7 -0.92969 -0.95551
76.8 -0.835982 -0.985478
76.9 -0.724696 -1.01199
77 -0.58874 -1.03433
77.1 -0.417218 -1.0515
77.2 -0.193593 -1.06203
77.3 0.105108 -1.06378
77.4 0.500952 -1.0538
77.5 0.982269 -1.02881
77.6 1.45376 -0.987285
77.7 1.78485 -0.931871
77.8 1.94982 -0.868136
77.9 2.01047 -0.800781
78 2.02248 -0.732324
78.1 2.01421 -0.663865
78.2 1.99762 -0.595851
78.3 1.97748 -0.528468
78.4 1.95567 -0.461801
78.5 1.9329 -0.39589
78.6 1.90946 -0.330764
78.7 1.88545 -0.266441
78.8 1.86089 -0.202942
78.9 1.83576 -0.140286
79 1.81005 -0.0784903
79.1 1.7837 -0.0175772
79.2 1.75669 0.0424316
79.3 1.72895 0.101513
79.4 1.70042 0.15964
79.5 1.67104 0.216786
79.6 1.64072 0.27292
79.7 1.60937 0.32801
79.8 1.57689 0.382018
79.9 1.54315 0.434904
80 1.508 0.486623
80.1 1.47127 0.537124
80.2 1.43273 0.58635
80.3 1.39214 0.634236
80.4 1.34916 0.680706
80.5 1.3034 0.725673
80.6 1.25435 0.769035
80.7 1.20135 0.81067
80.8 1.14354 0.850429
80.9 1.07975 0.88813
81 1.0084 0.923547
81.1 0.927272 0.956387
81.2 0.833146 0.986267
81.3 0.721284 1.01267
81.4 0.584506 1.03489
81.5 0.411787 1.0519
81.6 0.186408 1.06221
81.7 -0.114748 1.06368
81.8 -0.513417 1.05332
81.9 -0.996194 1.02788
82 -1.46534 0.985907
82.1 -1.7915 0.930182
82.2 -1.9526 0.866293
82.3 -2.01128 0.798881
82.4 -2.02244 0.730415
82.5 -2.01382 0.661963
82.6 -1.99709 0.593965
82.7 -1.97689 0.526602
82.8 -1.95504 0.459955
82.9 -1.93226 0.394066
83 -1.9088 0.328961
83.1 -1.88477 0.264661
83.2 -1.86019 0.201186
83.3 -1.83505 0.138552
83.4 -1.80932 0.0767815
83.5 -1.78296 0.0158933
83.6 -1.75593 -0.04409
83.7 -1.72816 -0.103145
83.8 -1.69961 -0.161245
83.9 -1.67021 -0.218363
84 -1.63986 -0.274469
84.1 -1.60848 -0.329529
84.2 -1.57597 -0.383507
84.3 -1.54219 -0.436361
84.4 -1.507 -0.488046
84.5 -1.47022 -0.538513
84.6 -1.43163 -0.587702
84.7 -1.39098 -0.63555
84.8 -1.34793 -0.681979
84.9 -1.30209 -0.726903
85 -1.25293 -0.770219
85.1 -1.19981 -0.811803
85.2 -1.14185 -0.851508
85.3 -1.07787 -0.889149
85.4 -1.00629 -0.924498
85.5 -0.924844 -0.957261
85.6 -0.830297 -0.987052
85.7 -0.717852 -1.01335
85.8 -0.580244 -1.03544
85.9 -0.406315 -1.05228
86 -0.179164 -1.06239
86.1 0.124465 -1.06357
86.2 0.525955 -1.05283
86.3 1.01011 -1.02693
86.4 1.47679 -0.984517
86.5 1.79801 -0.928486
86.6 1.9553 -0.864446
86.7 2.01205 -0.796981
86.8 2.02239 -0.728505
86.9 2.01344 -0.660062
87 1.99657 -0.592079
87.1 1.9763 -0.524735
87.2 1.95442 -0.458109
87.3 1.93161 -0.392241
87.4 1.90814 -0.327159
87.5 1.88409 -0.262882
87.6 1.8595 -0.199429
87.7 1.83434 -0.13682
87.8 1.8086 -0.0750734
87.9 1.78222 -0.0142101
88 1.75516 0.0457477
88.1 1.72738 0.104776
88.2 1.69881 0.16285
88.3 1.66937 0.21994
88.4 1.639 0.276017
88.5 1.6076 0.331048
88.6 1.57505 0.384994
88.7 1.54123 0.437817
88.8 1.506 0.489469
88.9 1.46917 0.539901
89 1.43053 0.589054
89.1 1.38981 0.636862
89.2 1.34669 0.683251
89.3 1.30076 0.728132
89.4 1.25151 0.771401
89.5 1.19827 0.812935
89.6 1.14015 0.852585
89.7 1.07599 0.890166
89.8 1.00417 0.925447
89.9 0.922406 0.958133
90 0.827434 0.987835
90.1 0.714401 1.01403
90.2 0.575955 1.03598
90.3 0.400803 1.05266
90.4 0.171861 1.06255
90.5 -0.134261 1.06344
90.6 -0.538563 1.05233
90.7 -1.02402 1.02597
90.8 -1.48813 0.983117
90.9 -1.80439 0.926785
91 -1.95792 0.862598
91.1 -2.01279 0.79508
91.2 -2.02233 0.726595
91.3 -2.01304 0.65816
91.4 -1.99603 0.590194
91.5 -1.97571 0.522869
91.6 -1.9538 0.456264
91.7 -1.93097 0.390418
91.8 -1.90748 0.325358
91.9 -1.88342 0.261103
92 -1.85881 0.197674
92.1 -1.83363 0.135088
92.2 -1.80787 0.0733659
92.3 -1.78147 0.0125276
92.4 -1.7544 -0.0474046
92.5 -1.72659 -0.106407
92.6 -1.698 -0.164453
92.7 -1.66854 -0.221516
92.8 -1.63814 -0.277565
92.9 -1.6067 -0.332565
93 -1.57412 -0.386481
93.1 -1.54027 -0.439271
93.2 -1.505 -0.490891
93.3 -1.46812 -0.541287
93.4 -1.42942 -0.590404
93.5 -1.38864 -0.638174
93.6 -1.34545 -0.684522
93.7 -1.29944 -0.72936
93.8 -1.25009 -0.772582
93.9 -1.19672 -0.814066
94 -1.13845 -0.853661
94.1 -1.0741 -0.891181
94.2 -1.00204 -0.926394
94.3 -0.919957 -0.959003
94.4 -0.824557 -0.988614
94.5 -0.71093 -1.0147
94.6 -0.571637 -1.03652
94.7 -0.39525 -1.05304
94.8 -0.164499 -1.06271
94.9 0.144134 -1.06331
95 0.551241 -1.05181
95.1 1.03791 -1.025
95.2 1.49933 -0.981707
95.3 1.81064 -0.925077
95.4 1.96047 -0.860747
95.5 2.01349 -0.793179
95.6 2.02225 -0.724685
95.7 2.01264 -0.65626
95.8 1.9955 -0.58831
95.9 1.97512 -0.521004
96 1.95317 -0.454419
96.1 1.93032 -0.388595
96.2 1.90681 -0.323557
96.3 1.88274 -0.259325
96.4 1.85811 -0.195919
96.5 1.83293 -0.133357
96.6 1.80714 -0.0716592
96.7 1.78073 -0.0108458
96.8 1.75363 0.0490609
96.9 1.72581 0.108037
97 1.69719 0.166056
97.1 1.66771 0.223091
97.2 1.63728 0.279111
97.3 1.60581 0.334082
97.4 1.5732 0.387967
97.5 1.53931 0.440725
97.6 1.50399 0.492311
97.7 1.46707 0.542673
97.8 1.42832 0.591753
97.9 1.38748 0.639485
98 1.34421 0.685792
98.1 1.29811 0.730586
98.2 1.24866 0.773762
98.3 1.19517 0.815195
98.4 1.13675 0.854735
98.5 1.07221 0.892194
98.6 0.999897 0.92734
98.7 0.917499 0.95987
98.8 0.821667 0.989392
98.9 0.70744 1.01537
99 0.567291 1.03706
99.1 0.389654 1.05341
99.2 0.157075 1.06286
99.3 -0.154087 1.06317
99.4 -0.563987 1.05129
99.5 -1.05179 1.02401
99.6 -1.51041 0.980286
99.7 -1.81676 0.923363
99.8 -1.96294 0.858893
99.9 -2.01416 0.791277
100 -2.02215 0.722775
100.1 -2.01224 0.654359
100.2 -1.99497 0.586426
100.3 -1.97452 0.519139
100.4 -1.95254 0.452575
100.5 -1.92967 0.386772
100.6 -1.90615 0.321757
100.7 -1.88206 0.257548
100.8 -1.85742 0.194165
100.9 -1.83222 0.131627
101 -1.80642 0.0699532
101.1 -1.77998 0.00916468
101.2 -1.75287 -0.0507164
101.3 -1.72502 -0.109666
101.4 -1.69638 -0.167659
101.5 -1.66687 -0.224666
101.6 -1.63642 -0.280657
101.7 -1.60492 -0.335598
101.8 -1.57227 -0.389452
101.9 -1.53835 -0.442178
102 -1.50299 -0.493731
102.1 -1.46602 -0.544058
102.2 -1.42721 -0.593101
102.3 -1.3863 -0.640794
102.4 -1.34297 -0.687061
102.5 -1.29678 -0.731811
102.6 -1.24723 -0.77494
102.7 -1.19361 -0.816323
102.8 -1.13504 -0.855808
102.9 -1.07031 -0.893206
103 -0.997752 -0.928283
103.1 -0.91503 -0.960736
103.2 -0.818762 -0.990166
103.3 -0.70393 -1.01604
103.4 -0.562916 -1.0376
103.5 -0.384017 -1.05377
103.6 -0.149591 -1.06301
103.7 0.164118 -1.06302
103.8 0.5768 -1.05075
103.9 1.06565 -1.02301
104 1.52137 -0.978854
104.1 1.82275 -0.921644
104.2 1.96534 -0.857038
104.3 2.0148 -0.789374
104.4 2.02205 -0.720866
104.5 2.01183 -0.652459
104.6 1.99443 -0.584542
104.7 1.97393 -0.517275
104.8 1.95192 -0.450732
104.9 1.92903 -0.384951
105 1.90549 -0.319957
105.1 1.88138 -0.255771
105.2 1.85673 -0.192411
105.3 1.8315 -0.129897
105.4 1.80569 -0.0682478
105.5 1.77924 -0.00748429
105.6 1.7521 0.0523712
105.7 1.72424 0.111295
105.8 1.69557 0.16926
105.9 1.66604 0.226239
106 1.63555 0.282201
106.1 1.60403 0.337113
106.2 1.57135 0.390936
106.3 1.53738 0.443631
106.4 1.50198 0.49515
106.5 1.46496 0.545442
106.6 1.4261 0.594448
106.7 1.38513 0.642103
106.8 1.34172 0.688328
106.9 1.29545 0.733035
107 1.24579 0.776117
107.1 1.19205 0.81745
107.2 1.13333 0.856878
107.3 1.0684 0.894216
107.4 0.995598 0.929224
107.5 0.912551 0.961598
107.6 0.815843 0.990938
107.7 0.7004 1.0167
107.8 0.558513 1.03813
107.9 0.378337 1.05413
108 0.142046 1.06315
108.1 -0.174228 1.06286
108.2 -0.589679 1.0502
108.3 -1.07948 1.022
108.4 -1.53219 0.977412
108.5 -1.82862 0.919919
108.6 -1.96768 0.85518
108.7 -2.01541 0.787471
108.8 -2.02193 0.718956
108.9 -2.01141 0.65056
109 -1.99389 0.582659
109.1 -1.97333 0.515411
109.2 -1.95129 0.448889
109.3 -1.92838 0.383129
109.4 -1.90482 0.318158
109.5 -1.8807 0.253995
109.6 -1.85603 0.190658
109.7 -1.83079 0.128168
109.8 -1.80496 0.0665431
109.9 -1.77849 0.0058046
110 -1.75134 -0.0540252
110.1 -1.72345 -0.112922
110.2 -1.69476 -0.170861
110.3 -1.6652 -0.227812
110.4 -1.63469 -0.283745
110.5 -1.60313 -0.338627
110.6 -1.57042 -0.39242
110.7 -1.53642 -0.445082
110.8 -1.50097 -0.496567
110.9 -1.4639 -0.546824
111 -1.42499 -0.595794
111.1 -1.38396 -0.64341
111.2 -1.34047 -0.689595
111.3 -1.29412 -0.734258
111.4 -1.24435 -0.777293
111.5 -1.19049 -0.818574
111.6 -1.13161 -0.857948
111.7 -1.06649 -0.895223
111.8 -0.993436 -0.930163
111.9 -0.910061 -0.962459
112 -0.812909 -0.991707
112.1 -0.696849 -1.01736
112.2 -0.55408 -1.03865
112.3 -0.372613 -1.05449
112.4 -0.134438 -1.06328
112.5 0.184418 -1.06269
112.6 0.602623 -1.04963
112.7 1.09329 -1.02097
112.8 1.54288 -0.975961
112.9 1.83435 -0.918189
113 1.96994 -0.85332
113.1 2.01599 -0.785567
113.2 2.0218 -0.717047
113.3 2.01099 -0.648661
113.4 1.99335 -0.580777
113.5 1.97273 -0.513548
113.6 1.95066 -0.447047
113.7 1.92773 -0.381309
113.8 1.90416 -0.31636
113.9 1.88002 -0.252219
114 1.85534 -0.188906
114.1 1.83008 -0.12644
114.2 1.80423 -0.0648391
114.3 1.77774 -0.00412562
114.4 1.75057 0.0556785
114.5 1.72266 0.114549
114.6 1.69395 0.17246
114.7 1.66437 0.229384
114.8 1.63383 0.285288
114.9 1.60224 0.34014
115 1.56949 0.393902
115.1 1.53545 0.446532
115.2 1.49996 0.497984
115.3 1.46285 0.548206
115.4 1.42388 0.597139
115.5 1.38278 0.644717
115.6 1.33922 0.69086
115.7 1.29278 0.735479
115.8 1.24291 0.778467
115.9 1.18892 0.819698
116 1.12989 0.859015
116.1 1.06457 0.89623
116.2 0.991267 0.9311
116.3 0.90756 0.963317
116.4 0.809961 0.992473
116.5 0.693278 1.01802
116.6 0.549617 1.03917
116.7 0.366847 1.05484
116.8 0.126768 1.0634
116.9 -0.194688 1.06251
117 -0.61563 1.04906
117.1 -1.10706 1.01993
117.2 -1.55344 0.974498
117.3 -1.83996 0.916453
117.4 -1.97213 0.851458
117.5 -2.01654 0.783662
117.6 -2.02165 0.715138
117.7 -2.01056 0.646762
117.8 -1.9928 0.578895
117.9 -1.97213 0.511686
118 -1.95003 0.445205
118.1 -1.92708 0.379489
118.2 -1.90349 0.314562
118.3 -1.87934 0.250444
118.4 -1.85464 0.187155
118.5 -1.82937 0.124712
118.6 -1.8035 0.0631358
118.7 -1.777 0.00244734
118.8 -1.7498 -0.0573312
118.9 -1.72187 -0.116176
119 -1.69314 -0.17406
119.1 -1.66353 -0.230955
119.2 -1.63296 -0.286831
119.3 -1.60134 -0.341653
119.4 -1.56856 -0.395383
119.5 -1.53448 -0.447981
119.6 -1.49895 -0.4994
119.7 -1.46179 -0.549587
119.8 -1.42276 -0.598483
119.9 -1.3816 -0.646022
120 -1.33797 -0.692124
120.1 -1.29144 -0.736699
120.2 -1.24147 -0.77964
120.3 -1.18735 -0.82082
120.4 -1.12816 -0.860082
120.5 -1.06265 -0.897234
120.6 -0.989089 -0.932035
120.7 -0.905049 -0.964173
120.8 -0.806999 -0.993236
120.9 -0.689687 -1.01867
121 -0.545124 -1.03969
121.1 -0.361036 -1.05518
121.2 -0.119034 -1.06352
121.3 0.205038 -1.06232
121.4 0.628699 -1.04847
121.5 1.1208 -1.01888
121.6 1.56386 -0.973027
121.7 1.84545 -0.914712
121.8 1.97426 -0.849593
121.9 2.01706 -0.781758
122 2.0215 -0.713229
122.1 2.01013 -0.644864
122.2 1.99225 -0.577013
122.3 1.97153 -0.509824
122.4 1.9494 -0.443364
122.5 1.92643 -0.37767
122.6 1.90283 -0.312765
122.7 1.87866 -0.24867
122.8 1.85394 -0.185404
122.9 1.82866 -0.122985
123 1.80277 -0.0614332
123.1 1.77625 -0.000769771
123.2 1.74904 0.058983
123.3 1.72108 0.117801
123.4 1.69233 0.175658
123.5 1.66269 0.232525
123.6 1.6321 0.288372
123.7 1.60045 0.343164
123.8 1.56763 0.396864
123.9 1.53351 0.44943
124 1.49794 0.500815
124.1 1.46073 0.550967
124.2 1.42165 0.599826
124.3 1.38042 0.647326
124.4 1.33672 0.693387
124.5 1.2901 0.737918
124.6 1.24002 0.780812
124.7 1.18577 0.82194
124.8 1.12643 0.861146
124.9 1.06072 0.898236
125 0.986904 0.932968
125.1 0.902528 0.965026
125.2 0.804022 0.993997
125.3 0.686074 1.01932
125.4 0.540601 1.0402
125.5 0.355181 1.05552
125.6 0.111237 1.06362
125.7 -0.215468 1.06213
125.8 -0.641828 1.04787
125.9 -1.13451 1.01781
126 -1.57415 0.971545
126.1 -1.85082 0.912966
126.2 -1.97633 0.847727
126.3 -2.01755 0.779852
126.4 -2.02133 0.71132
126.5 -2.0097 0.642966
126.6 -1.99171 0.575132
126.7 -1.97093 0.507963
126.8 -1.94877 0.441524
126.9 -1.92578 0.375851
127 -1.90216 0.310969
127.1 -1.87798 0.246896
127.2 -1.85325 0.183654
127.3 -1.82795 0.121259
127.4 -1.80204 0.0597313
127.5 -1.7755 -0.000907095
127.6 -1.74827 -0.0606342
127.7 -1.72029 -0.119426
127.8 -1.69151 -0.177256
127.9 -1.66185 -0.234095
128 -1.63123 -0.289913
128.1 -1.59955 -0.344675
128.2 -1.5667 -0.398344
128.3 -1.53254 -0.450877
128.4 -1.49693 -0.502229
128.5 -1.45966 -0.552346
128.6 -1.42053 -0.601168
128.7 -1.37924 -0.648629
128.8 -1.33546 -0.694648
128.9 -1.28875 -0.739135
129 -1.23857 -0.781982
129.1 -1.1842 -0.823059
129.2 -1.12469 -0.862209
129.3 -1.05878 -0.899237
129.4 -0.98471 -0.933899
129.5 -0.899995 -0.965877
129.6 -0.801029 -0.994755
129.7 -0.682441 -1.01996
129.8 -0.536048 -1.04071
129.9 -0.349281 -1.05585
130 -0.103375 -1.06373
130.1 0.225978 -1.06192
130.2 0.655015 -1.04726
130.3 1.14817 -1.01674
130.4 1.5843 -0.970053
130.5 1.85606 -0.911215
130.6 1.97833 -0.845859
130.7 2.01802 -0.777946
130.8 2.02116 -0.709411
130.9 2.00926 -0.641068
131 1.99116 -0.573252
131.1 1.97033 -0.506102
131.2 1.94814 -0.439684
131.3 1.92513 -0.374033
131.4 1.9015 -0.309173
131.5 1.8773 -0.245124
131.6 1.85255 -0.181904
131.7 1.82723 -0.119533
131.8 1.80131 -0.0580301
131.9 1.77475 0.00258325
132 1.7475 0.0622846
132.1 1.7195 0.12105
132.2 1.6907 0.178852
132.3 1.66101 0.235664
132.4 1.63036 0.291453
132.5 1.59865 0.346185
132.6 1.56576 0.399823
132.7 1.53157 0.452324
132.8 1.49591 0.503642
132.9 1.4586 0.553723
133 1.41941 0.602509
133.1 1.37806 0.64993
133.2 1.3342 0.695909
133.3 1.2874 0.740352
133.4 1.23711 0.783151
133.5 1.18261 0.824176
133.6 1.12295 0.86327
133.7 1.05684 0.900236
133.8 0.982508 0.934827
133.9 0.897451 0.966726
134 0.798022 0.99551
134.1 0.678786 1.02061
134.2 0.531463 1.04121
134.3 0.343335 1.05618
134.4 0.0954478 1.06382
134.5 -0.236569 1.0617
134.6 -0.668259 1.04663
134.7 -1.16179 1.01565
134.8 -1.59431 0.968552
134.9 -1.86119 0.909458
135 -1.98027 0.843989
135.1 -2.01845 0.77604
135.2 -2.02097 0.707502
135.3 -2.00882 0.639171
135.4 -1.9906 0.571372
135.5 -1.96973 0.504242
135.6 -1.94751 0.437845
135.7 -1.92448 0.372215
135.8 -1.90083 0.307378
135.9 -1.87662 0.243351
136 -1.85185 0.180155
136.1 -1.82652 0.117808
136.2 -1.80058 0.0563295
136.3 -1.774 -0.00425871
136.4 -1.74673 -0.0639344
136.5 -1.71871 -0.122673
136.6 -1.68988 -0.180448
136.7 -1.66017 -0.237232
136.8 -1.62949 -0.292992
136.9 -1.59775 -0.347694
137 -1.56483 -0.401301
137.1 -1.5306 -0.45377
137.2 -1.4949 -0.505054
137.3 -1.45754 -0.5551
137.4 -1.41829 -0.603849
137.5 -1.37687 -0.651231
137.6 -1.33294 -0.697168
137.7 -1.28605 -0.741567
137.8 -1.23566 -0.784318
137.9 -1.18103 -0.825292
138 -1.1212 -0.864329
138.1 -1.05489 -0.901233
138.2 -0.980298 -0.935754
138.3 -0.894897 -0.967572
138.4 -0.795 -0.996262
138.5 -0.67511 -1.02125
138.6 -0.526848 -1.04171
138.7 -0.337343 -1.0565
138.8 -0.0874555 -1.06391
138.9 0.24724 -1.06147
139 0.681559 -1.046
139.1 1.17536 -1.01454
139.2 1.60419 -0.967042
139.3 1.8662 -0.907698
139.4 1.98215 -0.842118
139.5 2.01887 -0.774134
139.6 2.02077 -0.705594
139.7 2.00837 -0.637274
139.8 1.99005 -0.569492
139.9 1.96912 -0.502382
140 1.94688 -0.436006
140.1 1.92383 -0.370398
140.2 1.90016 -0.305583
140.3 1.87594 -0.24158
140.4 1.85116 -0.178407
140.5 1.8258 -0.116083
140.6 1.79985 -0.0546297
140.7 1.77325 0.00593345
140.8 1.74596 0.0655833
140.9 1.71792 0.124296
141 1.68907 0.182044
141.1 1.65933 0.238799
141.2 1.62862 0.29453
141.3 1.59685 0.349202
141.4 1.56389 0.402778
141.5 1.52962 0.455215
141.6 1.49388 0.506465
141.7 1.45647 0.556476
141.8 1.41716 0.605187
141.9 1.37568 0.652531
142 1.33168 0.698426
142.1 1.2847 0.74278
142.2 1.2342 0.785484
142.3 1.17943 0.826407
142.4 1.11945 0.865387
142.5 1.05293 0.902228
142.6 0.978079 0.936679
142.7 0.892331 0.968416
142.8 0.791962 0.997011
142.9 0.671412 1.02188
143 0.5222 1.04221
143.1 0.331306 1.05682
143.2 0.079397 1.06398
143.3 -0.257992 1.06123
143.4 -0.694912 1.04535
143.5 -1.18888 1.01343
143.6 -1.61392 0.965522
143.7 -1.8711 0.905932
143.8 -1.98396 0.840244
143.9 -2.01925 0.772227
144 -2.02056 0.703686
144.1 -2.00791 0.635378
144.2 -1.98949 0.567614
144.3 -1.96852 0.500523
144.4 -1.94625 0.434168
144.5 -1.92318 0.368582
144.6 -1.8995 0.303789
144.7 -1.87525 0.239809
144.8 -1.85046 0.176659
144.9 -1.82509 0.11436
145 -1.79912 0.0529305
145.1 -1.7725 -0.00760748
145.2 -1.74519 -0.0672316
145.3 -1.71713 -0.125917
145.4 -1.68825 -0.183638
145.5 -1.65849 -0.240365
145.6 -1.62775 -0.296068
145.7 -1.59595 -0.35071
145.8 -1.56296 -0.404254
145.9 -1.52865 -0.456658
146 -1.49286 -0.507875
146.1 -1.4554 -0.557851
146.2 -1.41604 -0.606525
146.3 -1.37449 -0.653829
146.4 -1.33041 -0.699683
146.5 -1.28334 -0.743993
146.6 -1.23273 -0.786649
146.7 -1.17784 -0.82752
146.8 -1.11769 -0.866444
146.9 -1.05097 -0.903221
147 -0.975852 -0.937601
147.1 -0.889754 -0.969257
147.2 -0.788908 -0.997758
147.3 -0.667692 -1.02251
147.4 -0.517521 -1.0427
147.5 -0.325221 -1.05713
147.6 -0.0712719 -1.06406
147.7 0.268825 -1.06098
147.8 0.708316 -1.04468
147.9 1.20234 -1.0123
148 1.62351 -0.963994
148.1 1.87588 -0.904162
148.2 1.98573 -0.838369
148.3 2.01961 -0.770319
148.4 2.02034 -0.701778
148.5 2.00746 -0.633482
148.6 1.98893 -0.565735
148.7 1.96791 -0.498665
148.8 1.94562 -0.43233
148.9 1.92253 -0.366766
149 1.89883 -0.301996
149.1 1.87457 -0.238038
149.2 1.84976 -0.174912
149.3 1.82438 -0.112637
149.4 1.79839 -0.0512321
149.5 1.77175 0.00928081
149.6 1.74442 0.0688791
149.7 1.71633 0.127538
149.8 1.68744 0.185232
149.9 1.65765 0.241931
150 1.62688 0.297604
150.1 1.59505 0.352216
150.2 1.56202 0.40573
150.3 1.52767 0.458101
150.4 1.49184 0.509284
150.5 1.45433 0.559224
150.6 1.41491 0.607862
150.7 1.3733 0.655126
150.8 1.32914 0.700938
150.9 1.28199 0.745204
151 1.23127 0.787812
151.1 1.17624 0.828631
151.2 1.11593 0.867498
151.3 1.049 0.904213
151.4 0.973617 0.938522
151.5 0.887165 0.970096
151.6 0.78584 0.998501
151.7 0.663949 1.02314
151.8 0.51281 1.04319
151.9 0.319088 1.05743
152 0.0630795 1.06412
152.1 -0.279738 1.06072
152.2 -0.721769 1.04401
152.3 -1.21575 1.01116
152.4 -1.63296 0.962456
152.5 -1.88055 0.902387
152.6 -1.98743 0.836492
152.7 -2.01995 0.768412
152.8 -2.02011 0.69987
152.9 -2.00699 0.631587
153 -1.98837 0.563857
153.1 -1.9673 0.496807
153.2 -1.94498 0.430494
153.3 -1.92188 0.364951
153.4 -1.89816 0.300203
153.5 -1.87389 0.236268
153.6 -1.84906 0.173166
153.7 -1.82366 0.110914
153.8 -1.79765 0.0495343
153.9 -1.771 -0.0109534
154 -1.74365 -0.0705259
154.1 -1.71554 -0.129159
154.2 -1.68662 -0.186825
154.3 -1.6568 -0.243496
154.4 -1.62601 -0.29914
154.5 -1.59414 -0.353722
154.6 -1.56108 -0.407204
154.7 -1.52669 -0.459543
154.8 -1.49082 -0.510692
154.9 -1.45326 -0.560597
155 -1.41379 -0.609197
155.1 -1.37211 -0.656422
155.2 -1.32787 -0.702193
155.3 -1.28062 -0.746414
155.4 -1.22979 -0.788974
155.5 -1.17464 -0.829741
155.6 -1.11416 -0.868551
155.7 -1.04703 -0.905202
155.8 -0.971373 -0.93944
155.9 -0.884566 -0.970933
156 -0.782755 -0.999242
156.1 -0.660185 -1.02377
156.2 -0.508066 -1.04367
156.3 -0.312908 -1.05773
156.4 -0.0548193 -1.06417
156.5 0.290732 -1.06046
156.6 0.735271 -1.04332
156.7 1.22909 -1.01
156.8 1.64227 -0.960909
156.9 1.8851 -0.900608
157 1.98908 -0.834614
157.1 2.02027 -0.766504
157.2 2.01987 -0.697962
157.3 2.00653 -0.629692
157.4 1.98781 -0.56198
157.5 1.96669 -0.494949
157.6 1.94435 -0.428657
157.7 1.92122 -0.363137
157.8 1.89749 -0.298411
157.9 1.8732 -0.234499
158 1.84836 -0.17142
158.1 1.82294 -0.109193
158.2 1.79692 -0.0478372
158.3 1.77025 0.0126253
158.4 1.74287 0.072172
158.5 1.71475 0.130778
158.6 1.6858 0.188417
158.7 1.65596 0.24506
158.8 1.62514 0.300675
158.9 1.59324 0.355227
159 1.56014 0.408678
159.1 1.52572 0.460985
159.2 1.4898 0.5121
159.3 1.45219 0.561969
159.4 1.41266 0.610532
159.5 1.37091 0.657718
159.6 1.3266 0.703446
159.7 1.27926 0.747622
159.8 1.22832 0.790135
159.9 1.17303 0.830849
160 1.11239 0.869602
160.1 1.04504 0.90619
160.2 0.969121 0.940356
160.3 0.881954 0.971767
160.4 0.779654 0.999979
160.5 0.656398 1.02439
160.6 0.503289 1.04415
160.7 0.30668 1.05802
160.8 0.0464908 1.06422
160.9 -0.301807 1.06018
161 -0.748817 1.04262
161.1 -1.24236 1.00883
161.2 -1.65144 0.959354
161.3 -1.88955 0.898825
161.4 -1.99067 0.832734
161.5 -2.02056 0.764596
161.6 -2.01962 0.696055
161.7 -2.00606 0.627798
161.8 -1.98725 0.560103
161.9 -1.96609 0.493092
162 -1.94371 0.426822
162.1 -1.92057 0.361323
162.2 -1.89682 0.29662
162.3 -1.87252 0.232731
162.4 -1.84766 0.169675
162.5 -1.82223 0.107472
162.6 -1.79619 0.0461408
162.7 -1.76949 -0.0142965
162.8 -1.7421 -0.0738173
162.9 -1.71395 -0.132397
163 -1.68498 -0.190009
163.1 -1.65511 -0.246623
163.2 -1.62426 -0.302209
163.3 -1.59233 -0.356731
163.4 -1.5592 -0.41015
163.5 -1.52474 -0.462425
163.6 -1.48877 -0.513506
163.7 -1.45111 -0.56334
163.8 -1.41152 -0.611865
163.9 -1.36971 -0.659011
164 -1.32532 -0.704698
164.1 -1.27789 -0.74883
164.2 -1.22684 -0.791294
164.3 -1.17142 -0.831956
164.4 -1.11061 -0.870652
164.5 -1.04306 -0.907176
164.6 -0.96686 -0.94127
164.7 -0.879331 -0.972598
164.8 -0.776538 -1.00071
164.9 -0.652588 -1.02501
165 -0.498479 -1.04462
165.1 -0.300402 -1.05831
165.2 -0.0380933 -1.06426
165.3 0.312963 -1.05989
165.4 0.762406 -1.0419
165.5 1.25557 -1.00765
165.6 1.66046 -0.95779
165.7 1.89389 -0.897037
165.8 1.99221 -0.830853
165.9 2.02083 -0.762687
166 2.01937 -0.694148
166.1 2.00559 -0.625903
166.2 1.98668 -0.558227
166.3 1.96548 -0.491236
166.4 1.94308 -0.424987
166.5 1.91992 -0.35951
166.6 1.89615 -0.294829
166.7 1.87183 -0.230963
166.8 1.84696 -0.167931
166.9 1.82151 -0.105752
167 1.79545 -0.0444451
167.1 1.76874 0.015967
167.2 1.74133 0.0754619
167.3 1.71316 0.134015
167.4 1.68416 0.191599
167.5 1.65427 0.248186
167.6 1.62339 0.303742
167.7 1.59143 0.358234
167.8 1.55826 0.411622
167.9 1.52376 0.463864
168 1.48775 0.514911
168.1 1.45004 0.564709
168.2 1.41039 0.613197
168.3 1.36851 0.660304
168.4 1.32404 0.705949
168.5 1.27652 0.750036
168.6 1.22536 0.792452
168.7 1.1698 0.833062
168.8 1.10883 0.8717
168.9 1.04106 0.90816
169 0.96459 0.942182
169.1 0.876697 0.973427
169.2 0.773405 1.00145
169.3 0.648755 1.02562
169.4 0.493635 1.04509
169.5 0.294075 1.05859
169.6 0.0296264 1.06429
169.7 -0.324199 1.05958
169.8 -0.776037 1.04118
169.9 -1.26871 1.00646
170 -1.66934 0.956217
170.1 -1.89813 0.895246
170.2 -1.9937 0.82897
170.3 -2.02107 0.760779
170.4 -2.0191 0.692241
170.5 -2.00511 0.62401
170.6 -1.98611 0.556351
170.7 -1.96486 0.489381
170.8 -1.94244 0.423152
170.9 -1.91926 0.357697
171 -1.89548 0.293039
171.1 -1.87115 0.229196
171.2 -1.84626 0.166187
171.3 -1.82079 0.104032
171.4 -1.79472 0.0427501
171.5 -1.76799 -0.0176368
171.6 -1.74055 -0.0771058
171.7 -1.71236 -0.135632
171.8 -1.68334 -0.193189
171.9 -1.65342 -0.249747
172 -1.62251 -0.305275
172.1 -1.59052 -0.359736
172.2 -1.55732 -0.413093
172.3 -1.52277 -0.465302
172.4 -1.48672 -0.516315
172.5 -1.44896 -0.566078
172.6 -1.40926 -0.614528
172.7 -1.36731 -0.661596
172.8 -1.32276 -0.707198
172.9 -1.27515 -0.75124
173 -1.22388 -0.793608
173.1 -1.16818 -0.834165
173.2 -1.10704 -0.872746
173.3 -1.03906 -0.909142
173.4 -0.962311 -0.943092
173.5 -0.87405 -0.974254
173.6 -0.770255 -1.00217
173.7 -0.644898 -1.02623
173.8 -0.488757 -1.04555
173.9 -0.287698 -1.05886
174 -0.0210894 -1.06432
174.1 0.335516 -1.05927
174.2 0.789706 -1.04044
174.3 1.28177 -1.00526
174.4 1.67808 -0.954636
174.5 1.90226 -0.893451
174.6 1.99514 -0.827086
174.7 2.0213 -0.75887
174.8 2.01882 -0.690335
174.9 2.00463 -0.622117
175 1.98555 -0.554476
175.1 1.96425 -0.487526
175.2 1.9418 -0.421318
175.3 1.91861 -0.355885
175.4 1.89481 -0.291249
175.5 1.87046 -0.227429
175.6 1.84556 -0.164444
175.7 1.82007 -0.102313
175.8 1.79398 -0.0410558
175.9 1.76723 0.0193058
176 1.73978 0.078749
176.1 1.71156 0.137249
176.2 1.68252 0.194778
176.3 1.65257 0.251308
176.4 1.62164 0.306806
176.5 1.58961 0.361238
176.6 1.55638 0.414563
176.7 1.52179 0.46674
176.8 1.48569 0.517719
176.9 1.44788 0.567446
177 1.40812 0.615859
177.1 1.36611 0.662886
177.2 1.32148 0.708447
177.3 1.27377 0.752444
177.4 1.22239 0.794763
177.5 1.16656 0.835268
177.6 1.10525 0.87379
177.7 1.03705 0.910122
177.8 0.960024 0.943999
177.9 0.871392 0.975078
178 0.76709 1.0029
178.1 0.641018 1.02684
178.2 0.483844 1.04601
178.3 0.281271 1.05913
178.4 0.0124819 1.06433
178.5 -0.346912 1.05895
178.6 -0.803411 1.03969
178.7 -1.29475 1.00404
178.8 -1.68668 0.953047
178.9 -1.90629 0.891651
179 -1.99653 0.825201
179.1 -2.0215 0.756961
179.2 -2.01854 0.688428
179.3 -2.00415 0.620224
179.4 -1.98497 0.552602
179.5 -1.96364 0.485671
179.6 -1.94117 0.419485
179.7 -1.91795 0.354074
179.8 -1.89414 0.289461
179.9 -1.86978 0.225664
180 -1.84486 0.162702
180.1 -1.81936 0.100595
180.2 -1.79324 0.0393622
180.3 -1.76648 -0.0209742
180.4 -1.739 -0.0803914
180.5 -1.71077 -0.138864
180.6 -1.6817 -0.196367
180.7 -1.65173 -0.252868
180.8 -1.62076 -0.308337
180.9 -1.5887 -0.362738
181 -1.55543 -0.416032
181.1 -1.52081 -0.468176
181.2 -1.48466 -0.519121
181.3 -1.4468 -0.568812
181.4 -1.40698 -0.617188
181.5 -1.3649 -0.664176
181.6 -1.3202 -0.709694
181.7 -1.2724 -0.753646
181.8 -1.2209 -0.795917
181.9 -1.16493 -0.836368
182 -1.10345 -0.874833
182.1 -1.03503 -0.9111
182.2 -0.957728 -0.944905
182.3 -0.868721 -0.975899
182.4 -0.763907 -1.00362
182.5 -0.637114 -1.02744
182.6 -0.478897 -1.04646
182.7 -0.274793 -1.0594
182.8 -0.00380331 -1.06434
182.9 0.358389 -1.05862
183 0.81715 -1.03892
183.1 1.30765 -1.00281
183.2 1.69513 -0.95145
183.3 1.91022 -0.889848
183.4 1.99787 -0.823314
183.5 2.02169 -0.755052
183.6 2.01825 -0.686522
183.7 2.00366 -0.618332
183.8 1.9844 -0.550728
183.9 1.96303 -0.483817
184 1.94053 -0.417652
184.1 1.9173 -0.352263
184.2 1.89347 -0.287672
184.3 1.86909 -0.223898
184.4 1.84415 -0.16096
184.5 1.81864 -0.0988771
184.6 1.79251 -0.0376693
184.7 1.76572 0.0226418
184.8 1.73823 0.0820331
184.9 1.70997 0.140479
185 1.68088 0.197954
185.1 1.65088 0.254427
185.2 1.61988 0.309867
185.3 1.58779 0.364238
185.4 1.55449 0.417501
185.5 1.51982 0.469612
185.6 1.48363 0.520523
185.7 1.44572 0.570178
185.8 1.40584 0.618516
185.9 1.3637 0.665464
186 1.31891 0.71094
186.1 1.27101 0.754847
186.2 1.21941 0.797069
186.3 1.1633 0.837468
186.4 1.10164 0.875874
186.5 1.03301 0.912077
186.6 0.955422 0.945808
186.7 0.866039 0.976718
186.8 0.760708 1.00434
186.9 0.633186 1.02804
187 0.473914 1.04691
187.1 0.268263 1.05965
187.2 -0.0049469 1.06434
187.3 -0.369945 1.05827
187.4 -0.83092 1.03814
187.5 -1.32046 1.00157
187.6 -1.70344 0.949845
187.7 -1.91404 0.888041
187.8 -1.99916 0.821426
187.9 -2.02185 0.753142
188 -2.01795 0.684617
188.1 -2.00317 0.61644
188.2 -1.98383 0.548854
188.3 -1.96241 0.481964
188.4 -1.93989 0.41582
188.5 -1.91664 0.350453
188.6 -1.8928 0.285885
188.7 -1.8684 0.222134
188.8 -1.84345 0.159219
188.9 -1.81792 0.0971602
189 -1.79177 0.035977
189.1 -1.76497 -0.0243087
189.2 -1.73745 -0.083674
189.3 -1.70917 -0.142094
189.4 -1.68005 -0.199541
189.5 -1.65003 -0.255986
189.6 -1.61901 -0.311396
189.7 -1.58688 -0.365737
189.8 -1.55354 -0.418968
189.9 -1.51884 -0.471046
190 -1.4826 -0.521923
190.1 -1.44464 -0.571543
190.2 -1.4047 -0.619843
190.3 -1.36249 -0.666751
190.4 -1.31762 -0.712185
190.5 -1.26963 -0.756046
190.6 -1.21791 -0.798219
190.7 -1.16166 -0.838565
190.8 -1.09983 -0.876913
190.9 -1.03098 -0.913051
191 -0.953108 -0.946709
191.1 -0.863344 -0.977535
191.2 -0.757492 -1.00506
191.3 -0.629234 -1.02864
191.4 -0.468897 -1.04736
191.5 -0.261681 -1.0599
191.6 0.0137692 -1.06433
191.7 0.381581 -1.05792
191.8 0.844719 -1.03735
191.9 1.33319 -1.00032
192 1.7116 -0.948232
192.1 1.91778 -0.886231
192.2 2.00041 -0.819537
192.3 2.022 -0.751233
192.4 2.01764 -0.682711
192.5 2.00267 -0.614549
192.6 1.98325 -0.546981
192.7 1.9618 -0.480111
192.8 1.93925 -0.413989
192.9 1.91598 -0.348644
193 1.89213 -0.284098
193.1 1.86771 -0.22037
193.2 1.84275 -0.157479
193.3 1.8172 -0.095444
193.4 1.79103 -0.0342855
193.5 1.76421 0.025975
193.6 1.73667 0.0853142
193.7 1.70837 0.143707
193.8 1.67923 0.201127
193.9 1.64918 0.257543
194 1.61813 0.312925
194.1 1.58597 0.367235
194.2 1.55259 0.420435
194.3 1.51785 0.47248
194.4 1.48157 0.523322
194.5 1.44355 0.572906
194.6 1.40356 0.621168
194.7 1.36127 0.668037
194.8 1.31633 0.713428
194.9 1.26824 0.757244
195 1.21641 0.799369
195.1 1.16002 0.839661
195.2 1.09802 0.877951
195.3 1.02895 0.914024
195.4 0.950784 0.947608
195.5 0.860637 0.978349
195.6 0.754258 1.00577
195.7 0.625257 1.02923
195.8 0.463843 1.0478
195.9 0.255046 1.06015
196 -0.0226643 1.06432
196.1 -0.393296 1.05755
196.2 -0.858543 1.03655
196.3 -1.34582 0.999055
196.4 -1.71963 0.946611
196.5 -1.92141 0.884417
196.6 -2.00161 0.817647
196.7 -2.02212 0.749323
196.8 -2.01732 0.680806
196.9 -2.00218 0.612658
197 -1.98268 0.545109
197.1 -1.96118 0.478259
197.2 -1.93861 0.412158
197.3 -1.91533 0.346835
197.4 -1.89145 0.282311
197.5 -1.86703 0.218607
197.6 -1.84204 0.155739
197.7 -1.81648 0.0937285
197.8 -1.7903 0.0325947
197.9 -1.76345 -0.0276404
198 -1.7359 -0.0869537
198.1 -1.70757 -0.14532
198.2 -1.67841 -0.202712
198.3 -1.64833 -0.2591
198.4 -1.61725 -0.314452
198.5 -1.58506 -0.368732
198.6 -1.55164 -0.4219
198.7 -1.51686 -0.473913
198.8 -1.48053 -0.524721
198.9 -1.44247 -0.574269
199 -1.40241 -0.622493
199.1 -1.36006 -0.669322
199.2 -1.31503 -0.714671
199.3 -1.26685 -0.758441
199.4 -1.2149 -0.800517
199.5 -1.15838 -0.840756
199.6 -1.0962 -0.878987
199.7 -1.0269 -0.914994
199.8 -0.948452 -0.948504
199.9 -0.857917 -0.97916
200 -0.751007 -1.00648
