0 2 0
0.1 1.85849 0.0648863
0.2 1.77736 0.126192
0.3 1.72151 0.185245
0.4 1.67723 0.242634
0.5 1.63836 0.298631
0.6 1.60183 0.35336
0.7 1.566 0.40687
0.8 1.52995 0.459168
0.9 1.49305 0.510235
1 1.45486 0.560035
1.1 1.415 0.608518
1.2 1.37309 0.65562
1.3 1.32874 0.701267
1.4 1.28145 0.745367
1.5 1.23063 0.787812
1.6 1.17553 0.82847
1.7 1.11516 0.86718
1.8 1.04816 0.903744
1.9 0.972686 0.937907
2 0.886105 0.969341
2.1 0.784577 0.997611
2.2 0.662358 1.02212
2.3 0.510671 1.04204
2.4 0.316027 1.05615
2.5 0.0584821 1.06268
2.6 -0.286697 1.05911
2.7 -0.731507 1.04216
2.8 -1.22664 1.00907
2.9 -1.64146 0.960194
3 -1.88511 0.900107
3.1 -1.98922 0.834332
3.2 -2.02035 0.766448
3.3 -2.01991 0.698136
3.4 -2.00658 0.630095
3.5 -1.98789 0.56261
3.6 -1.96683 0.495802
3.7 -1.94455 0.429728
3.8 -1.9215 0.364421
3.9 -1.89785 0.299903
4 -1.87365 0.236193
4.1 -1.84889 0.173311
4.2 -1.82357 0.111274
4.3 -1.79765 0.0501029
4.4 -1.77108 -0.0101817
4.5 -1.74381 -0.0695571
4.6 -1.7158 -0.127999
4.7 -1.68698 -0.185481
4.8 -1.65727 -0.241974
4.9 -1.62659 -0.297448
5 -1.59484 -0.351867
5.1 -1.5619 -0.405194
5.2 -1.52765 -0.457387
5.3 -1.49192 -0.508398
5.4 -1.45453 -0.558174
5.5 -1.41523 -0.606655
5.6 -1.37375 -0.653773
5.7 -1.32973 -0.699448
5.8 -1.28274 -0.743587
5.9 -1.2322 -0.78608
6 -1.17738 -0.826795
6.1 -1.1173 -0.865573
6.2 -1.05065 -0.902215
6.3 -0.975599 -0.936469
6.4 -0.889553 -0.968011
6.5 -0.788734 -0.996408
6.6 -0.667494 -1.02107
6.7 -0.517205 -1.04118
6.8 -0.324602 -1.05555
6.9 -0.0700118 -1.06242
7 0.271267 -1.0593
7.1 0.712449 -1.04294
7.2 1.20768 -1.0105
7.3 1.62815 -0.962189
7.4 1.87855 -0.902434
7.5 1.98681 -0.836802
7.6 2.01984 -0.768962
7.7 2.02019 -0.700651
7.8 2.00717 -0.632594
7.9 1.98863 -0.565086
8 1.96763 -0.498252
8.1 1.94539 -0.432151
8.2 1.92236 -0.366815
8.3 1.89873 -0.302268
8.4 1.87455 -0.238528
8.5 1.84982 -0.175615
8.6 1.82452 -0.113546
8.7 1.79861 -0.0523427
8.8 1.77207 0.00797492
8.9 1.74483 0.0673843
9 1.71685 0.125861
9.1 1.68806 0.183379
9.2 1.65838 0.239909
9.3 1.62774 0.295421
9.4 1.59603 0.34988
9.5 1.56314 0.403248
9.6 1.52894 0.455483
9.7 1.49327 0.506538
9.8 1.45594 0.556361
9.9 1.41672 0.604891
10 1.37532 0.652061
10.1 1.33141 0.69779
10.2 1.28453 0.741988
10.3 1.23413 0.784544
10.4 1.17949 0.825327
10.5 1.11962 0.86418
10.6 1.05324 0.900905
10.7 0.978543 0.935252
10.8 0.89296 0.9669
10.9 0.792772 0.995423
11 0.672416 1.02024
11.1 0.523399 1.04054
11.2 0.332662 1.05514
11.3 0.0807848 1.06233
11.4 -0.256891 1.05963
11.5 -0.694653 1.04382
11.6 -1.18984 1.012
11.7 -1.61548 0.964209
11.8 -1.87227 0.904772
11.9 -1.98451 0.839276
12 -2.01938 0.771478
12.1 -2.02049 0.703168
12.2 -2.00778 0.635095
12.3 -1.98937 0.567564
12.4 -1.96843 0.500704
12.5 -1.94622 0.434575
12.6 -1.92322 0.36921
12.7 -1.89961 0.304633
12.8 -1.87545 0.240864
12.9 -1.85074 0.177919
13 -1.82546 0.11582
13.1 -1.79958 0.0545838
13.2 -1.77306 -0.00576688
13.3 -1.74585 -0.0652101
13.4 -1.7179 -0.123722
13.5 -1.68913 -0.181275
13.6 -1.65949 -0.237843
13.7 -1.62888 -0.293393
13.8 -1.59722 -0.347891
13.9 -1.56437 -0.4013
14 -1.53023 -0.453577
14.1 -1.49461 -0.504677
14.2 -1.45735 -0.554547
14.3 -1.4182 -0.603126
14.4 -1.37689 -0.650347
14.5 -1.33308 -0.696131
14.6 -1.28632 -0.740387
14.7 -1.23606 -0.783005
14.8 -1.18159 -0.823857
14.9 -1.12194 -0.862784
15 -1.05583 -0.899591
15.1 -0.981472 -0.934031
15.2 -0.896347 -0.965786
15.3 -0.796783 -0.994433
15.4 -0.677299 -1.0194
15.5 -0.529537 -1.03988
15.6 -0.34064 -1.05472
15.7 -0.0914405 -1.06222
15.8 0.242656 -1.05994
15.9 0.676948 -1.04467
16 1.17189 -1.01347
16.1 1.60257 -0.966214
16.2 1.86579 -0.907101
16.3 1.98211 -0.841748
16.4 2.01887 -0.773994
16.5 2.02077 -0.705686
16.6 2.00838 -0.637597
16.7 1.9901 -0.570043
16.8 1.96923 -0.503156
16.9 1.94706 -0.437
17 1.92408 -0.371606
17.1 1.90049 -0.307
17.2 1.87635 -0.2432
17.3 1.85166 -0.180225
17.4 1.8264 -0.118094
17.5 1.80055 -0.0568261
17.6 1.77405 0.0035576
17.7 1.74687 0.0630347
17.8 1.71894 0.121581
17.9 1.69021 0.179171
18 1.6606 0.235775
18.1 1.63003 0.291363
18.2 1.5984 0.345901
18.3 1.56561 0.39935
18.4 1.53151 0.451671
18.5 1.49595 0.502815
18.6 1.45875 0.55273
18.7 1.41968 0.601358
18.8 1.37846 0.648631
18.9 1.33474 0.694469
19 1.2881 0.738783
19.1 1.23798 0.781464
19.2 1.18368 0.822384
19.3 1.12424 0.861385
19.4 1.0584 0.898274
19.5 0.984386 0.932807
19.6 0.899716 0.964667
19.7 0.800767 0.993438
19.8 0.682144 1.01855
19.9 0.53562 1.03922
20 0.348537 1.05429
20.1 0.10198 1.0621
20.2 -0.228564 1.06023
20.3 -0.659338 1.04551
20.4 -1.15385 1.01492
20.5 -1.5894 0.968202
20.6 -1.85911 0.909423
20.7 -1.9796 0.844217
20.8 -2.01832 0.776509
20.9 -2.02103 0.708203
21 -2.00897 0.640099
21.1 -1.99083 0.572522
21.2 -1.97003 0.50561
21.3 -1.94789 0.439425
21.4 -1.92494 0.374004
21.5 -1.90137 0.309368
21.6 -1.87725 0.245538
21.7 -1.85258 0.182533
21.8 -1.82734 0.12037
21.9 -1.80151 0.0590696
22 -1.77504 -0.00134709
22.1 -1.74788 -0.0608581
22.2 -1.71998 -0.119439
22.3 -1.69128 -0.177065
22.4 -1.66171 -0.233706
22.5 -1.63118 -0.289332
22.6 -1.59959 -0.343909
22.7 -1.56684 -0.397399
22.8 -1.53279 -0.449762
22.9 -1.49729 -0.50095
23 -1.46016 -0.550912
23.1 -1.42116 -0.599589
23.2 -1.38002 -0.646913
23.3 -1.3364 -0.692806
23.4 -1.28988 -0.737177
23.5 -1.2399 -0.779921
23.6 -1.18577 -0.820908
23.7 -1.12654 -0.859983
23.8 -1.06096 -0.896954
23.9 -0.987286 -0.931579
24 -0.903064 -0.963544
24.1 -0.804725 -0.992438
24.2 -0.686952 -1.0177
24.3 -0.541648 -1.03855
24.4 -0.356354 -1.05385
24.5 -0.112406 -1.06197
24.6 0.214614 -1.06051
24.7 0.641827 -1.04632
24.8 1.13574 -1.01634
24.9 1.576 -0.970174
25 1.85222 -0.911736
25.1 1.97699 -0.846683
25.2 2.01772 -0.779024
25.3 2.02127 -0.710721
25.4 2.00956 -0.642602
25.5 1.99156 -0.575002
25.6 1.97082 -0.508064
25.7 1.94872 -0.441852
25.8 1.9258 -0.376402
25.9 1.90225 -0.311737
26 1.87815 -0.247877
26.1 1.8535 -0.184841
26.2 1.82828 -0.122647
26.3 1.80247 -0.0613143
26.4 1.77603 -0.000864648
26.5 1.7489 0.0586801
26.6 1.72103 0.117296
26.7 1.69236 0.174957
26.8 1.66282 0.231635
26.9 1.63232 0.287299
27 1.60077 0.341915
27.1 1.56807 0.395447
27.2 1.53407 0.447852
27.3 1.49863 0.499084
27.4 1.46156 0.549093
27.5 1.42263 0.597818
27.6 1.38158 0.645192
27.7 1.33806 0.69114
27.8 1.29165 0.73557
27.9 1.24181 0.778375
28 1.18785 0.81943
28.1 1.12883 0.858578
28.2 1.06351 0.895631
28.3 0.990172 0.930347
28.4 0.906394 0.962417
28.5 0.808656 0.991433
28.6 0.691723 1.01684
28.7 0.547623 1.03787
28.8 0.364092 1.0534
28.9 0.122718 1.06182
29 -0.200805 1.06077
29.1 -0.624419 1.04711
29.2 -1.11755 1.01775
29.3 -1.56235 0.972129
29.4 -1.84511 0.91404
29.5 -1.97427 0.849145
29.6 -2.01708 0.781537
29.7 -2.0215 0.713239
29.8 -2.01013 0.645106
29.9 -1.99229 0.577484
30 -1.97162 0.51052
30.1 -1.94955 0.44428
30.2 -1.92666 0.378802
30.3 -1.90313 0.314107
30.4 -1.87905 0.250217
30.5 -1.85442 0.18715
30.6 -1.82922 0.124925
30.7 -1.80344 0.0635602
30.8 -1.77701 0.00307762
30.9 -1.74991 -0.0565009
31 -1.72207 -0.115152
31.1 -1.69343 -0.172848
31.2 -1.66392 -0.229563
31.3 -1.63346 -0.285265
31.4 -1.60196 -0.339921
31.5 -1.5693 -0.393493
31.6 -1.53535 -0.44594
31.7 -1.49996 -0.497217
31.8 -1.46296 -0.547271
31.9 -1.4241 -0.596045
32 -1.38313 -0.643471
32.1 -1.33971 -0.689472
32.2 -1.29342 -0.733959
32.3 -1.24372 -0.776827
32.4 -1.18992 -0.817949
32.5 -1.13111 -0.857171
32.6 -1.06605 -0.894305
32.7 -0.993044 -0.929112
32.8 -0.909705 -0.961286
32.9 -0.812562 -0.990424
33 -0.696457 -1.01598
33.1 -0.553544 -1.03718
33.2 -0.371752 -1.05294
33.3 -0.132918 -1.06166
33.4 0.187137 -1.06101
33.5 0.607119 -1.04787
33.6 1.09929 -1.01913
33.7 1.54846 -0.974067
33.8 1.8378 -0.916335
33.9 1.97143 -0.851604
34 2.01638 -0.78405
34.1 2.0217 -0.715758
34.2 2.0107 -0.64761
34.3 1.99301 -0.579966
34.4 1.97241 -0.512976
34.5 1.95039 -0.446709
34.6 1.92751 -0.381202
34.7 1.90401 -0.316479
34.8 1.87995 -0.252559
34.9 1.85534 -0.189461
35 1.83016 -0.127204
35.1 1.8044 -0.0658073
35.2 1.778 -0.00529182
35.3 1.75092 0.0543205
35.4 1.72311 0.113006
35.5 1.6945 0.170738
35.6 1.66503 0.22749
35.7 1.6346 0.28323
35.8 1.60314 0.337924
35.9 1.57052 0.391537
36 1.53663 0.444027
36.1 1.5013 0.495347
36.2 1.46435 0.545448
36.3 1.42557 0.59427
36.4 1.38468 0.641747
36.5 1.34136 0.687802
36.6 1.29518 0.732347
36.7 1.24562 0.775277
36.8 1.19199 0.816465
36.9 1.13338 0.85576
37 1.06857 0.892975
37.1 0.995902 0.927873
37.2 0.912998 0.960151
37.3 0.816443 0.989409
37.4 0.701156 1.01511
37.5 0.559414 1.03649
37.6 0.379335 1.05248
37.7 0.143007 1.06149
37.8 -0.17361 1.06123
37.9 -0.589929 1.04862
38 -1.08098 1.02049
38.1 -1.53434 0.975988
38.2 -1.83026 0.918621
38.3 -1.96848 0.854059
38.4 -2.01564 0.786562
38.5 -2.02188 0.718277
38.6 -2.01126 0.650115
38.7 -1.99373 0.582449
38.8 -1.9732 0.515434
38.9 -1.95121 0.44914
39 -1.92837 0.383604
39.1 -1.90489 0.318851
39.2 -1.88084 0.254901
39.3 -1.85625 0.191773
39.4 -1.8311 0.129484
39.5 -1.80536 0.0680556
39.6 -1.77898 0.00750724
39.7 -1.75193 -0.0521388
39.8 -1.72415 -0.110859
39.9 -1.69557 -0.168627
40 -1.66613 -0.225415
40.1 -1.63574 -0.281193
40.2 -1.60432 -0.335927
40.3 -1.57175 -0.38958
40.4 -1.5379 -0.442112
40.5 -1.50263 -0.493476
40.6 -1.46574 -0.543623
40.7 -1.42704 -0.592493
40.8 -1.38623 -0.640021
40.9 -1.34301 -0.68613
41 -1.29694 -0.730733
41.1 -1.24751 -0.773724
41.2 -1.19405 -0.814979
41.3 -1.13564 -0.854347
41.4 -1.07109 -0.891642
41.5 -0.998746 -0.926631
41.6 -0.916272 -0.959012
41.7 -0.820298 -0.98839
41.8 -0.705819 -1.01423
41.9 -0.565232 -1.03579
42 -0.386843 -1.052
42.1 -0.152988 -1.0613
42.2 0.160223 -1.06144
42.3 0.572852 -1.04934
42.4 1.06262 -1.02182
42.5 1.51998 -0.97789
42.6 1.8225 -0.920898
42.7 1.9654 -0.856511
42.8 2.01484 -0.789073
42.9 2.02204 -0.720796
43 2.01181 -0.652621
43.1 1.99444 -0.584933
43.2 1.97399 -0.517892
43.3 1.95204 -0.451571
43.4 1.92922 -0.386006
43.5 1.90576 -0.321224
43.6 1.88174 -0.257244
43.7 1.85717 -0.194085
43.8 1.83204 -0.131766
43.9 1.80632 -0.0703051
44 1.77997 -0.0097239
44.1 1.75294 0.0499558
44.2 1.72519 0.10871
44.3 1.69664 0.166514
44.4 1.66723 0.223339
44.5 1.63688 0.279154
44.6 1.6055 0.333927
44.7 1.57297 0.387621
44.8 1.53917 0.440195
44.9 1.50395 0.491604
45 1.46714 0.541796
45.1 1.4285 0.590714
45.2 1.38778 0.638293
45.3 1.34465 0.684456
45.4 1.2987 0.729116
45.5 1.2494 0.772169
45.6 1.1961 0.81349
45.7 1.13789 0.852931
45.8 1.0736 0.890307
45.9 1.00158 0.925385
46 0.919528 0.957868
46.1 0.824128 0.987365
46.2 0.710446 1.01335
46.3 0.571 1.03508
46.4 0.394276 1.05151
46.5 0.16286 1.06111
46.6 -0.146975 1.06163
46.7 -0.555893 1.05005
46.8 -1.04422 1.02313
46.9 -1.5054 0.979775
47 -1.81452 0.923165
47.1 -1.9622 0.858958
47.2 -2.01399 0.791583
47.3 -2.02218 0.723315
47.4 -2.01235 0.655128
47.5 -1.99515 0.587418
47.6 -1.97477 0.520352
47.7 -1.95287 0.454003
47.8 -1.93008 0.38841
47.9 -1.90664 0.323599
48 -1.88263 0.259589
48.1 -1.85809 0.196399
48.2 -1.83298 0.134049
48.3 -1.80728 0.0725558
48.4 -1.78095 0.0119418
48.5 -1.75395 -0.0477716
48.6 -1.72622 -0.106561
48.7 -1.69771 -0.1644
48.8 -1.66833 -0.221261
48.9 -1.63802 -0.277115
49 -1.60667 -0.331927
49.1 -1.57419 -0.385661
49.2 -1.54044 -0.438277
49.3 -1.50528 -0.48973
49.4 -1.46852 -0.539968
49.5 -1.42996 -0.588934
49.6 -1.38932 -0.636563
49.7 -1.34628 -0.68278
49.8 -1.30045 -0.727497
49.9 -1.25129 -0.770611
50 -1.19815 -0.811999
50.1 -1.14014 -0.851512
50.2 -1.07609 -0.888968
50.3 -1.00439 -0.924135
50.4 -0.922766 -0.956721
50.5 -0.827934 -0.986336
50.6 -0.71504 -1.01246
50.7 -0.576717 -1.03437
50.8 -0.401636 -1.05102
50.9 -0.172626 -1.0609
51 0.133866 -1.06181
51.1 0.539053 -1.05073
51.2 1.02579 -1.02442
51.3 1.49059 -0.981641
51.4 1.80631 -0.925421
51.5 1.95888 -0.861402
51.6 2.01308 -0.794092
51.7 2.0223 -0.725834
51.8 2.01289 -0.657635
51.9 1.99586 -0.589904
52 1.97556 -0.522812
52.1 1.9537 -0.456436
52.2 1.93093 -0.390815
52.3 1.90751 -0.325974
52.4 1.88353 -0.261935
52.5 1.859 -0.198715
52.6 1.83391 -0.136332
52.7 1.80824 -0.0748077
52.8 1.78193 -0.0141609
52.9 1.75496 0.0455861
53 1.72726 0.10441
53.1 1.69877 0.162284
53.2 1.66943 0.219182
53.3 1.63915 0.275073
53.4 1.60785 0.329925
53.5 1.57541 0.383699
53.6 1.54171 0.436357
53.7 1.5066 0.487854
53.8 1.46991 0.538137
53.9 1.43141 0.587152
54 1.39086 0.634832
54.1 1.34792 0.681102
54.2 1.30219 0.725876
54.3 1.25317 0.769051
54.4 1.20018 0.810505
54.5 1.14238 0.850091
54.6 1.07858 0.887626
54.7 1.0072 0.922883
54.8 0.925986 0.955569
54.9 0.831715 0.985303
55 0.719599 1.01157
55.1 0.582385 1.03364
55.2 0.408923 1.05051
55.3 0.182287 1.06068
55.4 -0.120895 1.06197
55.5 -0.522336 1.05139
55.6 -1.00733 1.02569
55.7 -1.47556 0.983488
55.8 -1.79787 0.927667
55.9 -1.95542 0.863842
56 -2.01212 0.7966
56.1 -2.02239 0.728354
56.2 -2.01341 0.660143
56.3 -1.99656 0.592391
56.4 -1.97634 0.525274
56.5 -1.95452 0.45887
56.6 -1.93178 0.393221
56.7 -1.90838 0.328351
56.8 -1.88442 0.264282
56.9 -1.85992 0.201031
57 -1.83485 0.138617
57.1 -1.80919 0.0770608
57.2 -1.78292 0.0163812
57.3 -1.75597 -0.0433994
57.4 -1.72829 -0.102257
57.5 -1.69984 -0.160167
57.6 -1.67053 -0.217102
57.7 -1.64029 -0.273031
57.8 -1.60902 -0.327921
57.9 -1.57663 -0.381736
58 -1.54298 -0.434436
58.1 -1.50793 -0.485976
58.2 -1.47129 -0.536306
58.3 -1.43287 -0.585368
58.4 -1.39239 -0.633098
58.5 -1.34955 -0.679422
58.6 -1.30393 -0.724253
58.7 -1.25504 -0.767489
58.8 -1.20222 -0.809009
58.9 -1.14461 -0.848666
59 -1.08106 -0.886281
59.1 -1.00999 -0.921626
59.2 -0.929189 -0.954414
59.3 -0.835473 -0.984264
59.4 -0.724124 -1.01067
59.5 -0.588005 -1.03291
59.6 -0.416138 -1.05
59.7 -0.191844 -1.06045
59.8 0.108061 -1.06211
59.9 0.505744 -1.05203
60 0.988859 -1.02693
60.1 1.46032 -0.985317
60.2 1.7892 -0.929903
60.3 1.95183 -0.866277
60.4 2.01109 -0.799107
60.5 2.02245 -0.730873
60.6 2.01392 -0.662651
60.7 1.99725 -0.594878
60.8 1.97712 -0.527736
60.9 1.95534 -0.461305
61 1.93263 -0.395628
61.1 1.90926 -0.330729
61.2 1.88532 -0.26663
61.3 1.86083 -0.203348
61.4 1.83578 -0.140904
61.5 1.81015 -0.0793151
61.6 1.7839 -0.0186028
61.7 1.75697 0.0412114
61.8 1.72933 0.100104
61.9 1.7009 0.158049
62 1.67162 0.21502
62.1 1.64142 0.270987
62.2 1.61019 0.325916
62.3 1.57784 0.379772
62.4 1.54424 0.432513
62.5 1.50924 0.484097
62.6 1.47267 0.534472
62.7 1.43432 0.583582
62.8 1.39393 0.631363
62.9 1.35117 0.67774
63 1.30567 0.722628
63.1 1.25691 0.765924
63.2 1.20424 0.80751
63.3 1.14683 0.847239
63.4 1.08352 0.884932
63.5 1.01276 0.920366
63.6 0.932374 0.953254
63.7 0.839206 0.983221
63.8 0.728616 1.00976
63.9 0.593576 1.03218
64 0.423283 1.04947
64.1 0.201299 1.0602
64.2 -0.0953627 1.06224
64.3 -0.48928 1.05265
64.4 -0.970376 1.02815
64.5 -1.44486 0.987127
64.6 -1.78029 0.932127
64.7 -1.9481 0.868707
64.8 -2.01 0.801612
64.9 -2.0225 0.733393
65 -2.01442 0.66516
65.1 -1.99795 0.597367
65.2 -1.9779 0.530199
65.3 -1.95617 0.463742
65.4 -1.93348 0.398036
65.5 -1.91013 0.333108
65.6 -1.88621 0.268979
65.7 -1.86174 0.205667
65.8 -1.83672 0.143191
65.9 -1.81111 0.0815705
66 -1.78488 0.0208255
66.1 -1.75798 -0.0390221
66.2 -1.73036 -0.097949
66.3 -1.70196 -0.15593
66.4 -1.67272 -0.212937
66.5 -1.64255 -0.268942
66.6 -1.61137 -0.323909
66.7 -1.57906 -0.377805
66.8 -1.54551 -0.430589
66.9 -1.51056 -0.482216
67 -1.47405 -0.532637
67.1 -1.43577 -0.581794
67.2 -1.39546 -0.629625
67.3 -1.3528 -0.676056
67.4 -1.3074 -0.721
67.5 -1.25877 -0.764358
67.6 -1.20627 -0.806009
67.7 -1.14904 -0.845809
67.8 -1.08598 -0.883581
67.9 -1.01553 -0.919103
68 -0.935542 -0.952091
68.1 -0.842917 -0.982174
68.2 -0.733076 -1.00885
68.3 -0.599101 -1.03144
68.4 -0.430359 -1.04894
68.5 -0.210652 -1.05994
68.6 0.0828 -1.06235
68.7 0.472944 -1.05325
68.8 0.951892 -1.02935
68.9 1.4292 -0.988917
69 1.77114 -0.93434
69.1 1.94423 -0.871133
69.2 2.00885 -0.804116
69.3 2.02251 -0.735913
69.4 2.01491 -0.66767
69.5 1.99864 -0.599856
69.6 1.97867 -0.532664
69.7 1.95699 -0.466179
69.8 1.93433 -0.400445
69.9 1.911 -0.335488
70 1.8871 -0.271329
70.1 1.86265 -0.207987
70.2 1.83765 -0.14548
70.3 1.81206 -0.0838272
70.4 1.78585 -0.0230495
70.5 1.75898 0.0368316
70.6 1.73139 0.0957929
70.7 1.70303 0.153809
70.8 1.67381 0.210853
70.9 1.64368 0.266895
71 1.61253 0.321902
71.1 1.58027 0.375838
71.2 1.54677 0.428663
71.3 1.51188 0.480334
71.4 1.47543 0.5308
71.5 1.43722 0.580005
71.6 1.39698 0.627886
71.7 1.35442 0.67437
71.8 1.30913 0.71937
71.9 1.26063 0.762788
72 1.20828 0.804505
72.1 1.15125 0.844376
72.2 1.08842 0.882227
72.3 1.01828 0.917836
72.4 0.938693 0.950924
72.5 0.846604 0.981121
72.6 0.737503 1.00794
72.7 0.604578 1.03069
72.8 0.437366 1.0484
72.9 0.219905 1.05968
73 -0.0703716 1.06244
73.1 -0.45674 1.05383
73.2 -0.933414 1.03053
73.3 -1.41334 0.990687
73.4 -1.76174 0.936542
73.5 -1.94022 0.873554
73.6 -2.00764 0.806618
73.7 -2.0225 0.738433
73.8 -2.0154 0.67018
73.9 -1.99932 0.602346
74 -1.97945 0.535129
74.1 -1.95781 0.468617
74.2 -1.93518 0.402855
74.3 -1.91187 0.337869
74.4 -1.88799 0.27368
74.5 -1.86356 0.210307
74.6 -1.83858 0.147769
74.7 -1.81302 0.086085
74.8 -1.78683 0.0252747
74.9 -1.75998 -0.0346399
75 -1.73242 -0.0936355
75.1 -1.70409 -0.151687
75.2 -1.67491 -0.208767
75.3 -1.64481 -0.264847
75.4 -1.6137 -0.319892
75.5 -1.58148 -0.373868
75.6 -1.54803 -0.426735
75.7 -1.51319 -0.478449
75.8 -1.4768 -0.528961
75.9 -1.43866 -0.578214
76 -1.3985 -0.626145
76.1 -1.35603 -0.672682
76.2 -1.31085 -0.717739
76.3 -1.26248 -0.761217
76.4 -1.21029 -0.802999
76.5 -1.15345 -0.842941
76.6 -1.09086 -0.88087
76.7 -1.02102 -0.916566
76.8 -0.941828 -0.949752
76.9 -0.850268 -0.980064
77 -0.741898 -1.00701
77.1 -0.61001 -1.02993
77.2 -0.444306 -1.04785
77.3 -0.22906 -1.0594
77.4 0.0580765 -1.06252
77.5 0.44067 -1.05439
77.6 0.914949 -1.03168
77.7 1.39729 -0.992438
77.8 1.75211 -0.938731
77.9 1.93605 -0.87597
78 2.00635 -0.809119
78.1 2.02246 -0.740952
78.2 2.01586 -0.672691
78.3 2 -0.604837
78.4 1.98022 -0.537595
78.5 1.95862 -0.471056
78.6 1.93603 -0.405266
78.7 1.91274 -0.340251
78.8 1.88888 -0.276032
78.9 1.86448 -0.212629
79 1.83951 -0.15006
79.1 1.81397 -0.088344
79.2 1.78781 -0.0275012
79.3 1.76099 0.0324469
79.4 1.73345 0.0914768
79.5 1.70514 0.149564
79.6 1.676 0.20668
79.7 1.64594 0.262797
79.8 1.61487 0.317881
79.9 1.58269 0.371897
80 1.54928 0.424806
80.1 1.5145 0.476564
80.2 1.47817 0.52712
80.3 1.4401 0.576421
80.4 1.40002 0.624402
80.5 1.35764 0.670991
80.6 1.31257 0.716105
80.7 1.26433 0.759643
80.8 1.21229 0.80149
80.9 1.15564 0.841503
81 1.09328 0.879509
81.1 1.02374 0.915293
81.2 0.944945 0.948577
81.3 0.85391 0.979003
81.4 0.746261 1.00609
81.5 0.615396 1.02917
81.6 0.451179 1.0473
81.7 0.238117 1.0591
81.8 -0.0459135 1.06259
81.9 -0.424733 1.05493
82 -0.896504 1.03281
82.1 -1.38105 0.994169
82.2 -1.74223 0.940909
82.3 -1.93174 0.87838
82.4 -2.005 0.811619
82.5 -2.0224 0.743472
82.6 -2.01632 0.675203
82.7 -2.00067 0.607329
82.8 -1.98099 0.540062
82.9 -1.95944 0.473497
83 -1.93687 0.407678
83.1 -1.91361 0.342634
83.2 -1.88977 0.278386
83.3 -1.86538 0.214952
83.4 -1.84044 0.152352
83.5 -1.81492 0.0906043
83.6 -1.78879 0.0297288
83.7 -1.76199 -0.0302526
83.8 -1.73448 -0.0893169
83.9 -1.7062 -0.147439
84 -1.67709 -0.204592
84.1 -1.64706 -0.260746
84.2 -1.61603 -0.315869
84.3 -1.5839 -0.369925
84.4 -1.55054 -0.422876
84.5 -1.51581 -0.474676
84.6 -1.47954 -0.525278
84.7 -1.44154 -0.574626
84.8 -1.40154 -0.622657
84.9 -1.35925 -0.669299
85 -1.31429 -0.714469
85.1 -1.26617 -0.758067
85.2 -1.21428 -0.799978
85.3 -1.15782 -0.840062
85.4 -1.0957 -0.878146
85.5 -1.02646 -0.914016
85.6 -0.948046 -0.947398
85.7 -0.857529 -0.977937
85.8 -0.750593 -1.00516
85.9 -0.620738 -1.0284
86 -0.457987 -1.04673
86.1 -0.247079 -1.0588
86.2 0.0338817 -1.06264
86.3 0.408933 -1.05545
86.4 0.878087 -1.03391
86.5 1.36462 -0.995879
86.6 1.7321 -0.943074
86.7 1.92726 -0.880785
86.8 2.00357 -0.814116
86.9 2.0223 -0.745992
87 2.01677 -0.677715
87.1 2.00134 -0.609821
87.2 1.98176 -0.542531
87.3 1.96026 -0.475938
87.4 1.93772 -0.410091
87.5 1.91448 -0.345018
87.6 1.89066 -0.280741
87.7 1.86629 -0.217277
87.8 1.84137 -0.154645
87.9 1.81587 -0.0928657
88 1.78976 -0.0319577
88.1 1.76299 0.0280571
88.2 1.73551 0.0871556
88.3 1.70726 0.145313
88.4 1.67818 0.202502
88.5 1.64819 0.258693
88.6 1.6172 0.313855
88.7 1.5851 0.367951
88.8 1.55179 0.420943
88.9 1.51712 0.472787
89 1.48091 0.523434
89.1 1.44297 0.57283
89.2 1.40305 0.62091
89.3 1.36085 0.667605
89.4 1.316 0.71283
89.5 1.26801 0.756489
89.6 1.21627 0.798464
89.7 1.15999 0.838618
89.8 1.09811 0.876779
89.9 1.02916 0.912735
90 0.951131 0.946215
90.1 0.861126 0.976867
90.2 0.754895 1.00422
90.3 0.626035 1.02762
90.4 0.46473 1.04615
90.5 0.255946 1.05849
90.6 -0.0219798 1.06267
90.7 -0.393271 1.05595
90.8 -0.859704 1.03499
90.9 -1.34803 0.997568
91 -1.72172 0.945226
91.1 -1.92263 0.883185
91.2 -2.00207 0.816612
91.3 -2.02217 0.748511
91.4 -2.0172 0.680228
91.5 -2.002 0.612315
91.6 -1.98252 0.545
91.7 -1.96107 0.478381
91.8 -1.93856 0.412506
91.9 -1.91535 0.347404
92 -1.89155 0.283096
92.1 -1.8672 0.219602
92.2 -1.8423 0.15694
92.3 -1.81683 0.0951282
92.4 -1.79073 0.0341877
92.5 -1.76399 -0.0258604
92.6 -1.73653 -0.0849931
92.7 -1.70832 -0.143186
92.8 -1.67927 -0.200411
92.9 -1.64931 -0.25664
93 -1.61836 -0.31184
93.1 -1.58631 -0.365976
93.2 -1.55304 -0.41901
93.3 -1.51842 -0.470897
93.4 -1.48227 -0.521589
93.5 -1.4444 -0.571031
93.6 -1.40456 -0.619162
93.7 -1.36245 -0.665909
93.8 -1.3177 -0.71119
93.9 -1.26984 -0.754908
94 -1.21825 -0.796948
94.1 -1.16216 -0.837172
94.2 -1.1005 -0.87541
94.3 -1.03185 -0.911452
94.4 -0.9542 -0.945029
94.5 -0.864702 -0.975792
94.6 -0.759166 -1.00327
94.7 -0.631289 -1.02684
94.8 -0.471409 -1.04557
94.9 -0.264719 -1.05816
95 0.0102067 -1.06269
95.1 0.377746 -1.05643
95.2 0.841361 -1.03605
95.3 1.33126 -0.999237
95.4 1.7111 -0.947365
95.5 1.91783 -0.885578
95.6 2.00049 -0.819106
95.7 2.02201 -0.751031
95.8 2.01762 -0.682741
95.9 2.00266 -0.614809
96 1.98328 -0.54747
96.1 1.96188 -0.480824
96.2 1.93941 -0.414921
96.3 1.91621 -0.34979
96.4 1.89244 -0.285453
96.5 1.86811 -0.221929
96.6 1.84323 -0.159235
96.7 1.81778 -0.097392
96.8 1.79171 -0.036419
96.9 1.76499 0.0236624
97 1.73756 0.0828293
97.1 1.70937 0.141057
97.2 1.68035 0.198318
97.3 1.65043 0.254584
97.4 1.61952 0.309823
97.5 1.58751 0.363999
97.6 1.55429 0.417074
97.7 1.51972 0.469004
97.8 1.48364 0.519741
97.9 1.44583 0.569231
98 1.40607 0.617411
98.1 1.36405 0.664211
98.2 1.31941 0.709547
98.3 1.27167 0.753325
98.4 1.22023 0.795429
98.5 1.16432 0.835723
98.6 1.10289 0.874038
98.7 1.03452 0.910165
98.8 0.957252 0.943838
98.9 0.868256 0.974712
99 0.763407 1.00233
99.1 0.6365 1.02605
99.2 0.478025 1.04498
99.3 0.273401 1.05783
99.4 0.00143881 1.0627
99.5 -0.362361 1.05689
99.6 -0.823065 1.03709
99.7 -1.31434 1.00089
99.8 -1.70022 0.94949
99.9 -1.91286 0.887966
100 -1.99883 0.821598
100.1 -2.02181 0.75355
100.2 -2.01803 0.685255
100.3 -2.00332 0.617304
100.4 -1.98404 0.549941
100.5 -1.9627 0.483268
100.6 -1.94025 0.417337
100.7 -1.91708 0.352178
100.8 -1.89332 0.287811
100.9 -1.86902 0.224256
101 -1.84416 0.161532
101.1 -1.81872 0.099657
101.2 -1.79268 0.0386515
101.3 -1.76598 -0.0214632
101.4 -1.73858 -0.0806642
101.5 -1.71042 -0.138927
101.6 -1.68144 -0.196225
101.7 -1.65155 -0.252528
101.8 -1.62068 -0.307805
101.9 -1.58871 -0.362021
102 -1.55554 -0.415137
102.1 -1.52102 -0.46711
102.2 -1.485 -0.517892
102.3 -1.44726 -0.567429
102.4 -1.40758 -0.615659
102.5 -1.36565 -0.66251
102.6 -1.3211 -0.707903
102.7 -1.27349 -0.75174
102.8 -1.2222 -0.793908
102.9 -1.16647 -0.834271
103 -1.10527 -0.872662
103.1 -1.03719 -0.908874
103.2 -0.960289 -0.942644
103.3 -0.871788 -0.973629
103.4 -0.767618 -1.00137
103.5 -0.641669 -1.02525
103.6 -0.48458 -1.04438
103.7 -0.281991 -1.05748
103.8 -0.0129579 -1.06269
103.9 0.347117 -1.05733
104 0.804823 -1.0381
104.1 1.29726 -1.00251
104.2 1.68909 -0.951602
104.3 1.90772 -0.890347
104.4 1.99709 -0.824088
104.5 2.02159 -0.756068
104.6 2.01842 -0.687769
104.7 2.00396 -0.6198
104.8 1.9848 -0.552413
104.9 1.96351 -0.485714
105 1.94109 -0.419755
105.1 1.91794 -0.354566
105.2 1.89421 -0.29017
105.3 1.86992 -0.226585
105.4 1.84508 -0.16383
105.5 1.81967 -0.101923
105.6 1.79365 -0.0408852
105.7 1.76698 0.0192627
105.8 1.73961 0.0784979
105.9 1.71148 0.136796
106 1.68252 0.194129
106.1 1.65267 0.25047
106.2 1.62183 0.305786
106.3 1.58991 0.360041
106.4 1.55679 0.413199
106.5 1.52232 0.465215
106.6 1.48635 0.516042
106.7 1.44868 0.565625
106.8 1.40908 0.613904
106.9 1.36724 0.660808
107 1.3228 0.706256
107.1 1.2753 0.750152
107.2 1.22417 0.792384
107.3 1.16862 0.832817
107.4 1.10764 0.871284
107.5 1.03984 0.907581
107.6 0.96331 0.941446
107.7 0.8753 0.97254
107.8 0.771801 1.00041
107.9 0.646796 1.02445
108 0.491073 1.04377
108.1 0.290492 1.05713
108.2 0.0243518 1.06267
108.3 -0.332013 1.05775
108.4 -0.786639 1.0391
108.5 -1.28004 1.00412
108.6 -1.67771 0.953699
108.7 -1.9024 0.892722
108.8 -1.99527 0.826576
108.9 -2.02132 0.758587
109 -2.0188 0.690284
109.1 -2.0046 0.622297
109.2 -1.98555 0.554886
109.3 -1.96431 0.48816
109.4 -1.94193 0.422173
109.5 -1.91881 0.356956
109.6 -1.89509 0.29253
109.7 -1.87083 0.228915
109.8 -1.84601 0.166129
109.9 -1.82062 0.10419
110 -1.79462 0.0431201
110.1 -1.76798 -0.017061
110.2 -1.74063 -0.0763302
110.3 -1.71253 -0.134663
110.4 -1.68361 -0.192033
110.5 -1.65379 -0.24841
110.6 -1.62299 -0.303765
110.7 -1.59111 -0.35806
110.8 -1.55803 -0.411259
110.9 -1.52362 -0.463318
111 -1.48771 -0.514189
111.1 -1.45011 -0.56382
111.2 -1.41057 -0.612148
111.3 -1.36882 -0.659104
111.4 -1.32449 -0.704607
111.5 -1.27712 -0.748563
111.6 -1.22612 -0.790858
111.7 -1.17075 -0.83136
111.8 -1.11 -0.869903
111.9 -1.04248 -0.906284
112 -0.966316 -0.940244
112.1 -0.87879 -0.971448
112.2 -0.775954 -0.99945
112.3 -0.651882 -1.02364
112.4 -0.497506 -1.04316
112.5 -0.298904 -1.05676
112.6 -0.0356219 -1.06263
112.7 0.317051 -1.05816
112.8 0.76852 -1.04006
112.9 1.26267 -1.0057
113 1.66608 -0.955783
113.1 1.89691 -0.89509
113.2 1.99336 -0.829061
113.3 2.02102 -0.761105
113.4 2.01916 -0.692799
113.5 2.00524 -0.624795
113.6 1.9863 -0.55736
113.7 1.96512 -0.490608
113.8 1.94277 -0.424593
113.9 1.91967 -0.359347
114 1.89598 -0.294891
114.1 1.87173 -0.231246
114.2 1.84694 -0.168429
114.3 1.82157 -0.106459
114.4 1.79559 -0.0453563
114.5 1.76897 0.0148581
114.6 1.74165 0.0741613
114.7 1.71358 0.132529
114.8 1.68469 0.189935
114.9 1.6549 0.24635
115 1.62414 0.301742
115.1 1.5923 0.356077
115.2 1.55927 0.409317
115.3 1.52491 0.461419
115.4 1.48906 0.512335
115.5 1.45153 0.562013
115.6 1.41207 0.61039
115.7 1.3704 0.657398
115.8 1.32617 0.702956
115.9 1.27892 0.746971
116 1.22808 0.78933
116.1 1.17288 0.8299
116.2 1.11235 0.868519
116.3 1.04511 0.904983
116.4 0.969307 0.939038
116.5 0.88226 0.970351
116.6 0.780079 0.998481
116.7 0.656927 1.02282
116.8 0.50388 1.04253
116.9 0.307229 1.05638
117 0.0467693 1.06258
117.1 -0.30223 1.05854
117.2 -0.750472 1.04101
117.3 -1.24518 1.00726
117.4 -1.65419 0.957851
117.5 -1.89123 0.897451
117.6 -1.99136 0.831544
117.7 -2.02069 0.763623
117.8 -2.01951 0.695314
117.9 -2.00586 0.627293
118 -1.98705 0.559834
118.1 -1.96593 0.493056
118.2 -1.94361 0.427013
118.3 -1.92054 0.361739
118.4 -1.89686 0.297254
118.5 -1.87264 0.233578
118.6 -1.84786 0.17073
118.7 -1.82251 0.108729
118.8 -1.79656 0.0475936
118.9 -1.76996 -0.0126539
119 -1.74267 -0.0719912
119.1 -1.71463 -0.130394
119.2 -1.68577 -0.187836
119.3 -1.65602 -0.244288
119.4 -1.6253 -0.299718
119.5 -1.5935 -0.354093
119.6 -1.56051 -0.407374
119.7 -1.52621 -0.459519
119.8 -1.49041 -0.51048
119.9 -1.45294 -0.560204
120 -1.41356 -0.60863
120.1 -1.37198 -0.65569
120.2 -1.32785 -0.701303
120.3 -1.28072 -0.745376
120.4 -1.23002 -0.787799
120.5 -1.17501 -0.828438
120.6 -1.11469 -0.867132
120.7 -1.04773 -0.90368
120.8 -0.972282 -0.937829
120.9 -0.88571 -0.96925
121 -0.784175 -0.997506
121.1 -0.661931 -1.022
121.2 -0.510195 -1.0419
121.3 -0.315468 -1.05599
121.4 -0.0577953 -1.06251
121.5 0.287551 -1.05891
121.6 0.732499 -1.04193
121.7 1.22757 -1.0088
121.8 1.64205 -0.959905
121.9 1.88536 -0.899804
122 1.98926 -0.834025
122.1 2.02031 -0.766141
122.2 2.01984 -0.697831
122.3 2.00649 -0.629792
122.4 1.9878 -0.56231
122.5 1.96673 -0.495505
122.6 1.94445 -0.429435
122.7 1.9214 -0.364131
122.8 1.89774 -0.299617
122.9 1.87354 -0.235911
123 1.84878 -0.173032
123.1 1.82346 -0.110999
123.2 1.79753 -0.0498321
123.3 1.77096 0.0104484
123.4 1.74369 0.0698197
123.5 1.71568 0.128257
123.6 1.68685 0.185735
123.7 1.65713 0.242224
123.8 1.62645 0.297693
123.9 1.59469 0.352107
124 1.56175 0.405429
124.1 1.5275 0.457617
124.2 1.49176 0.508622
124.3 1.45436 0.558393
124.4 1.41505 0.606868
124.5 1.37356 0.65398
124.6 1.32953 0.699648
124.7 1.28252 0.74378
124.8 1.23196 0.786265
124.9 1.17712 0.826973
125 1.11702 0.865742
125.1 1.05034 0.902373
125.2 0.975242 0.936616
125.3 0.889139 0.968144
125.4 0.788244 0.996527
125.5 0.666897 1.02118
125.6 0.516453 1.04126
125.7 0.323622 1.0556
125.8 0.0687013 1.06243
125.9 -0.273015 1.05926
126 -0.714607 1.04284
126.1 -1.20984 1.01032
126.2 -1.62967 0.961943
126.3 -1.8793 0.902151
126.4 -1.98708 0.836502
126.5 -2.01989 0.768658
126.6 -2.02016 0.700347
126.7 -2.0071 0.632292
126.8 -1.98854 0.564787
126.9 -1.96753 0.497956
127 -1.94529 0.431858
127.1 -1.92226 0.366525
127.2 -1.89863 0.301982
127.3 -1.87444 0.238246
127.4 -1.84971 0.175336
127.5 -1.8244 0.113271
127.6 -1.7985 0.0520719
127.7 -1.77195 -0.00824178
127.8 -1.74471 -0.067647
127.9 -1.71672 -0.12612
128 -1.68793 -0.183633
128.1 -1.65825 -0.240159
128.2 -1.6276 -0.295666
128.3 -1.59588 -0.35012
128.4 -1.56299 -0.403483
128.5 -1.52878 -0.455713
128.6 -1.49311 -0.506763
128.7 -1.45577 -0.55658
128.8 -1.41654 -0.605105
128.9 -1.37513 -0.652268
129 -1.3312 -0.697991
129.1 -1.28431 -0.742181
129.2 -1.2339 -0.784729
129.3 -1.17923 -0.825505
129.4 -1.11934 -0.864349
129.5 -1.05293 -0.901063
129.6 -0.978188 -0.935399
129.7 -0.892549 -0.967035
129.8 -0.792285 -0.995543
129.9 -0.671823 -1.02034
130 -0.522653 -1.04061
130.1 -0.331692 -1.05519
130.2 -0.0794886 -1.06234
130.3 0.258621 -1.05959
130.4 0.6968 -1.04372
130.5 1.192 -1.01182
130.6 1.61703 -0.963966
130.7 1.87304 -0.904489
130.8 1.98479 -0.838977
130.9 2.01944 -0.771174
131 2.02045 -0.702864
131.1 2.00771 -0.634793
131.2 1.98928 -0.567264
131.3 1.96833 -0.500407
131.4 1.94612 -0.434282
131.5 1.92312 -0.368921
131.6 1.89951 -0.304347
131.7 1.87534 -0.240581
131.8 1.85063 -0.177641
131.9 1.82535 -0.115545
132 1.79946 -0.0543128
132.1 1.77294 0.00603389
132.2 1.74573 0.065473
132.3 1.71777 0.12398
132.4 1.689 0.18153
132.5 1.65936 0.238093
132.6 1.62875 0.293638
132.7 1.59707 0.348131
132.8 1.56423 0.401535
132.9 1.53007 0.453808
133 1.49445 0.504902
133.1 1.45718 0.554766
133.2 1.41802 0.603339
133.3 1.3767 0.650554
133.4 1.33287 0.696332
133.5 1.2861 0.74058
133.6 1.23583 0.783191
133.7 1.18133 0.824035
133.8 1.12166 0.862953
133.9 1.05552 0.89975
134 0.981118 0.934179
134.1 0.895939 0.965921
134.2 0.796299 0.994553
134.3 0.676711 1.0195
134.4 0.528798 1.03996
134.5 0.33968 1.05477
134.6 0.0901585 1.06223
134.7 -0.24437 1.0599
134.8 -0.679083 1.04457
134.9 -1.17406 1.01329
135 -1.60414 0.965973
135.1 -1.86658 0.90682
135.2 -1.9824 0.84145
135.3 -2.01894 0.77369
135.4 -2.02074 0.705381
135.5 -2.00831 0.637294
135.6 -1.99001 0.569743
135.7 -1.96913 0.50286
135.8 -1.94696 0.436706
135.9 -1.92398 0.371317
136 -1.90039 0.306714
136.1 -1.87624 0.242918
136.2 -1.85155 0.179947
136.3 -1.82629 0.117819
136.4 -1.80043 0.056555
136.5 -1.77393 -0.00382476
136.6 -1.74674 -0.0632978
136.7 -1.71881 -0.12184
136.8 -1.69008 -0.179425
136.9 -1.66047 -0.236025
137 -1.62989 -0.291608
137.1 -1.59826 -0.346141
137.2 -1.56546 -0.399586
137.3 -1.53135 -0.451901
137.4 -1.49579 -0.50304
137.5 -1.45858 -0.55295
137.6 -1.4195 -0.601572
137.7 -1.37827 -0.648838
137.8 -1.33454 -0.69467
137.9 -1.28788 -0.738977
138 -1.23775 -0.781651
138.1 -1.18343 -0.822562
138.2 -1.12397 -0.861554
138.3 -1.05809 -0.898434
138.4 -0.984035 -0.932955
138.5 -0.899309 -0.964803
138.6 -0.800287 -0.993559
138.7 -0.681561 -1.01866
138.8 -0.534887 -1.0393
138.9 -0.347587 -1.05434
139 -0.100712 -1.06212
139.1 0.23026 -1.0602
139.2 0.661461 -1.04541
139.3 1.15604 -1.01474
139.4 1.59101 -0.967963
139.5 1.85993 -0.909143
139.6 1.97991 -0.843919
139.7 2.01839 -0.776205
139.8 2.021 -0.707899
139.9 2.0089 -0.639796
140 1.99074 -0.572222
140.1 1.96993 -0.505313
140.2 1.94779 -0.439132
140.3 1.92484 -0.373714
140.4 1.90127 -0.309082
140.5 1.87714 -0.245256
140.6 1.85247 -0.182254
140.7 1.82723 -0.120095
140.8 1.80139 -0.0587983
140.9 1.77492 0.0016144
141 1.74776 0.0611213
141.1 1.71986 0.119698
141.2 1.69115 0.177319
141.3 1.66157 0.233956
141.4 1.63104 0.289577
141.5 1.59945 0.34415
141.6 1.56669 0.397635
141.7 1.53264 0.449993
141.8 1.49713 0.501176
141.9 1.45999 0.551132
142 1.42098 0.599803
142.1 1.37983 0.64712
142.2 1.3362 0.693007
142.3 1.28966 0.737372
142.4 1.23967 0.780108
142.5 1.18552 0.821086
142.6 1.12626 0.860153
142.7 1.06065 0.897114
142.8 0.986937 0.931727
142.9 0.902661 0.96368
143 0.804248 0.992559
143.1 0.686373 1.0178
143.2 0.540922 1.03863
143.3 0.355413 1.0539
143.4 0.111151 1.06198
143.5 -0.216293 1.06048
143.6 -0.643938 1.04622
143.7 -1.13793 1.01617
143.8 -1.57763 0.969937
143.9 -1.85306 0.911457
144 -1.97731 0.846385
144.1 -2.0178 0.77872
144.2 -2.02124 0.710417
144.3 -2.00949 0.642299
144.4 -1.99147 0.574703
144.5 -1.97073 0.507767
144.6 -1.94862 0.441559
144.7 -1.9257 0.376112
144.8 -1.90215 0.311451
144.9 -1.87804 0.247594
145 -1.85339 0.184562
145.1 -1.82817 0.122371
145.2 -1.80236 0.0610429
145.3 -1.77591 0.000597188
145.4 -1.74877 -0.0589435
145.5 -1.7209 -0.117555
145.6 -1.69223 -0.175212
145.7 -1.66268 -0.231885
145.8 -1.63218 -0.287545
145.9 -1.60063 -0.342156
146 -1.56792 -0.395683
146.1 -1.53392 -0.448083
146.2 -1.49847 -0.49931
146.3 -1.46139 -0.549313
146.4 -1.42245 -0.598032
146.5 -1.38139 -0.645401
146.6 -1.33786 -0.691341
146.7 -1.29144 -0.735764
146.8 -1.24158 -0.778562
146.9 -1.1876 -0.819608
147 -1.12855 -0.858748
147.1 -1.0632 -0.895791
147.2 -0.989824 -0.930496
147.3 -0.905993 -0.962554
147.4 -0.808182 -0.991555
147.5 -0.691148 -1.01695
147.6 -0.546903 -1.03795
147.7 -0.363161 -1.05346
147.8 -0.121477 -1.06184
147.9 0.202467 -1.06074
148 0.626518 -1.04701
148.1 1.11975 -1.01758
148.2 1.56401 -0.971894
148.3 1.84598 -0.913762
148.4 1.9746 -0.848847
148.5 2.01716 -0.781233
148.6 2.02147 -0.712935
148.7 2.01006 -0.644803
148.8 1.9922 -0.577184
148.9 1.97152 -0.510223
149 1.94945 -0.443987
149.1 1.92655 -0.378511
149.2 1.90302 -0.313821
149.3 1.87894 -0.249934
149.4 1.85431 -0.186871
149.5 1.82911 -0.124649
149.6 1.80332 -0.0632887
149.7 1.77689 -0.00281001
149.8 1.74979 0.0567645
149.9 1.72194 0.115411
150 1.6933 0.173103
150.1 1.66379 0.229814
150.2 1.63332 0.285511
150.3 1.60181 0.340162
150.4 1.56915 0.393729
150.5 1.5352 0.446171
150.6 1.4998 0.497443
150.7 1.46279 0.547491
150.8 1.42392 0.596259
150.9 1.38294 0.643679
151 1.33951 0.689674
151.1 1.29321 0.734154
151.2 1.24349 0.777014
151.3 1.18967 0.818128
151.4 1.13083 0.857341
151.5 1.06574 0.894465
151.6 0.992698 0.929261
151.7 0.909306 0.961423
151.8 0.812091 0.990546
151.9 0.695887 1.01608
152 0.552831 1.03726
152.1 0.37083 1.053
152.2 0.131691 1.06168
152.3 -0.188782 1.06098
152.4 -0.609204 1.04778
152.5 -1.1015 1.01896
152.6 -1.55015 0.973834
152.7 -1.83869 0.916058
152.8 -1.97178 0.851307
152.9 -2.01647 0.783746
153 -2.02167 0.715453
153.1 -2.01063 0.647307
153.2 -1.99292 0.579666
153.3 -1.97231 0.512679
153.4 -1.95028 0.446416
153.5 -1.92741 0.380912
153.6 -1.9039 0.316192
153.7 -1.87984 0.252276
153.8 -1.85523 0.189181
153.9 -1.83005 0.126928
154 -1.80428 0.0655356
154.1 -1.77788 0.00502406
154.2 -1.7508 -0.0545842
154.3 -1.72298 -0.113265
154.4 -1.69437 -0.170993
154.5 -1.66489 -0.22774
154.6 -1.63447 -0.283476
154.7 -1.603 -0.338166
154.8 -1.57037 -0.391774
154.9 -1.53647 -0.444258
155 -1.50114 -0.495573
155.1 -1.46418 -0.545668
155.2 -1.42539 -0.594484
155.3 -1.3845 -0.641955
155.4 -1.34116 -0.688004
155.5 -1.29497 -0.732542
155.6 -1.24539 -0.775464
155.7 -1.19174 -0.816645
155.8 -1.1331 -0.855931
155.9 -1.06827 -0.893136
156 -0.995557 -0.928023
156.1 -0.912601 -0.960288
156.2 -0.815975 -0.989532
156.3 -0.700589 -1.01521
156.4 -0.558707 -1.03657
156.5 -0.378423 -1.05253
156.6 -0.141793 -1.06151
156.7 0.175238 -1.06121
156.8 0.592001 -1.04853
156.9 1.0832 -1.02032
157 1.53606 -0.975756
157.1 1.83118 -0.918346
157.2 1.96884 -0.853763
157.3 2.01573 -0.786258
157.4 2.02186 -0.717972
157.5 2.01119 -0.649812
157.6 1.99364 -0.582149
157.7 1.9731 -0.515137
157.8 1.95111 -0.448846
157.9 1.92826 -0.383313
158 1.90478 -0.318564
158.1 1.88073 -0.254618
158.2 1.85614 -0.191493
158.3 1.83099 -0.129209
158.4 1.80524 -0.0677838
158.5 1.77887 -0.00723934
158.6 1.75181 0.0524026
158.7 1.72402 0.111118
158.8 1.69544 0.168882
158.9 1.666 0.225666
159 1.63561 0.281439
159.1 1.60418 0.336168
159.2 1.5716 0.389817
159.3 1.53775 0.442343
159.4 1.50247 0.493703
159.5 1.46558 0.543844
159.6 1.42686 0.592708
159.7 1.38605 0.64023
159.8 1.34281 0.686332
159.9 1.29673 0.730928
160 1.24729 0.773912
160.1 1.1938 0.815159
160.2 1.13537 0.854518
160.3 1.07079 0.891804
160.4 0.998403 0.926781
160.5 0.915877 0.95915
160.6 0.819833 0.988513
160.7 0.705257 1.01434
160.8 0.564532 1.03587
160.9 0.385939 1.05206
161 0.151787 1.06133
161.1 -0.161834 1.06142
161.2 -0.574911 1.04926
161.3 -1.06484 1.02166
161.4 -1.52173 0.977661
161.5 -1.82345 0.920623
161.6 -1.96578 0.856215
161.7 -2.01494 0.78877
161.8 -2.02202 0.720491
161.9 -2.01175 0.652318
162 -1.99435 0.584633
162.1 -1.97389 0.517595
162.2 -1.95194 0.451277
162.3 -1.92912 0.385716
162.4 -1.90566 0.320937
162.5 -1.88163 0.256961
162.6 -1.85706 0.193806
162.7 -1.83193 0.13149
162.8 -1.8062 0.0700331
162.9 -1.77985 0.00945585
163 -1.75282 -0.0502198
163.1 -1.72506 -0.10897
163.2 -1.69651 -0.166769
163.3 -1.6671 -0.22359
163.4 -1.63674 -0.279401
163.5 -1.60535 -0.334169
163.6 -1.57282 -0.387858
163.7 -1.53902 -0.440427
163.8 -1.50379 -0.49183
163.9 -1.46697 -0.542017
164 -1.42832 -0.59093
164.1 -1.38759 -0.638502
164.2 -1.34445 -0.684659
164.3 -1.29848 -0.729312
164.4 -1.24918 -0.772357
164.5 -1.19585 -0.81367
164.6 -1.13762 -0.853103
164.7 -1.0733 -0.890468
164.8 -1.00124 -0.925536
164.9 -0.919136 -0.958007
165 -0.823666 -0.987489
165.1 -0.709889 -1.01345
165.2 -0.570305 -1.03517
165.3 -0.393381 -1.05157
165.4 -0.161672 -1.06113
165.5 0.148569 -1.06161
165.6 0.557937 -1.04996
165.7 1.04645 -1.02298
165.8 1.50717 -0.979548
165.9 1.8155 -0.922891
166 1.9626 -0.858663
166.1 2.0141 -0.79128
166.2 2.02216 -0.72301
166.3 2.01229 -0.654824
166.4 1.99506 -0.587118
166.5 1.97468 -0.520054
166.6 1.95277 -0.453709
166.7 1.92997 -0.388119
166.8 1.90653 -0.323312
166.9 1.88253 -0.259306
167 1.85798 -0.19612
167.1 1.83286 -0.133773
167.2 1.80716 -0.0722837
167.3 1.78083 -0.0116736
167.4 1.75383 0.0480357
167.5 1.7261 0.106821
167.6 1.69758 0.164655
167.7 1.6682 0.221512
167.8 1.63788 0.277361
167.9 1.60653 0.332169
168 1.57404 0.385898
168.1 1.54029 0.438509
168.2 1.50512 0.489956
168.3 1.46836 0.540189
168.4 1.42978 0.589149
168.5 1.38913 0.636773
168.6 1.34609 0.682983
168.7 1.30023 0.727693
168.8 1.25106 0.7708
168.9 1.1979 0.812179
169 1.13987 0.851684
169.1 1.07579 0.88913
169.2 1.00405 0.924287
169.3 0.922376 0.95686
169.4 0.827475 0.986461
169.5 0.714486 1.01257
169.6 0.576029 1.03445
169.7 0.40075 1.05108
169.8 0.171451 1.06093
169.9 -0.135443 1.06179
170 -0.541083 1.05065
170.1 -1.02802 1.02427
170.2 -1.49239 0.981416
170.3 -1.80732 0.925149
170.4 -1.95929 0.861107
170.5 -2.0132 0.793789
170.6 -2.02228 0.72553
170.7 -2.01282 0.657332
170.8 -1.99577 0.589603
170.9 -1.97546 0.522515
171 -1.9536 0.456142
171.1 -1.93083 0.390524
171.2 -1.90741 0.325687
171.3 -1.88342 0.261651
171.4 -1.85889 0.198435
171.5 -1.8338 0.136056
171.6 -1.80812 0.0745354
171.7 -1.78182 0.0138925
171.8 -1.75484 -0.0458504
171.9 -1.72713 -0.10467
172 -1.69864 -0.16254
172.1 -1.6693 -0.219434
172.2 -1.63902 -0.27532
172.3 -1.60771 -0.330167
172.4 -1.57526 -0.383937
172.5 -1.54156 -0.43659
172.6 -1.50644 -0.488081
172.7 -1.46974 -0.538359
172.8 -1.43124 -0.587367
172.9 -1.39067 -0.635041
173 -1.34772 -0.681305
173.1 -1.30198 -0.726072
173.2 -1.25294 -0.76924
173.3 -1.19994 -0.810686
173.4 -1.14211 -0.850263
173.5 -1.07828 -0.887788
173.6 -1.00686 -0.923034
173.7 -0.925598 -0.955709
173.8 -0.831259 -0.985428
173.9 -0.719049 -1.01167
174 -0.581703 -1.03373
174.1 -0.408045 -1.05057
174.2 -0.181125 -1.06071
174.3 0.122456 -1.06195
174.4 0.524351 -1.05131
174.5 1.00956 -1.02554
174.6 1.47739 -0.983266
174.7 1.7989 -0.927396
174.8 1.95585 -0.863547
174.9 2.01224 -0.796297
175 2.02238 -0.728049
175.1 2.01335 -0.659839
175.2 1.99647 -0.59209
175.3 1.97625 -0.524976
175.4 1.95442 -0.458576
175.5 1.93168 -0.39293
175.6 1.90828 -0.328064
175.7 1.88432 -0.263998
175.8 1.8598 -0.200751
175.9 1.83474 -0.138341
176 1.80908 -0.0767883
176.1 1.7828 -0.0161127
176.2 1.75584 0.0436638
176.3 1.72817 0.102518
176.4 1.69971 0.160423
176.5 1.6704 0.217354
176.6 1.64015 0.273278
176.7 1.60888 0.328163
176.8 1.57648 0.381974
176.9 1.54283 0.434669
177 1.50777 0.486203
177.1 1.47113 0.536527
177.2 1.43269 0.585584
177.3 1.39221 0.633308
177.4 1.34935 0.679625
177.5 1.30372 0.724449
177.6 1.25481 0.767678
177.7 1.20197 0.80919
177.8 1.14434 0.848839
177.9 1.08076 0.886443
178 1.00965 0.921778
178.1 0.928803 0.954554
178.2 0.83502 0.98439
178.3 0.723579 1.01078
178.4 0.587328 1.033
178.5 0.41527 1.05006
178.6 0.190694 1.06047
178.7 -0.109605 1.06209
178.8 -0.507744 1.05195
178.9 -0.991093 1.02678
179 -1.46217 0.985097
179.1 -1.79026 0.929633
179.2 -1.95227 0.865982
179.3 -2.01122 0.798804
179.4 -2.02245 0.730569
179.5 -2.01386 0.662348
179.6 -1.99717 0.594577
179.7 -1.97703 0.527438
179.8 -1.95524 0.461011
179.9 -1.93253 0.395337
180 -1.90915 0.330441
180.1 -1.88521 0.266346
180.2 -1.86072 0.203068
180.3 -1.83567 0.140627
180.4 -1.81004 0.0790425
180.5 -1.78378 0.0183341
180.6 -1.75685 -0.041476
180.7 -1.7292 -0.100364
180.8 -1.70077 -0.158306
180.9 -1.67149 -0.215272
181 -1.64128 -0.271234
181.1 -1.61005 -0.326158
181.2 -1.5777 -0.380009
181.3 -1.54409 -0.432746
181.4 -1.50909 -0.484324
181.5 -1.47251 -0.534694
181.6 -1.43415 -0.583798
181.7 -1.39374 -0.631573
181.8 -1.35098 -0.677943
181.9 -1.30546 -0.722824
182 -1.25668 -0.766114
182.1 -1.204 -0.807691
182.2 -1.14656 -0.847412
182.3 -1.08322 -0.885096
182.4 -1.01243 -0.920519
182.5 -0.93199 -0.953395
182.6 -0.838756 -0.983348
182.7 -0.728075 -1.00987
182.8 -0.592905 -1.03227
182.9 -0.422423 -1.04954
183 -0.200161 -1.06023
183.1 0.0968906 -1.06222
183.2 0.491263 -1.05258
183.3 0.972611 -1.02801
183.4 1.44674 -0.986909
183.5 1.78138 -0.931859
183.6 1.94856 -0.868414
183.7 2.01014 -0.801309
183.8 2.02249 -0.733088
183.9 2.01436 -0.664857
184 1.99786 -0.597066
184.1 1.97781 -0.529901
184.2 1.95607 -0.463447
184.3 1.93338 -0.397744
184.4 1.91002 -0.33282
184.5 1.8861 -0.268695
184.6 1.86163 -0.205386
184.7 1.8366 -0.142914
184.8 1.81099 -0.0812978
184.9 1.78476 -0.0205567
185 1.75786 0.0392869
185.1 1.73023 0.0982096
185.2 1.70183 0.156186
185.3 1.67259 0.213189
185.4 1.64241 0.269189
185.5 1.61122 0.324152
185.6 1.57891 0.378043
185.7 1.54535 0.430822
185.8 1.5104 0.482443
185.9 1.47389 0.532859
186 1.43559 0.582011
186.1 1.39527 0.629836
186.2 1.3526 0.67626
186.3 1.30719 0.721197
186.4 1.25855 0.764547
186.5 1.20602 0.80619
186.6 1.14877 0.845982
186.7 1.08568 0.883745
186.8 1.0152 0.919256
186.9 0.93516 0.952232
187 0.842469 0.9823
187.1 0.732538 1.00896
187.2 0.598435 1.03153
187.3 0.429507 1.04901
187.4 0.209526 1.05998
187.5 -0.0843117 1.06234
187.6 -0.474912 1.05318
187.7 -0.954126 1.02921
187.8 -1.4311 0.988701
187.9 -1.77225 0.934073
188 -1.94471 0.87084
188.1 -2.009 0.803813
188.2 -2.02251 0.735608
188.3 -2.01486 0.667367
188.4 -1.99855 0.599555
188.5 -1.97858 0.532366
188.6 -1.95689 0.465884
188.7 -1.93423 0.400153
188.8 -1.9109 0.3352
188.9 -1.88699 0.271045
189 -1.86254 0.207706
189.1 -1.83754 0.145203
189.2 -1.81195 0.0835543
189.3 -1.78574 0.0227806
189.4 -1.75886 -0.0370965
189.5 -1.73127 -0.0960537
189.6 -1.7029 -0.154066
189.7 -1.67368 -0.211105
189.8 -1.64354 -0.267142
189.9 -1.61239 -0.322144
190 -1.58012 -0.376076
190.1 -1.54661 -0.428896
190.2 -1.51172 -0.480561
190.3 -1.47526 -0.531022
190.4 -1.43704 -0.580222
190.5 -1.3968 -0.628097
190.6 -1.35422 -0.674574
190.7 -1.30892 -0.719568
190.8 -1.2604 -0.762978
190.9 -1.20804 -0.804687
191 -1.15098 -0.84455
191.1 -1.08813 -0.882391
191.2 -1.01795 -0.91799
191.3 -0.938313 -0.951065
191.4 -0.846159 -0.981249
191.5 -0.736969 -1.00805
191.6 -0.603919 -1.03078
191.7 -0.436523 -1.04847
191.8 -0.218792 -1.05971
191.9 0.0718671 -1.06243
192 0.458692 -1.05376
192.1 0.935647 -1.03038
192.2 1.41527 -0.990474
192.3 1.76289 -0.936276
192.4 1.94071 -0.873261
192.5 2.00779 -0.806316
192.6 2.02251 -0.738128
192.7 2.01534 -0.669877
192.8 1.99924 -0.602045
192.9 1.97936 -0.534831
193 1.95771 -0.468322
193.1 1.93508 -0.402563
193.2 1.91177 -0.337581
193.3 1.88788 -0.273396
193.4 1.86345 -0.210027
193.5 1.83847 -0.147492
193.6 1.8129 -0.085812
193.7 1.78671 -0.0250056
193.8 1.75986 0.0349049
193.9 1.7323 0.0938964
194 1.70396 0.151944
194.1 1.67478 0.20902
194.2 1.64467 0.265094
194.3 1.61356 0.320135
194.4 1.58134 0.374106
194.5 1.54787 0.426969
194.6 1.51303 0.478677
194.7 1.47664 0.529183
194.8 1.43848 0.578431
194.9 1.39832 0.626356
195 1.35584 0.672886
195.1 1.31064 0.717936
195.2 1.26226 0.761407
195.3 1.21004 0.803181
195.4 1.15318 0.843115
195.5 1.09056 0.881034
195.6 1.02069 0.91672
195.7 0.94145 0.949894
195.8 0.849826 0.980192
195.9 0.741368 1.00713
196 0.609356 1.03002
196.1 0.44347 1.04792
196.2 0.227958 1.05943
196.3 -0.0595559 1.06251
196.4 -0.442605 1.05432
196.5 -0.91718 1.03154
196.6 -1.39924 0.992227
196.7 -1.75329 0.938467
196.8 -1.93656 0.875678
196.9 -2.00651 0.808817
197 -2.02247 0.740648
197.1 -2.01581 0.672388
197.2 -1.99992 0.604536
197.3 -1.98013 0.537297
197.4 -1.95853 0.470762
197.5 -1.93592 0.404974
197.6 -1.91264 0.339963
197.7 -1.88877 0.275748
197.8 -1.86437 0.212349
197.9 -1.8394 0.149783
198 -1.81385 0.0880709
198.1 -1.78769 0.0272319
198.2 -1.76087 -0.0327121
198.3 -1.73333 -0.0917379
198.4 -1.70502 -0.14982
198.5 -1.67587 -0.206933
198.6 -1.6458 -0.263045
198.7 -1.61473 -0.318124
198.8 -1.58254 -0.372136
198.9 -1.54913 -0.42504
199 -1.51434 -0.476792
199.1 -1.47801 -0.527343
199.2 -1.43992 -0.576638
199.3 -1.39984 -0.624613
199.4 -1.35745 -0.671196
199.5 -1.31236 -0.716302
199.6 -1.2641 -0.759834
199.7 -1.21205 -0.801672
199.8 -1.15537 -0.841677
199.9 -1.09299 -0.879674
200 -1.02342 -0.915447
