0 2 0
0.1 1.85763 0.0642148
0.2 1.77657 0.124876
0.3 1.72103 0.183315
0.4 1.67714 0.240119
0.5 1.63866 0.295557
0.6 1.60251 0.349753
0.7 1.56709 0.402756
0.8 1.53143 0.454572
0.9 1.49495 0.505184
1 1.4572 0.554555
1.1 1.41782 0.602637
1.2 1.37643 0.64937
1.3 1.33265 0.69468
1.4 1.286 0.738479
1.5 1.23591 0.780662
1.6 1.18166 0.821103
1.7 1.12227 0.859646
1.8 1.05645 0.896099
1.9 0.982427 0.93022
2 0.897663 0.961694
2.1 0.798477 0.990104
2.2 0.679361 1.01488
2.3 0.531891 1.03523
2.4 0.343062 1.05
2.5 0.0933827 1.05751
2.6 -0.242324 1.05529
2.7 -0.679879 1.04014
2.8 -1.17859 1.00908
2.9 -1.61011 0.96205
3 -1.87081 0.903313
3.1 -1.98433 0.838496
3.2 -2.01942 0.771378
3.3 -2.02055 0.703751
3.4 -2.00791 0.636358
3.5 -1.98962 0.569498
3.6 -1.96886 0.503298
3.7 -1.94685 0.437815
3.8 -1.92408 0.373081
3.9 -1.90071 0.30912
4 -1.8768 0.245949
4.1 -1.85235 0.183587
4.2 -1.82735 0.122052
4.3 -1.80176 0.0613625
4.4 -1.77555 0.0015393
4.5 -1.74866 -0.0573961
4.6 -1.72105 -0.11542
4.7 -1.69265 -0.172508
4.8 -1.66339 -0.228632
4.9 -1.63319 -0.283761
5 -1.60197 -0.337864
5.1 -1.5696 -0.390904
5.2 -1.53597 -0.44284
5.3 -1.50092 -0.493629
5.4 -1.46427 -0.543219
5.5 -1.42581 -0.591553
5.6 -1.38527 -0.638568
5.7 -1.34233 -0.684187
5.8 -1.29657 -0.728325
5.9 -1.24747 -0.770877
6 -1.19435 -0.811723
6.1 -1.13633 -0.850713
6.2 -1.07221 -0.887664
6.3 -1.00034 -0.922346
6.4 -0.918398 -0.954464
6.5 -0.823021 -0.983628
6.6 -0.709208 -1.00931
6.7 -0.569346 -1.03078
6.8 -0.391679 -1.04698
6.9 -0.158356 -1.05636
7 0.154976 -1.05668
7.1 0.569205 -1.04485
7.2 1.06238 -1.01768
7.3 1.52278 -0.974137
7.4 1.82552 -0.917611
7.5 1.96706 -0.853788
7.6 2.01535 -0.786992
7.7 2.02194 -0.719394
7.8 2.0115 -0.651911
7.9 1.99413 -0.584913
8 1.9738 -0.518553
8.1 1.95202 -0.452901
8.2 1.9294 -0.387992
8.3 1.90616 -0.32385
8.4 1.88238 -0.260495
8.5 1.85805 -0.197944
8.6 1.83318 -0.136216
8.7 1.80774 -0.075329
8.8 1.78167 -0.0153035
8.9 1.75494 0.0438393
9 1.7275 0.102076
9.1 1.69929 0.159383
9.2 1.67024 0.215732
9.3 1.64027 0.271095
9.4 1.60929 0.325438
9.5 1.5772 0.378728
9.6 1.54387 0.430923
9.7 1.50916 0.481981
9.8 1.4729 0.531854
9.9 1.43489 0.580484
10 1.39486 0.62781
10.1 1.3525 0.67376
10.2 1.30743 0.718249
10.3 1.25916 0.761178
10.4 1.20704 0.802431
10.5 1.15025 0.841865
10.6 1.08767 0.879306
10.7 1.01777 0.914537
10.8 0.93841 0.947279
10.9 0.846513 0.977168
11 0.737528 1.00371
11.1 0.604557 1.02623
11.2 0.436971 1.04377
11.3 0.21849 1.0549
11.4 -0.0739908 1.05756
11.5 -0.464275 1.04885
11.6 -0.945675 1.02545
11.7 -1.42716 0.985558
11.8 -1.77177 0.931544
11.9 -1.94514 0.868939
12 -2.00925 0.802571
12.1 -2.02251 0.735046
12.2 -2.01476 0.667491
12.3 -1.99851 0.600362
12.4 -1.97866 0.533847
12.5 -1.95715 0.468027
12.6 -1.9347 0.402943
12.7 -1.91159 0.338622
12.8 -1.88793 0.275084
12.9 -1.86373 0.212345
13 -1.83899 0.150425
13.1 -1.81368 0.0893417
13.2 -1.78776 0.029115
13.3 -1.76119 -0.030234
13.4 -1.73392 -0.0886829
13.5 -1.70589 -0.146207
13.6 -1.67704 -0.202781
13.7 -1.64729 -0.258374
13.8 -1.61655 -0.312956
13.9 -1.58473 -0.366493
14 -1.5517 -0.418945
14.1 -1.51733 -0.470271
14.2 -1.48144 -0.520422
14.3 -1.44385 -0.569345
14.4 -1.40431 -0.616979
14.5 -1.36253 -0.663254
14.6 -1.31813 -0.708089
14.7 -1.27064 -0.751389
14.8 -1.21948 -0.793041
14.9 -1.16386 -0.83291
15 -1.10274 -0.87083
15.1 -1.03469 -0.906595
15.2 -0.957756 -0.939942
15.3 -0.8691 -0.970529
15.4 -0.764579 -0.9979
15.5 -0.637939 -1.02143
15.6 -0.479571 -1.04022
15.7 -0.274679 -1.05299
15.8 -0.00165497 -1.05784
15.9 0.364626 -1.05206
16 0.829299 -1.03232
16.1 1.32362 -0.996207
16.2 1.7084 -0.945023
16.3 1.91745 -0.883899
16.4 2.00056 -0.818095
16.5 2.02203 -0.750699
16.6 2.0176 -0.683095
16.7 2.0027 -0.615845
16.8 1.98345 -0.549178
16.9 1.96223 -0.483193
17 1.93996 -0.417936
17.1 1.91699 -0.353437
17.2 1.89345 -0.289715
17.3 1.86938 -0.22679
17.4 1.84476 -0.164679
17.5 1.81959 -0.1034
17.6 1.79381 -0.0429735
17.7 1.7674 0.0165806
17.8 1.74029 0.0752398
17.9 1.71245 0.13298
18 1.68379 0.189776
18.1 1.65426 0.245599
18.2 1.62376 0.300418
18.3 1.59219 0.3542
18.4 1.55945 0.406907
18.5 1.52541 0.458497
18.6 1.48989 0.508925
18.7 1.45271 0.558137
18.8 1.41365 0.606075
18.9 1.37241 0.652672
19 1.32865 0.697848
19.1 1.28193 0.741512
19.2 1.23168 0.783557
19.3 1.17718 0.823852
19.4 1.11744 0.86224
19.5 1.05114 0.898524
19.6 0.97648 0.932457
19.7 0.890847 0.963718
19.8 0.790459 0.991882
19.9 0.669644 1.01637
20 0.51971 1.03635
20.1 0.327245 1.05066
20.2 0.0722488 1.05755
20.3 -0.270572 1.05451
20.4 -0.714948 1.03829
20.5 -1.21381 1.00603
20.6 -1.63501 0.95797
20.7 -1.88302 0.898619
20.8 -1.98871 0.83354
20.9 -2.02024 0.766345
21 -2.01991 0.698719
21.1 -2.00667 0.631359
21.2 -1.98813 0.564546
21.3 -1.96725 0.498397
21.4 -1.94518 0.432969
21.5 -1.92236 0.368293
21.6 -1.89894 0.304389
21.7 -1.87499 0.241278
21.8 -1.85051 0.178977
21.9 -1.82546 0.117504
22 -1.79983 0.0568787
22.1 -1.77357 -0.0028792
22.2 -1.74663 -0.0617476
22.3 -1.71896 -0.119703
22.4 -1.6905 -0.17672
22.5 -1.66117 -0.232771
22.6 -1.6309 -0.287825
22.7 -1.5996 -0.34185
22.8 -1.56714 -0.394809
22.9 -1.53341 -0.446662
23 -1.49825 -0.497362
23.1 -1.46147 -0.546861
23.2 -1.42287 -0.5951
23.3 -1.38216 -0.642013
23.4 -1.33903 -0.687525
23.5 -1.29303 -0.731549
23.6 -1.24366 -0.773979
23.7 -1.19021 -0.814691
23.8 -1.13179 -0.853536
23.9 -1.06715 -0.890327
24 -0.994622 -0.92483
24.1 -0.911811 -0.956743
24.2 -0.815258 -0.985668
24.3 -0.699809 -1.01107
24.4 -0.557601 -1.03218
24.5 -0.376492 -1.04793
24.6 -0.138114 -1.05673
24.7 0.182206 -1.05626
24.8 0.603999 -1.04339
24.9 1.09968 -1.01498
25 1.55165 -0.970309
25.1 1.84088 -0.913043
25.2 1.97304 -0.84888
25.3 2.01684 -0.781971
25.4 2.02157 -0.714359
25.5 2.01038 -0.646904
25.6 1.99269 -0.579949
25.7 1.97221 -0.513641
25.8 1.95036 -0.448042
25.9 1.92769 -0.38319
26 1.90441 -0.319106
26.1 1.88058 -0.25581
26.2 1.85622 -0.19332
26.3 1.83131 -0.131654
26.4 1.80582 -0.0708303
26.5 1.7797 -0.0108698
26.6 1.75293 0.0482064
26.7 1.72543 0.106375
26.8 1.69716 0.163612
26.9 1.66804 0.219888
27 1.638 0.275176
27.1 1.60694 0.329443
27.2 1.57476 0.382652
27.3 1.54134 0.434764
27.4 1.50652 0.485736
27.5 1.47014 0.535518
27.6 1.43198 0.584053
27.7 1.39179 0.63128
27.8 1.34924 0.677123
27.9 1.30396 0.7215
28 1.25542 0.764309
28.1 1.20299 0.805431
28.2 1.14581 0.844723
28.3 1.08274 0.882008
28.4 1.01222 0.917064
28.5 0.932046 0.949608
28.6 0.839057 0.979266
28.7 0.72856 1.00554
28.8 0.593436 1.02773
28.9 0.422704 1.04484
29 0.199589 1.05542
29.1 -0.0994524 1.05734
29.2 -0.497482 1.04765
29.3 -0.983277 1.02305
29.4 -1.45886 0.981965
29.5 -1.79009 0.927107
29.6 -1.95278 0.864083
29.7 -2.01147 0.797564
29.8 -2.02243 0.73001
29.9 -2.01376 0.662476
30 -1.99712 0.595388
30.1 -1.97711 0.528922
30.2 -1.9555 0.463156
30.3 -1.933 0.398128
30.4 -1.90985 0.333865
30.5 -1.88614 0.270385
30.6 -1.86191 0.207707
30.7 -1.83713 0.145848
30.8 -1.81177 0.0848282
30.9 -1.7858 0.0246661
31 -1.75918 -0.0346167
31.1 -1.73186 -0.0929976
31.2 -1.70377 -0.150452
31.3 -1.67486 -0.206954
31.4 -1.64504 -0.262473
31.5 -1.61422 -0.316979
31.6 -1.58231 -0.370436
31.7 -1.54919 -0.422806
31.8 -1.51471 -0.474046
31.9 -1.47871 -0.524107
32 -1.44098 -0.572937
32.1 -1.40128 -0.620472
32.2 -1.35932 -0.666643
32.3 -1.3147 -0.711367
32.4 -1.26697 -0.754548
32.5 -1.21551 -0.796073
32.6 -1.15951 -0.835803
32.7 -1.09793 -0.87357
32.8 -1.0293 -0.909165
32.9 -0.951601 -0.942319
33 -0.861928 -0.972684
33.1 -0.756007 -0.999793
33.2 -0.627389 -1.023
33.3 -0.466144 -1.0414
33.4 -0.257011 -1.05365
33.5 0.0221177 -1.05781
33.6 0.396087 -1.05111
33.7 0.866597 -1.03021
33.8 1.35771 -0.992869
33.9 1.72987 -0.94074
34 1.92704 -0.879109
34.1 2.00367 -0.813107
34.2 2.02231 -0.745664
34.3 2.01674 -0.678072
34.4 2.00137 -0.61086
34.5 1.98192 -0.544241
34.6 1.9606 -0.478309
34.7 1.93827 -0.413108
34.8 1.91525 -0.348666
34.9 1.89168 -0.285003
35 1.86756 -0.222138
35.1 1.84291 -0.160088
35.2 1.81769 -0.0988719
35.3 1.79187 -0.0385095
35.4 1.7654 0.0209787
35.5 1.73825 0.0795705
35.6 1.71034 0.137242
35.7 1.68163 0.193966
35.8 1.65202 0.249715
35.9 1.62144 0.304459
36 1.5898 0.358162
36.1 1.55697 0.410787
36.2 1.52282 0.462292
36.3 1.48718 0.512631
36.4 1.44987 0.561751
36.5 1.41066 0.609592
36.6 1.36925 0.656085
36.7 1.32528 0.701152
36.8 1.27832 0.7447
36.9 1.22778 0.786619
37 1.17292 0.826778
37.1 1.11274 0.865016
37.2 1.0459 0.901135
37.3 0.970521 0.934881
37.4 0.883938 0.965928
37.5 0.782254 0.99384
37.6 0.659617 1.01802
37.7 0.507051 1.03763
37.8 0.310708 1.05145
37.9 0.0500675 1.0577
38 -0.300214 1.0538
38.1 -0.751428 1.03647
38.2 -1.24971 1.00296
38.3 -1.65972 0.953867
38.4 -1.89489 0.893912
38.5 -1.99291 0.82858
38.6 -2.02097 0.761312
38.7 -2.01923 0.69369
38.8 -2.00542 0.626364
38.9 -1.98663 0.559597
39 -1.96564 0.493501
39.1 -1.9435 0.428128
39.2 -1.92063 0.363508
39.3 -1.89718 0.299663
39.4 -1.87319 0.236612
39.5 -1.84866 0.174372
39.6 -1.82358 0.112961
39.7 -1.7979 0.0523997
39.8 -1.77159 -0.00729277
39.9 -1.7446 -0.066094
40 -1.71687 -0.12398
40.1 -1.68835 -0.180926
40.2 -1.65895 -0.236904
40.3 -1.62861 -0.291883
40.4 -1.59722 -0.34583
40.5 -1.56468 -0.398708
40.6 -1.53084 -0.450476
40.7 -1.49557 -0.50109
40.8 -1.45867 -0.550497
40.9 -1.41992 -0.598639
41 -1.37904 -0.645451
41.1 -1.33571 -0.690855
41.2 -1.28948 -0.734764
41.3 -1.23983 -0.77707
41.4 -1.18605 -0.81765
41.5 -1.12721 -0.856349
41.6 -1.06205 -0.892978
41.7 -0.988846 -0.927299
41.8 -0.905148 -0.959005
41.9 -0.807392 -0.987688
42 -0.690264 -1.0128
42.1 -0.545643 -1.03356
42.2 -0.360991 -1.04885
42.3 -0.117418 -1.05705
42.4 0.210019 -1.05577
42.5 0.639256 -1.04185
42.6 1.13675 -1.0122
42.7 1.57954 -0.96641
42.8 1.85534 -0.908438
42.9 1.97855 -0.843958
43 2.01813 -0.776946
43.1 2.02112 -0.709326
43.2 2.00922 -0.641899
43.3 1.99124 -0.57499
43.4 1.97062 -0.508732
43.5 1.9487 -0.443188
43.6 1.92598 -0.378392
43.7 1.90265 -0.314366
43.8 1.87879 -0.25113
43.9 1.85439 -0.1887
44 1.82943 -0.127096
44.1 1.80389 -0.0663364
44.2 1.77773 -0.00644092
44.3 1.7509 0.0525686
44.4 1.72335 0.110669
44.5 1.69502 0.167835
44.6 1.66584 0.224039
44.7 1.63572 0.279252
44.8 1.60458 0.333441
44.9 1.57232 0.38657
45 1.53879 0.438599
45.1 1.50387 0.489484
45.2 1.46736 0.539175
45.3 1.42906 0.587615
45.4 1.3887 0.634741
45.5 1.34597 0.680479
45.6 1.30046 0.724742
45.7 1.25166 0.76743
45.8 1.19891 0.808421
45.9 1.14133 0.847571
46 1.07777 0.884698
46.1 1.00661 0.919578
46.2 0.925612 0.951921
46.3 0.831504 0.981346
46.4 0.719457 1.00734
46.5 0.582119 1.02919
46.6 0.40815 1.04587
46.7 0.180268 1.05589
46.8 -0.125476 1.05706
46.9 -0.531221 1.04637
47 -1.02085 1.02055
47.1 -1.48969 0.978293
47.2 -1.80742 0.922625
47.3 -1.95985 0.859209
47.4 -2.01344 0.792551
47.5 -2.02225 0.724974
47.6 -2.01271 0.657463
47.7 -1.99571 0.590417
47.8 -1.97554 0.524001
47.9 -1.95385 0.458289
48 -1.93129 0.393317
48.1 -1.9081 0.329112
48.2 -1.88436 0.265691
48.3 -1.86008 0.203073
48.4 -1.83526 0.141276
48.5 -1.80986 0.0803194
48.6 -1.78385 0.020222
48.7 -1.75717 -0.0389945
48.8 -1.7298 -0.0973073
48.9 -1.70165 -0.154692
49 -1.67267 -0.211121
49.1 -1.64278 -0.266566
49.2 -1.61188 -0.320995
49.3 -1.57989 -0.374373
49.4 -1.54667 -0.42666
49.5 -1.51208 -0.477814
49.6 -1.47596 -0.527786
49.7 -1.43809 -0.576521
49.8 -1.39824 -0.623957
49.9 -1.35609 -0.670024
50 -1.31126 -0.714636
50.1 -1.26328 -0.757698
50.2 -1.2115 -0.799094
50.3 -1.15514 -0.838685
50.4 -1.09308 -0.876298
50.5 -1.02386 -0.911721
50.6 -0.945381 -0.944681
50.7 -0.854666 -0.974821
50.8 -0.747312 -1.00166
50.9 -0.61666 -1.02455
51 -0.452455 -1.04254
51.1 -0.238958 -1.05427
51.2 0.0464239 -1.05773
51.3 0.428122 -1.05008
51.4 0.904054 -1.028
51.5 1.39108 -0.989446
51.6 1.75031 -0.936405
51.7 1.93598 -0.874297
51.8 2.00647 -0.808113
51.9 2.02247 -0.740627
52 2.01583 -0.673052
52.1 2.00002 -0.605878
52.2 1.98038 -0.539308
52.3 1.95896 -0.473429
52.4 1.93657 -0.408284
52.5 1.91352 -0.343899
52.6 1.8899 -0.280295
52.7 1.86575 -0.21749
52.8 1.84105 -0.155501
52.9 1.81579 -0.0943484
53 1.78992 -0.0340503
53.1 1.76341 0.025372
53.2 1.7362 0.083896
53.3 1.70823 0.141498
53.4 1.67945 0.19815
53.5 1.64978 0.253826
53.6 1.61913 0.308493
53.7 1.5874 0.362117
53.8 1.55447 0.41466
53.9 1.52022 0.466081
54 1.48446 0.516331
54.1 1.44702 0.565357
54.2 1.40765 0.6131
54.3 1.36607 0.65949
54.4 1.3219 0.704447
54.5 1.27469 0.747878
54.6 1.22386 0.789671
54.7 1.16864 0.829693
54.8 1.10802 0.867781
54.9 1.04061 0.903732
55 0.9645 0.93729
55.1 0.876946 0.96812
55.2 0.773935 0.995777
55.3 0.649427 1.01965
55.4 0.494152 1.03888
55.5 0.293819 1.0522
55.6 0.0273855 1.0578
55.7 -0.330444 1.05301
55.8 -0.788221 1.03455
55.9 -1.2851 0.999806
56 -1.68339 0.949703
56.1 -1.906 0.889177
56.2 -1.99673 0.823611
56.3 -2.02155 0.756279
56.4 -2.01849 0.688663
56.5 -2.00414 0.621373
56.6 -1.98513 0.554653
56.7 -1.96402 0.488609
56.8 -1.94182 0.423291
56.9 -1.9189 0.358728
57 -1.89541 0.294942
57.1 -1.87138 0.23195
57.2 -1.84682 0.169771
57.3 -1.82169 0.108423
57.4 -1.79596 0.0479255
57.5 -1.7696 -0.0117014
57.6 -1.74256 -0.0704354
57.7 -1.71477 -0.128253
57.8 -1.68619 -0.185127
57.9 -1.65673 -0.241032
58 -1.62631 -0.295935
58.1 -1.59484 -0.349804
58.2 -1.5622 -0.402601
58.3 -1.52827 -0.454285
58.4 -1.49288 -0.50481
58.5 -1.45585 -0.554125
58.6 -1.41695 -0.602171
58.7 -1.3759 -0.648881
58.8 -1.33237 -0.694177
58.9 -1.28591 -0.73797
59 -1.23598 -0.780153
59.1 -1.18186 -0.820598
59.2 -1.12259 -0.859149
59.3 -1.0569 -0.895616
59.4 -0.983012 -0.929754
59.5 -0.898407 -0.96125
59.6 -0.79942 -0.989689
59.7 -0.680568 -1.0145
59.8 -0.533466 -1.0349
59.9 -0.345167 -1.04973
60 -0.0962552 -1.05731
60.1 0.238418 -1.05521
60.2 0.674943 -1.04021
60.3 1.17352 -1.00932
60.4 1.60642 -0.962443
60.5 1.86893 -0.903798
60.6 1.9836 -0.839022
60.7 2.01923 -0.771918
60.8 2.02058 -0.704294
60.9 2.00802 -0.636898
61 1.98977 -0.570033
61.1 1.96903 -0.503827
61.2 1.94703 -0.438338
61.3 1.92426 -0.373599
61.4 1.9009 -0.309631
61.5 1.87699 -0.246454
61.6 1.85255 -0.184085
61.7 1.82755 -0.122543
61.8 1.80197 -0.0618472
61.9 1.77576 -0.00201697
62 1.74888 0.0569256
62.1 1.72127 0.114957
62.2 1.69288 0.172053
62.3 1.66363 0.228184
62.4 1.63344 0.283322
62.5 1.60222 0.337433
62.6 1.56987 0.390482
62.7 1.53624 0.442427
62.8 1.50121 0.493225
62.9 1.46457 0.542825
63 1.42613 0.59117
63.1 1.38561 0.638195
63.2 1.34269 0.683826
63.3 1.29695 0.727976
63.4 1.24788 0.770542
63.5 1.1948 0.811401
63.6 1.13682 0.850407
63.7 1.07276 0.887375
63.8 1.00096 0.922077
63.9 0.919106 0.954217
64 0.823853 0.983407
64.1 0.710215 1.00912
64.2 0.570603 1.03063
64.3 0.393301 1.04687
64.4 0.160516 1.05632
64.5 -0.152068 1.05672
64.6 -0.565474 1.04501
64.7 -1.05834 1.01796
64.8 -1.51961 0.974546
64.9 -1.82381 0.918102
65 -1.96639 0.854318
65.1 -2.01517 0.787534
65.2 -2.02198 0.719938
65.3 -2.01162 0.652452
65.4 -1.99429 0.585449
65.5 -1.97397 0.519084
65.6 -1.9522 0.453426
65.7 -1.92959 0.388511
65.8 -1.90635 0.324363
65.9 -1.88257 0.261001
66 -1.85825 0.198444
66.1 -1.83339 0.136709
66.2 -1.80794 0.0758154
66.3 -1.78188 0.0157829
66.4 -1.75516 -0.0433672
66.5 -1.72773 -0.101612
66.6 -1.69952 -0.158926
66.7 -1.67048 -0.215283
66.8 -1.64051 -0.270654
66.9 -1.60954 -0.325006
67 -1.57746 -0.378303
67.1 -1.54414 -0.430508
67.2 -1.50945 -0.481575
67.3 -1.4732 -0.531457
67.4 -1.4352 -0.580098
67.5 -1.39519 -0.627435
67.6 -1.35285 -0.673396
67.7 -1.30781 -0.717897
67.8 -1.25956 -0.760839
67.9 -1.20748 -0.802106
68 -1.15073 -0.841555
68.1 -1.0882 -0.879013
68.2 -1.01836 -0.914263
68.3 -0.939093 -0.947027
68.4 -0.847313 -0.97694
68.5 -0.738489 -1.00351
68.6 -0.605748 -1.02607
68.7 -0.438496 -1.04365
68.8 -0.220508 -1.05484
68.9 0.0712731 -1.05758
69 0.46072 -1.04898
69.1 0.941613 -1.0257
69.2 1.42369 -0.985941
69.3 1.76973 -0.932021
69.4 1.94428 -0.869462
69.5 2.00899 -0.803112
69.6 2.02252 -0.73559
69.7 2.01487 -0.668033
69.8 1.99866 -0.6009
69.9 1.97883 -0.534379
70 1.95732 -0.468553
70.1 1.93488 -0.403464
70.2 1.91178 -0.339137
70.3 1.88812 -0.275591
70.4 1.86393 -0.212846
70.5 1.83919 -0.15092
70.6 1.81388 -0.0898296
70.7 1.78797 -0.029596
70.8 1.76141 0.0297602
70.9 1.73414 0.0882164
71 1.70612 0.145748
71.1 1.67728 0.202329
71.2 1.64753 0.257931
71.3 1.6168 0.312522
71.4 1.58499 0.366067
71.5 1.55197 0.418528
71.6 1.51761 0.469863
71.7 1.48174 0.520023
71.8 1.44416 0.568957
71.9 1.40464 0.616601
72 1.36287 0.662888
72.1 1.31849 0.707735
72.2 1.27104 0.751047
72.3 1.21991 0.792713
72.4 1.16433 0.832597
72.5 1.10325 0.870534
72.6 1.03527 0.906317
72.7 0.958417 0.939684
72.8 0.86987 0.970295
72.9 0.765497 0.997694
73 0.639069 1.02125
73.1 0.481006 1.04009
73.2 0.276565 1.05292
73.3 0.00419191 1.05784
73.4 -0.361261 1.05215
73.5 -0.825281 1.03254
73.6 -1.3199 0.996563
73.7 -1.70601 0.945482
73.8 -1.91637 0.884415
73.9 -2.0002 0.818633
74 -2.02199 0.751244
74.1 -2.01769 0.683638
74.2 -2.00284 0.616384
74.3 -1.98361 0.549712
74.4 -1.9624 0.48372
74.5 -1.94014 0.418458
74.6 -1.91717 0.353952
74.7 -1.89364 0.290225
74.8 -1.86957 0.227293
74.9 -1.84496 0.165175
75 -1.81979 0.10389
75.1 -1.79402 0.0434561
75.2 -1.76761 -0.0161051
75.3 -1.74052 -0.0747716
75.4 -1.71267 -0.13252
75.5 -1.68403 -0.189323
75.6 -1.6545 -0.245154
75.7 -1.62401 -0.299982
75.8 -1.59245 -0.353772
75.9 -1.55972 -0.406487
76 -1.52569 -0.458087
76.1 -1.49018 -0.508524
76.2 -1.45302 -0.557746
76.3 -1.41397 -0.605695
76.4 -1.37275 -0.652303
76.5 -1.32902 -0.69749
76.6 -1.28232 -0.741167
76.7 -1.2321 -0.783225
76.8 -1.17763 -0.823535
76.9 -1.11794 -0.861939
77 -1.05171 -0.898241
77.1 -0.97712 -0.932194
77.2 -0.891588 -0.963479
77.3 -0.791339 -0.991669
77.4 -0.670718 -1.01619
77.5 -0.521064 -1.03621
77.6 -0.329011 -1.05057
77.7 -0.0746158 -1.05753
77.8 0.267405 -1.05458
77.9 0.711027 -1.03848
78 1.20991 -1.00636
78.1 1.63228 -0.95841
78.2 1.88169 -0.899126
78.3 1.98824 -0.834075
78.4 2.02015 -0.766888
78.5 2.01998 -0.699263
78.6 2.0068 -0.631899
78.7 1.98829 -0.565081
78.8 1.96742 -0.498926
78.9 1.94536 -0.433492
79 1.92254 -0.36881
79.1 1.89913 -0.3049
79.2 1.87519 -0.241783
79.3 1.85071 -0.179475
79.4 1.82567 -0.117995
79.5 1.80004 -0.0573629
79.6 1.77378 0.00240205
79.7 1.74685 0.0612777
79.8 1.71919 0.11924
79.9 1.69073 0.176265
80 1.66141 0.232324
80.1 1.63115 0.287386
80.2 1.59985 0.34142
80.3 1.56741 0.394387
80.4 1.53369 0.446249
80.5 1.49854 0.496959
80.6 1.46178 0.546468
80.7 1.42319 0.594717
80.8 1.3825 0.641641
80.9 1.33938 0.687165
81 1.29342 0.731201
81.1 1.24407 0.773644
81.2 1.19066 0.814371
81.3 1.13228 0.853232
81.4 1.0677 0.89004
81.5 0.995242 0.924562
81.6 0.912526 0.956497
81.7 0.816102 0.985449
81.8 0.700832 1.01088
81.9 0.55888 1.03203
82 0.378148 1.04783
82.1 0.140323 1.05669
82.2 -0.179236 1.05631
82.3 -0.600217 1.04356
82.4 -1.09566 1.01528
82.5 -1.54858 0.970726
82.6 -1.83926 0.913538
82.7 -1.97242 0.849411
82.8 -2.01669 0.782513
82.9 -2.02162 0.714903
83 -2.0105 0.647445
83.1 -1.99285 0.580486
83.2 -1.97238 0.514171
83.3 -1.95054 0.448567
83.4 -1.92788 0.383708
83.5 -1.9046 0.319618
83.6 -1.88078 0.256316
83.7 -1.85642 0.193819
83.8 -1.83151 0.132146
83.9 -1.80602 0.0713161
84 -1.77992 0.0113486
84.1 -1.75314 -0.0477348
84.2 -1.72566 -0.105911
84.3 -1.69739 -0.163155
84.4 -1.66828 -0.21944
84.5 -1.63824 -0.274736
84.6 -1.60719 -0.32901
84.7 -1.57502 -0.382228
84.8 -1.54161 -0.434349
84.9 -1.50681 -0.485331
85 -1.47044 -0.535122
85.1 -1.43229 -0.583668
85.2 -1.39212 -0.630905
85.3 -1.3496 -0.67676
85.4 -1.30433 -0.721149
85.5 -1.25582 -0.763971
85.6 -1.20343 -0.805107
85.7 -1.14629 -0.844415
85.8 -1.08327 -0.881717
85.9 -1.01282 -0.916792
86 -0.932737 -0.949357
86.1 -0.839867 -0.97904
86.2 -0.729535 -1.00534
86.3 -0.594647 -1.02757
86.4 -0.424259 -1.04472
86.5 -0.201651 -1.05537
86.6 0.0966746 -1.05737
86.7 0.493868 -1.04779
86.8 0.979215 -1.02331
86.9 1.45548 -0.982357
87 1.78815 -0.927589
87.1 1.95198 -0.864609
87.2 2.01124 -0.798105
87.3 2.02245 -0.730554
87.4 2.01387 -0.663017
87.5 1.99727 -0.595925
87.6 1.97727 -0.529454
87.7 1.95568 -0.463682
87.8 1.93318 -0.398648
87.9 1.91004 -0.334379
88 1.88634 -0.270892
88.1 1.8621 -0.208208
88.2 1.83733 -0.146343
88.3 1.81198 -0.0853156
88.4 1.78602 -0.0251465
88.5 1.7594 0.0341435
88.6 1.73208 0.0925317
88.7 1.704 0.149994
88.8 1.67509 0.206503
88.9 1.64528 0.26203
89 1.61447 0.316544
89.1 1.58257 0.37001
89.2 1.54946 0.422389
89.3 1.51499 0.473638
89.4 1.479 0.523709
89.5 1.44129 0.572549
89.6 1.40161 0.620095
89.7 1.35966 0.666277
89.8 1.31507 0.711013
89.9 1.26737 0.754208
90 1.21594 0.795746
90.1 1.15998 0.835491
90.2 1.09845 0.873275
90.3 1.02989 0.908888
90.4 0.952269 0.942063
90.5 0.862707 0.972452
90.6 0.756939 0.999589
90.7 0.628537 1.02283
90.8 0.467607 1.04127
90.9 0.258938 1.05358
91 -0.0195238 1.05782
91.1 -0.39266 1.05121
91.2 -0.862559 1.03044
91.3 -1.35406 0.993233
91.4 -1.7276 0.941205
91.5 -1.92604 0.879628
91.6 -2.00335 0.813647
91.7 -2.02229 0.746208
91.8 -2.01683 0.678615
91.9 -2.00152 0.611398
92 -1.98208 0.544775
92.1 -1.96077 0.478836
92.2 -1.93845 0.413629
92.3 -1.91544 0.349181
92.4 -1.89187 0.285512
92.5 -1.86776 0.22264
92.6 -1.84311 0.160584
92.7 -1.81789 0.0993609
92.8 -1.79208 0.0389916
92.9 -1.76562 -0.0205038
93 -1.73847 -0.0791028
93.1 -1.71057 -0.136781
93.2 -1.68186 -0.193514
93.3 -1.65226 -0.249271
93.4 -1.62169 -0.304022
93.5 -1.59006 -0.357734
93.6 -1.55724 -0.410368
93.7 -1.5231 -0.461882
93.8 -1.48747 -0.512231
93.9 -1.45018 -0.561361
94 -1.41098 -0.609212
94.1 -1.36959 -0.655717
94.2 -1.32565 -0.700795
94.3 -1.27871 -0.744356
94.4 -1.22821 -0.786288
94.5 -1.17338 -0.826462
94.6 -1.11325 -0.864717
94.7 -1.04647 -0.900853
94.8 -0.971168 -0.93462
94.9 -0.884688 -0.96569
95 -0.783146 -0.993629
95.1 -0.660708 -1.01784
95.2 -0.50843 -1.03749
95.3 -0.312512 -1.05137
95.4 -0.0524879 -1.05769
95.5 0.296983 -1.05388
95.6 0.74747 -1.03667
95.7 1.24586 -1.0033
95.8 1.6571 -0.954313
95.9 1.89365 -0.894422
96 1.99247 -0.829117
96.1 2.0209 -0.761856
96.2 2.01931 -0.694234
96.3 2.00556 -0.626904
96.4 1.9868 -0.560132
96.5 1.96581 -0.49403
96.6 1.94368 -0.428651
96.7 1.92082 -0.364025
96.8 1.89737 -0.300174
96.9 1.87339 -0.237116
97 1.84886 -0.174869
97.1 1.82378 -0.113452
97.2 1.79811 -0.0528834
97.3 1.7718 0.00681615
97.4 1.74482 0.0656246
97.5 1.7171 0.123518
97.6 1.68858 0.180472
97.7 1.65919 0.236458
97.8 1.62886 0.291445
97.9 1.59748 0.3454
98 1.56494 0.398287
98.1 1.53112 0.450065
98.2 1.49586 0.500687
98.3 1.45897 0.550104
98.4 1.42024 0.598257
98.5 1.37938 0.64508
98.6 1.33606 0.690496
98.7 1.28987 0.734417
98.8 1.24025 0.776737
98.9 1.1865 0.817331
99 1.1277 0.856045
99.1 1.0626 0.892692
99.2 0.989473 0.927033
99.3 0.905871 0.958761
99.4 0.808247 0.987471
99.5 0.691302 1.01261
99.6 0.546945 1.03341
99.7 0.362681 1.04875
99.8 0.119676 1.05702
99.9 -0.206986 1.05583
100 -0.635425 1.04202
100.1 -1.13276 1.0125
100.2 -1.57657 0.966835
100.3 -1.85382 0.908937
100.4 -1.97798 0.84449
100.5 -2.018 0.777489
100.6 -2.02117 0.70987
100.7 -2.00934 0.64244
100.8 -1.9914 0.575525
100.9 -1.9708 0.509262
101 -1.94888 0.443713
101.1 -1.92616 0.37891
101.2 -1.90284 0.314878
101.3 -1.87898 0.251635
101.4 -1.85459 0.189199
101.5 -1.82964 0.127588
101.6 -1.8041 0.0668217
101.7 -1.77795 0.00691919
101.8 -1.75112 -0.0520975
101.9 -1.72358 -0.110205
102 -1.69525 -0.167379
102.1 -1.66607 -0.223591
102.2 -1.63597 -0.278812
102.3 -1.60484 -0.333009
102.4 -1.57258 -0.386147
102.5 -1.53907 -0.438185
102.6 -1.50415 -0.489079
102.7 -1.46766 -0.53878
102.8 -1.42938 -0.587231
102.9 -1.38904 -0.634368
103 -1.34633 -0.680117
103.1 -1.30084 -0.724392
103.2 -1.25207 -0.767093
103.3 -1.19935 -0.808099
103.4 -1.14182 -0.847263
103.5 -1.07831 -0.884408
103.6 -1.00722 -0.919307
103.7 -0.92631 -0.951671
103.8 -0.832325 -0.981122
103.9 -0.720447 -1.00715
104 -0.583352 -1.02903
104.1 -0.409737 -1.04576
104.2 -0.182376 -1.05584
104.3 0.122637 -1.0571
104.4 0.527551 -1.04652
104.5 1.0168 -1.02082
104.6 1.4864 -0.978694
104.7 1.8056 -0.923112
104.8 1.95911 -0.859736
104.9 2.01324 -0.793093
105 2.02228 -0.725518
105.1 2.01282 -0.658004
105.2 1.99586 -0.590954
105.3 1.97571 -0.524533
105.4 1.95403 -0.458814
105.5 1.93148 -0.393837
105.6 1.90829 -0.329625
105.7 1.88455 -0.266198
105.8 1.86028 -0.203574
105.9 1.83546 -0.14177
106 1.81006 -0.0808063
106.1 1.78406 -0.0207019
106.2 1.75739 0.0385217
106.3 1.73002 0.0968419
106.4 1.70188 0.154234
106.5 1.67291 0.210671
106.6 1.64302 0.266124
106.7 1.61214 0.320561
106.8 1.58015 0.373947
106.9 1.54694 0.426244
107 1.51237 0.477407
107.1 1.47626 0.527389
107.2 1.43841 0.576134
107.3 1.39857 0.623581
107.4 1.35644 0.669659
107.5 1.31164 0.714283
107.6 1.26368 0.757359
107.7 1.21194 0.798768
107.8 1.15561 0.838374
107.9 1.09361 0.876004
108 1.02445 0.911445
108.1 0.946056 0.944426
108.2 0.855455 0.974591
108.3 0.748257 1.00146
108.4 0.617828 1.02438
108.5 0.453947 1.04242
108.6 0.240927 1.0542
108.7 -0.0437718 1.05774
108.8 -0.424633 1.0502
108.9 -0.900001 1.02824
109 -1.38751 0.98982
109.1 -1.74815 0.936876
109.2 -1.93504 0.874818
109.3 -2.00618 0.808653
109.4 -2.02246 0.741171
109.5 -2.01593 0.673594
109.6 -2.00017 0.606416
109.7 -1.98055 0.539841
109.8 -1.95914 0.473956
109.9 -1.93676 0.408805
110 -1.91371 0.344414
110.1 -1.89009 0.280803
110.2 -1.86594 0.217992
110.3 -1.84125 0.155997
110.4 -1.81599 0.0948369
110.5 -1.79013 0.0345319
110.6 -1.76362 -0.0248976
110.7 -1.73642 -0.0834289
110.8 -1.70846 -0.141038
110.9 -1.67969 -0.197699
111 -1.65002 -0.253382
111.1 -1.61938 -0.308057
111.2 -1.58766 -0.36169
111.3 -1.55474 -0.414242
111.4 -1.5205 -0.465672
111.5 -1.48476 -0.515931
111.6 -1.44733 -0.564968
111.7 -1.40798 -0.612722
111.8 -1.36641 -0.659123
111.9 -1.32226 -0.704092
112 -1.27508 -0.747535
112.1 -1.22428 -0.789342
112.2 -1.1691 -0.829378
112.3 -1.10853 -0.867483
112.4 -1.04118 -0.903452
112.5 -0.965154 -0.937031
112.6 -0.877706 -0.967884
112.7 -0.774839 -0.995569
112.8 -0.650536 -1.01948
112.9 -0.495557 -1.03874
113 -0.295661 -1.05213
113.1 -0.0298605 -1.05779
113.2 0.32715 -1.0531
113.3 0.784232 -1.03476
113.4 1.2813 -1.00015
113.5 1.68088 -0.950156
113.6 1.90483 -0.88969
113.7 1.99633 -0.824149
113.8 2.0215 -0.756822
113.9 2.01857 -0.689206
114 2.00428 -0.621912
114.1 1.98529 -0.555187
114.2 1.9642 -0.489137
114.3 1.942 -0.423813
114.4 1.91909 -0.359244
114.5 1.8956 -0.295452
114.6 1.87158 -0.232454
114.7 1.84701 -0.170268
114.8 1.82189 -0.108913
114.9 1.79617 -0.0484086
115 1.76982 0.0112253
115.1 1.74278 0.0699665
115.2 1.715 0.127791
115.3 1.68642 0.184674
115.4 1.65697 0.240586
115.5 1.62656 0.295498
115.6 1.5951 0.349375
115.7 1.56247 0.40218
115.8 1.52855 0.453874
115.9 1.49317 0.504408
116 1.45615 0.553733
116.1 1.41727 0.60179
116.2 1.37624 0.64851
116.3 1.33273 0.693819
116.4 1.2863 0.737624
116.5 1.2364 0.77982
116.6 1.18231 0.82028
116.7 1.12309 0.858847
116.8 1.05746 0.895332
116.9 0.983645 0.92949
117 0.899139 0.961008
117.1 0.800286 0.989473
117.2 0.681623 1.01432
117.3 0.534792 1.03475
117.4 0.346893 1.04964
117.5 0.0985645 1.05729
117.6 -0.235321 1.05528
117.7 -0.671067 1.04039
117.8 -1.16956 1.00964
117.9 -1.60356 0.962875
118 -1.8675 0.904301
118.1 -1.98308 0.839556
118.2 -2.01912 0.772462
118.3 -2.02064 0.704837
118.4 -2.00816 0.637438
118.5 -1.98993 0.570569
118.6 -1.9692 0.504357
118.7 -1.94721 0.438862
118.8 -1.92445 0.374116
118.9 -1.90109 0.310143
119 -1.87718 0.246959
119.1 -1.85275 0.184584
119.2 -1.82776 0.123035
119.3 -1.80218 0.062332
119.4 -1.77597 0.00249471
119.5 -1.7491 -0.0564551
119.6 -1.7215 -0.114494
119.7 -1.69311 -0.171597
119.8 -1.66387 -0.227736
119.9 -1.63369 -0.282882
120 -1.60248 -0.337002
120.1 -1.57013 -0.390059
120.2 -1.53652 -0.442014
120.3 -1.50149 -0.492821
120.4 -1.46488 -0.542431
120.5 -1.42645 -0.590786
120.6 -1.38594 -0.637822
120.7 -1.34304 -0.683465
120.8 -1.29733 -0.727627
120.9 -1.24829 -0.770206
121 -1.19524 -0.81108
121.1 -1.13731 -0.850101
121.2 -1.0733 -0.887087
121.3 -1.00157 -0.921808
121.4 -0.919812 -0.95397
121.5 -0.824685 -0.983185
121.6 -0.71122 -1.00893
121.7 -0.571857 -1.03047
121.8 -0.39492 -1.04676
121.9 -0.162671 -1.05627
122 0.149167 -1.05676
122.1 0.561749 -1.04516
122.2 1.05429 -1.01825
122.3 1.51642 -0.974955
122.4 1.82208 -0.918592
122.5 1.96571 -0.854847
122.6 2.015 -0.788077
122.7 2.02201 -0.720482
122.8 2.01174 -0.652993
122.9 1.99444 -0.585986
123 1.97414 -0.519615
123.1 1.95238 -0.453951
123.2 1.92977 -0.38903
123.3 1.90654 -0.324876
123.4 1.88276 -0.261508
123.5 1.85845 -0.198944
123.6 1.83359 -0.137202
123.7 1.80815 -0.0763018
123.8 1.7821 -0.0162622
123.9 1.75538 0.042895
124 1.72795 0.101147
124.1 1.69975 0.158469
124.2 1.67071 0.214834
124.3 1.64076 0.270212
124.4 1.6098 0.324573
124.5 1.57772 0.377879
124.6 1.54442 0.430092
124.7 1.50973 0.481169
124.8 1.4735 0.531061
124.9 1.43551 0.579712
125 1.39552 0.62706
125.1 1.3532 0.673032
125.2 1.30818 0.717545
125.3 1.25996 0.7605
125.4 1.20791 0.801781
125.5 1.15121 0.841246
125.6 1.08873 0.878721
125.7 1.01896 0.913989
125.8 0.939776 0.946774
125.9 0.848112 0.976712
126 0.739448 1.00332
126.1 0.606936 1.02591
126.2 0.440017 1.04353
126.3 0.222521 1.05478
126.4 -0.0685619 1.0576
126.5 -0.457171 1.0491
126.6 -0.937552 1.02595
126.7 -1.4202 0.986324
126.8 -1.76768 0.932497
126.9 -1.94341 0.869986
127 -2.00873 0.803653
127.1 -2.02252 0.736135
127.2 -2.01498 0.668575
127.3 -1.9988 0.601438
127.4 -1.979 0.534912
127.5 -1.9575 0.46908
127.6 -1.93506 0.403984
127.7 -1.91197 0.339651
127.8 -1.88831 0.276099
127.9 -1.86412 0.213348
128 -1.83939 0.151414
128.1 -1.81409 0.0903176
128.2 -1.78818 0.030077
128.3 -1.76162 -0.0292863
128.4 -1.73436 -0.0877499
128.5 -1.70635 -0.145289
128.6 -1.67751 -0.201878
128.7 -1.64777 -0.257488
128.8 -1.61705 -0.312087
128.9 -1.58525 -0.36564
129 -1.55224 -0.41811
129.1 -1.51789 -0.469454
129.2 -1.48203 -0.519625
129.3 -1.44447 -0.568568
129.4 -1.40497 -0.616224
129.5 -1.36322 -0.662521
129.6 -1.31886 -0.70738
129.7 -1.27143 -0.750705
129.8 -1.22034 -0.792385
129.9 -1.16479 -0.832284
130 -1.10377 -0.870237
130.1 -1.03585 -0.906038
130.2 -0.959077 -0.939426
130.3 -0.870639 -0.970061
130.4 -0.766415 -0.997488
130.5 -0.640196 -1.02108
130.6 -0.482439 -1.03996
130.7 -0.278447 -1.05284
130.8 -0.00672275 -1.05783
130.9 0.357904 -1.05225
131 0.821265 -1.03276
131.1 1.31617 -0.996917
131.2 1.70362 -0.945941
131.3 1.91528 -0.884931
131.4 1.99984 -0.819171
131.5 2.02195 -0.751788
131.6 2.01778 -0.684181
131.7 2.00298 -0.616923
131.8 1.98378 -0.550245
131.9 1.96258 -0.484248
132 1.94032 -0.41898
132.1 1.91736 -0.354468
132.2 1.89383 -0.290734
132.3 1.86977 -0.227796
132.4 1.84516 -0.165671
132.5 1.82 -0.104379
132.6 1.79423 -0.0439387
132.7 1.76783 0.0156295
132.8 1.74074 0.0743034
132.9 1.7129 0.132059
133 1.68426 0.18887
133.1 1.65474 0.244709
133.2 1.62426 0.299545
133.3 1.59271 0.353343
133.4 1.55999 0.406068
133.5 1.52597 0.457676
133.6 1.49047 0.508123
133.7 1.45333 0.557355
133.8 1.41429 0.605315
133.9 1.37309 0.651933
134 1.32938 0.697133
134.1 1.28271 0.740822
134.2 1.23252 0.782894
134.3 1.17809 0.823218
134.4 1.11844 0.861638
134.5 1.05227 0.897958
134.6 0.97776 0.931931
134.7 0.892329 0.963239
134.8 0.792217 0.991456
134.9 0.671789 1.016
135 0.522415 1.03607
135.1 0.330772 1.05048
135.2 0.0769771 1.05751
135.3 -0.264245 1.05465
135.4 -0.70711 1.03867
135.5 -1.206 1.00668
135.6 -1.62953 0.958848
135.7 -1.88035 0.899632
135.8 -1.98776 0.83461
135.9 -2.02006 0.767432
136 -2.02005 0.699806
136.1 -2.00694 0.632439
136.2 -1.98845 0.565616
136.3 -1.9676 0.499456
136.4 -1.94554 0.434016
136.5 -1.92273 0.369327
136.6 -1.89933 0.305411
136.7 -1.87538 0.242287
136.8 -1.85091 0.179973
136.9 -1.82587 0.118487
137 -1.80025 0.0578472
137.1 -1.774 -0.00192485
137.2 -1.74707 -0.0608077
137.3 -1.71941 -0.118778
137.4 -1.69096 -0.17581
137.5 -1.66165 -0.231877
137.6 -1.6314 -0.286947
137.7 -1.60011 -0.340989
137.8 -1.56767 -0.393966
137.9 -1.53396 -0.445836
138 -1.49883 -0.496556
138.1 -1.46208 -0.546075
138.2 -1.42351 -0.594334
138.3 -1.38284 -0.641269
138.4 -1.33974 -0.686805
138.5 -1.2938 -0.730853
138.6 -1.24448 -0.773309
138.7 -1.19111 -0.814051
138.8 -1.13277 -0.852927
138.9 -1.06825 -0.889753
139 -0.995862 -0.924294
139.1 -0.91324 -0.956252
139.2 -0.816944 -0.985229
139.3 -0.701852 -1.01069
139.4 -0.560157 -1.03188
139.5 -0.3798 -1.04773
139.6 -0.142526 -1.05665
139.7 0.176273 -1.05635
139.8 0.596441 -1.04372
139.9 1.09164 -1.01557
140 1.54549 -0.971142
140.1 1.83764 -0.914033
140.2 1.97179 -0.849942
140.3 2.01654 -0.783056
140.4 2.02166 -0.715447
140.5 2.01062 -0.647985
140.6 1.99301 -0.581022
140.7 1.97256 -0.514702
140.8 1.95072 -0.449092
140.9 1.92806 -0.384227
141 1.90479 -0.320131
141.1 1.88097 -0.256822
141.2 1.85662 -0.194319
141.3 1.83172 -0.132639
141.4 1.80623 -0.071802
141.5 1.78013 -0.0118274
141.6 1.75336 0.0472632
141.7 1.72588 0.105447
141.8 1.69762 0.162698
141.9 1.66852 0.218991
142 1.63849 0.274295
142.1 1.60745 0.328578
142.2 1.57529 0.381804
142.3 1.54188 0.433935
142.4 1.50709 0.484925
142.5 1.47074 0.534726
142.6 1.43261 0.583283
142.7 1.39245 0.630531
142.8 1.34995 0.676397
142.9 1.30471 0.720798
143 1.25623 0.763633
143.1 1.20386 0.804784
143.2 1.14677 0.844106
143.3 1.08381 0.881425
143.4 1.01342 0.916519
143.5 0.933427 0.949106
143.6 0.840676 0.978814
143.7 0.730509 1.00515
143.8 0.595855 1.02741
143.9 0.425811 1.04461
144 0.203708 1.05531
144.1 -0.0939033 1.0574
144.2 -0.49026 1.04792
144.3 -0.975152 1.02357
144.4 -1.45208 0.982748
144.5 -1.78621 0.92807
144.6 -1.95118 0.865134
144.7 -2.01101 0.798646
144.8 -2.02246 0.731098
144.9 -2.01398 0.663559
145 -1.99742 0.596463
145.1 -1.97744 0.529986
145.2 -1.95586 0.464208
145.3 -1.93336 0.399168
145.4 -1.91022 0.334893
145.5 -1.88653 0.2714
145.6 -1.8623 0.208709
145.7 -1.83753 0.146837
145.8 -1.81218 0.0858031
145.9 -1.78623 0.025627
146 -1.75962 -0.0336701
146.1 -1.73231 -0.0920657
146.2 -1.70423 -0.149535
146.3 -1.67533 -0.206052
146.4 -1.64552 -0.261588
146.5 -1.61473 -0.31611
146.6 -1.58283 -0.369584
146.7 -1.54973 -0.421972
146.8 -1.51527 -0.47323
146.9 -1.4793 -0.523312
147 -1.4416 -0.572161
147.1 -1.40194 -0.619718
147.2 -1.36001 -0.665911
147.3 -1.31544 -0.71066
147.4 -1.26777 -0.753867
147.5 -1.21637 -0.795419
147.6 -1.16046 -0.835179
147.7 -1.09897 -0.872979
147.8 -1.03047 -0.908611
147.9 -0.952937 -0.941807
148 -0.863485 -0.97222
148.1 -0.75787 -0.999385
148.2 -0.629683 -1.02266
148.3 -0.469067 -1.04115
148.4 -0.260861 -1.05351
148.5 0.016936 -1.05782
148.6 0.38924 -1.05132
148.7 0.858522 -1.03067
148.8 1.3504 -0.993597
148.9 1.72532 -0.94167
149 1.92503 -0.880146
149.1 2.00302 -0.814186
149.2 2.02226 -0.746752
149.3 2.01693 -0.679157
149.4 2.00166 -0.611937
149.5 1.98225 -0.545308
149.6 1.96095 -0.479364
149.7 1.93863 -0.414151
149.8 1.91563 -0.349696
149.9 1.89206 -0.286021
150 1.86796 -0.223143
150.1 1.84331 -0.161079
150.2 1.8181 -0.09985
150.3 1.79229 -0.0394737
150.4 1.76584 0.0200288
150.5 1.73869 0.0786351
150.6 1.7108 0.136321
150.7 1.68209 0.193061
150.8 1.6525 0.248826
150.9 1.62194 0.303586
151 1.59032 0.357306
151.1 1.55751 0.409949
151.2 1.52338 0.461473
151.3 1.48777 0.511831
151.4 1.45049 0.560971
151.5 1.41131 0.608832
151.6 1.36993 0.655348
151.7 1.32601 0.700439
151.8 1.2791 0.744012
151.9 1.22863 0.785958
152 1.17384 0.826146
152.1 1.11376 0.864417
152.2 1.04704 0.900572
152.3 0.971814 0.934359
152.4 0.885438 0.965452
152.5 0.784037 0.993418
152.6 0.661798 1.01766
152.7 0.509806 1.03736
152.8 0.314311 1.05128
152.9 0.0549025 1.05767
153 -0.293759 1.05396
153.1 -0.743517 1.03687
153.2 -1.242 1.00363
153.3 -1.65447 0.954759
153.4 -1.89239 0.894932
153.5 -1.99203 0.829653
153.6 -2.02083 0.7624
153.7 -2.01938 0.694777
153.8 -2.00569 0.627443
153.9 -1.98696 0.560666
154 -1.96599 0.494559
154.1 -1.94386 0.429174
154.2 -1.921 0.364542
154.3 -1.89756 0.300684
154.4 -1.87358 0.23762
154.5 -1.84906 0.175367
154.6 -1.82399 0.113943
154.7 -1.79832 0.0533671
154.8 -1.77202 -0.00633949
154.9 -1.74504 -0.0651552
155 -1.71732 -0.123057
155.1 -1.68881 -0.180018
155.2 -1.65943 -0.236011
155.3 -1.62911 -0.291006
155.4 -1.59774 -0.34497
155.5 -1.56521 -0.397866
155.6 -1.5314 -0.449653
155.7 -1.49615 -0.500285
155.8 -1.45927 -0.549712
155.9 -1.42056 -0.597875
156 -1.37972 -0.644709
156.1 -1.33642 -0.690137
156.2 -1.29025 -0.73407
156.3 -1.24066 -0.776403
156.4 -1.18695 -0.817011
156.5 -1.1282 -0.855742
156.6 -1.06315 -0.892406
156.7 -0.990099 -0.926767
156.8 -0.906594 -0.958518
156.9 -0.809101 -0.987253
157 -0.692339 -1.01242
157.1 -0.548245 -1.03326
157.2 -0.364368 -1.04866
157.3 -0.121929 -1.05698
157.4 0.20396 -1.05588
157.5 0.6316 -1.04219
157.6 1.12876 -1.01281
157.7 1.57359 -0.967258
157.8 1.85229 -0.909436
157.9 1.9774 -0.845023
158 2.01787 -0.778032
158.1 2.02122 -0.710414
158.2 2.00947 -0.64298
158.3 1.99156 -0.576061
158.4 1.97097 -0.509792
158.5 1.94906 -0.444237
158.6 1.92635 -0.379429
158.7 1.90303 -0.31539
158.8 1.87918 -0.252141
158.9 1.85478 -0.189698
159 1.82984 -0.128081
159.1 1.80431 -0.0673071
159.2 1.77816 -0.00739751
159.3 1.75134 0.0516264
159.4 1.7238 0.109741
159.5 1.69548 0.166923
159.6 1.66631 0.223143
159.7 1.63621 0.278372
159.8 1.60509 0.332577
159.9 1.57284 0.385724
160 1.53934 0.437771
160.1 1.50444 0.488674
160.2 1.46796 0.538385
160.3 1.42969 0.586846
160.4 1.38937 0.633994
160.5 1.34668 0.679755
160.6 1.30122 0.724042
160.7 1.25247 0.766756
160.8 1.19979 0.807776
160.9 1.1423 0.846956
161 1.07885 0.884118
161.1 1.00783 0.919036
161.2 0.927008 0.951422
161.3 0.833144 0.980898
161.4 0.721435 1.00695
161.5 0.584581 1.02888
161.6 0.41132 1.04565
161.7 0.184479 1.0558
161.8 -0.119805 1.05713
161.9 -0.523886 1.04666
162 -1.01274 1.0211
162.1 -1.4831 0.979093
162.2 -1.80376 0.923597
162.3 -1.95837 0.860264
162.4 -2.01303 0.793635
162.5 -2.0223 0.726062
162.6 -2.01294 0.658546
162.7 -1.99602 0.591491
162.8 -1.97588 0.525064
162.9 -1.95421 0.45934
163 -1.93166 0.394357
163.1 -1.90848 0.330138
163.2 -1.88474 0.266705
163.3 -1.86048 0.204074
163.4 -1.83566 0.142264
163.5 -1.81027 0.0812933
163.6 -1.78427 0.0211819
163.7 -1.75761 -0.0380489
163.8 -1.73024 -0.0963765
163.9 -1.70211 -0.153776
164 -1.67314 -0.210221
164.1 -1.64327 -0.265682
164.2 -1.61239 -0.320128
164.3 -1.58041 -0.373522
164.4 -1.54721 -0.425828
164.5 -1.51265 -0.477
164.6 -1.47655 -0.526991
164.7 -1.43872 -0.575747
164.8 -1.3989 -0.623205
164.9 -1.35679 -0.669294
165 -1.31201 -0.713931
165.1 -1.26408 -0.757019
165.2 -1.21237 -0.798442
165.3 -1.15609 -0.838063
165.4 -1.09413 -0.875709
165.5 -1.02504 -0.91117
165.6 -0.94673 -0.944172
165.7 -0.856243 -0.974361
165.8 -0.749201 -1.00126
165.9 -0.618994 -1.02422
166 -0.455435 -1.0423
166.1 -0.242892 -1.05414
166.2 0.041126 -1.05775
166.3 0.421151 -1.05031
166.4 0.89595 -1.02848
166.5 1.38393 -0.990193
166.6 1.74598 -0.937346
166.7 1.9341 -0.875338
166.8 2.00589 -0.809193
166.9 2.02245 -0.741715
167 2.01603 -0.674136
167.1 2.00032 -0.606955
167.2 1.98071 -0.540374
167.3 1.95932 -0.474483
167.4 1.93694 -0.409326
167.5 1.91389 -0.344929
167.6 1.89028 -0.281312
167.7 1.86614 -0.218494
167.8 1.84145 -0.156492
167.9 1.8162 -0.0953255
168 1.79034 -0.0350135
168.1 1.76384 0.0244231
168.2 1.73664 0.0829617
168.3 1.70869 0.140578
168.4 1.67992 0.197247
168.5 1.65026 0.252938
168.6 1.61963 0.307622
168.7 1.58792 0.361263
168.8 1.55501 0.413824
168.9 1.52078 0.465263
169 1.48505 0.515532
169.1 1.44764 0.564579
169.2 1.4083 0.612343
169.3 1.36675 0.658755
169.4 1.32263 0.703736
169.5 1.27548 0.747192
169.6 1.22471 0.789012
169.7 1.16957 0.829064
169.8 1.10904 0.867184
169.9 1.04176 0.903172
170 0.965806 0.936771
170.1 0.878464 0.967648
170.2 0.775742 0.99536
170.3 0.651643 1.0193
170.4 0.49696 1.03861
170.5 0.297499 1.05205
170.6 0.0323296 1.05778
170.7 -0.323862 1.05319
170.8 -0.780246 1.03497
170.9 -1.2775 1.0005
171 -1.67836 0.950608
171.1 -1.90366 0.890202
171.2 -1.99593 0.824686
171.3 -2.02144 0.757366
171.4 -2.01865 0.689749
171.5 -2.00442 0.622451
171.6 -1.98546 0.555721
171.7 -1.96437 0.489665
171.8 -1.94218 0.424336
171.9 -1.91928 0.359761
172 -1.89579 0.295962
172.1 -1.87177 0.232957
172.2 -1.84721 0.170765
172.3 -1.82209 0.109403
172.4 -1.79638 0.0488919
172.5 -1.77003 -0.0107492
172.6 -1.743 -0.0694977
172.7 -1.71523 -0.12733
172.8 -1.68666 -0.18422
172.9 -1.65721 -0.24014
173 -1.62681 -0.29506
173.1 -1.59536 -0.348946
173.2 -1.56274 -0.40176
173.3 -1.52883 -0.453462
173.4 -1.49346 -0.504007
173.5 -1.45646 -0.553342
173.6 -1.41759 -0.601408
173.7 -1.37658 -0.64814
173.8 -1.33309 -0.69346
173.9 -1.28669 -0.737278
174 -1.23681 -0.779487
174.1 -1.18276 -0.819962
174.2 -1.12359 -0.858545
174.3 -1.05802 -0.895047
174.4 -0.984278 -0.929225
174.5 -0.89987 -0.960766
174.6 -0.801152 -0.989258
174.7 -0.682676 -1.01414
174.8 -0.536116 -1.03461
174.9 -0.348614 -1.04954
175 -0.100868 -1.05726
175.1 0.232231 -1.05534
175.2 0.667196 -1.04057
175.3 1.1656 -1.00995
175.4 1.6007 -0.963306
175.5 1.86607 -0.904804
175.6 1.98255 -0.84009
175.7 2.01901 -0.773005
175.8 2.0207 -0.705381
175.9 2.00828 -0.637978
176 1.99009 -0.571104
176.1 1.96937 -0.504887
176.2 1.94739 -0.439386
176.3 1.92463 -0.374634
176.4 1.90128 -0.310654
176.5 1.87738 -0.247464
176.6 1.85295 -0.185082
176.7 1.82796 -0.123527
176.8 1.80239 -0.0628169
176.9 1.77619 -0.0029725
177 1.74932 0.0559846
177.1 1.72172 0.114031
177.2 1.69334 0.171142
177.3 1.66411 0.227289
177.4 1.63393 0.282443
177.5 1.60273 0.336571
177.6 1.5704 0.389637
177.7 1.5368 0.4416
177.8 1.50178 0.492417
177.9 1.46518 0.542037
178 1.42676 0.590402
178.1 1.38628 0.637449
178.2 1.3434 0.683104
178.3 1.29771 0.727278
178.4 1.2487 0.76987
178.5 1.19569 0.810758
178.6 1.1378 0.849795
178.7 1.07384 0.886798
178.8 1.00218 0.921538
178.9 0.920518 0.953722
179 0.825515 0.982963
179.1 0.712224 1.00874
179.2 0.573109 1.03032
179.3 0.396535 1.04666
179.4 0.164821 1.05623
179.5 -0.146273 1.0568
179.6 -0.55803 1.04531
179.7 -1.05025 1.01853
179.8 -1.51322 0.975362
179.9 -1.82035 0.919083
180 -1.96502 0.855376
180.1 -2.01482 0.788619
180.2 -2.02205 0.721026
180.3 -2.01186 0.653535
180.4 -1.9946 0.586523
180.5 -1.97431 0.520146
180.6 -1.95256 0.454476
180.7 -1.92996 0.389549
180.8 -1.90673 0.325389
180.9 -1.88296 0.262014
181 -1.85865 0.199444
181.1 -1.83379 0.137696
181.2 -1.80836 0.0767882
181.3 -1.78231 0.0167417
181.4 -1.7556 -0.0424227
181.5 -1.72818 -0.100682
181.6 -1.69998 -0.158012
181.7 -1.67095 -0.214384
181.8 -1.641 -0.269771
181.9 -1.61005 -0.324139
182 -1.57799 -0.377454
182.1 -1.54469 -0.429677
182.2 -1.51002 -0.480763
182.3 -1.4738 -0.530665
182.4 -1.43583 -0.579326
182.5 -1.39585 -0.626684
182.6 -1.35355 -0.672668
182.7 -1.30856 -0.717193
182.8 -1.26036 -0.760161
182.9 -1.20835 -0.801456
183 -1.15168 -0.840936
183.1 -1.08926 -0.878428
183.2 -1.01956 -0.913715
183.3 -0.940457 -0.946521
183.4 -0.84891 -0.976484
183.5 -0.740406 -1.00312
183.6 -0.608121 -1.02575
183.7 -0.441536 -1.04341
183.8 -0.224529 -1.05472
183.9 0.0658571 -1.05762
184 0.453629 -1.04922
184.1 0.933492 -1.02621
184.2 1.41671 -0.986706
184.3 1.76562 -0.932972
184.4 1.94254 -0.870509
184.5 2.00847 -0.804193
184.6 2.02252 -0.736679
184.7 2.01508 -0.669117
184.8 1.99895 -0.601976
184.9 1.97917 -0.535444
185 1.95768 -0.469607
185.1 1.93525 -0.404505
185.2 1.91215 -0.340165
185.3 1.8885 -0.276607
185.4 1.86432 -0.213849
185.5 1.83959 -0.151909
185.6 1.8143 -0.0908057
185.7 1.78839 -0.0305581
185.8 1.76184 0.0288124
185.9 1.73459 0.0872833
186 1.70658 0.14483
186.1 1.67775 0.201427
186.2 1.64802 0.257044
186.3 1.61731 0.311652
186.4 1.58551 0.365214
186.5 1.55251 0.417693
186.6 1.51817 0.469046
186.7 1.48233 0.519226
186.8 1.44478 0.56818
186.9 1.40529 0.615846
187 1.36356 0.662154
187.1 1.31923 0.707025
187.2 1.27183 0.750363
187.3 1.22077 0.792057
187.4 1.16526 0.831971
187.5 1.10429 0.86994
187.6 1.03643 0.905759
187.7 0.959737 0.939168
187.8 0.871406 0.969827
187.9 0.767331 0.997281
188 0.641321 1.02091
188.1 0.483868 1.03983
188.2 0.280325 1.05277
188.3 0.00924752 1.05783
188.4 -0.354553 1.05235
188.5 -0.817252 1.03298
188.6 -1.31243 0.997271
188.7 -1.70121 0.946399
188.8 -1.91419 0.885446
188.9 -1.99948 0.819709
189 -2.02191 0.752332
189.1 -2.01787 0.684724
189.2 -2.00312 0.617462
189.3 -1.98394 0.550779
189.4 -1.96275 0.484776
189.5 -1.9405 0.419502
189.6 -1.91755 0.354984
189.7 -1.89402 0.291243
189.8 -1.86996 0.228299
189.9 -1.84536 0.166168
190 -1.8202 0.104869
190.1 -1.79444 0.0444214
190.2 -1.76804 -0.0151539
190.3 -1.74096 -0.0738351
190.4 -1.71313 -0.131598
190.5 -1.68449 -0.188417
190.6 -1.65498 -0.244264
190.7 -1.6245 -0.299108
190.8 -1.59297 -0.352915
190.9 -1.56026 -0.405648
191 -1.52624 -0.457266
191.1 -1.49077 -0.507722
191.2 -1.45363 -0.556964
191.3 -1.41462 -0.604934
191.4 -1.37344 -0.651564
191.5 -1.32974 -0.696775
191.6 -1.2831 -0.740477
191.7 -1.23294 -0.782562
191.8 -1.17855 -0.822901
191.9 -1.11895 -0.861337
192 -1.05283 -0.897675
192.1 -0.978398 -0.931668
192.2 -0.893068 -0.962999
192.3 -0.793094 -0.991243
192.4 -0.672859 -1.01582
192.5 -0.523763 -1.03593
192.6 -0.33253 -1.05039
192.7 -0.0793327 -1.05749
192.8 0.261092 -1.05472
192.9 0.703198 -1.03886
193 1.20208 -1.007
193.1 1.62678 -0.959287
193.2 1.879 -0.900138
193.3 1.98727 -0.835145
193.4 2.01996 -0.767975
193.5 2.02011 -0.70035
193.6 2.00707 -0.632979
193.7 1.98861 -0.566151
193.8 1.96777 -0.499985
193.9 1.94572 -0.434539
194 1.92291 -0.369844
194.1 1.89952 -0.305922
194.2 1.87558 -0.242792
194.3 1.85111 -0.180471
194.4 1.82608 -0.118978
194.5 1.80046 -0.0583315
194.6 1.77421 0.00144759
194.7 1.74729 0.0603377
194.8 1.71964 0.118315
194.9 1.6912 0.175355
195 1.66189 0.23143
195.1 1.63165 0.286508
195.2 1.60037 0.340559
195.3 1.56794 0.393544
195.4 1.53424 0.445424
195.5 1.49911 0.496153
195.6 1.46238 0.545681
195.7 1.42383 0.593951
195.8 1.38317 0.640897
195.9 1.3401 0.686444
196 1.29418 0.730505
196.1 1.2449 0.772974
196.2 1.19156 0.81373
196.3 1.13326 0.852622
196.4 1.0688 0.889465
196.5 0.996481 0.924026
196.6 0.913954 0.956006
196.7 0.817785 0.985009
196.8 0.702871 1.0105
196.9 0.561431 1.03173
197 0.381448 1.04763
197.1 0.144724 1.05662
197.2 -0.173317 1.0564
197.3 -0.59267 1.04388
197.4 -1.08761 1.01587
197.5 -1.5424 0.971558
197.6 -1.836 0.914528
197.7 -1.97116 0.850473
197.8 -2.01638 0.783599
197.9 -2.0217 0.715991
198 -2.01075 0.648526
198.1 -1.99316 0.581558
198.2 -1.97273 0.515233
198.3 -1.9509 0.449617
198.4 -1.92825 0.384746
198.5 -1.90498 0.320643
198.6 -1.88116 0.257328
198.7 -1.85682 0.194818
198.8 -1.83192 0.133132
198.9 -1.80644 0.072288
199 -1.78034 0.0123063
199.1 -1.75358 -0.0467915
199.2 -1.7261 -0.104982
199.3 -1.69785 -0.162242
199.4 -1.66875 -0.218542
199.5 -1.63873 -0.273854
199.6 -1.6077 -0.328145
199.7 -1.57555 -0.38138
199.8 -1.54216 -0.43352
199.9 -1.50738 -0.48452
200 -1.47104 -0.534331
