0 2 0
0.1 1.96586 0.508785
0.2 1.91673 1.00686
0.3 1.85424 1.49058
0.4 1.77972 1.95672
0.5 1.69415 2.40232
0.6 1.59825 2.82464
0.7 1.49246 3.22109
0.8 1.37703 3.58918
0.9 1.25202 3.92644
1 1.11736 4.23041
1.1 0.972865 4.4986
1.2 0.818336 4.72846
1.3 0.653575 4.91739
1.4 0.478501 5.06274
1.5 0.293253 5.1619
1.6 0.098337 5.2123
1.7 -0.105206 5.21159
1.8 -0.315621 5.15776
1.9 -0.53028 5.04937
2 -0.745606 4.88576
2.1 -0.95713 4.66733
2.2 -1.15975 4.39569
2.3 -1.34815 4.0738
2.4 -1.51743 3.70596
2.5 -1.66361 3.29761
2.6 -1.78408 2.85503
2.7 -1.87769 2.385
2.8 -1.94473 1.89439
2.9 -1.9865 1.38986
3 -2.00501 0.877661
3.1 -2.00257 0.363447
3.2 -1.98151 -0.147707
3.3 -1.944 -0.651308
3.4 -1.8919 -1.14338
3.5 -1.82678 -1.6204
3.6 -1.74985 -2.07919
3.7 -1.66204 -2.51683
3.8 -1.56398 -2.93064
3.9 -1.45607 -3.31804
4 -1.33852 -3.67652
4.1 -1.21135 -4.00363
4.2 -1.07446 -4.29689
4.3 -0.927678 -4.55379
4.4 -0.770798 -4.77176
4.5 -0.603658 -4.9482
4.6 -0.426231 -5.08045
4.7 -0.23875 -5.16591
4.8 -0.0418572 -5.20208
4.9 0.163226 -5.18668
5 0.37452 -5.11784
5.1 0.589147 -4.99433
5.2 0.803288 -4.81575
5.3 1.01229 -4.58282
5.4 1.21096 -4.29751
5.5 1.39409 -3.96315
5.6 1.55697 -3.58433
5.7 1.69599 -3.16674
5.8 1.80894 -2.71683
5.9 1.89509 -2.24138
6 1.955 -1.74723
6.1 1.99022 -1.24093
6.2 2.00283 -0.728539
6.3 1.99516 -0.215568
6.4 1.96951 0.293084
6.5 1.92794 0.793077
6.6 1.87225 1.28057
6.7 1.80389 1.75212
6.8 1.724 2.20465
6.9 1.63341 2.63531
7 1.53269 3.04143
7.1 1.42219 3.42047
7.2 1.30206 3.76994
7.3 1.17228 4.08737
7.4 1.03274 4.37027
7.5 0.883245 4.61613
7.6 0.723599 4.82235
7.7 0.553669 4.98632
7.8 0.373492 5.10541
7.9 0.183401 5.17701
8 -0.0158137 5.19868
8.1 -0.222732 5.16824
8.2 -0.435133 5.08398
8.3 -0.649875 4.94489
8.4 -0.862887 4.75086
8.5 -1.06933 4.50294
8.6 -1.26397 4.20349
8.7 -1.44166 3.85621
8.8 -1.59799 3.46601
8.9 -1.72971 3.03883
9 -1.83504 2.58124
9.1 -1.91363 2.10008
9.2 -1.96637 1.60211
9.3 -1.99497 1.09375
9.4 -2.00162 0.580922
9.5 -1.98867 0.0689512
9.6 -1.95835 -0.437426
9.7 -1.91265 -0.934016
9.8 -1.85327 -1.4171
9.9 -1.78157 -1.88336
10 -1.69861 -2.32977
10.1 -1.60513 -2.75354
10.2 -1.50164 -3.15205
10.3 -1.38842 -3.52278
10.4 -1.26558 -3.86324
10.5 -1.13306 -4.17097
10.6 -0.990737 -4.44346
10.7 -0.838398 -4.67818
10.8 -0.675859 -4.87254
10.9 -0.503025 -5.02389
11 -0.320005 -5.12963
11.1 -0.127245 -5.18716
11.2 0.0743035 -5.19412
11.3 0.283007 -5.14845
11.4 0.496389 -5.04859
11.5 0.71104 -4.89377
11.6 0.922645 -4.68421
11.7 1.12621 -4.42131
11.8 1.31646 -4.10781
11.9 1.48843 -3.74777
12 1.63797 -3.34643
12.1 1.76225 -2.90995
12.2 1.8599 -2.445
12.3 1.93097 -1.95843
12.4 1.97661 -1.45693
12.5 1.99872 -0.946794
12.6 1.99954 -0.433767
12.7 1.98142 0.0769936
12.8 1.94652 0.580912
12.9 1.89677 1.07394
13 1.83375 1.55248
13.1 1.75875 2.0133
13.2 1.67272 2.45346
13.3 1.57635 2.87023
13.4 1.47007 3.261
13.5 1.3541 3.62328
13.6 1.22851 3.95459
13.7 1.09322 4.25246
13.8 0.948056 4.51437
13.9 0.792824 4.73778
14 0.62735 4.92007
14.1 0.451587 5.05862
14.2 0.265725 5.15079
14.3 0.0703363 5.19407
14.4 -0.133449 5.18614
14.5 -0.343771 5.12507
14.6 -0.557893 5.00952
14.7 -0.772133 4.83896
14.8 -0.981954 4.61393
14.9 -1.18223 4.33621
15 -1.36772 4.00892
15.1 -1.53362 3.63649
15.2 -1.67615 3.22445
15.3 -1.79287 2.77914
15.4 -1.88285 2.30732
15.5 -1.94648 1.81583
15.6 -1.98517 1.31126
15.7 -2.00094 0.799755
15.8 -1.99611 0.286897
15.9 -1.97297 -0.222327
16 -1.93364 -0.7235
16.1 -1.87994 -1.21271
16.2 -1.81338 -1.68648
16.3 -1.73514 -2.14165
16.4 -1.6461 -2.57537
16.5 -1.54685 -2.98494
16.6 -1.43778 -3.36779
16.7 -1.31906 -3.72144
16.8 -1.19071 -4.04341
16.9 -1.05261 -4.33122
17 -0.904587 -4.58236
17.1 -0.746436 -4.79425
17.2 -0.578014 -4.96427
17.3 -0.399327 -5.08979
17.4 -0.210658 -5.1682
17.5 -0.0127232 -5.19702
17.6 0.193158 -5.17404
17.7 0.404886 -5.09746
17.8 0.619454 -4.96616
17.9 0.832921 -4.77989
18 1.04054 -4.53952
18.1 1.2371 -4.24722
18.2 1.41743 -3.9065
18.3 1.57697 -3.52211
18.4 1.71228 -3.09987
18.5 1.82137 -2.64627
18.6 1.90371 -2.16813
18.7 1.96001 -1.67223
18.8 1.99191 -1.16508
18.9 2.00154 -0.652648
19 1.99123 -0.140354
19.1 1.96325 0.366986
19.2 1.91963 0.865105
19.3 1.86211 1.35022
19.4 1.79209 1.81897
19.5 1.71068 2.26827
19.6 1.61866 2.69533
19.7 1.51657 3.0975
19.8 1.40473 3.47223
19.9 1.28325 3.81705
20 1.15212 4.12948
20.1 1.0112 4.40704
20.2 0.860295 4.64719
20.3 0.699211 4.84735
20.4 0.527838 5.00488
20.5 0.346246 5.11716
20.6 0.154826 5.1816
20.7 -0.0455515 5.19579
20.8 -0.25336 5.1576
20.9 -0.46625 5.06542
21 -0.680944 4.91834
21.1 -0.893247 4.71642
21.2 -1.09824 4.46089
21.3 -1.29066 4.1543
21.4 -1.46545 3.80053
21.5 -1.61834 3.40466
21.6 -1.74627 2.97275
21.7 -1.84769 2.51141
21.8 -1.92244 2.0275
21.9 -1.97155 1.52774
22 -1.99683 1.01848
22.1 -2.00051 0.505566
22.2 -1.98492 -0.00577431
22.3 -1.95226 -0.510883
22.4 -1.90449 -1.00564
22.5 -1.84326 -1.48639
22.6 -1.76988 -1.94987
22.7 -1.68536 -2.39307
22.8 -1.59041 -2.81326
22.9 -1.4855 -3.20782
23 -1.37089 -3.57423
23.1 -1.24666 -3.91002
23.2 -1.11274 -4.21271
23.3 -0.968974 -4.47981
23.4 -0.815169 -4.70876
23.5 -0.651142 -4.89697
23.6 -0.476821 -5.0418
23.7 -0.292355 -5.14062
23.8 -0.0982532 -5.1909
23.9 0.104443 -5.19027
24 0.313988 -5.13675
24.1 0.527771 -5.02889
24.2 0.742245 -4.86604
24.3 0.952979 -4.64857
24.4 1.15491 -4.37808
24.5 1.34277 -4.05751
24.6 1.51167 -3.6911
24.7 1.65765 -3.28426
24.8 1.77808 -2.84322
24.9 1.87181 -2.37471
25 1.93907 -1.88558
25.1 1.98114 -1.38247
25.2 1.99999 -0.871593
25.3 1.99791 -0.358619
25.4 1.97721 0.151386
25.5 1.94003 0.653926
25.6 1.88825 1.14503
25.7 1.82342 1.62114
25.8 1.74675 2.0791
25.9 1.65918 2.51598
26 1.56134 2.92909
26.1 1.45363 3.31583
26.2 1.33626 3.67371
26.3 1.20926 4.00027
26.4 1.07254 4.29302
26.5 0.925923 4.54945
26.6 0.769203 4.76699
26.7 0.602226 4.94303
26.8 0.424969 5.07494
26.9 0.237669 5.1601
27 0.0409695 5.19602
27.1 -0.163904 5.18041
27.2 -0.37497 5.11143
27.3 -0.589356 4.98783
27.4 -0.803245 4.80924
27.5 -1.01199 4.57635
27.6 -1.21042 4.29115
27.7 -1.39332 3.95695
27.8 -1.556 3.57836
27.9 -1.69486 3.16104
28 -1.80769 2.71143
28.1 -1.89376 2.23631
28.2 -1.95363 1.74251
28.3 -1.98882 1.23656
28.4 -2.00143 0.724535
28.5 -1.99378 0.21192
28.6 -1.96815 -0.29638
28.7 -1.92661 -0.796027
28.8 -1.87094 -1.28318
28.9 -1.80261 -1.7544
29 -1.72273 -2.20661
29.1 -1.63216 -2.63694
29.2 -1.53146 -3.04275
29.3 -1.42098 -3.42147
29.4 -1.30085 -3.77063
29.5 -1.17108 -4.08775
29.6 -1.03154 -4.37035
29.7 -0.882042 -4.61589
29.8 -0.722394 -4.82181
29.9 -0.552464 -4.98547
30 -0.372289 -5.10424
30.1 -0.182207 -5.17554
30.2 0.0169906 -5.1969
30.3 0.223879 -5.16616
30.4 0.436232 -5.08162
30.5 0.650905 -4.94225
30.6 0.863826 -4.74797
30.7 1.07016 -4.49983
30.8 1.26465 -4.20018
30.9 1.4422 -3.85274
31 1.59836 -3.46243
31.1 1.72992 -3.03517
31.2 1.8351 -2.57755
31.3 1.91355 -2.09639
31.4 1.96615 -1.59845
31.5 1.99464 -1.09017
31.6 2.00121 -0.577434
31.7 1.98817 -0.0655801
31.8 1.95778 0.44066
31.9 1.91202 0.937098
32 1.85259 1.42002
32.1 1.78085 1.88609
32.2 1.69784 2.33231
32.3 1.60432 2.75588
32.4 1.50078 3.15418
32.5 1.38753 3.52469
32.6 1.26464 3.86491
32.7 1.13208 4.17239
32.8 0.989712 4.44463
32.9 0.837326 4.67908
33 0.674739 4.87315
33.1 0.501858 5.02422
33.2 0.318792 5.12964
33.3 0.125992 5.18687
33.4 -0.0755877 5.1935
33.5 -0.284309 5.14749
33.6 -0.49769 5.0473
33.7 -0.712316 4.89216
33.8 -0.923868 4.68227
33.9 -1.12735 4.41907
34 -1.31749 4.10528
34.1 -1.48931 3.745
34.2 -1.6387 3.34346
34.3 -1.76281 2.90681
34.4 -1.8603 2.44173
34.5 -1.93121 1.95509
34.6 -1.9767 1.45355
34.7 -1.99867 0.943407
34.8 -1.99937 0.430408
34.9 -1.98114 -0.0802955
35 -1.94616 -0.584132
35.1 -1.89632 -1.07706
35.2 -1.83323 -1.55547
35.3 -1.75817 -2.01615
35.4 -1.67208 -2.45616
35.5 -1.57565 -2.87275
35.6 -1.46931 -3.26333
35.7 -1.35329 -3.62541
35.8 -1.22764 -3.9565
35.9 -1.09229 -4.25414
36 -0.947065 -4.51581
36.1 -0.791772 -4.73895
36.2 -0.626237 -4.92097
36.3 -0.450413 -5.05922
36.4 -0.264492 -5.15108
36.5 -0.0690513 -5.19404
36.6 0.134777 -5.18578
36.7 0.345128 -5.12436
36.8 0.559257 -5.00846
36.9 0.773479 -4.83755
37 0.983249 -4.61218
37.1 1.18344 -4.33414
37.2 1.36882 -4.00656
37.3 1.53458 -3.63386
37.4 1.67694 -3.2216
37.5 1.7935 -2.7761
37.6 1.88331 -2.30415
37.7 1.94677 -1.81256
37.8 1.9853 -1.30794
37.9 2.00094 -0.796416
38 1.99599 -0.283575
38.1 1.97274 0.225604
38.2 1.93331 0.726705
38.3 1.87953 1.21582
38.4 1.8129 1.68947
38.5 1.73458 2.14451
38.6 1.64547 2.57808
38.7 1.54617 2.98747
38.8 1.43703 3.37014
38.9 1.31825 3.72359
39 1.18984 4.04535
39.1 1.05168 4.33293
39.2 0.90359 4.58382
39.3 0.745375 4.79545
39.4 0.576888 4.96519
39.5 0.398137 5.09041
39.6 0.209407 5.1685
39.7 0.0114171 5.197
39.8 -0.194508 5.17368
39.9 -0.406263 5.09675
40 -0.620836 4.96509
40.1 -0.834279 4.77847
40.2 -1.04184 4.53776
40.3 -1.23832 4.24514
40.4 -1.41852 3.90412
40.5 -1.57791 3.51947
40.6 -1.71306 3.09701
40.7 -1.82198 2.64323
40.8 -1.90414 2.16495
40.9 -1.96028 1.66897
41 -1.99203 1.16177
41.1 -2.00152 0.649321
41.2 -1.99109 0.137046
41.3 -1.96301 -0.370245
41.4 -1.91929 -0.86829
41.5 -1.86169 -1.35331
41.6 -1.7916 -1.82194
41.7 -1.71011 -2.27111
41.8 -1.61803 -2.69801
41.9 -1.51588 -3.10001
42 -1.40397 -3.47455
42.1 -1.28243 -3.81917
42.2 -1.15124 -4.13138
42.3 -1.01025 -4.40871
42.4 -0.859283 -4.64861
42.5 -0.698134 -4.8485
42.6 -0.526694 -5.00575
42.7 -0.345037 -5.11772
42.8 -0.153557 -5.18185
42.9 0.0468741 -5.1957
43 0.254723 -5.15717
43.1 0.467636 -5.06464
43.2 0.682328 -4.9172
43.3 0.8946 -4.71493
43.4 1.09953 -4.45906
43.5 1.29185 -4.15215
43.6 1.46651 -3.79808
43.7 1.61924 -3.40197
43.8 1.74701 -2.96984
43.9 1.84826 -2.50834
44 1.92284 -2.0243
44.1 1.97179 -1.52446
44.2 1.99692 -1.01517
44.3 2.00047 -0.502243
44.4 1.98475 0.00906979
44.5 1.95199 0.514123
44.6 1.90413 1.0088
44.7 1.84282 1.48945
44.8 1.76937 1.9528
44.9 1.68477 2.39587
45 1.58976 2.8159
45.1 1.48479 3.21028
45.2 1.37012 3.5765
45.3 1.24582 3.91208
45.4 1.11184 4.21455
45.5 0.96801 4.48141
45.6 0.814139 4.71011
45.7 0.650046 4.89805
45.8 0.475659 5.04259
45.9 0.291128 5.14111
46 0.0969672 5.19106
46.1 -0.10578 5.19009
46.2 -0.315361 5.13622
46.3 -0.529161 5.02801
46.4 -0.743626 4.8648
46.5 -0.95432 4.64698
46.6 -1.15617 4.37616
46.7 -1.34393 4.05528
46.8 -1.51269 3.68859
46.9 -1.65852 3.2815
47 -1.77877 2.84026
47.1 -1.87233 2.3716
47.2 -1.93942 1.88236
47.3 -1.98134 1.37918
47.4 -2.00004 0.868272
47.5 -1.99783 0.355302
47.6 -1.97702 -0.154668
47.7 -1.93974 -0.657147
47.8 -1.88787 -1.14816
47.9 -1.82296 -1.62417
48 -1.74622 -2.082
48.1 -1.65858 -2.51874
48.2 -1.56067 -2.93168
48.3 -1.45291 -3.31824
48.4 -1.33547 -3.67593
48.5 -1.20841 -4.00228
48.6 -1.07162 -4.2948
48.7 -0.92494 -4.55098
48.8 -0.768155 -4.76826
48.9 -0.601111 -4.94403
49 -0.423788 -5.07564
49.1 -0.236424 -5.1605
49.2 -0.0396677 -5.19608
49.3 0.165253 -5.18014
49.4 0.376351 -5.11081
49.5 0.590747 -4.98685
49.6 0.804618 -4.8079
49.7 1.01331 -4.57467
49.8 1.21166 -4.28914
49.9 1.39444 -3.95464
50 1.55698 -3.57577
50.1 1.69568 -3.15823
50.2 1.80834 -2.70843
50.3 1.89423 -2.23317
50.4 1.95393 -1.73927
50.5 1.98897 -1.23326
50.6 2.00145 -0.721213
50.7 1.99367 -0.208611
50.8 1.96793 0.299647
50.9 1.92629 0.799225
51 1.87054 1.28628
51.1 1.80212 1.75739
51.2 1.72218 2.20946
51.3 1.63154 2.63965
51.4 1.53078 3.04529
51.5 1.42023 3.42383
51.6 1.30004 3.77279
51.7 1.1702 4.08969
51.8 1.0306 4.37206
51.9 0.881041 4.61735
52 0.721327 4.823
52.1 0.55133 4.98639
52.2 0.371089 5.10486
52.3 0.180945 5.17584
52.4 -0.0183073 5.19687
52.5 -0.225239 5.16579
52.6 -0.437618 5.0809
52.7 -0.652294 4.94117
52.8 -0.865189 4.74653
52.9 -1.07146 4.49805
53 -1.26586 4.19808
53.1 -1.44328 3.85034
53.2 -1.5993 3.45977
53.3 -1.73069 3.0323
53.4 -1.83569 2.5745
53.5 -1.91397 2.09321
53.6 -1.96641 1.59519
53.7 -1.99475 1.08685
53.8 -2.00118 0.574111
53.9 -1.98803 0.0622796
54 -1.95753 -0.44391
54.1 -1.91168 -0.940272
54.2 -1.85217 -1.42309
54.3 -1.78035 -1.88905
54.4 -1.69727 -2.33513
54.5 -1.60368 -2.75855
54.6 -1.50008 -3.15667
54.7 -1.38676 -3.52699
54.8 -1.26381 -3.86701
54.9 -1.13119 -4.17427
55 -0.988758 -4.44627
55.1 -0.836306 -4.68047
55.2 -0.673653 -4.87427
55.3 -0.500705 -5.02505
55.4 -0.317574 -5.13017
55.5 -0.124714 -5.18708
55.6 0.0769183 -5.19338
55.7 0.285678 -5.14702
55.8 0.49908 -5.04647
55.9 0.713701 -4.89097
56 0.925217 -4.68074
56.1 1.12863 -4.41719
56.2 1.31867 -4.1031
56.3 1.49036 -3.74253
56.4 1.63958 -3.34074
56.5 1.76353 -2.90388
56.6 1.86084 -2.43865
56.7 1.93158 -1.95188
56.8 1.97691 -1.45027
56.9 1.99874 -0.940089
57 1.99931 -0.427089
57.1 1.98097 0.0835843
57.2 1.94588 0.587363
57.3 1.89595 1.0802
57.4 1.83279 1.55852
57.5 1.75765 2.01907
57.6 1.67149 2.45893
57.7 1.57499 2.87536
57.8 1.46859 3.26577
57.9 1.3525 3.62766
58 1.22679 3.95854
58.1 1.09138 4.25595
58.2 0.946092 4.51738
58.3 0.790733 4.74027
58.4 0.625132 4.92201
58.5 0.449242 5.05997
58.6 0.263257 5.15152
58.7 0.067757 5.19415
58.8 -0.13612 5.18555
58.9 -0.346505 5.12379
59 -0.560648 5.00753
59.1 -0.774856 4.83627
59.2 -0.984582 4.61055
59.3 -1.1847 4.33217
59.4 -1.36996 4.00428
59.5 -1.53558 3.63132
59.6 -1.67778 3.21882
59.7 -1.79416 2.77313
59.8 -1.8838 2.30102
59.9 -1.9471 1.80933
60 -1.98548 1.30464
60.1 -2.00097 0.793094
60.2 -1.99589 0.280261
60.3 -1.97253 -0.228878
60.4 -1.93301 -0.729914
60.5 -1.87914 -1.21894
60.6 -1.81242 -1.69248
60.7 -1.73404 -2.14739
60.8 -1.64486 -2.58081
60.9 -1.54549 -2.99004
61 -1.4363 -3.37253
61.1 -1.31745 -3.72578
61.2 -1.18898 -4.04732
61.3 -1.05075 -4.33468
61.4 -0.902599 -4.58532
61.5 -0.744318 -4.79668
61.6 -0.575764 -4.96614
61.7 -0.396946 -5.09107
61.8 -0.208154 -5.16885
61.9 -0.0101075 -5.19702
62 0.195863 -5.17335
62.1 0.407647 -5.09608
62.2 0.622227 -4.96406
62.3 0.835648 -4.77708
62.4 1.04316 -4.53603
62.5 1.23954 -4.24308
62.6 1.41963 -3.90176
62.7 1.57887 -3.51685
62.8 1.71385 -3.09416
62.9 1.8226 -2.6402
63 1.90459 -2.16179
63.1 1.96057 -1.66572
63.2 1.99216 -1.15846
63.3 2.00152 -0.645998
63.4 1.99097 -0.133741
63.5 1.96277 0.373503
63.6 1.91896 0.871476
63.7 1.86127 1.3564
63.8 1.79111 1.82491
63.9 1.70955 2.27395
64 1.6174 2.7007
64.1 1.51518 3.10252
64.2 1.40322 3.47688
64.3 1.28162 3.8213
64.4 1.15036 4.1333
64.5 1.00931 4.41039
64.6 0.858273 4.65004
64.7 0.697057 4.84966
64.8 0.525551 5.00662
64.9 0.343829 5.11829
65 0.152287 5.1821
65.1 -0.048198 5.19562
65.2 -0.256089 5.15675
65.3 -0.469025 5.06386
65.4 -0.683715 4.91607
65.5 -0.895956 4.71344
65.6 -1.10082 4.45723
65.7 -1.29304 4.15
65.8 -1.46758 3.79565
65.9 -1.62015 3.39928
66 -1.74775 2.96694
66.1 -1.84882 2.50527
66.2 -1.92324 2.02111
66.3 -1.97203 1.52119
66.4 -1.99701 1.01185
66.5 -2.00043 0.498922
66.6 -1.9846 -0.0123646
66.7 -1.95173 -0.517364
66.8 -1.90378 -1.01196
66.9 -1.84238 -1.49251
67 -1.76885 -1.95574
67.1 -1.68419 -2.39867
67.2 -1.58911 -2.81854
67.3 -1.48408 -3.21274
67.4 -1.36934 -3.57877
67.5 -1.24498 -3.91415
67.6 -1.11094 -4.2164
67.7 -0.967046 -4.48302
67.8 -0.81311 -4.71146
67.9 -0.64895 -4.89912
68 -0.474496 -5.04338
68.1 -0.289901 -5.14159
68.2 -0.0956807 -5.19122
68.3 0.107117 -5.18992
68.4 0.316735 -5.1357
68.5 0.530552 -5.02713
68.6 0.745008 -4.86356
68.7 0.955661 -4.64539
68.8 1.15744 -4.37424
68.9 1.34509 -4.05305
69 1.51372 -3.68608
69.1 1.65938 -3.27875
69.2 1.77947 -2.83731
69.3 1.87285 -2.36849
69.4 1.93977 -1.87914
69.5 1.98153 -1.37589
69.6 2.00009 -0.864952
69.7 1.99775 -0.351985
69.8 1.97682 0.15795
69.9 1.93945 0.660367
70 1.88749 1.15129
70.1 1.8225 1.6272
70.2 1.74569 2.0849
70.3 1.65798 2.52149
70.4 1.56001 2.93427
70.5 1.45218 3.32065
70.6 1.33468 3.67815
70.7 1.20756 4.00428
70.8 1.07071 4.29658
70.9 0.923958 4.55252
71 0.767107 4.76954
71.1 0.599996 4.94503
71.2 0.422607 5.07635
71.3 0.23518 5.16089
71.4 0.0383655 5.19615
71.5 -0.166602 5.17986
71.6 -0.377732 5.11018
71.7 -0.592138 4.98587
71.8 -0.805991 4.80656
71.9 -1.01464 4.57298
72 -1.2129 4.28712
72.1 -1.39556 3.95232
72.2 -1.55796 3.57319
72.3 -1.69649 3.15541
72.4 -1.80898 2.70542
72.5 -1.8947 2.23002
72.6 -1.95424 1.73603
72.7 -1.98912 1.22996
72.8 -2.00146 0.71789
72.9 -1.99356 0.205301
73 -1.9677 -0.302914
73.1 -1.92597 -0.802423
73.2 -1.87013 -1.28939
73.3 -1.80164 -1.76039
73.4 -1.72163 -2.21232
73.5 -1.63092 -2.64236
73.6 -1.5301 -3.04783
73.7 -1.41948 -3.42619
73.8 -1.29923 -3.77495
73.9 -1.16933 -4.09163
74 -1.02966 -4.37377
74.1 -0.88004 -4.61882
74.2 -0.720259 -4.8242
74.3 -0.550196 -4.9873
74.4 -0.36989 -5.10548
74.5 -0.179683 -5.17614
74.6 0.0196243 -5.19684
74.7 0.226599 -5.16542
74.8 0.439005 -5.08017
74.9 0.653683 -4.94009
75 0.866551 -4.7451
75.1 1.07276 -4.49627
75.2 1.26707 -4.19598
75.3 1.44436 -3.84795
75.4 1.60023 -3.45712
75.5 1.73146 -3.02943
75.6 1.83628 -2.57145
75.7 1.91439 -2.09003
75.8 1.96667 -1.59192
75.9 1.99486 -1.08354
76 2.00116 -0.570789
76.1 1.98789 -0.0589793
76.2 1.95728 0.44716
76.3 1.91134 0.943445
76.4 1.85174 1.42617
76.5 1.77984 1.89201
76.6 1.69669 2.33795
76.7 1.60304 2.76121
76.8 1.49938 3.15916
76.9 1.386 3.52929
77 1.26299 3.86911
77.1 1.1303 4.17615
77.2 0.987803 4.44791
77.3 0.835286 4.68186
77.4 0.672566 4.87539
77.5 0.499552 5.02588
77.6 0.316356 5.1307
77.7 0.123435 5.18728
77.8 -0.0782492 5.19325
77.9 -0.287048 5.14654
78 -0.50047 5.04564
78.1 -0.715085 4.88979
78.2 -0.926566 4.6792
78.3 -1.12991 4.41532
78.4 -1.31984 4.10091
78.5 -1.4914 3.74005
78.6 -1.64047 3.33801
78.7 -1.76424 2.90095
78.8 -1.86138 2.43556
78.9 -1.93195 1.94867
79 -1.97713 1.44698
79.1 -1.99881 0.93677
79.2 -1.99925 0.42377
79.3 -1.98079 -0.0868728
79.4 -1.9456 -0.590593
79.5 -1.89558 -1.08335
79.6 -1.83234 -1.56156
79.7 -1.75712 -2.02199
79.8 -1.6709 -2.46171
79.9 -1.57433 -2.87798
80 -1.46787 -3.26821
80.1 -1.35172 -3.6299
80.2 -1.22595 -3.96058
80.3 -1.09047 -4.25776
80.4 -0.945119 -4.51895
80.5 -0.789694 -4.74158
80.6 -0.624026 -4.92304
80.7 -0.448069 -5.06071
80.8 -0.262021 -5.15196
80.9 -0.0664624 -5.19426
81 0.137464 -5.18532
81.1 0.347883 -5.12321
81.2 0.562039 -5.0066
81.3 0.776234 -4.83498
81.4 0.985914 -4.60891
81.5 1.18595 -4.33021
81.6 1.3711 -4.00201
81.7 1.53658 -3.62877
81.8 1.67862 -3.21603
81.9 1.79483 -2.77015
82 1.88429 -2.29789
82.1 1.94742 -1.8061
82.2 1.98565 -1.30135
82.3 2.001 -0.789772
82.4 1.9958 -0.276948
82.5 1.97233 0.232153
82.6 1.9327 0.733123
82.7 1.87875 1.22206
82.8 1.81195 1.69549
82.9 1.7335 2.15027
83 1.64425 2.58354
83.1 1.54481 2.99261
83.2 1.43556 3.37491
83.3 1.31665 3.72797
83.4 1.18811 4.0493
83.5 1.04982 4.33642
83.6 0.901607 4.58682
83.7 0.74326 4.79792
83.8 0.574639 4.9671
83.9 0.395755 5.09172
84 0.2069 5.1692
84.1 0.00879761 5.19703
84.2 -0.197218 5.17303
84.3 -0.409031 5.0954
84.4 -0.623617 4.96303
84.5 -0.837016 4.77569
84.6 -1.04447 4.53429
84.7 -1.24076 4.24102
84.8 -1.42073 3.8994
84.9 -1.57982 3.51423
85 -1.71464 3.09132
85.1 -1.82321 2.63718
85.2 -1.90504 2.15863
85.3 -1.96085 1.66246
85.4 -1.99229 1.15515
85.5 -2.00151 0.642675
85.6 -1.99084 0.130435
85.7 -1.96254 -0.376762
85.8 -1.91863 -0.874661
85.9 -1.86086 -1.35949
86 -1.79061 -1.82788
86.1 -1.70899 -2.27678
86.2 -1.61677 -2.70338
86.3 -1.51449 -3.10504
86.4 -1.40246 -3.47921
86.5 -1.2808 -3.82342
86.6 -1.14948 -4.1352
86.7 -1.00836 -4.41206
86.8 -0.857262 -4.65146
86.9 -0.69598 -4.85081
87 -0.524407 -5.00749
87.1 -0.342619 -5.11886
87.2 -0.151016 -5.18235
87.3 0.0495222 -5.19554
87.4 0.257454 -5.15632
87.5 0.470413 -5.06308
87.6 0.685103 -4.91493
87.7 0.897312 -4.71195
87.8 1.10211 -4.4554
87.9 1.29424 -4.14785
88 1.46864 -3.79321
88.1 1.62106 -3.39659
88.2 1.74849 -2.96404
88.3 1.84939 -2.5022
88.4 1.92363 -2.01792
88.5 1.97226 -1.51791
88.6 1.9971 -1.00854
88.7 2.00038 -0.495602
88.8 1.98443 0.0156592
88.9 1.95146 0.520604
89 1.90342 1.01512
89.1 1.84194 1.49557
89.2 1.76834 1.95867
89.3 1.68361 2.40146
89.4 1.58846 2.82117
89.5 1.48337 3.21521
89.6 1.36857 3.58105
89.7 1.24415 3.91622
89.8 1.11004 4.21824
89.9 0.966082 4.48462
90 0.81208 4.71281
90.1 0.647854 4.9002
90.2 0.473334 5.04416
90.3 0.288674 5.14207
90.4 0.0943938 5.19138
90.5 -0.108455 5.18974
90.6 -0.318109 5.13517
90.7 -0.531943 5.02625
90.8 -0.746389 4.86233
90.9 -0.957001 4.64381
91 -1.15871 4.37232
91.1 -1.34624 4.05081
91.2 -1.51474 3.68357
91.3 -1.66024 3.27599
91.4 -1.78016 2.83435
91.5 -1.87337 2.36538
91.6 -1.94012 1.87592
91.7 -1.98172 1.3726
91.8 -2.00014 0.861631
91.9 -1.99768 0.348669
92 -1.97663 -0.161231
92.1 -1.93916 -0.663586
92.2 -1.88711 -1.15443
92.3 -1.82204 -1.63022
92.4 -1.74515 -2.0878
92.5 -1.65738 -2.52424
92.6 -1.55934 -2.93686
92.7 -1.45145 -3.32306
92.8 -1.33389 -3.68036
92.9 -1.2067 -4.00629
93 -1.06979 -4.29835
93.1 -0.922975 -4.55405
93.2 -0.766058 -4.77081
93.3 -0.59888 -4.94602
93.4 -0.421425 -5.07705
93.5 -0.233935 -5.16128
93.6 -0.037063 -5.19621
93.7 0.167952 -5.17958
93.8 0.379114 -5.10955
93.9 0.593529 -4.98489
94 0.807364 -4.80522
94.1 1.01596 -4.5713
94.2 1.21414 -4.28511
94.3 1.39668 -3.95
94.4 1.55893 -3.5706
94.5 1.69731 -3.1526
94.6 1.80962 -2.70242
94.7 1.89517 -2.22688
94.8 1.95454 -1.73278
94.9 1.98927 -1.22666
95 2.00147 -0.714567
95.1 1.99345 -0.201991
95.2 1.96748 0.30618
95.3 1.92565 0.80562
95.4 1.86973 1.29249
95.5 1.80116 1.76338
95.6 1.72108 2.21518
95.7 1.6303 2.64507
95.8 1.52941 3.05037
95.9 1.41873 3.42854
96 1.29842 3.7771
96.1 1.16846 4.09358
96.2 1.02873 4.37548
96.3 0.879038 4.62028
96.4 0.719191 4.8254
96.5 0.549061 4.98821
96.6 0.368689 5.10609
96.7 0.178421 5.17644
96.8 -0.0209417 5.19681
96.9 -0.22796 5.16504
97 -0.440391 5.07944
97.1 -0.655072 4.939
97.2 -0.867913 4.74366
97.3 -1.07406 4.49449
97.4 -1.26828 4.19388
97.5 -1.44545 3.84555
97.6 -1.60116 3.45446
97.7 -1.73222 3.02655
97.8 -1.83687 2.5684
97.9 -1.91481 2.08685
98 -1.96693 1.58866
98.1 -1.99497 1.08023
98.2 -2.00113 0.567467
98.3 -1.98774 0.0556793
98.4 -1.95703 -0.450409
98.5 -1.91099 -0.946618
98.6 -1.85131 -1.42924
98.7 -1.77934 -1.89496
98.8 -1.69612 -2.34076
98.9 -1.6024 -2.76387
99 -1.49868 -3.16165
99.1 -1.38523 -3.53159
99.2 -1.26216 -3.8712
99.3 -1.12941 -4.17802
99.4 -0.986848 -4.44955
99.5 -0.834266 -4.68324
99.6 -0.671479 -4.87651
99.7 -0.498398 -5.02671
99.8 -0.315138 -5.13122
99.9 -0.122156 -5.18749
100 0.0795804 -5.19312
100.1 0.288419 -5.14606
100.2 0.50186 -5.04481
100.3 0.71647 -4.8886
100.4 0.927914 -4.67766
100.5 1.13119 -4.41344
100.6 1.32102 -4.09871
100.7 1.49244 -3.73757
100.8 1.64136 -3.33529
100.9 1.76496 -2.89802
101 1.86192 -2.43246
101.1 1.93233 -1.94546
101.2 1.97734 -1.4437
101.3 1.99887 -0.933452
101.4 1.99919 -0.420451
101.5 1.98062 0.0901611
101.6 1.94532 0.593823
101.7 1.89522 1.0865
101.8 1.83189 1.5646
101.9 1.7566 2.02491
102 1.6703 2.46448
102.1 1.57367 2.88059
102.2 1.46715 3.27065
102.3 1.35094 3.63215
102.4 1.2251 3.96261
102.5 1.08956 4.25957
102.6 0.944145 4.52052
102.7 0.788655 4.74289
102.8 0.62292 4.92408
102.9 0.446897 5.06145
103 0.260784 5.15239
103.1 0.0651673 5.19437
103.2 -0.138808 5.18509
103.3 -0.349261 5.12263
103.4 -0.56343 5.00566
103.5 -0.777611 4.83369
103.6 -0.987246 4.60728
103.7 -1.1872 4.32824
103.8 -1.37224 3.99973
103.9 -1.53758 3.62621
104 -1.67946 3.21324
104.1 -1.7955 2.76717
104.2 -1.88479 2.29477
104.3 -1.94775 1.80286
104.4 -1.98582 1.29805
104.5 -2.00103 0.78645
104.6 -1.9957 0.273635
104.7 -1.97212 -0.235427
104.8 -1.9324 -0.736331
104.9 -1.87835 -1.22518
105 -1.81148 -1.69849
105.1 -1.73295 -2.15315
105.2 -1.64364 -2.58627
105.3 -1.54414 -2.99517
105.4 -1.43482 -3.3773
105.5 -1.31585 -3.73015
105.6 -1.18725 -4.05127
105.7 -1.0489 -4.33816
105.8 -0.900614 -4.58831
105.9 -0.742201 -4.79915
106 -0.573514 -4.96805
106.1 -0.394564 -5.09238
106.2 -0.205646 -5.16954
106.3 -0.00748738 -5.19705
106.4 0.198574 -5.1727
106.5 0.410415 -5.09472
106.6 0.625007 -4.96199
106.7 0.838383 -4.7743
106.8 1.04578 -4.53256
106.9 1.24199 -4.23896
107 1.42183 -3.89704
107.1 1.58078 -3.51161
107.2 1.71543 -3.08847
107.3 1.82383 -2.63415
107.4 1.90548 -2.15547
107.5 1.96113 -1.65921
107.6 1.99242 -1.15184
107.7 2.0015 -0.639353
107.8 1.99071 -0.12713
107.9 1.9623 0.38002
108 1.9183 0.877846
108.1 1.86044 1.36258
108.2 1.79012 1.83085
108.3 1.70842 2.27962
108.4 1.61614 2.70607
108.5 1.5138 3.10755
108.6 1.4017 3.48154
108.7 1.27998 3.82555
108.8 1.14859 4.13711
108.9 1.00742 4.41373
109 0.856251 4.65288
109.1 0.694902 4.85197
109.2 0.523262 5.00836
109.3 0.34141 5.11943
109.4 0.149745 5.1826
109.5 -0.0508468 5.19546
109.6 -0.25882 5.15589
109.7 -0.471802 5.0623
109.8 -0.686489 4.91379
109.9 -0.898667 4.71046
110 -1.1034 4.45357
110.1 -1.29543 4.1457
110.2 -1.4697 3.79077
110.3 -1.62197 3.3939
110.4 -1.74923 2.96114
110.5 -1.84996 2.49913
110.6 -1.92403 2.01472
110.7 -1.9725 1.51464
110.8 -1.99719 1.00522
110.9 -2.00034 0.492281
111 -1.98427 -0.0189535
111.1 -1.9512 -0.523843
111.2 -1.90306 -1.01828
111.3 -1.8415 -1.49863
111.4 -1.76783 -1.96161
111.5 -1.68303 -2.40426
111.6 -1.58781 -2.82381
111.7 -1.48265 -3.21767
111.8 -1.36779 -3.58332
111.9 -1.24331 -3.91828
112 -1.10914 -4.22009
112.1 -0.965118 -4.48623
112.2 -0.81105 -4.71416
112.3 -0.646757 -4.90128
112.4 -0.47217 -5.04495
112.5 -0.287446 -5.14255
112.6 -0.0931065 -5.19153
112.7 0.109793 -5.18956
112.8 0.319483 -5.13464
112.9 0.533334 -5.02536
113 0.74777 -4.86108
113.1 0.958342 -4.64222
113.2 1.15997 -4.37039
113.3 1.3474 -4.04858
113.4 1.51576 -3.68105
113.5 1.6611 -3.27324
113.6 1.78085 -2.8314
113.7 1.87389 -2.36227
113.8 1.94047 -1.8727
113.9 1.98191 -1.36931
114 2.00019 -0.858311
114.1 1.9976 -0.345352
114.2 1.97644 0.164513
114.3 1.93886 0.666805
114.4 1.88673 1.15756
114.5 1.82158 1.63325
114.6 1.74462 2.09069
114.7 1.65677 2.52699
114.8 1.55867 2.93945
114.9 1.45072 3.32547
115 1.3331 3.68258
115.1 1.20585 4.00829
115.2 1.06887 4.30013
115.3 0.921992 4.55558
115.4 0.765009 4.77208
115.5 0.597764 4.94702
115.6 0.420243 5.07775
115.7 0.232689 5.16166
115.8 0.0357601 5.19627
115.9 -0.169302 5.1793
116 -0.380495 5.10892
116.1 -0.59492 4.9839
116.2 -0.808737 4.80388
116.3 -1.01728 4.56961
116.4 -1.21537 4.28309
116.5 -1.3978 3.94768
116.6 -1.55991 3.56801
116.7 -1.69812 3.14978
116.8 -1.81026 2.69942
116.9 -1.89564 2.22373
117 -1.95484 1.72954
117.1 -1.98942 1.22336
117.2 -2.00148 0.711244
117.3 -1.99333 0.198682
117.4 -1.96726 -0.309447
117.5 -1.92533 -0.808816
117.6 -1.86932 -1.2956
117.7 -1.80068 -1.76637
117.8 -1.72052 -2.21804
117.9 -1.62968 -2.64777
118 -1.52872 -3.05291
118.1 -1.41799 -3.4309
118.2 -1.29761 -3.77926
118.3 -1.16759 -4.09551
118.4 -1.02779 -4.37718
118.5 -0.878036 -4.62173
118.6 -0.718123 -4.82659
118.7 -0.547926 -4.98912
118.8 -0.367489 -5.1067
118.9 -0.177158 -5.17673
119 0.0222593 -5.19677
119.1 0.229321 -5.16466
119.2 0.441778 -5.07871
119.3 0.656461 -4.93791
119.4 0.869275 -4.74222
119.5 1.07537 -4.4927
119.6 1.26949 -4.19177
119.7 1.44653 -3.84315
119.8 1.60209 -3.4518
119.9 1.73299 -3.02368
120 1.83746 -2.56535
120.1 1.91523 -2.08367
120.2 1.96719 -1.58539
120.3 1.99508 -1.07692
120.4 2.00111 -0.564145
120.5 1.9876 -0.0523795
120.6 1.95678 0.453658
120.7 1.91065 0.94979
120.8 1.85088 1.43231
120.9 1.77884 1.89791
121 1.69555 2.34358
121.1 1.60176 2.76653
121.2 1.49797 3.16414
121.3 1.38446 3.53389
121.4 1.26133 3.8733
121.5 1.12852 4.1799
121.6 0.985893 4.45119
121.7 0.833245 4.68463
121.8 0.670392 4.87762
121.9 0.497244 5.02754
122 0.313919 5.13175
122.1 0.120877 5.18769
122.2 -0.0809119 5.19298
122.3 -0.289789 5.14558
122.4 -0.50325 5.04398
122.5 -0.717854 4.88741
122.6 -0.929262 4.67612
122.7 -1.13246 4.41156
122.8 -1.32219 4.09652
122.9 -1.49348 3.7351
123 -1.64224 3.33256
123.1 -1.76567 2.89509
123.2 -1.86247 2.42937
123.3 -1.9327 1.94226
123.4 -1.97755 1.44042
123.5 -1.99894 0.930133
123.6 -1.99913 0.417132
123.7 -1.98044 -0.093449
123.8 -1.94504 -0.597052
123.9 -1.89485 -1.08964
124 -1.83144 -1.56764
124.1 -1.75607 -2.02782
124.2 -1.66971 -2.46725
124.3 -1.57302 -2.8832
124.4 -1.46642 -3.27308
124.5 -1.35015 -3.63439
124.6 -1.22426 -3.96465
124.7 -1.08865 -4.26138
124.8 -0.943171 -4.52208
124.9 -0.787615 -4.7442
125 -0.621813 -4.92511
125.1 -0.445724 -5.06219
125.2 -0.259547 -5.15282
125.3 -0.063872 -5.19448
125.4 0.140152 -5.18486
125.5 0.350639 -5.12205
125.6 0.564822 -5.00473
125.7 0.778989 -4.8324
125.8 0.988577 -4.60564
125.9 1.18845 -4.32626
126 1.37337 -3.99745
126.1 1.53857 -3.62366
126.2 1.68029 -3.21045
126.3 1.79616 -2.76419
126.4 1.88528 -2.29164
126.5 1.94808 -1.79963
126.6 1.98599 -1.29475
126.7 2.00106 -0.783128
126.8 1.9956 -0.270322
126.9 1.97191 0.238701
127 1.93209 0.739539
127.1 1.87796 1.2283
127.2 1.81101 1.7015
127.3 1.73241 2.15602
127.4 1.64303 2.589
127.5 1.54346 2.99773
127.6 1.43408 3.37968
127.7 1.31505 3.73233
127.8 1.18638 4.05324
127.9 1.04797 4.3399
128 0.899621 4.58981
128.1 0.741142 4.80038
128.2 0.572388 4.969
128.3 0.393373 5.09303
128.4 0.204392 5.16988
128.5 0.00617682 5.19706
128.6 -0.199929 5.17237
128.7 -0.4118 5.09403
128.8 -0.626397 4.96095
128.9 -0.839751 4.77291
129 -1.0471 4.53082
129.1 -1.24321 4.2369
129.2 -1.42293 3.89468
129.3 -1.58173 3.50898
129.4 -1.71622 3.08562
129.5 -1.82444 2.63112
129.6 -1.90592 2.1523
129.7 -1.9614 1.65595
129.8 -1.99254 1.14854
129.9 -2.00149 0.63603
130 -1.99058 0.123826
130.1 -1.96206 -0.383277
130.2 -1.91797 -0.88103
130.3 -1.86002 -1.36567
130.4 -1.78963 -1.83383
130.5 -1.70786 -2.28246
130.6 -1.61551 -2.70875
130.7 -1.5131 -3.11006
130.8 -1.40094 -3.48386
130.9 -1.27916 -3.82767
131 -1.14771 -4.13902
131.1 -1.00647 -4.41541
131.2 -0.855239 -4.6543
131.3 -0.693824 -4.85312
131.4 -0.522118 -5.00923
131.5 -0.3402 -5.12
131.6 -0.148474 -5.18285
131.7 0.0521717 -5.19537
131.8 0.260186 -5.15546
131.9 0.47319 -5.06151
132 0.687876 -4.91265
132.1 0.900022 -4.70897
132.2 1.10469 -4.45174
132.3 1.29662 -4.14355
132.4 1.47076 -3.78833
132.5 1.62288 -3.3912
132.6 1.74997 -2.95823
132.7 1.85052 -2.49606
132.8 1.92442 -2.01153
132.9 1.97273 -1.51136
133 1.99728 -1.0019
133.1 2.00029 -0.48896
133.2 1.98411 0.0222475
133.3 1.95093 0.527082
133.4 1.90271 1.02144
133.5 1.84107 1.50168
133.6 1.76731 1.96454
133.7 1.68244 2.40705
133.8 1.58717 2.82645
133.9 1.48194 3.22013
134 1.36702 3.58559
134.1 1.24247 3.92034
134.2 1.10824 4.22193
134.3 0.964153 4.48783
134.4 0.810019 4.7155
134.5 0.64566 4.90235
134.6 0.471007 5.04573
134.7 0.286218 5.14302
134.8 0.0918189 5.19168
134.9 -0.111131 5.18937
135 -0.320858 5.13411
135.1 -0.534725 5.02447
135.2 -0.749151 4.85984
135.3 -0.959682 4.64063
135.4 -1.16124 4.36846
135.5 -1.34856 4.04634
135.6 -1.51677 3.67853
135.7 -1.66196 3.27048
135.8 -1.78154 2.82844
135.9 -1.8744 2.35916
136 -1.94082 1.86947
136.1 -1.9821 1.36602
136.2 -2.00024 0.85499
136.3 -1.99752 0.342036
136.4 -1.97625 -0.167794
136.5 -1.93857 -0.670024
136.6 -1.88635 -1.16069
136.7 -1.82111 -1.63627
136.8 -1.74409 -2.09359
136.9 -1.65617 -2.52974
137 -1.55801 -2.94203
137.1 -1.44999 -3.32788
137.2 -1.3323 -3.68479
137.3 -1.20499 -4.01029
137.4 -1.06795 -4.3019
137.5 -0.921008 -4.55711
137.6 -0.763959 -4.77335
137.7 -0.596648 -4.94801
137.8 -0.41906 -5.07844
137.9 -0.231443 -5.16205
138 -0.0344569 -5.19633
138.1 0.170652 -5.17902
138.2 0.381877 -5.10829
138.3 0.596311 -4.98291
138.4 0.81011 -4.80254
138.5 1.0186 -4.56792
138.6 1.21661 -4.28107
138.7 1.39892 -3.94536
138.8 1.56089 -3.56542
138.9 1.69893 -3.14696
139 1.8109 -2.69641
139.1 1.8961 -2.22058
139.2 1.95514 -1.72629
139.3 1.98957 -1.22005
139.4 2.00149 -0.707922
139.5 1.99322 -0.195373
139.6 1.96704 0.312712
139.7 1.92502 0.812012
139.8 1.86892 1.2987
139.9 1.8002 1.76935
140 1.71997 2.22089
140.1 1.62906 2.65048
140.2 1.52804 3.05545
140.3 1.41724 3.43325
140.4 1.2968 3.78141
140.5 1.16671 4.09745
140.6 1.02685 4.37889
140.7 0.877033 4.62319
140.8 0.717054 4.82778
140.9 0.54679 4.99003
141 0.366288 5.10731
141.1 0.175895 5.17702
141.2 -0.0235773 5.19673
141.3 -0.230682 5.16428
141.4 -0.443165 5.07797
141.5 -0.65785 4.93682
141.6 -0.870636 4.74077
141.7 -1.07667 4.49092
141.8 -1.27069 4.18966
141.9 -1.44761 3.84075
142 -1.60302 3.44914
142.1 -1.73375 3.0208
142.2 -1.83805 2.5623
142.3 -1.91565 2.0805
142.4 -1.96744 1.58213
142.5 -1.99519 1.07361
142.6 -2.00108 0.560823
142.7 -1.98745 0.0490799
142.8 -1.95653 -0.456906
142.9 -1.91031 -0.952962
143 -1.85046 -1.43539
143.1 -1.77833 -1.90087
143.2 -1.69497 -2.34639
143.3 -1.60112 -2.76919
143.4 -1.49727 -3.16663
143.5 -1.3837 -3.53619
143.6 -1.2605 -3.87539
143.7 -1.12763 -4.18177
143.8 -0.984937 -4.45282
143.9 -0.832223 -4.68601
144 -0.669304 -4.87873
144.1 -0.49609 -5.02836
144.2 -0.312699 -5.13227
144.3 -0.119597 -5.18789
144.4 0.0822437 -5.19285
144.5 0.291159 -5.1451
144.6 0.50464 -5.04314
144.7 0.719238 -4.88621
144.8 0.93061 -4.67457
144.9 1.13374 -4.40968
145 1.32336 -4.09432
145.1 1.49452 -3.73262
145.2 1.64312 -3.32984
145.3 1.76639 -2.89216
145.4 1.863 -2.42628
145.5 1.93307 -1.93905
145.6 1.97776 -1.43714
145.7 1.99901 -0.926815
145.8 1.99907 -0.413813
145.9 1.98026 0.0967367
146 1.94476 0.600281
146.1 1.89448 1.09279
146.2 1.83099 1.57068
146.3 1.75555 2.03074
146.4 1.66912 2.47002
146.5 1.57236 2.88581
146.6 1.4657 3.27552
146.7 1.34937 3.63663
146.8 1.22341 3.96668
146.9 1.08774 4.26319
147 0.942197 4.52365
147.1 0.786574 4.7455
147.2 0.620706 4.92614
147.3 0.444551 5.06293
147.4 0.25831 5.15325
147.5 0.0625763 5.19459
147.6 -0.141497 5.18463
147.7 -0.352018 5.12147
147.8 -0.566213 5.00379
147.9 -0.780366 4.8311
148 -0.989909 4.60399
148.1 -1.1897 4.32429
148.2 -1.37451 3.99517
148.3 -1.53957 3.62111
148.4 -1.68113 3.20766
148.5 -1.79682 2.7612
148.6 -1.88577 2.28851
148.7 -1.9484 1.7964
148.8 -1.98616 1.29146
148.9 -2.00109 0.779806
149 -1.99551 0.267009
149.1 -1.97171 -0.241974
149.2 -1.93179 -0.742746
149.3 -1.87757 -1.23141
149.4 -1.81054 -1.70451
149.5 -1.73186 -2.1589
149.6 -1.64241 -2.59172
149.7 -1.54278 -3.00029
149.8 -1.43334 -3.38206
149.9 -1.31425 -3.73452
150 -1.18552 -4.05521
150.1 -1.04704 -4.34164
150.2 -0.898628 -4.5913
150.3 -0.740082 -4.80161
150.4 -0.571262 -4.96995
150.5 -0.392181 -5.09369
150.6 -0.203137 -5.17022
150.7 -0.00486592 -5.19707
150.8 0.201285 -5.17203
150.9 0.413184 -5.09335
151 0.627788 -4.95991
151.1 0.841118 -4.77151
151.2 1.04841 -4.52908
151.3 1.24443 -4.23483
151.4 1.42403 -3.89232
151.5 1.58268 -3.50635
151.6 1.717 -3.08277
151.7 1.82506 -2.62809
151.8 1.90636 -2.14914
151.9 1.96168 -1.65269
152 1.99267 -1.14523
152.1 2.00148 -0.632707
152.2 1.99045 -0.120521
152.3 1.96183 0.386534
152.4 1.91764 0.884214
152.5 1.85961 1.36876
152.6 1.78913 1.8368
152.7 1.7073 2.28529
152.8 1.61488 2.71143
152.9 1.51241 3.11257
153 1.40019 3.48619
153.1 1.27834 3.8298
153.2 1.14683 4.14092
153.3 1.00552 4.41708
153.4 0.854227 4.65572
153.5 0.692746 4.85427
153.6 0.520972 5.01009
153.7 0.338989 5.12056
153.8 0.147202 5.18309
153.9 -0.0534968 5.19528
154 -0.261552 5.15503
154.1 -0.474579 5.06073
154.2 -0.689263 4.91151
154.3 -0.901377 4.70748
154.4 -1.10598 4.44991
154.5 -1.29781 4.1414
154.6 -1.47182 3.78589
154.7 -1.62378 3.38851
154.8 -1.75071 2.95533
154.9 -1.85108 2.49298
155 -1.92482 2.00833
155.1 -1.97296 1.50809
155.2 -1.99736 0.998588
155.3 -2.00025 0.485639
155.4 -1.98395 -0.0255413
155.5 -1.95067 -0.530321
155.6 -1.90235 -1.0246
155.7 -1.84063 -1.50474
155.8 -1.7668 -1.96748
155.9 -1.68186 -2.40984
156 -1.58652 -2.82908
156.1 -1.48123 -3.22259
156.2 -1.36624 -3.58786
156.3 -1.24163 -3.92241
156.4 -1.10734 -4.22376
156.5 -0.963187 -4.48943
156.6 -0.808988 -4.71685
156.7 -0.644562 -4.90342
156.8 -0.469842 -5.04651
156.9 -0.28499 -5.1435
157 -0.0905309 -5.19184
157.1 0.112469 -5.18919
157.2 0.322233 -5.13358
157.3 0.536115 -5.02359
157.4 0.750532 -4.8586
157.5 0.961021 -4.63903
157.6 1.1625 -4.36654
157.7 1.34971 -4.0441
157.8 1.51779 -3.67601
157.9 1.66282 -3.26772
158 1.78222 -2.82548
158.1 1.87492 -2.35605
158.2 1.94116 -1.86625
158.3 1.98229 -1.36273
158.4 2.00029 -0.851669
158.5 1.99744 -0.33872
158.6 1.97606 0.171074
158.7 1.93828 0.673242
158.8 1.88596 1.16382
158.9 1.82065 1.63929
159 1.74355 2.09648
159.1 1.65557 2.53249
159.2 1.55734 2.94462
159.3 1.44925 3.33029
159.4 1.33151 3.687
159.5 1.20414 4.01229
159.6 1.06703 4.30367
159.7 0.920024 4.55864
159.8 0.762909 4.77462
159.9 0.595531 4.949
160 0.417877 5.07914
160.1 0.230197 5.16243
160.2 0.0331533 5.19638
160.3 -0.172003 5.17874
160.4 -0.383258 5.10765
160.5 -0.597702 4.98192
160.6 -0.811482 4.80119
160.7 -1.01993 4.56623
160.8 -1.21785 4.27905
160.9 -1.40004 3.94304
161 -1.56186 3.56283
161.1 -1.69974 3.14414
161.2 -1.81154 2.6934
161.3 -1.89657 2.21744
161.4 -1.95544 1.72304
161.5 -1.98972 1.21675
161.6 -2.0015 0.704599
161.7 -1.99311 0.192064
161.8 -1.96682 -0.315978
161.9 -1.9247 -0.815208
162 -1.86851 -1.3018
162.1 -1.79971 -1.77234
162.2 -1.71941 -2.22375
162.3 -1.62844 -2.65318
162.4 -1.52735 -3.05798
162.5 -1.41649 -3.4356
162.6 -1.29599 -3.78356
162.7 -1.16584 -4.09939
162.8 -1.02592 -4.38059
162.9 -0.87603 -4.62465
163 -0.715985 -4.82897
163.1 -0.545654 -4.99094
163.2 -0.365086 -5.10792
163.3 -0.174632 -5.17731
163.4 0.0248957 -5.19669
163.5 0.232043 -5.16389
163.6 0.444552 -5.07723
163.7 0.659239 -4.93573
163.8 0.871997 -4.73932
163.9 1.07797 -4.48913
164 1.2719 -4.18755
164.1 1.44869 -3.83834
164.2 1.60395 -3.44648
164.3 1.73451 -3.01792
164.4 1.83864 -2.55925
164.5 1.91606 -2.07731
164.6 1.9677 -1.57886
164.7 1.99529 -1.07029
164.8 2.00105 -0.557501
164.9 1.9873 -0.0457806
165 1.95628 0.460154
165.1 1.90996 0.956133
165.2 1.85003 1.43846
165.3 1.77783 1.90382
165.4 1.6944 2.34921
165.5 1.60048 2.77184
165.6 1.49656 3.16911
165.7 1.38293 3.53848
165.8 1.25967 3.87748
165.9 1.12674 4.18364
166 0.98398 4.45446
166.1 0.831201 4.68739
166.2 0.668215 4.87984
166.3 0.494935 5.02918
166.4 0.31148 5.13278
166.5 0.118317 5.18808
166.6 -0.0835758 5.19271
166.7 -0.29253 5.14462
166.8 -0.50603 5.0423
166.9 -0.720622 4.88502
167 -0.931957 4.67303
167.1 -1.13502 4.4078
167.2 -1.32454 4.09213
167.3 -1.49556 3.73013
167.4 -1.644 3.32711
167.5 -1.7671 2.88923
167.6 -1.86354 2.42319
167.7 -1.93344 1.93584
167.8 -1.97797 1.43385
167.9 -1.99907 0.923496
168 -1.999 0.410495
168.1 -1.98008 -0.100024
168.2 -1.94448 -0.603509
168.3 -1.89411 -1.09593
168.4 -1.83054 -1.57372
168.5 -1.75502 -2.03365
168.6 -1.66852 -2.47279
168.7 -1.5717 -2.88842
168.8 -1.46498 -3.27795
168.9 -1.34858 -3.63887
169 -1.22256 -3.96871
169.1 -1.08683 -4.26499
169.2 -0.941222 -4.52521
169.3 -0.785533 -4.74681
169.4 -0.619599 -4.92717
169.5 -0.443377 -5.06367
169.6 -0.257072 -5.15368
169.7 -0.0612802 -5.19469
169.8 0.142842 -5.18439
169.9 0.353396 -5.12088
170 0.567604 -5.00285
170.1 0.781742 -4.82981
170.2 0.991239 -4.60235
170.3 1.19095 -4.32231
170.4 1.37565 -3.99289
170.5 1.54057 -3.61855
170.6 1.68196 -3.20487
170.7 1.79749 -2.75822
170.8 1.88626 -2.28537
170.9 1.94872 -1.79316
171 1.98632 -1.28816
171.1 2.00112 -0.776484
171.2 1.99541 -0.263696
171.3 1.9715 0.245247
171.4 1.93148 0.745953
171.5 1.87717 1.23453
171.6 1.81006 1.70751
171.7 1.73132 2.16177
171.8 1.6418 2.59445
171.9 1.54211 3.00286
172 1.4326 3.38444
172.1 1.31345 3.7367
172.2 1.18465 4.05717
172.3 1.04611 4.34338
172.4 0.897634 4.59279
172.5 0.739023 4.80284
172.6 0.570135 4.9709
172.7 0.390988 5.09434
172.8 0.201882 5.17055
172.9 0.00355469 5.19708
173 -0.202641 5.1717
173.1 -0.414569 5.09266
173.2 -0.629178 4.95887
173.3 -0.842485 4.77012
173.4 -1.04972 4.52734
173.5 -1.24565 4.23277
173.6 -1.42513 3.88995
173.7 -1.58363 3.50373
173.8 -1.71779 3.07992
173.9 -1.82567 2.62506
174 -1.9068 2.14597
174.1 -1.96196 1.64944
174.2 -1.9928 1.14192
174.3 -2.00147 0.629384
174.4 -1.99032 0.117217
174.5 -1.96159 -0.389791
174.6 -1.9173 -0.887397
174.7 -1.85919 -1.37184
174.8 -1.78864 -1.83977
174.9 -1.70673 -2.28812
175 -1.61425 -2.71411
175.1 -1.51171 -3.11508
175.2 -1.39943 -3.48851
175.3 -1.27752 -3.83192
175.4 -1.14595 -4.14283
175.5 -1.00458 -4.41874
175.6 -0.853214 -4.65714
175.7 -0.691667 -4.85542
175.8 -0.519827 -5.01096
175.9 -0.337779 -5.12112
176 -0.14593 -5.18334
176.1 0.0548223 -5.19519
176.2 0.262918 -5.15459
176.3 0.475968 -5.05994
176.4 0.69065 -4.91036
176.5 0.902732 -4.70598
176.6 1.10727 -4.44807
176.7 1.299 -4.13924
176.8 1.47288 -3.78345
176.9 1.62469 -3.38581
177 1.75144 -2.95242
177.1 1.85165 -2.48991
177.2 1.92521 -2.00514
177.3 1.9732 -1.50481
177.4 1.99745 -0.995272
177.5 2.0002 -0.482319
177.6 1.98379 0.0288348
177.7 1.9504 0.533559
177.8 1.90199 1.02776
177.9 1.84019 1.5078
178 1.76628 1.97041
178.1 1.68127 2.41263
178.2 1.58587 2.83171
178.3 1.48051 3.22505
178.4 1.36547 3.59012
178.5 1.2408 3.92447
178.6 1.10643 4.2256
178.7 0.962221 4.49103
178.8 0.807957 4.71819
178.9 0.643464 4.90449
179 0.468678 5.04729
179.1 0.283761 5.14397
179.2 0.0892425 5.19198
179.3 -0.113808 5.189
179.4 -0.323608 5.13304
179.5 -0.537506 5.02269
179.6 -0.751913 4.85735
179.7 -0.96236 4.63743
179.8 -1.16376 4.3646
179.9 -1.35087 4.04186
180 -1.51881 3.67349
180.1 -1.66368 3.26496
180.2 -1.78291 2.82252
180.3 -1.87543 2.35293
180.4 -1.94151 1.86303
180.5 -1.98248 1.35944
180.6 -2.00033 0.848349
180.7 -1.99736 0.335404
180.8 -1.97586 -0.174355
180.9 -1.93798 -0.676459
181 -1.88558 -1.16695
181.1 -1.82019 -1.64232
181.2 -1.74302 -2.09938
181.3 -1.65497 -2.53524
181.4 -1.55667 -2.9472
181.5 -1.44852 -3.33269
181.6 -1.33072 -3.68921
181.7 -1.20328 -4.01429
181.8 -1.06611 -4.30545
181.9 -0.91904 -4.56017
182 -0.761858 -4.77588
182.1 -0.594414 -4.94998
182.2 -0.416694 -5.07983
182.3 -0.22895 -5.16281
182.4 -0.0318494 -5.19644
182.5 0.173354 -5.17845
182.6 0.38464 -5.10702
182.7 0.599092 -4.98093
182.8 0.812854 -4.79984
182.9 1.02125 -4.56453
183 1.21908 -4.27703
183.1 1.40116 -3.94071
183.2 1.56283 -3.56024
183.3 1.70055 -3.14131
183.4 1.81217 -2.6904
183.5 1.89703 -2.21429
183.6 1.95574 -1.7198
183.7 1.98986 -1.21345
183.8 2.00151 -0.701276
183.9 1.99299 -0.188755
184 1.96659 0.319243
184.1 1.92438 0.818403
184.2 1.86811 1.3049
184.3 1.79923 1.77533
184.4 1.71886 2.2266
184.5 1.62782 2.65588
184.6 1.52667 3.06052
184.7 1.41574 3.43795
184.8 1.29518 3.78571
184.9 1.16496 4.10132
185 1.02498 4.38229
185.1 0.875027 4.6261
185.2 0.714915 4.83016
185.3 0.544518 4.99184
185.4 0.363884 5.10852
185.5 0.173368 5.1776
185.6 -0.0262143 5.19665
185.7 -0.233405 5.16351
185.8 -0.445939 5.07649
185.9 -0.660627 4.93463
186 -0.873358 4.73788
186.1 -1.07927 4.48734
186.2 -1.2731 4.18544
186.3 -1.44977 3.83594
186.4 -1.60488 3.44382
186.5 -1.73527 3.01504
186.6 -1.83923 2.5562
186.7 -1.91648 2.07413
186.8 -1.96795 1.57559
186.9 -1.9954 1.06698
187 -2.00102 0.554179
187.1 -1.98716 0.0424815
187.2 -1.95603 -0.463401
187.3 -1.90961 -0.959304
187.4 -1.8496 -1.44153
187.5 -1.77732 -1.90677
187.6 -1.69382 -2.35202
187.7 -1.59984 -2.7745
187.8 -1.49586 -3.17159
187.9 -1.38216 -3.54078
188 -1.25884 -3.87957
188.1 -1.12584 -4.18551
188.2 -0.983024 -4.45609
188.3 -0.830179 -4.68877
188.4 -0.667127 -4.88095
188.5 -0.493779 -5.03
188.6 -0.31026 -5.1333
188.7 -0.117036 -5.18828
188.8 0.0849082 -5.19257
188.9 0.293901 -5.14413
189 0.50742 -5.04146
189.1 0.722006 -4.88382
189.2 0.933304 -4.67148
189.3 1.13629 -4.40591
189.4 1.32571 -4.08993
189.5 1.4966 -3.72765
189.6 1.64488 -3.32438
189.7 1.76781 -2.88629
189.8 1.86408 -2.42009
189.9 1.9338 -1.93263
190 1.97818 -1.43057
190.1 1.99914 -0.920177
190.2 1.99894 -0.407176
190.3 1.97991 0.103311
190.4 1.9442 0.606737
190.5 1.89374 1.09908
190.6 1.83008 1.57676
190.7 1.7545 2.03656
190.8 1.66793 2.47556
190.9 1.57104 2.89103
191 1.46426 3.28038
191.1 1.3478 3.64111
191.2 1.22171 3.97074
191.3 1.08592 4.2668
191.4 0.940246 4.52677
191.5 0.784492 4.74811
191.6 0.618491 4.9282
191.7 0.442203 5.06441
191.8 0.255834 5.15411
191.9 0.0599838 5.19479
192 -0.144187 5.18415
192.1 -0.354775 5.1203
192.2 -0.568995 5.0019
192.3 -0.783119 4.82851
192.4 -0.992569 4.6007
192.5 -1.1922 4.32034
192.6 -1.37679 3.9906
192.7 -1.54156 3.61599
192.8 -1.6828 3.20208
192.9 -1.79815 2.75524
193 -1.88674 2.28224
193.1 -1.94904 1.78993
193.2 -1.98649 1.28486
193.3 -2.00114 0.773162
193.4 -1.99531 0.260383
193.5 -1.97129 -0.24852
193.6 -1.93117 -0.749159
193.7 -1.87678 -1.23765
193.8 -1.80959 -1.71052
193.9 -1.73077 -2.16465
194 -1.64119 -2.59717
194.1 -1.54143 -3.00542
194.2 -1.43186 -3.38681
194.3 -1.31264 -3.73888
194.4 -1.18379 -4.05914
194.5 -1.04518 -4.34512
194.6 -0.89664 -4.59428
194.7 -0.737962 -4.80406
194.8 -0.569008 -4.97184
194.9 -0.389795 -5.09498
195 -0.200626 -5.17089
195.1 -0.00224312 -5.19708
195.2 0.203998 -5.17136
195.3 0.415953 -5.09197
195.4 0.630568 -4.95782
195.5 0.843852 -4.76872
195.6 1.05103 -4.5256
195.7 1.24687 -4.2307
195.8 1.42623 -3.88759
195.9 1.58458 -3.5011
196 1.71857 -3.07707
196.1 1.82628 -2.62203
196.2 1.90724 -2.14281
196.3 1.96224 -1.64618
196.4 1.99292 -1.13861
196.5 2.00146 -0.626062
196.6 1.99019 -0.113913
196.7 1.96135 0.393047
196.8 1.91697 0.89058
196.9 1.85877 1.37493
197 1.78814 1.84274
197.1 1.70616 2.29096
197.2 1.61361 2.71679
197.3 1.51102 3.11759
197.4 1.39867 3.49084
197.5 1.2767 3.83404
197.6 1.14506 4.14473
197.7 1.00363 4.42041
197.8 0.852201 4.65855
197.9 0.690587 4.85657
198 0.518681 5.01182
198.1 0.336567 5.12168
198.2 0.144658 5.18358
198.3 -0.0561481 5.1951
198.4 -0.264285 5.15416
198.5 -0.477356 5.05915
198.6 -0.692036 4.90922
198.7 -0.904086 4.70448
198.8 -1.10856 4.44623
198.9 -1.30018 4.13709
199 -1.47394 3.781
199.1 -1.62559 3.38312
199.2 -1.75218 2.94951
199.3 -1.85221 2.48684
199.4 -1.9256 2.00194
199.5 -1.97343 1.50154
199.6 -1.99753 0.991956
199.7 -2.00015 0.478998
199.8 -1.98362 -0.032128
199.9 -1.95014 -0.536797
200 -1.90163 -1.03092
