0 2 0
0.1 1.85705 0.0637745
0.2 1.77604 0.124013
0.3 1.72072 0.182051
0.4 1.67708 0.23847
0.5 1.63886 0.293542
0.6 1.60297 0.347389
0.7 1.5678 0.40006
0.8 1.53241 0.45156
0.9 1.4962 0.501872
1 1.45875 0.550962
1.1 1.41968 0.598781
1.2 1.37863 0.645271
1.3 1.33522 0.690359
1.4 1.28899 0.733959
1.5 1.23938 0.775969
1.6 1.18567 0.816265
1.7 1.12693 0.854695
1.8 1.06188 0.891074
1.9 0.988803 0.925164
2 0.90522 0.956659
2.1 0.807556 0.985156
2.2 0.690455 1.0101
2.3 0.545726 1.03073
2.4 0.360686 1.04592
2.5 0.116174 1.05404
2.6 -0.213159 1.0527
2.7 -0.64542 1.03872
2.8 -1.14566 1.00901
2.9 -1.58799 0.963227
3 -1.86052 0.905409
3.1 -1.98076 0.841237
3.2 -2.01869 0.774628
3.3 -2.02094 0.707453
3.4 -2.00878 0.640485
3.5 -1.99075 0.574036
3.6 -1.97019 0.508234
3.7 -1.94837 0.443139
3.8 -1.92577 0.378782
3.9 -1.90259 0.315187
4 -1.87887 0.25237
4.1 -1.85462 0.19035
4.2 -1.82983 0.129145
4.3 -1.80446 0.0687727
4.4 -1.77848 0.00925342
4.5 -1.75184 -0.0493919
4.6 -1.72449 -0.10714
4.7 -1.69636 -0.163968
4.8 -1.6674 -0.219847
4.9 -1.63752 -0.274748
5 -1.60663 -0.328641
5.1 -1.57463 -0.381489
5.2 -1.5414 -0.433255
5.3 -1.50679 -0.483893
5.4 -1.47063 -0.533357
5.5 -1.43271 -0.58159
5.6 -1.39278 -0.628531
5.7 -1.35052 -0.674108
5.8 -1.30555 -0.718237
5.9 -1.25736 -0.76082
6 -1.20533 -0.80174
6.1 -1.14861 -0.840857
6.2 -1.08608 -0.877996
6.3 -1.0162 -0.91294
6.4 -0.936815 -0.945413
6.5 -0.844804 -0.975048
6.6 -0.735559 -1.00136
6.7 -0.602079 -1.02366
6.8 -0.433543 -1.04098
6.9 -0.213345 -1.05189
7 0.0820865 -1.05432
7.1 0.476751 -1.04533
7.2 0.962318 -1.02159
7.3 1.44345 -0.981404
7.4 1.78242 -0.927291
7.5 1.95 -0.864849
7.6 2.01074 -0.798823
7.7 2.02247 -0.731726
7.8 2.01411 -0.664634
7.9 1.99766 -0.597976
8 1.97781 -0.531932
8.1 1.95636 -0.466576
8.2 1.93401 -0.40195
8.3 1.91103 -0.338077
8.4 1.8875 -0.274977
8.5 1.86344 -0.212667
8.6 1.83885 -0.151166
8.7 1.8137 -0.0904903
8.8 1.78794 -0.0306605
8.9 1.76155 0.0283032
9 1.73446 0.0863785
9.1 1.70662 0.143542
9.2 1.67797 0.199766
9.3 1.64843 0.255025
9.4 1.61791 0.309286
9.5 1.58633 0.362516
9.6 1.55356 0.414677
9.7 1.51947 0.465728
9.8 1.48389 0.515622
9.9 1.44663 0.564307
10 1.40746 0.611723
10.1 1.36608 0.657802
10.2 1.32214 0.702464
10.3 1.27518 0.745618
10.4 1.22462 0.787154
10.5 1.16971 0.826941
10.6 1.10943 0.864817
10.7 1.04242 0.900583
10.8 0.96677 0.933985
10.9 0.879758 0.964695
11 0.777399 0.992272
11.1 0.653687 1.01611
11.2 0.499386 1.03537
11.3 0.300218 1.0488
11.4 0.0350455 1.05459
11.5 -0.321869 1.05011
11.6 -0.780139 1.03205
11.7 -1.27977 0.997768
11.8 -1.68142 0.948116
11.9 -1.9057 0.888023
12 -1.99678 0.822894
12.1 -2.02157 0.756007
12.2 -2.01847 0.688841
12.3 -2.00415 0.621998
12.4 -1.98522 0.55572
12.5 -1.96423 0.490109
12.6 -1.94217 0.425216
12.7 -1.9194 0.361069
12.8 -1.89606 0.297687
12.9 -1.8722 0.23509
13 -1.8478 0.173294
13.1 -1.82285 0.112318
13.2 -1.79732 0.0521806
13.3 -1.77116 -0.00709855
13.4 -1.74433 -0.0654975
13.5 -1.71677 -0.122993
13.6 -1.68842 -0.17956
13.7 -1.65921 -0.235171
13.8 -1.62906 -0.289796
13.9 -1.59787 -0.343403
14 -1.56555 -0.395955
14.1 -1.53195 -0.447412
14.2 -1.49693 -0.49773
14.3 -1.4603 -0.546859
14.4 -1.42185 -0.59474
14.5 -1.38131 -0.641311
14.6 -1.33834 -0.686495
14.7 -1.29253 -0.730206
14.8 -1.24335 -0.77234
14.9 -1.19011 -0.812775
15 -1.13191 -0.851363
15.1 -1.06752 -0.887917
15.2 -0.995252 -0.922207
15.3 -0.912727 -0.953934
15.4 -0.816481 -0.982702
15.5 -0.701348 -1.00798
15.6 -0.559438 -1.02901
15.7 -0.378536 -1.04472
15.8 -0.140101 -1.05353
15.9 0.180891 -1.05312
16 0.60442 -1.04035
16.1 1.10259 -1.01208
16.2 1.55579 -0.967576
16.3 1.84396 -0.910565
16.4 1.97449 -0.846753
16.5 2.01722 -0.780259
16.6 2.02145 -0.713094
16.7 2.01008 -0.646094
16.8 1.99239 -0.579595
16.9 1.97197 -0.513736
17 1.95023 -0.44858
17.1 1.92769 -0.384161
17.2 1.90455 -0.3205
17.3 1.88088 -0.257618
17.4 1.85668 -0.19553
17.5 1.83194 -0.134256
17.6 1.80662 -0.0738128
17.7 1.78069 -0.014221
17.8 1.7541 0.0444986
17.9 1.72681 0.102323
18 1.69876 0.159229
18.1 1.66987 0.215189
18.2 1.64007 0.270174
18.3 1.60927 0.324153
18.4 1.57737 0.37709
18.5 1.54425 0.428948
18.6 1.50976 0.479683
18.7 1.47373 0.529247
18.8 1.43597 0.577586
18.9 1.39622 0.624639
19 1.35417 0.670333
19.1 1.30944 0.714587
19.2 1.26155 0.757304
19.3 1.20987 0.798369
19.4 1.15358 0.837643
19.5 1.09159 0.874956
19.6 1.02241 0.910095
19.7 0.94392 0.942788
19.8 0.853121 0.972678
19.9 0.745553 0.999289
20 0.61446 1.02196
20.1 0.449414 1.03974
20.2 0.234372 1.05127
20.3 -0.0537086 1.05451
20.4 -0.439529 1.04661
20.5 -0.919685 1.02422
20.6 -1.40697 0.985383
20.7 -1.7611 0.93224
20.8 -1.94105 0.870283
20.9 -2.00811 0.804434
21 -2.02251 0.737373
21.1 -2.01523 0.670258
21.2 -1.99921 0.603555
21.3 -1.97955 0.537455
21.4 -1.9582 0.47204
21.5 -1.93591 0.407351
21.6 -1.91298 0.343414
21.7 -1.88949 0.280249
21.8 -1.86549 0.217872
21.9 -1.84094 0.156302
22 -1.81583 0.0955561
22.1 -1.79013 0.0356544
22.2 -1.76379 -0.0233828
22.3 -1.73676 -0.0815337
22.4 -1.70899 -0.138774
22.5 -1.68041 -0.195079
22.6 -1.65094 -0.25042
22.7 -1.62052 -0.304766
22.8 -1.58903 -0.358084
22.9 -1.55636 -0.410337
23 -1.52239 -0.461483
23.1 -1.48694 -0.511476
23.2 -1.44983 -0.560265
23.3 -1.41083 -0.60779
23.4 -1.36965 -0.653984
23.5 -1.32594 -0.698768
23.6 -1.27925 -0.742053
23.7 -1.22903 -0.78373
23.8 -1.17451 -0.823669
23.9 -1.11473 -0.861712
24 -1.04835 -0.897665
24.1 -0.973518 -0.931277
24.2 -0.887594 -0.962228
24.3 -0.78672 -0.990089
24.4 -0.665102 -1.01427
24.5 -0.513836 -1.03396
24.6 -0.31915 -1.04794
24.7 -0.0605053 -1.05446
24.8 0.287836 -1.05096
24.9 0.738509 -1.03417
25 1.2395 -1.00128
25.1 1.6544 -0.952774
25.2 1.89304 -0.893329
25.3 1.99243 -0.828465
25.4 2.02091 -0.761651
25.5 2.0193 -0.694477
25.6 2.00559 -0.627595
25.7 1.98691 -0.561264
25.8 1.96605 -0.495595
25.9 1.94405 -0.43064
26 1.92133 -0.366429
26.1 1.89804 -0.302983
26.2 1.87422 -0.240319
26.3 1.84987 -0.178455
26.4 1.82497 -0.11741
26.5 1.79949 -0.0572007
26.6 1.77338 0.00215137
26.7 1.74661 0.0606252
26.8 1.71911 0.118198
26.9 1.69083 0.174844
27 1.6617 0.230536
27.1 1.63163 0.285245
27.2 1.60054 0.338939
27.3 1.56831 0.391581
27.4 1.53482 0.443132
27.5 1.49993 0.493548
27.6 1.46344 0.542778
27.7 1.42516 0.590767
27.8 1.3848 0.63745
27.9 1.34205 0.682754
28 1.2965 0.726592
28.1 1.24763 0.768863
28.2 1.19476 0.809447
28.3 1.13702 0.848196
28.4 1.0732 0.884929
28.5 1.00168 0.91942
28.6 0.920132 0.951375
28.7 0.825208 0.980411
28.8 0.711919 1.006
28.9 0.572656 1.02743
29 0.395643 1.04364
29.1 0.162936 1.0531
29.2 -0.150108 1.05358
29.3 -0.564995 1.04199
29.4 -1.06029 1.0151
29.5 -1.52313 0.971874
29.6 -1.8267 0.915692
29.7 -1.96783 0.852259
29.8 -2.01559 0.78589
29.9 -2.02189 0.718738
30 -2.01136 0.651707
30.1 -1.99401 0.585159
30.2 -1.97375 0.519243
30.3 -1.95209 0.454027
30.4 -1.92961 0.389544
30.5 -1.90652 0.325819
30.6 -1.88289 0.262871
30.7 -1.85873 0.200716
30.8 -1.83404 0.139372
30.9 -1.80877 0.0788588
31 -1.78289 0.0191948
31.1 -1.75637 -0.039599
31.2 -1.72914 -0.0974999
31.3 -1.70114 -0.154484
31.4 -1.67233 -0.210524
31.5 -1.64261 -0.265592
31.6 -1.6119 -0.319657
31.7 -1.58009 -0.372683
31.8 -1.54708 -0.424633
31.9 -1.51271 -0.475464
32 -1.47682 -0.525129
32.1 -1.43922 -0.573573
32.2 -1.39964 -0.620737
32.3 -1.3578 -0.666548
32.4 -1.31331 -0.710927
32.5 -1.26571 -0.753777
32.6 -1.21438 -0.794986
32.7 -1.15851 -0.834416
32.8 -1.09705 -0.871902
32.9 -1.02854 -0.907233
33 -0.950939 -0.940143
33.1 -0.861321 -0.970285
33.2 -0.755382 -0.997194
33.3 -0.626605 -1.02023
33.4 -0.464937 -1.03847
33.5 -0.254886 -1.05059
33.6 0.0260334 -1.05462
33.7 0.403028 -1.04779
33.8 0.877154 -1.02673
33.9 1.36947 -0.989258
34 1.73849 -0.937127
34.1 1.93133 -0.875692
34.2 2.00513 -0.810038
34.3 2.02241 -0.743019
34.4 2.01628 -0.675885
34.5 2.00074 -0.609138
34.6 1.98128 -0.542983
34.7 1.96003 -0.477509
34.8 1.93781 -0.412758
34.9 1.91493 -0.348757
35 1.89149 -0.285526
35.1 1.86752 -0.223082
35.2 1.84302 -0.161443
35.3 1.81797 -0.100628
35.4 1.79231 -0.0406545
35.5 1.76603 0.0184562
35.6 1.73906 0.0766824
35.7 1.71135 0.134001
35.8 1.68284 0.190385
35.9 1.65346 0.245808
36 1.62311 0.300239
36.1 1.59172 0.353645
36.2 1.55916 0.405988
36.3 1.5253 0.457229
36.4 1.48998 0.507321
36.5 1.45302 0.556213
36.6 1.41418 0.603847
36.7 1.3732 0.650155
36.8 1.32972 0.695062
36.9 1.2833 0.738476
37 1.2334 0.780293
37.1 1.17928 0.820384
37.2 1.11999 0.858593
37.3 1.05423 0.89473
37.4 0.98019 0.92855
37.5 0.895324 0.959739
37.6 0.795897 0.98788
37.7 0.676311 1.0124
37.8 0.527985 1.0325
37.9 0.337634 1.04702
38 0.0853275 1.05425
38.1 -0.254562 1.05172
38.2 -0.697302 1.03618
38.3 -1.19859 1.00469
38.4 -1.62604 0.957354
38.5 -1.87939 0.898598
38.6 -1.98761 0.834023
38.7 -2.02005 0.767292
38.8 -2.02006 0.700116
38.9 -2.00699 0.633195
39 -1.98859 0.566812
39.1 -1.96785 0.501086
39.2 -1.94593 0.43607
39.3 -1.92326 0.371795
39.4 -1.90002 0.308284
39.5 -1.87624 0.245554
39.6 -1.85194 0.183622
39.7 -1.82709 0.122507
39.8 -1.80165 0.0622269
39.9 -1.7756 0.002802
40 -1.74889 -0.0557465
40.1 -1.72145 -0.113396
40.2 -1.69324 -0.17012
40.3 -1.66418 -0.225894
40.4 -1.63419 -0.280687
40.5 -1.60319 -0.334468
40.6 -1.57106 -0.387199
40.7 -1.53769 -0.438844
40.8 -1.50292 -0.489356
40.9 -1.46658 -0.538688
41 -1.42845 -0.586784
41.1 -1.38828 -0.63358
41.2 -1.34574 -0.679002
41.3 -1.30045 -0.722967
41.4 -1.25188 -0.765375
41.5 -1.19938 -0.806105
41.6 -1.14208 -0.845015
41.7 -1.07884 -0.881926
41.8 -1.00804 -0.916615
41.9 -0.927443 -0.948797
42 -0.833807 -0.978095
42.1 -0.722309 -1.004
42.2 -0.58561 -1.02581
42.3 -0.412361 -1.04251
42.4 -0.185204 -1.05262
42.5 0.120066 -1.05395
42.6 0.526203 -1.04351
42.7 1.01777 -1.018
42.8 1.48926 -0.976079
42.9 1.80825 -0.920769
43 1.96053 -0.857745
43.1 2.01368 -0.791515
43.2 2.02222 -0.724383
43.3 2.01259 -0.657324
43.4 1.99561 -0.590728
43.5 1.97552 -0.524755
43.6 1.95395 -0.459478
43.7 1.93153 -0.394933
43.8 1.90848 -0.331144
43.9 1.88489 -0.268129
44 1.86078 -0.205907
44.1 1.83613 -0.144495
44.2 1.81091 -0.0839109
44.3 1.78509 -0.0241746
44.4 1.75862 0.0346931
44.5 1.73145 0.0926699
44.6 1.70353 0.149732
44.7 1.67478 0.205852
44.8 1.64514 0.261003
44.9 1.61452 0.315154
45 1.58281 0.368269
45.1 1.5499 0.420311
45.2 1.51565 0.471238
45.3 1.4799 0.521002
45.4 1.44245 0.569552
45.5 1.40305 0.616825
45.6 1.36141 0.662753
45.7 1.31716 0.707255
45.8 1.26984 0.750238
45.9 1.21885 0.79159
46 1.16341 0.831176
46.1 1.10247 0.868832
46.2 1.03462 0.904353
46.3 0.957873 0.937479
46.4 0.869408 0.96787
46.5 0.765053 0.995072
46.6 0.638521 1.01846
46.7 0.480122 1.03715
46.8 0.274903 1.04985
46.9 0.0009533 1.05466
47 -0.367264 1.04886
47.1 -0.834807 1.02912
47.2 -1.33103 0.993028
47.3 -1.71455 0.941949
47.4 -1.92076 0.881072
47.5 -2.00177 0.815633
47.6 -2.02215 0.748666
47.7 -2.01728 0.681515
47.8 -2.00224 0.614725
47.9 -1.983 0.548516
48 -1.96186 0.482983
48.1 -1.93971 0.41817
48.2 -1.91687 0.354105
48.3 -1.89348 0.290809
48.4 -1.86956 0.228298
48.5 -1.8451 0.166591
48.6 -1.82009 0.105706
48.7 -1.79449 0.0456607
48.8 -1.76826 -0.0135234
48.9 -1.74135 -0.0718248
49 -1.71371 -0.12922
49.1 -1.68527 -0.185684
49.2 -1.65596 -0.241189
49.3 -1.6257 -0.295704
49.4 -1.5944 -0.349198
49.5 -1.56194 -0.401632
49.6 -1.52819 -0.452967
49.7 -1.49301 -0.503158
49.8 -1.45619 -0.552153
49.9 -1.41753 -0.599894
50 -1.37674 -0.646317
50.1 -1.33348 -0.691345
50.2 -1.28733 -0.734889
50.3 -1.23774 -0.776844
50.4 -1.18401 -0.817085
50.5 -1.1252 -0.85546
50.6 -1.06004 -0.891779
50.7 -0.986785 -0.925805
50.8 -0.902953 -0.95723
50.9 -0.804933 -0.985645
51 -0.68732 -1.0105
51.1 -0.54184 -1.03101
51.2 -0.355685 -1.04605
51.3 -0.109529 -1.05398
51.4 0.222047 -1.05238
51.5 0.656578 -1.03807
51.6 1.15714 -1.00798
51.7 1.59635 -0.961853
51.8 1.8647 -0.903828
51.9 1.98227 -0.839567
52 2.01897 -0.772931
52.1 2.02072 -0.705756
52.2 2.00836 -0.6388
52.3 1.99025 -0.572366
52.4 1.96965 -0.506581
52.5 1.9478 -0.441504
52.6 1.92519 -0.377167
52.7 1.90199 -0.313591
52.8 1.87826 -0.250794
52.9 1.854 -0.188794
53 1.8292 -0.12761
53.1 1.80381 -0.0672591
53.2 1.77782 -0.00776156
53.3 1.75116 0.0508614
53.4 1.72379 0.108587
53.5 1.69564 0.16539
53.6 1.66666 0.221245
53.7 1.63675 0.276122
53.8 1.60584 0.329989
53.9 1.57381 0.38281
54 1.54055 0.434547
54.1 1.5059 0.485157
54.2 1.4697 0.53459
54.3 1.43173 0.582792
54.4 1.39174 0.629699
54.5 1.34942 0.675241
54.6 1.30437 0.719332
54.7 1.2561 0.761874
54.8 1.20396 0.802751
54.9 1.14711 0.84182
55 1.08441 0.878906
55.1 1.01433 0.913792
55.2 0.934663 0.946198
55.3 0.842281 0.975756
55.4 0.732523 1.00197
55.5 0.59831 1.02416
55.6 0.428703 1.04134
55.7 0.206922 1.05207
55.8 -0.0907551 1.05425
55.9 -0.488076 1.04493
56 -0.975138 1.02078
56.1 -1.45421 0.980188
56.2 -1.78858 0.925792
56.3 -1.95254 0.86321
56.4 -2.01147 0.797135
56.5 -2.02243 0.730029
56.6 -2.01377 0.662944
56.7 -1.99719 0.596301
56.8 -1.97728 0.530272
56.9 -1.9558 0.464935
57 -1.93344 0.400328
57.1 -1.91044 0.336474
57.2 -1.8869 0.273394
57.3 -1.86283 0.211104
57.4 -1.83822 0.149623
57.5 -1.81306 0.0889689
57.6 -1.78728 0.0291607
57.7 -1.76087 -0.0297809
57.8 -1.73376 -0.0878334
57.9 -1.7059 -0.144973
58 -1.67723 -0.201174
58.1 -1.64767 -0.256408
58.2 -1.61713 -0.310643
58.3 -1.58552 -0.363847
58.4 -1.55272 -0.41598
58.5 -1.51859 -0.467003
58.6 -1.48297 -0.516867
58.7 -1.44567 -0.565521
58.8 -1.40644 -0.612904
58.9 -1.365 -0.658947
59 -1.32099 -0.703573
59.1 -1.27395 -0.746688
59.2 -1.22329 -0.788181
59.3 -1.16826 -0.827921
59.4 -1.10783 -0.865747
59.5 -1.04063 -0.901457
59.6 -0.964726 -0.934795
59.7 -0.877383 -0.965432
59.8 -0.774569 -0.992923
59.9 -0.650215 -1.01666
60 -0.494982 -1.03579
60.1 -0.294438 -1.04905
60.2 -0.0272662 -1.05462
60.3 0.332247 -1.04984
60.4 0.792725 -1.03139
60.5 1.29174 -0.996689
60.6 1.68928 -0.946702
60.7 1.90932 -0.886422
60.8 1.998 -0.821218
60.9 2.02173 -0.754311
61 2.01821 -0.687148
61.1 2.00372 -0.620317
61.2 1.98471 -0.554054
61.3 1.96369 -0.488462
61.4 1.9416 -0.423587
61.5 1.91881 -0.359459
61.6 1.89546 -0.296097
61.7 1.87159 -0.23352
61.8 1.84718 -0.171744
61.9 1.82222 -0.110789
62 1.79667 -0.0506729
62.1 1.77049 0.00858427
62.2 1.74364 0.0669607
62.3 1.71606 0.124433
62.4 1.68769 0.180976
62.5 1.65846 0.236563
62.6 1.62828 0.291163
62.7 1.59707 0.344743
62.8 1.56472 0.397268
62.9 1.53108 0.448697
63 1.49602 0.498986
63.1 1.45935 0.548083
63.2 1.42085 0.595933
63.3 1.38025 0.642469
63.4 1.33722 0.687617
63.5 1.29133 0.73129
63.6 1.24206 0.773383
63.7 1.18871 0.813773
63.8 1.13037 0.852312
63.9 1.0658 0.888812
64 0.993306 0.923041
64.1 0.910483 0.954698
64.2 0.813832 0.983386
64.3 0.698135 1.00856
64.4 0.555413 1.02948
64.5 0.373316 1.04504
64.6 0.133125 1.05364
64.7 -0.190289 1.05296
64.8 -0.616388 1.03984
64.9 -1.11526 1.01115
65 -1.56535 0.966267
65.1 -1.84892 0.909015
65.2 -1.97638 0.845095
65.3 -2.01766 0.778566
65.4 -2.0213 0.711398
65.5 -2.00969 0.644408
65.6 -1.9919 0.577924
65.7 -1.97144 0.512082
65.8 -1.94967 0.446944
65.9 -1.92712 0.382543
66 -1.90396 0.318903
66.1 -1.88028 0.25604
66.2 -1.85606 0.193973
66.3 -1.8313 0.132719
66.4 -1.80597 0.0722973
66.5 -1.78003 0.0127273
66.6 -1.75342 -0.04597
66.7 -1.72611 -0.103772
66.8 -1.69804 -0.160654
66.9 -1.66913 -0.216589
67 -1.6393 -0.271549
67.1 -1.60848 -0.325502
67.2 -1.57655 -0.378413
67.3 -1.54339 -0.430243
67.4 -1.50887 -0.480949
67.5 -1.4728 -0.530483
67.6 -1.43499 -0.578791
67.7 -1.39518 -0.62581
67.8 -1.35307 -0.671469
67.9 -1.30827 -0.715685
68 -1.26029 -0.758362
68.1 -1.20851 -0.799384
68.2 -1.15209 -0.838611
68.3 -1.08994 -0.875872
68.4 -1.02055 -0.910952
68.5 -0.941794 -0.943579
68.6 -0.850634 -0.973393
68.7 -0.742567 -0.999913
68.8 -0.610764 -1.02247
68.9 -0.444681 -1.04012
69 -0.228107 -1.05146
69.1 0.0621635 -1.05446
69.2 0.450642 -1.04624
69.3 0.932492 -1.02344
69.4 1.41805 -0.984197
69.5 1.76765 -0.930759
69.6 1.94382 -0.868652
69.7 2.00894 -0.802748
69.8 2.02252 -0.735676
69.9 2.0149 -0.668567
70 1.99875 -0.601878
70.1 1.97903 -0.535794
70.2 1.95765 -0.470397
70.3 1.93534 -0.405727
70.4 1.91239 -0.34181
70.5 1.88889 -0.278664
70.6 1.86487 -0.216307
70.7 1.84031 -0.154757
70.8 1.81519 -0.0940329
70.9 1.78947 -0.0341528
71 1.76312 0.0248624
71.1 1.73607 0.0829905
71.2 1.70828 0.140208
71.3 1.67967 0.196489
71.4 1.65019 0.251805
71.5 1.61974 0.306125
71.6 1.58822 0.359417
71.7 1.55552 0.411642
71.8 1.52151 0.46276
71.9 1.48602 0.512723
72 1.44887 0.561481
72.1 1.40982 0.608973
72.2 1.36858 0.655132
72.3 1.3248 0.69988
72.4 1.27803 0.743126
72.5 1.22771 0.78476
72.6 1.17307 0.824654
72.7 1.11315 0.862647
72.8 1.04658 0.898543
72.9 0.971498 0.932093
73 0.88525 0.962972
73.1 0.783934 0.990747
73.2 0.661693 1.01483
73.3 0.509525 1.03438
73.4 0.313507 1.0482
73.5 0.0529208 1.0545
73.6 -0.297985 1.05072
73.7 -0.75098 1.03355
73.8 -1.25168 1.00024
73.9 -1.66266 0.951382
74 -1.89695 0.891738
74.1 -1.99379 0.826792
74.2 -2.02113 0.759955
74.3 -2.01906 0.692783
74.4 -2.00516 0.625912
74.5 -1.98641 0.559597
74.6 -1.9655 0.493946
74.7 -1.94348 0.42901
74.8 -1.92075 0.364818
74.9 -1.89745 0.301391
75 -1.87361 0.238747
75.1 -1.84925 0.176904
75.2 -1.82434 0.115879
75.3 -1.79884 0.0556912
75.4 -1.77272 -0.00363896
75.5 -1.74592 -0.0620903
75.6 -1.71841 -0.11964
75.7 -1.69011 -0.176262
75.8 -1.66095 -0.23193
75.9 -1.63086 -0.286614
76 -1.59974 -0.340282
76.1 -1.56748 -0.392897
76.2 -1.53396 -0.444419
76.3 -1.49903 -0.494806
76.4 -1.4625 -0.544005
76.5 -1.42416 -0.591962
76.6 -1.38375 -0.638611
76.7 -1.34094 -0.683879
76.8 -1.29531 -0.727679
76.9 -1.24634 -0.76991
77 -1.19337 -0.810449
77.1 -1.13549 -0.849149
77.2 -1.0715 -0.885829
77.3 -0.999755 -0.92026
77.4 -0.917916 -0.952147
77.5 -0.822598 -0.981102
77.6 -0.708761 -1.0066
77.7 -0.568711 -1.02791
77.8 -0.390543 -1.04397
77.9 -0.156133 -1.05324
78 0.159282 -1.05345
78.1 0.57678 -1.04151
78.2 1.07303 -1.0142
78.3 1.53308 -0.970592
78.4 1.83201 -0.914156
78.5 1.9699 -0.850606
78.6 2.01611 -0.784198
78.7 2.02177 -0.717042
78.8 2.01098 -0.65002
78.9 1.99352 -0.583486
79 1.97322 -0.517588
79.1 1.95154 -0.452389
79.2 1.92904 -0.387926
79.3 1.90593 -0.32422
79.4 1.88229 -0.261291
79.5 1.85812 -0.199157
79.6 1.8334 -0.137834
79.7 1.80812 -0.0773415
79.8 1.78223 -0.0176992
79.9 1.75569 0.0410723
80 1.72844 0.0989503
80.1 1.70043 0.155911
80.2 1.67159 0.211927
80.3 1.64184 0.26697
80.4 1.61111 0.321009
80.5 1.57928 0.374009
80.6 1.54623 0.425931
80.7 1.51182 0.476733
80.8 1.4759 0.526368
80.9 1.43824 0.574781
81 1.39861 0.62191
81.1 1.35671 0.667687
81.2 1.31215 0.712028
81.3 1.26446 0.754838
81.4 1.21302 0.796004
81.5 1.15704 0.835388
81.6 1.09542 0.872821
81.7 1.0267 0.908095
81.8 0.948838 0.94094
81.9 0.858869 0.971007
82 0.752445 0.997826
82.1 0.622979 1.02075
82.2 0.460307 1.03885
82.3 0.248773 1.0508
82.4 -0.0342785 1.0546
82.5 -0.413923 1.04744
82.6 -0.889921 1.02599
82.7 -1.38085 0.988104
82.8 -1.74542 0.935665
82.9 -1.93434 0.874069
83 -2.00606 0.808354
83.1 -2.02246 0.741322
83.2 -2.01597 0.674193
83.3 -2.00028 0.60746
83.4 -1.98076 0.541321
83.5 -1.95948 0.475865
83.6 -1.93724 0.411132
83.7 -1.91434 0.347151
83.8 -1.89089 0.283939
83.9 -1.86691 0.221516
84 -1.8424 0.159897
84.1 -1.81733 0.0991029
84.2 -1.79166 0.039151
84.3 -1.76536 -0.0199376
84.4 -1.73837 -0.0781412
84.5 -1.71064 -0.135436
84.6 -1.68211 -0.191797
84.7 -1.6527 -0.247195
84.8 -1.62233 -0.3016
84.9 -1.59091 -0.35498
85 -1.55832 -0.407296
85.1 -1.52442 -0.458508
85.2 -1.48907 -0.508571
85.3 -1.45206 -0.557432
85.4 -1.41318 -0.605033
85.5 -1.37214 -0.651307
85.6 -1.32859 -0.696177
85.7 -1.28209 -0.739553
85.8 -1.23209 -0.781327
85.9 -1.17785 -0.821372
86 -1.11841 -0.859532
86.1 -1.05247 -0.895614
86.2 -0.978193 -0.929372
86.3 -0.893012 -0.96049
86.4 -0.793154 -0.988546
86.5 -0.672964 -1.01297
86.6 -0.523763 -1.03294
86.7 -0.332124 -1.0473
86.8 -0.0779329 -1.05432
86.9 0.264483 -1.0515
87 0.709639 -1.03559
87.1 1.21095 -1.00368
87.2 1.63471 -0.955986
87.3 1.8836 -0.897019
87.4 1.98911 -0.832354
87.5 2.02033 -0.765597
87.6 2.01984 -0.698421
87.7 2.00657 -0.631511
87.8 1.98809 -0.565144
87.9 1.96731 -0.499435
88 1.94536 -0.434437
88.1 1.92268 -0.370182
88.2 1.89942 -0.30669
88.3 1.87564 -0.24398
88.4 1.85132 -0.182069
88.5 1.82645 -0.120974
88.6 1.801 -0.0607156
88.7 1.77494 -0.00131255
88.8 1.7482 0.0572135
88.9 1.72075 0.11484
89 1.69252 0.171541
89.1 1.66343 0.22729
89.2 1.63342 0.282058
89.3 1.60239 0.335812
89.4 1.57024 0.388517
89.5 1.53683 0.440133
89.6 1.50202 0.490617
89.7 1.46564 0.539918
89.8 1.42746 0.587982
89.9 1.38723 0.634744
90 1.34464 0.680131
90.1 1.29926 0.724058
90.2 1.2506 0.766425
90.3 1.19799 0.807111
90.4 1.14057 0.845972
90.5 1.07715 0.88283
90.6 1.00613 0.91746
90.7 0.925255 0.949574
90.8 0.831235 0.978794
90.9 0.719205 1.00461
91 0.581744 1.0263
91.1 0.407376 1.04286
91.2 0.17857 1.05277
91.3 -0.129018 1.05385
91.4 -0.537794 1.04306
91.5 -1.03056 1.01714
91.6 -1.49956 0.974825
91.7 -1.81392 0.919248
91.8 -1.96279 0.856098
91.9 -2.01428 0.789825
92 -2.02214 0.722687
92.1 -2.01222 0.655635
92.2 -1.99513 0.589054
92.3 -1.97499 0.523098
92.4 -1.95339 0.457839
92.5 -1.93095 0.393313
92.6 -1.90789 0.329543
92.7 -1.88429 0.266548
92.8 -1.86017 0.204346
92.9 -1.8355 0.142955
93 -1.81027 0.0823918
93.1 -1.78443 0.0226772
93.2 -1.75794 -0.0361683
93.3 -1.73076 -0.0941223
93.4 -1.70281 -0.151161
93.5 -1.67405 -0.207257
93.6 -1.64438 -0.262383
93.7 -1.61373 -0.316508
93.8 -1.58199 -0.369596
93.9 -1.54905 -0.421611
94 -1.51477 -0.472509
94.1 -1.47898 -0.522244
94.2 -1.44148 -0.570761
94.3 -1.40203 -0.618002
94.4 -1.36033 -0.663895
94.5 -1.31601 -0.70836
94.6 -1.2686 -0.751303
94.7 -1.21751 -0.792612
94.8 -1.16194 -0.832151
94.9 -1.10084 -0.869756
95 -1.0328 -0.90522
95.1 -0.955798 -0.938282
95.2 -0.866989 -0.968598
95.3 -0.762163 -0.995712
95.4 -0.634963 -1.01899
95.5 -0.475593 -1.03755
95.6 -0.268938 -1.05007
95.7 0.00708637 -1.05465
95.8 0.377935 -1.04855
95.9 0.847511 -1.02841
96 1.34268 -0.991906
96.1 1.72189 -0.940507
96.2 1.92403 -0.879458
96.3 2.00282 -0.813952
96.4 2.02225 -0.746969
96.5 2.01699 -0.679822
96.6 2.00179 -0.613045
96.7 1.98249 -0.546853
96.8 1.96131 -0.481337
96.9 1.93914 -0.416543
97 1.91629 -0.352497
97.1 1.89288 -0.28922
97.2 1.86895 -0.22673
97.3 1.84448 -0.165043
97.4 1.81945 -0.104179
97.5 1.79384 -0.0441554
97.6 1.76759 0.0150067
97.7 1.74066 0.0732855
97.8 1.713 0.130658
97.9 1.68454 0.187098
98 1.65521 0.242578
98.1 1.62493 0.297068
98.2 1.59359 0.350535
98.3 1.5611 0.402942
98.4 1.52732 0.454249
98.5 1.4921 0.50441
98.6 1.45524 0.553374
98.7 1.41652 0.601083
98.8 1.37567 0.647472
98.9 1.33235 0.692463
99 1.28612 0.735968
99.1 1.23644 0.777882
99.2 1.18259 0.818078
99.3 1.12364 0.856403
99.4 1.0583 0.892668
99.5 0.984811 0.926632
99.6 0.900671 0.957986
99.7 0.802231 0.98632
99.8 0.684032 1.01107
99.9 0.537706 1.03146
100 0.350304 1.04635
100.1 0.102319 1.05407
100.2 -0.23174 1.05219
100.3 -0.668764 1.03751
100.4 -1.16965 1.007
100.5 -1.60541 0.960509
100.6 -1.86923 0.902261
100.7 -1.98393 0.837902
100.8 -2.01932 0.771236
100.9 -2.02053 0.70406
101 -2.00795 0.637115
101.1 -1.98975 0.570696
101.2 -1.96911 0.504929
101.3 -1.94724 0.43987
101.4 -1.92461 0.375552
101.5 -1.9014 0.311995
101.6 -1.87766 0.249218
101.7 -1.85338 0.187239
101.8 -1.82856 0.126076
101.9 -1.80317 0.0657459
102 -1.77715 0.00627025
102.1 -1.75048 -0.0523303
102.2 -1.72308 -0.110033
102.3 -1.69492 -0.166813
102.4 -1.66591 -0.222643
102.5 -1.63598 -0.277495
102.6 -1.60504 -0.331336
102.7 -1.57299 -0.38413
102.8 -1.53969 -0.43584
102.9 -1.505 -0.48642
103 -1.46876 -0.535823
103.1 -1.43074 -0.583993
103.2 -1.3907 -0.630867
103.3 -1.34832 -0.676372
103.4 -1.30319 -0.720426
103.5 -1.25483 -0.762928
103.6 -1.20259 -0.803761
103.7 -1.1456 -0.842782
103.8 -1.08274 -0.879815
103.9 -1.01244 -0.914643
104 -0.932502 -0.946981
104.1 -0.839747 -0.976461
104.2 -0.729471 -1.00259
104.3 -0.594519 -1.02466
104.4 -0.42383 -1.04169
104.5 -0.200452 -1.05224
104.6 0.0994888 -1.05417
104.7 0.499464 -1.04451
104.8 0.987956 -1.01996
104.9 1.46486 -0.978964
105 1.79462 -0.924288
105.1 1.95501 -0.86157
105.2 2.01216 -0.795447
105.3 2.02238 -0.728332
105.4 2.01342 -0.661254
105.5 1.99672 -0.594625
105.6 1.97675 -0.528614
105.7 1.95525 -0.463295
105.8 1.93286 -0.398706
105.9 1.90985 -0.334872
106 1.8863 -0.271811
106.1 1.86222 -0.209542
106.2 1.8376 -0.148081
106.3 1.81241 -0.087448
106.4 1.78663 -0.0276614
106.5 1.76019 0.0312579
106.6 1.73307 0.0892878
106.7 1.70519 0.146404
106.8 1.6765 0.202581
106.9 1.64691 0.25779
107 1.61635 0.312
107.1 1.58471 0.365176
107.2 1.55187 0.417283
107.3 1.51771 0.468276
107.4 1.48205 0.518111
107.5 1.4447 0.566733
107.6 1.40542 0.614083
107.7 1.36392 0.660092
107.8 1.31984 0.704681
107.9 1.27272 0.747756
108 1.22196 0.789207
108.1 1.1668 0.828901
108.2 1.10622 0.866676
108.3 1.03883 0.902329
108.4 0.962675 0.935604
108.5 0.874997 0.966167
108.6 0.771724 0.993571
108.7 0.646723 1.0172
108.8 0.490549 1.0362
108.9 0.288617 1.0493
109 0.0194274 1.05464
109.1 -0.342692 1.04955
109.2 -0.805341 1.03072
109.3 -1.30363 0.9956
109.4 -1.69702 0.945281
109.5 -1.91286 0.884817
109.6 -1.99917 0.81954
109.7 -2.02188 0.752614
109.8 -2.01793 0.685454
109.9 -2.00328 0.618636
110 -1.9842 0.552389
110.1 -1.96314 0.486814
110.2 -1.94103 0.421958
110.3 -1.91823 0.357849
110.4 -1.89487 0.294507
110.5 -1.87098 0.23195
110.6 -1.84656 0.170195
110.7 -1.82158 0.109261
110.8 -1.79602 0.0491658
110.9 -1.76982 -0.0100694
111 -1.74295 -0.0684233
111.1 -1.71535 -0.125873
111.2 -1.68696 -0.182392
111.3 -1.65771 -0.237954
111.4 -1.62751 -0.292529
111.5 -1.59627 -0.346083
111.6 -1.56388 -0.398581
111.7 -1.53022 -0.449982
111.8 -1.49512 -0.500241
111.9 -1.4584 -0.549307
112 -1.41985 -0.597125
112.1 -1.3792 -0.643627
112.2 -1.3361 -0.688739
112.3 -1.29013 -0.732372
112.4 -1.24076 -0.774424
112.5 -1.1873 -0.81477
112.6 -1.12882 -0.853259
112.7 -1.06407 -0.889706
112.8 -0.991354 -0.923874
112.9 -0.90823 -0.955461
113 -0.811171 -0.984068
113.1 -0.694904 -1.00915
113.2 -0.551363 -1.02994
113.3 -0.36806 -1.04535
113.4 -0.126095 -1.05375
113.5 0.199755 -1.0528
113.6 0.628408 -1.03932
113.7 1.12789 -1.01021
113.8 1.57481 -0.964949
113.9 1.85378 -0.907461
114 1.97821 -0.843435
114.1 2.01808 -0.776873
114.2 2.02113 -0.709702
114.3 2.00929 -0.642722
114.4 1.9914 -0.576253
114.5 1.9709 -0.510428
114.6 1.94911 -0.445309
114.7 1.92654 -0.380927
114.8 1.90337 -0.317305
114.9 1.87967 -0.254462
115 1.85544 -0.192416
115.1 1.83067 -0.131183
115.2 1.80532 -0.0707824
115.3 1.77936 -0.0112341
115.4 1.75274 0.0474408
115.5 1.72542 0.10522
115.6 1.69732 0.162078
115.7 1.66838 0.21799
115.8 1.63854 0.272925
115.9 1.60768 0.326852
116 1.57573 0.379736
116.1 1.54254 0.431538
116.2 1.50798 0.482215
116.3 1.47187 0.531719
116.4 1.43401 0.579994
116.5 1.39415 0.62698
116.6 1.35198 0.672604
116.7 1.3071 0.716783
116.8 1.25904 0.759419
116.9 1.20714 0.800397
117 1.1506 0.839577
117.1 1.08829 0.876785
117.2 1.01868 0.911808
117.3 0.93966 0.944368
117.4 0.848136 0.974106
117.5 0.739565 1.00053
117.6 0.607046 1.02298
117.7 0.439916 1.04049
117.8 0.221795 1.05165
117.9 -0.0706822 1.05441
118 -0.461819 1.04585
118.1 -0.945306 1.02266
118.2 -1.42903 0.983003
118.3 -1.77407 0.929272
118.4 -1.94652 0.867019
118.5 -2.00973 0.801062
118.6 -2.0225 0.733979
118.7 -2.01456 0.666876
118.8 -1.99828 0.600201
118.9 -1.9785 0.534134
119 -1.95709 0.468755
119.1 -1.93477 0.404104
119.2 -1.91181 0.340205
119.3 -1.88829 0.277079
119.4 -1.86426 0.214743
119.5 -1.83969 0.153214
119.6 -1.81455 0.0925102
119.7 -1.78882 0.0326517
119.8 -1.76244 -0.0263413
119.9 -1.73538 -0.0844468
120 -1.70756 -0.141641
120.1 -1.67894 -0.197898
120.2 -1.64943 -0.253189
120.3 -1.61895 -0.307484
120.4 -1.58741 -0.360749
120.5 -1.55468 -0.412947
120.6 -1.52063 -0.464036
120.7 -1.48511 -0.51397
120.8 -1.44791 -0.562696
120.9 -1.4088 -0.610155
121 -1.36751 -0.65628
121.1 -1.32366 -0.700991
121.2 -1.27681 -0.744198
121.3 -1.22638 -0.78579
121.4 -1.17163 -0.825637
121.5 -1.11155 -0.86358
121.6 -1.04479 -0.899421
121.7 -0.969471 -0.932907
121.8 -0.882896 -0.963713
121.9 -0.781135 -0.991404
122 -0.658265 -1.01538
122.1 -0.505186 -1.03481
122.2 -0.307824 -1.04846
122.3 -0.0452782 -1.05455
122.4 0.308203 -1.05046
122.5 0.763487 -1.03291
122.6 1.26379 -0.999184
122.7 1.67081 -0.949983
122.8 1.90077 -0.890144
122.9 1.9951 -0.825118
123 2.02133 -0.758258
123.1 2.01881 -0.691089
123.2 2.00473 -0.62423
123.3 1.9859 -0.55793
123.4 1.96496 -0.492297
123.5 1.94292 -0.427379
123.6 1.92017 -0.363206
123.7 1.89685 -0.299799
123.8 1.873 -0.237175
123.9 1.84863 -0.175352
124 1.8237 -0.114348
124.1 1.79819 -0.0541823
124.2 1.77205 0.00512599
124.3 1.74524 0.0635548
124.4 1.7177 0.121081
124.5 1.68938 0.17768
124.6 1.6602 0.233323
124.7 1.63008 0.287982
124.8 1.59894 0.341623
124.9 1.56665 0.394211
125 1.5331 0.445706
125.1 1.49813 0.496063
125.2 1.46156 0.545232
125.3 1.42317 0.593156
125.4 1.3827 0.639772
125.5 1.33982 0.685004
125.6 1.29412 0.728766
125.7 1.24506 0.770955
125.8 1.19197 0.811449
125.9 1.13395 0.850101
126 1.06979 0.886727
126.1 0.997825 0.921098
126.2 0.915692 0.952916
126.3 0.819977 0.981791
126.4 0.705586 1.00719
126.5 0.564742 1.02838
126.6 0.385407 1.04429
126.7 0.149279 1.05337
126.8 -0.168523 1.05331
126.9 -0.588621 1.04102
127 -1.08575 1.0133
127.1 -1.54291 0.969301
127.2 -1.83721 0.912616
127.3 -1.97191 0.848952
127.4 -2.0166 0.782506
127.5 -2.02164 0.715345
127.6 -2.01059 0.648333
127.7 -1.99304 0.581814
127.8 -1.97268 0.515932
127.9 -1.95098 0.450752
128 -1.92846 0.386307
128.1 -1.90534 0.322621
128.2 -1.88168 0.259712
128.3 -1.8575 0.197598
128.4 -1.83277 0.136296
128.5 -1.80748 0.0758248
128.6 -1.78157 0.0162042
128.7 -1.75501 -0.042545
128.8 -1.72774 -0.1004
128.9 -1.69971 -0.157337
129 -1.67085 -0.213329
129.1 -1.64108 -0.268347
129.2 -1.61032 -0.32236
129.3 -1.57846 -0.375333
129.4 -1.54538 -0.427228
129.5 -1.51094 -0.478001
129.6 -1.47497 -0.527606
129.7 -1.43727 -0.575987
129.8 -1.39758 -0.623083
129.9 -1.35562 -0.668825
130 -1.31099 -0.713128
130.1 -1.26321 -0.755899
130.2 -1.21167 -0.797021
130.3 -1.15555 -0.836358
130.4 -1.09378 -0.87374
130.5 -1.02486 -0.908955
130.6 -0.94673 -0.941735
130.7 -0.856406 -0.971727
130.8 -0.749493 -0.998456
130.9 -0.619332 -1.02127
131 -0.455647 -1.03924
131.1 -0.242615 -1.051
131.2 0.0425862 -1.05456
131.3 0.424883 -1.04709
131.4 0.902704 -1.02524
131.5 1.39213 -0.986941
131.6 1.75224 -0.934197
131.7 1.93727 -0.872444
131.8 2.00696 -0.80667
131.9 2.02249 -0.739625
132 2.01566 -0.672502
132.1 1.99983 -0.605781
132.2 1.98024 -0.53966
132.3 1.95893 -0.474221
132.4 1.93667 -0.409507
132.5 1.91376 -0.345545
132.6 1.89029 -0.282353
132.7 1.8663 -0.21995
132.8 1.84177 -0.158352
132.9 1.81669 -0.0975784
133 1.791 -0.0376481
133.1 1.76468 0.0214185
133.2 1.73768 0.0795994
133.3 1.70993 0.136871
133.4 1.68138 0.193208
133.5 1.65195 0.248581
133.6 1.62155 0.302961
133.7 1.5901 0.356314
133.8 1.55748 0.408603
133.9 1.52355 0.459787
134 1.48815 0.50982
134.1 1.4511 0.55865
134.2 1.41217 0.606218
134.3 1.37107 0.652458
134.4 1.32745 0.697291
134.5 1.28087 0.740628
134.6 1.23077 0.78236
134.7 1.17642 0.82236
134.8 1.11684 0.86047
134.9 1.0507 0.896496
135 0.976189 0.930192
135.1 0.89069 0.961238
135.2 0.790398 0.989211
135.3 0.669598 1.01353
135.4 0.519515 1.03338
135.5 0.326575 1.04758
135.6 0.0704818 1.05438
135.7 -0.274472 1.05128
135.8 -0.722018 1.03498
135.9 -1.22326 1.00266
136 -1.64325 0.95461
136.1 -1.88772 0.895436
136.2 -1.99057 0.830683
136.3 -2.02059 0.763901
136.4 -2.01961 0.696726
136.5 -2.00615 0.629828
136.6 -1.98759 0.563476
136.7 -1.96677 0.497784
136.8 -1.9448 0.432805
136.9 -1.9221 0.368569
137 -1.89883 0.305097
137.1 -1.87503 0.242406
137.2 -1.8507 0.180516
137.3 -1.82582 0.119442
137.4 -1.80035 0.0592048
137.5 -1.77427 -0.000176343
137.6 -1.74752 -0.0586799
137.7 -1.72005 -0.116283
137.8 -1.69179 -0.17296
137.9 -1.66269 -0.228685
138 -1.63265 -0.283428
138.1 -1.6016 -0.337156
138.2 -1.56941 -0.389834
138.3 -1.53597 -0.441423
138.4 -1.50112 -0.491877
138.5 -1.4647 -0.541148
138.6 -1.42647 -0.589179
138.7 -1.38619 -0.635907
138.8 -1.34353 -0.681259
138.9 -1.29808 -0.725148
139 -1.24933 -0.767473
139.1 -1.19661 -0.808116
139.2 -1.13904 -0.846929
139.3 -1.07546 -0.883733
139.4 -1.00422 -0.918303
139.5 -0.923059 -0.950349
139.6 -0.828653 -0.97949
139.7 -0.716084 -1.00521
139.8 -0.577854 -1.02679
139.9 -0.402357 -1.04319
140 -0.171885 -1.05292
140.1 0.138037 -1.05374
140.2 0.549444 -1.04261
140.3 1.04335 -1.01627
140.4 1.50976 -0.973563
140.5 1.81949 -0.917723
140.6 1.965 -0.85445
140.7 2.01486 -0.788134
140.8 2.02204 -0.72099
140.9 2.01185 -0.653947
141 1.99465 -0.58738
141.1 1.97446 -0.521441
141.2 1.95284 -0.456201
141.3 1.93038 -0.391693
141.4 1.9073 -0.327943
141.5 1.88369 -0.264968
141.6 1.85955 -0.202786
141.7 1.83487 -0.141415
141.8 1.80962 -0.0808732
141.9 1.78377 -0.0211804
142 1.75727 0.0376429
142.1 1.73006 0.0955741
142.2 1.7021 0.152589
142.3 1.67331 0.208661
142.4 1.64362 0.263763
142.5 1.61294 0.317861
142.6 1.58118 0.370923
142.7 1.54821 0.42291
142.8 1.51389 0.473779
142.9 1.47805 0.523484
143 1.44051 0.57197
143.1 1.401 0.619177
143.2 1.35924 0.665035
143.3 1.31485 0.709464
143.4 1.26736 0.752367
143.5 1.21616 0.793633
143.6 1.16047 0.833125
143.7 1.09922 0.870679
143.8 1.03097 0.906086
143.9 0.953715 0.939083
144 0.86456 0.969325
144.1 0.759259 0.996351
144.2 0.631385 1.01953
144.3 0.471034 1.03795
144.4 0.262929 1.0503
144.5 -0.0151873 1.05464
144.6 -0.388674 1.04823
144.7 -0.860236 1.0277
144.8 -1.35425 0.990775
144.9 -1.7291 0.939058
145 -1.92722 0.877841
145.1 -2.00383 0.812271
145.2 -2.02233 0.745272
145.3 -2.01669 0.67813
145.4 -2.00134 0.611366
145.5 -1.98197 0.54519
145.6 -1.96077 0.479692
145.7 -1.93857 0.414916
145.8 -1.9157 0.35089
145.9 -1.89228 0.287632
146 -1.86833 0.225162
146.1 -1.84385 0.163496
146.2 -1.81882 0.102653
146.3 -1.79318 0.0426506
146.4 -1.76692 -0.0164894
146.5 -1.73997 -0.0747456
146.6 -1.71229 -0.132095
146.7 -1.68381 -0.188511
146.8 -1.65446 -0.243966
146.9 -1.62415 -0.298431
147 -1.59279 -0.351872
147.1 -1.56027 -0.404252
147.2 -1.52645 -0.45553
147.3 -1.49119 -0.505661
147.4 -1.45429 -0.554595
147.5 -1.41552 -0.602271
147.6 -1.37461 -0.648626
147.7 -1.33122 -0.69358
147.8 -1.28491 -0.737047
147.9 -1.23514 -0.778919
148 -1.18117 -0.819069
148.1 -1.12207 -0.857345
148.2 -1.05655 -0.893555
148.3 -0.982829 -0.927457
148.4 -0.898379 -0.958741
148.5 -0.799518 -0.986991
148.6 -0.680726 -1.01165
148.7 -0.533546 -1.03191
148.8 -0.344885 -1.04664
148.9 -0.0950542 -1.05415
149 0.241501 -1.052
149.1 0.680997 -1.03694
149.2 1.18212 -1.00601
149.3 1.61436 -0.959158
149.4 1.87366 -0.900689
149.5 1.98554 -0.836236
149.6 2.01964 -0.769541
149.7 2.02033 -0.702365
149.8 2.00754 -0.63543
149.9 1.98926 -0.569027
150 1.96857 -0.503277
150.1 1.94668 -0.438237
150.2 1.92403 -0.373937
150.3 1.90081 -0.3104
150.4 1.87705 -0.247643
150.5 1.85276 -0.185684
150.6 1.82793 -0.124542
150.7 1.80252 -0.0642334
150.8 1.77649 -0.0047795
150.9 1.74979 0.0537987
151 1.72238 0.111478
151.1 1.6942 0.168235
151.2 1.66517 0.224041
151.3 1.63521 0.278867
151.4 1.60425 0.332682
151.5 1.57216 0.38545
151.6 1.53883 0.437131
151.7 1.50411 0.487682
151.8 1.46782 0.537055
151.9 1.42976 0.585193
152 1.38966 0.632033
152.1 1.34721 0.677503
152.2 1.30201 0.721519
152.3 1.25356 0.76398
152.4 1.20121 0.804769
152.5 1.14409 0.843742
152.6 1.08107 0.880723
152.7 1.01055 0.915491
152.8 0.930334 0.947763
152.9 0.837202 0.977165
153 0.726404 1.0032
153.1 0.590706 1.02516
153.2 0.418924 1.04205
153.3 0.193932 1.05241
153.4 -0.108288 1.05408
153.5 -0.510914 1.04409
153.6 -1.00077 1.01912
153.7 -1.47541 0.97773
153.8 -1.80055 0.922779
153.9 -1.95742 0.859928
154 -2.01283 0.793757
154.1 -2.02232 0.726635
154.2 -2.01306 0.659565
154.3 -1.99624 0.59295
154.4 -1.97622 0.526955
154.5 -1.95469 0.461654
154.6 -1.93229 0.397084
154.7 -1.90926 0.333269
154.8 -1.88569 0.270229
154.9 -1.8616 0.207979
155 -1.83697 0.14654
155.1 -1.81177 0.0859277
155.2 -1.78597 0.0261627
155.3 -1.75952 -0.0327345
155.4 -1.73237 -0.0907415
155.5 -1.70448 -0.147834
155.6 -1.67576 -0.203987
155.7 -1.64615 -0.259171
155.8 -1.61556 -0.313355
155.9 -1.58389 -0.366506
156 -1.55103 -0.418584
156.1 -1.51683 -0.469549
156.2 -1.48113 -0.519354
156.3 -1.44373 -0.567945
156.4 -1.4044 -0.615262
156.5 -1.36285 -0.661236
156.6 -1.31869 -0.705788
156.7 -1.27148 -0.748823
156.8 -1.22063 -0.790232
156.9 -1.16535 -0.829879
157 -1.10461 -0.867603
157.1 -1.03702 -0.9032
157.2 -0.960616 -0.936411
157.3 -0.872602 -0.9669
157.4 -0.768867 -0.994218
157.5 -0.643211 -1.01775
157.6 -0.486088 -1.03661
157.7 -0.282752 -1.04954
157.8 -0.0115288 -1.05465
157.9 0.353206 -1.04926
158 0.817986 -1.03004
158.1 1.31546 -0.994501
158.2 1.70463 -0.943853
158.3 1.91631 -0.88321
158.4 2.00031 -0.817862
158.5 2.02201 -0.750917
158.6 2.01766 -0.683761
158.7 2.00283 -0.616955
158.8 1.98369 -0.550725
158.9 1.96259 -0.485168
159 1.94046 -0.42033
159.1 1.91765 -0.35624
159.2 1.89427 -0.292917
159.3 1.87037 -0.23038
159.4 1.84593 -0.168646
159.5 1.82094 -0.107733
159.6 1.79536 -0.0476592
159.7 1.76915 0.011554
159.8 1.74227 0.0698854
159.9 1.71465 0.127312
160 1.68624 0.183807
160.1 1.65696 0.239345
160.2 1.62673 0.293894
160.3 1.59547 0.347422
160.4 1.56305 0.399892
160.5 1.52935 0.451265
160.6 1.49421 0.501495
160.7 1.45745 0.550531
160.8 1.41885 0.598315
160.9 1.37814 0.644783
161 1.33497 0.689859
161.1 1.28893 0.733454
161.2 1.23947 0.775465
161.3 1.18589 0.815766
161.4 1.12727 0.854206
161.5 1.06234 0.890598
161.6 0.989395 0.924705
161.7 0.905968 0.956222
161.8 0.808499 0.984747
161.9 0.691657 1.00973
162 0.547287 1.0304
162.1 0.362767 1.04565
162.2 0.119012 1.05385
162.3 -0.209289 1.05262
162.4 -0.64048 1.03879
162.5 -1.14048 1.00926
162.6 -1.58414 0.963624
162.7 -1.85854 0.905902
162.8 -1.97999 0.841774
162.9 -2.01848 0.775179
163 -2.02096 0.708006
163.1 -2.00889 0.641036
163.2 -1.99091 0.574582
163.3 -1.97036 0.508775
163.4 -1.94855 0.443673
163.5 -1.92596 0.379311
163.6 -1.90278 0.315709
163.7 -1.87907 0.252886
163.8 -1.85482 0.190859
163.9 -1.83004 0.129647
164 -1.80468 0.069268
164.1 -1.7787 0.00974152
164.2 -1.75206 -0.0489111
164.3 -1.72472 -0.106667
164.4 -1.6966 -0.163502
164.5 -1.66764 -0.219389
164.6 -1.63777 -0.274299
164.7 -1.60689 -0.3282
164.8 -1.5749 -0.381057
164.9 -1.54168 -0.432831
165 -1.50708 -0.48348
165.1 -1.47094 -0.532953
165.2 -1.43303 -0.581197
165.3 -1.39312 -0.628149
165.4 -1.35088 -0.673737
165.5 -1.30593 -0.717879
165.6 -1.25777 -0.760475
165.7 -1.20578 -0.801409
165.8 -1.1491 -0.840541
165.9 -1.08663 -0.877698
166 -1.01682 -0.912662
166.1 -0.937518 -0.945156
166.2 -0.845627 -0.974816
166.3 -0.736549 -1.00115
166.4 -0.603307 -1.02349
166.5 -0.435119 -1.04086
166.6 -0.215435 -1.05184
166.7 0.0792651 -1.05434
166.8 0.47306 -1.04546
166.9 0.958124 -1.02186
167 1.43991 -0.981799
167.1 1.78038 -0.92778
167.2 1.94915 -0.865384
167.3 2.0105 -0.799375
167.4 2.02248 -0.732282
167.5 2.01423 -0.665186
167.6 1.99781 -0.598525
167.7 1.97798 -0.532474
167.8 1.95654 -0.467113
167.9 1.9342 -0.402481
168 1.91122 -0.338602
168.1 1.88769 -0.275495
168.2 1.86364 -0.213179
168.3 1.83906 -0.15167
168.4 1.81391 -0.0909881
168.5 1.78816 -0.0311512
168.6 1.76177 0.0278198
168.7 1.73468 0.0859025
168.8 1.70685 0.143073
168.9 1.67821 0.199306
169 1.64867 0.254572
169.1 1.61817 0.308842
169.2 1.5866 0.362081
169.3 1.55384 0.414251
169.4 1.51975 0.465311
169.5 1.48419 0.515215
169.6 1.44695 0.56391
169.7 1.40779 0.611337
169.8 1.36643 0.657427
169.9 1.32251 0.702101
170 1.27558 0.745268
170.1 1.22506 0.786818
170.2 1.17018 0.82662
170.3 1.10996 0.864512
170.4 1.04301 0.900297
170.5 0.967437 0.93372
170.6 0.880533 0.964453
170.7 0.778322 0.992058
170.8 0.654819 1.01593
170.9 0.50082 1.03523
171 0.3021 1.04872
171.1 0.0375772 1.05458
171.2 -0.31849 1.0502
171.3 -0.776029 1.03226
171.4 -1.27585 0.998118
171.5 -1.67883 0.948577
171.6 -1.9045 0.888547
171.7 -1.99637 0.823442
171.8 -2.02151 0.756562
171.9 -2.01856 0.689395
172 -2.0043 0.622548
172.1 -1.98539 0.556264
172.2 -1.96441 0.490649
172.3 -1.94235 0.425749
172.4 -1.91959 0.361596
172.5 -1.89626 0.298208
172.6 -1.8724 0.235604
172.7 -1.84801 0.173802
172.8 -1.82306 0.112819
172.9 -1.79753 0.0526738
173 -1.77138 -0.00661246
173.1 -1.74455 -0.0650188
173.2 -1.717 -0.122522
173.3 -1.68865 -0.179097
173.4 -1.65945 -0.234716
173.5 -1.62931 -0.289349
173.6 -1.59814 -0.342965
173.7 -1.56582 -0.395525
173.8 -1.53223 -0.446992
173.9 -1.49722 -0.497319
174 -1.46061 -0.546458
174.1 -1.42218 -0.59435
174.2 -1.38165 -0.640932
174.3 -1.3387 -0.686128
174.4 -1.29292 -0.729851
174.5 -1.24377 -0.771999
174.6 -1.19057 -0.812449
174.7 -1.13241 -0.851052
174.8 -1.06808 -0.887624
174.9 -0.995887 -0.921934
175 -0.913459 -0.953683
175.1 -0.817344 -0.982478
175.2 -0.702395 -1.00778
175.3 -0.560749 -1.02885
175.4 -0.380235 -1.04462
175.5 -0.142372 -1.05349
175.6 0.177831 -1.05316
175.7 0.600517 -1.04052
175.8 1.09845 -1.01238
175.9 1.55263 -0.968003
176 1.84231 -0.911071
176.1 1.97387 -0.847295
176.2 2.01707 -0.780813
176.3 2.0215 -0.713649
176.4 2.01021 -0.646646
176.5 1.99255 -0.580142
176.6 1.97215 -0.514277
176.7 1.95042 -0.449115
176.8 1.92788 -0.38469
176.9 1.90475 -0.321023
177 1.88108 -0.258134
177.1 1.85688 -0.19604
177.2 1.83214 -0.134758
177.3 1.80683 -0.0743086
177.4 1.78091 -0.0147097
177.5 1.75433 0.0440172
177.6 1.72704 0.101849
177.7 1.69899 0.158763
177.8 1.67011 0.21473
177.9 1.64032 0.269724
178 1.60953 0.323711
178.1 1.57764 0.376657
178.2 1.54452 0.428524
178.3 1.51005 0.479269
178.4 1.47404 0.528843
178.5 1.43629 0.577192
178.6 1.39655 0.624256
178.7 1.35453 0.669961
178.8 1.30982 0.714228
178.9 1.26196 0.756958
179 1.21031 0.798037
179.1 1.15407 0.837327
179.2 1.09213 0.874657
179.3 1.02301 0.909814
179.4 0.944614 0.942529
179.5 0.853933 0.972444
179.6 0.746526 0.999084
179.7 0.615665 1.02179
179.8 0.450955 1.03962
179.9 0.236411 1.0512
180 -0.0509569 1.05452
180.1 -0.435909 1.04673
180.2 -0.915498 1.02447
180.3 -1.40333 0.985768
180.4 -1.75894 0.932723
180.5 -1.94013 0.870816
180.6 -2.00783 0.804985
180.7 -2.02251 0.737928
180.8 -2.01533 0.670811
180.9 -1.99936 0.604104
181 -1.97972 0.537998
181.1 -1.95838 0.472578
181.2 -1.9361 0.407883
181.3 -1.91317 0.343939
181.4 -1.88969 0.280767
181.5 -1.86569 0.218384
181.6 -1.84115 0.156807
181.7 -1.81604 0.0960545
181.8 -1.79035 0.0361457
181.9 -1.76401 -0.0228988
182 -1.73699 -0.081057
182.1 -1.70922 -0.138305
182.2 -1.68065 -0.194618
182.3 -1.65119 -0.249967
182.4 -1.62077 -0.304321
182.5 -1.58929 -0.357648
182.6 -1.55664 -0.40991
182.7 -1.52267 -0.461065
182.8 -1.48724 -0.511068
182.9 -1.45014 -0.559867
183 -1.41116 -0.607402
183.1 -1.37 -0.653608
183.2 -1.32631 -0.698404
183.3 -1.27965 -0.741702
183.4 -1.22946 -0.783392
183.5 -1.17498 -0.823346
183.6 -1.11525 -0.861406
183.7 -1.04893 -0.897377
183.8 -0.974178 -0.93101
183.9 -0.888358 -0.961984
184 -0.787629 -0.989873
184.1 -0.666213 -1.01409
184.2 -0.51524 -1.03381
184.3 -0.320986 -1.04785
184.4 -0.0629736 -1.05444
184.5 0.284531 -1.05104
184.6 0.734438 -1.03437
184.7 1.23551 -1.00162
184.8 1.65167 -0.953228
184.9 1.89175 -0.893849
185 1.99198 -0.829012
185.1 2.02083 -0.762205
185.2 2.01938 -0.695032
185.3 2.00573 -0.628145
185.4 1.98708 -0.561809
185.5 1.96622 -0.496135
185.6 1.94423 -0.431174
185.7 1.92152 -0.366957
185.8 1.89824 -0.303504
185.9 1.87442 -0.240833
186 1.85008 -0.178963
186.1 1.82518 -0.11791
186.2 1.7997 -0.0576946
186.3 1.7736 0.00166467
186.4 1.74683 0.0601458
186.5 1.71934 0.117726
186.6 1.69107 0.17438
186.7 1.66194 0.23008
186.8 1.63188 0.284798
186.9 1.6008 0.3385
187 1.56858 0.391151
187.1 1.53511 0.442711
187.2 1.50022 0.493136
187.3 1.46375 0.542376
187.4 1.42548 0.590376
187.5 1.38514 0.63707
187.6 1.34241 0.682385
187.7 1.29689 0.726236
187.8 1.24805 0.768521
187.9 1.19522 0.809119
188 1.13752 0.847884
188.1 1.07376 0.884635
188.2 1.00231 0.919145
188.3 0.920855 0.951123
188.4 0.826059 0.980184
188.5 0.712948 1.00581
188.6 0.573941 1.02727
188.7 0.397303 1.04353
188.8 0.16515 1.05306
188.9 -0.147122 1.05362
189 -0.561153 1.04214
189.1 -1.05611 1.01539
189.2 -1.51986 0.972292
189.3 -1.82494 0.916193
189.4 -1.96714 0.852799
189.5 -2.01541 0.786443
189.6 -2.02193 0.719293
189.7 -2.01148 0.652259
189.8 -1.99417 0.585706
189.9 -1.97393 0.519785
190 -1.95228 0.454562
190.1 -1.9298 0.390074
190.2 -1.90671 0.326343
190.3 -1.88309 0.263387
190.4 -1.85893 0.201226
190.5 -1.83424 0.139876
190.6 -1.80898 0.0793552
190.7 -1.78311 0.0196841
190.8 -1.75659 -0.0391169
190.9 -1.72936 -0.0970253
191 -1.70138 -0.154017
191.1 -1.67257 -0.210065
191.2 -1.64286 -0.265141
191.3 -1.61215 -0.319214
191.4 -1.58036 -0.372249
191.5 -1.54736 -0.424209
191.6 -1.513 -0.475049
191.7 -1.47713 -0.524724
191.8 -1.43953 -0.573178
191.9 -1.39998 -0.620352
192 -1.35815 -0.666175
192.1 -1.31369 -0.710566
192.2 -1.26612 -0.75343
192.3 -1.21482 -0.794652
192.4 -1.159 -0.834098
192.5 -1.09759 -0.871601
192.6 -1.02914 -0.90695
192.7 -0.951624 -0.939882
192.8 -0.862121 -0.970049
192.9 -0.75634 -0.996986
193 -0.627786 -1.02005
193.1 -0.466444 -1.03834
193.2 -0.256876 -1.05052
193.3 0.02335 -1.05463
193.4 0.39948 -1.0479
193.5 0.872981 -1.02697
193.6 1.36573 -0.989633
193.7 1.73619 -0.937604
193.8 1.93033 -0.876222
193.9 2.00481 -0.810588
194 2.02239 -0.743575
194.1 2.01638 -0.676438
194.2 2.00089 -0.609687
194.3 1.98145 -0.543527
194.4 1.96021 -0.478047
194.5 1.938 -0.41329
194.6 1.91512 -0.349283
194.7 1.89168 -0.286045
194.8 1.86772 -0.223595
194.9 1.84323 -0.161949
195 1.81818 -0.101127
195.1 1.79253 -0.0411464
195.2 1.76625 0.0179715
195.3 1.73928 0.0762052
195.4 1.71158 0.133531
195.5 1.68308 0.189923
195.6 1.6537 0.245354
195.7 1.62337 0.299793
195.8 1.59198 0.353208
195.9 1.55943 0.40556
196 1.52558 0.45681
196.1 1.49028 0.506912
196.2 1.45333 0.555814
196.3 1.41451 0.603459
196.4 1.37355 0.649778
196.5 1.33009 0.694697
196.6 1.2837 0.738124
196.7 1.23383 0.779954
196.8 1.17975 0.82006
196.9 1.1205 0.858286
197 1.0548 0.894441
197.1 0.980841 0.928281
197.2 0.896079 0.959494
197.3 0.796791 0.987661
197.4 0.677402 1.01222
197.5 0.52936 1.03236
197.6 0.339427 1.04693
197.7 0.087734 1.05423
197.8 -0.251331 1.05179
197.9 -0.693276 1.03637
198 -1.19454 1.00502
198.1 -1.62318 0.9578
198.2 -1.87799 0.899114
198.3 -1.98711 0.834568
198.4 -2.01995 0.767846
198.5 -2.02013 0.70067
198.6 -2.00713 0.633746
198.7 -1.98875 0.567358
198.8 -1.96803 0.501626
198.9 -1.94611 0.436604
199 -1.92345 0.372323
199.1 -1.90021 0.308805
199.2 -1.87644 0.246069
199.3 -1.85214 0.18413
199.4 -1.82729 0.123008
199.5 -1.80187 0.0627213
199.6 -1.77582 0.00328931
199.7 -1.74911 -0.0552665
199.8 -1.72168 -0.112923
199.9 -1.69348 -0.169656
200 -1.66442 -0.225437
