0 2 0
0.1 1.85592 0.0629115
0.2 1.77502 0.122323
0.3 1.72012 0.179572
0.4 1.67698 0.23524
0.5 1.63926 0.289594
0.6 1.60388 0.342757
0.7 1.56922 0.394775
0.8 1.53435 0.445654
0.9 1.49868 0.495379
1 1.4618 0.543916
1.1 1.42333 0.591218
1.2 1.38295 0.637228
1.3 1.34028 0.681878
1.4 1.29487 0.725086
1.5 1.24619 0.766752
1.6 1.19355 0.80676
1.7 1.13607 0.844966
1.8 1.07252 0.88119
1.9 1.00128 0.915211
2 0.91999 0.946739
2.1 0.825276 0.975392
2.2 0.712081 1.00065
2.3 0.572662 1.0218
2.4 0.394983 1.03779
2.5 0.160604 1.04709
2.6 -0.155917 1.04743
2.7 -0.576616 1.03571
2.8 -1.07783 1.00869
2.9 -1.54075 0.965429
3 -1.83798 0.909498
3.1 -1.97278 0.846635
3.2 -2.01692 0.78104
3.3 -2.02159 0.714757
3.4 -2.01046 0.648626
3.5 -1.99298 0.582983
3.6 -1.97282 0.517965
3.7 -1.95135 0.453631
3.8 -1.92911 0.390015
3.9 -1.90629 0.327137
4 -1.88294 0.265017
4.1 -1.85909 0.203671
4.2 -1.83471 0.143115
4.3 -1.80977 0.0833677
4.4 -1.78424 0.0244475
4.5 -1.75808 -0.0336254
4.6 -1.73123 -0.0908293
4.7 -1.70365 -0.147141
4.8 -1.67525 -0.202535
4.9 -1.64599 -0.256985
5 -1.61576 -0.310459
5.1 -1.58447 -0.362925
5.2 -1.55202 -0.414346
5.3 -1.51825 -0.464683
5.4 -1.48303 -0.513888
5.5 -1.44614 -0.561912
5.6 -1.40737 -0.608697
5.7 -1.36642 -0.654175
5.8 -1.32295 -0.698271
5.9 -1.27651 -0.740894
6 -1.22652 -0.781938
6.1 -1.17225 -0.821275
6.2 -1.11269 -0.858749
6.3 -1.04652 -0.894166
6.4 -0.971844 -0.92728
6.5 -0.886002 -0.957772
6.6 -0.785066 -0.985215
6.7 -0.663118 -1.00902
6.8 -0.511029 -1.02837
6.9 -0.314602 -1.04205
7 -0.0525818 -1.04829
7.1 0.301614 -1.04449
7.2 0.76001 -1.02734
7.3 1.26522 -0.99409
7.4 1.67491 -0.945433
7.5 1.90394 -0.88625
7.6 1.99647 -0.822001
7.7 2.02154 -0.755995
7.8 2.01851 -0.689709
7.9 2.00431 -0.623739
8 1.98557 -0.558322
8.1 1.96482 -0.493557
8.2 1.94302 -0.429491
8.3 1.92054 -0.366152
8.4 1.89752 -0.30356
8.5 1.87398 -0.24173
8.6 1.84993 -0.18068
8.7 1.82535 -0.120428
8.8 1.80019 -0.0609913
8.9 1.77443 -0.00238906
9 1.74801 0.0553579
9.1 1.72089 0.112227
9.2 1.69301 0.168195
9.3 1.6643 0.223236
9.4 1.63468 0.27732
9.5 1.60406 0.330417
9.6 1.57235 0.382493
9.7 1.53941 0.433509
9.8 1.50512 0.483423
9.9 1.46929 0.532188
10 1.43172 0.579751
10.1 1.39216 0.62605
10.2 1.3503 0.671015
10.3 1.30577 0.714565
10.4 1.25806 0.756605
10.5 1.20655 0.79702
10.6 1.15041 0.835673
10.7 1.08854 0.872394
10.8 1.0194 0.906973
10.9 0.940878 0.939138
11 0.849877 0.968534
11.1 0.741833 0.994682
11.2 0.609789 1.01692
11.3 0.442949 1.03429
11.4 0.224635 1.04541
11.5 -0.0691299 1.0482
11.6 -0.463536 1.03976
11.7 -0.95215 1.01673
11.8 -1.43918 0.977307
11.9 -1.78232 0.923965
12 -1.95074 0.862322
12.1 -2.01109 0.797142
12.2 -2.02245 0.73092
12.3 -2.01396 0.664711
12.4 -1.99757 0.598932
12.5 -1.97789 0.533754
12.6 -1.95667 0.469249
12.7 -1.93459 0.405456
12.8 -1.9119 0.342397
12.9 -1.88868 0.280091
13 -1.86495 0.218554
13.1 -1.8407 0.157804
13.2 -1.8159 0.0978579
13.3 -1.79052 0.0387342
13.4 -1.76452 -0.0195472
13.5 -1.73784 -0.076965
13.6 -1.71044 -0.133497
13.7 -1.68225 -0.189117
13.8 -1.65321 -0.243799
13.9 -1.62322 -0.297514
14 -1.59221 -0.350229
14.1 -1.56004 -0.401909
14.2 -1.52661 -0.452514
14.3 -1.49176 -0.501999
14.4 -1.4553 -0.550317
14.5 -1.41701 -0.597409
14.6 -1.37662 -0.643213
14.7 -1.3338 -0.687653
14.8 -1.28813 -0.730644
14.9 -1.23907 -0.772084
15 -1.18592 -0.81185
15.1 -1.12776 -0.849795
15.2 -1.06335 -0.885734
15.3 -0.990959 -0.919436
15.4 -0.908144 -0.950601
15.5 -0.81134 -0.978834
15.6 -0.695208 -1.00359
15.7 -0.551545 -1.02412
15.8 -0.367592 -1.03932
15.9 -0.123927 -1.04758
16 0.205485 -1.04651
16.1 0.63996 -1.03294
16.2 1.14486 -1.00373
16.3 1.59102 -0.958496
16.4 1.86366 -0.901325
16.5 1.98233 -0.837914
16.6 2.01903 -0.772148
16.7 2.02069 -0.705854
16.8 2.00835 -0.639776
16.9 1.99038 -0.574212
17 1.96999 -0.509283
17.1 1.9484 -0.445044
17.2 1.92608 -0.381526
17.3 1.90318 -0.318749
17.4 1.87977 -0.256732
17.5 1.85585 -0.195491
17.6 1.83139 -0.135042
17.7 1.80638 -0.0754051
17.8 1.78077 -0.0165975
17.9 1.75451 0.0413599
18 1.72757 0.0984455
18.1 1.69988 0.154636
18.2 1.67138 0.209905
18.3 1.64199 0.264225
18.4 1.61162 0.317565
18.5 1.58019 0.369893
18.6 1.54756 0.421172
18.7 1.51361 0.471359
18.8 1.47817 0.520409
18.9 1.44105 0.56827
19 1.402 0.614883
19.1 1.36074 0.66018
19.2 1.3169 0.704084
19.3 1.27001 0.746501
19.4 1.2195 0.787324
19.5 1.16458 0.82642
19.6 1.10422 0.86363
19.7 1.03703 0.898754
19.8 0.961034 0.931537
19.9 0.873427 0.961646
20 0.770068 0.988639
20.1 0.644693 1.0119
20.2 0.48761 1.03057
20.3 0.283779 1.04337
20.4 0.0109414 1.04843
20.5 -0.357368 1.04304
20.6 -0.82769 1.02384
20.7 -1.32912 0.988377
20.8 -1.7162 0.937961
20.9 -1.92257 0.877817
21 -2.00258 0.813191
21.1 -2.02223 0.747088
21.2 -2.01704 0.680822
21.3 -2.00198 0.614917
21.4 -1.98287 0.549583
21.5 -1.96194 0.48491
21.6 -1.94003 0.420941
21.7 -1.91748 0.357701
21.8 -1.89439 0.29521
21.9 -1.87078 0.233484
22 -1.84666 0.172541
22.1 -1.822 0.112397
22.2 -1.79677 0.053071
22.3 -1.77092 -0.00541764
22.4 -1.74441 -0.0630481
22.5 -1.71719 -0.119798
22.6 -1.6892 -0.175643
22.7 -1.66037 -0.230556
22.8 -1.63062 -0.28451
22.9 -1.59987 -0.337472
23 -1.568 -0.389408
23.1 -1.53489 -0.440278
23.2 -1.5004 -0.490041
23.3 -1.46435 -0.538648
23.4 -1.42652 -0.586045
23.5 -1.38668 -0.632169
23.6 -1.34449 -0.676949
23.7 -1.29956 -0.720302
23.8 -1.25138 -0.762131
23.9 -1.1993 -0.802317
24 -1.14246 -0.840721
24.1 -1.07971 -0.877169
24.2 -1.00946 -0.91144
24.3 -0.929462 -0.943256
24.4 -0.836479 -0.972247
24.5 -0.725683 -0.997914
24.6 -0.589699 -1.01956
24.7 -0.41707 -1.03618
24.8 -0.190167 -1.04632
24.9 0.115831 -1.04779
25 0.524663 -1.03759
25.1 1.02099 -1.01239
25.2 1.49597 -0.970842
25.3 1.81405 -0.91604
25.4 1.96349 -0.853697
25.5 2.01456 -0.788274
25.6 2.02208 -0.722013
25.7 2.01207 -0.655845
25.8 1.99506 -0.59014
25.9 1.9751 -0.525049
26 1.95375 -0.460639
26.1 1.93157 -0.396943
26.2 1.90881 -0.333984
26.3 1.88552 -0.27178
26.4 1.86173 -0.210348
26.5 1.8374 -0.149705
26.6 1.81253 -0.0898682
26.7 1.78707 -0.0308565
26.8 1.76098 0.0273101
26.9 1.73421 0.0846103
27 1.7067 0.141021
27.1 1.6784 0.196517
27.2 1.64924 0.251071
27.3 1.61912 0.304654
27.4 1.58795 0.357232
27.5 1.55563 0.408769
27.6 1.52202 0.459227
27.7 1.48696 0.508558
27.8 1.45027 0.556715
27.9 1.41171 0.603638
28 1.37102 0.649263
28.1 1.32784 0.693514
28.2 1.28175 0.736303
28.3 1.23219 0.777525
28.4 1.17842 0.817056
28.5 1.11951 0.854743
28.6 1.05414 0.890396
28.7 0.980506 0.923777
28.8 0.89605 0.954574
28.9 0.79701 0.982375
29 0.677737 1.00662
29.1 0.529529 1.0265
29.2 0.338852 1.04088
29.3 0.0852761 1.04804
29.4 -0.257641 1.04549
29.5 -0.705595 1.02997
29.6 -1.21177 0.998536
29.7 -1.63866 0.951382
29.8 -1.88693 0.893059
29.9 -1.99065 0.82916
30 -2.02063 0.76325
30.1 -2.01957 0.696956
30.2 -2.00616 0.630936
30.3 -1.98775 0.565452
30.4 -1.96715 0.500613
30.5 -1.94544 0.43647
30.6 -1.92303 0.37305
30.7 -1.90007 0.310375
30.8 -1.87659 0.248461
30.9 -1.85259 0.187325
31 -1.82807 0.126985
31.1 -1.80297 0.0674575
31.2 -1.77728 0.00876287
31.3 -1.75094 -0.0490788
31.4 -1.7239 -0.106045
31.5 -1.6961 -0.162113
31.6 -1.66748 -0.217257
31.7 -1.63797 -0.271447
31.8 -1.60746 -0.324654
31.9 -1.57588 -0.376843
32 -1.54308 -0.427977
32.1 -1.50894 -0.478014
32.2 -1.47329 -0.526908
32.3 -1.43592 -0.574605
32.4 -1.39659 -0.621045
32.5 -1.35501 -0.66616
32.6 -1.31079 -0.70987
32.7 -1.26345 -0.75208
32.8 -1.2124 -0.792679
32.9 -1.15681 -0.831532
33 -1.09563 -0.868474
33.1 -1.02738 -0.9033
33.2 -0.950016 -0.935745
33.3 -0.860571 -0.965464
33.4 -0.754679 -0.991997
33.5 -0.625703 -1.0147
33.6 -0.46336 -1.03266
33.7 -0.25172 -1.04455
33.8 0.0324411 -1.04838
33.9 0.415083 -1.04134
34 0.896095 -1.02005
34.1 1.3908 -0.982386
34.2 1.75402 -0.930315
34.3 1.93894 -0.869308
34.4 2.00764 -0.804357
34.5 2.0225 -0.73818
34.6 2.01541 -0.671942
34.7 1.99958 -0.606105
34.8 1.98013 -0.540857
34.9 1.95904 -0.476276
35 1.93704 -0.412404
35.1 1.91441 -0.349264
35.2 1.89125 -0.286874
35.3 1.86758 -0.225252
35.4 1.84338 -0.164415
35.5 1.81865 -0.10438
35.6 1.79333 -0.0451657
35.7 1.7674 0.0132089
35.8 1.7408 0.0707224
35.9 1.71348 0.127352
36 1.68538 0.183073
36.1 1.65643 0.23786
36.2 1.62655 0.291682
36.3 1.59565 0.344508
36.4 1.56362 0.396303
36.5 1.53034 0.447028
36.6 1.49565 0.496638
36.7 1.45937 0.545086
36.8 1.4213 0.592316
36.9 1.38115 0.638264
37 1.33862 0.682857
37.1 1.29329 0.726012
37.2 1.24462 0.767627
37.3 1.19196 0.807583
37.4 1.13441 0.845735
37.5 1.07075 0.881904
37.6 0.999339 0.915864
37.7 0.917815 0.947324
37.8 0.822764 0.975901
37.9 0.709084 1.00107
38 0.568956 1.02211
38.1 0.390224 1.03796
38.2 0.154277 1.04708
38.3 -0.164436 1.04718
38.4 -0.587532 1.03514
38.5 -1.08952 1.00774
38.6 -1.54967 0.964134
38.7 -1.84261 0.907981
38.8 -1.97451 0.845019
38.9 -2.01729 0.779393
39 -2.02142 0.713108
39.1 -2.01006 0.646988
39.2 -1.9925 0.58136
39.3 -1.9723 0.516357
39.4 -1.95081 0.452041
39.5 -1.92855 0.388443
39.6 -1.90571 0.325585
39.7 -1.88236 0.263483
39.8 -1.85849 0.202156
39.9 -1.8341 0.141621
40 -1.80915 0.0818934
40.1 -1.7836 0.0229941
40.2 -1.75742 -0.0350575
40.3 -1.73056 -0.0922396
40.4 -1.70295 -0.148529
40.5 -1.67454 -0.2039
40.6 -1.64525 -0.258325
40.7 -1.615 -0.311775
40.8 -1.58368 -0.364216
40.9 -1.55119 -0.415611
41 -1.5174 -0.465919
41.1 -1.48213 -0.515096
41.2 -1.4452 -0.56309
41.3 -1.40638 -0.609843
41.4 -1.36537 -0.655288
41.5 -1.32183 -0.699348
41.6 -1.27531 -0.741933
41.7 -1.22523 -0.782937
41.8 -1.17083 -0.822229
41.9 -1.11113 -0.859655
42 -1.04477 -0.895018
42.1 -0.969859 -0.928071
42.2 -0.883696 -0.958493
42.3 -0.78232 -0.985853
42.4 -0.659751 -1.00956
42.5 -0.506757 -1.02879
42.6 -0.30899 -1.04231
42.7 -0.0450064 -1.04833
42.8 0.31178 -1.04424
42.9 0.772463 -1.02672
43 1.27719 -0.993055
43.1 1.68281 -0.944064
43.2 1.90757 -0.884696
43.3 1.99769 -0.820373
43.4 2.0217 -0.754347
43.5 2.01825 -0.688064
43.6 2.00389 -0.622106
43.7 1.98507 -0.556704
43.8 1.96428 -0.491956
43.9 1.94247 -0.427909
44 1.91998 -0.364588
44.1 1.89694 -0.302014
44.2 1.87339 -0.240203
44.3 1.84933 -0.179173
44.4 1.82473 -0.118941
44.5 1.79956 -0.0595249
44.6 1.77378 -0.000943602
44.7 1.74735 0.0567818
44.8 1.72021 0.113629
44.9 1.69231 0.169574
45 1.66357 0.224591
45.1 1.63393 0.278652
45.2 1.60329 0.331724
45.3 1.57154 0.383773
45.4 1.53858 0.434763
45.5 1.50424 0.484649
45.6 1.46837 0.533385
45.7 1.43076 0.580917
45.8 1.39115 0.627184
45.9 1.34923 0.672115
46 1.30462 0.715629
46.1 1.25683 0.757629
46.2 1.20521 0.798002
46.3 1.14895 0.836609
46.4 1.08691 0.87328
46.5 1.01758 0.907803
46.6 0.938783 0.939904
46.7 0.847422 0.969225
46.8 0.738878 0.995285
46.9 0.60612 1.01741
47 0.438232 1.03465
47.1 0.218362 1.04559
47.2 -0.0776286 1.04814
47.3 -0.474708 1.03938
47.4 -0.96489 1.01595
47.5 -1.44991 0.97613
47.6 -1.78844 0.922509
47.7 -1.95323 0.86073
47.8 -2.01179 0.795502
47.9 -2.0224 0.729272
48 -2.01362 0.66307
48.1 -1.99711 0.597305
48.2 -1.97737 0.532142
48.3 -1.95613 0.467655
48.4 -1.93403 0.40388
48.5 -1.91133 0.340839
48.6 -1.8881 0.278552
48.7 -1.86436 0.217035
48.8 -1.84009 0.156305
48.9 -1.81528 0.0963786
49 -1.78989 0.0372757
49.1 -1.76386 -0.0209845
49.2 -1.73717 -0.0783807
49.3 -1.70975 -0.13489
49.4 -1.68154 -0.190487
49.5 -1.65247 -0.245146
49.6 -1.62246 -0.298836
49.7 -1.59142 -0.351526
49.8 -1.55923 -0.40318
49.9 -1.52577 -0.453757
50 -1.49087 -0.503214
50.1 -1.45437 -0.551502
50.2 -1.41603 -0.598563
50.3 -1.37559 -0.644334
50.4 -1.3327 -0.688739
50.5 -1.28696 -0.731693
50.6 -1.2378 -0.773093
50.7 -1.18454 -0.812816
50.8 -1.12624 -0.850713
50.9 -1.06166 -0.886599
51 -0.989039 -0.920242
51.1 -0.905925 -0.95134
51.2 -0.808716 -0.979494
51.3 -0.692014 -1.00416
51.4 -0.547527 -1.02457
51.5 -0.362357 -1.03962
51.6 -0.116895 -1.04768
51.7 0.214985 -1.04634
51.8 0.651999 -1.03241
51.9 1.15733 -1.00279
52 1.60009 -0.957196
52.1 1.86818 -0.899803
52.2 1.98397 -0.836297
52.3 2.01937 -0.770502
52.4 2.0205 -0.704207
52.5 2.00795 -0.63814
52.6 1.9899 -0.57259
52.7 1.96947 -0.507678
52.8 1.94786 -0.443456
52.9 1.92551 -0.379957
53 1.9026 -0.317199
53.1 1.87918 -0.255201
53.2 1.85525 -0.193979
53.3 1.83078 -0.133551
53.4 1.80575 -0.0739336
53.5 1.78012 -0.0151469
53.6 1.75385 0.0427892
53.7 1.72689 0.0998527
53.8 1.69918 0.15602
53.9 1.67066 0.211266
54 1.64124 0.265562
54.1 1.61085 0.318878
54.2 1.57939 0.371181
54.3 1.54673 0.422432
54.4 1.51275 0.472592
54.5 1.47727 0.521613
54.6 1.4401 0.569444
54.7 1.401 0.616025
54.8 1.35968 0.661289
54.9 1.31577 0.705156
55 1.2688 0.747535
55.1 1.21819 0.788317
55.2 1.16315 0.827369
55.3 1.10264 0.864529
55.4 1.03526 0.899598
55.5 0.959011 0.932319
55.6 0.87107 0.962357
55.7 0.767251 0.989265
55.8 0.641223 1.01243
55.9 0.483188 1.03097
56 0.277943 1.0436
56.1 0.00304865 1.04843
56.2 -0.367899 1.04274
56.3 -0.8403 1.02317
56.4 -1.34071 0.987289
56.5 -1.72346 0.93656
56.6 -1.92577 0.876249
56.7 -2.00359 0.811558
56.8 -2.02231 0.74544
56.9 -2.01675 0.679179
57 -2.00154 0.613286
57.1 -1.98236 0.547968
57.2 -1.9614 0.483312
57.3 -1.93948 0.419361
57.4 -1.91691 0.356139
57.5 -1.89381 0.293667
57.6 -1.87019 0.23196
57.7 -1.84606 0.171036
57.8 -1.82138 0.110913
57.9 -1.79613 0.0516073
58 -1.77027 -0.00686023
58.1 -1.74374 -0.0644691
58.2 -1.71651 -0.121197
58.3 -1.6885 -0.177019
58.4 -1.65964 -0.231909
58.5 -1.62987 -0.285838
58.6 -1.59909 -0.338775
58.7 -1.56719 -0.390685
58.8 -1.53405 -0.441528
58.9 -1.49952 -0.491263
59 -1.46343 -0.539841
59.1 -1.42556 -0.587207
59.2 -1.38566 -0.633298
59.3 -1.34341 -0.678044
59.4 -1.2984 -0.721361
59.5 -1.25013 -0.76315
59.6 -1.19795 -0.803294
59.7 -1.14098 -0.841652
59.8 -1.07807 -0.878048
59.9 -1.0076 -0.912262
60 -0.927325 -0.944013
60.1 -0.833966 -0.972928
60.2 -0.722646 -0.998504
60.3 -0.585911 -1.02004
60.4 -0.412178 -1.03652
60.5 -0.183637 -1.04647
60.6 0.124679 -1.04769
60.7 0.536166 -1.03715
60.8 1.0337 -1.01155
60.9 1.50615 -0.969619
61 1.81956 -0.914558
61.1 1.96565 -0.852095
61.2 2.01512 -0.786632
61.3 2.02198 -0.720365
61.4 2.01171 -0.654206
61.5 1.99459 -0.588515
61.6 1.97459 -0.52344
61.7 1.9532 -0.459047
61.8 1.93102 -0.395369
61.9 1.90824 -0.332429
62 1.88494 -0.270244
62.1 1.86113 -0.208832
62.2 1.83679 -0.148208
62.3 1.8119 -0.0883917
62.4 1.78643 -0.0294008
62.5 1.76032 0.0287446
62.6 1.73353 0.086023
62.7 1.70601 0.142411
62.8 1.67769 0.197884
62.9 1.6485 0.252415
63 1.61836 0.305972
63.1 1.58717 0.358525
63.2 1.55481 0.410037
63.3 1.52117 0.460466
63.4 1.48607 0.50977
63.5 1.44933 0.557896
63.6 1.41073 0.604788
63.7 1.36998 0.650379
63.8 1.32674 0.694595
63.9 1.28056 0.737347
64 1.2309 0.778529
64.1 1.17703 0.818016
64.2 1.11797 0.855654
64.3 1.05241 0.891254
64.4 0.978551 0.924575
64.5 0.893784 0.955303
64.6 0.79432 0.983024
64.7 0.674449 1.00717
64.8 0.525374 1.02693
64.9 0.333414 1.04115
65 0.0779501 1.04811
65.1 -0.267507 1.04528
65.2 -0.71788 1.02939
65.3 -1.224 0.997544
65.4 -1.64709 0.950043
65.5 -1.89094 0.891519
65.6 -1.99204 0.827537
65.7 -2.02086 0.761603
65.8 -2.01935 0.695311
65.9 -2.00575 0.629302
66 -1.98725 0.563833
66.1 -1.96662 0.499011
66.2 -1.94489 0.434885
66.3 -1.92247 0.371483
66.4 -1.89949 0.308827
66.5 -1.876 0.246932
66.6 -1.85199 0.185816
66.7 -1.82745 0.125495
66.8 -1.80234 0.0659888
66.9 -1.77663 0.0073151
67 -1.75027 -0.0505051
67.1 -1.72322 -0.10745
67.2 -1.6954 -0.163495
67.3 -1.66676 -0.218615
67.4 -1.63722 -0.272781
67.5 -1.60669 -0.325963
67.6 -1.57508 -0.378127
67.7 -1.54225 -0.429234
67.8 -1.50807 -0.479243
67.9 -1.47238 -0.528108
68 -1.43497 -0.575774
68.1 -1.39559 -0.622183
68.2 -1.35394 -0.667264
68.3 -1.30965 -0.710937
68.4 -1.26223 -0.753109
68.5 -1.21107 -0.793666
68.6 -1.15537 -0.832474
68.7 -1.09403 -0.869366
68.8 -1.02558 -0.904136
68.9 -0.947955 -0.936518
69 -0.858161 -0.966165
69.1 -0.751787 -0.99261
69.2 -0.622126 -1.01521
69.3 -0.458779 -1.03304
69.4 -0.245649 -1.04475
69.5 0.0406632 -1.04835
69.6 0.425972 -1.041
69.7 0.908804 -1.01931
69.8 1.40194 -0.981249
69.9 1.76064 -0.928883
70 1.94173 -0.867726
70.1 2.00848 -0.80272
70.2 2.02251 -0.736532
70.3 2.01509 -0.6703
70.4 1.99912 -0.604476
70.5 1.97963 -0.539244
70.6 1.9585 -0.474681
70.7 1.93648 -0.410826
70.8 1.91384 -0.347704
70.9 1.89067 -0.285333
71 1.86698 -0.223731
71.1 1.84278 -0.162914
71.2 1.81803 -0.102899
71.3 1.7927 -0.0437049
71.4 1.76675 0.0146486
71.5 1.74013 0.0721404
71.6 1.71279 0.128748
71.7 1.68467 0.184446
71.8 1.6557 0.239209
71.9 1.6258 0.293007
72 1.59487 0.345808
72.1 1.56281 0.397577
72.2 1.5295 0.448274
72.3 1.49477 0.497857
72.4 1.45845 0.546275
72.5 1.42033 0.593473
72.6 1.38013 0.639388
72.7 1.33753 0.683947
72.8 1.29212 0.727065
72.9 1.24337 0.76864
73 1.1906 0.808553
73.1 1.13291 0.846659
73.2 1.06908 0.882776
73.3 0.997448 0.916677
73.4 0.915634 0.948071
73.5 0.82019 0.97657
73.6 0.705962 1.00165
73.7 0.565045 1.02257
73.8 0.385147 1.03828
73.9 0.147476 1.0472
74 -0.17364 1.04704
74.1 -0.599343 1.03465
74.2 -1.10213 1.00684
74.3 -1.55925 0.962867
74.4 -1.84756 0.906477
74.5 -1.97637 0.843409
74.6 -2.01772 0.777749
74.7 -2.02127 0.711461
74.8 -2.00968 0.64535
74.9 -1.99202 0.579736
75 -1.97178 0.514751
75.1 -1.95026 0.450452
75.2 -1.92799 0.386872
75.3 -1.90514 0.324032
75.4 -1.88177 0.26195
75.5 -1.85789 0.200642
75.6 -1.83348 0.140126
75.7 -1.80852 0.0804197
75.8 -1.78296 0.0215411
75.9 -1.75676 -0.0364891
76 -1.72988 -0.0936493
76.1 -1.70225 -0.149916
76.2 -1.67382 -0.205264
76.3 -1.64451 -0.259666
76.4 -1.61423 -0.313091
76.5 -1.58289 -0.365506
76.6 -1.55037 -0.416874
76.7 -1.51654 -0.467155
76.8 -1.48123 -0.516303
76.9 -1.44426 -0.564267
77 -1.40539 -0.610989
77.1 -1.36432 -0.6564
77.2 -1.32072 -0.700425
77.3 -1.27411 -0.742972
77.4 -1.22393 -0.783934
77.5 -1.16942 -0.823183
77.6 -1.10957 -0.860559
77.7 -1.04302 -0.895869
77.8 -0.967868 -0.928861
77.9 -0.881381 -0.959212
78 -0.779561 -0.986489
78.1 -0.656365 -1.0101
78.2 -0.502458 -1.0292
78.3 -0.303337 -1.04256
78.4 -0.0373732 -1.04836
78.5 0.322014 -1.04398
78.6 0.784948 -1.02608
78.7 1.2891 -0.992009
78.8 1.6906 -0.94269
78.9 1.91111 -0.88314
79 1.99886 -0.818745
79.1 2.02185 -0.752699
79.2 2.01799 -0.68642
79.3 2.00346 -0.620473
79.4 1.98457 -0.555087
79.5 1.96375 -0.490356
79.6 1.94192 -0.426326
79.7 1.91941 -0.363024
79.8 1.89636 -0.300468
79.9 1.8728 -0.238677
80 1.84873 -0.177667
80.1 1.82411 -0.117455
80.2 1.79893 -0.0580589
80.3 1.77313 0.000501322
80.4 1.74668 0.0582052
80.5 1.71952 0.11503
80.6 1.6916 0.170953
80.7 1.66285 0.225946
80.8 1.63318 0.279982
80.9 1.60251 0.33303
81 1.57074 0.385053
81.1 1.53774 0.436016
81.2 1.50337 0.485874
81.3 1.46746 0.534581
81.4 1.4298 0.582082
81.5 1.39014 0.628317
81.6 1.34816 0.673214
81.7 1.30347 0.716691
81.8 1.25559 0.758653
81.9 1.20388 0.798984
82 1.14748 0.837545
82.1 1.08529 0.874165
82.2 1.01574 0.908631
82.3 0.93668 0.940668
82.4 0.844956 0.969915
82.5 0.735908 0.995886
82.6 0.602429 1.01791
82.7 0.433483 1.035
82.8 0.212043 1.04576
82.9 -0.0861912 1.04807
83 -0.485943 1.03899
83.1 -0.977631 1.01516
83.2 -1.46054 0.974944
83.3 -1.79444 0.921049
83.4 -1.95567 0.859137
83.5 -2.01246 0.793863
83.6 -2.02235 0.727624
83.7 -2.01328 0.661429
83.8 -1.99665 0.595678
83.9 -1.97686 0.530532
84 -1.95559 0.466062
84.1 -1.93348 0.402304
84.2 -1.91076 0.339282
84.3 -1.88751 0.277014
84.4 -1.86376 0.215516
84.5 -1.83948 0.154806
84.6 -1.81466 0.0948999
84.7 -1.78925 0.0358176
84.8 -1.76321 -0.0224214
84.9 -1.7365 -0.0797958
85 -1.70906 -0.136283
85.1 -1.68083 -0.191857
85.2 -1.65174 -0.246492
85.3 -1.62171 -0.300158
85.4 -1.59063 -0.352822
85.5 -1.55841 -0.40445
85.6 -1.52492 -0.455
85.7 -1.48999 -0.504429
85.8 -1.45344 -0.552687
85.9 -1.41505 -0.599716
86 -1.37455 -0.645454
86.1 -1.3316 -0.689825
86.2 -1.28578 -0.732741
86.3 -1.23653 -0.774101
86.4 -1.18316 -0.81378
86.5 -1.12472 -0.85163
86.6 -1.05996 -0.887464
86.7 -0.987113 -0.921047
86.8 -0.903698 -0.952077
86.9 -0.806079 -0.980152
87 -0.688802 -1.00472
87.1 -0.543484 -1.02501
87.2 -0.357085 -1.03991
87.3 -0.10981 -1.04777
87.4 0.224553 -1.04616
87.5 0.664087 -1.03187
87.6 1.16977 -1.00184
87.7 1.60905 -0.955888
87.8 1.87259 -0.898278
87.9 1.98557 -0.834679
88 2.01969 -0.768856
88.1 2.0203 -0.702561
88.2 2.00755 -0.636504
88.3 1.98941 -0.570969
88.4 1.96894 -0.506073
88.5 1.94731 -0.44187
88.6 1.92495 -0.378388
88.7 1.90203 -0.315649
88.8 1.87859 -0.25367
88.9 1.85464 -0.192468
89 1.83016 -0.132059
89.1 1.80512 -0.0724626
89.2 1.77948 -0.0136968
89.3 1.75319 0.0442178
89.4 1.72621 0.101259
89.5 1.69848 0.157404
89.6 1.66994 0.212627
89.7 1.6405 0.266899
89.8 1.61009 0.32019
89.9 1.57859 0.372467
90 1.54591 0.423692
90.1 1.51189 0.473824
90.2 1.47637 0.522816
90.3 1.43916 0.570616
90.4 1.40001 0.617166
90.5 1.35862 0.662396
90.6 1.31464 0.706228
90.7 1.26759 0.748569
90.8 1.21688 0.789309
90.9 1.16172 0.828316
91 1.10106 0.865427
91.1 1.03348 0.900441
91.2 0.956982 0.933099
91.3 0.868704 0.963066
91.4 0.764421 0.989889
91.5 0.637734 1.01295
91.6 0.478737 1.03136
91.7 0.272064 1.04382
91.8 -0.00490416 1.04843
91.9 -0.378497 1.04244
92 -0.852933 1.02248
92.1 -1.35222 0.986192
92.2 -1.7306 0.935152
92.3 -1.92888 0.874677
92.4 -2.00457 0.809925
92.5 -2.02238 0.743792
92.6 -2.01646 0.677535
92.7 -2.0011 0.611655
92.8 -1.98186 0.546353
92.9 -1.96087 0.481714
93 -1.93893 0.417781
93.1 -1.91635 0.354578
93.2 -1.89323 0.292124
93.3 -1.8696 0.230437
93.4 -1.84545 0.169533
93.5 -1.82076 0.109429
93.6 -1.7955 0.0501442
93.7 -1.76962 -0.00830229
93.8 -1.74308 -0.0658895
93.9 -1.71582 -0.122595
94 -1.68779 -0.178394
94.1 -1.65892 -0.233261
94.2 -1.62912 -0.287166
94.3 -1.59831 -0.340078
94.4 -1.56638 -0.391961
94.5 -1.53321 -0.442778
94.6 -1.49864 -0.492485
94.7 -1.46251 -0.541033
94.8 -1.42459 -0.588368
94.9 -1.38464 -0.634427
95 -1.34232 -0.679138
95.1 -1.29724 -0.722418
95.2 -1.24889 -0.764168
95.3 -1.1966 -0.804269
95.4 -1.1395 -0.842581
95.5 -1.07641 -0.878925
95.6 -1.00574 -0.913082
95.7 -0.92518 -0.944768
95.8 -0.831442 -0.973606
95.9 -0.719594 -0.999091
96 -0.582101 -1.02051
96.1 -0.407252 -1.03686
96.2 -0.177057 -1.04662
96.3 0.133591 -1.04759
96.4 0.547729 -1.03671
96.5 1.0464 -1.0107
96.6 1.51621 -0.968388
96.7 1.82497 -0.913073
96.8 1.96776 -0.850492
96.9 2.01565 -0.78499
97 2.02187 -0.718718
97.1 2.01134 -0.652567
97.2 1.99412 -0.58689
97.3 1.97407 -0.521832
97.4 1.95266 -0.457456
97.5 1.93046 -0.393796
97.6 1.90767 -0.330874
97.7 1.88435 -0.268709
97.8 1.86053 -0.207315
97.9 1.83618 -0.146712
98 1.81128 -0.0869157
98.1 1.78579 -0.0279455
98.2 1.75966 0.0301786
98.3 1.73286 0.0874351
98.4 1.70532 0.143801
98.5 1.67698 0.199251
98.6 1.64776 0.253757
98.7 1.6176 0.307291
98.8 1.58638 0.359818
98.9 1.55399 0.411303
99 1.52031 0.461705
99.1 1.48518 0.51098
99.2 1.4484 0.559076
99.3 1.40974 0.605937
99.4 1.36894 0.651495
99.5 1.32563 0.695676
99.6 1.27938 0.73839
99.7 1.22962 0.779531
99.8 1.17563 0.818974
99.9 1.11642 0.856565
100 1.05069 0.892111
100.1 0.976589 0.925371
100.2 0.89151 0.95603
100.3 0.791618 0.98367
100.4 0.671143 1.00772
100.5 0.521193 1.02736
100.6 0.327937 1.04142
100.7 0.0705682 1.04817
100.8 -0.277441 1.04506
100.9 -0.730206 1.0288
101 -1.23617 0.996542
101.1 -1.6554 0.948697
101.2 -1.89487 0.889975
101.3 -1.99339 0.825913
101.4 -2.02108 0.759956
101.5 -2.01911 0.693665
101.6 -2.00533 0.627668
101.7 -1.98676 0.562214
101.8 -1.96609 0.497408
101.9 -1.94434 0.4333
102 -1.9219 0.369917
102.1 -1.89891 0.307279
102.2 -1.87541 0.245404
102.3 -1.85139 0.184307
102.4 -1.82683 0.124007
102.5 -1.80171 0.0645205
102.6 -1.77599 0.00586785
102.7 -1.74961 -0.0519309
102.8 -1.72253 -0.108853
102.9 -1.6947 -0.164876
103 -1.66604 -0.219973
103.1 -1.63647 -0.274115
103.2 -1.60592 -0.327272
103.3 -1.57428 -0.379409
103.4 -1.54142 -0.43049
103.5 -1.50721 -0.480472
103.6 -1.47147 -0.529307
103.7 -1.43401 -0.576943
103.8 -1.39458 -0.623319
103.9 -1.35288 -0.668367
104 -1.30851 -0.712004
104.1 -1.26101 -0.754137
104.2 -1.20975 -0.794652
104.3 -1.15392 -0.833415
104.4 -1.09242 -0.870257
104.5 -1.02378 -0.904971
104.6 -0.945886 -0.937289
104.7 -0.855741 -0.966863
104.8 -0.748882 -0.993222
104.9 -0.618528 -1.01571
105 -0.454167 -1.03341
105.1 -0.239533 -1.04495
105.2 0.0489475 -1.04831
105.3 0.436926 -1.04065
105.4 0.921524 -1.01857
105.5 1.41299 -0.980102
105.6 1.76715 -0.927445
105.7 1.94446 -0.866141
105.8 2.00928 -0.801083
105.9 2.02251 -0.734884
106 2.01476 -0.668658
106.1 1.99867 -0.602848
106.2 1.97912 -0.537631
106.3 1.95797 -0.473085
106.4 1.93593 -0.409248
106.5 1.91327 -0.346145
106.6 1.89008 -0.283793
106.7 1.86639 -0.22221
106.8 1.84217 -0.161413
106.9 1.8174 -0.101418
107 1.79206 -0.0422445
107.1 1.76609 0.0160878
107.2 1.73946 0.0735579
107.3 1.7121 0.130143
107.4 1.68396 0.185819
107.5 1.65497 0.240558
107.6 1.62504 0.294331
107.7 1.59409 0.347107
107.8 1.562 0.39885
107.9 1.52865 0.44952
108 1.49389 0.499074
108.1 1.45753 0.547463
108.2 1.41935 0.59463
108.3 1.3791 0.640512
108.4 1.33644 0.685037
108.5 1.29095 0.728117
108.6 1.24211 0.769653
108.7 1.18923 0.809523
108.8 1.1314 0.847581
108.9 1.0674 0.883646
109 0.995549 0.917489
109.1 0.913444 0.948816
109.2 0.817605 0.977238
109.3 0.702824 1.00222
109.4 0.561109 1.02303
109.5 0.380034 1.03859
109.6 0.140623 1.04732
109.7 -0.182911 1.04689
109.8 -0.611208 1.03416
109.9 -1.11472 1.00594
110 -1.56872 0.961593
110.1 -1.85241 0.904969
110.2 -1.97818 0.841797
110.3 -2.01813 0.776105
110.4 -2.02111 0.709814
110.5 -2.00929 0.643713
110.6 -1.99154 0.578114
110.7 -1.97125 0.513144
110.8 -1.94972 0.448863
110.9 -1.92743 0.385301
111 -1.90456 0.32248
111.1 -1.88118 0.260417
111.2 -1.85729 0.199129
111.3 -1.83287 0.138633
111.4 -1.80789 0.0789465
111.5 -1.78232 0.0200887
111.6 -1.7561 -0.0379201
111.7 -1.7292 -0.0950584
111.8 -1.70156 -0.151303
111.9 -1.6731 -0.206628
112 -1.64377 -0.261005
112.1 -1.61347 -0.314405
112.2 -1.5821 -0.366795
112.3 -1.54955 -0.418137
112.4 -1.51568 -0.46839
112.5 -1.48034 -0.51751
112.6 -1.44332 -0.565444
112.7 -1.40439 -0.612133
112.8 -1.36327 -0.657511
112.9 -1.3196 -0.7015
113 -1.27291 -0.74401
113.1 -1.22263 -0.784931
113.2 -1.168 -0.824135
113.3 -1.10801 -0.861463
113.4 -1.04127 -0.896718
113.5 -0.965869 -0.929648
113.6 -0.879056 -0.959929
113.7 -0.776789 -0.987123
113.8 -0.65296 -1.01063
113.9 -0.498131 -1.0296
114 -0.297643 -1.0428
114.1 -0.0296818 -1.04839
114.2 0.332315 -1.04372
114.3 0.797466 -1.02544
114.4 1.30094 -0.990954
114.5 1.69826 -0.941309
114.6 1.91457 -0.88158
114.7 2 -0.817115
114.8 2.02198 -0.751052
114.9 2.01772 -0.684776
115 2.00303 -0.618841
115.1 1.98407 -0.55347
115.2 1.96322 -0.488756
115.3 1.94136 -0.424744
115.4 1.91884 -0.36146
115.5 1.89578 -0.298924
115.6 1.87221 -0.237152
115.7 1.84812 -0.176161
115.8 1.82349 -0.115969
115.9 1.79829 -0.0565935
116 1.77248 0.00194572
116.1 1.74602 0.0596281
116.2 1.71884 0.116431
116.3 1.6909 0.172331
116.4 1.66212 0.227301
116.5 1.63243 0.281313
116.6 1.60174 0.334335
116.7 1.56994 0.386333
116.8 1.5369 0.437268
116.9 1.5025 0.487099
117 1.46655 0.535776
117.1 1.42884 0.583247
117.2 1.38912 0.629449
117.3 1.34708 0.674312
117.4 1.30233 0.717753
117.5 1.25436 0.759675
117.6 1.20254 0.799964
117.7 1.14601 0.838479
117.8 1.08366 0.875049
117.9 1.01391 0.909458
118 0.93457 0.94143
118.1 0.84248 0.970602
118.2 0.732924 0.996485
118.3 0.598717 1.0184
118.4 0.428702 1.03536
118.5 0.205676 1.04593
118.6 -0.0948178 1.048
118.7 -0.49724 1.03859
118.8 -0.99037 1.01436
118.9 -1.47107 0.97375
119 -1.80033 0.919583
119.1 -1.95804 0.857542
119.2 -2.01311 0.792222
119.3 -2.02228 0.725976
119.4 -2.01293 0.659789
119.5 -1.99618 0.594051
119.6 -1.97634 0.528921
119.7 -1.95505 0.464469
119.8 -1.93292 0.400729
119.9 -1.91019 0.337726
120 -1.88693 0.275476
120.1 -1.86316 0.213998
120.2 -1.83887 0.153307
120.3 -1.81403 0.0934216
120.4 -1.78861 0.0343601
120.5 -1.76255 -0.0238577
120.6 -1.73583 -0.0812103
120.7 -1.70837 -0.137675
120.8 -1.68012 -0.193226
120.9 -1.65101 -0.247837
121 -1.62095 -0.301479
121.1 -1.58985 -0.354118
121.2 -1.5576 -0.405719
121.3 -1.52407 -0.456242
121.4 -1.4891 -0.505642
121.5 -1.45251 -0.55387
121.6 -1.41407 -0.600869
121.7 -1.37352 -0.646574
121.8 -1.3305 -0.690909
121.9 -1.2846 -0.733788
122 -1.23526 -0.775108
122.1 -1.18177 -0.814744
122.2 -1.12319 -0.852546
122.3 -1.05825 -0.888327
122.4 -0.98518 -0.921851
122.5 -0.901463 -0.952813
122.6 -0.803431 -0.980807
122.7 -0.685573 -1.00528
122.8 -0.539417 -1.02546
122.9 -0.351776 -1.0402
123 -0.102671 -1.04786
123.1 0.234188 -1.04598
123.2 0.676222 -1.03133
123.3 1.18216 -1.00088
123.4 1.61789 -0.954574
123.5 1.87692 -0.89675
123.6 1.98711 -0.83306
123.7 2.01999 -0.76721
123.8 2.0201 -0.700915
123.9 2.00715 -0.634869
124 1.98892 -0.569349
124.1 1.96842 -0.504469
124.2 1.94676 -0.440283
124.3 1.92439 -0.37682
124.4 1.90145 -0.314099
124.5 1.878 -0.25214
124.6 1.85404 -0.190957
124.7 1.82955 -0.130568
124.8 1.80449 -0.0709922
124.9 1.77883 -0.0122472
125 1.75253 0.045646
125.1 1.72553 0.102666
125.2 1.69778 0.158788
125.3 1.66922 0.213987
125.4 1.63976 0.268235
125.5 1.60932 0.321502
125.6 1.5778 0.373753
125.7 1.54508 0.424951
125.8 1.51102 0.475055
125.9 1.47547 0.524018
126 1.43821 0.571789
126.1 1.39901 0.618306
126.2 1.35756 0.663503
126.3 1.31351 0.707298
126.4 1.26638 0.749601
126.5 1.21557 0.7903
126.6 1.16028 0.829262
126.7 1.09947 0.866324
126.8 1.0317 0.901282
126.9 0.954945 0.933878
127 0.866327 0.963772
127.1 0.761577 0.990511
127.2 0.634225 1.01347
127.3 0.474257 1.03175
127.4 0.266142 1.04404
127.5 -0.0129174 1.04843
127.6 -0.389161 1.04213
127.7 -0.865587 1.02178
127.8 -1.36365 0.985085
127.9 -1.73762 0.933738
128 -1.93192 0.873103
128.1 -2.00551 0.808291
128.2 -2.02243 0.742144
128.3 -2.01615 0.675893
128.4 -2.00065 0.610025
128.5 -1.98135 0.544738
128.6 -1.96033 0.480117
128.7 -1.93837 0.416201
128.8 -1.91578 0.353017
128.9 -1.89265 0.290582
129 -1.869 0.228914
129.1 -1.84484 0.168029
129.2 -1.82014 0.107946
129.3 -1.79486 0.0486815
129.4 -1.76897 -0.00974382
129.5 -1.74241 -0.0673094
129.6 -1.71513 -0.123993
129.7 -1.68708 -0.179769
129.8 -1.65819 -0.234612
129.9 -1.62837 -0.288493
130 -1.59753 -0.34138
130.1 -1.56557 -0.393237
130.2 -1.53237 -0.444027
130.3 -1.49776 -0.493705
130.4 -1.46159 -0.542224
130.5 -1.42363 -0.589528
130.6 -1.38362 -0.635555
130.7 -1.34124 -0.680231
130.8 -1.29608 -0.723474
130.9 -1.24764 -0.765185
131 -1.19524 -0.805244
131.1 -1.13801 -0.843508
131.2 -1.07476 -0.879802
131.3 -1.00386 -0.913901
131.4 -0.923027 -0.94552
131.5 -0.828907 -0.974283
131.6 -0.716527 -0.999676
131.7 -0.578269 -1.02099
131.8 -0.402293 -1.03719
131.9 -0.170428 -1.04676
132 0.14257 -1.04748
132.1 0.559349 -1.03626
132.2 1.05909 -1.00984
132.3 1.52617 -0.967148
132.4 1.83028 -0.911583
132.5 1.96981 -0.848886
132.6 2.01616 -0.783347
132.7 2.02175 -0.71707
132.8 2.01097 -0.650928
132.9 1.99365 -0.585265
133 1.97355 -0.520224
133.1 1.95212 -0.455865
133.2 1.9299 -0.392224
133.3 1.90709 -0.32932
133.4 1.88377 -0.267174
133.5 1.85993 -0.2058
133.6 1.83557 -0.145216
133.7 1.81065 -0.0854402
133.8 1.78515 -0.0264908
133.9 1.759 0.031612
134 1.73218 0.0888467
134.1 1.70462 0.14519
134.2 1.67626 0.200617
134.3 1.64703 0.2551
134.4 1.61683 0.308608
134.5 1.58559 0.36111
134.6 1.55317 0.412569
134.7 1.51946 0.462944
134.8 1.48428 0.51219
134.9 1.44746 0.560256
135 1.40876 0.607085
135.1 1.36789 0.65261
135.2 1.32452 0.696755
135.3 1.27818 0.739431
135.4 1.22833 0.780532
135.5 1.17422 0.819932
135.6 1.11487 0.857474
135.7 1.04896 0.892967
135.8 0.974621 0.926166
135.9 0.889226 0.956756
136 0.788902 0.984314
136.1 0.667819 1.00826
136.2 0.516986 1.02778
136.3 0.322421 1.04169
136.4 0.06313 1.04822
136.5 -0.287444 1.04483
136.6 -0.742572 1.0282
136.7 -1.24829 0.995529
136.8 -1.6636 0.947345
136.9 -1.8987 0.888429
137 -1.9947 0.824287
137.1 -2.02128 0.758309
137.2 -2.01887 0.69202
137.3 -2.00491 0.626034
137.4 -1.98627 0.560595
137.5 -1.96556 0.495807
137.6 -1.94379 0.431716
137.7 -1.92134 0.368352
137.8 -1.89833 0.305732
137.9 -1.87482 0.243876
138 -1.85078 0.182799
138.1 -1.82622 0.122519
138.2 -1.80108 0.0630529
138.3 -1.77534 0.00442112
138.4 -1.74895 -0.0533561
138.5 -1.72185 -0.110257
138.6 -1.694 -0.166256
138.7 -1.66531 -0.22133
138.8 -1.63573 -0.275448
138.9 -1.60515 -0.32858
139 -1.57347 -0.380692
139.1 -1.54058 -0.431746
139.2 -1.50634 -0.481699
139.3 -1.47056 -0.530505
139.4 -1.43306 -0.578111
139.5 -1.39358 -0.624455
139.6 -1.35181 -0.669468
139.7 -1.30737 -0.71307
139.8 -1.25978 -0.755164
139.9 -1.20842 -0.795637
140 -1.15246 -0.834354
140.1 -1.09081 -0.871147
140.2 -1.02196 -0.905804
140.3 -0.943809 -0.938059
140.4 -0.85331 -0.967559
140.5 -0.745961 -0.993831
140.6 -0.614909 -1.01622
140.7 -0.449525 -1.03378
140.8 -0.233371 -1.04514
140.9 0.0572943 -1.04827
141 0.447944 -1.04028
141.1 0.934253 -1.01781
141.2 1.42395 -0.978946
141.3 1.77354 -0.926002
141.4 1.94712 -0.864555
141.5 2.01005 -0.799445
141.6 2.02249 -0.733236
141.7 2.01443 -0.667017
141.8 1.99821 -0.601219
141.9 1.97861 -0.536019
142 1.95743 -0.47149
142.1 1.93537 -0.407671
142.2 1.9127 -0.344586
142.3 1.8895 -0.282254
142.4 1.86579 -0.22069
142.5 1.84156 -0.159912
142.6 1.81678 -0.0999374
142.7 1.79142 -0.0407847
142.8 1.76544 0.0175264
142.9 1.73879 0.0749748
143 1.71141 0.131538
143.1 1.68325 0.18719
143.2 1.65424 0.241906
143.3 1.62429 0.295655
143.4 1.59331 0.348406
143.5 1.56119 0.400122
143.6 1.5278 0.450765
143.7 1.493 0.500291
143.8 1.4566 0.54865
143.9 1.41838 0.595786
144 1.37807 0.641636
144.1 1.33534 0.686125
144.2 1.28978 0.729168
144.3 1.24085 0.770664
144.4 1.18785 0.810491
144.5 1.12989 0.848502
144.6 1.06572 0.884515
144.7 0.993645 0.918299
144.8 0.911246 0.94956
144.9 0.815009 0.977903
145 0.699669 1.0028
145.1 0.55715 1.02349
145.2 0.374887 1.0389
145.3 0.133718 1.04743
145.4 -0.19225 1.04674
145.5 -0.623126 1.03366
145.6 -1.12727 1.00503
145.7 -1.57807 0.960311
145.8 -1.85716 0.903456
145.9 -1.97994 0.840183
146 -2.01852 0.77446
146.1 -2.02094 0.708167
146.2 -2.0089 0.642076
146.3 -1.99106 0.576491
146.4 -1.97073 0.511538
146.5 -1.94917 0.447275
146.6 -1.92687 0.383731
146.7 -1.90399 0.320929
146.8 -1.8806 0.258885
146.9 -1.85669 0.197616
147 -1.83226 0.13714
147.1 -1.80726 0.0774737
147.2 -1.78167 0.0186369
147.3 -1.75544 -0.0393507
147.4 -1.72852 -0.096467
147.5 -1.70086 -0.152689
147.6 -1.67239 -0.20799
147.7 -1.64303 -0.262344
147.8 -1.6127 -0.31572
147.9 -1.5813 -0.368084
148 -1.54872 -0.419399
148.1 -1.51482 -0.469625
148.2 -1.47944 -0.518716
148.3 -1.44238 -0.566619
148.4 -1.4034 -0.613277
148.5 -1.36222 -0.658622
148.6 -1.31847 -0.702575
148.7 -1.27171 -0.745046
148.8 -1.22133 -0.785927
148.9 -1.16658 -0.825086
149 -1.10644 -0.862365
149.1 -1.03951 -0.897565
149.2 -0.963864 -0.930435
149.3 -0.876723 -0.960644
149.4 -0.774004 -0.987755
149.5 -0.649536 -1.01116
149.6 -0.493777 -1.03001
149.7 -0.291908 -1.04304
149.8 -0.0219318 -1.04841
149.9 0.342684 -1.04344
150 0.810013 -1.02478
150.1 1.3127 -0.989889
150.2 1.70581 -0.939921
150.3 1.91796 -0.880018
150.4 2.0011 -0.815484
150.5 2.02209 -0.749404
150.6 2.01744 -0.683132
150.7 2.00259 -0.617209
150.8 1.98357 -0.551854
150.9 1.96269 -0.487157
151 1.94081 -0.423163
151.1 1.91828 -0.359897
151.2 1.8952 -0.297379
151.3 1.87162 -0.235626
151.4 1.84752 -0.174655
151.5 1.82287 -0.114483
151.6 1.79766 -0.0551286
151.7 1.77183 0.00338958
151.8 1.74535 0.0610504
151.9 1.71816 0.117831
152 1.69019 0.173708
152.1 1.66139 0.228655
152.2 1.63168 0.282642
152.3 1.60096 0.33564
152.4 1.56913 0.387612
152.5 1.53607 0.43852
152.6 1.50163 0.488323
152.7 1.46563 0.536971
152.8 1.42788 0.584411
152.9 1.38811 0.63058
153 1.346 0.675409
153.1 1.30118 0.718813
153.2 1.25312 0.760697
153.3 1.20119 0.800943
153.4 1.14454 0.839412
153.5 1.08202 0.875931
153.6 1.01206 0.910283
153.7 0.932452 0.942191
153.8 0.839993 0.971288
153.9 0.729924 0.997081
154 0.594983 1.01888
154.1 0.423889 1.0357
154.2 0.199262 1.0461
154.3 -0.103509 1.04792
154.4 -0.508599 1.03818
154.5 -1.00311 1.01354
154.6 -1.4815 0.972547
154.7 -1.80611 0.918113
154.8 -1.96035 0.855944
154.9 -2.01373 0.790581
155 -2.02221 0.724328
155.1 -2.01258 0.658149
155.2 -1.99572 0.592425
155.3 -1.97583 0.527311
155.4 -1.95451 0.462876
155.5 -1.93236 0.399155
155.6 -1.90961 0.33617
155.7 -1.88635 0.273939
155.8 -1.86257 0.21248
155.9 -1.83826 0.151809
156 -1.81341 0.0919439
156.1 -1.78797 0.0329031
156.2 -1.7619 -0.0252935
156.3 -1.73515 -0.0826243
156.4 -1.70768 -0.139066
156.5 -1.67941 -0.194595
156.6 -1.65027 -0.249182
156.7 -1.62019 -0.302799
156.8 -1.58906 -0.355413
156.9 -1.55678 -0.406988
157 -1.52322 -0.457483
157.1 -1.48821 -0.506855
157.2 -1.45158 -0.555053
157.3 -1.41309 -0.602021
157.4 -1.37248 -0.647692
157.5 -1.3294 -0.691993
157.6 -1.28342 -0.734834
157.7 -1.23398 -0.776114
157.8 -1.18038 -0.815706
157.9 -1.12166 -0.85346
158 -1.05654 -0.889188
158.1 -0.983241 -0.922653
158.2 -0.899219 -0.953546
158.3 -0.80077 -0.981461
158.4 -0.682328 -1.00584
158.5 -0.535324 -1.02589
158.6 -0.34643 -1.04049
158.7 -0.0954772 -1.04794
158.8 0.243891 -1.04578
158.9 0.688404 -1.03077
159 1.1945 -0.999914
159.1 1.62661 -0.953251
159.2 1.88115 -0.895218
159.3 1.98861 -0.831439
159.4 2.02027 -0.765564
159.5 2.01988 -0.699269
159.6 2.00674 -0.633233
159.7 1.98844 -0.567728
159.8 1.96789 -0.502866
159.9 1.94621 -0.438697
160 1.92382 -0.375252
160.1 1.90088 -0.31255
160.2 1.87741 -0.25061
160.3 1.85344 -0.189446
160.4 1.82893 -0.129078
160.5 1.80386 -0.0695222
160.6 1.77819 -0.0107982
160.7 1.75187 0.0470736
160.8 1.72485 0.104071
160.9 1.69708 0.160171
161 1.6685 0.215347
161.1 1.63901 0.269571
161.2 1.60855 0.322813
161.3 1.577 0.375038
161.4 1.54425 0.42621
161.5 1.51016 0.476286
161.6 1.47456 0.52522
161.7 1.43726 0.57296
161.8 1.398 0.619446
161.9 1.3565 0.664608
162 1.31238 0.708368
162.1 1.26517 0.750632
162.2 1.21425 0.79129
162.3 1.15884 0.830206
162.4 1.09788 0.867219
162.5 1.02991 0.902122
162.6 0.952901 0.934655
162.7 0.863941 0.964477
162.8 0.758719 0.99113
162.9 0.630696 1.01398
163 0.469747 1.03213
163.1 0.260177 1.04426
163.2 -0.0209916 1.04841
163.3 -0.399892 1.04181
163.4 -0.87826 1.02106
163.5 -1.375 0.98397
163.6 -1.74452 0.932319
163.7 -1.93489 0.871527
163.8 -2.00642 0.806656
163.9 -2.02247 0.740496
164 -2.01585 0.67425
164.1 -2.00021 0.608395
164.2 -1.98085 0.543124
164.3 -1.9598 0.47852
164.4 -1.93782 0.414622
164.5 -1.91521 0.351456
164.6 -1.89206 0.28904
164.7 -1.86841 0.227391
164.8 -1.84424 0.166526
164.9 -1.81952 0.106463
165 -1.79423 0.0472194
165.1 -1.76831 -0.0111848
165.2 -1.74174 -0.0687288
165.3 -1.71445 -0.12539
165.4 -1.68638 -0.181143
165.5 -1.65746 -0.235963
165.6 -1.62761 -0.289819
165.7 -1.59675 -0.342681
165.8 -1.56476 -0.394512
165.9 -1.53152 -0.445275
166 -1.49689 -0.494925
166.1 -1.46067 -0.543414
166.2 -1.42266 -0.590687
166.3 -1.38259 -0.636681
166.4 -1.34015 -0.681324
166.5 -1.29492 -0.72453
166.6 -1.24639 -0.766201
166.7 -1.19388 -0.806217
166.8 -1.13651 -0.844435
166.9 -1.0731 -0.880677
167 -1.00199 -0.914718
167.1 -0.920866 -0.946272
167.2 -0.826361 -0.974957
167.3 -0.713443 -1.00026
167.4 -0.574413 -1.02146
167.5 -0.397299 -1.03751
167.6 -0.163749 -1.0469
167.7 0.151614 -1.04736
167.8 0.571027 -1.0358
167.9 1.07176 -1.00897
168 1.53602 -0.965901
168.1 1.83548 -0.910088
168.2 1.9718 -0.84728
168.3 2.01665 -0.781703
168.4 2.02162 -0.715423
168.5 2.0106 -0.64929
168.6 1.99317 -0.583641
168.7 1.97303 -0.518616
168.8 1.95157 -0.454275
168.9 1.92934 -0.390651
169 1.90652 -0.327767
169.1 1.88318 -0.265639
169.2 1.85933 -0.204285
169.3 1.83496 -0.143721
169.4 1.81003 -0.0839652
169.5 1.7845 -0.0250366
169.6 1.75835 0.0330449
169.7 1.73151 0.0902577
169.8 1.70393 0.146579
169.9 1.67554 0.201982
170 1.64629 0.256441
170.1 1.61607 0.309925
170.2 1.5848 0.362402
170.3 1.55235 0.413834
170.4 1.5186 0.464181
170.5 1.48339 0.513399
170.6 1.44652 0.561435
170.7 1.40777 0.608232
170.8 1.36685 0.653724
170.9 1.3234 0.697834
171 1.27699 0.740472
171.1 1.22704 0.781533
171.2 1.17282 0.820888
171.3 1.11332 0.858381
171.4 1.04722 0.89382
171.5 0.972646 0.926959
171.6 0.886933 0.957479
171.7 0.786175 0.984955
171.8 0.664478 1.0088
171.9 0.512752 1.0282
172 0.316865 1.04195
172.1 0.0556351 1.04827
172.2 -0.297514 1.04459
172.3 -0.754974 1.02759
172.4 -1.26035 0.994507
172.5 -1.67167 0.945985
172.6 -1.90245 0.886879
172.7 -1.99597 0.822661
172.8 -2.02147 0.756662
172.9 -2.01862 0.690375
173 -2.00449 0.624401
173.1 -1.98577 0.558977
173.2 -1.96503 0.494206
173.3 -1.94324 0.430133
173.4 -1.92077 0.366787
173.5 -1.89775 0.304186
173.6 -1.87422 0.242349
173.7 -1.85018 0.181291
173.8 -1.8256 0.121031
173.9 -1.80045 0.0615857
174 -1.77469 0.00297493
174.1 -1.74828 -0.0547808
174.2 -1.72117 -0.111659
174.3 -1.69329 -0.167636
174.4 -1.66459 -0.222686
174.5 -1.63498 -0.27678
174.6 -1.60437 -0.329887
174.7 -1.57267 -0.381973
174.8 -1.53975 -0.433
174.9 -1.50547 -0.482926
175 -1.46965 -0.531703
175.1 -1.4321 -0.579278
175.2 -1.39257 -0.62559
175.3 -1.35074 -0.670569
175.4 -1.30623 -0.714134
175.5 -1.25856 -0.756189
175.6 -1.20709 -0.796621
175.7 -1.151 -0.835293
175.8 -1.08919 -0.872035
175.9 -1.02014 -0.906636
176 -0.941725 -0.938827
176.1 -0.850869 -0.968253
176.2 -0.743027 -0.994437
176.3 -0.61127 -1.01672
176.4 -0.444852 -1.03414
176.5 -0.227163 -1.04533
176.6 0.0657041 -1.04822
176.7 0.459027 -1.03992
176.8 0.946988 -1.01704
176.9 1.43481 -0.977781
177 1.77981 -0.924553
177.1 1.94971 -0.862966
177.2 2.0108 -0.797806
177.3 2.02246 -0.731588
177.4 2.0141 -0.665376
177.5 1.99776 -0.599592
177.6 1.97809 -0.534407
177.7 1.95689 -0.469895
177.8 1.93482 -0.406095
177.9 1.91213 -0.343028
178 1.88892 -0.280714
178.1 1.86519 -0.21917
178.2 1.84095 -0.158412
178.3 1.81616 -0.0984574
178.4 1.79078 -0.0393254
178.5 1.76478 0.0189645
178.6 1.73812 0.0763912
178.7 1.71072 0.132932
178.8 1.68254 0.188562
178.9 1.6535 0.243253
179 1.62353 0.296978
179.1 1.59252 0.349703
179.2 1.56037 0.401394
179.3 1.52696 0.45201
179.4 1.49212 0.501507
179.5 1.45567 0.549836
179.6 1.4174 0.596941
179.7 1.37704 0.642758
179.8 1.33425 0.687213
179.9 1.28861 0.730219
180 1.23958 0.771675
180.1 1.18648 0.811458
180.2 1.12838 0.849422
180.3 1.06403 0.885382
180.4 0.991735 0.919108
180.5 0.90904 0.950301
180.6 0.812401 0.978566
180.7 0.696498 1.00336
180.8 0.553166 1.02394
180.9 0.369703 1.0392
181 0.126761 1.04754
181.1 -0.201655 1.04658
181.2 -0.635095 1.03315
181.3 -1.1398 1.0041
181.4 -1.58731 0.959021
181.5 -1.86181 0.90194
181.6 -1.98165 0.838569
181.7 -2.01889 0.772814
181.8 -2.02076 0.706521
181.9 -2.00851 0.640439
182 -1.99058 0.574869
182.1 -1.97021 0.509933
182.2 -1.94862 0.445687
182.3 -1.9263 0.382162
182.4 -1.90341 0.319378
182.5 -1.88001 0.257353
182.6 -1.85609 0.196103
182.7 -1.83164 0.135647
182.8 -1.80663 0.0760015
182.9 -1.78103 0.0171855
183 -1.75478 -0.0407806
183.1 -1.72785 -0.0978751
183.2 -1.70016 -0.154074
183.3 -1.67167 -0.209353
183.4 -1.64229 -0.263682
183.5 -1.61193 -0.317033
183.6 -1.58051 -0.369372
183.7 -1.5479 -0.420661
183.8 -1.51396 -0.470859
183.9 -1.47854 -0.519921
184 -1.44143 -0.567794
184.1 -1.4024 -0.61442
184.2 -1.36117 -0.659731
184.3 -1.31735 -0.703649
184.4 -1.2705 -0.746082
184.5 -1.22003 -0.786921
184.6 -1.16516 -0.826036
184.7 -1.10486 -0.863266
184.8 -1.03775 -0.898411
184.9 -0.961851 -0.931219
185 -0.874379 -0.961358
185.1 -0.771206 -0.988385
185.2 -0.646093 -1.01169
185.3 -0.489394 -1.03041
185.4 -0.286132 -1.04328
185.5 -0.0141227 -1.04842
185.6 0.35312 -1.04316
185.7 0.822587 -1.02412
185.8 1.3244 -0.988815
185.9 1.71323 -0.938528
186 1.92126 -0.878452
186.1 2.00216 -0.813852
186.2 2.02219 -0.747756
186.3 2.01716 -0.681488
186.4 2.00216 -0.615578
186.5 1.98307 -0.550238
186.6 1.96215 -0.485558
186.7 1.94026 -0.421582
186.8 1.91771 -0.358334
186.9 1.89462 -0.295835
187 1.87102 -0.234102
187.1 1.84691 -0.17315
187.2 1.82225 -0.112998
187.3 1.79702 -0.0536642
187.4 1.77118 0.00483292
187.5 1.74468 0.0624721
187.6 1.71747 0.119231
187.7 1.68949 0.175085
187.8 1.66067 0.230008
187.9 1.63093 0.283972
188 1.60018 0.336944
188.1 1.56832 0.38889
188.2 1.53523 0.439771
188.3 1.50075 0.489546
188.4 1.46472 0.538165
188.5 1.42692 0.585574
188.6 1.38709 0.631711
188.7 1.34492 0.676505
188.8 1.30002 0.719873
188.9 1.25188 0.761717
189 1.19985 0.801921
189.1 1.14306 0.840344
189.2 1.08038 0.876812
189.3 1.01021 0.911107
189.4 0.930326 0.942949
189.5 0.837495 0.971971
189.6 0.726909 0.997674
189.7 0.591227 1.01936
189.8 0.419043 1.03605
189.9 0.1928 1.04626
190 -0.112265 1.04783
190.1 -0.520018 1.03776
190.2 -1.01583 1.01272
190.3 -1.49182 0.971336
190.4 -1.81178 0.916639
190.5 -1.96259 0.854345
190.6 -2.01433 0.78894
190.7 -2.02212 0.722681
190.8 -2.01222 0.656509
190.9 -1.99525 0.590799
191 -1.97531 0.525702
191.1 -1.95396 0.461284
191.2 -1.9318 0.397581
191.3 -1.90904 0.334614
191.4 -1.88576 0.272403
191.5 -1.86197 0.210963
191.6 -1.83765 0.150312
191.7 -1.81278 0.0904667
191.8 -1.78733 0.0314466
191.9 -1.76124 -0.0267287
192 -1.73448 -0.0840377
192.1 -1.70698 -0.140457
192.2 -1.67869 -0.195963
192.3 -1.64953 -0.250527
192.4 -1.61943 -0.304119
192.5 -1.58827 -0.356707
192.6 -1.55596 -0.408256
192.7 -1.52236 -0.458724
192.8 -1.48732 -0.508067
192.9 -1.45064 -0.556236
193 -1.41211 -0.603172
193.1 -1.37144 -0.64881
193.2 -1.32829 -0.693075
193.3 -1.28223 -0.73588
193.4 -1.2327 -0.777119
193.5 -1.17899 -0.816667
193.6 -1.12013 -0.854373
193.7 -1.05483 -0.890048
193.8 -0.981296 -0.923453
193.9 -0.896965 -0.954278
194 -0.798097 -0.982112
194.1 -0.679064 -1.00639
194.2 -0.531205 -1.02633
194.3 -0.341045 -1.04077
194.4 -0.0882289 -1.04801
194.5 0.253662 -1.04558
194.6 0.700629 -1.0302
194.7 1.2068 -0.998936
194.8 1.63521 -0.951922
194.9 1.88528 -0.893682
195 1.99007 -0.829818
195.1 2.02053 -0.763917
195.2 2.01967 -0.697623
195.3 2.00633 -0.631599
195.4 1.98795 -0.566108
195.5 1.96736 -0.501263
195.6 1.94566 -0.437112
195.7 1.92326 -0.373685
195.8 1.9003 -0.311002
195.9 1.87682 -0.24908
196 1.85284 -0.187937
196.1 1.82832 -0.127588
196.2 1.80323 -0.0680528
196.3 1.77754 -0.00934969
196.4 1.75121 0.0485007
196.5 1.72417 0.105476
196.6 1.69638 0.161553
196.7 1.66777 0.216706
196.8 1.63827 0.270906
196.9 1.60778 0.324123
197 1.5762 0.376323
197.1 1.54342 0.427467
197.2 1.50929 0.477516
197.3 1.47366 0.526421
197.4 1.43631 0.574131
197.5 1.397 0.620584
197.6 1.35544 0.665713
197.7 1.31125 0.709437
197.8 1.26395 0.751663
197.9 1.21293 0.792278
198 1.1574 0.83115
198.1 1.09628 0.868113
198.2 1.02811 0.90296
198.3 0.95085 0.935431
198.4 0.861545 0.96518
198.5 0.755847 0.991747
198.6 0.627147 1.01449
198.7 0.465208 1.03251
198.8 0.254168 1.04447
198.9 -0.0291269 1.04839
199 -0.410689 1.04148
199.1 -0.890949 1.02034
199.2 -1.38626 0.982845
199.3 -1.75131 0.930894
199.4 -1.93779 0.869948
199.5 -2.0073 0.80502
199.6 -2.02249 0.738848
199.7 -2.01553 0.672608
199.8 -1.99976 0.606766
199.9 -1.98034 0.541511
200 -1.95926 0.476923
