0 2 0
0.1 1.98165 1.53263
0.2 1.94455 3.04388
0.3 1.88967 4.51969
0.4 1.81802 5.94677
0.5 1.73057 7.31259
0.6 1.62828 8.60538
0.7 1.51205 9.81406
0.8 1.38275 10.9283
0.9 1.24123 11.9382
1 1.08834 12.8349
1.1 0.92495 13.6099
1.2 0.752003 14.2555
1.3 0.570546 14.7647
1.4 0.381774 15.1314
1.5 0.187071 15.3505
1.6 -0.0119546 15.418
1.7 -0.213447 15.3314
1.8 -0.41529 15.0896
1.9 -0.615129 14.6931
2 -0.810406 14.1444
2.1 -0.998433 13.4481
2.2 -1.17649 12.6109
2.3 -1.34194 11.6414
2.4 -1.49235 10.5502
2.5 -1.6256 9.34987
2.6 -1.73998 8.05416
2.7 -1.83426 6.67814
2.8 -1.90764 5.23759
2.9 -1.95983 3.74874
3 -1.99092 2.22788
3.1 -2.00132 0.691103
3.2 -1.99171 -0.845932
3.3 -1.96294 -2.36815
3.4 -1.91595 -3.86116
3.5 -1.85174 -5.31134
3.6 -1.7713 -6.70583
3.7 -1.67559 -8.03251
3.8 -1.56555 -9.27999
3.9 -1.44205 -10.4376
4 -1.30596 -11.4953
4.1 -1.15811 -12.4437
4.2 -0.999362 -13.2742
4.3 -0.830627 -13.9787
4.4 -0.652897 -14.5498
4.5 -0.467296 -14.9811
4.6 -0.275118 -15.267
4.7 -0.077866 -15.4031
4.8 0.122717 -15.386
4.9 0.324634 -15.2139
5 0.525633 -14.8867
5.1 0.72324 -14.4061
5.2 0.914817 -13.7756
5.3 1.09765 -13.0009
5.4 1.26904 -12.0899
5.5 1.42646 -11.0522
5.6 1.56763 -9.89949
5.7 1.69065 -8.64509
5.8 1.79407 -7.30352
5.9 1.87689 -5.89027
6 1.93862 -4.42141
6.1 1.97915 -2.91322
6.2 1.99878 -1.38193
6.3 1.99807 0.1566
6.4 1.97781 1.68701
6.5 1.9389 3.1946
6.6 1.88232 4.6654
6.7 1.80907 6.0862
6.8 1.72013 7.44456
6.9 1.61643 8.72877
7 1.4989 9.92783
7.1 1.36838 11.0314
7.2 1.22573 12.0299
7.3 1.0718 12.9143
7.4 0.907459 13.6762
7.5 0.733667 14.3079
7.6 0.551482 14.8027
7.7 0.362115 15.1545
7.8 0.166972 15.3583
7.9 -0.0323158 15.4103
8 -0.233866 15.308
8.1 -0.43554 15.0505
8.2 -0.634958 14.6386
8.3 -0.829549 14.0749
8.4 -1.01662 13.3643
8.5 -1.19345 12.5135
8.6 -1.35742 11.5315
8.7 -1.50613 10.4291
8.8 -1.6375 9.21882
8.9 -1.74986 7.91473
9 -1.84202 6.53192
9.1 -1.91325 5.08623
9.2 -1.96329 3.59389
9.3 -1.99226 2.07119
9.4 -2.0006 0.534175
9.5 -1.98903 -1.00155
9.6 -1.95839 -2.52098
9.7 -1.90963 -4.0098
9.8 -1.84376 -5.45448
9.9 -1.76176 -6.84222
10 -1.66459 -8.16099
10.1 -1.55318 -9.39948
10.2 -1.4284 -10.5471
10.3 -1.29112 -11.5938
10.4 -1.14216 -12.5304
10.5 -0.982404 -13.3482
10.6 -0.812753 -14.0393
10.7 -0.634217 -14.5963
10.8 -0.447934 -15.013
10.9 -0.255218 -15.2838
11 -0.0575942 -15.4044
11.1 0.143169 -15.3716
11.2 0.345047 -15.1838
11.3 0.545766 -14.8411
11.4 0.742833 -14.3451
11.5 0.933598 -13.6999
11.6 1.11534 -12.9111
11.7 1.28539 -11.9869
11.8 1.44122 -10.9373
11.9 1.5806 -9.77391
12 1.70166 -8.51028
12.1 1.80301 -7.16103
12.2 1.8837 -5.74172
12.3 1.94326 -4.26846
12.4 1.98166 -2.75752
12.5 1.99919 -1.22511
12.6 1.99647 0.312961
12.7 1.97429 1.8414
12.8 1.93356 3.34557
12.9 1.87526 4.81159
13 1.80039 6.22633
13.1 1.70993 7.57742
13.2 1.60481 8.85323
13.3 1.48594 10.0428
13.4 1.35418 11.136
13.5 1.21037 12.1231
13.6 1.05537 12.9952
13.7 0.890055 13.7441
13.8 0.71539 14.3621
13.9 0.532448 14.8426
14 0.342459 15.1795
14.1 0.146849 15.368
14.2 -0.0527246 15.4044
14.3 -0.254355 15.2863
14.4 -0.455877 15.0131
14.5 -0.654891 14.5856
14.6 -0.848809 14.0069
14.7 -1.03493 13.2818
14.8 -1.21054 12.4174
14.9 -1.37304 11.4228
15 -1.52006 10.309
15.1 -1.64955 9.08872
15.2 -1.75989 7.77613
15.3 -1.84994 6.38641
15.4 -1.91902 4.93546
15.5 -1.9669 3.43952
15.6 -1.99375 1.91486
15.7 -2.00004 0.377485
15.8 -1.9865 -1.15704
15.9 -1.95398 -2.6738
16 -1.90345 -4.15855
16.1 -1.83591 -5.59782
16.2 -1.75234 -6.97891
16.3 -1.6537 -8.28986
16.4 -1.5409 -9.51943
16.5 -1.41484 -10.6571
16.6 -1.27634 -11.6929
16.7 -1.12627 -12.6177
16.8 -0.965478 -13.4229
16.9 -0.794896 -14.1005
17 -0.615538 -14.6436
17.1 -0.428559 -15.0456
17.2 -0.235292 -15.3013
17.3 -0.0372868 -15.4063
17.4 0.163663 -15.3579
17.5 0.365509 -15.1543
17.6 0.565951 -14.7959
17.7 0.762478 -14.2846
17.8 0.95243 -13.6245
17.9 1.13309 -12.8217
18 1.30178 -11.8844
18.1 1.45602 -10.8227
18.2 1.5936 -9.64865
18.3 1.71271 -8.37576
18.4 1.81198 -7.01881
18.5 1.89053 -5.59342
18.6 1.94794 -4.11573
18.7 1.98419 -2.60202
18.8 1.99964 -1.06846
18.9 1.99491 0.469172
19 1.9708 1.99566
19.1 1.92824 3.49644
19.2 1.86822 4.95771
19.3 1.79174 6.36641
19.4 1.69975 7.71025
19.5 1.59321 8.97768
19.6 1.473 10.1578
19.7 1.33999 11.2405
19.8 1.19501 12.2163
19.9 1.03893 13.0762
20 0.872634 13.812
20.1 0.697089 14.4163
20.2 0.513385 14.8824
20.3 0.32277 15.2044
20.4 0.126692 15.3775
20.5 -0.0731673 15.3983
20.6 -0.274874 15.2645
20.7 -0.47624 14.9755
20.8 -0.674841 14.5325
20.9 -0.868076 13.9387
21 -1.05324 13.1991
21.1 -1.22762 12.3211
21.2 -1.38864 11.3139
21.3 -1.53395 10.1887
21.4 -1.66155 8.9585
21.5 -1.76987 7.63745
21.6 -1.8578 6.24086
21.7 -1.92473 4.78468
21.8 -1.97046 3.28518
21.9 -1.99519 1.7586
22 -1.99943 0.220913
22.1 -1.98392 -1.31239
22.2 -1.94953 -2.82643
22.3 -1.89724 -4.30707
22.4 -1.82802 -5.74092
22.5 -1.74288 -7.11533
22.6 -1.64277 -8.41843
22.7 -1.52859 -9.63906
22.8 -1.40123 -10.7667
22.9 -1.26152 -11.7916
23 -1.11033 -12.7046
23.1 -0.948509 -13.4971
23.2 -0.776994 -14.1613
23.3 -0.596814 -14.6903
23.4 -0.409141 -15.0776
23.5 -0.215327 -15.3181
23.6 -0.0169461 -15.4077
23.7 0.184183 -15.3435
23.8 0.385984 -15.1242
23.9 0.586136 -14.7501
24 0.782108 -14.2235
24.1 0.971229 -13.5486
24.2 1.15078 -12.7317
24.3 1.31811 -11.7813
24.4 1.47074 -10.7077
24.5 1.60651 -9.52296
24.6 1.72365 -8.24089
24.7 1.82085 -6.87631
24.8 1.89726 -5.44492
24.9 1.9525 -3.96288
25 1.98662 -2.44649
25.1 1.99999 -0.911869
25.2 1.99325 0.625254
25.3 1.96722 2.14972
25.4 1.92285 3.64704
25.5 1.86111 5.10349
25.6 1.783 6.50609
25.7 1.6895 7.84262
25.8 1.58153 9.10161
25.9 1.45999 10.2723
26 1.32572 11.3445
26.1 1.17959 12.3088
26.2 1.02243 13.1564
26.3 0.855151 13.8792
26.4 0.67873 14.4697
26.5 0.494269 14.9213
26.6 0.303035 15.2283
26.7 0.106498 15.3861
26.8 -0.0936357 15.3913
26.9 -0.295406 15.2417
27 -0.496597 14.9369
27.1 -0.694768 14.4784
27.2 -0.8873 13.8695
27.3 -1.07148 13.1155
27.4 -1.24461 12.2239
27.5 -1.40413 11.2042
27.6 -1.54772 10.0678
27.7 -1.67342 8.8277
27.8 -1.77971 7.49829
27.9 -1.86552 6.09495
28 -1.93029 4.63366
28.1 -1.97387 3.13071
28.2 -1.99649 1.60232
28.3 -1.99869 0.0644195
28.4 -1.98122 -1.46755
28.5 -1.94496 -2.97879
28.6 -1.8909 -4.45523
28.7 -1.82003 -5.88356
28.8 -1.73332 -7.25121
28.9 -1.63174 -8.54639
29 -1.51619 -9.758
29.1 -1.38753 -10.8756
29.2 -1.24662 -11.8895
29.3 -1.09431 -12.7906
29.4 -0.931464 -13.5704
29.5 -0.759022 -14.2211
29.6 -0.578028 -14.7359
29.7 -0.389669 -15.1085
29.8 -0.195319 -15.3339
29.9 0.00342491 -15.4079
30 0.204717 -15.3279
30.1 0.406456 -15.0928
30.2 0.606297 -14.7031
30.3 0.801691 -14.1612
30.4 0.989959 -13.4715
30.5 1.16838 -12.6407
30.6 1.33432 -11.6772
30.7 1.48532 -10.5917
30.8 1.61927 -9.39651
30.9 1.73444 -8.10538
31 1.82954 -6.7333
31.1 1.90381 -5.29604
31.2 1.9569 -3.8098
31.3 1.98888 -2.29085
31.4 2.00017 -0.755287
31.5 1.99143 0.781202
31.6 1.96349 2.30353
31.7 1.91731 3.79728
31.8 1.85386 5.2488
31.9 1.77415 6.6452
32 1.67913 7.97434
32.1 1.56975 9.2248
32.2 1.44687 10.3859
32.3 1.31136 11.4475
32.4 1.16407 12.4003
32.5 1.00584 13.2356
32.6 0.837588 13.9452
32.7 0.660299 14.5219
32.8 0.475091 14.959
32.9 0.283249 15.2511
33 0.0862666 15.3935
33.1 -0.114124 15.3829
33.2 -0.315938 15.2175
33.3 -0.516934 14.8971
33.4 -0.71465 14.4231
33.5 -0.906454 13.7991
33.6 -1.08963 13.0307
33.7 -1.26149 12.1257
33.8 -1.41949 11.0935
33.9 -1.56134 9.94598
34 -1.68512 8.69613
34.1 -1.78936 7.35851
34.2 -1.87306 5.94855
34.3 -1.93567 4.48229
34.4 -1.9771 2.97603
34.5 -1.99762 1.44597
34.6 -1.99777 -0.092
34.7 -1.97835 -1.6225
34.8 -1.94024 -3.13082
34.9 -1.88442 -4.60294
35 -1.81189 -6.02564
35.1 -1.72363 -7.38644
35.2 -1.62059 -8.67359
35.3 -1.50366 -9.87609
35.4 -1.37373 -10.9836
35.5 -1.23162 -11.9864
35.6 -1.0782 -12.8755
35.7 -0.91433 -13.6425
35.8 -0.740971 -14.2797
35.9 -0.559172 -14.7803
36 -0.370138 -15.1381
36.1 -0.175266 -15.3482
36.2 0.0238235 -15.4067
36.3 0.22526 -15.3109
36.4 0.426914 -15.0601
36.5 0.62642 -14.6547
36.6 0.821212 -14.0975
36.7 1.0086 -13.3932
36.8 1.18587 -12.5484
36.9 1.35039 -11.5721
37 1.49975 -10.4748
37.1 1.63186 -9.26918
37.2 1.74503 -7.96912
37.3 1.83805 -6.5897
37.4 1.91017 -5.14672
37.5 1.9611 -3.65642
37.6 1.99095 -2.13506
37.7 2.00017 -0.598712
37.8 1.98943 0.937003
37.9 1.9596 2.45705
38 1.91161 3.94711
38.1 1.84647 5.39359
38.2 1.76515 6.78368
38.3 1.66863 8.10531
38.4 1.55783 9.34715
38.5 1.43364 10.4985
38.6 1.29689 11.5495
38.7 1.14844 12.4908
38.8 0.989157 13.3136
38.9 0.819938 14.01
39 0.641791 14.5727
39.1 0.455847 14.9954
39.2 0.263411 15.2724
39.3 0.0659999 15.3993
39.4 -0.13463 15.3731
39.5 -0.336465 15.1919
39.6 -0.537242 14.8557
39.7 -0.734478 14.3663
39.8 -0.925527 13.7273
39.9 -1.10767 12.9447
40 -1.27823 12.0262
40.1 -1.43468 10.9818
40.2 -1.57478 9.82318
40.3 -1.69663 8.56373
40.4 -1.79882 7.21803
40.5 -1.88038 5.80161
40.6 -1.94084 4.33055
40.7 -1.98012 2.82113
40.8 -1.99854 1.28956
40.9 -1.99667 -0.248337
41 -1.9753 -1.77724
41.1 -1.93534 -3.28249
41.2 -1.87778 -4.75017
41.3 -1.80361 -6.16712
41.4 -1.7138 -7.52094
41.5 -1.6093 -8.79997
41.6 -1.49102 -9.99325
41.7 -1.3598 -11.0905
41.8 -1.21651 -12.0822
41.9 -1.06198 -12.9592
42 -0.897103 -13.7133
42.1 -0.722835 -14.3369
42.2 -0.540243 -14.8232
42.3 -0.350549 -15.1663
42.4 -0.15517 -15.3611
42.5 0.0442472 -15.4039
42.6 0.245806 -15.2924
42.7 0.447353 -15.0258
42.8 0.646499 -14.6048
42.9 0.84066 -14.0324
43 1.02714 -13.3135
43.1 1.20323 -12.4549
43.2 1.36631 -11.4657
43.3 1.51401 -10.3568
43.4 1.64426 -9.14092
43.5 1.75543 -7.83209
43.6 1.84634 -6.44547
43.7 1.91631 -4.99694
43.8 1.96509 -3.50274
43.9 1.99282 -1.97913
44 1.99997 -0.442149
44.1 1.98725 1.09264
44.2 1.95552 2.61028
44.3 1.90574 4.0965
44.4 1.83891 5.53782
44.5 1.756 6.92147
44.6 1.65799 8.23549
44.7 1.54579 9.46859
44.8 1.42028 10.6102
44.9 1.2823 11.6504
45 1.13271 12.58
45.1 0.972372 13.3903
45.2 0.802198 14.0734
45.3 0.623204 14.6222
45.4 0.436537 15.0302
45.5 0.243522 15.2922
45.6 0.0456995 15.4037
45.7 -0.155149 15.3617
45.8 -0.356983 15.1647
45.9 -0.557516 14.8128
46 -0.754245 14.308
46.1 -0.944512 13.6541
46.2 -1.1256 12.8572
46.3 -1.29484 11.9254
46.4 -1.44972 10.8689
46.5 -1.58803 9.69936
46.6 -1.70794 8.43045
46.7 -1.80807 7.07684
46.8 -1.8875 5.65412
46.9 -1.9458 4.17842
47 -1.98294 2.66602
47.1 -1.99926 1.13309
47.2 -1.99536 -0.40458
47.3 -1.97206 -1.93173
47.4 -1.93027 -3.43377
47.5 -1.87097 -4.89688
47.6 -1.79516 -6.30795
47.7 -1.70382 -7.65468
47.8 -1.59788 -8.92547
47.9 -1.47824 -10.1094
48 -1.34576 -11.1964
48.1 -1.20128 -12.1768
48.2 -1.04566 -13.0416
48.3 -0.879781 -13.7828
48.4 -0.704615 -14.3928
48.5 -0.521241 -14.8647
48.6 -0.330901 -15.1929
48.7 -0.135032 -15.3724
48.8 0.0646936 -15.3996
48.9 0.266354 -15.2724
49 0.467769 -14.9899
49.1 0.666527 -14.5534
49.2 0.860031 -13.9658
49.3 1.04558 -13.2323
49.4 1.22046 -12.36
49.5 1.38208 -11.3581
49.6 1.52809 -10.2377
49.7 1.65646 -9.01172
49.8 1.76562 -7.69427
49.9 1.85442 -6.30061
50 1.92224 -4.8467
50.1 1.96886 -3.34876
50.2 1.99447 -1.82307
50.3 1.99957 -0.285612
50.4 1.98487 1.2481
50.5 1.95126 2.76318
50.6 1.8997 4.24544
50.7 1.83119 5.68145
50.8 1.7467 7.05855
50.9 1.64721 8.36483
51 1.53361 9.5891
51.1 1.40679 10.7208
51.2 1.2676 11.7502
51.3 1.11687 12.668
51.4 0.955488 13.4657
51.5 0.784368 14.1355
51.6 0.604538 14.6702
51.7 0.417161 15.0636
51.8 0.223584 15.3104
51.9 0.0253676 15.4064
52 -0.175678 15.3487
52.1 -0.377489 15.1359
52.2 -0.577752 14.7684
52.3 -0.773946 14.2481
52.4 -0.963403 13.5794
52.5 -1.1434 12.7684
52.6 -1.31129 11.8234
52.7 -1.46458 10.7548
52.8 -1.6011 9.57453
52.9 -1.71905 8.29632
53 -1.81711 6.93495
53.1 -1.8944 5.5061
53.2 -1.95054 4.02592
53.3 -1.98554 2.51069
53.4 -1.99977 0.976567
53.5 -1.99386 -0.560712
53.6 -1.96863 -2.08596
53.7 -1.92501 -3.58466
53.8 -1.86399 -5.04305
53.9 -1.78656 -6.44813
54 -1.69369 -7.78765
54.1 -1.58631 -9.05009
54.2 -1.46533 -10.2246
54.3 -1.33159 -11.3012
54.4 -1.18594 -12.2702
54.5 -1.02923 -13.1228
54.6 -0.862363 -13.851
54.7 -0.68631 -14.4472
54.8 -0.502168 -14.9048
54.9 -0.311196 -15.218
55 -0.114854 -15.3822
55.1 0.0851604 -15.3938
55.2 0.286899 -15.2507
55.3 0.488158 -14.9525
55.4 0.686502 -14.5004
55.5 0.879321 -13.8978
55.6 1.0639 -13.1498
55.7 1.23755 -12.2638
55.8 1.39769 -11.2493
55.9 1.54199 -10.1176
56 1.66847 -8.88158
56.1 1.7756 -7.55566
56.2 1.86229 -6.15514
56.3 1.92795 -4.696
56.4 1.97242 -3.19451
56.5 1.99591 -1.66689
56.6 1.99896 -0.129116
56.7 1.9823 1.40337
56.8 1.94682 2.91574
56.9 1.89349 4.3939
57 1.8233 5.82448
57.1 1.73725 7.19491
57.2 1.63627 8.49334
57.3 1.52129 9.70866
57.4 1.39318 10.8304
57.5 1.25277 11.8489
57.6 1.10092 12.7548
57.7 0.938503 13.5399
57.8 0.766448 14.1962
57.9 0.585794 14.7168
58 0.397722 15.0955
58.1 0.203597 15.3271
58.2 0.00500609 15.4076
58.3 -0.196216 15.3342
58.4 -0.397978 15.1056
58.5 -0.597946 14.7223
58.6 -0.793578 14.1868
58.7 -0.982197 13.5032
58.8 -1.16108 12.6782
58.9 -1.32759 11.7201
59 -1.47927 10.6396
59.1 -1.61398 9.4487
59.2 -1.72996 8.16132
59.3 -1.82593 6.79236
59.4 -1.90108 5.35755
59.5 -1.95506 3.87305
59.6 -1.98793 2.35518
59.7 -2.00008 0.820019
59.8 -1.99216 -0.716719
59.9 -1.96502 -2.23991
60 -1.91958 -3.73513
60.1 -1.85684 -5.18868
60.2 -1.7778 -6.58763
60.3 -1.68341 -7.91982
60.4 -1.57461 -9.1738
60.5 -1.45229 -10.3388
60.6 -1.31729 -11.4048
60.7 -1.17048 -12.3624
60.8 -1.0127 -13.2028
60.9 -0.84485 -13.9178
61 -0.667922 -14.5002
61.1 -0.483024 -14.9433
61.2 -0.291435 -15.2416
61.3 -0.0946383 -15.3904
61.4 0.105645 -15.3863
61.5 0.30744 -15.2274
61.6 0.508517 -14.9135
61.7 0.706421 -14.4459
61.8 0.898526 -13.8282
61.9 1.08212 -13.0658
62 1.25451 -12.1663
62.1 1.41313 -11.1393
62.2 1.5557 -9.99633
62.3 1.68028 -8.75051
62.4 1.78536 -7.41629
62.5 1.86994 -6.00907
62.6 1.93344 -4.54487
62.7 1.97576 -3.03998
62.8 1.99715 -1.51061
62.9 1.99815 0.0273255
63 1.97953 1.55843
63.1 1.94219 3.06795
63.2 1.8871 4.54186
63.3 1.81525 5.96688
63.4 1.72764 7.33051
63.5 1.6252 8.62099
63.6 1.50884 9.82725
63.7 1.37943 10.9389
63.8 1.23783 11.9463
63.9 1.08486 12.8404
64 0.921418 13.6127
64.1 0.748439 14.2555
64.2 0.566974 14.7619
64.3 0.37822 15.1259
64.4 0.183564 15.3423
64.5 -0.0153829 15.4072
64.6 -0.21676 15.318
64.7 -0.41845 15.0736
64.8 -0.618095 14.6747
64.9 -0.813137 14.1239
65 -1.00089 13.4256
65.1 -1.17864 12.5866
65.2 -1.34375 11.6156
65.3 -1.49379 10.5232
65.4 -1.62666 9.32186
65.5 -1.74066 8.02549
65.6 -1.83454 6.64909
65.7 -1.90754 5.20848
65.8 -1.95937 3.71985
65.9 -1.9901 2.19948
66 -2.00018 0.663454
66.1 -1.99026 -0.872585
66.2 -1.96121 -2.39358
66.3 -1.91397 -3.88517
66.4 -1.84953 -5.33374
66.5 -1.76888 -6.72644
66.6 -1.67298 -8.05118
66.7 -1.56276 -9.29659
66.8 -1.43911 -10.452
66.9 -1.30288 -11.5074
67 -1.15491 -12.4534
67.1 -0.996062 -13.2814
67.2 -0.827243 -13.9833
67.3 -0.649451 -14.5518
67.4 -0.463811 -14.9804
67.5 -0.27162 -15.2636
67.6 -0.0743858 -15.397
67.7 0.126146 -15.3772
67.8 0.327974 -15.2026
67.9 0.528843 -14.8729
68 0.726279 -14.3898
68.1 0.917643 -13.7571
68.2 1.10022 -12.9803
68.3 1.27132 -12.0674
68.4 1.42841 -11.0281
68.5 1.56923 -9.87402
68.6 1.69188 -8.61853
68.7 1.79492 -7.27616
68.8 1.87737 -5.8624
68.9 1.93872 -4.39332
69 1.97889 -2.8852
69.1 1.99817 -1.35424
69.2 1.99714 0.183695
69.3 1.97657 1.71327
69.4 1.93738 3.21979
69.5 1.88054 4.68932
69.6 1.80704 6.10865
69.7 1.71788 7.46537
69.8 1.61398 8.74776
69.9 1.49625 9.94486
70 1.36557 11.0464
70.1 1.22277 12.0426
70.2 1.06869 12.9247
70.3 0.904235 13.6841
70.4 0.730343 14.3134
70.5 0.548078 14.8056
70.6 0.358656 15.1547
70.7 0.163486 15.3559
70.8 -0.0357973 15.4052
70.9 -0.237307 15.3002
71 -0.438901 15.0401
71.1 -0.638197 14.6256
71.2 -0.832622 14.0595
71.3 -1.01948 13.3466
71.4 -1.19606 12.4937
71.5 -1.35974 11.5098
71.6 -1.50813 10.4057
71.7 -1.63915 9.19404
71.8 -1.75114 7.88882
71.9 -1.84293 6.50516
72 -1.91379 5.05892
72.1 -1.96345 3.56631
72.2 -1.99206 2.04362
72.3 -2.00007 0.506891
72.4 -1.98817 -1.0283
72.5 -1.95722 -2.54694
72.6 -1.90818 -4.03476
72.7 -1.84205 -5.47822
72.8 -1.7598 -6.86455
72.9 -1.6624 -8.18172
73 -1.55078 -9.41845
73.1 -1.42581 -10.5641
73.2 -1.28835 -11.6088
73.3 -1.13923 -12.5432
73.4 -0.979323 -13.3587
73.5 -0.809544 -14.0473
73.6 -0.630899 -14.6019
73.7 -0.444529 -15.0159
73.8 -0.251753 -15.2841
73.9 -0.054099 -15.402
74 0.146661 -15.3665
74.1 0.348498 -15.1761
74.2 0.549134 -14.8307
74.3 0.746075 -14.3322
74.4 0.936669 -13.6845
74.5 1.1182 -12.8935
74.6 1.28798 -11.9672
74.7 1.44352 -10.9157
74.8 1.58257 -9.75066
74.9 1.70328 -8.48565
75 1.80426 -7.13529
75.1 1.88458 -5.71516
75.2 1.94377 -4.24136
75.3 1.9818 -2.73018
75.4 1.99898 -1.1978
75.5 1.99592 0.339978
75.6 1.97342 1.86786
75.7 1.93238 3.37125
75.8 1.8738 4.83626
75.9 1.79867 6.24978
76 1.70796 7.59945
76.1 1.60262 8.87365
76.2 1.48353 10.0615
76.3 1.35158 11.1527
76.4 1.20759 12.1377
76.5 1.05242 13.0077
76.6 0.886954 13.7542
76.7 0.712159 14.3698
76.8 0.529107 14.8477
76.9 0.339033 15.182
77 0.143365 15.3679
77.1 -0.0562349 15.4016
77.2 -0.257855 15.2808
77.3 -0.459328 15.0049
77.4 -0.658249 14.5748
77.5 -0.852028 13.9935
77.6 -1.03796 13.266
77.7 -1.21335 12.3994
77.8 -1.37558 11.4027
77.9 -1.52228 10.2871
78 -1.65144 9.06525
78.1 -1.76142 7.75134
78.2 -1.8511 6.36058
78.3 -1.91981 4.90888
78.4 -1.96732 3.41247
78.5 -1.99381 1.88762
78.6 -1.99975 0.350343
78.7 -1.98587 -1.18383
78.8 -1.95304 -2.69998
78.9 -1.90222 -4.1839
79 -1.8344 -5.62211
79.1 -1.75057 -7.00194
79.2 -1.65168 -8.31143
79.3 -1.53866 -9.53936
79.4 -1.41238 -10.6752
79.5 -1.27369 -11.7091
79.6 -1.12344 -12.6318
79.7 -0.962481 -13.4347
79.8 -0.791752 -14.11
79.9 -0.612266 -14.6505
80 -0.425182 -15.05
80.1 -0.231835 -15.303
80.2 -0.0337798 -15.4054
80.3 0.167186 -15.3543
80.4 0.369009 -15.148
80.5 0.569387 -14.7869
80.6 0.765805 -14.273
80.7 0.955601 -13.6105
80.8 1.13605 -12.8053
80.9 1.3045 -11.8658
81 1.45845 -10.8021
81.1 1.59572 -9.62627
81.2 1.71448 -8.35188
81.3 1.81339 -6.9937
81.4 1.89157 -5.56737
81.5 1.9486 -4.08902
81.6 1.98449 -2.57495
81.7 1.99958 -1.0413
81.8 1.99451 0.496157
81.9 1.97007 2.02221
82 1.92721 3.52231
82.1 1.8669 4.98266
82.2 1.79013 6.39024
82.3 1.69789 7.73275
82.4 1.59111 8.99865
82.5 1.47068 10.1771
82.6 1.33746 11.258
82.7 1.19229 12.2317
82.8 1.03604 13.0894
82.9 0.869577 13.823
83 0.69389 14.4249
83.1 0.510064 14.8884
83.2 0.319352 15.2078
83.3 0.123204 15.3783
83.4 -0.0766938 15.3964
83.5 -0.278402 15.2598
83.6 -0.479729 14.9682
83.7 -0.678248 14.5225
83.8 -0.871353 13.9261
83.9 -1.05634 13.1841
84 -1.2305 12.3037
84.1 -1.39125 11.2944
84.2 -1.53626 10.1674
84.3 -1.66353 8.93551
84.4 -1.77149 7.61307
84.5 -1.85906 6.21537
84.6 -1.92561 4.75837
84.7 -1.97097 3.25833
84.8 -1.99534 1.73149
84.9 -1.99923 0.193829
85 -1.98338 -1.33918
85.1 -1.94868 -2.85269
85.2 -1.89608 -4.33256
85.3 -1.82658 -5.7654
85.4 -1.74118 -7.1386
85.5 -1.64081 -8.44029
85.6 -1.5264 -9.65932
85.7 -1.39882 -10.7852
85.8 -1.25891 -11.8082
85.9 -1.10753 -12.7191
86 -0.945539 -13.5094
86.1 -0.77387 -14.1713
86.2 -0.593555 -14.6977
86.3 -0.405769 -15.0825
86.4 -0.211868 -15.3204
86.5 -0.0134302 -15.4073
86.6 0.187721 -15.3404
86.7 0.389507 -15.1183
86.8 0.589599 -14.7416
86.9 0.785467 -14.2123
87 0.974436 -13.5349
87.1 1.15379 -12.7157
87.2 1.32087 -11.763
87.3 1.47322 -10.6873
87.4 1.60867 -9.50085
87.5 1.72547 -8.21725
87.6 1.82231 -6.85141
87.7 1.89834 -5.41904
87.8 1.95322 -3.93631
87.9 1.98697 -2.41951
88 1.99998 -0.884762
88.1 1.99289 0.652218
88.2 1.96654 2.17628
88.3 1.92185 3.67295
88.4 1.85982 5.12852
88.5 1.78144 6.53002
88.6 1.68768 7.86525
88.7 1.57947 9.12274
88.8 1.45769 10.2917
88.9 1.32322 11.3621
89 1.17689 12.3244
89.1 1.01955 13.1699
89.2 0.852104 13.8903
89.3 0.675536 14.4784
89.4 0.49095 14.9276
89.5 0.299614 15.232
89.6 0.103003 15.3872
89.7 -0.0971716 15.3896
89.8 -0.298946 15.2373
89.9 -0.500101 14.9298
90 -0.69819 14.4686
90.1 -0.890594 13.8571
90.2 -1.0746 13.1007
90.3 -1.24751 12.2067
90.4 -1.40676 11.1849
90.5 -1.55005 10.0466
90.6 -1.67542 8.80483
90.7 -1.78135 7.47402
90.8 -1.8668 6.06955
90.9 -1.9312 4.60742
91 -1.9744 3.10391
91.1 -1.99666 1.57525
91.2 -1.99851 0.0373634
91.3 -1.9807 -1.49433
91.4 -1.94412 -3.00505
91.5 -1.88976 -4.48073
91.6 -1.8186 -5.90807
91.7 -1.73163 -7.27452
91.8 -1.6298 -8.5683
91.9 -1.51401 -9.77832
92 -1.38513 -10.8942
92.1 -1.24402 -11.9062
92.2 -1.09152 -12.8051
92.3 -0.928496 -13.5827
92.4 -0.755898 -14.2311
92.5 -0.574766 -14.7434
92.6 -0.386292 -15.1135
92.7 -0.191854 -15.3362
92.8 0.00694772 -15.4075
92.9 0.208263 -15.3249
93 0.409986 -15.087
93.1 0.609768 -14.6946
93.2 0.805057 -14.1501
93.3 0.993172 -13.4579
93.4 1.17139 -12.6247
93.5 1.33708 -11.659
93.6 1.48781 -10.5714
93.7 1.62144 -9.37443
93.8 1.73626 -8.08176
93.9 1.831 -6.70842
94 1.9049 -5.27019
94.1 1.95761 -3.78325
94.2 1.98923 -2.26389
94.3 2.00016 -0.728203
94.4 1.99107 0.808144
94.5 1.96281 2.33007
94.6 1.91631 3.82317
94.7 1.85257 5.27382
94.8 1.77259 6.66912
94.9 1.67731 7.99695
95 1.56768 9.24592
95.1 1.44458 10.4053
95.2 1.30886 11.4651
95.3 1.16136 12.4159
95.4 1.00295 13.249
95.5 0.834536 13.9564
95.6 0.657099 14.5306
95.7 0.471765 14.9653
95.8 0.279821 15.2547
95.9 0.0827656 15.3944
96 -0.117666 15.3812
96.1 -0.319483 15.213
96.2 -0.520441 14.8899
96.3 -0.718074 14.4132
96.4 -0.909748 13.7867
96.5 -1.09275 13.0158
96.6 -1.26438 12.1084
96.7 -1.42211 11.0742
96.8 -1.56366 9.92473
96.9 -1.68711 8.67322
97 -1.79099 7.3342
97.1 -1.87432 5.92313
97.2 -1.93656 4.45604
97.3 -1.97762 2.94924
97.4 -1.99777 1.41892
97.5 -1.99758 -0.119038
97.6 -1.97782 -1.64926
97.7 -1.93939 -3.15704
97.8 -1.88327 -4.6284
97.9 -1.81046 -6.0501
98 -1.72193 -7.40969
98.1 -1.61864 -8.69544
98.2 -1.50148 -9.89634
98.3 -1.37132 -11.0021
98.4 -1.22901 -12.0029
98.5 -1.07539 -12.8899
98.6 -0.911353 -13.6547
98.7 -0.737837 -14.2896
98.8 -0.555901 -14.7877
98.9 -0.366754 -15.143
99 -0.171794 -15.3504
99.1 0.0273519 -15.4062
99.2 0.228809 -15.3078
99.3 0.430446 -15.0541
99.4 0.62989 -14.6461
99.5 0.824573 -14.0863
99.6 1.01181 -13.3794
99.7 1.18887 -12.5323
99.8 1.35314 -11.5537
99.9 1.50222 -10.4544
100 1.63401 -9.24702
100.1 1.74683 -7.94544
100.2 1.83948 -6.56476
100.3 1.91123 -5.12083
100.4 1.96179 -3.62985
100.5 1.99128 -2.1081
100.6 2.00014 -0.571637
100.7 1.98906 0.963921
100.8 1.9589 2.48356
100.9 1.9106 3.97295
101 1.84516 5.41854
101.1 1.76357 6.80752
101.2 1.6668 8.12784
101.3 1.55575 9.36816
101.4 1.43133 10.5179
101.5 1.29437 11.567
101.6 1.14573 12.5062
101.7 0.986258 13.3269
101.8 0.816874 14.021
101.9 0.638581 14.5813
102 0.452511 15.0014
102.1 0.259975 15.2758
102.2 0.0624927 15.4001
102.3 -0.138175 15.3711
102.4 -0.340011 15.1872
102.5 -0.540747 14.8483
102.6 -0.737896 14.3562
102.7 -0.928812 13.7147
102.8 -1.11078 12.9296
102.9 -1.28111 12.0088
103 -1.43729 10.9623
103.1 -1.57707 9.8018
103.2 -1.69859 8.54071
103.3 -1.80043 7.19364
103.4 -1.88162 5.77612
103.5 -1.94171 4.30425
103.6 -1.98062 2.79432
103.7 -1.99867 1.2625
103.8 -1.99645 -0.275358
103.9 -1.97474 -1.80396
104 -1.93447 -3.30866
104.1 -1.87661 -4.77556
104.2 -1.80215 -6.19149
104.3 -1.71208 -7.54409
104.4 -1.60733 -8.8217
104.5 -1.48881 -10.0134
104.6 -1.35738 -11.1089
104.7 -1.21388 -12.0986
104.8 -1.05916 -12.9735
104.9 -0.894113 -13.7254
105 -0.719689 -14.3466
105.1 -0.536962 -14.8305
105.2 -0.347155 -15.1709
105.3 -0.151691 -15.3631
105.4 0.0477802 -15.4033
105.5 0.249358 -15.289
105.6 0.450883 -15.0196
105.7 0.649963 -14.596
105.8 0.844012 -14.021
105.9 1.03033 -13.2995
106 1.20621 -12.4385
106.1 1.36905 -11.4471
106.2 1.51645 -10.3363
106.3 1.64638 -9.11863
106.4 1.7572 -7.80829
106.5 1.84775 -6.42045
106.6 1.91735 -4.97098
106.7 1.96575 -3.47613
106.8 1.99311 -1.95215
106.9 1.99991 -0.415081
107 1.98685 1.11953
107.1 1.95479 2.63673
107.2 1.90471 4.12228
107.3 1.83758 5.56268
107.4 1.7544 6.94521
107.5 1.65613 8.25789
107.6 1.54369 9.48947
107.7 1.41795 10.6294
107.8 1.27977 11.6677
107.9 1.12998 12.5953
108 0.969459 13.4034
108.1 0.799121 14.0842
108.2 0.619981 14.6306
108.3 0.433191 15.0361
108.4 0.240078 15.2954
108.5 0.0421866 15.4042
108.6 -0.158697 15.3595
108.7 -0.360528 15.1598
108.8 -0.561016 14.8052
108.9 -0.757654 14.2977
109 -0.947783 13.6413
109.1 -1.12868 12.8419
109.2 -1.29769 11.9079
109.3 -1.4523 10.8492
109.4 -1.5903 9.67784
109.5 -1.70988 8.40731
109.6 -1.80964 7.05234
109.7 -1.88871 5.62856
109.8 -1.94663 4.15207
109.9 -1.9834 2.63917
110 -1.99936 1.10602
110.1 -1.99512 -0.431582
110.2 -1.97148 -1.95841
110.3 -1.92937 -3.45989
110.4 -1.86977 -4.92218
110.5 -1.79368 -6.33223
110.6 -1.70208 -7.67772
110.7 -1.59589 -8.94707
110.8 -1.47601 -10.1294
110.9 -1.34331 -11.2146
111 -1.19863 -12.193
111.1 -1.04282 -13.0558
111.2 -0.876775 -13.7947
111.3 -0.701455 -14.4023
111.4 -0.517948 -14.8718
111.5 -0.327498 -15.1973
111.6 -0.131547 -15.3742
111.7 0.0682305 -15.3987
111.8 0.269905 -15.2687
111.9 0.471295 -14.9836
112 0.669984 -14.5443
112.1 0.863371 -13.9542
112.2 1.04875 -13.2181
112.3 1.22342 -12.3434
112.4 1.38479 -11.3394
112.5 1.5305 -10.217
112.6 1.65855 -8.98928
112.7 1.76735 -7.67035
112.8 1.8558 -6.2755
112.9 1.92324 -4.82067
113 1.96949 -3.32211
113.1 1.99473 -1.79608
113.2 1.99947 -0.258551
113.3 1.98444 1.27496
113.4 1.9505 2.78958
113.5 1.89864 4.27114
113.6 1.82983 5.70622
113.7 1.74508 7.08217
113.8 1.64532 8.38711
113.9 1.53149 9.60983
114 1.40444 10.7399
114.1 1.26504 11.7673
114.2 1.11412 12.6831
114.3 0.952558 13.4786
114.4 0.781276 14.1461
114.5 0.601303 14.6784
114.6 0.413805 15.0692
114.7 0.220131 15.3134
114.8 0.0218494 15.4067
114.9 -0.179228 15.3463
115 -0.381032 15.1308
115.1 -0.581246 14.7605
115.2 -0.777344 14.2376
115.3 -0.966659 13.5663
115.4 -1.14647 12.7529
115.5 -1.31412 11.8057
115.6 -1.46713 10.7349
115.7 -1.60334 9.55284
115.8 -1.72095 8.27303
115.9 -1.81865 6.91034
116 -1.89557 5.48045
116.1 -1.95134 3.99951
116.2 -1.98597 2.48382
116.3 -1.99984 0.949502
116.4 -1.99358 -0.587694
116.5 -1.96802 -2.11259
116.6 -1.92409 -3.6107
116.7 -1.86277 -5.06827
116.8 -1.78505 -6.4723
116.9 -1.69192 -7.81055
117 -1.5843 -9.07154
117.1 -1.46308 -10.2444
117.2 -1.32912 -11.3192
117.3 -1.18327 -12.2862
117.4 -1.02638 -13.1367
117.5 -0.859341 -13.8626
117.6 -0.683137 -14.4565
117.7 -0.498863 -14.9116
117.8 -0.307783 -15.2222
117.9 -0.111362 -15.3837
118 0.0887007 -15.3926
118.1 0.290451 -15.2468
118.2 0.49168 -14.9459
118.3 0.68995 -14.4911
118.4 0.882647 -13.8858
118.5 1.06706 -13.1353
118.6 1.24049 -12.247
118.7 1.40037 -11.2304
118.8 1.54437 -10.0967
118.9 1.67052 -8.85898
119 1.7773 -7.53162
119.1 1.86363 -6.12993
119.2 1.92891 -4.6699
119.3 1.97301 -3.16781
119.4 1.99614 -1.63988
119.5 1.99883 -0.102063
119.6 1.98183 1.4302
119.7 1.94603 2.94208
119.8 1.89239 4.41951
119.9 1.82192 5.84914
120 1.7356 7.2184
120.1 1.63437 8.51547
120.2 1.51915 9.72923
120.3 1.39081 10.8493
120.4 1.25019 11.8658
120.5 1.09815 12.7697
120.6 0.935556 13.5525
120.7 0.763341 14.2065
120.8 0.582546 14.7247
120.9 0.394354 15.1009
121 0.200136 15.3299
121.1 0.00148293 15.4076
121.2 -0.199767 15.3315
121.3 -0.401519 15.1002
121.4 -0.601433 14.7142
121.5 -0.796964 14.176
121.6 -0.985436 13.4899
121.7 -1.16413 12.6625
121.8 -1.3304 11.7022
121.9 -1.4818 10.6195
122 -1.61618 9.42683
122.1 -1.73182 8.13789
122.2 -1.82743 6.76764
122.3 -1.90221 5.33181
122.4 -1.95582 3.84659
122.5 -1.98832 2.32827
122.6 -2.00011 0.79295
122.7 -1.99185 -0.743678
122.8 -1.96437 -2.2665
122.9 -1.91862 -3.7611
123 -1.85559 -5.2138
123.1 -1.77627 -6.61168
123.2 -1.68162 -7.94259
123.3 -1.57257 -9.19509
123.4 -1.45002 -10.3585
123.5 -1.31481 -11.4226
123.6 -1.1678 -12.3782
123.7 -1.00983 -13.2164
123.8 -0.841812 -13.9292
123.9 -0.664734 -14.5092
124 -0.479707 -14.9499
124.1 -0.288013 -15.2455
124.2 -0.0911393 -15.3916
124.3 0.109189 -15.3848
124.4 0.310991 -15.2233
124.5 0.512033 -14.9066
124.6 0.709858 -14.4363
124.7 0.901837 -13.816
124.8 1.08526 -13.0511
124.9 1.25742 -12.1493
125 1.41578 -11.1201
125.1 1.55805 -9.97525
125.2 1.6823 -8.72776
125.3 1.78703 -7.39211
125.4 1.87124 -5.98375
125.5 1.93437 -4.5187
125.6 1.97632 -3.01324
125.7 1.99734 -1.48358
125.8 1.99799 0.0543663
125.9 1.97903 1.58522
126 1.94137 3.09423
126.1 1.88598 4.56739
126.2 1.81385 5.99144
126.3 1.72596 7.35388
126.4 1.62327 8.64297
126.5 1.50667 9.84765
126.6 1.37705 10.9576
126.7 1.23523 11.9631
126.8 1.08207 12.855
126.9 0.918455 13.6251
127 0.745317 14.2656
127.1 0.563712 14.7696
127.2 0.374842 15.131
127.3 0.180095 15.3447
127.4 -0.0189106 15.407
127.5 -0.220312 15.315
127.6 -0.421987 15.0679
127.7 -0.621574 14.6664
127.8 -0.816512 14.1129
127.9 -1.00411 13.4121
128 -1.18166 12.5707
128.1 -1.34652 11.5974
128.2 -1.49628 10.503
128.3 -1.62883 9.29983
128.4 -1.74248 8.00191
128.5 -1.836 6.62425
128.6 -1.90864 5.18266
128.7 -1.96009 3.69333
128.8 -1.99046 2.17255
128.9 -2.00017 0.636385
129 -1.98992 -0.899518
129.1 -1.96054 -2.42012
129.2 -1.91298 -3.91107
129.3 -1.84825 -5.35876
129.4 -1.76732 -6.75037
129.5 -1.67116 -8.07381
129.6 -1.5607 -9.31772
129.7 -1.43682 -10.4714
129.8 -1.30038 -11.525
129.9 -1.15221 -12.469
130 -0.993175 -13.2948
130.1 -0.82419 -13.9944
130.2 -0.646249 -14.5605
130.3 -0.460482 -14.9866
130.4 -0.268189 -15.2673
130.5 -0.0708808 -15.398
130.6 0.129692 -15.3755
130.7 0.331523 -15.1981
130.8 0.532354 -14.8657
130.9 0.729706 -14.38
131 0.920939 -13.7446
131.1 1.10333 -12.9654
131.2 1.27421 -12.0502
131.3 1.43103 -11.0087
131.4 1.57155 -9.85277
131.5 1.69387 -8.59562
131.6 1.79655 -7.25186
131.7 1.87863 -5.83699
131.8 1.9396 -4.36708
131.9 1.97941 -2.85841
132 1.99832 -1.3272
132.1 1.99694 0.210722
132.2 1.97604 1.74001
132.3 1.93653 3.24601
132.4 1.87938 4.71476
132.5 1.80561 6.1331
132.6 1.71617 7.4886
132.7 1.61202 8.76959
132.8 1.49406 9.9651
132.9 1.36316 11.0648
133 1.22015 12.0592
133.1 1.06589 12.9391
133.2 0.901254 13.6963
133.3 0.727205 14.3232
133.4 0.544803 14.813
133.5 0.355268 15.1596
133.6 0.16001 15.3581
133.7 -0.0393292 15.4047
133.8 -0.24086 15.297
133.9 -0.442434 15.0341
134 -0.641668 14.6169
134.1 -0.835983 14.0482
134.2 -1.02268 13.3327
134.3 -1.19906 12.4775
134.4 -1.36249 11.4914
134.5 -1.51059 10.3853
134.6 -1.64129 9.17184
134.7 -1.75294 7.86511
134.8 -1.84436 6.48021
134.9 -1.91484 5.03301
135 -1.96414 3.53974
135.1 -1.99238 2.01666
135.2 -2.00003 0.479823
135.3 -1.98778 -1.0552
135.4 -1.95651 -2.57343
135.5 -1.90716 -4.06058
135.6 -1.84074 -5.50314
135.7 -1.75821 -6.88836
135.8 -1.66056 -8.20421
135.9 -1.5487 -9.43942
136 -1.4235 -10.5834
136.1 -1.28582 -11.6262
136.2 -1.13651 -12.5586
136.3 -0.976418 -13.3719
136.4 -0.806474 -14.0583
136.5 -0.627683 -14.6104
136.6 -0.441189 -15.0219
136.7 -0.248313 -15.2875
136.8 -0.0505882 -15.4027
136.9 0.150209 -15.3645
137 0.352045 -15.1714
137.1 0.552639 -14.8232
137.2 0.749491 -14.3221
137.3 0.939949 -13.6718
137.4 1.12129 -12.8784
137.5 1.29085 -11.9498
137.6 1.44611 -10.8961
137.7 1.58485 -9.72923
137.8 1.70523 -8.46258
137.9 1.80586 -7.11086
138 1.8858 -5.68965
138.1 1.94462 -4.21505
138.2 1.98228 -2.70336
138.3 1.9991 -1.17074
138.4 1.99569 0.366988
138.5 1.97285 1.89457
138.6 1.9315 3.3974
138.7 1.87262 4.86161
138.8 1.79721 6.27411
138.9 1.70623 7.62255
139 1.60064 8.89533
139.1 1.48132 10.0816
139.2 1.34914 11.171
139.3 1.20495 12.1541
139.4 1.04959 13.0219
139.5 0.883957 13.7662
139.6 0.709006 14.3794
139.7 0.52582 14.8549
139.8 0.335634 15.1866
139.9 0.139882 15.3698
140 -0.0597707 15.4008
140.1 -0.261408 15.2773
140.2 -0.462857 14.9987
140.3 -0.66171 14.5659
140.4 -0.855375 13.982
140.5 -1.04115 13.252
140.6 -1.21632 12.3829
140.7 -1.3783 11.3841
140.8 -1.52471 10.2665
140.9 -1.65354 9.04289
141 -1.76318 7.72749
141.1 -1.8525 6.33552
141.2 -1.92083 4.88289
141.3 -1.96797 3.38584
141.4 -1.99409 1.86064
141.5 -1.99968 0.32328
141.6 -1.98546 -1.21071
141.7 -1.9523 -2.72641
141.8 -1.90117 -4.20963
141.9 -1.83306 -5.64693
142 -1.74895 -7.02562
142.1 -1.64981 -8.33377
142.2 -1.53655 -9.56017
142.3 -1.41004 -10.6943
142.4 -1.27114 -11.7263
142.5 -1.12069 -12.6469
142.6 -0.959559 -13.4477
142.7 -0.788667 -14.1207
142.8 -0.609037 -14.6588
142.9 -0.42183 -15.0557
143 -0.228386 -15.3062
143.1 -0.0302636 -15.4059
143.2 0.170736 -15.352
143.3 0.372554 -15.143
143.4 0.572885 -14.7792
143.5 0.76921 -14.2627
143.6 0.958864 -13.5975
143.7 1.13913 -12.7899
143.8 1.30734 -11.8481
143.9 1.46102 -10.7823
144 1.59797 -9.60466
144.1 1.7164 -8.32867
144.2 1.81495 -6.96915
144.3 1.89276 -5.54176
144.4 1.94942 -4.06265
144.5 1.98493 -2.54809
144.6 1.99967 -1.01424
144.7 1.99424 0.523148
144.8 1.96947 2.04886
144.9 1.92629 3.54838
145 1.86568 5.00792
145.1 1.78864 6.41445
145.2 1.69614 7.75571
145.3 1.58911 9.02017
145.4 1.46844 10.197
145.5 1.33501 11.276
145.6 1.18964 12.2478
145.7 1.03319 13.1034
145.8 0.866563 13.8347
145.9 0.690723 14.4342
146 0.506765 14.8953
146.1 0.315943 15.2121
146.2 0.119714 15.3799
146.3 -0.0802329 15.3953
146.4 -0.281955 15.2561
146.5 -0.483253 14.9616
146.6 -0.6817 14.5133
146.7 -0.874686 13.9143
146.8 -1.0595 13.1697
146.9 -1.23345 12.2871
147 -1.39395 11.2756
147.1 -1.53866 10.1466
147.2 -1.6656 8.91298
147.3 -1.77321 7.58908
147.4 -1.86041 6.1902
147.5 -1.92659 4.73231
147.6 -1.97158 3.23165
147.7 -1.99559 1.70449
147.8 -1.99912 0.166773
147.9 -1.98293 -1.36602
148 -1.9479 -2.87906
148.1 -1.895 -4.35821
148.2 -1.82521 -5.79011
148.3 -1.73954 -7.16215
148.4 -1.63892 -8.46249
148.5 -1.52427 -9.67997
148.6 -1.39646 -10.8041
148.7 -1.25635 -11.8252
148.8 -1.10477 -12.734
148.9 -0.942599 -13.5221
149 -0.770769 -14.1817
149.1 -0.590312 -14.7057
149.2 -0.402406 -15.088
149.3 -0.208411 -15.3232
149.4 -0.00990895 -15.4074
149.5 0.191273 -15.3378
149.6 0.393049 -15.113
149.7 0.59309 -14.7336
149.8 0.788859 -14.2017
149.9 0.977683 -13.5217
150 1.15684 -12.7
150.1 1.32368 -11.7451
150.2 1.47575 -10.6674
150.3 1.61089 -9.47907
150.4 1.72735 -8.19388
150.5 1.82382 -6.82673
150.6 1.89949 -5.39334
150.7 1.95399 -3.90987
150.8 1.98737 -2.39262
150.9 2.00002 -0.857695
151 1.99259 0.679186
151.1 1.9659 2.20289
151.2 1.92091 3.69896
151.3 1.85858 5.15368
151.4 1.77992 6.55412
151.5 1.6859 7.88808
151.6 1.57744 9.14411
151.7 1.45544 10.3114
151.8 1.32074 11.38
151.9 1.17421 12.3403
152 1.01669 13.1836
152.1 0.849073 13.9019
152.2 0.672354 14.4876
152.3 0.487638 14.9342
152.4 0.296196 15.2361
152.5 0.0995069 15.3885
152.6 -0.100714 15.3882
152.7 -0.302497 15.2332
152.8 -0.50362 14.923
152.9 -0.701632 14.4592
153 -0.893912 13.8451
153.1 -1.07775 13.0861
153.2 -1.25044 12.1898
153.3 -1.40943 11.1659
153.4 -1.55242 10.0256
153.5 -1.67745 8.78214
153.6 -1.78303 7.4499
153.7 -1.86812 6.04427
153.8 -1.93214 4.58128
153.9 -1.97498 3.07719
154 -1.99687 1.54823
154.1 -1.99836 0.0103176
154.2 -1.98021 -1.52113
154.3 -1.94332 -3.03136
154.4 -1.88865 -4.5063
154.5 -1.81721 -5.93267
154.6 -1.72996 -7.29795
154.7 -1.62788 -8.59034
154.8 -1.51185 -9.7988
154.9 -1.38275 -10.9129
155 -1.24143 -11.923
155.1 -1.08874 -12.8199
155.2 -0.925539 -13.5953
155.3 -0.752781 -14.2413
155.4 -0.57151 -14.7512
155.5 -0.382919 -15.1187
155.6 -0.188389 -15.3388
155.7 0.0104736 -15.4074
155.8 0.211815 -15.322
155.9 0.413525 -15.0815
156 0.61325 -14.6863
156.1 0.808437 -14.1392
156.2 0.996401 -13.4444
156.3 1.17442 -12.6088
156.4 1.33987 -11.6409
156.5 1.49031 -10.5513
156.6 1.62362 -9.35247
156.7 1.7381 -8.05825
156.8 1.83249 -6.68363
156.9 1.90601 -5.2444
157 1.95835 -3.75675
157.1 1.9896 -2.23697
157.2 2.00017 -0.701133
157.3 1.99074 0.835088
157.4 1.96215 2.35663
157.5 1.91534 3.8491
157.6 1.85131 5.29888
157.7 1.77104 6.6931
157.8 1.6755 8.01964
157.9 1.56563 9.26712
158 1.4423 10.4248
158.1 1.30636 11.4828
158.2 1.15867 12.4316
158.3 1.00008 13.2626
158.4 0.831489 13.9676
158.5 0.653903 14.5395
158.6 0.468441 14.9716
158.7 0.276394 15.2585
158.8 0.079263 15.3955
158.9 -0.121211 15.3795
159 -0.323033 15.2087
159.1 -0.523954 14.8828
159.2 -0.721506 14.4035
159.3 -0.91305 13.7743
159.4 -1.09587 13.001
159.5 -1.26728 12.0913
159.6 -1.42475 11.0549
159.7 -1.56599 9.90355
159.8 -1.68911 8.65038
159.9 -1.79264 7.30995
160 -1.8756 5.89775
160.1 -1.93747 4.42983
160.2 -1.97815 2.92247
160.3 -1.99794 1.39188
160.4 -1.9974 -0.146071
160.5 -1.9773 -1.67603
160.6 -1.93855 -3.18329
160.7 -1.88213 -4.65388
160.8 -1.80903 -6.07459
160.9 -1.72024 -7.43298
161 -1.61669 -8.71733
161.1 -1.4993 -9.91665
161.2 -1.36892 -11.0206
161.3 -1.2264 -12.0196
161.4 -1.07259 -12.9045
161.5 -0.90838 -13.667
161.6 -0.734706 -14.2996
161.7 -0.552632 -14.7952
161.8 -0.36337 -15.1479
161.9 -0.168322 -15.3527
162 0.0308821 -15.4058
162.1 0.232362 -15.3046
162.2 0.433981 -15.0483
162.3 0.633364 -14.6375
162.4 0.82794 -14.0751
162.5 1.01502 -13.3657
162.6 1.19188 -12.5162
162.7 1.35591 -11.5354
162.8 1.50469 -10.4341
162.9 1.63616 -9.22489
163 1.74864 -7.92178
163.1 1.84093 -6.53986
163.2 1.9123 -5.09496
163.3 1.96249 -3.60329
163.4 1.99161 -2.08115
163.5 2.00011 -0.544568
163.6 1.98869 0.990837
163.7 1.9582 2.51006
163.8 1.90959 3.9988
163.9 1.84386 5.44351
164 1.762 6.83138
164.1 1.66496 8.15038
164.2 1.55368 9.38921
164.3 1.42902 10.5372
164.4 1.29185 11.5845
164.5 1.14301 12.5217
164.6 0.983361 13.3402
164.7 0.813812 14.032
164.8 0.635371 14.5899
164.9 0.449176 15.0075
165 0.256539 15.2793
165.1 0.0589843 15.4009
165.2 -0.141722 15.3693
165.3 -0.343559 15.1826
165.4 -0.544254 14.841
165.5 -0.741317 14.3462
165.6 -0.932098 13.7021
165.7 -1.11388 12.9145
165.8 -1.28399 11.9914
165.9 -1.4399 10.9428
166 -1.57937 9.78044
166.1 -1.70056 8.51771
166.2 -1.80203 7.16926
166.3 -1.88286 5.75065
166.4 -1.94257 4.27797
166.5 -1.98112 2.76751
166.6 -1.99881 1.23545
166.7 -1.99623 -0.302375
166.8 -1.97419 -1.83068
166.9 -1.9336 -3.33484
167 -1.87544 -4.80094
167.1 -1.8007 -6.21587
167.2 -1.71036 -7.56725
167.3 -1.60536 -8.84344
167.4 -1.48661 -10.0335
167.5 -1.35495 -11.1272
167.6 -1.21125 -12.115
167.7 -1.05634 -12.9878
167.8 -0.891122 -13.7375
167.9 -0.716543 -14.3564
168 -0.53368 -14.8377
168.1 -0.343761 -15.1756
168.2 -0.148211 -15.3651
168.3 0.0513144 -15.4026
168.4 0.25291 -15.2856
168.5 0.454414 -15.0135
168.6 0.653428 -14.5872
168.7 0.847365 -14.0095
168.8 1.03353 -13.2855
168.9 1.2092 -12.4222
169 1.37178 -11.4286
169.1 1.51889 -10.3157
169.2 1.6485 -9.09633
169.3 1.75897 -7.7845
169.4 1.84916 -6.39544
169.5 1.91838 -4.94503
169.6 1.96641 -3.44952
169.7 1.99341 -1.92518
169.8 1.99985 -0.388016
169.9 1.98644 1.14642
170 1.95406 2.66318
170.1 1.90367 4.14805
170.2 1.83625 5.58754
170.3 1.7528 6.96894
170.4 1.65428 8.28029
170.5 1.54159 9.51035
170.6 1.41562 10.6486
170.7 1.27723 11.685
170.8 1.12725 12.6106
170.9 0.966544 13.4165
171 0.796042 14.095
171.1 0.616758 14.6389
171.2 0.429844 15.0419
171.3 0.236633 15.2986
171.4 0.0386726 15.4048
171.5 -0.162246 15.3574
171.6 -0.364074 15.1549
171.7 -0.564517 14.7976
171.8 -0.761063 14.2874
171.9 -0.951053 13.6284
172 -1.13177 12.8266
172.1 -1.30054 11.8903
172.2 -1.45487 10.8295
172.3 -1.59257 9.6563
172.4 -1.71181 8.38415
172.5 -1.81121 7.02784
172.6 -1.88991 5.60299
172.7 -1.94746 4.12572
172.8 -1.98386 2.61233
172.9 -1.99946 1.07897
173 -1.99487 -0.458581
173.1 -1.97089 -1.98509
173.2 -1.92847 -3.48599
173.3 -1.86857 -4.94748
173.4 -1.7922 -6.35649
173.5 -1.70033 -7.70074
173.6 -1.59389 -8.96865
173.7 -1.47379 -10.1494
173.8 -1.34087 -11.2327
173.9 -1.19598 -12.2092
174 -1.03999 -13.0699
174.1 -0.873768 -13.8065
174.2 -0.698294 -14.4117
174.3 -0.514654 -14.8787
174.4 -0.324093 -15.2017
174.5 -0.12806 -15.3759
174.6 0.0717683 -15.3978
174.7 0.273458 -15.265
174.8 0.474822 -14.9771
174.9 0.67344 -14.5353
175 0.86671 -13.9425
175.1 1.05193 -13.2039
175.2 1.22638 -12.3269
175.3 1.38749 -11.3206
175.4 1.53291 -10.1963
175.5 1.66064 -8.96682
175.6 1.76909 -7.64642
175.7 1.85717 -6.25038
175.8 1.92424 -4.79463
175.9 1.97011 -3.29545
176 1.99499 -1.76908
176.1 1.99938 -0.231492
176.2 1.984 1.30181
176.3 1.94974 2.81597
176.4 1.89757 4.29682
176.5 1.82848 5.73097
176.6 1.74345 7.10578
176.7 1.64344 8.40936
176.8 1.52936 9.63054
176.9 1.40209 10.7588
177 1.26248 11.7844
177.1 1.11137 12.6982
177.2 0.949625 13.4915
177.3 0.778181 14.1566
177.4 0.598065 14.6865
177.5 0.410446 15.0748
177.6 0.216678 15.3164
177.7 0.0183302 15.407
177.8 -0.182779 15.3439
177.9 -0.384575 15.1256
178 -0.584739 14.7526
178.1 -0.780742 14.2271
178.2 -0.969912 13.5532
178.3 -1.14953 12.7374
178.4 -1.31694 11.7879
178.5 -1.46968 10.7151
178.6 -1.60557 9.53113
178.7 -1.72285 8.24973
178.8 -1.82018 6.88572
178.9 -1.89673 5.45479
179 -1.95213 3.9731
179.1 -1.98639 2.45694
179.2 -1.9999 0.922437
179.3 -1.9933 -0.614672
179.4 -1.9674 -2.13922
179.5 -1.92316 -3.63674
179.6 -1.86154 -5.09347
179.7 -1.78355 -6.49644
179.8 -1.69015 -7.83344
179.9 -1.58228 -9.09296
180 -1.46083 -10.2642
180.1 -1.32666 -11.3371
180.2 -1.1806 -12.3022
180.3 -1.02352 -13.1506
180.4 -0.856317 -13.8743
180.5 -0.679961 -14.4657
180.6 -0.495556 -14.9183
180.7 -0.304369 -15.2263
180.8 -0.107868 -15.3852
180.9 0.0922417 -15.3914
181 0.294002 -15.2428
181.1 0.495201 -14.9392
181.2 0.693396 -14.4818
181.3 0.885971 -13.8739
181.4 1.07022 -13.1209
181.5 1.24343 -12.2302
181.6 1.40305 -11.2114
181.7 1.54675 -10.0758
181.8 1.67257 -8.83636
181.9 1.779 -7.50755
182 1.86496 -6.1047
182.1 1.92987 -4.64379
182.2 1.9736 -3.1411
182.3 1.99636 -1.61286
182.4 1.9987 -0.0750131
182.5 1.98136 1.45701
182.6 1.94524 2.96842
182.7 1.8913 4.44511
182.8 1.82054 5.87379
182.9 1.73394 7.24188
183 1.63246 8.53757
183.1 1.517 9.74977
183.2 1.38844 10.8681
183.3 1.24762 11.8827
183.4 1.09538 12.7845
183.5 0.932606 13.5652
183.6 0.760231 14.2169
183.7 0.579295 14.7326
183.8 0.390985 15.1062
183.9 0.196675 15.3325
184 -0.00204109 15.4076
184.1 -0.203319 15.3287
184.2 -0.405059 15.0947
184.3 -0.604918 14.7061
184.4 -0.800349 14.1652
184.5 -0.988672 13.4766
184.6 -1.16717 12.6467
184.7 -1.3332 11.6841
184.8 -1.48431 10.5994
184.9 -1.61838 9.40495
185 -1.73368 8.11444
185.1 -1.82893 6.74289
185.2 -1.90334 5.30606
185.3 -1.95658 3.82011
185.4 -1.9887 2.30136
185.5 -2.00014 0.765881
185.6 -1.99153 -0.770632
185.7 -1.96372 -2.29308
185.8 -1.91766 -3.78706
185.9 -1.85433 -5.2389
186 -1.77473 -6.63571
186.1 -1.67982 -7.96533
186.2 -1.57053 -9.21636
186.3 -1.44775 -10.3781
186.4 -1.31232 -11.4404
186.5 -1.16511 -12.394
186.6 -1.00696 -13.2301
186.7 -0.838772 -13.9406
186.8 -0.661544 -14.5182
186.9 -0.476388 -14.9563
187 -0.284589 -15.2494
187.1 -0.0876393 -15.3928
187.2 0.112732 -15.3833
187.3 0.314541 -15.219
187.4 0.515549 -14.8996
187.5 0.713294 -14.4267
187.6 0.905146 -13.8038
187.7 1.08839 -13.0364
187.8 1.26033 -12.1322
187.9 1.41843 -11.101
188 1.5604 -9.95415
188.1 1.68431 -8.70498
188.2 1.78869 -7.36792
188.3 1.87253 -5.95842
188.4 1.93529 -4.49251
188.5 1.97687 -2.98649
188.6 1.99752 -1.45655
188.7 1.99782 0.0814049
188.8 1.97853 1.612
188.9 1.94054 3.1205
189 1.88485 4.59291
189.1 1.81243 6.01598
189.2 1.72428 7.37723
189.3 1.62134 8.66492
189.4 1.5045 9.86803
189.5 1.37465 10.9762
189.6 1.23263 11.9798
189.7 1.07928 12.8697
189.8 0.915488 13.6375
189.9 0.742192 14.2757
190 0.560448 14.7772
190.1 0.371462 15.136
190.2 0.176626 15.3472
190.3 -0.0224391 15.4067
190.4 -0.223864 15.312
190.5 -0.425524 15.0622
190.6 -0.625052 14.6579
190.7 -0.819883 14.1018
190.8 -1.00733 13.3985
190.9 -1.18468 12.5546
191 -1.34929 11.5791
191.1 -1.49877 10.4827
191.2 -1.631 9.27777
191.3 -1.74431 7.97832
191.4 -1.83746 6.5994
191.5 -1.90973 5.15682
191.6 -1.9608 3.66679
191.7 -1.9908 2.14561
191.8 -2.00016 0.609316
191.9 -1.98956 -0.926446
192 -1.95985 -2.44665
192.1 -1.91199 -3.93695
192.2 -1.84696 -5.38377
192.3 -1.76576 -6.77428
192.4 -1.66934 -8.09641
192.5 -1.55864 -9.33883
192.6 -1.43453 -10.4909
192.7 -1.29787 -11.5426
192.8 -1.1495 -12.4846
192.9 -0.990285 -13.3083
193 -0.821133 -14.0056
193.1 -0.643045 -14.5692
193.2 -0.457151 -14.9929
193.3 -0.264756 -15.2709
193.4 -0.0673747 -15.3989
193.5 0.133238 -15.3737
193.6 0.335072 -15.1936
193.7 0.535864 -14.8585
193.8 0.733132 -14.3701
193.9 0.924232 -13.7322
194 1.10645 -12.9505
194.1 1.2771 -12.0329
194.2 1.43365 -10.9893
194.3 1.57386 -9.83148
194.4 1.69585 -8.57268
194.5 1.79818 -7.22753
194.6 1.87989 -5.81155
194.7 1.94049 -4.34082
194.8 1.97992 -2.83162
194.9 1.99847 -1.30015
195 1.99674 0.237746
195.1 1.9755 1.76675
195.2 1.93567 3.27221
195.3 1.87823 4.74019
195.4 1.80417 6.15753
195.5 1.71446 7.51182
195.6 1.61007 8.79139
195.7 1.49187 9.9853
195.8 1.36074 11.0833
195.9 1.21753 12.0757
196 1.06308 12.9535
196.1 0.898271 13.7085
196.2 0.724065 14.333
196.3 0.541526 14.8203
196.4 0.351877 15.1643
196.5 0.156533 15.3602
196.6 -0.0428618 15.4041
196.7 -0.244412 15.2937
196.8 -0.445967 15.0281
196.9 -0.645137 14.6082
197 -0.839341 14.0368
197.1 -1.02588 13.3189
197.2 -1.20205 12.4612
197.3 -1.36523 11.4729
197.4 -1.51304 10.3648
197.5 -1.64342 9.14961
197.6 -1.75472 7.84137
197.7 -1.84578 6.45524
197.8 -1.91589 5.00709
197.9 -1.96482 3.51315
198 -1.99269 1.9897
198.1 -1.99998 0.452756
198.2 -1.9874 -1.0821
198.3 -1.9558 -2.5999
198.4 -1.90614 -4.08638
198.5 -1.83942 -5.52805
198.6 -1.75662 -6.91214
198.7 -1.65871 -8.22667
198.8 -1.54661 -9.46036
198.9 -1.42118 -10.6026
199 -1.28329 -11.6436
199.1 -1.13378 -12.574
199.2 -0.973511 -13.3851
199.3 -0.803402 -14.0691
199.4 -0.624465 -14.6189
199.5 -0.437847 -15.0279
199.6 -0.244871 -15.2908
199.7 -0.0470764 -15.4034
199.8 0.153757 -15.3625
199.9 0.355592 -15.1666
200 0.556142 -14.8157
