0 2 0
0.1 1.85313 0.0608502
0.2 1.77253 0.118287
0.3 1.71869 0.173656
0.4 1.67678 0.22753
0.5 1.6403 0.280173
0.6 1.60614 0.3317
0.7 1.5727 0.382157
0.8 1.53907 0.431552
0.9 1.5047 0.479869
1 1.46917 0.527076
1.1 1.43217 0.573134
1.2 1.39337 0.617989
1.3 1.35244 0.66158
1.4 1.30898 0.703832
1.5 1.26251 0.744658
1.6 1.21241 0.783953
1.7 1.15788 0.821589
1.8 1.09787 0.857411
1.9 1.03091 0.891222
2 0.954986 0.922771
2.1 0.867138 0.95173
2.2 0.762999 0.977656
2.3 0.635886 0.999933
2.4 0.475339 1.01768
2.5 0.264923 1.02959
2.6 -0.0198344 1.03372
2.7 -0.407286 1.02724
2.8 -0.899048 1.00671
2.9 -1.40457 0.969963
3 -1.76842 0.919064
3.1 -1.94705 0.859624
3.2 -2.01039 0.796567
3.3 -2.02246 0.732454
3.4 -2.01431 0.668339
3.5 -1.99833 0.604632
3.6 -1.97917 0.54149
3.7 -1.95857 0.478983
3.8 -1.93718 0.417144
3.9 -1.91522 0.355993
4 -1.89277 0.295547
4.1 -1.86984 0.235822
4.2 -1.84643 0.176832
4.3 -1.82251 0.118593
4.4 -1.79806 0.0611219
4.5 -1.77302 0.00443643
4.6 -1.74736 -0.0514445
4.7 -1.72104 -0.1065
4.8 -1.69399 -0.160709
4.9 -1.66615 -0.214047
5 -1.63746 -0.266488
5.1 -1.60783 -0.318003
5.2 -1.57716 -0.368562
5.3 -1.54535 -0.418129
5.4 -1.51226 -0.466666
5.5 -1.47774 -0.514131
5.6 -1.4416 -0.560474
5.7 -1.40362 -0.605642
5.8 -1.36351 -0.649571
5.9 -1.32092 -0.692188
6 -1.27544 -0.733408
6.1 -1.22648 -0.773131
6.2 -1.17333 -0.811236
6.3 -1.11501 -0.847574
6.4 -1.05019 -0.881962
6.5 -0.977035 -0.914165
6.6 -0.892887 -0.94388
6.7 -0.793848 -0.9707
6.8 -0.673995 -0.994064
6.9 -0.524109 -1.01318
7 -0.329674 -1.02687
7.1 -0.0685206 -1.03341
7.2 0.288011 -1.03021
7.3 0.754703 -1.01393
7.4 1.27204 -0.981703
7.5 1.68713 -0.934257
7.6 1.91247 -0.876604
7.7 1.99993 -0.814204
7.8 2.02196 -0.750235
7.9 2.01767 -0.686064
8 2.00319 -0.622222
8.1 1.98467 -0.558914
8.2 1.96437 -0.496227
8.3 1.94317 -0.434201
8.4 1.92135 -0.372858
8.5 1.89903 -0.312215
8.6 1.87624 -0.252289
8.7 1.85297 -0.193094
8.8 1.82919 -0.134645
8.9 1.80489 -0.0769597
9 1.78001 -0.0200548
9.1 1.75453 0.036051
9.2 1.7284 0.0913376
9.3 1.70155 0.145783
9.4 1.67394 0.199365
9.5 1.6455 0.252057
9.6 1.61613 0.303832
9.7 1.58577 0.354658
9.8 1.55428 0.404504
9.9 1.52156 0.45333
10 1.48746 0.501096
10.1 1.45179 0.547756
10.2 1.41434 0.593255
10.3 1.37484 0.637533
10.4 1.33299 0.680522
10.5 1.28835 0.722138
10.6 1.24043 0.762287
10.7 1.18852 0.800854
10.8 1.13175 0.837698
10.9 1.06889 0.872646
11 0.998264 0.905482
11.1 0.917486 0.935921
11.2 0.823059 0.963591
11.3 0.709723 0.98798
11.4 0.569337 1.00837
11.5 0.389096 1.02371
11.6 0.149127 1.03245
11.7 -0.178175 1.03226
11.8 -0.615713 1.01995
11.9 -1.13181 0.992276
12 -1.5906 0.948681
12.1 -1.86749 0.893242
12.2 -1.98476 0.831733
12.3 -2.0196 0.768007
12.4 -2.0203 0.703816
12.5 -2.00776 0.639854
12.6 -1.99003 0.576387
12.7 -1.97011 0.513523
12.8 -1.94911 0.45131
12.9 -1.92744 0.389776
13 -1.90526 0.328938
13.1 -1.8826 0.268812
13.2 -1.85946 0.209413
13.3 -1.83583 0.150756
13.4 -1.81167 0.0928572
13.5 -1.78696 0.0357343
13.6 -1.76165 -0.0205947
13.7 -1.7357 -0.0761102
13.8 -1.70906 -0.130791
13.9 -1.68167 -0.184614
14 -1.65346 -0.237555
14.1 -1.62436 -0.289587
14.2 -1.59428 -0.34068
14.3 -1.56312 -0.3908
14.4 -1.53076 -0.439913
14.5 -1.49705 -0.487977
14.6 -1.46183 -0.534948
14.7 -1.4249 -0.580774
14.8 -1.386 -0.625397
14.9 -1.34484 -0.66875
15 -1.30102 -0.710756
15.1 -1.25406 -0.751322
15.2 -1.20334 -0.790339
15.3 -1.14802 -0.827676
15.4 -1.08699 -0.863169
15.5 -1.01872 -0.896615
15.6 -0.941048 -0.927751
15.7 -0.850837 -0.956232
15.8 -0.743403 -0.981591
15.9 -0.61155 -1.00318
16 -0.44399 -1.02004
16.1 -0.223039 -1.0308
16.2 0.0770803 -1.03337
16.3 0.483537 -1.02477
16.4 0.98719 -1.00159
16.5 1.47894 -0.962187
16.6 1.81003 -0.90943
16.7 1.96351 -0.849106
16.8 2.01478 -0.785749
16.9 2.02199 -0.721588
17 2.01196 -0.657525
17.1 1.99524 -0.593905
17.2 1.97576 -0.530868
17.3 1.955 -0.468472
17.4 1.9335 -0.406748
17.5 1.91145 -0.345715
17.6 1.88892 -0.28539
17.7 1.86592 -0.225788
17.8 1.84242 -0.166924
17.9 1.81842 -0.108814
18 1.79386 -0.0514748
18.1 1.76872 0.00507594
18.2 1.74296 0.0608188
18.3 1.71651 0.115733
18.4 1.68933 0.169796
18.5 1.66136 0.222984
18.6 1.63251 0.275271
18.7 1.60272 0.326626
18.8 1.57186 0.37702
18.9 1.53985 0.426415
19 1.50653 0.474774
19.1 1.47175 0.522053
19.2 1.43531 0.568201
19.3 1.39699 0.613164
19.4 1.35648 0.656876
19.5 1.31345 0.699263
19.6 1.26742 0.740238
19.7 1.21781 0.779696
19.8 1.16386 0.817513
19.9 1.10454 0.853536
20 1.03846 0.887572
20.1 0.963657 0.919378
20.2 0.877308 0.948635
20.3 0.775234 0.974914
20.4 0.651063 0.997623
20.5 0.494841 1.01591
20.6 0.290911 1.02854
20.7 0.0156914 1.03363
20.8 -0.359498 1.02847
20.9 -0.842095 1.00964
21 -1.35386 0.974649
21.1 -1.7384 0.92505
21.2 -1.93462 0.866261
21.3 -2.00677 0.803437
21.4 -2.02244 0.739371
21.5 -2.01569 0.675231
21.6 -2.00025 0.611469
21.7 -1.98132 0.548263
21.8 -1.96084 0.485685
21.9 -1.93951 0.423773
22 -1.91761 0.362547
22.1 -1.89521 0.302025
22.2 -1.87233 0.242221
22.3 -1.84898 0.183151
22.4 -1.82512 0.12483
22.5 -1.80072 0.0672758
22.6 -1.77575 0.0105047
22.7 -1.75016 -0.0454639
22.8 -1.72391 -0.10061
22.9 -1.69694 -0.154911
23 -1.66919 -0.208344
23.1 -1.64059 -0.260883
23.2 -1.61107 -0.312499
23.3 -1.58052 -0.363162
23.4 -1.54884 -0.412838
23.5 -1.51589 -0.461488
23.6 -1.48154 -0.509071
23.7 -1.44558 -0.555537
23.8 -1.4078 -0.600834
23.9 -1.36794 -0.6449
24 -1.32564 -0.687662
24.1 -1.28049 -0.729038
24.2 -1.23194 -0.768928
24.3 -1.17929 -0.807213
24.4 -1.12158 -0.84375
24.5 -1.05754 -0.878358
24.6 -0.985389 -0.910809
24.7 -0.902585 -0.94081
24.8 -0.805391 -0.967965
24.9 -0.68815 -0.991735
25 -0.542083 -1.01135
25.1 -0.353361 -1.0257
25.2 -0.100715 -1.03312
25.3 0.244229 -1.03112
25.4 0.699943 -1.01641
25.5 1.21827 -0.985963
25.6 1.65144 -0.939969
25.7 1.89633 -0.883123
25.8 1.99466 -0.821038
25.9 2.02129 -0.757151
26 2.01879 -0.692967
26.1 2.00501 -0.629076
26.2 1.98677 -0.565706
26.3 1.96661 -0.502949
26.4 1.94548 -0.44085
26.5 1.92372 -0.379433
26.6 1.90146 -0.318714
26.7 1.87872 -0.25871
26.8 1.8555 -0.199435
26.9 1.83178 -0.140905
27 1.80753 -0.0831368
27.1 1.78272 -0.0261469
27.2 1.75731 0.0300458
27.3 1.73125 0.0854217
27.4 1.70448 0.139959
27.5 1.67696 0.193635
27.6 1.6486 0.246424
27.7 1.61934 0.298299
27.8 1.58909 0.349229
27.9 1.55773 0.399182
28 1.52515 0.44812
28.1 1.4912 0.496003
28.2 1.45571 0.542784
28.3 1.41846 0.588411
28.4 1.37921 0.632824
28.5 1.33762 0.675955
28.6 1.29331 0.717724
28.7 1.24577 0.758036
28.8 1.19433 0.796779
28.9 1.13813 0.833816
29 1.076 0.868979
29.1 1.00631 0.902054
29.2 0.92677 0.932768
29.3 0.834028 0.960757
29.4 0.723056 0.98553
29.5 0.586098 1.00639
29.6 0.41096 1.02234
29.7 0.178638 1.03188
29.8 -0.137828 1.0328
29.9 -0.563396 1.02196
30 -1.07585 0.996052
30.1 -1.5489 0.954051
30.2 -1.84672 0.899599
30.3 -1.97729 0.838513
30.4 -2.01805 0.774914
30.5 -2.02108 0.710728
30.6 -2.00945 0.646723
30.7 -1.99208 0.583196
30.8 -1.97232 0.520264
30.9 -1.95141 0.45798
31 -1.9298 0.396372
31.1 -1.90767 0.335458
31.2 -1.88506 0.275254
31.3 -1.86198 0.215776
31.4 -1.8384 0.157038
31.5 -1.8143 0.0990575
31.6 -1.78965 0.0418503
31.7 -1.76441 -0.0145652
31.8 -1.73853 -0.0701693
31.9 -1.71197 -0.124941
32 -1.68466 -0.178858
32.1 -1.65654 -0.231895
32.2 -1.62754 -0.284026
32.3 -1.59757 -0.335222
32.4 -1.56653 -0.385449
32.5 -1.5343 -0.434672
32.6 -1.50075 -0.482851
32.7 -1.4657 -0.529942
32.8 -1.42897 -0.575894
32.9 -1.3903 -0.62065
33 -1.34939 -0.664143
33.1 -1.30588 -0.706298
33.2 -1.25929 -0.747024
33.3 -1.20901 -0.786214
33.4 -1.15423 -0.823739
33.5 -1.09388 -0.85944
33.6 -1.02648 -0.893118
33.7 -0.949952 -0.924517
33.8 -0.861283 -0.953304
33.9 -0.755995 -0.979027
34 -0.627226 -1.00106
34.1 -0.464227 -1.01849
34.2 -0.250125 -1.02999
34.3 0.0400317 -1.03357
34.4 0.434269 -1.02634
34.5 0.930601 -1.00487
34.6 1.43174 -0.967165
34.7 1.78393 -0.915581
34.8 1.95327 -0.855809
34.9 2.01209 -0.792638
35 2.02233 -0.728505
35.1 2.01348 -0.664408
35.2 1.99721 -0.600732
35.3 1.97794 -0.537629
35.4 1.95728 -0.475162
35.5 1.93584 -0.413364
35.6 1.91385 -0.352256
35.7 1.89137 -0.291855
35.8 1.86842 -0.232174
35.9 1.84498 -0.17323
36 1.82103 -0.115038
36.1 1.79653 -0.0576143
36.2 1.77146 -0.000977694
36.3 1.74576 0.0548532
36.4 1.71939 0.109858
36.5 1.6923 0.164014
36.6 1.66441 0.217297
36.7 1.63567 0.269682
36.8 1.60597 0.321139
36.9 1.57524 0.371638
37 1.54336 0.421143
37.1 1.51018 0.469616
37.2 1.47557 0.517013
37.3 1.43932 0.563286
37.4 1.40121 0.608379
37.5 1.36096 0.652229
37.6 1.31822 0.694763
37.7 1.27253 0.735895
37.8 1.22335 0.775522
37.9 1.16991 0.813523
38 1.11123 0.849747
38.1 1.04596 0.884007
38.2 0.972212 0.916067
38.3 0.887277 0.945617
38.4 0.787155 0.972242
38.5 0.665764 0.995371
38.6 0.513625 1.01419
38.7 0.315816 1.0275
38.8 0.0496521 1.03352
38.9 -0.313601 1.02963
39 -0.786282 1.01242
39.1 -1.30218 0.979191
39.2 -1.70643 0.930944
39.3 -1.92095 0.87286
39.4 -2.00261 0.810296
39.5 -2.02221 0.746288
39.6 -2.01698 0.682127
39.7 -2.00213 0.618313
39.8 -1.98346 0.555042
39.9 -1.96309 0.492395
40 -1.94184 0.43041
40.1 -1.91999 0.369109
40.2 -1.89764 0.30851
40.3 -1.87482 0.248628
40.4 -1.85152 0.189479
40.5 -1.82771 0.131077
40.6 -1.80337 0.0734387
40.7 -1.77846 0.0165824
40.8 -1.75294 -0.0394736
40.9 -1.72677 -0.0947092
41 -1.69988 -0.149103
41.1 -1.67222 -0.20263
41.2 -1.64372 -0.255267
41.3 -1.6143 -0.306984
41.4 -1.58386 -0.357751
41.5 -1.55231 -0.407535
41.6 -1.51951 -0.456298
41.7 -1.48531 -0.503997
41.8 -1.44954 -0.550587
41.9 -1.41197 -0.596013
42 -1.37234 -0.640214
42.1 -1.33033 -0.683121
42.2 -1.28551 -0.72465
42.3 -1.23736 -0.764705
42.4 -1.18518 -0.80317
42.5 -1.12807 -0.839903
42.6 -1.06479 -0.874729
42.7 -0.99362 -0.907425
42.8 -0.912118 -0.937707
42.9 -0.816703 -0.965191
43 -0.701976 -0.989358
43.1 -0.559569 -1.00947
43.2 -0.376314 -1.02446
43.3 -0.131835 -1.03272
43.4 0.201793 -1.03188
43.5 0.646041 -1.01872
43.6 1.16346 -0.990036
43.7 1.61337 -0.945554
43.8 1.87848 -0.889584
43.9 1.9886 -0.827854
44 2.02031 -0.764064
44.1 2.01979 -0.699874
44.2 2.00678 -0.635936
44.3 1.98885 -0.572504
44.4 1.96884 -0.509679
44.5 1.94779 -0.447508
44.6 1.92609 -0.386016
44.7 1.90388 -0.325221
44.8 1.88119 -0.265139
44.9 1.85802 -0.205785
45 1.83436 -0.147174
45.1 1.81017 -0.089323
45.2 1.78542 -0.0322484
45.3 1.76008 0.0240312
45.4 1.73409 0.079496
45.5 1.7074 0.134125
45.6 1.67996 0.187895
45.7 1.6517 0.240781
45.8 1.62254 0.292755
45.9 1.5924 0.343789
46 1.56117 0.393849
46.1 1.52872 0.442898
46.2 1.49493 0.490897
46.3 1.45961 0.537799
46.4 1.42257 0.583553
46.5 1.38354 0.6281
46.6 1.34222 0.671373
46.7 1.29823 0.713292
46.8 1.25106 0.753766
46.9 1.20008 0.792685
47 1.14445 0.829913
47.1 1.08302 0.865287
47.2 1.01424 0.898599
47.3 0.935903 0.929582
47.4 0.844788 0.957887
47.5 0.736092 0.983035
47.6 0.602423 1.00436
47.7 0.432169 1.0209
47.8 0.207176 1.03122
47.9 -0.0987857 1.0332
48 -0.51221 1.0238
48.1 -1.01947 0.999636
48.2 -1.50497 0.959275
48.3 -1.82396 0.905882
48.4 -1.96882 0.845266
48.5 -2.01609 0.781814
48.6 -2.02171 0.717642
48.7 -2.01107 0.653599
48.8 -1.9941 0.590012
48.9 -1.97451 0.527013
49 -1.9537 0.464658
49.1 -1.93216 0.402976
49.2 -1.91008 0.341986
49.3 -1.88752 0.281705
49.4 -1.86449 0.222148
49.5 -1.84096 0.16333
49.6 -1.81692 0.105267
49.7 -1.79233 0.0479754
49.8 -1.76716 -0.00852628
49.9 -1.74135 -0.0642188
50 -1.71486 -0.119081
50.1 -1.68764 -0.173092
50.2 -1.65961 -0.226225
50.3 -1.63071 -0.278455
50.4 -1.60085 -0.329752
50.5 -1.56993 -0.380085
50.6 -1.53784 -0.429418
50.7 -1.50443 -0.477712
50.8 -1.46956 -0.524923
50.9 -1.43301 -0.571
51 -1.39456 -0.615888
51.1 -1.35392 -0.659521
51.2 -1.31071 -0.701824
51.3 -1.26448 -0.742709
51.4 -1.21463 -0.78207
51.5 -1.16038 -0.819781
51.6 -1.10069 -0.855687
51.7 -1.03414 -0.889594
51.8 -0.958717 -0.921253
51.9 -0.871538 -0.950341
52 -0.768318 -0.97642
52.1 -0.64251 -0.998886
52.2 -0.483879 -1.01687
52.3 -0.276333 -1.02909
52.4 0.00421198 -1.03365
52.5 0.386289 -1.02775
52.6 0.87416 -1.00796
52.7 1.38265 -0.971978
52.8 1.7556 -0.921638
52.9 1.94178 -0.862475
53 2.00887 -0.799516
53.1 2.02247 -0.735423
53.2 2.01491 -0.671297
53.3 1.99916 -0.607566
53.4 1.9801 -0.544397
53.5 1.95955 -0.48186
53.6 1.93818 -0.419989
53.7 1.91624 -0.358806
53.8 1.89381 -0.298327
53.9 1.87091 -0.238568
54 1.84753 -0.179544
54.1 1.82363 -0.12127
54.2 1.7992 -0.0637629
54.3 1.77419 -0.00704067
54.4 1.74856 0.0488779
54.5 1.72227 0.103973
54.6 1.69525 0.158221
54.7 1.66746 0.2116
54.8 1.63881 0.264083
54.9 1.60922 0.315642
55 1.57861 0.366245
55.1 1.54685 0.415859
55.2 1.51382 0.464445
55.3 1.47937 0.51196
55.4 1.44331 0.558356
55.5 1.40542 0.60358
55.6 1.36541 0.647567
55.7 1.32295 0.690247
55.8 1.27761 0.731534
55.9 1.22883 0.771329
56 1.1759 0.809511
56.1 1.11784 0.845935
56.2 1.05336 0.880418
56.3 0.980637 0.912728
56.4 0.897072 0.942566
56.5 0.798832 0.96953
56.6 0.680114 0.99307
56.7 0.531887 1.0124
56.8 0.339936 1.02638
56.9 0.0824772 1.0333
57 -0.269048 1.03062
57.1 -0.731096 1.01502
57.2 -1.2491 0.983555
57.3 -1.67209 0.936724
57.4 -1.90574 0.879409
57.5 -1.99776 0.81714
57.6 -2.02171 0.753205
57.7 -2.01816 0.689027
57.8 -2.00398 0.625164
57.9 -1.98557 0.561829
58 -1.96534 0.499113
58.1 -1.94416 0.437055
58.2 -1.92237 0.37568
58.3 -1.90007 0.315004
58.4 -1.8773 0.255045
58.5 -1.85405 0.195815
58.6 -1.8303 0.137332
58.7 -1.80602 0.0796107
58.8 -1.78118 0.0226693
58.9 -1.75572 -0.0334739
59 -1.72962 -0.0887988
59.1 -1.70281 -0.143284
59.2 -1.67524 -0.196906
59.3 -1.64683 -0.24964
59.4 -1.61751 -0.301458
59.5 -1.58719 -0.352329
59.6 -1.55577 -0.40222
59.7 -1.52311 -0.451095
59.8 -1.48907 -0.498911
59.9 -1.45347 -0.545623
60 -1.41611 -0.591177
60.1 -1.37672 -0.635513
60.2 -1.33498 -0.678563
60.3 -1.29049 -0.720245
60.4 -1.24272 -0.760464
60.5 -1.19102 -0.799107
60.6 -1.1345 -0.836034
60.7 -1.07195 -0.871075
60.8 -1.00173 -0.904013
60.9 -0.921491 -0.934571
61 -0.827795 -0.962379
61.1 -0.715484 -0.986934
61.2 -0.576588 -1.00753
61.3 -0.398565 -1.02313
61.4 -0.161919 -1.03222
61.5 0.160691 -1.0325
61.6 0.593118 -1.02083
61.7 1.10785 -0.993921
61.8 1.57298 -0.951004
61.9 1.85881 -0.89598
62 1.98167 -0.834647
62.1 2.01898 -0.770973
62.2 2.02066 -0.706784
62.3 2.00849 -0.642802
62.4 1.99091 -0.579309
62.5 1.97106 -0.516416
62.6 1.9501 -0.454173
62.7 1.92846 -0.392607
62.8 1.90629 -0.331736
62.9 1.88366 -0.271577
63 1.86054 -0.212144
63.1 1.83693 -0.153452
63.2 1.8128 -0.0955182
63.3 1.78812 -0.038359
63.4 1.76284 0.0180071
63.5 1.73692 0.0735607
63.6 1.71031 0.128281
63.7 1.68295 0.182144
63.8 1.65479 0.235127
63.9 1.62573 0.287201
64 1.5957 0.338338
64.1 1.56459 0.388504
64.2 1.53228 0.437664
64.3 1.49864 0.485778
64.4 1.4635 0.5328
64.5 1.42665 0.578681
64.6 1.38785 0.623361
64.7 1.3468 0.666774
64.8 1.30311 0.708844
64.9 1.25631 0.749479
65 1.20578 0.788571
65.1 1.15069 0.825988
65.2 1.08996 0.861571
65.3 1.02207 0.895117
65.4 0.944888 0.926366
65.5 0.855346 0.954979
65.6 0.748843 0.980495
65.7 0.618329 1.00227
65.8 0.452752 1.01939
65.9 0.234778 1.03047
66 -0.0610211 1.03347
66.1 -0.462229 1.02547
66.2 -0.96289 1.00303
66.3 -1.45892 0.964344
66.4 -1.7991 0.912082
66.5 -1.95926 0.851988
66.6 -2.01368 0.788708
66.7 -2.02216 0.724558
66.8 -2.01262 0.660479
66.9 -1.99609 0.596836
67 -1.9767 0.53377
67.1 -1.95598 0.471343
67.2 -1.93451 0.409588
67.3 -1.91248 0.348523
67.4 -1.88997 0.288165
67.5 -1.86699 0.228529
67.6 -1.84352 0.16963
67.7 -1.81954 0.111485
67.8 -1.79501 0.0541096
67.9 -1.7699 -0.002478
68 -1.74416 -0.0582587
68.1 -1.71775 -0.113212
68.2 -1.69061 -0.167315
68.3 -1.66267 -0.220544
68.4 -1.63387 -0.272873
68.5 -1.60412 -0.324272
68.6 -1.57332 -0.37471
68.7 -1.54136 -0.424153
68.8 -1.5081 -0.472561
68.9 -1.47339 -0.51989
69 -1.43704 -0.566092
69.1 -1.39881 -0.611111
69.2 -1.35841 -0.654883
69.3 -1.3155 -0.697333
69.4 -1.26962 -0.738375
69.5 -1.22019 -0.777906
69.6 -1.16646 -0.815802
69.7 -1.10742 -0.851912
69.8 -1.04169 -0.886044
69.9 -0.967346 -0.91796
70 -0.88161 -0.947343
70.1 -0.780382 -0.973772
70.2 -0.657419 -0.996663
70.3 -0.502972 -1.01518
70.4 -0.301702 -1.02811
70.5 -0.0304137 -1.0336
70.6 0.339628 -1.02899
70.7 0.818066 -1.01086
70.8 1.33186 -0.976621
70.9 1.72496 -0.927594
71 1.92893 -0.8691
71.1 2.00506 -0.806383
71.2 2.02238 -0.742341
71.3 2.01625 -0.678191
71.4 2.00106 -0.614407
71.5 1.98224 -0.551172
71.6 1.96181 -0.488565
71.7 1.94051 -0.426621
71.8 1.91863 -0.365363
71.9 1.89625 -0.304808
72 1.8734 -0.244971
72.1 1.85007 -0.185867
72.2 1.82623 -0.127511
72.3 1.80186 -0.0699207
72.4 1.77691 -0.013113
72.5 1.75135 0.0428932
72.6 1.72514 0.0980776
72.7 1.6982 0.152418
72.8 1.67049 0.205892
72.9 1.64194 0.258473
73 1.61246 0.310133
73.1 1.58196 0.360841
73.2 1.55033 0.410563
73.3 1.51745 0.459261
73.4 1.48316 0.506894
73.5 1.44728 0.553413
73.6 1.4096 0.598766
73.7 1.36983 0.64289
73.8 1.32766 0.685714
73.9 1.28265 0.727156
74 1.23427 0.767117
74.1 1.18182 0.80548
74.2 1.12438 0.842101
74.3 1.06066 0.876803
74.4 0.988938 0.90936
74.5 0.906698 0.939481
74.6 0.810275 0.966779
74.7 0.694126 0.99072
74.8 0.549649 1.01055
74.9 0.363303 1.02518
75 0.114205 1.03296
75.1 -0.225845 1.03147
75.2 -0.676688 1.01742
75.3 -1.19485 0.987734
75.4 -1.63538 0.942383
75.5 -1.88888 0.885904
75.6 -1.99216 0.823967
75.7 -2.02091 0.760119
75.8 -2.01923 0.695932
75.9 -2.00577 0.632021
76 -1.98767 0.568623
76.1 -1.96757 0.505838
76.2 -1.94648 0.443708
76.3 -1.92474 0.382258
76.4 -1.9025 0.321507
76.5 -1.87978 0.261469
76.6 -1.85658 0.20216
76.7 -1.83289 0.143596
76.8 -1.80866 0.0857917
76.9 -1.78388 0.0287654
77 -1.7585 -0.0274647
77.1 -1.73247 -0.0828787
77.2 -1.70574 -0.137455
77.3 -1.67825 -0.191172
77.4 -1.64993 -0.244002
77.5 -1.62072 -0.29592
77.6 -1.59051 -0.346895
77.7 -1.55921 -0.396894
77.8 -1.52669 -0.44588
77.9 -1.4928 -0.493812
78 -1.45739 -0.540645
78.1 -1.42023 -0.586327
78.2 -1.38107 -0.630797
78.3 -1.3396 -0.673989
78.4 -1.29543 -0.715823
78.5 -1.24805 -0.756205
78.6 -1.19681 -0.795024
78.7 -1.14085 -0.832143
78.8 -1.07902 -0.867397
78.9 -1.00973 -0.900574
79 -0.93071 -0.931404
79.1 -0.838673 -0.959529
79.2 -0.728689 -0.984464
79.3 -0.59316 -1.00553
79.4 -0.420145 -1.02173
79.5 -0.191008 -1.03161
79.6 0.120907 -1.03299
79.7 0.541276 -1.02277
79.8 1.05168 -0.997614
79.9 1.5303 -0.956312
80 1.8372 -0.902306
80.1 1.97378 -0.841416
80.2 2.01726 -0.777877
80.3 2.02137 -0.713696
80.4 2.01015 -0.649675
80.5 1.99295 -0.586122
80.6 1.97326 -0.523161
80.7 1.95239 -0.460846
80.8 1.93081 -0.399206
80.9 1.90871 -0.33826
81 1.88612 -0.278023
81.1 1.86305 -0.218511
81.2 1.8395 -0.159739
81.3 1.81543 -0.101722
81.4 1.7908 -0.0444789
81.5 1.76559 0.0119736
81.6 1.73974 0.0676157
81.7 1.71321 0.122427
81.8 1.68594 0.176384
81.9 1.65786 0.229462
82 1.6289 0.281636
82.1 1.59898 0.332875
82.2 1.56799 0.383147
82.3 1.53582 0.432418
82.4 1.50233 0.480646
82.5 1.46736 0.527789
82.6 1.43071 0.573795
82.7 1.39213 0.618607
82.8 1.35134 0.662161
82.9 1.30796 0.704379
83 1.26152 0.745173
83.1 1.21143 0.784437
83.2 1.15688 0.822043
83.3 1.09682 0.857832
83.4 1.02978 0.891608
83.5 0.953732 0.92312
83.6 0.865709 0.952036
83.7 0.761318 0.977913
83.8 0.633835 1.00013
83.9 0.472734 1.0178
84 0.261482 1.02962
84.1 -0.0245042 1.03362
84.2 -0.41351 1.02697
84.3 -0.906339 1.00622
84.4 -1.41089 0.969252
84.5 -1.77205 0.918194
84.6 -1.9485 0.858676
84.7 -2.01077 0.795592
84.8 -2.02242 0.731475
84.9 -2.0141 0.667366
85 -1.99805 0.603666
85.1 -1.97887 0.540534
85.2 -1.95825 0.478037
85.3 -1.93685 0.416207
85.4 -1.91488 0.355067
85.5 -1.89242 0.294633
85.6 -1.86949 0.234918
85.7 -1.84607 0.17594
85.8 -1.82215 0.117712
85.9 -1.79768 0.0602531
86 -1.77263 0.00357965
86.1 -1.74697 -0.0522889
86.2 -1.72063 -0.107332
86.3 -1.69357 -0.161528
86.4 -1.66572 -0.214852
86.5 -1.63702 -0.267279
86.6 -1.60737 -0.31878
86.7 -1.57669 -0.369324
86.8 -1.54486 -0.418876
86.9 -1.51175 -0.467397
87 -1.47721 -0.514845
87.1 -1.44104 -0.561171
87.2 -1.40302 -0.60632
87.3 -1.36288 -0.650229
87.4 -1.32026 -0.692826
87.5 -1.27472 -0.734025
87.6 -1.22571 -0.773724
87.7 -1.17249 -0.811803
87.8 -1.11408 -0.848113
87.9 -1.04915 -0.882469
88 -0.975845 -0.914637
88.1 -0.891503 -0.944311
88.2 -0.792198 -0.971083
88.3 -0.671967 -0.994389
88.4 -0.521529 -1.01343
88.5 -0.326266 -1.02703
88.6 -0.0638822 -1.03344
88.7 0.294307 -1.03007
88.8 0.762502 -1.01356
88.9 1.27954 -0.981087
89 1.69198 -0.93344
89.1 1.91461 -0.875678
89.2 2.00061 -0.813237
89.3 2.02203 -0.749258
89.4 2.0175 -0.685089
89.5 2.00293 -0.621254
89.6 1.98437 -0.557955
89.7 1.96406 -0.495278
89.8 1.94284 -0.433262
89.9 1.92101 -0.371929
90 1.89869 -0.311297
90.1 1.87589 -0.251382
90.2 1.85261 -0.192198
90.3 1.82883 -0.133761
90.4 1.80451 -0.0760875
90.5 1.77963 -0.0191946
90.6 1.75414 0.0368989
90.7 1.72799 0.0921728
90.8 1.70114 0.146606
90.9 1.67352 0.200174
91 1.64506 0.252852
91.1 1.61568 0.304613
91.2 1.58529 0.355425
91.3 1.55379 0.405255
91.4 1.52105 0.454065
91.5 1.48693 0.501815
91.6 1.45123 0.548457
91.7 1.41375 0.593938
91.8 1.37423 0.638198
91.9 1.33233 0.681166
92 1.28765 0.722761
92.1 1.23967 0.762887
92.2 1.1877 0.801428
92.3 1.13084 0.838244
92.4 1.06788 0.873163
92.5 0.997118 0.905964
92.6 0.916162 0.936364
92.7 0.821492 0.963988
92.8 0.707814 0.988322
92.9 0.566932 1.00864
93 0.385951 1.0239
93.1 0.144876 1.03252
93.2 -0.183983 1.03217
93.3 -0.623193 1.01965
93.4 -1.13967 0.991727
93.5 -1.59631 0.947911
93.6 -1.87027 0.892338
93.7 -1.98574 0.830773
93.8 -2.01978 0.767031
93.9 -2.02018 0.70284
94 -2.00752 0.638883
94.1 -1.98974 0.575425
94.2 -1.96979 0.512571
94.3 -1.94878 0.450368
94.4 -1.92711 0.388845
94.5 -1.90492 0.328017
94.6 -1.88225 0.267902
94.7 -1.8591 0.208514
94.8 -1.83546 0.149868
94.9 -1.8113 0.0919817
95 -1.78658 0.0348708
95.1 -1.76126 -0.021446
95.2 -1.7353 -0.0769489
95.3 -1.70865 -0.131617
95.4 -1.68125 -0.185427
95.5 -1.65303 -0.238354
95.6 -1.62391 -0.290372
95.7 -1.59382 -0.34145
95.8 -1.56264 -0.391556
95.9 -1.53025 -0.440653
96 -1.49653 -0.488701
96.1 -1.46128 -0.535654
96.2 -1.42432 -0.581463
96.3 -1.38539 -0.626067
96.4 -1.34419 -0.6694
96.5 -1.30033 -0.711384
96.6 -1.25332 -0.751928
96.7 -1.20253 -0.790921
96.8 -1.14714 -0.828231
96.9 -1.08601 -0.863694
97 -1.01762 -0.897107
97.1 -0.939778 -0.928205
97.2 -0.849345 -0.956643
97.3 -0.741601 -0.98195
97.4 -0.609303 -1.00347
97.5 -0.441081 -1.02026
97.6 -0.219139 -1.03091
97.7 0.0824168 -1.03333
97.8 0.4906 -1.02454
97.9 0.995187 -1.00112
98 1.48545 -0.96147
98.1 1.81355 -0.908554
98.2 1.96486 -0.848156
98.3 2.01512 -0.784775
98.4 2.02193 -0.720611
98.5 2.01175 -0.656552
98.6 1.99496 -0.592941
98.7 1.97545 -0.529913
98.8 1.95468 -0.467527
98.9 1.93317 -0.405813
99 1.91111 -0.344792
99.1 1.88857 -0.284478
99.2 1.86556 -0.224887
99.3 1.84206 -0.166034
99.4 1.81805 -0.107936
99.5 1.79348 -0.050608
99.6 1.76834 0.00593065
99.7 1.74256 0.061661
99.8 1.7161 0.116562
99.9 1.68891 0.170613
100 1.66093 0.223787
100.1 1.63207 0.276059
100.2 1.60225 0.327401
100.3 1.57139 0.377779
100.4 1.53935 0.427159
100.5 1.50601 0.475502
100.6 1.47121 0.522764
100.7 1.43474 0.568895
100.8 1.39639 0.613839
100.9 1.35585 0.657531
101 1.31277 0.699898
101.1 1.26669 0.74085
101.2 1.21702 0.780285
101.3 1.163 0.818076
101.4 1.10359 0.854069
101.5 1.03739 0.888073
101.6 0.962438 0.919843
101.7 0.875885 0.949058
101.8 0.773529 0.975288
101.9 0.648956 0.997937
102 0.492143 1.01615
102.1 0.287326 1.02868
102.2 0.0107985 1.03364
102.3 -0.366092 1.0283
102.4 -0.850023 1.00923
102.5 -1.36104 0.973993
102.6 -1.74273 0.924208
102.7 -1.93644 0.865325
102.8 -2.00731 0.802466
102.9 -2.02246 0.738393
103 -2.0155 0.674256
103.1 -1.99998 0.610502
103.2 -1.98102 0.547305
103.3 -1.96052 0.484738
103.4 -1.93918 0.422835
103.5 -1.91727 0.36162
103.6 -1.89486 0.301109
103.7 -1.87198 0.241316
103.8 -1.84862 0.182257
103.9 -1.82475 0.123948
104 -1.80034 0.0664056
104.1 -1.77536 0.00964663
104.2 -1.74976 -0.0463096
104.3 -1.7235 -0.101443
104.4 -1.69652 -0.155731
104.5 -1.66876 -0.209151
104.6 -1.64015 -0.261675
104.7 -1.61061 -0.313278
104.8 -1.58005 -0.363926
104.9 -1.54835 -0.413586
105 -1.51538 -0.462221
105.1 -1.481 -0.509786
105.2 -1.44502 -0.556236
105.3 -1.40721 -0.601515
105.4 -1.36731 -0.645561
105.5 -1.32498 -0.688303
105.6 -1.27978 -0.729656
105.7 -1.23117 -0.769523
105.8 -1.17845 -0.807783
105.9 -1.12065 -0.844291
106 -1.05651 -0.878869
106.1 -0.984216 -0.911285
106.2 -0.901225 -0.941246
106.3 -0.803774 -0.968354
106.4 -0.68617 -0.992067
106.5 -0.539573 -1.01162
106.6 -0.350059 -1.02587
106.7 -0.0962316 -1.03317
106.8 0.250334 -1.031
106.9 0.707633 -1.01607
107 1.22594 -0.985372
107.1 1.65662 -0.939169
107.2 1.89871 -0.882205
107.3 1.99545 -0.820074
107.4 2.02141 -0.756174
107.5 2.01864 -0.691991
107.6 2.00475 -0.628107
107.7 1.98647 -0.564745
107.8 1.9663 -0.501999
107.9 1.94516 -0.43991
108 1.92339 -0.378503
108.1 1.90111 -0.317795
108.2 1.87837 -0.257802
108.3 1.85514 -0.198538
108.4 1.83141 -0.14002
108.5 1.80716 -0.0822633
108.6 1.78234 -0.0252855
108.7 1.75692 0.030895
108.8 1.73084 0.0862583
108.9 1.70407 0.140783
109 1.67653 0.194445
109.1 1.64816 0.247221
109.2 1.61889 0.299081
109.3 1.58862 0.349997
109.4 1.55725 0.399935
109.5 1.52465 0.448857
109.6 1.49067 0.496724
109.7 1.45516 0.543487
109.8 1.41788 0.589096
109.9 1.37859 0.63349
110 1.33697 0.676601
110.1 1.29261 0.718349
110.2 1.24501 0.758638
110.3 1.19351 0.797356
110.4 1.13723 0.834366
110.5 1.075 0.869499
110.6 1.00518 0.90254
110.7 0.925468 0.933215
110.8 0.832491 0.96116
110.9 0.72119 0.985879
111 0.583757 1.00668
111.1 0.407911 1.02254
111.2 0.174528 1.03197
111.3 -0.14345 1.03273
111.4 -0.570722 1.02169
111.5 -1.08379 0.99553
111.6 -1.55493 0.953301
111.7 -1.84978 0.898705
111.8 -1.97841 0.837557
111.9 -2.01829 0.773938
112 -2.02098 0.709751
112.1 -2.00921 0.645752
112.2 -1.99179 0.582233
112.3 -1.97201 0.519311
112.4 -1.95108 0.457037
112.5 -1.92947 0.395439
112.6 -1.90733 0.334536
112.7 -1.88471 0.274343
112.8 -1.86162 0.214876
112.9 -1.83803 0.15615
113 -1.81393 0.0981808
113.1 -1.78927 0.0409854
113.2 -1.76402 -0.0154178
113.3 -1.73813 -0.0710094
113.4 -1.71156 -0.125768
113.5 -1.68424 -0.179672
113.6 -1.65611 -0.232696
113.7 -1.62709 -0.284813
113.8 -1.59711 -0.335994
113.9 -1.56605 -0.386206
114 -1.5338 -0.435413
114.1 -1.50023 -0.483576
114.2 -1.46516 -0.53065
114.3 -1.42839 -0.576584
114.4 -1.38969 -0.621322
114.5 -1.34875 -0.664795
114.6 -1.3052 -0.706929
114.7 -1.25855 -0.747633
114.8 -1.20821 -0.786798
114.9 -1.15336 -0.824297
115 -1.09291 -0.859969
115.1 -1.02539 -0.893614
115.2 -0.948703 -0.924976
115.3 -0.859819 -0.95372
115.4 -0.754232 -0.979392
115.5 -0.625035 -1.00136
115.6 -0.461403 -1.01871
115.7 -0.246351 -1.03011
115.8 0.0451919 -1.03355
115.9 0.441154 -1.02613
116 0.938594 -1.00442
116.1 1.43853 -0.966471
116.2 1.78775 -0.914717
116.3 1.95479 -0.854864
116.4 2.0125 -0.791665
116.5 2.02229 -0.727528
116.6 2.01327 -0.663435
116.7 1.99694 -0.599767
116.8 1.97763 -0.536673
116.9 1.95696 -0.474216
117 1.93551 -0.412429
117.1 1.91351 -0.351332
117.2 1.89102 -0.290941
117.3 1.86806 -0.231271
117.4 1.84462 -0.172338
117.5 1.82066 -0.114158
117.6 1.79616 -0.0567462
117.7 1.77107 -0.000121661
117.8 1.74537 0.0556968
117.9 1.71899 0.110689
118 1.69188 0.164832
118.1 1.66398 0.218102
118.2 1.63522 0.270472
118.3 1.60551 0.321916
118.4 1.57477 0.372399
118.5 1.54286 0.421889
118.6 1.50967 0.470345
118.7 1.47503 0.517726
118.8 1.43876 0.563981
118.9 1.40062 0.609056
119 1.36033 0.652887
119.1 1.31755 0.6954
119.2 1.27181 0.736509
119.3 1.22257 0.776113
119.4 1.16906 0.814088
119.5 1.11029 0.850283
119.6 1.04491 0.884513
119.7 0.971011 0.916537
119.8 0.885879 0.946046
119.9 0.785485 0.972622
120 0.663708 0.995693
120.1 0.511003 1.01444
120.2 0.312345 1.02765
120.3 0.0449227 1.03355
120.4 -0.320005 1.02947
120.5 -0.794135 1.01204
120.6 -1.30957 0.97856
120.7 -1.71109 0.930118
120.8 -1.92297 0.87193
120.9 -2.00323 0.809328
121 -2.02226 0.745311
121.1 -2.0168 0.681152
121.2 -2.00187 0.617346
121.3 -1.98316 0.554084
121.4 -1.96277 0.491446
121.5 -1.94151 0.429471
121.6 -1.91965 0.368181
121.7 -1.8973 0.307593
121.8 -1.87447 0.247722
121.9 -1.85116 0.188584
122 -1.82735 0.130193
122.1 -1.803 0.0725672
122.2 -1.77808 0.0157229
122.3 -1.75255 -0.0403207
122.4 -1.72636 -0.0955436
122.5 -1.69946 -0.149924
122.6 -1.67179 -0.203438
122.7 -1.64328 -0.256061
122.8 -1.61384 -0.307764
122.9 -1.58339 -0.358517
123 -1.55182 -0.408285
123.1 -1.519 -0.457032
123.2 -1.48478 -0.504715
123.3 -1.44898 -0.551287
123.4 -1.41138 -0.596695
123.5 -1.37172 -0.640877
123.6 -1.32967 -0.683763
123.7 -1.2848 -0.725271
123.8 -1.23659 -0.765303
123.9 -1.18435 -0.803743
124 -1.12716 -0.840448
124.1 -1.06377 -0.875243
124.2 -0.992465 -0.907905
124.3 -0.910781 -0.938147
124.4 -0.815118 -0.965585
124.5 -0.700041 -0.989696
124.6 -0.557127 -1.00974
124.7 -0.373114 -1.02464
124.8 -0.127501 -1.03278
124.9 0.207708 -1.03179
125 0.653601 -1.0184
125.1 1.17126 -0.989472
125.2 1.6189 -0.944773
125.3 1.88111 -0.888674
125.4 1.98951 -0.826892
125.5 2.02047 -0.763087
125.6 2.01966 -0.698897
125.7 2.00653 -0.634966
125.8 1.98856 -0.571543
125.9 1.96853 -0.508727
126 1.94747 -0.446566
126.1 1.92576 -0.385085
126.2 1.90354 -0.324301
126.3 1.88084 -0.26423
126.4 1.85766 -0.204887
126.5 1.83399 -0.146288
126.6 1.8098 -0.0884482
126.7 1.78504 -0.0313856
126.8 1.75968 0.0248817
126.9 1.73368 0.080334
127 1.70699 0.13495
127.1 1.67954 0.188707
127.2 1.65126 0.241579
127.3 1.62209 0.293539
127.4 1.59193 0.344559
127.5 1.56068 0.394603
127.6 1.52822 0.443637
127.7 1.4944 0.491619
127.8 1.45906 0.538504
127.9 1.42199 0.58424
128 1.38293 0.628768
128.1 1.34158 0.672021
128.2 1.29754 0.71392
128.3 1.25032 0.754371
128.4 1.19927 0.793264
128.5 1.14356 0.830466
128.6 1.08203 0.86581
128.7 1.01313 0.899089
128.8 0.934621 0.930034
128.9 0.84328 0.958294
129 0.734268 0.98339
129.1 0.600142 1.00465
129.2 0.429211 1.02111
129.3 0.203201 1.03132
129.4 -0.104225 1.03315
129.5 -0.519372 1.02355
129.6 -1.02745 0.999141
129.7 -1.51131 0.958546
129.8 -1.8273 0.904999
129.9 -1.97008 0.844313
130 -2.0164 0.780839
130.1 -2.02163 0.716665
130.2 -2.01084 0.652627
130.3 -1.99381 0.589049
130.4 -1.9742 0.526059
130.5 -1.95337 0.463714
130.6 -1.93182 0.402042
130.7 -1.90974 0.341063
130.8 -1.88717 0.280793
130.9 -1.86413 0.221247
131 -1.8406 0.16244
131.1 -1.81655 0.104389
131.2 -1.79195 0.0471092
131.3 -1.76677 -0.00938024
131.4 -1.74095 -0.0650603
131.5 -1.71445 -0.11991
131.6 -1.68722 -0.173907
131.7 -1.65918 -0.227027
131.8 -1.63026 -0.279243
131.9 -1.60039 -0.330526
132 -1.56945 -0.380844
132.1 -1.53734 -0.430161
132.2 -1.50391 -0.478439
132.3 -1.46901 -0.525633
132.4 -1.43244 -0.571692
132.5 -1.39396 -0.616562
132.6 -1.35328 -0.660175
132.7 -1.31003 -0.702457
132.8 -1.26375 -0.743319
132.9 -1.21383 -0.782657
133 -1.15951 -0.820342
133.1 -1.09973 -0.856219
133.2 -1.03306 -0.890094
133.3 -0.957486 -0.921717
133.4 -0.8701 -0.950762
133.5 -0.766592 -0.976791
133.6 -0.640373 -0.999196
133.7 -0.481136 -1.0171
133.8 -0.272682 -1.02923
133.9 0.00920055 -1.03364
134 0.39299 -1.02756
134.1 0.882119 -1.00754
134.2 1.3897 -0.971308
134.3 1.75974 -0.920788
134.4 1.94348 -0.861536
134.5 2.00936 -0.798545
134.6 2.02246 -0.734445
134.7 2.01471 -0.670324
134.8 1.99888 -0.6066
134.9 1.97979 -0.54344
135 1.95923 -0.480913
135.1 1.93785 -0.419052
135.2 1.9159 -0.35788
135.3 1.89347 -0.297412
135.4 1.87056 -0.237664
135.5 1.84717 -0.178651
135.6 1.82326 -0.120389
135.7 1.79882 -0.0628935
135.8 1.77381 -0.00618332
135.9 1.74817 0.0497229
136 1.72186 0.104805
136.1 1.69484 0.15904
136.2 1.66703 0.212406
136.3 1.63836 0.264875
136.4 1.60876 0.316419
136.5 1.57813 0.367008
136.6 1.54636 0.416606
136.7 1.51331 0.465176
136.8 1.47884 0.512675
136.9 1.44275 0.559054
137 1.40483 0.604259
137.1 1.36479 0.648227
137.2 1.32229 0.690886
137.3 1.2769 0.732151
137.4 1.22806 0.771923
137.5 1.17505 0.810079
137.6 1.11691 0.846475
137.7 1.05232 0.880926
137.8 0.979454 0.913202
137.9 0.895698 0.942999
138 0.797197 0.969916
138.1 0.678107 0.993398
138.2 0.529337 1.01266
138.3 0.336574 1.02654
138.4 0.077906 1.03334
138.5 -0.275262 1.03049
138.6 -0.738851 1.01466
138.7 -1.25667 0.982949
138.8 -1.67709 0.935915
138.9 -1.90799 0.878487
139 -1.99849 0.816174
139.1 -2.0218 0.752228
139.2 -2.018 0.688052
139.3 -2.00372 0.624195
139.4 -1.98527 0.56087
139.5 -1.96502 0.498163
139.6 -1.94383 0.436115
139.7 -1.92203 0.374751
139.8 -1.89973 0.314086
139.9 -1.87695 0.254137
140 -1.85369 0.194919
140.1 -1.82994 0.136447
140.2 -1.80565 0.0787379
140.3 -1.78079 0.0218085
140.4 -1.75533 -0.0343223
140.5 -1.72922 -0.0896346
140.6 -1.7024 -0.144107
140.7 -1.67481 -0.197716
140.8 -1.64639 -0.250436
140.9 -1.61706 -0.302239
141 -1.58672 -0.353096
141.1 -1.55528 -0.402972
141.2 -1.5226 -0.451831
141.3 -1.48854 -0.499631
141.4 -1.45292 -0.546325
141.5 -1.41553 -0.591861
141.6 -1.3761 -0.636178
141.7 -1.33433 -0.679208
141.8 -1.28979 -0.720869
141.9 -1.24197 -0.761065
142 -1.1902 -0.799682
142.1 -1.13359 -0.836582
142.2 -1.07094 -0.871593
142.3 -1.00059 -0.904497
142.4 -0.920176 -0.935016
142.5 -0.826241 -0.962779
142.6 -0.713594 -0.987279
142.7 -0.574211 -1.00781
142.8 -0.395462 -1.02332
142.9 -0.157729 -1.03229
143 0.166419 -1.03243
143.1 0.600533 -1.02055
143.2 1.11575 -0.993383
143.3 1.57883 -0.950243
143.4 1.86171 -0.89508
143.5 1.9827 -0.833689
143.6 2.01919 -0.769997
143.7 2.02054 -0.705807
143.8 2.00825 -0.641832
143.9 1.99062 -0.578347
144 1.97075 -0.515464
144.1 1.94977 -0.453231
144.2 1.92812 -0.391675
144.3 1.90595 -0.330815
144.4 1.88331 -0.270667
144.5 1.86018 -0.211245
144.6 1.83657 -0.152564
144.7 1.81243 -0.0946422
144.8 1.78774 -0.037495
144.9 1.76245 0.018859
145 1.73652 0.0744
145.1 1.7099 0.129107
145.2 1.68253 0.182958
145.3 1.65435 0.235926
145.4 1.62528 0.287987
145.5 1.59523 0.339109
145.6 1.5641 0.38926
145.7 1.53178 0.438405
145.8 1.49812 0.486502
145.9 1.46295 0.533507
146 1.42607 0.57937
146.1 1.38724 0.624031
146.2 1.34615 0.667425
146.3 1.30242 0.709474
146.4 1.25557 0.750086
146.5 1.20498 0.789153
146.6 1.14982 0.826544
146.7 1.08898 0.862098
146.8 1.02097 0.89561
146.9 0.943627 0.926823
147 0.853866 0.955392
147.1 0.747058 0.980857
147.2 0.616106 1.00257
147.3 0.44988 1.0196
147.4 0.230933 1.03058
147.5 -0.0662813 1.03344
147.6 -0.469217 1.02524
147.7 -0.970888 1.00256
147.8 -1.46555 0.963637
147.9 -1.80274 0.911211
148 -1.96068 0.85104
148.1 -2.01405 0.787734
148.2 -2.02211 0.72358
148.3 -2.01241 0.659507
148.4 -1.99581 0.595871
148.5 -1.97639 0.532814
148.6 -1.95566 0.470398
148.7 -1.93417 0.408653
148.8 -1.91214 0.347599
148.9 -1.88963 0.287251
149 -1.86664 0.227627
149.1 -1.84316 0.16874
149.2 -1.81917 0.110606
149.3 -1.79463 0.0532422
149.4 -1.76951 -0.00333328
149.5 -1.74377 -0.0591015
149.6 -1.71734 -0.114042
149.7 -1.69019 -0.168132
149.8 -1.66224 -0.221347
149.9 -1.63342 -0.273662
150 -1.60366 -0.325047
150.1 -1.57284 -0.375471
150.2 -1.54086 -0.424898
150.3 -1.50758 -0.47329
150.4 -1.47285 -0.520602
150.5 -1.43647 -0.566787
150.6 -1.39821 -0.611787
150.7 -1.35778 -0.655539
150.8 -1.31482 -0.697969
150.9 -1.26889 -0.738989
151 -1.21941 -0.778496
151.1 -1.16561 -0.816366
151.2 -1.10648 -0.852447
151.3 -1.04063 -0.886548
151.4 -0.966135 -0.918427
151.5 -0.880197 -0.947769
151.6 -0.778693 -0.974149
151.7 -0.655334 -0.99698
151.8 -0.500307 -1.01542
151.9 -0.298167 -1.02825
152 -0.0255917 -1.03361
152.1 0.346141 -1.02882
152.2 0.825965 -1.01046
152.3 1.33913 -0.975975
152.4 1.72943 -0.926759
152.5 1.93083 -0.868166
152.6 2.00564 -0.805414
152.7 2.0224 -0.741363
152.8 2.01607 -0.677217
152.9 2.0008 -0.61344
153 1.98194 -0.550215
153.1 1.96149 -0.487617
153.2 1.94018 -0.425684
153.3 1.91829 -0.364436
153.4 1.89591 -0.303892
153.5 1.87305 -0.244066
153.6 1.84971 -0.184973
153.7 1.82586 -0.126629
153.8 1.80148 -0.0690499
153.9 1.77653 -0.0122543
154 1.75096 0.0437395
154.1 1.72473 0.0989112
154.2 1.69779 0.153239
154.3 1.67006 0.206699
154.4 1.6415 0.259266
154.5 1.612 0.310912
154.6 1.58148 0.361605
154.7 1.54984 0.411312
154.8 1.51694 0.459994
154.9 1.48262 0.507611
155 1.44672 0.554113
155.1 1.40901 0.599447
155.2 1.36921 0.643552
155.3 1.327 0.686356
155.4 1.28194 0.727776
155.5 1.23351 0.767713
155.6 1.18099 0.806051
155.7 1.12346 0.842644
155.8 1.05964 0.877315
155.9 0.987772 0.909838
156 0.905348 0.939919
156.1 0.808672 0.96717
156.2 0.692166 0.991055
156.3 0.547169 1.01082
156.4 0.360046 1.02535
156.5 0.109787 1.03301
156.6 -0.231868 1.03136
156.7 -0.684324 1.0171
156.8 -1.20258 0.987155
156.9 -1.64071 0.941591
157 -1.89137 0.88499
157.1 -1.993 0.823003
157.2 -2.02104 0.759142
157.3 -2.01909 0.694956
157.4 -2.00552 0.631051
157.5 -1.98737 0.567663
157.6 -1.96726 0.504887
157.7 -1.94615 0.442767
157.8 -1.92441 0.381328
157.9 -1.90216 0.320587
158 -1.87943 0.260561
158.1 -1.85622 0.201263
158.2 -1.83252 0.14271
158.3 -1.80829 0.0849177
158.4 -1.7835 0.0279034
158.5 -1.75811 -0.0283144
158.6 -1.73206 -0.0837159
158.7 -1.70532 -0.13828
158.8 -1.67782 -0.191983
158.9 -1.6495 -0.2448
159 -1.62027 -0.296703
159.1 -1.59004 -0.347664
159.2 -1.55872 -0.397647
159.3 -1.52618 -0.446618
159.4 -1.49228 -0.494534
159.5 -1.45684 -0.541349
159.6 -1.41965 -0.587013
159.7 -1.38046 -0.631465
159.8 -1.33895 -0.674637
159.9 -1.29473 -0.716449
160 -1.2473 -0.756808
160.1 -1.19599 -0.795602
160.2 -1.13996 -0.832694
160.3 -1.07803 -0.867918
160.4 -1.00861 -0.901062
160.5 -0.929416 -0.931853
160.6 -0.837148 -0.959934
160.7 -0.726841 -0.984816
160.8 -0.590844 -1.00581
160.9 -0.417135 -1.02193
161 -0.186956 -1.0317
161.1 0.12645 -1.03293
161.2 0.548533 -1.02251
161.3 1.05964 -0.997104
161.4 1.53647 -0.955571
161.5 1.84037 -0.901417
161.6 1.97496 -0.840461
161.7 2.01753 -0.776902
161.8 2.02128 -0.712719
161.9 2.00992 -0.648703
162 1.99266 -0.585159
162.1 1.97295 -0.522207
162.2 1.95207 -0.459903
162.3 1.93048 -0.398273
162.4 1.90837 -0.337337
162.5 1.88577 -0.277112
162.6 1.8627 -0.217611
162.7 1.83914 -0.15885
162.8 1.81506 -0.100845
162.9 1.79042 -0.0436135
163 1.7652 0.0128268
163.1 1.73934 0.0684564
163.2 1.7128 0.123254
163.3 1.68552 0.177198
163.4 1.65743 0.230263
163.5 1.62846 0.282423
163.6 1.59852 0.333647
163.7 1.56751 0.383905
163.8 1.53532 0.43316
163.9 1.50181 0.481372
164 1.46682 0.528498
164.1 1.43013 0.574486
164.2 1.39153 0.61928
164.3 1.3507 0.662814
164.4 1.30728 0.705011
164.5 1.26079 0.745783
164.6 1.21063 0.785023
164.7 1.15601 0.822601
164.8 1.09585 0.858362
164.9 1.0287 0.892106
165 0.952491 0.92358
165.1 0.864256 0.952454
165.2 0.759571 0.97828
165.3 0.631667 1.00044
165.4 0.469946 1.01803
165.5 0.257762 1.02974
165.6 -0.0295901 1.03361
165.7 -0.420316 1.02677
165.8 -0.91432 1.00578
165.9 -1.41779 0.968568
166 -1.776 0.917336
166.1 -1.95009 0.857733
166.2 -2.01122 0.79462
166.3 -2.02239 0.730498
166.4 -2.0139 0.666392
166.5 -1.99778 0.6027
166.6 -1.97856 0.539577
166.7 -1.95793 0.47709
166.8 -1.93652 0.415272
166.9 -1.91454 0.354142
167 -1.89207 0.293718
167.1 -1.86914 0.234015
167.2 -1.84571 0.175047
167.3 -1.82178 0.116832
167.4 -1.7973 0.0593844
167.5 -1.77225 0.00272305
167.6 -1.74657 -0.0531331
167.7 -1.72022 -0.108164
167.8 -1.69315 -0.162346
167.9 -1.66529 -0.215657
168 -1.63657 -0.26807
168.1 -1.60691 -0.319557
168.2 -1.57621 -0.370086
168.3 -1.54436 -0.419622
168.4 -1.51123 -0.468127
168.5 -1.47667 -0.515559
168.6 -1.44047 -0.561867
168.7 -1.40243 -0.606998
168.8 -1.36225 -0.650888
168.9 -1.31959 -0.693464
169 -1.274 -0.73464
169.1 -1.22493 -0.774316
169.2 -1.17164 -0.812369
169.3 -1.11314 -0.848651
169.4 -1.0481 -0.882976
169.5 -0.974651 -0.915108
169.6 -0.890116 -0.944742
169.7 -0.790543 -0.971465
169.8 -0.669933 -0.994714
169.9 -0.518938 -1.01368
170 -0.322842 -1.02719
170.1 -0.0592214 -1.03347
170.2 0.30063 -1.02993
170.3 0.770316 -1.01319
170.4 1.28702 -0.980467
170.5 1.69678 -0.932621
170.6 1.91673 -0.874752
170.7 2.00128 -0.812269
170.8 2.0221 -0.748281
170.9 2.01733 -0.684114
171 2.00267 -0.620286
171.1 1.98407 -0.556996
171.2 1.96374 -0.494329
171.3 1.94251 -0.432323
171.4 1.92068 -0.371001
171.5 1.89834 -0.31038
171.6 1.87554 -0.250476
171.7 1.85225 -0.191303
171.8 1.82846 -0.132877
171.9 1.80414 -0.0752155
172 1.77925 -0.0183346
172.1 1.75375 0.0377465
172.2 1.72759 0.0930078
172.3 1.70072 0.147428
172.4 1.67309 0.200983
172.5 1.64462 0.253647
172.6 1.61522 0.305393
172.7 1.58482 0.356191
172.8 1.55331 0.406006
172.9 1.52055 0.4548
173 1.48639 0.502534
173.1 1.45067 0.549158
173.2 1.41316 0.594621
173.3 1.37361 0.638862
173.4 1.33167 0.681809
173.5 1.28695 0.723383
173.6 1.23891 0.763486
173.7 1.18687 0.802002
173.8 1.12993 0.838791
173.9 1.06686 0.873679
174 0.995969 0.906445
174.1 0.914834 0.936807
174.2 0.81992 0.964385
174.3 0.705899 0.988664
174.4 0.564518 1.00892
174.5 0.382793 1.02408
174.6 0.140604 1.03259
174.7 -0.189818 1.03208
174.8 -0.630692 1.01934
174.9 -1.14751 0.991174
175 -1.60198 0.947138
175.1 -1.87301 0.891433
175.2 -1.9867 0.829813
175.3 -2.01996 0.766054
175.4 -2.02005 0.701864
175.5 -2.00728 0.637913
175.6 -1.98945 0.574463
175.7 -1.96948 0.511619
175.8 -1.94846 0.449427
175.9 -1.92677 0.387913
176 -1.90458 0.327097
176.1 -1.8819 0.266992
176.2 -1.85875 0.207616
176.3 -1.8351 0.148982
176.4 -1.81093 0.0911064
176.5 -1.7862 0.0340075
176.6 -1.76087 -0.0222971
176.7 -1.7349 -0.0777875
176.8 -1.70824 -0.132443
176.9 -1.68082 -0.18624
177 -1.65259 -0.239153
177.1 -1.62346 -0.291157
177.2 -1.59335 -0.34222
177.3 -1.56215 -0.392311
177.4 -1.52975 -0.441392
177.5 -1.496 -0.489424
177.6 -1.46073 -0.53636
177.7 -1.42374 -0.582151
177.8 -1.38478 -0.626736
177.9 -1.34354 -0.67005
178 -1.29964 -0.712013
178.1 -1.25258 -0.752533
178.2 -1.20173 -0.791502
178.3 -1.14625 -0.828785
178.4 -1.08503 -0.864219
178.5 -1.01651 -0.897599
178.6 -0.938506 -0.928659
178.7 -0.847849 -0.957053
178.8 -0.739794 -0.982308
178.9 -0.607047 -1.00376
179 -0.438161 -1.02047
179.1 -0.21522 -1.03102
179.2 0.0877786 -1.03329
179.3 0.497688 -1.0243
179.4 1.00318 -1.00063
179.5 1.49191 -0.960751
179.6 1.81702 -0.907676
179.7 1.96619 -0.847205
179.8 2.01545 -0.783801
179.9 2.02186 -0.719634
180 2.01152 -0.65558
180.1 1.99468 -0.591977
180.2 1.97514 -0.528958
180.3 1.95435 -0.466583
180.4 1.93283 -0.404879
180.5 1.91077 -0.343868
180.6 1.88823 -0.283565
180.7 1.86521 -0.223985
180.8 1.8417 -0.165144
180.9 1.81768 -0.107057
181 1.7931 -0.0497413
181.1 1.76795 0.00678517
181.2 1.74216 0.0625031
181.3 1.7157 0.117392
181.4 1.68849 0.171429
181.5 1.66049 0.22459
181.6 1.63162 0.276848
181.7 1.60179 0.328175
181.8 1.57091 0.378538
181.9 1.53885 0.427903
182 1.50549 0.47623
182.1 1.47066 0.523475
182.2 1.43417 0.569588
182.3 1.39579 0.614513
182.4 1.35521 0.658186
182.5 1.31209 0.700532
182.6 1.26596 0.741462
182.7 1.21623 0.780873
182.8 1.16214 0.818637
182.9 1.10264 0.854602
183 1.03632 0.888574
183.1 0.961216 0.920308
183.2 0.874458 0.949481
183.3 0.771819 0.975662
183.4 0.646842 0.998251
183.5 0.489434 1.01639
183.6 0.283725 1.02882
183.7 0.00588203 1.03365
183.8 -0.372713 1.02812
183.9 -0.857959 1.00881
184 -1.36819 0.973333
184.1 -1.74701 0.923364
184.2 -1.93822 0.864388
184.3 -2.00783 0.801496
184.4 -2.02247 0.737415
184.5 -2.01531 0.673282
184.6 -1.99971 0.609536
184.7 -1.98072 0.546348
184.8 -1.9602 0.48379
184.9 -1.93885 0.421898
185 -1.91693 0.360694
185.1 -1.89452 0.300193
185.2 -1.87163 0.240411
185.3 -1.84826 0.181364
185.4 -1.82438 0.123067
185.5 -1.79997 0.0655356
185.6 -1.77498 0.00878871
185.7 -1.74937 -0.0471551
185.8 -1.7231 -0.102276
185.9 -1.6961 -0.156551
186 -1.66833 -0.209957
186.1 -1.63971 -0.262468
186.2 -1.61015 -0.314056
186.3 -1.57957 -0.36469
186.4 -1.54785 -0.414335
186.5 -1.51487 -0.462953
186.6 -1.48047 -0.510502
186.7 -1.44446 -0.556934
186.8 -1.40662 -0.602195
186.9 -1.36669 -0.646222
187 -1.32431 -0.688943
187.1 -1.27907 -0.730275
187.2 -1.23041 -0.770118
187.3 -1.17761 -0.808352
187.4 -1.11973 -0.844833
187.5 -1.05547 -0.879379
187.6 -0.983041 -0.911761
187.7 -0.899862 -0.941681
187.8 -0.802152 -0.968742
187.9 -0.684184 -0.992398
188 -0.537053 -1.01188
188.1 -0.346742 -1.02604
188.2 -0.0917266 -1.03321
188.3 0.256466 -1.03088
188.4 0.715339 -1.01573
188.5 1.23358 -0.984777
188.6 1.66176 -0.938367
188.7 1.90106 -0.881286
188.8 1.99623 -0.819108
188.9 2.02151 -0.755197
189 2.01848 -0.691016
189.1 2.0045 -0.627138
189.2 1.98618 -0.563785
189.3 1.96598 -0.501049
189.4 1.94483 -0.43897
189.5 1.92305 -0.377573
189.6 1.90077 -0.316876
189.7 1.87802 -0.256894
189.8 1.85478 -0.197642
189.9 1.83105 -0.139135
190 1.80678 -0.08139
190.1 1.78196 -0.0244242
190.2 1.75652 0.031744
190.3 1.73044 0.0870947
190.4 1.70365 0.141606
190.5 1.67611 0.195256
190.6 1.64773 0.248017
190.7 1.61844 0.299864
190.8 1.58815 0.350765
190.9 1.55676 0.400687
191 1.52414 0.449594
191.1 1.49015 0.497444
191.2 1.4546 0.54419
191.3 1.4173 0.589781
191.4 1.37798 0.634156
191.5 1.33632 0.677247
191.6 1.29191 0.718973
191.7 1.24426 0.759239
191.8 1.19269 0.797933
191.9 1.13633 0.834915
192 1.074 0.870018
192.1 1.00405 0.903025
192.2 0.924162 0.933662
192.3 0.830949 0.961562
192.4 0.719318 0.986227
192.5 0.581406 1.00696
192.6 0.404848 1.02274
192.7 0.170398 1.03205
192.8 -0.149098 1.03266
192.9 -0.578071 1.02141
193 -1.09172 0.995004
193.1 -1.56092 0.952548
193.2 -1.85279 0.89781
193.3 -1.9795 0.8366
193.4 -2.01853 0.772962
193.5 -2.02088 0.708774
193.6 -2.00898 0.644781
193.7 -1.9915 0.581271
193.8 -1.97169 0.518358
193.9 -1.95076 0.456094
194 -1.92914 0.394507
194.1 -1.90699 0.333614
194.2 -1.88437 0.273433
194.3 -1.86126 0.213977
194.4 -1.83767 0.155262
194.5 -1.81356 0.0973042
194.6 -1.78889 0.0401208
194.7 -1.76363 -0.0162702
194.8 -1.73773 -0.0718494
194.9 -1.71115 -0.126596
195 -1.68381 -0.180486
195.1 -1.65567 -0.233496
195.2 -1.62664 -0.285599
195.3 -1.59664 -0.336765
195.4 -1.56557 -0.386962
195.5 -1.5333 -0.436154
195.6 -1.49971 -0.484301
195.7 -1.46461 -0.531358
195.8 -1.42782 -0.577275
195.9 -1.38909 -0.621993
196 -1.34811 -0.665447
196.1 -1.30451 -0.70756
196.2 -1.25782 -0.748241
196.3 -1.20741 -0.787382
196.4 -1.15248 -0.824854
196.5 -1.09194 -0.860496
196.6 -1.0243 -0.894109
196.7 -0.94745 -0.925434
196.8 -0.85835 -0.954135
196.9 -0.752464 -0.979756
197 -0.622836 -1.00166
197.1 -0.458568 -1.01894
197.2 -0.24256 -1.03023
197.3 0.0503767 -1.03353
197.4 0.448065 -1.02592
197.5 0.946589 -1.00397
197.6 1.44528 -0.965774
197.7 1.79153 -0.913852
197.8 1.95629 -0.853918
197.9 2.0129 -0.790692
198 2.02225 -0.72655
198.1 2.01306 -0.662462
198.2 1.99666 -0.598802
198.3 1.97732 -0.535717
198.4 1.95664 -0.47327
198.5 1.93518 -0.411493
198.6 1.91317 -0.350407
198.7 1.89068 -0.290027
198.8 1.86771 -0.230368
198.9 1.84426 -0.171447
199 1.82029 -0.113278
199.1 1.79578 -0.0558782
199.2 1.77069 0.000734186
199.3 1.74497 0.0565402
199.4 1.71858 0.111519
199.5 1.69146 0.165649
199.6 1.66355 0.218906
199.7 1.63478 0.271263
199.8 1.60505 0.322691
199.9 1.57429 0.37316
200 1.54237 0.422634
