0 2 0
0.1 1.85286 0.0606512
0.2 1.77229 0.117898
0.3 1.71856 0.173085
0.4 1.67676 0.226787
0.5 1.6404 0.279264
0.6 1.60637 0.330633
0.7 1.57305 0.38094
0.8 1.53954 0.430191
0.9 1.50528 0.478371
1 1.46989 0.525451
1.1 1.43303 0.571387
1.2 1.39438 0.61613
1.3 1.35362 0.659617
1.4 1.31035 0.701776
1.5 1.26409 0.742519
1.6 1.21423 0.781744
1.7 1.15998 0.819323
1.8 1.10031 0.855103
1.9 1.03376 0.888891
2 0.958341 0.920438
2.1 0.87114 0.949421
2.2 0.767854 0.975405
2.3 0.641898 0.997782
2.4 0.482964 1.01569
2.5 0.274827 1.02783
2.6 -0.006816 1.03231
2.7 -0.390699 1.02632
2.8 -0.880634 1.00642
2.9 -1.38954 0.970334
3 -1.7603 0.919965
3.1 -1.94394 0.860882
3.2 -2.00954 0.79808
3.3 -2.02248 0.73418
3.4 -2.01467 0.670262
3.5 -1.99885 0.606742
3.6 -1.97979 0.543782
3.7 -1.95928 0.481452
3.8 -1.93796 0.419785
3.9 -1.91608 0.358801
4 -1.89372 0.298518
4.1 -1.87089 0.23895
4.2 -1.84757 0.180112
4.3 -1.82375 0.12202
4.4 -1.79939 0.0646903
4.5 -1.77446 0.00814017
4.6 -1.74892 -0.0476114
4.7 -1.72271 -0.102544
4.8 -1.69579 -0.156637
4.9 -1.66809 -0.209865
5 -1.63955 -0.262204
5.1 -1.61007 -0.313624
5.2 -1.57957 -0.364097
5.3 -1.54795 -0.413586
5.4 -1.51506 -0.462055
5.5 -1.48076 -0.509461
5.6 -1.44486 -0.555757
5.7 -1.40715 -0.600889
5.8 -1.36735 -0.644795
5.9 -1.32512 -0.687405
6 -1.28004 -0.728634
6.1 -1.23156 -0.768384
6.2 -1.17898 -0.806538
6.3 -1.12135 -0.84295
6.4 -1.05739 -0.877443
6.5 -0.985318 -0.909788
6.6 -0.902589 -0.939692
6.7 -0.805456 -0.966763
6.8 -0.688247 -0.99046
6.9 -0.542145 -1.01002
7 -0.35325 -1.02433
7.1 -0.100152 -1.0317
7.2 0.245743 -1.02968
7.3 0.70297 -1.01495
7.4 1.2225 -0.984479
7.5 1.65512 -0.9385
7.6 1.89835 -0.881742
7.7 1.9954 -0.819812
7.8 2.0214 -0.756115
7.9 2.01864 -0.692136
8 2.00478 -0.628453
8.1 1.98654 -0.565291
8.2 1.96642 -0.50274
8.3 1.94534 -0.440843
8.4 1.92364 -0.379623
8.5 1.90144 -0.319098
8.6 1.87876 -0.259283
8.7 1.85562 -0.200194
8.8 1.83197 -0.141844
8.9 1.8078 -0.0842511
9 1.78307 -0.0274317
9.1 1.75775 0.0285957
9.2 1.73177 0.0838116
9.3 1.7051 0.138195
9.4 1.67768 0.191722
9.5 1.64943 0.244368
9.6 1.62028 0.296107
9.7 1.59015 0.346908
9.8 1.55892 0.396738
9.9 1.52648 0.445561
10 1.49268 0.493337
10.1 1.45736 0.540019
10.2 1.42029 0.585557
10.3 1.38124 0.62989
10.4 1.33989 0.672953
10.5 1.29584 0.714665
10.6 1.2486 0.754935
10.7 1.19751 0.79365
10.8 1.14174 0.830677
10.9 1.08012 0.865851
11 1.01107 0.898961
11.1 0.932344 0.929741
11.2 0.840669 0.957834
11.3 0.731142 0.98276
11.4 0.596202 1.00384
11.5 0.423958 1.0201
11.6 0.195814 1.03009
11.7 -0.114953 1.03163
11.8 -0.53447 1.02165
11.9 -1.04542 0.996785
12 -1.52642 0.955778
12.1 -1.83566 0.902025
12.2 -1.97334 0.841355
12.3 -2.01717 0.778024
12.4 -2.02139 0.714047
12.5 -2.01023 0.650227
12.6 -1.99308 0.586871
12.7 -1.97345 0.524105
12.8 -1.95264 0.46198
12.9 -1.93114 0.400526
13 -1.9091 0.339762
13.1 -1.88659 0.279702
13.2 -1.8636 0.220362
13.3 -1.84013 0.161757
13.4 -1.81615 0.103903
13.5 -1.79161 0.0468163
13.6 -1.7665 -0.00948472
13.7 -1.74075 -0.064981
13.8 -1.71433 -0.119652
13.9 -1.68717 -0.173475
14 -1.65921 -0.226427
14.1 -1.63038 -0.27848
14.2 -1.60059 -0.329605
14.3 -1.56975 -0.379772
14.4 -1.53774 -0.428945
14.5 -1.50443 -0.477084
14.6 -1.46965 -0.524147
14.7 -1.43321 -0.570083
14.8 -1.39487 -0.614836
14.9 -1.35434 -0.658343
15 -1.31127 -0.700527
15.1 -1.26518 -0.741303
15.2 -1.2155 -0.780565
15.3 -1.16145 -0.818187
15.4 -1.10198 -0.854017
15.5 -1.03569 -0.887861
15.6 -0.960591 -0.919475
15.7 -0.873807 -0.948536
15.8 -0.771089 -0.974612
15.9 -0.645936 -0.997103
16 -0.488178 -1.01515
16.1 -0.281804 -1.02749
16.2 -0.00275324 -1.03223
16.3 0.377793 -1.02659
16.4 0.86523 -1.00715
16.5 1.37584 -0.971535
16.6 1.75221 -0.921515
16.7 1.9406 -0.862607
16.8 2.00856 -0.799868
16.9 2.02246 -0.735981
17 2.01502 -0.672056
17.1 1.99934 -0.608522
17.2 1.98035 -0.545545
17.3 1.95987 -0.483197
17.4 1.93857 -0.421511
17.5 1.91671 -0.360508
17.6 1.89436 -0.300205
17.7 1.87153 -0.240617
17.8 1.84823 -0.181758
17.9 1.82443 -0.123645
18 1.80009 -0.0662931
18.1 1.77517 -0.00972081
18.2 1.74965 0.0460535
18.3 1.72346 0.10101
18.4 1.69656 0.155126
18.5 1.66888 0.208379
18.6 1.64036 0.260743
18.7 1.61091 0.31219
18.8 1.58045 0.362689
18.9 1.54885 0.412207
19 1.516 0.460705
19.1 1.48174 0.508142
19.2 1.4459 0.55447
19.3 1.40824 0.599635
19.4 1.3685 0.643577
19.5 1.32634 0.686224
19.6 1.28135 0.727493
19.7 1.23298 0.767287
19.8 1.18052 0.805487
19.9 1.12305 0.841951
20 1.05929 0.8765
20.1 0.987478 0.90891
20.2 0.905093 0.938887
20.3 0.808432 0.966044
20.4 0.69189 0.989845
20.5 0.546762 1.00954
20.6 0.359323 1.02401
20.7 0.108402 1.03161
20.8 -0.234492 1.0299
20.9 -0.688755 1.01557
21 -1.20826 0.985561
21.1 -1.64545 0.93997
21.2 -1.8939 0.883432
21.3 -1.99392 0.821589
21.4 -2.02118 0.757916
21.5 -2.01891 0.693934
21.6 -2.00524 0.630239
21.7 -1.98708 0.56706
21.8 -1.967 0.504491
21.9 -1.94594 0.442575
22 -1.92426 0.381336
22.1 -1.90207 0.320792
22.2 -1.87941 0.260957
22.3 -1.85627 0.201846
22.4 -1.83264 0.143476
22.5 -1.80849 0.0858614
22.6 -1.78378 0.02902
22.7 -1.75847 -0.02703
22.8 -1.73251 -0.082269
22.9 -1.70586 -0.136676
23 -1.67846 -0.190227
23.1 -1.65024 -0.242899
23.2 -1.62112 -0.294664
23.3 -1.59101 -0.345491
23.4 -1.55982 -0.395349
23.5 -1.52741 -0.444201
23.6 -1.49365 -0.492007
23.7 -1.45837 -0.538721
23.8 -1.42136 -0.584291
23.9 -1.38237 -0.62866
24 -1.34109 -0.671759
24.1 -1.29712 -0.713511
24.2 -1.24998 -0.753822
24.3 -1.19901 -0.792583
24.4 -1.14338 -0.82966
24.5 -1.08195 -0.864888
24.6 -1.01313 -0.89806
24.7 -0.934718 -0.928909
24.8 -0.843465 -0.957084
24.9 -0.734528 -0.982108
25 -0.600441 -1.00331
25.1 -0.429464 -1.01972
25.2 -0.203222 -1.02991
25.3 0.104806 -1.03173
25.4 0.521127 -1.02212
25.5 1.03064 -0.99771
25.6 1.51483 -0.957132
25.7 1.82964 -0.903659
25.8 1.9711 -0.843113
25.9 2.01665 -0.779821
26 2.02155 -0.715848
26.1 2.01065 -0.652017
26.2 1.9936 -0.588647
26.3 1.97402 -0.525863
26.4 1.95324 -0.46372
26.5 1.93175 -0.402247
26.6 1.90973 -0.341462
26.7 1.88723 -0.281382
26.8 1.86426 -0.222022
26.9 1.8408 -0.163396
27 1.81683 -0.105521
27.1 1.79231 -0.0484122
27.2 1.76721 0.00791117
27.3 1.74148 0.0634304
27.4 1.71508 0.118125
27.5 1.68794 0.171972
27.6 1.66001 0.224949
27.7 1.6312 0.277027
27.8 1.60145 0.32818
27.9 1.57064 0.378374
28 1.53866 0.427575
28.1 1.50539 0.475744
28.2 1.47065 0.522837
28.3 1.43426 0.568806
28.4 1.39597 0.613593
28.5 1.35552 0.657136
28.6 1.31252 0.699359
28.7 1.26653 0.740175
28.8 1.21696 0.779481
28.9 1.16304 0.817152
29 1.10374 0.853035
29.1 1.03767 0.886938
29.2 0.962848 0.918618
29.3 0.876444 0.947756
29.4 0.774249 0.973923
29.5 0.649845 0.996526
29.6 0.493191 1.01472
29.7 0.288473 1.02724
29.8 0.0118672 1.03222
29.9 -0.365511 1.02692
30 -0.850516 1.00791
30.1 -1.36263 0.972754
30.2 -1.74434 0.923073
30.3 -1.93734 0.864335
30.4 -2.00761 0.801657
30.5 -2.02246 0.737782
30.6 -2.01538 0.673851
30.7 -1.99984 0.610303
30.8 -1.98091 0.547309
30.9 -1.96046 0.484943
31 -1.93918 0.423238
31.1 -1.91733 0.362215
31.2 -1.89499 0.301892
31.3 -1.87218 0.242284
31.4 -1.84889 0.183404
31.5 -1.8251 0.12527
31.6 -1.80078 0.0678966
31.7 -1.77588 0.0113021
31.8 -1.75037 -0.044495
31.9 -1.72421 -0.0994746
32 -1.69733 -0.153615
32.1 -1.66967 -0.206893
32.2 -1.64118 -0.259282
32.3 -1.61176 -0.310755
32.4 -1.58132 -0.361281
32.5 -1.54976 -0.410827
32.6 -1.51695 -0.459355
32.7 -1.48273 -0.506822
32.8 -1.44693 -0.553182
32.9 -1.40932 -0.598381
33 -1.36965 -0.642358
33.1 -1.32757 -0.685042
33.2 -1.28266 -0.726351
33.3 -1.23439 -0.766188
33.4 -1.18206 -0.804435
33.5 -1.12475 -0.84095
33.6 -1.06118 -0.875556
33.7 -0.98963 -0.908029
33.8 -0.907586 -0.93808
33.9 -0.811392 -0.965323
34 -0.69551 -0.989228
34.1 -0.551345 -1.00905
34.2 -0.365347 -1.02369
34.3 -0.116579 -1.03151
34.4 0.223333 -1.0301
34.5 0.6746 -1.01618
34.6 1.19395 -0.986631
34.7 1.63561 -0.941432
34.8 1.88934 -0.885118
34.9 1.99239 -0.823366
35 2.02095 -0.759716
35.1 2.01918 -0.695732
35.2 2.00571 -0.632025
35.3 1.98763 -0.56883
35.4 1.96758 -0.506243
35.5 1.94654 -0.444309
35.6 1.92487 -0.38305
35.7 1.9027 -0.322486
35.8 1.88005 -0.262631
35.9 1.85693 -0.2035
36 1.83332 -0.145108
36.1 1.80918 -0.0874724
36.2 1.78448 -0.030609
36.3 1.75919 0.0254636
36.4 1.73325 0.0807257
36.5 1.70662 0.135156
36.6 1.67924 0.188732
36.7 1.65104 0.241429
36.8 1.62195 0.29322
36.9 1.59187 0.344074
37 1.56071 0.39396
37.1 1.52834 0.442841
37.2 1.49462 0.490676
37.3 1.45939 0.537421
37.4 1.42243 0.583025
37.5 1.3835 0.627428
37.6 1.34228 0.670564
37.7 1.2984 0.712355
37.8 1.25135 0.752708
37.9 1.20051 0.791514
38 1.14502 0.828641
38.1 1.08377 0.863924
38.2 1.01519 0.897157
38.3 0.937082 0.928076
38.4 0.846247 0.956332
38.5 0.737895 0.981452
38.6 0.604651 1.00277
38.7 0.434926 1.01934
38.8 0.210567 1.02973
38.9 -0.0947467 1.03182
39 -0.507866 1.02258
39.1 -1.01584 0.998621
39.2 -1.5031 0.958476
39.3 -1.82347 0.905287
39.4 -1.96878 0.844869
39.5 -2.0161 0.781618
39.6 -2.0217 0.717648
39.7 -2.01107 0.653808
39.8 -1.99413 0.590423
39.9 -1.97459 0.527621
40 -1.95383 0.46546
40.1 -1.93236 0.403967
40.2 -1.91035 0.343163
40.3 -1.88787 0.283063
40.4 -1.86491 0.223682
40.5 -1.84147 0.165036
40.6 -1.81751 0.107139
40.7 -1.79301 0.0500087
40.8 -1.76793 -0.00633698
40.9 -1.74222 -0.0618791
41 -1.71583 -0.116597
41.1 -1.68872 -0.170469
41.2 -1.6608 -0.22347
41.3 -1.63203 -0.275574
41.4 -1.6023 -0.326753
41.5 -1.57152 -0.376975
41.6 -1.53958 -0.426204
41.7 -1.50634 -0.474403
41.8 -1.47165 -0.521527
41.9 -1.4353 -0.567528
42 -1.39708 -0.61235
42.1 -1.35669 -0.655928
42.2 -1.31377 -0.69819
42.3 -1.26787 -0.739047
42.4 -1.21841 -0.778397
42.5 -1.16462 -0.816116
42.6 -1.1055 -0.852051
42.7 -1.03964 -0.886013
42.8 -0.965096 -0.91776
42.9 -0.879067 -0.946974
43 -0.777392 -0.973233
43.1 -0.653729 -0.995946
43.2 -0.498166 -1.01427
43.3 -0.295086 -1.02698
43.4 -0.0209004 -1.0322
43.5 0.35332 -1.02724
43.6 0.835832 -1.00866
43.7 1.34931 -0.973962
43.8 1.73632 -0.924624
43.9 1.93398 -0.866061
44 2.00662 -0.803445
44.1 2.02243 -0.739584
44.2 2.01573 -0.675646
44.3 2.00034 -0.612084
44.4 1.98147 -0.549074
44.5 1.96105 -0.486689
44.6 1.93979 -0.424965
44.7 1.91795 -0.363923
44.8 1.89563 -0.30358
44.9 1.87283 -0.243951
45 1.84956 -0.185051
45.1 1.82578 -0.126896
45.2 1.80147 -0.0695006
45.3 1.77659 -0.012884
45.4 1.7511 0.0429358
45.5 1.72495 0.0979387
45.6 1.69809 0.152103
45.7 1.67046 0.205405
45.8 1.64199 0.25782
45.9 1.6126 0.309319
46 1.58219 0.359873
46.1 1.55066 0.409447
46.2 1.51789 0.458003
46.3 1.48371 0.505501
46.4 1.44796 0.551893
46.5 1.41041 0.597125
46.6 1.3708 0.641138
46.7 1.32879 0.683859
46.8 1.28397 0.725209
46.9 1.2358 0.765088
47 1.1836 0.803381
47.1 1.12644 0.839947
47.2 1.06307 0.87461
47.3 0.991773 0.907147
47.4 0.910068 0.937271
47.5 0.814336 0.964599
47.6 0.699108 0.988607
47.7 0.555896 1.00855
47.8 0.371322 1.02336
47.9 0.124684 1.0314
48 -0.212267 1.0303
48.1 -0.660509 1.01677
48.2 -1.17958 0.987688
48.3 -1.62561 0.942884
48.4 -1.88465 0.8868
48.5 -1.9908 0.82514
48.6 -2.02069 0.761516
48.7 -2.01944 0.697531
48.8 -2.00617 0.633811
48.9 -1.98817 0.5706
49 -1.96816 0.507996
49.1 -1.94714 0.446043
49.2 -1.92549 0.384765
49.3 -1.90333 0.324181
49.4 -1.8807 0.264306
49.5 -1.85759 0.205154
49.6 -1.83399 0.146741
49.7 -1.80986 0.0890839
49.8 -1.78518 0.0321985
49.9 -1.75991 -0.0238965
50 -1.73399 -0.0791817
50.1 -1.70738 -0.133636
50.2 -1.68002 -0.187236
50.3 -1.65185 -0.239958
50.4 -1.62278 -0.291775
50.5 -1.59273 -0.342656
50.6 -1.5616 -0.39257
50.7 -1.52927 -0.441479
50.8 -1.49559 -0.489345
50.9 -1.4604 -0.536121
51 -1.4235 -0.581758
51.1 -1.38462 -0.626196
51.2 -1.34348 -0.669368
51.3 -1.29967 -0.711198
51.4 -1.25272 -0.751593
51.5 -1.202 -0.790445
51.6 -1.14666 -0.82762
51.7 -1.08558 -0.862957
51.8 -1.01724 -0.896252
51.9 -0.939436 -0.92724
52 -0.849016 -0.955577
52.1 -0.741242 -0.980793
52.2 -0.608833 -1.00223
52.3 -0.440346 -1.01895
52.4 -0.217847 -1.02954
52.5 0.0847751 -1.0319
52.6 0.494688 -1.02303
52.7 1.00103 -0.99952
52.8 1.49121 -0.95981
52.9 1.81715 -0.906909
53 1.96639 -0.846622
53.1 2.01551 -0.783414
53.2 2.02184 -0.719449
53.3 2.01148 -0.655599
53.4 1.99465 -0.592199
53.5 1.97516 -0.52938
53.6 1.95443 -0.4672
53.7 1.93297 -0.405688
53.8 1.91098 -0.344865
53.9 1.88851 -0.284745
54 1.86556 -0.225344
54.1 1.84213 -0.166676
54.2 1.81819 -0.108758
54.3 1.79371 -0.0516059
54.4 1.76864 0.00476216
54.5 1.74295 0.0603272
54.6 1.71658 0.115069
54.7 1.68949 0.168964
54.8 1.6616 0.22199
54.9 1.63285 0.27412
55 1.60315 0.325326
55.1 1.5724 0.375575
55.2 1.54049 0.424833
55.3 1.5073 0.473061
55.4 1.47265 0.520216
55.5 1.43635 0.566249
55.6 1.39818 0.611105
55.7 1.35786 0.654719
55.8 1.31501 0.697019
55.9 1.2692 0.737917
56 1.21985 0.777311
56.1 1.1662 0.815078
56.2 1.10724 0.851066
56.3 1.0416 0.885086
56.4 0.967336 0.916899
56.5 0.881679 0.94619
56.6 0.780518 0.972539
56.7 0.657588 0.995362
56.8 0.503104 1.01383
56.9 0.301643 1.02671
57 0.0298536 1.03218
57.1 -0.341221 1.02755
57.2 -0.82118 1.0094
57.3 -1.33589 0.975158
57.4 -1.72814 0.926168
57.5 -1.93053 0.867783
57.6 -2.00559 0.805233
57.7 -2.0224 0.741385
57.8 -2.01608 0.677442
57.9 -2.00084 0.613866
58 -1.98203 0.550839
58.1 -1.96163 0.488436
58.2 -1.94039 0.426693
58.3 -1.91857 0.365631
58.4 -1.89626 0.305269
58.5 -1.87348 0.245619
58.6 -1.85022 0.186699
58.7 -1.82646 0.128522
58.8 -1.80216 0.0711053
58.9 -1.7773 0.0144665
59 -1.75183 -0.041376
59.1 -1.7257 -0.0964021
59.2 -1.69886 -0.15059
59.3 -1.67125 -0.203917
59.4 -1.6428 -0.256357
59.5 -1.61344 -0.307883
59.6 -1.58306 -0.358463
59.7 -1.55157 -0.408065
59.8 -1.51883 -0.456651
59.9 -1.48469 -0.504179
60 -1.44899 -0.550603
60.1 -1.41149 -0.595869
60.2 -1.37194 -0.639916
60.3 -1.33001 -0.682675
60.4 -1.28527 -0.724065
60.5 -1.23721 -0.763987
60.6 -1.18513 -0.802327
60.7 -1.12812 -0.838943
60.8 -1.06496 -0.873662
60.9 -0.993908 -0.906263
61 -0.912539 -0.936459
61.1 -0.817266 -0.963872
61.2 -0.702685 -0.987982
61.3 -0.560415 -1.00806
61.4 -0.377248 -1.02302
61.5 -0.132717 -1.03129
61.6 0.201292 -1.03048
61.7 0.646483 -1.01736
61.8 1.16514 -0.988733
61.9 1.61545 -0.944328
62 1.87984 -0.888478
62.1 1.98916 -0.826914
62.2 2.02041 -0.763316
62.3 2.0197 -0.699329
62.4 2.00663 -0.635598
62.5 1.98871 -0.572371
62.6 1.96874 -0.509749
62.7 1.94775 -0.447777
62.8 1.92611 -0.38648
62.9 1.90396 -0.325876
63 1.88134 -0.265981
63.1 1.85825 -0.206809
63.2 1.83466 -0.148375
63.3 1.81055 -0.0906961
63.4 1.78589 -0.0337887
63.5 1.76063 0.0223289
63.6 1.73473 0.0776371
63.7 1.70814 0.132115
63.8 1.6808 0.18574
63.9 1.65265 0.238487
64 1.62361 0.290329
64.1 1.59359 0.341237
64.2 1.56249 0.391178
64.3 1.5302 0.440117
64.4 1.49656 0.488012
64.5 1.46142 0.53482
64.6 1.42456 0.580489
64.7 1.38575 0.624962
64.8 1.34467 0.668171
64.9 1.30095 0.71004
65 1.25409 0.750477
65.1 1.20348 0.789373
65.2 1.14828 0.826598
65.3 1.08739 0.86199
65.4 1.01928 0.895345
65.5 0.941781 0.926403
65.6 0.851771 0.95482
65.7 0.744571 0.980132
65.8 0.612987 1.00169
65.9 0.445724 1.01855
66 0.225065 1.02934
66.1 -0.0748906 1.03197
66.2 -0.481594 1.02346
66.3 -0.986217 1.0004
66.4 -1.47919 0.961132
66.5 -1.81069 0.908526
66.6 -1.96392 0.848374
66.7 -2.0149 0.785209
66.8 -2.02196 0.72125
66.9 -2.01189 0.657391
67 -1.99517 0.593975
67.1 -1.97573 0.531139
67.2 -1.95503 0.468941
67.3 -1.93358 0.40741
67.4 -1.9116 0.346567
67.5 -1.88914 0.286427
67.6 -1.86621 0.227005
67.7 -1.8428 0.168317
67.8 -1.81887 0.110377
67.9 -1.7944 0.0532037
68 -1.76935 -0.0031867
68.1 -1.74368 -0.0587746
68.2 -1.71734 -0.11354
68.3 -1.69026 -0.167459
68.4 -1.6624 -0.22051
68.5 -1.63367 -0.272666
68.6 -1.604 -0.323897
68.7 -1.57328 -0.374174
68.8 -1.54141 -0.42346
68.9 -1.50825 -0.471718
69 -1.47364 -0.518904
69.1 -1.4374 -0.56497
69.2 -1.39929 -0.609859
69.3 -1.35902 -0.65351
69.4 -1.31626 -0.695847
69.5 -1.27054 -0.736786
69.6 -1.2213 -0.776224
69.7 -1.16778 -0.814038
69.8 -1.10899 -0.850079
69.9 -1.04355 -0.884158
70 -0.969566 -0.916037
70.1 -0.884278 -0.945404
70.2 -0.783627 -0.971842
70.3 -0.661423 -0.994775
70.4 -0.508005 -1.01338
70.5 -0.308145 -1.02644
70.6 -0.0387273 -1.03215
70.7 0.329214 -1.02785
70.8 0.806564 -1.01013
70.9 1.32236 -0.976342
71 1.71979 -0.927704
71.1 1.92697 -0.869502
71.2 2.00451 -0.807019
71.3 2.02234 -0.743187
71.4 2.01642 -0.679237
71.5 2.00133 -0.615648
71.6 1.98258 -0.552604
71.7 1.96222 -0.490183
71.8 1.941 -0.428421
71.9 1.91919 -0.36734
72 1.89689 -0.306958
72.1 1.87413 -0.247288
72.2 1.85088 -0.188347
72.3 1.82713 -0.130149
72.4 1.80285 -0.0727106
72.5 1.77801 -0.0160497
72.6 1.75255 0.0398155
72.7 1.72644 0.0948649
72.8 1.69963 0.149077
72.9 1.67204 0.202428
73 1.64362 0.254894
73.1 1.61428 0.306446
73.2 1.58393 0.357053
73.3 1.55247 0.406683
73.4 1.51977 0.455298
73.5 1.48568 0.502856
73.6 1.45002 0.549312
73.7 1.41257 0.594611
73.8 1.37309 0.638694
73.9 1.33122 0.68149
74 1.28657 0.722919
74.1 1.23861 0.762884
74.2 1.18666 0.801271
74.3 1.12981 0.837938
74.4 1.06683 0.872713
74.5 0.996035 0.905377
74.6 0.914998 0.935646
74.7 0.82018 0.963143
74.8 0.70624 0.987355
74.9 0.564902 1.00755
75 0.383126 1.02268
75.1 0.14068 1.03117
75.2 -0.190409 1.03066
75.3 -0.632524 1.01793
75.4 -1.15066 0.989764
75.5 -1.60513 0.945762
75.6 -1.87491 0.890152
75.7 -1.98745 0.828686
75.8 -2.02011 0.765116
75.9 -2.01994 0.701128
76 -2.00708 0.637386
76.1 -1.98925 0.574143
76.2 -1.96932 0.511503
76.3 -1.94835 0.449512
76.4 -1.92672 0.388196
76.5 -1.90459 0.327572
76.6 -1.88198 0.267657
76.7 -1.8589 0.208464
76.8 -1.83533 0.150009
76.9 -1.81124 0.0923089
77 -1.78659 0.0353795
77.1 -1.76135 -0.0207605
77.2 -1.73547 -0.0760918
77.3 -1.7089 -0.130593
77.4 -1.68158 -0.184243
77.5 -1.65346 -0.237015
77.6 -1.62444 -0.288883
77.7 -1.59445 -0.339818
77.8 -1.56339 -0.389786
77.9 -1.53112 -0.438754
78 -1.49753 -0.486679
78.1 -1.46243 -0.533518
78.2 -1.42562 -0.57922
78.3 -1.38687 -0.623727
78.4 -1.34586 -0.666973
78.5 -1.30222 -0.708881
78.6 -1.25546 -0.749359
78.7 -1.20496 -0.788301
78.8 -1.14991 -0.825575
78.9 -1.0892 -0.861021
79 -1.02131 -0.894436
79.1 -0.944115 -0.925563
79.2 -0.854513 -0.95406
79.3 -0.74788 -0.979467
79.4 -0.617112 -1.00114
79.5 -0.45106 -1.01816
79.6 -0.23222 -1.02914
79.7 0.0650924 -1.03203
79.8 0.468586 -1.02389
79.9 0.971395 -1.00128
80 1.46702 -0.962444
80.1 1.80409 -0.910137
80.2 1.96137 -0.850123
80.3 2.01425 -0.787004
80.4 2.02207 -0.723051
80.5 2.01229 -0.659183
80.6 1.99569 -0.595753
80.7 1.9763 -0.532899
80.8 1.95562 -0.470682
80.9 1.9342 -0.409132
81 1.91223 -0.34827
81.1 1.88978 -0.28811
81.2 1.86687 -0.228668
81.3 1.84347 -0.169958
81.4 1.81955 -0.111998
81.5 1.7951 -0.0548021
81.6 1.77007 0.00161061
81.7 1.74441 0.0572214
81.8 1.71809 0.11201
81.9 1.69103 0.165954
82 1.66319 0.219029
82.1 1.63449 0.27121
82.2 1.60485 0.322469
82.3 1.57416 0.372772
82.4 1.54232 0.422087
82.5 1.5092 0.470374
82.6 1.47464 0.517591
82.7 1.43844 0.563689
82.8 1.40039 0.608613
82.9 1.36019 0.652299
83 1.3175 0.694674
83.1 1.27187 0.735654
83.2 1.22274 0.775136
83.3 1.16935 0.812998
83.4 1.11073 0.84909
83.5 1.0455 0.883228
83.6 0.971787 0.915172
83.7 0.886866 0.944615
83.8 0.786718 0.971143
83.9 0.665233 0.994184
84 0.51287 1.01292
84.1 0.314592 1.02616
84.2 0.0475223 1.03211
84.3 -0.317299 1.02814
84.4 -0.791986 1.01084
84.5 -1.30873 0.977513
84.6 -1.71128 0.929232
84.7 -1.92331 0.871218
84.8 -2.00339 0.808805
84.9 -2.02227 0.744988
85 -2.01675 0.681034
85.1 -2.00182 0.617431
85.2 -1.98314 0.55437
85.3 -1.96281 0.491931
85.4 -1.94161 0.43015
85.5 -1.91981 0.36905
85.6 -1.89753 0.308647
85.7 -1.87477 0.248958
85.8 -1.85154 0.189995
85.9 -1.82781 0.131776
86 -1.80354 0.0743165
86.1 -1.77871 0.0176335
86.2 -1.75328 -0.0382543
86.3 -1.72719 -0.093327
86.4 -1.70039 -0.147563
86.5 -1.67283 -0.200939
86.6 -1.64443 -0.25343
86.7 -1.61512 -0.305007
86.8 -1.5848 -0.355642
86.9 -1.55337 -0.4053
87 -1.52071 -0.453944
87.1 -1.48666 -0.501533
87.2 -1.45104 -0.54802
87.3 -1.41366 -0.593353
87.4 -1.37423 -0.637471
87.5 -1.33244 -0.680304
87.6 -1.28787 -0.721773
87.7 -1.24001 -0.761781
87.8 -1.18818 -0.800213
87.9 -1.13148 -0.836931
88 -1.0687 -0.871762
88.1 -0.998154 -0.904489
88.2 -0.917448 -0.93483
88.3 -0.82308 -0.962411
88.4 -0.709774 -0.986724
88.5 -0.569357 -1.00705
88.6 -0.388957 -1.02234
88.7 -0.148572 -1.03104
88.8 0.179617 -1.03082
88.9 0.618635 -1.01848
89 1.13612 -0.990782
89.1 1.59464 -0.947188
89.2 1.86985 -0.891821
89.3 1.98569 -0.830456
89.4 2.01978 -0.766915
89.5 2.02017 -0.702928
89.6 2.00753 -0.639173
89.7 1.98979 -0.575915
89.8 1.9699 -0.513257
89.9 1.94895 -0.451247
90 1.92734 -0.389912
90.1 1.90522 -0.329269
90.2 1.88263 -0.269333
90.3 1.85956 -0.21012
90.4 1.836 -0.151644
90.5 1.81192 -0.0939222
90.6 1.78729 -0.036971
90.7 1.76207 0.0191916
90.8 1.73621 0.0745459
90.9 1.70966 0.129071
91 1.68236 0.182745
91.1 1.65426 0.235542
91.2 1.62527 0.287436
91.3 1.59531 0.338397
91.4 1.56428 0.388394
91.5 1.53205 0.43739
91.6 1.49849 0.485345
91.7 1.46344 0.532215
91.8 1.42668 0.57795
91.9 1.38799 0.622492
92 1.34705 0.665774
92.1 1.30349 0.70772
92.2 1.25682 0.748241
92.3 1.20644 0.787227
92.4 1.15153 0.82455
92.5 1.091 0.86005
92.6 1.02334 0.893526
92.7 0.94644 0.924721
92.8 0.857241 0.953298
92.9 0.75117 0.9788
93 0.62121 1.00059
93.1 0.456355 1.01775
93.2 0.239313 1.02893
93.3 -0.05538 1.03208
93.4 -0.455664 1.0243
93.5 -0.956573 1.00214
93.6 -1.45472 0.963746
93.7 -1.79733 0.911741
93.8 -1.95874 0.85187
93.9 -2.01357 0.788798
94 -2.02217 0.724852
94.1 -2.01269 0.660975
94.2 -1.99621 0.59753
94.3 -1.97687 0.534659
94.4 -1.95621 0.472424
94.5 -1.93481 0.410855
94.6 -1.91285 0.349973
94.7 -1.89042 0.289793
94.8 -1.86752 0.230331
94.9 -1.84413 0.1716
95 -1.82023 0.113618
95.1 -1.7958 0.0564011
95.2 -1.77078 -3.38799e-05
95.3 -1.74514 -0.0556675
95.4 -1.71884 -0.110479
95.5 -1.69181 -0.164447
95.6 -1.66399 -0.217548
95.7 -1.63531 -0.269754
95.8 -1.60569 -0.321039
95.9 -1.57504 -0.37137
96 -1.54324 -0.420713
96.1 -1.51015 -0.46903
96.2 -1.47563 -0.516277
96.3 -1.43949 -0.562407
96.4 -1.40149 -0.607365
96.5 -1.36135 -0.651087
96.6 -1.31874 -0.693501
96.7 -1.2732 -0.734521
96.8 -1.22417 -0.774046
96.9 -1.17092 -0.811956
97 -1.11246 -0.8481
97.1 -1.04744 -0.882296
97.2 -0.974 -0.914306
97.3 -0.889441 -0.943824
97.4 -0.789794 -0.970441
97.5 -0.669019 -0.99359
97.6 -0.517699 -1.01246
97.7 -0.320986 -1.02588
97.8 -0.0562392 -1.03207
97.9 0.305477 -1.02841
98 0.777451 -1.01154
98.1 1.295 -0.978673
98.2 1.70261 -0.930753
98.3 1.91955 -0.872931
98.4 2.00222 -0.81059
98.5 2.02218 -0.74679
98.6 2.01707 -0.68283
98.7 2.0023 -0.619214
98.8 1.98369 -0.556137
98.9 1.96339 -0.493679
99 1.94221 -0.431879
99.1 1.92043 -0.37076
99.2 1.89816 -0.310338
99.3 1.87542 -0.250628
99.4 1.8522 -0.191645
99.5 1.82848 -0.133404
99.6 1.80423 -0.0759231
99.7 1.77942 -0.0192179
99.8 1.754 0.0366926
99.9 1.72793 0.0917884
100 1.70116 0.146048
100.1 1.67361 0.199449
100.2 1.64524 0.251965
100.3 1.61596 0.303569
100.4 1.58567 0.35423
100.5 1.55427 0.403916
100.6 1.52164 0.452589
100.7 1.48763 0.500208
100.8 1.45207 0.546727
100.9 1.41473 0.592093
101 1.37537 0.636246
101.1 1.33365 0.679117
101.2 1.28917 0.720625
101.3 1.24141 0.760676
101.4 1.1897 0.799154
101.5 1.13316 0.835922
101.6 1.07057 0.870809
101.7 1.00026 0.903599
101.8 0.919886 0.934011
101.9 0.825965 0.961677
102 0.713286 0.986091
102.1 0.573781 1.00654
102.2 0.394741 1.02199
102.3 0.156394 1.0309
102.4 -0.168917 1.03098
102.5 -0.604816 1.01903
102.6 -1.12153 0.991788
102.7 -1.584 0.948603
102.8 -1.86466 0.893485
102.9 -1.98386 0.832225
103 -2.01943 0.768714
103.1 -2.0204 0.704727
103.2 -2.00798 0.640962
103.3 -1.99033 0.577687
103.4 -1.97047 0.515012
103.5 -1.94955 0.452983
103.6 -1.92796 0.391629
103.7 -1.90585 0.330966
103.8 -1.88327 0.27101
103.9 -1.86021 0.211776
104 -1.83667 0.15328
104.1 -1.81261 0.0955362
104.2 -1.78799 0.038563
104.3 -1.76278 -0.017622
104.4 -1.73694 -0.0729993
104.5 -1.71041 -0.127548
104.6 -1.68314 -0.181246
104.7 -1.65506 -0.234068
104.8 -1.6261 -0.285988
104.9 -1.59617 -0.336976
105 -1.56516 -0.387
105.1 -1.53297 -0.436025
105.2 -1.49946 -0.48401
105.3 -1.46445 -0.530912
105.4 -1.42774 -0.576679
105.5 -1.38911 -0.621255
105.6 -1.34823 -0.664574
105.7 -1.30475 -0.706559
105.8 -1.25818 -0.747121
105.9 -1.20792 -0.786152
106 -1.15315 -0.823524
106.1 -1.09279 -0.859077
106.2 -1.02536 -0.892613
106.3 -0.948755 -0.923877
106.4 -0.859956 -0.952533
106.5 -0.754441 -0.978129
106.6 -0.625281 -1.00003
106.7 -0.461609 -1.01734
106.8 -0.246345 -1.02871
106.9 0.045753 -1.03213
107 0.442829 -1.0247
107.1 0.941755 -1.00298
107.2 1.44228 -0.965036
107.3 1.79043 -0.91334
107.4 1.95602 -0.853615
107.5 2.01285 -0.790592
107.6 2.02225 -0.726654
107.7 2.01308 -0.662768
107.8 1.99672 -0.599308
107.9 1.97743 -0.53642
108 1.95681 -0.474167
108.1 1.93542 -0.412579
108.2 1.91348 -0.351677
108.3 1.89106 -0.291477
108.4 1.86817 -0.231994
108.5 1.8448 -0.173243
108.6 1.82091 -0.11524
108.7 1.79649 -0.0580007
108.8 1.77149 -0.00154348
108.9 1.74587 0.0541129
109 1.71959 0.108948
109.1 1.69258 0.16294
109.2 1.66478 0.216065
109.3 1.63613 0.268298
109.4 1.60654 0.319608
109.5 1.57592 0.369967
109.6 1.54415 0.419338
109.7 1.5111 0.467685
109.8 1.47662 0.514963
109.9 1.44053 0.561125
110 1.40258 0.606116
110.1 1.36251 0.649874
110.2 1.31997 0.692326
110.3 1.27453 0.733386
110.4 1.22561 0.772955
110.5 1.17249 0.810912
110.6 1.11419 0.847109
110.7 1.04938 0.881362
110.8 0.976204 0.913437
110.9 0.892005 0.943031
111 0.792852 0.969736
111.1 0.672781 0.992992
111.2 0.522493 1.012
111.3 0.327326 1.02559
111.4 0.0648788 1.03201
111.5 -0.293747 1.02868
111.6 -0.762961 1.01222
111.7 -1.28117 0.97982
111.8 -1.69378 0.932266
111.9 -1.91569 0.87464
112 -2.00101 0.812373
112.1 -2.02207 0.748591
112.2 -2.01739 0.684627
112.3 -2.00279 0.620997
112.4 -1.98424 0.557904
112.5 -1.96398 0.495428
112.6 -1.94282 0.433609
112.7 -1.92105 0.372471
112.8 -1.8988 0.312028
112.9 -1.87607 0.252298
113 -1.85286 0.193295
113.1 -1.82916 0.135033
113.2 -1.80492 0.0775302
113.3 -1.78013 0.020803
113.4 -1.75473 -0.0351301
113.5 -1.72867 -0.0902492
113.6 -1.70192 -0.144533
113.7 -1.6744 -0.197958
113.8 -1.64605 -0.250499
113.9 -1.61679 -0.302129
114 -1.58654 -0.352818
114.1 -1.55517 -0.402531
114.2 -1.52258 -0.451234
114.3 -1.48861 -0.498883
114.4 -1.45309 -0.545434
114.5 -1.41581 -0.590833
114.6 -1.37651 -0.635021
114.7 -1.33486 -0.677929
114.8 -1.29046 -0.719477
114.9 -1.2428 -0.759569
115 -1.19122 -0.798094
115.1 -1.13482 -0.834913
115.2 -1.07242 -0.869855
115.3 -1.00237 -0.902707
115.4 -0.922314 -0.933191
115.5 -0.828835 -0.96094
115.6 -0.716777 -0.985454
115.7 -0.578174 -1.00603
115.8 -0.400478 -1.02164
115.9 -0.164148 -1.03076
116 0.158307 -1.03112
116.1 0.591071 -1.01956
116.2 1.1069 -0.99278
116.3 1.57321 -0.95001
116.4 1.85934 -0.895145
116.5 1.98197 -0.833992
116.6 2.01905 -0.770513
116.7 2.02061 -0.706527
116.8 2.00842 -0.64275
116.9 1.99086 -0.57946
117 1.97105 -0.516767
117.1 1.95015 -0.45472
117.2 1.92857 -0.393346
117.3 1.90648 -0.332663
117.4 1.88391 -0.272687
117.5 1.86087 -0.213433
117.6 1.83734 -0.154916
117.7 1.81329 -0.0971508
117.8 1.78869 -0.0401557
117.9 1.7635 0.0160517
118 1.73768 0.0714521
118.1 1.71117 0.126025
118.2 1.68392 0.179747
118.3 1.65587 0.232594
118.4 1.62693 0.284539
118.5 1.59702 0.335554
118.6 1.56605 0.385606
118.7 1.5339 0.434659
118.8 1.50042 0.482674
118.9 1.46545 0.529607
119 1.4288 0.575407
119.1 1.39022 0.620017
119.2 1.34942 0.663373
119.3 1.30602 0.705396
119.4 1.25954 0.746
119.5 1.20939 0.785076
119.6 1.15476 0.822496
119.7 1.09458 0.858103
119.8 1.02737 0.891699
119.9 0.951061 0.923031
120 0.862658 0.951766
120.1 0.757694 0.977456
120.2 0.629325 0.999476
120.3 0.466822 1.01693
120.4 0.253317 1.02849
120.5 -0.0362106 1.03216
120.6 -0.430082 1.02509
120.7 -0.926944 1.00381
120.8 -1.42971 0.966315
120.9 -1.78337 0.914933
121 -1.95323 0.855357
121.1 -2.0121 0.792385
121.2 -2.02232 0.728455
121.3 -2.01347 0.664561
121.4 -1.99723 0.601087
121.5 -1.978 0.538182
121.6 -1.9574 0.47591
121.7 -1.93603 0.414303
121.8 -1.9141 0.353381
121.9 -1.8917 0.293161
122 -1.86882 0.233658
122.1 -1.84546 0.174886
122.2 -1.82159 0.116862
122.3 -1.79719 0.059601
122.4 -1.7722 0.00312148
122.5 -1.7466 -0.0525578
122.6 -1.72034 -0.107416
122.7 -1.69335 -0.161433
122.8 -1.66558 -0.214582
122.9 -1.63695 -0.26684
123 -1.60739 -0.318177
123.1 -1.57679 -0.368563
123.2 -1.54506 -0.417963
123.3 -1.51205 -0.466338
123.4 -1.47762 -0.513647
123.5 -1.44157 -0.559842
123.6 -1.40368 -0.604867
123.7 -1.36367 -0.64866
123.8 -1.32121 -0.691149
123.9 -1.27585 -0.73225
124 -1.22704 -0.771863
124.1 -1.17405 -0.809867
124.2 -1.11591 -0.846116
124.3 -1.05131 -0.880426
124.4 -0.978399 -0.912567
124.5 -0.894556 -0.942235
124.6 -0.795895 -0.969029
124.7 -0.67652 -0.992391
124.8 -0.527251 -1.01153
124.9 -0.333613 -1.0253
125 -0.0734418 -1.03195
125.1 0.282109 -1.02894
125.2 0.748518 -1.0129
125.3 1.26726 -0.980955
125.4 1.68479 -0.933772
125.5 1.91171 -0.876346
125.6 1.99975 -0.814156
125.7 2.02194 -0.750392
125.8 2.0177 -0.686424
125.9 2.00327 -0.622781
126 1.9848 -0.559671
126.1 1.96456 -0.497177
126.2 1.94342 -0.43534
126.3 1.92167 -0.374182
126.4 1.89943 -0.31372
126.5 1.87671 -0.253969
126.6 1.85352 -0.194945
126.7 1.82983 -0.136663
126.8 1.80561 -0.079138
126.9 1.78083 -0.0223887
127 1.75545 0.0335671
127.1 1.72942 0.0887093
127.2 1.70268 0.143017
127.3 1.67519 0.196466
127.4 1.64686 0.249033
127.5 1.61763 0.300689
127.6 1.5874 0.351404
127.7 1.55607 0.401146
127.8 1.52352 0.449877
127.9 1.48959 0.497557
128 1.45412 0.544139
128.1 1.41689 0.589571
128.2 1.37764 0.633794
128.3 1.33606 0.676739
128.4 1.29175 0.718327
128.5 1.2442 0.758462
128.6 1.19273 0.797032
128.7 1.13649 0.833901
128.8 1.07427 0.868899
128.9 1.00446 0.901813
129 0.924731 0.932369
129.1 0.83169 0.960201
129.2 0.720248 0.984814
129.3 0.582537 1.00551
129.4 0.40617 1.02128
129.5 0.171834 1.03061
129.6 -0.147787 1.03126
129.7 -0.5774 1.02008
129.8 -1.09223 0.99376
129.9 -1.56225 0.951406
130 -1.85389 0.8968
130.1 -1.98001 0.835757
130.2 -2.01864 0.772312
130.3 -2.02082 0.708327
130.4 -2.00886 0.644539
130.5 -1.9914 0.581233
130.6 -1.97163 0.518522
130.7 -1.95074 0.456457
130.8 -1.92918 0.395064
130.9 -1.90711 0.334362
131 -1.88455 0.274365
131.1 -1.86152 0.215091
131.2 -1.83801 0.156552
131.3 -1.81398 0.098766
131.4 -1.78939 0.041749
131.5 -1.76422 -0.0144808
131.6 -1.73842 -0.0699042
131.7 -1.71193 -0.1245
131.8 -1.6847 -0.178247
131.9 -1.65667 -0.231119
132 -1.62776 -0.28309
132.1 -1.59788 -0.334131
132.2 -1.56694 -0.384211
132.3 -1.53482 -0.433293
132.4 -1.50138 -0.481338
132.5 -1.46646 -0.528301
132.6 -1.42986 -0.574134
132.7 -1.39134 -0.618779
132.8 -1.3506 -0.66217
132.9 -1.30728 -0.704233
133 -1.2609 -0.744877
133.1 -1.21086 -0.783998
133.2 -1.15637 -0.821467
133.3 -1.09636 -0.857128
133.4 -1.02937 -0.890783
133.5 -0.953357 -0.922183
133.6 -0.865347 -0.950997
133.7 -0.760929 -0.97678
133.8 -0.633343 -0.998914
133.9 -0.471996 -1.01651
134 -0.260229 -1.02826
134.1 0.0267522 -1.03219
134.2 0.417423 -1.02547
134.3 0.912144 -1.00463
134.4 1.41701 -0.967582
134.5 1.77616 -0.916519
134.6 1.95035 -0.857096
134.7 2.01131 -0.794177
134.8 2.02238 -0.730256
134.9 2.01385 -0.666355
135 1.99774 -0.602866
135.1 1.97856 -0.539943
135.2 1.95799 -0.477653
135.3 1.93664 -0.416027
135.4 1.91473 -0.355086
135.5 1.89233 -0.294847
135.6 1.86947 -0.235323
135.7 1.84612 -0.17653
135.8 1.82227 -0.118484
135.9 1.79788 -0.0612018
136 1.77292 -0.00470011
136.1 1.74733 0.0510019
136.2 1.72109 0.105884
136.3 1.69412 0.159924
136.4 1.66637 0.213099
136.5 1.63777 0.265382
136.6 1.60823 0.316745
136.7 1.57767 0.367158
136.8 1.54597 0.416586
136.9 1.513 0.464991
137 1.47861 0.512331
137.1 1.44261 0.558557
137.2 1.40477 0.603616
137.3 1.36483 0.647445
137.4 1.32244 0.689972
137.5 1.27717 0.731114
137.6 1.22846 0.77077
137.7 1.1756 0.808821
137.8 1.11763 0.845121
137.9 1.05323 0.879489
138 0.980586 0.911695
138.1 0.897097 0.941438
138.2 0.798921 0.968319
138.3 0.680235 0.991787
138.4 0.531975 1.01106
138.5 0.339849 1.025
138.6 0.0819287 1.03188
138.7 -0.270565 1.02918
138.8 -0.734126 1.01356
138.9 -1.25326 0.982078
139 -1.67563 0.935269
139.1 -1.90763 0.878048
139.2 -1.99844 0.815937
139.3 -2.02179 0.752193
139.4 -2.018 0.688221
139.5 -2.00375 0.624566
139.6 -1.98535 0.561439
139.7 -1.96515 0.498927
139.8 -1.94402 0.437071
139.9 -1.92229 0.375893
140 -1.90006 0.315412
140.1 -1.87736 0.255641
140.2 -1.85418 0.196596
140.3 -1.83051 0.138292
140.4 -1.8063 0.0807464
140.5 -1.78154 0.023975
140.6 -1.75617 -0.0320033
140.7 -1.73016 -0.0871688
140.8 -1.70344 -0.1415
140.9 -1.67597 -0.194974
141 -1.64767 -0.247566
141.1 -1.61847 -0.299248
141.2 -1.58827 -0.34999
141.3 -1.55697 -0.39976
141.4 -1.52445 -0.44852
141.5 -1.49056 -0.49623
141.6 -1.45514 -0.542843
141.7 -1.41796 -0.588309
141.8 -1.37878 -0.632567
141.9 -1.33727 -0.675549
142 -1.29304 -0.717176
142.1 -1.24558 -0.757353
142.2 -1.19424 -0.795969
142.3 -1.13814 -0.832888
142.4 -1.07612 -0.867942
142.5 -1.00655 -0.900918
142.6 -0.927138 -0.931544
142.7 -0.834531 -0.959459
142.8 -0.723698 -0.984171
142.9 -0.58687 -1.00499
143 -0.411816 -1.02091
143.1 -0.179452 -1.03045
143.2 0.137357 -1.03138
143.3 0.563805 -1.02059
143.4 1.07753 -0.994726
143.5 1.55114 -0.952793
143.6 1.8483 -0.89845
143.7 1.97799 -0.837521
143.8 2.01821 -0.77411
143.9 2.02101 -0.710127
144 2.0093 -0.646328
144.1 1.99193 -0.583007
144.2 1.9722 -0.520279
144.3 1.95134 -0.458195
144.4 1.9298 -0.396782
144.5 1.90773 -0.33606
144.6 1.88519 -0.276044
144.7 1.86218 -0.216749
144.8 1.83868 -0.158189
144.9 1.81466 -0.100382
145 1.79009 -0.043343
145.1 1.76494 0.0129093
145.2 1.73915 0.0683557
145.3 1.71268 0.122975
145.4 1.68548 0.176746
145.5 1.65747 0.229643
145.6 1.62858 0.28164
145.7 1.59873 0.332708
145.8 1.56783 0.382815
145.9 1.53574 0.431925
146 1.50234 0.48
146.1 1.46746 0.526995
146.2 1.43091 0.57286
146.3 1.39245 0.617539
146.4 1.35178 0.660967
146.5 1.30853 0.703068
146.6 1.26225 0.743754
146.7 1.21232 0.782919
146.8 1.15797 0.820437
146.9 1.09813 0.856151
147 1.03137 0.889866
147.1 0.955643 0.921333
147.2 0.868023 0.950225
147.3 0.764146 0.9761
147.4 0.637334 0.998348
147.5 0.477131 1.01609
147.6 0.267082 1.02802
147.7 -0.0173773 1.03221
147.8 -0.404854 1.02583
147.9 -0.89736 1.00544
148 -1.40419 0.968839
148.1 -1.76879 0.918099
148.2 -1.94738 0.858833
148.3 -2.01049 0.795969
148.4 -2.02242 0.732058
148.5 -2.01422 0.668149
148.6 -1.99825 0.604645
148.7 -1.97913 0.541706
148.8 -1.95858 0.479397
148.9 -1.93725 0.417752
149 -1.91535 0.356792
149.1 -1.89297 0.296532
149.2 -1.87012 0.236988
149.3 -1.84679 0.178175
149.4 -1.82295 0.120108
149.5 -1.79858 0.0628033
149.6 -1.77363 0.00627937
149.7 -1.74806 -0.0494454
149.8 -1.72183 -0.104351
149.9 -1.69489 -0.158415
150 -1.66716 -0.211614
150.1 -1.63859 -0.263923
150.2 -1.60908 -0.315313
150.3 -1.57855 -0.365753
150.4 -1.54688 -0.415209
150.5 -1.51394 -0.463643
150.6 -1.47959 -0.511014
150.7 -1.44364 -0.557272
150.8 -1.40586 -0.602364
150.9 -1.36599 -0.646229
151 -1.32367 -0.688794
151.1 -1.27849 -0.729976
151.2 -1.22989 -0.769675
151.3 -1.17716 -0.807773
151.4 -1.11934 -0.844125
151.5 -1.05514 -0.87855
151.6 -0.982764 -0.91082
151.7 -0.899625 -0.940638
151.8 -0.801931 -0.967606
151.9 -0.683927 -0.99118
152 -0.536665 -1.01059
152.1 -0.346032 -1.02469
152.2 -0.0903404 -1.0318
152.3 0.259112 -1.02942
152.4 0.719786 -1.01421
152.5 1.23918 -0.983188
152.6 1.66631 -0.936757
152.7 1.90344 -0.879747
152.8 1.99707 -0.817717
152.9 2.02162 -0.753994
153 2.0183 -0.690018
153.1 2.00422 -0.62635
153.2 1.98589 -0.563207
153.3 1.96573 -0.500678
153.4 1.94463 -0.438803
153.5 1.92291 -0.377606
153.6 1.90069 -0.317104
153.7 1.878 -0.257313
153.8 1.85484 -0.198248
153.9 1.83118 -0.139923
154 1.80699 -0.0823553
154.1 1.78224 -0.0255619
154.2 1.7569 0.030439
154.3 1.7309 0.0856276
154.4 1.70421 0.139983
154.5 1.67676 0.193481
154.6 1.64848 0.246098
154.7 1.6193 0.297806
154.8 1.58913 0.348575
154.9 1.55787 0.398373
155 1.52538 0.447162
155.1 1.49154 0.494902
155.2 1.45616 0.541547
155.3 1.41903 0.587046
155.4 1.37991 0.631338
155.5 1.33847 0.674358
155.6 1.29433 0.716024
155.7 1.24697 0.756243
155.8 1.19575 0.794905
155.9 1.1398 0.831874
156 1.07796 0.866982
156.1 1.00863 0.900021
156.2 0.929534 0.930717
156.3 0.837358 0.958714
156.4 0.727128 0.983525
156.5 0.591172 1.00447
156.6 0.417418 1.02055
156.7 0.187004 1.03029
156.8 -0.127017 1.0315
156.9 -0.550288 1.02109
157 -1.0628 0.995679
157.1 -1.53988 0.954169
157.2 -1.84258 0.900095
157.3 -1.9759 0.839283
157.4 -2.01775 0.775908
157.5 -2.02119 0.711927
157.6 -2.00973 0.648118
157.7 -1.99246 0.584781
157.8 -1.97278 0.522035
157.9 -1.95194 0.459933
158 -1.93041 0.398501
158.1 -1.90836 0.33776
158.2 -1.88583 0.277723
158.3 -1.86283 0.218408
158.4 -1.83935 0.159827
158.5 -1.81534 0.101998
158.6 -1.79079 0.0449375
158.7 -1.76565 -0.0113371
158.8 -1.73989 -0.0668065
158.9 -1.71344 -0.12145
159 -1.68625 -0.175244
159.1 -1.65827 -0.228166
159.2 -1.62941 -0.280189
159.3 -1.59959 -0.331284
159.4 -1.56871 -0.381418
159.5 -1.53666 -0.430557
159.6 -1.5033 -0.478662
159.7 -1.46847 -0.525688
159.8 -1.43197 -0.571585
159.9 -1.39356 -0.616299
160 -1.35296 -0.659762
160.1 -1.30979 -0.701902
160.2 -1.2636 -0.742629
160.3 -1.21379 -0.781839
160.4 -1.15957 -0.819405
160.5 -1.0999 -0.855172
160.6 -1.03336 -0.888946
160.7 -0.957921 -0.920481
160.8 -0.870687 -0.94945
160.9 -0.767344 -0.975418
161 -0.641299 -0.997778
161.1 -0.482226 -1.01566
161.2 -0.273876 -1.02778
161.3 0.00808521 -1.03222
161.4 0.392374 -1.02619
161.5 0.882593 -1.00623
161.6 1.39124 -0.970084
161.7 1.76127 -0.919671
161.8 1.94432 -0.860568
161.9 2.00963 -0.79776
162 2.02245 -0.733859
162.1 2.01459 -0.669943
162.2 1.99875 -0.606425
162.3 1.97969 -0.543469
162.4 1.95917 -0.481142
162.5 1.93785 -0.419478
162.6 1.91597 -0.358498
162.7 1.89361 -0.298218
162.8 1.87077 -0.238654
162.9 1.84745 -0.17982
163 1.82363 -0.121731
163.1 1.79927 -0.0644054
163.2 1.77434 -0.00785927
163.3 1.74879 0.0478883
163.4 1.72258 0.102817
163.5 1.69566 0.156905
163.6 1.66795 0.210129
163.7 1.6394 0.262463
163.8 1.60992 0.313879
163.9 1.57942 0.364347
164 1.54779 0.413831
164.1 1.51489 0.462295
164.2 1.48058 0.509696
164.3 1.44468 0.555986
164.4 1.40695 0.601112
164.5 1.36714 0.645012
164.6 1.3249 0.687614
164.7 1.2798 0.728836
164.8 1.23131 0.768579
164.9 1.1787 0.806724
165 1.12105 0.843128
165.1 1.05705 0.87761
165.2 0.984933 0.909944
165.3 0.902143 0.939835
165.4 0.804925 0.96689
165.5 0.687597 0.990569
165.6 0.541321 1.01011
165.7 0.352165 1.02438
165.8 0.0986776 1.03172
165.9 -0.247753 1.02965
166 -0.705503 1.01484
166.1 -1.22503 0.984285
166.2 -1.65683 0.938238
166.3 -1.89913 0.881441
166.4 -1.99566 0.819496
166.5 -2.02143 0.755795
166.6 -2.01859 0.691816
166.7 -2.00469 0.628136
166.8 -1.98644 0.564976
166.9 -1.96631 0.502429
167 -1.94523 0.440535
167.1 -1.92353 0.379318
167.2 -1.90132 0.318797
167.3 -1.87865 0.258986
167.4 -1.8555 0.1999
167.5 -1.83185 0.141554
167.6 -1.80768 0.0839649
167.7 -1.78295 0.0271495
167.8 -1.75762 -0.028874
167.9 -1.73164 -0.0840857
168 -1.70497 -0.138465
168.1 -1.67754 -0.191987
168.2 -1.64929 -0.24463
168.3 -1.62014 -0.296364
168.4 -1.58999 -0.34716
168.5 -1.55876 -0.396985
168.6 -1.52631 -0.445803
168.7 -1.49251 -0.493573
168.8 -1.45718 -0.54025
168.9 -1.4201 -0.585781
169 -1.38104 -0.630109
169.1 -1.33967 -0.673165
169.2 -1.29561 -0.71487
169.3 -1.24835 -0.755132
169.4 -1.19725 -0.79384
169.5 -1.14145 -0.830858
169.6 -1.07979 -0.866022
169.7 -1.0107 -0.899121
169.8 -0.931921 -0.929888
169.9 -0.84017 -0.957967
170 -0.730538 -0.982876
170.1 -0.595446 -1.00394
170.2 -0.422975 -1.02017
170.3 -0.19449 -1.03012
170.4 0.116766 -1.03161
170.5 0.53685 -1.02157
170.6 1.04805 -0.99662
170.7 1.52847 -0.955536
170.8 1.83672 -0.901734
170.9 1.97374 -0.841043
171 2.01726 -0.777705
171.1 2.02136 -0.713727
171.2 2.01015 -0.649908
171.3 1.99299 -0.586556
171.4 1.97335 -0.523792
171.5 1.95254 -0.461671
171.6 1.93103 -0.400221
171.7 1.90899 -0.339459
171.8 1.88647 -0.279403
171.9 1.86349 -0.220067
172 1.84001 -0.161466
172.1 1.81603 -0.103615
172.2 1.79149 -0.0465327
172.3 1.76637 0.00976435
172.4 1.74062 0.0652566
172.5 1.71419 0.119923
172.6 1.68703 0.173742
172.7 1.65907 0.226689
172.8 1.63023 0.278738
172.9 1.60044 0.329859
173 1.5696 0.380021
173.1 1.53758 0.429188
173.2 1.50426 0.477322
173.3 1.46947 0.524379
173.4 1.43302 0.57031
173.5 1.39467 0.615057
173.6 1.35413 0.658557
173.7 1.31104 0.700735
173.8 1.26494 0.741503
173.9 1.21524 0.780757
174 1.16116 0.818371
174.1 1.10167 0.854191
174.2 1.03534 0.888025
174.3 0.960189 0.919627
174.4 0.873338 0.948674
174.5 0.770525 0.974734
174.6 0.645238 0.997206
174.7 0.487284 1.01523
174.8 0.280613 1.02754
174.9 0.00112471 1.03223
175 -0.379985 1.02653
175.1 -0.867849 1.00701
175.2 -1.37817 0.971317
175.3 -1.75359 0.921238
175.4 -1.94117 0.862299
175.5 -2.00873 0.79955
175.6 -2.02246 0.735661
175.7 -2.01496 0.671737
175.8 -1.99926 0.608205
175.9 -1.98025 0.545232
176 -1.95976 0.482887
176.1 -1.93846 0.421204
176.2 -1.9166 0.360205
176.3 -1.89424 0.299905
176.4 -1.87142 0.24032
176.5 -1.84811 0.181465
176.6 -1.82431 0.123356
176.7 -1.79996 0.0660082
176.8 -1.77505 0.0094398
176.9 -1.74952 -0.0463305
177 -1.72333 -0.101283
177.1 -1.69642 -0.155395
177.2 -1.66874 -0.208643
177.3 -1.64022 -0.261003
177.4 -1.61076 -0.312445
177.5 -1.58029 -0.36294
177.6 -1.54869 -0.412452
177.7 -1.51583 -0.460945
177.8 -1.48157 -0.508376
177.9 -1.44571 -0.554699
178 -1.40804 -0.599858
178.1 -1.36829 -0.643794
178.2 -1.32613 -0.686434
178.3 -1.28112 -0.727696
178.4 -1.23273 -0.767482
178.5 -1.18025 -0.805674
178.6 -1.12275 -0.842128
178.7 -1.05895 -0.876668
178.8 -0.987095 -0.909066
178.9 -0.904649 -0.939031
179 -0.807904 -0.966172
179.1 -0.691244 -0.989955
179.2 -0.545944 -1.00962
179.3 -0.358248 -1.02406
179.4 -0.106941 -1.03163
179.5 0.236485 -1.02986
179.6 0.691277 -1.01546
179.7 1.2108 -0.98537
179.8 1.64718 -0.939709
179.9 1.8947 -0.883132
180 1.99419 -0.821274
180.1 2.02122 -0.757595
180.2 2.01886 -0.693614
180.3 2.00516 -0.629921
180.4 1.98699 -0.566746
180.5 1.9669 -0.50418
180.6 1.94583 -0.442267
180.7 1.92415 -0.381032
180.8 1.90196 -0.320491
180.9 1.87929 -0.260659
181 1.85616 -0.201553
181.1 1.83252 -0.143186
181.2 1.80837 -0.0855752
181.3 1.78365 -0.0287377
181.4 1.75834 0.0273083
181.5 1.73238 0.0825432
181.6 1.70573 0.136946
181.7 1.67832 0.190493
181.8 1.65009 0.24316
181.9 1.62097 0.29492
182 1.59086 0.345743
182.1 1.55966 0.395596
182.2 1.52725 0.444443
182.3 1.49348 0.492243
182.4 1.45819 0.538952
182.5 1.42117 0.584516
182.6 1.38217 0.628879
182.7 1.34087 0.671971
182.8 1.29689 0.713716
182.9 1.24973 0.75402
183 1.19875 0.792773
183.1 1.14309 0.829841
183.2 1.08162 0.865059
183.3 1.01277 0.89822
183.4 0.934297 0.929057
183.5 0.842969 0.957218
183.6 0.733928 0.982224
183.7 0.59969 1.0034
183.8 0.428488 1.01979
183.9 0.20191 1.02994
184 -0.106603 1.03171
184.1 -0.523493 1.02204
184.2 -1.03327 0.997547
184.3 -1.5169 0.956892
184.4 -1.83072 0.903369
184.5 -1.9715 0.842801
184.6 -2.01675 0.779502
184.7 -2.02153 0.715528
184.8 -2.01058 0.651699
184.9 -1.99351 0.588331
185 -1.97392 0.52555
185.1 -1.95313 0.46341
185.2 -1.93164 0.401941
185.3 -1.90961 0.34116
185.4 -1.88711 0.281084
185.5 -1.86414 0.221727
185.6 -1.84068 0.163105
185.7 -1.81671 0.105233
185.8 -1.79219 0.0481285
185.9 -1.76708 -0.00819091
186 -1.74135 -0.0637061
186.1 -1.71494 -0.118396
186.2 -1.6878 -0.17224
186.3 -1.65986 -0.225211
186.4 -1.63106 -0.277285
186.5 -1.60129 -0.328433
186.6 -1.57048 -0.378622
186.7 -1.5385 -0.427818
186.8 -1.50522 -0.475982
186.9 -1.47047 -0.52307
187 -1.43407 -0.569033
187.1 -1.39578 -0.613814
187.2 -1.35531 -0.65735
187.3 -1.3123 -0.699567
187.4 -1.26629 -0.740376
187.5 -1.2167 -0.779674
187.6 -1.16275 -0.817336
187.7 -1.10343 -0.85321
187.8 -1.03732 -0.887102
187.9 -0.962448 -0.918771
188 -0.875976 -0.947895
188.1 -0.773689 -0.974046
188.2 -0.649152 -0.996629
188.3 -0.492303 -1.01479
188.4 -0.287292 -1.02728
188.5 -0.0102531 -1.03222
188.6 0.367687 -1.02686
188.7 0.85313 -1.00778
188.8 1.36499 -0.972539
188.9 1.74575 -0.922797
189 1.93792 -0.864028
189.1 2.00778 -0.801339
189.2 2.02246 -0.737462
189.3 2.01532 -0.673532
189.4 1.99976 -0.609986
189.5 1.98081 -0.546996
189.6 1.96035 -0.484632
189.7 1.93907 -0.422931
189.8 1.91722 -0.361912
189.9 1.89488 -0.301592
190 1.87207 -0.241987
190.1 1.84878 -0.183112
190.2 1.82498 -0.124981
190.3 1.80066 -0.0676115
190.4 1.77576 -0.011021
190.5 1.75025 0.0447721
190.6 1.72407 0.0997475
190.7 1.69719 0.153884
190.8 1.66953 0.207157
190.9 1.64103 0.259542
191 1.61161 0.31101
191.1 1.58117 0.361532
191.2 1.5496 0.411072
191.3 1.51678 0.459595
191.4 1.48255 0.507057
191.5 1.44674 0.553411
191.6 1.40913 0.598604
191.7 1.36944 0.642575
191.8 1.32735 0.685252
191.9 1.28243 0.726555
192 1.23414 0.766383
192.1 1.18179 0.804622
192.2 1.12445 0.841128
192.3 1.06085 0.875724
192.4 0.989248 0.908186
192.5 0.907144 0.938224
192.6 0.810867 0.965451
192.7 0.694868 0.989338
192.8 0.550533 1.00913
192.9 0.36428 1.02374
193 0.115131 1.03153
193.1 -0.22531 1.03007
193.2 -0.677112 1.01607
193.3 -1.1965 0.986442
193.4 -1.63737 0.941172
193.5 -1.89016 0.884819
193.6 -1.99267 0.82305
193.7 -2.02099 0.759396
193.8 -2.01914 0.695412
193.9 -2.00563 0.631707
194 -1.98753 0.568515
194.1 -1.96748 0.505932
194.2 -1.94644 0.444001
194.3 -1.92476 0.382746
194.4 -1.90259 0.322185
194.5 -1.87994 0.262333
194.6 -1.85681 0.203206
194.7 -1.8332 0.144818
194.8 -1.80905 0.087186
194.9 -1.78436 0.0303265
195 -1.75906 -0.0257421
195.1 -1.73312 -0.081
195.2 -1.70649 -0.135426
195.3 -1.6791 -0.188998
195.4 -1.6509 -0.24169
195.5 -1.6218 -0.293476
195.6 -1.59172 -0.344326
195.7 -1.56055 -0.394207
195.8 -1.52818 -0.443083
195.9 -1.49445 -0.490913
196 -1.45921 -0.537652
196.1 -1.42224 -0.58325
196.2 -1.3833 -0.627647
196.3 -1.34207 -0.670777
196.4 -1.29817 -0.71256
196.5 -1.25111 -0.752906
196.6 -1.20024 -0.791704
196.7 -1.14473 -0.828822
196.8 -1.08344 -0.864095
196.9 -1.01482 -0.897317
197 -0.936663 -0.928224
197.1 -0.845754 -0.956466
197.2 -0.737298 -0.981569
197.3 -0.603905 -1.00287
197.4 -0.433958 -1.01941
197.5 -0.209266 -1.02976
197.6 0.0965283 -1.0318
197.7 0.510217 -1.0225
197.8 1.01847 -0.99846
197.9 1.50519 -0.958238
198 1.82457 -0.904998
198.1 1.9692 -0.844557
198.2 2.0162 -0.781298
198.3 2.02167 -0.717328
198.4 2.01099 -0.65349
198.5 1.99404 -0.590107
198.6 1.97449 -0.527308
198.7 1.95373 -0.46515
198.8 1.93225 -0.403661
198.9 1.91024 -0.342861
199 1.88775 -0.282764
199.1 1.86479 -0.223387
199.2 1.84135 -0.164744
199.3 1.81739 -0.106851
199.4 1.79289 -0.0497249
199.5 1.7678 0.00661684
199.6 1.74209 0.0621549
199.7 1.7157 0.116869
199.8 1.68858 0.170736
199.9 1.66066 0.223733
200 1.63188 0.275832
