0 2 0
0.1 1.96296 0.450622
0.2 1.91184 0.891191
0.3 1.84829 1.3187
0.4 1.7736 1.73048
0.5 1.68869 2.12411
0.6 1.59418 2.49734
0.7 1.49044 2.84804
0.8 1.37761 3.17412
0.9 1.25562 3.47353
1 1.12427 3.74415
1.1 0.983265 3.98383
1.2 0.832209 4.19033
1.3 0.670724 4.36132
1.4 0.49851 4.49439
1.5 0.315467 4.58709
1.6 0.12185 4.63698
1.7 -0.081534 4.64173
1.8 -0.293103 4.5993
1.9 -0.510288 4.50808
2 -0.729399 4.3672
2.1 -0.945643 4.17675
2.2 -1.15339 3.938
2.3 -1.34671 3.65357
2.4 -1.52007 3.32737
2.5 -1.66903 2.96448
2.6 -1.7908 2.57079
2.7 -1.88433 2.15263
2.8 -1.9502 1.71637
2.9 -1.99015 1.26814
3 -2.00659 0.813542
3.1 -2.00222 0.357625
3.2 -1.97964 -0.0951814
3.3 -1.9412 -0.541013
3.4 -1.88888 -0.976497
3.5 -1.82428 -1.39867
3.6 -1.7486 -1.80488
3.7 -1.66273 -2.19271
3.8 -1.56727 -2.55994
3.9 -1.46253 -2.90441
4 -1.34862 -3.22403
4.1 -1.22549 -3.51672
4.2 -1.09292 -3.78035
4.3 -0.950585 -4.01276
4.4 -0.798123 -4.21167
4.5 -0.63517 -4.37475
4.6 -0.461465 -4.49957
4.7 -0.276976 -4.58368
4.8 -0.0820538 -4.62467
4.9 0.122356 -4.62026
5 0.334501 -4.56847
5.1 0.551613 -4.46783
5.2 0.769804 -4.31765
5.3 0.984124 -4.11821
5.4 1.18888 -3.87104
5.5 1.37819 -3.57899
5.6 1.5467 -3.24618
5.7 1.6903 -2.87783
5.8 1.80651 -2.47994
5.9 1.89461 -2.05883
6 1.9554 -1.62082
6.1 1.99076 -1.17194
6.2 2.00317 -0.717671
6.3 1.99529 -0.262941
6.4 1.96969 0.187939
6.5 1.92863 0.631204
6.6 1.874 1.06356
6.7 1.80734 1.48211
6.8 1.72978 1.88426
6.9 1.64215 2.26761
7 1.54497 2.62996
7.1 1.43855 2.96917
7.2 1.32295 3.28316
7.3 1.19808 3.56981
7.4 1.0637 3.82702
7.5 0.919481 4.05257
7.6 0.765058 4.24419
7.7 0.60008 4.39952
7.8 0.424327 4.51613
7.9 0.23783 4.59158
8 0.0410462 4.62346
8.1 -0.164933 4.60954
8.2 -0.378164 4.54793
8.3 -0.595661 4.43732
8.4 -0.813312 4.27716
8.5 -1.02599 4.068
8.6 -1.22792 3.81162
8.7 -1.41329 3.51111
8.8 -1.57694 3.17086
8.9 -1.71506 2.79627
9 -1.82555 2.39339
9.1 -1.908 1.9686
9.2 -1.96348 1.52816
9.3 -1.99401 1.078
9.4 -2.00214 0.62349
9.5 -1.99052 0.169428
9.6 -1.96166 -0.279988
9.7 -1.91775 -0.721097
9.8 -1.86062 -1.15069
9.9 -1.7917 -1.56594
10 -1.71207 -1.96429
10.1 -1.6225 -2.3434
10.2 -1.52346 -2.70108
10.3 -1.4152 -3.03519
10.4 -1.29775 -3.34365
10.5 -1.17098 -3.62437
10.6 -1.03465 -3.87519
10.7 -0.888402 -4.09391
10.8 -0.731872 -4.27823
10.9 -0.56473 -4.42578
11 -0.386794 -4.53411
11.1 -0.198169 -4.60078
11.2 0.000575446 -4.62342
11.3 0.208191 -4.59984
11.4 0.422533 -4.52827
11.5 0.640388 -4.40751
11.6 0.857421 -4.23724
11.7 1.06834 -4.01824
11.8 1.26729 -3.75254
11.9 1.44856 -3.44354
12 1.60721 -3.09583
12.1 1.73976 -2.71497
12.2 1.84447 -2.30714
12.3 1.92127 -1.8787
12.4 1.97144 -1.43586
12.5 1.99717 -0.984437
12.6 2.00105 -0.529705
12.7 1.9857 -0.0763255
12.8 1.9536 0.371619
12.9 1.90685 0.810567
13 1.84721 1.2374
13.1 1.77602 1.64933
13.2 1.69431 2.04388
13.3 1.60277 2.41873
13.4 1.50183 2.7717
13.5 1.39169 3.10069
13.6 1.27235 3.4036
13.7 1.14365 3.67832
13.8 1.00531 3.92271
13.9 0.85699 4.13452
14 0.698309 4.31146
14.1 0.528962 4.45113
14.2 0.348815 4.55108
14.3 0.158051 4.60887
14.4 -0.0426371 4.62217
14.5 -0.251835 4.58885
14.6 -0.467189 4.50723
14.7 -0.685253 4.37628
14.8 -0.901475 4.19588
14.9 -1.1104 3.96707
15 -1.30617 3.69215
15.1 -1.48313 3.37478
15.2 -1.63664 3.01979
15.3 -1.76354 2.63288
15.4 -1.86246 2.2203
15.5 -1.93364 1.78841
15.6 -1.97859 1.34336
15.7 -1.99961 0.890865
15.8 -1.99932 0.436063
15.9 -1.98034 -0.0165019
16 -1.94506 -0.462859
16.1 -1.89554 -0.899544
16.2 -1.83342 -1.32351
16.3 -1.76 -1.73206
16.4 -1.67622 -2.12273
16.5 -1.58272 -2.49325
16.6 -1.47988 -2.84144
16.7 -1.36785 -3.16522
16.8 -1.2466 -3.4625
16.9 -1.11595 -3.73115
17 -0.975588 -3.96901
17.1 -0.825163 -4.17383
17.2 -0.66431 -4.34329
17.3 -0.492744 -4.47498
17.4 -0.310384 -4.56645
17.5 -0.117502 -4.61527
17.6 0.0850794 -4.61912
17.7 0.295769 -4.57597
17.8 0.511997 -4.48426
17.9 0.730086 -4.3431
18 0.945272 -4.15262
18.1 1.15197 -3.91408
18.2 1.3443 -3.63008
18.3 1.51677 -3.30454
18.4 1.665 -2.94249
18.5 1.7862 -2.54978
18.6 1.87934 -2.13271
18.7 1.94496 -1.69762
18.8 1.98478 -1.25059
18.9 2.00119 -0.797225
19 1.99684 -0.342535
19.1 1.97432 0.109055
19.2 1.93596 0.553686
19.3 1.88372 0.987987
19.4 1.81918 1.40899
19.5 1.74356 1.81405
19.6 1.65774 2.20075
19.7 1.56229 2.56684
19.8 1.45756 2.91018
19.9 1.34364 3.22867
20 1.22047 3.52022
20.1 1.08784 3.78271
20.2 0.945442 4.01396
20.3 0.792899 4.21169
20.4 0.629859 4.37357
20.5 0.456068 4.49717
20.6 0.271504 4.58005
20.7 0.0765364 4.61979
20.8 -0.127873 4.61412
20.9 -0.339948 4.56108
21 -0.556897 4.45923
21.1 -0.77481 4.30787
21.2 -0.988723 4.10734
21.3 -1.19294 3.85919
21.4 -1.3816 3.56628
21.5 -1.54939 3.23277
21.6 -1.69222 2.86391
21.7 -1.80767 2.46566
21.8 -1.89505 2.04437
21.9 -1.95519 1.60634
22 -1.98998 1.15757
22.1 -2.0019 0.703537
22.2 -1.99361 0.249144
22.3 -1.96765 -0.201311
22.4 -1.92628 -0.644075
22.5 -1.87138 -1.07587
22.6 -1.80448 -1.49379
22.7 -1.7267 -1.89526
22.8 -1.63885 -2.2779
22.9 -1.54148 -2.63947
23 -1.43484 -2.97787
23.1 -1.31903 -3.29098
23.2 -1.19394 -3.57672
23.3 -1.05933 -3.83296
23.4 -0.914868 -4.05749
23.5 -0.760191 -4.24803
23.6 -0.594952 -4.40223
23.7 -0.418934 -4.51765
23.8 -0.232182 -4.59184
23.9 -0.0351671 -4.62241
24 0.170997 -4.60713
24.1 0.38434 -4.54413
24.2 0.601844 -4.43211
24.3 0.819369 -4.27056
24.4 1.03177 -4.06005
24.5 1.23325 -3.8024
24.6 1.41802 -3.50075
24.7 1.58095 -3.15951
24.8 1.71828 -2.78409
24.9 1.82795 -2.38057
25 1.90962 -1.95533
25.1 1.96435 -1.51461
25.2 1.99422 -1.06432
25.3 2.00176 -0.609837
25.4 1.98962 -0.155923
25.5 1.96032 0.293238
25.6 1.91602 0.733996
25.7 1.85854 1.16316
25.8 1.78932 1.5779
25.9 1.70941 1.97568
26 1.61957 2.35415
26.1 1.52027 2.71113
26.2 1.41175 3.04448
26.3 1.29403 3.35213
26.4 1.167 3.63198
26.5 1.03039 3.88186
26.6 0.883861 4.09959
26.7 0.727034 4.28284
26.8 0.559587 4.42925
26.9 0.381344 4.53638
27 0.192421 4.60178
27.1 -0.00659341 4.62307
27.2 -0.214429 4.59811
27.3 -0.428912 4.5251
27.4 -0.646796 4.40289
27.5 -0.863714 4.23117
27.6 -1.07435 4.01076
27.7 -1.27285 3.74375
27.8 -1.4535 3.43355
27.9 -1.61142 3.0848
28 -1.74317 2.70308
28.1 -1.84704 2.29456
28.2 -1.92303 1.86563
28.3 -1.97246 1.42247
28.4 -1.99751 0.970903
28.5 -2.00078 0.516164
28.6 -1.98492 0.0629057
28.7 -1.95236 -0.384807
28.8 -1.90521 -0.823425
28.9 -1.84521 -1.24984
29 -1.7737 -1.66129
29.1 -1.6917 -2.05527
29.2 -1.59988 -2.4295
29.3 -1.49867 -2.78178
29.4 -1.38826 -3.11001
29.5 -1.26864 -3.41211
29.6 -1.13966 -3.68596
29.7 -1.00104 -3.92941
29.8 -0.852418 -4.14022
29.9 -0.693427 -4.31608
30 -0.523763 -4.4546
30.1 -0.343299 -4.55334
30.2 -0.152231 -4.60984
30.3 0.0487312 -4.62178
30.4 0.258147 -4.58705
30.5 0.473633 -4.50398
30.6 0.69171 -4.37156
30.7 0.907794 -4.18971
30.8 1.11641 -3.95949
30.9 1.31169 -3.68326
31 1.48802 -3.36471
31.1 1.64077 -3.00868
31.2 1.76686 -2.62093
31.3 1.86495 -2.20769
31.4 1.93532 -1.77533
31.5 1.97953 -1.32998
31.6 1.99987 -0.87735
31.7 1.99899 -0.422556
31.8 1.9795 0.0298746
31.9 1.94378 0.475989
32 1.89385 0.912335
32.1 1.83138 1.33588
32.2 1.75765 1.74393
32.3 1.67357 2.13403
32.4 1.57979 2.50391
32.5 1.47668 2.85141
32.6 1.36438 3.17443
32.7 1.24285 3.47089
32.8 1.11191 3.73865
32.9 0.971262 3.97557
33 0.820534 4.17937
33.1 0.659366 4.34774
33.2 0.48748 4.47827
33.3 0.304802 4.56851
33.4 0.111618 4.61602
33.5 -0.0912307 4.61851
33.6 -0.302126 4.57394
33.7 -0.518468 4.48076
33.8 -0.736543 4.33814
33.9 -0.95156 4.1462
34 -1.15792 3.90626
34.1 -1.34973 3.62098
34.2 -1.52153 3.29427
34.3 -1.66899 2.93122
34.4 -1.78936 2.5377
34.5 -1.88167 2.12
34.6 -1.9465 1.68448
34.7 -1.98558 1.23718
34.8 -2.00134 0.783708
34.9 -1.99642 0.32905
35 -1.9734 -0.122385
35.1 -1.9346 -0.566755
35.2 -1.88197 -1.0007
35.3 -1.81708 -1.42127
35.4 -1.74115 -1.82581
35.5 -1.65504 -2.21193
35.6 -1.55931 -2.57738
35.7 -1.4543 -2.92001
35.8 -1.34011 -3.23773
35.9 -1.21667 -3.52845
36 -1.08375 -3.79004
36.1 -0.941057 -4.02032
36.2 -0.788207 -4.21702
36.3 -0.62485 -4.3778
36.4 -0.450739 -4.50023
36.5 -0.265858 -4.58186
36.6 -0.0705927 -4.62029
36.7 0.134075 -4.61324
36.8 0.34634 -4.55876
36.9 0.56338 -4.45544
37 0.781249 -4.30262
37.1 0.994959 -4.10064
37.2 1.1988 -3.85111
37.3 1.38691 -3.55693
37.4 1.55401 -3.22229
37.5 1.69605 -2.85246
37.6 1.81067 -2.45344
37.7 1.89722 -2.03156
37.8 1.95658 -1.59313
37.9 1.99065 -1.14413
38 2.00193 -0.690017
38.1 1.99308 -0.235683
38.2 1.96663 0.214595
38.3 1.92483 0.657078
38.4 1.86956 1.0885
38.5 1.80232 1.50597
38.6 1.72423 1.90691
38.7 1.63609 2.28895
38.8 1.53844 2.64987
38.9 1.43154 2.98754
39 1.31545 3.29988
39.1 1.19008 3.58477
39.2 1.05518 3.8401
39.3 0.910421 4.06365
39.4 0.755435 4.25315
39.5 0.589877 4.40623
39.6 0.413539 4.52046
39.7 0.226472 4.59339
39.8 0.0291659 4.62262
39.9 -0.177245 4.60595
40 -0.39076 4.54151
40.1 -0.60833 4.42802
40.2 -0.825781 4.26501
40.3 -1.03794 4.05307
40.4 -1.23901 3.79406
40.5 -1.42319 3.49116
40.6 -1.58541 3.14882
40.7 -1.72195 2.77247
40.8 -1.83078 2.36822
40.9 -1.91162 1.94242
41 -1.96559 1.50134
41.1 -1.99475 1.05085
41.2 -2.00167 0.59632
41.3 -1.98899 0.142489
41.4 -1.95921 -0.306472
41.5 -1.91449 -0.74693
41.6 -1.85665 -1.1757
41.7 -1.78709 -1.58998
41.8 -1.70688 -1.98721
41.9 -1.61675 -2.36508
42 -1.51718 -2.72138
42.1 -1.40838 -3.05401
42.2 -1.2904 -3.36086
42.3 -1.16308 -3.63984
42.4 -1.02618 -3.88881
42.5 -0.879352 -4.10554
42.6 -0.722213 -4.28773
42.7 -0.554447 -4.43301
42.8 -0.375883 -4.53893
42.9 -0.186649 -4.60306
43 0.01265 -4.62301
43.1 0.22072 -4.59664
43.2 0.435356 -4.52218
43.3 0.653279 -4.3985
43.4 0.870091 -4.22532
43.5 1.08045 -4.00349
43.6 1.2785 -3.73514
43.7 1.45854 -3.42372
43.8 1.61572 -3.0739
43.9 1.74666 -2.69129
44 1.8497 -2.28208
44.1 1.92488 -1.85263
44.2 1.97354 -1.40915
44.3 1.99791 -0.957412
44.4 2.00057 -0.502654
44.5 1.98418 -0.0495041
44.6 1.95116 0.397987
44.7 1.9036 0.836286
44.8 1.84324 1.26229
44.9 1.77141 1.67326
45 1.68911 2.06669
45.1 1.597 2.44029
45.2 1.49552 2.79189
45.3 1.38484 3.11938
45.4 1.26495 3.42066
45.5 1.13569 3.69364
45.6 0.99677 3.93615
45.7 0.847845 4.14596
45.8 0.688541 4.32075
45.9 0.518557 4.45812
46 0.337772 4.55564
46.1 0.146397 4.61085
46.2 -0.054841 4.62143
46.3 -0.264477 4.58528
46.4 -0.480096 4.50076
46.5 -0.698185 4.36687
46.6 -0.914129 4.18356
46.7 -1.12244 3.95193
46.8 -1.31723 3.67439
46.9 -1.49292 3.35464
47 -1.64492 2.99759
47.1 -1.77018 2.60898
47.2 -1.86743 2.19509
47.3 -1.937 1.76225
47.4 -1.98046 1.31661
47.5 -2.00014 0.863844
47.6 -1.99867 0.409058
47.7 -1.97866 -0.0432393
47.8 -1.94249 -0.489111
47.9 -1.89217 -0.925119
48 -1.82935 -1.34824
48.1 -1.75529 -1.75579
48.2 -1.67092 -2.14532
48.3 -1.57686 -2.51457
48.4 -1.47348 -2.86137
48.5 -1.3609 -3.18364
48.6 -1.2391 -3.47927
48.7 -1.10788 -3.74615
48.8 -0.966931 -3.98211
48.9 -0.815897 -4.1849
49 -0.654414 -4.35218
49.1 -0.482208 -4.48155
49.2 -0.299211 -4.57055
49.3 -0.105724 -4.61675
49.4 0.0973913 -4.61787
49.5 0.308491 -4.57188
49.6 0.524944 -4.47724
49.7 0.743002 -4.33314
49.8 0.957845 -4.13975
49.9 1.16385 -3.89842
50 1.35515 -3.61184
50.1 1.52628 -3.28398
50.2 1.67297 -2.91994
50.3 1.79251 -2.5256
50.4 1.88399 -2.10729
50.5 1.94802 -1.67133
50.6 1.98638 -1.22377
50.7 2.00148 -0.770192
50.8 1.99598 -0.31557
50.9 1.97246 0.135708
51 1.93322 0.579814
51.1 1.88021 1.0134
51.2 1.81498 1.43353
51.3 1.73874 1.83756
51.4 1.65233 2.2231
51.5 1.55633 2.5879
51.6 1.45104 2.92982
51.7 1.33658 3.24676
51.8 1.21285 3.53665
51.9 1.07966 3.79734
52 0.936664 4.02666
52.1 0.783507 4.22233
52.2 0.619833 4.382
52.3 0.4454 4.50326
52.4 0.260203 4.58364
52.5 0.0646402 4.62074
52.6 -0.140284 4.61231
52.7 -0.352737 4.5564
52.8 -0.569864 4.45162
52.9 -0.787686 4.29732
53 -1.00119 4.0939
53.1 -1.20464 3.84299
53.2 -1.3922 3.54754
53.3 -1.55861 3.21178
53.4 -1.69986 2.841
53.5 -1.81364 2.44121
53.6 -1.89937 2.01874
53.7 -1.95795 1.57991
53.8 -1.9913 1.13068
53.9 -2.00194 0.676498
54 -1.99253 0.222225
54.1 -1.9656 -0.227872
54.2 -1.92337 -0.670071
54.3 -1.86773 -1.10112
54.4 -1.80015 -1.51814
54.5 -1.72175 -1.91855
54.6 -1.63333 -2.29999
54.7 -1.5354 -2.66025
54.8 -1.42822 -2.9972
54.9 -1.31186 -3.30875
55 -1.18621 -3.5928
55.1 -1.05102 -3.84721
55.2 -0.905966 -4.06978
55.3 -0.750669 -4.25824
55.4 -0.584794 -4.4102
55.5 -0.408134 -4.52323
55.6 -0.220753 -4.5949
55.7 -0.0231565 -4.6228
55.8 0.183499 -4.60473
55.9 0.397184 -4.53885
56 0.614817 -4.42389
56.1 0.832189 -4.25941
56.2 1.0441 -4.04604
56.3 1.24475 -3.78567
56.4 1.42835 -3.48153
56.5 1.58985 -3.1381
56.6 1.72558 -2.76083
56.7 1.83358 -2.35585
56.8 1.9136 -1.92951
56.9 1.9668 -1.48806
57 1.99526 -1.03738
57.1 2.00156 -0.582803
57.2 1.98834 -0.12906
57.3 1.95808 0.319699
57.4 1.91296 0.759853
57.5 1.85475 1.18824
57.6 1.78486 1.60204
57.7 1.70434 1.99873
57.8 1.61393 2.37599
57.9 1.51407 2.73162
58 1.40501 3.06351
58.1 1.28675 3.36956
58.2 1.15916 3.64768
58.3 1.02197 3.89572
58.4 0.874833 4.11146
58.5 0.717383 4.29259
58.6 0.549297 4.43674
58.7 0.370412 4.54145
58.8 0.180868 4.6043
58.9 -0.0187144 4.6229
59 -0.227016 4.59513
59.1 -0.441803 4.51922
59.2 -0.659762 4.39406
59.3 -0.876463 4.21942
59.4 -1.08654 3.99617
59.5 -1.28414 3.72648
59.6 -1.46356 3.41385
59.7 -1.62001 3.06297
59.8 -1.75013 2.67948
59.9 -1.85233 2.26958
60 -1.92669 1.83963
60.1 -1.9746 1.39582
60.2 -1.99828 0.943919
60.3 -2.00035 0.489145
60.4 -1.98342 0.0361076
60.5 -1.94994 -0.411159
60.6 -1.90199 -0.849135
60.7 -1.84127 -1.27473
60.8 -1.76912 -1.68521
60.9 -1.68651 -2.07809
61 -1.59412 -2.45107
61.1 -1.49236 -2.80198
61.2 -1.38141 -3.12872
61.3 -1.26124 -3.42919
61.4 -1.1317 -3.7013
61.5 -0.992491 -3.94287
61.6 -0.843263 -4.15167
61.7 -0.683645 -4.32538
61.8 -0.513341 -4.46161
61.9 -0.332237 -4.5579
62 -0.140555 -4.61182
62.1 0.0609582 -4.62104
62.2 0.270812 -4.58348
62.3 0.48656 -4.49749
62.4 0.704657 -4.36213
62.5 0.920458 -4.17737
62.6 1.12845 -3.94433
62.7 1.32275 -3.66547
62.8 1.4978 -3.34454
62.9 1.64903 -2.98647
63 1.77348 -2.59702
63.1 1.86989 -2.18247
63.2 1.93866 -1.74917
63.3 1.98138 -1.30323
63.4 2.00039 -0.850336
63.5 1.99833 -0.395562
63.6 1.97781 0.0565982
63.7 1.94119 0.502224
63.8 1.89048 0.937891
63.9 1.82731 1.36059
64 1.75293 1.76764
64.1 1.66827 2.1566
64.2 1.57392 2.52521
64.3 1.47026 2.87131
64.4 1.35742 3.19281
64.5 1.23534 3.48762
64.6 1.10383 3.75362
64.7 0.96259 3.98862
64.8 0.811252 4.19039
64.9 0.649453 4.35658
65 0.476925 4.48478
65.1 0.293611 4.57255
65.2 0.0998217 4.61745
65.3 -0.103559 4.61719
65.4 -0.314861 4.56977
65.5 -0.531421 4.47367
65.6 -0.749458 4.3281
65.7 -0.964123 4.13326
65.8 -1.16978 3.89055
65.9 -1.36055 3.60267
66 -1.53101 3.27366
66.1 -1.67692 2.90862
66.2 -1.79563 2.51349
66.3 -1.88628 2.09456
66.4 -1.94952 1.65817
66.5 -1.98715 1.21036
66.6 -2.0016 0.756676
66.7 -1.99553 0.302093
66.8 -1.97151 -0.149025
66.9 -1.93184 -0.592865
67 -1.87844 -1.0261
67.1 -1.81287 -1.44578
67.2 -1.73631 -1.8493
67.3 -1.64961 -2.23425
67.4 -1.55333 -2.5984
67.5 -1.44777 -2.9396
67.6 -1.33303 -3.25578
67.7 -1.20903 -3.54483
67.8 -1.07555 -3.80462
67.9 -0.932261 -4.03297
68 -0.778796 -4.22761
68.1 -0.614806 -4.38617
68.2 -0.440051 -4.50625
68.3 -0.254538 -4.58538
68.4 -0.0586794 -4.62116
68.5 0.146499 -4.61134
68.6 0.359138 -4.554
68.7 0.576348 -4.44775
68.8 0.794119 -4.29198
68.9 1.00741 -4.08712
69 1.21047 -3.83484
69.1 1.39747 -3.53813
69.2 1.56318 -3.20124
69.3 1.70364 -2.82951
69.4 1.81659 -2.42895
69.5 1.9015 -2.00591
69.6 1.95929 -1.56669
69.7 1.99193 -1.11723
69.8 2.00194 -0.662979
69.9 1.99197 -0.208772
70 1.96455 0.241142
70.1 1.92191 0.683055
70.2 1.86589 1.11372
70.3 1.79797 1.53029
70.4 1.71926 1.93017
70.5 1.63055 2.31101
70.6 1.53234 2.67061
70.7 1.42489 3.00683
70.8 1.30826 3.31759
70.9 1.18233 3.60079
71 1.04685 3.85429
71.1 0.901501 4.07589
71.2 0.745895 4.26329
71.3 0.579701 4.41413
71.4 0.40272 4.52597
71.5 0.215025 4.59637
71.6 0.017139 4.62293
71.7 -0.189759 4.60347
71.8 -0.403612 4.53615
71.9 -0.621303 4.41972
72 -0.838592 4.25377
72.1 -1.05026 4.03896
72.2 -1.25048 3.77724
72.3 -1.43349 3.47187
72.4 -1.59427 3.12735
72.5 -1.7292 2.74916
72.6 -1.83636 2.34346
72.7 -1.91556 1.91658
72.8 -1.96799 1.47478
72.9 -1.99576 1.02391
73 -2.00143 0.569287
73.1 -1.98767 0.115635
73.2 -1.95695 -0.332918
73.3 -1.91141 -0.772766
73.4 -1.85283 -1.20075
73.5 -1.78261 -1.61408
73.6 -1.70179 -2.01023
73.7 -1.61109 -2.38688
73.8 -1.51097 -2.74183
73.9 -1.40163 -3.07298
74 -1.28309 -3.37824
74.1 -1.15522 -3.6555
74.2 -1.01774 -3.90261
74.3 -0.870305 -4.11735
74.4 -0.712543 -4.29742
74.5 -0.544137 -4.44043
74.6 -0.364932 -4.54394
74.7 -0.175078 -4.6055
74.8 0.0247866 -4.62276
74.9 0.233318 -4.59357
75 0.448253 -4.51621
75.1 0.666244 -4.38959
75.2 0.882829 -4.21348
75.3 1.09262 -3.98881
75.4 1.28976 -3.71779
75.5 1.46856 -3.40395
75.6 1.62426 -3.05202
75.7 1.75357 -2.66765
75.8 1.85494 -2.25706
75.9 1.92849 -1.82661
76 1.97564 -1.38248
76.1 1.99864 -0.930423
76.2 2.0001 -0.475637
76.3 1.98266 -0.0227162
76.4 1.94872 0.424323
76.5 1.90036 0.861974
76.6 1.83928 1.28716
76.7 1.76681 1.69715
76.8 1.6839 2.08947
76.9 1.59123 2.46182
77 1.4892 2.81205
77.1 1.37797 3.13803
77.2 1.25753 3.4377
77.3 1.1277 3.70893
77.4 0.988203 3.94956
77.5 0.838671 4.15735
77.6 0.67874 4.32998
77.7 0.508115 4.46506
77.8 0.326691 4.56012
77.9 0.134703 4.61275
78 -0.067083 4.62061
78.1 -0.277152 4.58163
78.2 -0.493027 4.49419
78.3 -0.711128 4.35735
78.4 -0.926779 4.17113
78.5 -1.13445 3.93669
78.6 -1.32826 3.65652
78.7 -1.50265 3.33441
78.8 -1.65313 2.97532
78.9 -1.77675 2.58503
79 -1.87233 2.16983
79.1 -1.94029 1.73607
79.2 -1.98227 1.28985
79.3 -2.00062 0.836827
79.4 -1.99797 0.382069
79.5 -1.97694 -0.0699514
79.6 -1.93988 -0.515328
79.7 -1.88877 -0.950651
79.8 -1.82525 -1.37292
79.9 -1.75056 -1.77947
80 -1.6656 -2.16785
80.1 -1.57098 -2.53583
80.2 -1.46704 -2.88123
80.3 -1.35392 -3.20197
80.4 -1.23157 -3.49595
80.5 -1.09978 -3.76106
80.6 -0.958241 -3.99511
80.7 -0.806596 -4.19586
80.8 -0.644482 -4.36095
80.9 -0.471634 -4.48799
81 -0.288001 -4.57451
81.1 -0.0939108 -4.6181
81.2 0.109734 -4.61647
81.3 0.321236 -4.56762
81.4 0.5379 -4.47006
81.5 0.755912 -4.32302
81.6 0.970392 -4.12673
81.7 1.17569 -3.88263
81.8 1.36593 -3.59347
81.9 1.53572 -3.2633
82 1.68085 -2.89729
82.1 1.79873 -2.50135
82.2 1.88855 -2.08181
82.3 1.95099 -1.645
82.4 1.9879 -1.19694
82.5 2.0017 -0.743159
82.6 1.99506 -0.288618
82.7 1.97055 0.162336
82.8 1.93044 0.605906
82.9 1.87666 1.03877
83 1.81075 1.45802
83.1 1.73388 1.86101
83.2 1.64689 2.24538
83.3 1.55033 2.60887
83.4 1.4445 2.94937
83.5 1.32948 3.26477
83.6 1.20521 3.55298
83.7 1.07144 3.81187
83.8 0.92785 4.03925
83.9 0.774077 4.23285
84 0.609769 4.39031
84.1 0.434694 4.5092
84.2 0.248865 4.58708
84.3 0.0527103 4.62153
84.4 -0.152721 4.61033
84.5 -0.365543 4.55155
84.6 -0.582833 4.44383
84.7 -0.800548 4.28659
84.8 -1.01362 4.0803
84.9 -1.21629 3.82665
85 -1.40273 3.52867
85.1 -1.56773 3.19067
85.2 -1.7074 2.81799
85.3 -1.81952 2.41667
85.4 -1.9036 1.99306
85.5 -1.96061 1.55345
85.6 -1.99254 1.10378
85.7 -2.00192 0.64946
85.8 -1.9914 0.195322
85.9 -1.96349 -0.254405
86 -1.92043 -0.696028
86.1 -1.86404 -1.12632
86.2 -1.79578 -1.54242
86.3 -1.71677 -1.94177
86.4 -1.62777 -2.32201
86.5 -1.52928 -2.68095
86.6 -1.42156 -3.01644
86.7 -1.30465 -3.32642
86.8 -1.17844 -3.60876
86.9 -1.04268 -3.86135
87 -0.897027 -4.08196
87.1 -0.741111 -4.26831
87.2 -0.574598 -4.41802
87.3 -0.397296 -4.52867
87.4 -0.209288 -4.5978
87.5 -0.0111135 -4.62303
87.6 0.196026 -4.60217
87.7 0.410043 -4.5334
87.8 0.627788 -4.4155
87.9 0.84499 -4.24808
88 1.0564 -4.03185
88.1 1.2562 -3.76878
88.2 1.43861 -3.46217
88.3 1.59867 -3.11656
88.4 1.73279 -2.73748
88.5 1.83912 -2.33104
88.6 1.9175 -1.90364
88.7 1.96916 -1.46148
88.8 1.99623 -1.01043
88.9 2.00129 -0.555772
89 1.98699 -0.102215
89.1 1.9558 0.346129
89.2 1.90985 0.785669
89.3 1.85091 1.21326
89.4 1.78036 1.62611
89.5 1.69924 2.02171
89.6 1.60825 2.39775
89.7 1.50785 2.75203
89.8 1.39824 3.08244
89.9 1.27943 3.38689
90 1.15128 3.66329
90.1 1.0135 3.90947
90.2 0.865768 4.12322
90.3 0.707694 4.30222
90.4 0.538969 4.44409
90.5 0.359443 4.54638
90.6 0.169279 4.60666
90.7 -0.0308665 4.62257
90.8 -0.239626 4.59198
90.9 -0.454705 4.51317
91 -0.672724 4.38506
91.1 -0.889189 4.2075
91.2 -1.09869 3.98141
91.3 -1.29536 3.70906
91.4 -1.47354 3.39402
91.5 -1.6285 3.04104
91.6 -1.75699 2.6558
91.7 -1.85752 2.24453
91.8 -1.93026 1.81358
91.9 -1.97666 1.36914
92 -1.99898 0.916926
92.1 -1.99985 0.462132
92.2 -1.98188 0.00932997
92.3 -1.94748 -0.437478
92.4 -1.89872 -0.874801
92.5 -1.83729 -1.29957
92.6 -1.76449 -1.70907
92.7 -1.68129 -2.10083
92.8 -1.58834 -2.47256
92.9 -1.48603 -2.82209
93 -1.37452 -3.14733
93.1 -1.25381 -3.44618
93.2 -1.1237 -3.71653
93.3 -0.983907 -3.95622
93.4 -0.834071 -4.163
93.5 -0.673825 -4.33455
93.6 -0.50288 -4.46847
93.7 -0.321137 -4.56231
93.8 -0.128843 -4.61364
93.9 0.0732151 -4.62013
94 0.283498 -4.57973
94.1 0.499496 -4.49083
94.2 0.717597 -4.35253
94.3 0.933093 -4.16485
94.4 1.14044 -3.92901
94.5 1.33374 -3.64753
94.6 1.50749 -3.32425
94.7 1.6572 -2.96414
94.8 1.77999 -2.57302
94.9 1.87474 -2.15718
95 1.94191 -1.72296
95.1 1.98315 -1.27646
95.2 2.00083 -0.823316
95.3 1.9976 -0.368578
95.4 1.97606 0.0832987
95.5 1.93855 0.528423
95.6 1.88706 0.9634
95.7 1.82319 1.38524
95.8 1.74818 1.79128
95.9 1.66293 2.17909
96 1.56802 2.54643
96.1 1.46381 2.89113
96.2 1.35042 3.2111
96.3 1.22779 3.50425
96.4 1.09571 3.76847
96.5 0.953883 4.00157
96.6 0.801932 4.20129
96.7 0.639502 4.36529
96.8 0.466332 4.49115
96.9 0.282382 4.57644
97 0.0879914 4.61872
97.1 -0.115916 4.61571
97.2 -0.327616 4.56543
97.3 -0.54438 4.46641
97.4 -0.762362 4.31789
97.5 -0.976654 4.12015
97.6 -1.18159 3.87467
97.7 -1.37129 3.58423
97.8 -1.5404 3.25292
97.9 -1.68475 2.88592
98 -1.8018 2.48919
98.1 -1.89079 2.06905
98.2 -1.95245 1.63182
98.3 -1.98863 1.18351
98.4 -2.00179 0.729641
98.5 -1.99458 0.275147
98.6 -1.96957 -0.175639
98.7 -1.92903 -0.618937
98.8 -1.87487 -1.05144
98.9 -1.80862 -1.47024
99 -1.73144 -1.87271
99.1 -1.64415 -2.25649
99.2 -1.54731 -2.61933
99.3 -1.44121 -2.95911
99.4 -1.32593 -3.27373
99.5 -1.20137 -3.5611
99.6 -1.06731 -3.81909
99.7 -0.92343 -4.0455
99.8 -0.769348 -4.23806
99.9 -0.604723 -4.39441
100 -0.429326 -4.51212
100.1 -0.243182 -4.58874
100.2 -0.046733 -4.62187
100.3 0.15895 -4.60928
100.4 0.371952 -4.54906
100.5 0.589319 -4.43987
100.6 0.806974 -4.28116
100.7 1.01982 -4.07343
100.8 1.22209 -3.81841
100.9 1.40796 -3.51918
101 1.57226 -3.18007
101.1 1.71114 -2.80645
101.2 1.82242 -2.40437
101.3 1.90567 -1.9802
101.4 1.96191 -1.54021
101.5 1.99313 -1.09032
101.6 2.00188 -0.635942
101.7 1.99081 -0.181876
101.8 1.96242 0.267661
101.9 1.91893 0.708992
102 1.86217 1.1389
102.1 1.79359 1.55454
102.2 1.71427 1.95335
102.3 1.62498 2.333
102.4 1.52622 2.69126
102.5 1.41822 3.02603
102.6 1.30104 3.33521
102.7 1.17455 3.61671
102.8 1.0385 3.86838
102.9 0.892544 4.088
103 0.736317 4.2733
103.1 0.569486 4.42189
103.2 0.391863 4.53134
103.3 0.203542 4.59919
103.4 0.00508003 4.62308
103.5 -0.202299 4.60082
103.6 -0.416478 4.53061
103.7 -0.634274 4.41124
103.8 -0.851383 4.24235
103.9 -1.06253 4.0247
104 -1.26189 3.76028
104.1 -1.44371 3.45244
104.2 -1.60304 3.10575
104.3 -1.73635 2.72576
104.4 -1.84184 2.31862
104.5 -1.91941 1.89068
104.6 -1.97031 1.44818
104.7 -1.99668 0.996945
104.8 -2.00113 0.542258
104.9 -1.9863 0.0887988
105 -1.95464 -0.359332
105.1 -1.90828 -0.79856
105.2 -1.84897 -1.22575
105.3 -1.7781 -1.63813
105.4 -1.69667 -2.03318
105.5 -1.6054 -2.4086
105.6 -1.50473 -2.7622
105.7 -1.39484 -3.09187
105.8 -1.27576 -3.39552
105.9 -1.14732 -3.67105
106 -1.00926 -3.9163
106.1 -0.861222 -4.12905
106.2 -0.702836 -4.30698
106.3 -0.53379 -4.44771
106.4 -0.353944 -4.54879
106.5 -0.163471 -4.60779
106.6 0.0369541 -4.62234
106.7 0.245939 -4.59034
106.8 0.461161 -4.51007
106.9 0.679203 -4.3805
107 0.895543 -4.20147
107.1 1.10475 -3.97397
107.2 1.30095 -3.7003
107.3 1.4785 -3.38405
107.4 1.63271 -3.03002
107.5 1.76038 -2.64393
107.6 1.86008 -2.23198
107.7 1.93201 -1.80054
107.8 1.97766 -1.35578
107.9 1.99931 -0.903425
108 1.99957 -0.448628
108.1 1.98108 0.00405088
108.2 1.94623 0.450625
108.3 1.89707 0.887618
108.4 1.83528 1.31197
108.5 1.76216 1.72098
108.6 1.67866 2.11217
108.7 1.58543 2.48327
108.8 1.48285 2.83212
108.9 1.37107 3.1566
109 1.25008 3.45463
109.1 1.11969 3.7241
109.2 0.979601 3.96285
109.3 0.829461 4.16861
109.4 0.668901 4.33908
109.5 0.497635 4.47185
109.6 0.315573 4.56446
109.7 0.122975 4.61449
109.8 -0.0793545 4.61962
109.9 -0.289848 4.5778
110 -0.505967 4.48744
110.1 -0.724063 4.34766
110.2 -0.939401 4.15853
110.3 -1.14641 3.92129
110.4 -1.33921 3.63851
110.5 -1.5123 3.31405
110.6 -1.66124 2.95293
110.7 -1.78321 2.56099
110.8 -1.87713 2.14451
110.9 -1.94349 1.70984
111 -1.984 1.26307
111.1 -2.00102 0.809804
111.2 -1.99721 0.355089
111.3 -1.97517 -0.0966399
111.4 -1.93721 -0.54151
111.5 -1.88533 -0.976138
111.6 -1.82112 -1.39755
111.7 -1.74579 -1.80308
111.8 -1.66024 -2.19031
111.9 -1.56506 -2.557
112 -1.46058 -2.901
112.1 -1.34691 -3.22021
112.2 -1.224 -3.51253
112.3 -1.09164 -3.77586
112.4 -0.949516 -4.00799
112.5 -0.797259 -4.20669
112.6 -0.634513 -4.36959
112.7 -0.461021 -4.49429
112.8 -0.276753 -4.57833
112.9 -0.0820635 -4.61929
113 0.122105 -4.61491
113.1 0.333999 -4.5632
113.2 0.550861 -4.46271
113.3 0.768809 -4.31272
113.4 0.982907 -4.11354
113.5 1.18747 -3.86667
113.6 1.37664 -3.57495
113.7 1.54507 -3.2425
113.8 1.68863 -2.87453
113.9 1.80485 -2.47702
114 1.89301 -2.05628
114.1 1.95388 -1.61863
114.2 1.98934 -1.17008
114.3 2.00185 -0.716123
114.4 1.99408 -0.26168
114.5 1.96858 0.188936
114.6 1.92761 0.631959
114.7 1.87307 1.0641
114.8 1.80648 1.48244
114.9 1.72899 1.8844
115 1.64141 2.26758
115.1 1.54429 2.62977
115.2 1.43792 2.96883
115.3 1.32236 3.28268
115.4 1.19753 3.5692
115.5 1.06318 3.82629
115.6 0.919 4.05172
115.7 0.76461 4.24324
115.8 0.599667 4.39847
115.9 0.423949 4.515
116 0.237489 4.59036
116.1 0.0407474 4.62217
116.2 -0.165186 4.60818
116.3 -0.378365 4.54653
116.4 -0.595805 4.43587
116.5 -0.813395 4.27569
116.6 -1.02601 4.06652
116.7 -1.22788 3.81014
116.8 -1.41318 3.50965
116.9 -1.57677 3.16944
117 -1.71485 2.79488
117.1 -1.8253 2.39206
117.2 -1.90773 1.96733
117.3 -1.96318 1.52696
117.4 -1.9937 1.07686
117.5 -2.00182 0.622423
117.6 -1.9902 0.168434
117.7 -1.96134 -0.280909
117.8 -1.91743 -0.721945
117.9 -1.8603 -1.15147
118 -1.79138 -1.56664
118.1 -1.71175 -1.96492
118.2 -1.62218 -2.34396
118.3 -1.52314 -2.70156
118.4 -1.41487 -3.0356
118.5 -1.29742 -3.34399
118.6 -1.17065 -3.62463
118.7 -1.0343 -3.87537
118.8 -0.888052 -4.09401
118.9 -0.731514 -4.27825
119 -0.564364 -4.42572
119.1 -0.38642 -4.53396
119.2 -0.197788 -4.60055
119.3 0.000961385 -4.6231
119.4 0.208578 -4.59944
119.5 0.422916 -4.52778
119.6 0.640759 -4.40693
119.7 0.857771 -4.23658
119.8 1.06866 -4.0175
119.9 1.26758 -3.75174
120 1.44879 -3.44267
120.1 1.60739 -3.09491
120.2 1.73989 -2.71402
120.3 1.84455 -2.30617
120.4 1.9213 -1.87771
120.5 1.97143 -1.43487
120.6 1.99712 -0.98346
120.7 2.00096 -0.528745
120.8 1.98559 -0.0753878
120.9 1.95346 0.372528
121 1.90669 0.811442
121.1 1.84703 1.23823
121.2 1.77583 1.65013
121.3 1.6941 2.04463
121.4 1.60255 2.41943
121.5 1.50159 2.77235
121.6 1.39144 3.10127
121.7 1.27208 3.40412
121.8 1.14336 3.67878
121.9 1.00501 3.9231
122 0.856667 4.13485
122.1 0.697968 4.31171
122.2 0.528602 4.4513
122.3 0.348436 4.55116
122.4 0.157654 4.60887
122.5 -0.0430493 4.62207
122.6 -0.252259 4.58865
122.7 -0.467618 4.50694
122.8 -0.685681 4.37589
122.9 -0.90189 4.1954
123 -1.1108 3.96649
123.1 -1.30652 3.69149
123.2 -1.48344 3.37405
123.3 -1.6369 3.01899
123.4 -1.76375 2.63203
123.5 -1.86261 2.21941
123.6 -1.93374 1.78749
123.7 -1.97864 1.34243
123.8 -1.99961 0.889923
123.9 -1.99928 0.435126
124 -1.98027 -0.0174263
124.1 -1.94496 -0.463764
124.2 -1.89541 -0.900423
124.3 -1.83327 -1.32436
124.4 -1.75983 -1.73287
124.5 -1.67603 -2.1235
124.6 -1.58251 -2.49397
124.7 -1.47966 -2.84212
124.8 -1.36761 -3.16584
124.9 -1.24634 -3.46306
125 -1.11567 -3.73165
125.1 -0.975287 -3.96945
125.2 -0.824843 -4.1742
125.3 -0.663968 -4.34358
125.4 -0.492381 -4.47519
125.5 -0.31 -4.56657
125.6 -0.117098 -4.6153
125.7 0.0855012 -4.61906
125.8 0.296204 -4.57582
125.9 0.51244 -4.484
126 0.730527 -4.34275
126.1 0.945701 -4.15216
126.2 1.15238 -3.91353
126.3 1.34467 -3.62945
126.4 1.51709 -3.30382
126.5 1.66527 -2.9417
126.6 1.78641 -2.54894
126.7 1.87949 -2.13183
126.8 1.94506 -1.69671
126.9 1.98483 -1.24967
127 2.00119 -0.79629
127.1 1.99681 -0.341604
127.2 1.97426 0.109975
127.3 1.93586 0.554587
127.4 1.88359 0.988863
127.5 1.81903 1.40984
127.6 1.74339 1.81486
127.7 1.65755 2.20152
127.8 1.56209 2.56756
127.9 1.45733 2.91085
128 1.34339 3.22929
128.1 1.22021 3.52079
128.2 1.08756 3.78321
128.3 0.94514 4.01439
128.4 0.792576 4.21205
128.5 0.629513 4.37386
128.6 0.455701 4.49738
128.7 0.271116 4.58018
128.8 0.0761272 4.61982
128.9 -0.1283 4.61406
129 -0.340388 4.56092
129.1 -0.557343 4.45897
129.2 -0.775253 4.30751
129.3 -0.989152 4.10688
129.4 -1.19334 3.85863
129.5 -1.38196 3.56563
129.6 -1.54971 3.23205
129.7 -1.69249 2.86312
129.8 -1.80788 2.46482
129.9 -1.8952 2.04349
130 -1.95529 1.60543
130.1 -1.99003 1.15664
130.2 -2.0019 0.702604
130.3 -1.99357 0.248216
130.4 -1.96758 -0.202227
130.5 -1.92618 -0.644971
130.6 -1.87126 -1.07674
130.7 -1.80433 -1.49463
130.8 -1.72653 -1.89607
130.9 -1.63866 -2.27866
131 -1.54127 -2.64019
131.1 -1.43462 -2.97853
131.2 -1.31879 -3.29159
131.3 -1.19367 -3.57728
131.4 -1.05904 -3.83345
131.5 -0.914562 -4.05791
131.6 -0.759863 -4.24839
131.7 -0.594602 -4.40251
131.8 -0.418563 -4.51784
131.9 -0.231788 -4.59195
132 -0.0347537 -4.62242
132.1 0.171427 -4.60705
132.2 0.384782 -4.54395
132.3 0.602291 -4.43183
132.4 0.819811 -4.27018
132.5 1.03219 -4.05957
132.6 1.23365 -3.80183
132.7 1.41837 -3.50009
132.8 1.58126 -3.15877
132.9 1.71854 -2.78329
133 1.82815 -2.37972
133.1 1.90975 -1.95444
133.2 1.96444 -1.51369
133.3 1.99425 -1.06339
133.4 2.00175 -0.608905
133.5 1.98958 -0.154997
133.6 1.96024 0.29415
133.7 1.91592 0.734888
133.8 1.85841 1.16402
133.9 1.78916 1.57873
134 1.70923 1.97647
134.1 1.61937 2.35491
134.2 1.52005 2.71184
134.3 1.41151 3.04514
134.4 1.29378 3.35274
134.5 1.16673 3.63252
134.6 1.0301 3.88234
134.7 0.883551 4.1
134.8 0.726702 4.28318
134.9 0.559233 4.42951
135 0.380968 4.53656
135.1 0.192024 4.60187
135.2 -0.00701069 4.62307
135.3 -0.214863 4.59801
135.4 -0.429357 4.5249
135.5 -0.647243 4.40258
135.6 -0.864154 4.23077
135.7 -1.07477 4.01026
135.8 -1.27324 3.74316
135.9 -1.45385 3.43287
136 -1.61172 3.08404
136.1 -1.74341 2.70226
136.2 -1.84723 2.2937
136.3 -1.92316 1.86473
136.4 -1.97253 1.42155
136.5 -1.99754 0.969973
136.6 -2.00077 0.515233
136.7 -1.98487 0.0619816
136.8 -1.95227 -0.385716
136.9 -1.9051 -0.824312
137 -1.84507 -1.2507
137.1 -1.77355 -1.66211
137.2 -1.69152 -2.05606
137.3 -1.59968 -2.43024
137.4 -1.49845 -2.78248
137.5 -1.38802 -3.11066
137.6 -1.26839 -3.4127
137.7 -1.13939 -3.68649
137.8 -1.00075 -3.92987
137.9 -0.852103 -4.14062
138 -0.69309 -4.31641
138.1 -0.523405 -4.45485
138.2 -0.342918 -4.5535
138.3 -0.151829 -4.60991
138.4 0.0491521 -4.62176
138.5 0.258583 -4.58693
138.6 0.474079 -4.50376
138.7 0.692157 -4.37124
138.8 0.908231 -4.18929
138.9 1.11683 -3.95897
139 1.31208 -3.68265
139.1 1.48836 -3.36401
139.2 1.64106 -3.00792
139.3 1.76709 -2.6201
139.4 1.86512 -2.20682
139.5 1.93544 -1.77443
139.6 1.97959 -1.32906
139.7 1.99989 -0.876419
139.8 1.99897 -0.421625
139.9 1.97944 0.0307962
140 1.94369 0.476894
140.1 1.89374 0.913217
140.2 1.83124 1.33673
140.3 1.75748 1.74475
140.4 1.67339 2.13481
140.5 1.57959 2.50465
140.6 1.47646 2.8521
140.7 1.36414 3.17507
140.8 1.2426 3.47146
140.9 1.11164 3.73917
141 0.970964 3.97602
141.1 0.820215 4.17975
141.2 0.659025 4.34805
141.3 0.487117 4.4785
141.4 0.304417 4.56865
141.5 0.111212 4.61607
141.6 -0.0916552 4.61846
141.7 -0.302565 4.5738
141.8 -0.518914 4.48052
141.9 -0.736989 4.33779
142 -0.951993 4.14575
142.1 -1.15832 3.90573
142.2 -1.3501 3.62035
142.3 -1.52186 3.29356
142.4 -1.66927 2.93044
142.5 -1.78958 2.53686
142.6 -1.88183 2.11913
142.7 -1.9466 1.68357
142.8 -1.98564 1.23626
142.9 -2.00135 0.782776
143 -1.99639 0.328121
143.1 -1.97333 -0.123304
143.2 -1.9345 -0.567656
143.3 -1.88185 -1.00158
143.4 -1.81694 -1.42211
143.5 -1.74099 -1.82662
143.6 -1.65485 -2.2127
143.7 -1.55911 -2.5781
143.8 -1.45408 -2.92068
143.9 -1.33987 -3.23835
144 -1.2164 -3.52901
144.1 -1.08347 -3.79054
144.2 -0.940755 -4.02076
144.3 -0.787884 -4.21739
144.4 -0.624505 -4.37809
144.5 -0.450371 -4.50044
144.6 -0.265469 -4.58199
144.7 -0.0701826 -4.62032
144.8 0.134503 -4.61317
144.9 0.346781 -4.5586
145 0.563827 -4.45518
145.1 0.781693 -4.30225
145.2 0.995388 -4.10018
145.3 1.1992 -3.85055
145.4 1.38727 -3.55628
145.5 1.55433 -3.22157
145.6 1.69632 -2.85168
145.7 1.81088 -2.4526
145.8 1.89737 -2.03068
145.9 1.95667 -1.59222
146 1.9907 -1.1432
146.1 2.00193 -0.689085
146.2 1.99304 -0.234755
146.3 1.96656 0.21551
146.4 1.92473 0.657974
146.5 1.86944 1.08937
146.6 1.80217 1.50681
146.7 1.72406 1.90772
146.8 1.6359 2.28971
146.9 1.53823 2.65059
147 1.43131 2.98821
147.1 1.3152 3.30049
147.2 1.18981 3.58533
147.3 1.05489 3.84059
147.4 0.910114 4.06408
147.5 0.755106 4.2535
147.6 0.589527 4.4065
147.7 0.413167 4.52065
147.8 0.226078 4.59349
147.9 0.0287518 4.62264
148 -0.177676 4.60587
148.1 -0.391203 4.54133
148.2 -0.608777 4.42774
148.3 -0.826223 4.26462
148.4 -1.03836 4.05258
148.5 -1.23941 3.79348
148.6 -1.42355 3.4905
148.7 -1.58572 3.14808
148.8 -1.7222 2.77167
148.9 -1.83097 2.36737
149 -1.91176 1.94153
149.1 -1.96567 1.50042
149.2 -1.99479 1.04993
149.3 -2.00166 0.595388
149.4 -1.98894 0.141563
149.5 -1.95913 -0.307384
149.6 -1.91439 -0.747821
149.7 -1.85652 -1.17657
149.8 -1.78694 -1.59081
149.9 -1.7067 -1.98801
150 -1.61656 -2.36583
150.1 -1.51696 -2.72209
150.2 -1.40815 -3.05466
150.3 -1.29014 -3.36146
150.4 -1.16281 -3.64039
150.5 -1.02589 -3.88929
150.6 -0.87904 -4.10595
150.7 -0.721881 -4.28807
150.8 -0.554092 -4.43327
150.9 -0.375506 -4.53911
151 -0.186251 -4.60314
151.1 0.0130679 -4.623
151.2 0.221153 -4.59654
151.3 0.435801 -4.52198
151.4 0.653726 -4.39819
151.5 0.870531 -4.22491
151.6 1.08087 -4.00298
151.7 1.27889 -3.73454
151.8 1.45889 -3.42304
151.9 1.61602 -3.07315
152 1.7469 -2.69048
152.1 1.84988 -2.28122
152.2 1.925 -1.85174
152.3 1.97362 -1.40823
152.4 1.99793 -0.956482
152.5 2.00056 -0.501722
152.6 1.98413 -0.0485803
152.7 1.95107 0.398895
152.8 1.90349 0.837172
152.9 1.84311 1.26315
153 1.77126 1.67408
153.1 1.68893 2.06747
153.2 1.59681 2.44103
153.3 1.4953 2.79259
153.4 1.3846 3.12002
153.5 1.26469 3.42125
153.6 1.13541 3.69417
153.7 0.996475 3.93662
153.8 0.847529 4.14636
153.9 0.688203 4.32107
154 0.518197 4.45837
154.1 0.337391 4.55579
154.2 0.145994 4.61092
154.3 -0.0552625 4.62141
154.4 -0.264913 4.58516
154.5 -0.480541 4.50053
154.6 -0.698631 4.36654
154.7 -0.914566 4.18313
154.8 -1.12285 3.95141
154.9 -1.31761 3.67377
155 -1.49326 3.35395
155.1 -1.6452 2.99682
155.2 -1.77041 2.60816
155.3 -1.8676 2.19422
155.4 -1.93712 1.76135
155.5 -1.98053 1.31569
155.6 -2.00016 0.862913
155.7 -1.99865 0.408128
155.8 -1.9786 -0.0441605
155.9 -1.9424 -0.490015
156 -1.89205 -0.925999
156.1 -1.82921 -1.34909
156.2 -1.75513 -1.75661
156.3 -1.67074 -2.1461
156.4 -1.57666 -2.5153
156.5 -1.47325 -2.86206
156.6 -1.36066 -3.18427
156.7 -1.23884 -3.47984
156.8 -1.1076 -3.74666
156.9 -0.966632 -3.98256
157 -0.815577 -4.18528
157.1 -0.654073 -4.35248
157.2 -0.481844 -4.48177
157.3 -0.298825 -4.57069
157.4 -0.105317 -4.6168
157.5 0.0978163 -4.61782
157.6 0.30893 -4.57173
157.7 0.52539 -4.47699
157.8 0.743447 -4.33279
157.9 0.958278 -4.1393
158 1.16426 -3.89788
158.1 1.35552 -3.61121
158.2 1.52661 -3.28327
158.3 1.67324 -2.91916
158.4 1.79273 -2.52477
158.5 1.88414 -2.10641
158.6 1.94812 -1.67042
158.7 1.98643 -1.22285
158.8 2.00149 -0.76926
158.9 1.99595 -0.314641
159 1.9724 0.136627
159.1 1.93313 0.580715
159.2 1.88009 1.01428
159.3 1.81484 1.43438
159.4 1.73857 1.83837
159.5 1.65214 2.22387
159.6 1.55612 2.58862
159.7 1.45082 2.93049
159.8 1.33633 3.24739
159.9 1.21259 3.53721
160 1.07937 3.79785
160.1 0.93636 4.0271
160.2 0.783182 4.22269
160.3 0.619486 4.38229
160.4 0.445031 4.50346
160.5 0.259813 4.58376
160.6 0.0642295 4.62077
160.7 -0.140712 4.61224
160.8 -0.353178 4.55624
160.9 -0.570311 4.45135
161 -0.78813 4.29695
161.1 -1.00162 4.09344
161.2 -1.20504 3.84243
161.3 -1.39256 3.5469
161.4 -1.55892 3.21106
161.5 -1.70012 2.84021
161.6 -1.81385 2.44036
161.7 -1.89952 2.01786
161.8 -1.95804 1.579
161.9 -1.99135 1.12975
162 -2.00194 0.675566
162.1 -1.99249 0.221298
162.2 -1.96552 -0.228787
162.3 -1.92327 -0.670967
162.4 -1.8676 -1.10199
162.5 -1.8 -1.51897
162.6 -1.72158 -1.91935
162.7 -1.63314 -2.30075
162.8 -1.53519 -2.66097
162.9 -1.42799 -2.99786
163 -1.31161 -3.30936
163.1 -1.18594 -3.59335
163.2 -1.05073 -3.8477
163.3 -0.905658 -4.07021
163.4 -0.75034 -4.25859
163.5 -0.584443 -4.41047
163.6 -0.407761 -4.52342
163.7 -0.220359 -4.595
163.8 -0.0227419 -4.62281
163.9 0.18393 -4.60465
164 0.397627 -4.53867
164.1 0.615264 -4.42361
164.2 0.832631 -4.25902
164.3 1.04453 -4.04555
164.4 1.24515 -3.78509
164.5 1.42871 -3.48087
164.6 1.59016 -3.13736
164.7 1.72583 -2.76003
164.8 1.83378 -2.35499
164.9 1.91374 -1.92862
165 1.96688 -1.48715
165.1 1.9953 -1.03645
165.2 2.00155 -0.581871
165.3 1.98829 -0.128134
165.4 1.95801 0.32061
165.5 1.91285 0.760744
165.6 1.85461 1.1891
165.7 1.7847 1.60287
165.8 1.70416 1.99952
165.9 1.61373 2.37674
166 1.51386 2.73232
166.1 1.40478 3.06416
166.2 1.2865 3.37016
166.3 1.15889 3.64822
166.4 1.02168 3.8962
166.5 0.874521 4.11187
166.6 0.71705 4.29293
166.7 0.548941 4.43699
166.8 0.370035 4.54163
166.9 0.180469 4.60438
167 -0.0191328 4.62289
167.1 -0.22745 4.59502
167.2 -0.442248 4.51901
167.3 -0.660209 4.39376
167.4 -0.876902 4.21901
167.5 -1.08696 3.99566
167.6 -1.28453 3.72589
167.7 -1.46391 3.41317
167.8 -1.6203 3.06222
167.9 -1.75036 2.67867
168 -1.85251 2.26872
168.1 -1.92682 1.83873
168.2 -1.97468 1.3949
168.3 -1.99831 0.942989
168.4 -2.00033 0.488213
168.5 -1.98337 0.0351841
168.6 -1.94986 -0.412067
168.7 -1.90188 -0.850021
168.8 -1.84113 -1.27559
168.9 -1.76896 -1.68603
169 -1.68633 -2.07887
169.1 -1.59392 -2.45181
169.2 -1.49215 -2.80267
169.3 -1.38117 -3.12936
169.4 -1.26099 -3.42978
169.5 -1.13142 -3.70182
169.6 -0.992196 -3.94333
169.7 -0.842946 -4.15206
169.8 -0.683307 -4.3257
169.9 -0.512981 -4.46185
170 -0.331855 -4.55805
170.1 -0.140151 -4.61189
170.2 0.0613803 -4.62101
170.3 0.271249 -4.58335
170.4 0.487006 -4.49727
170.5 0.705104 -4.3618
170.6 0.920894 -4.17694
170.7 1.12886 -3.94381
170.8 1.32313 -3.66486
170.9 1.49813 -3.34385
171 1.64932 -2.9857
171.1 1.7737 -2.59619
171.2 1.87006 -2.1816
171.3 1.93877 -1.74826
171.4 1.98144 -1.30231
171.5 2.0004 -0.849405
171.6 1.99831 -0.394632
171.7 1.97775 0.0575191
171.8 1.9411 0.503127
171.9 1.89036 0.938771
172 1.82717 1.36144
172.1 1.75277 1.76845
172.2 1.66808 2.15737
172.3 1.57372 2.52594
172.4 1.47004 2.872
172.5 1.35718 3.19345
172.6 1.23508 3.4882
172.7 1.10355 3.75413
172.8 0.962291 3.98907
172.9 0.810931 4.19077
173 0.649111 4.35688
173.1 0.476561 4.48501
173.2 0.293224 4.57268
173.3 0.0994145 4.61749
173.4 -0.103985 4.61714
173.5 -0.315301 4.56963
173.6 -0.531868 4.47342
173.7 -0.749903 4.32775
173.8 -0.964555 4.13281
173.9 -1.17019 3.89
174 -1.36092 3.60204
174.1 -1.53134 3.27295
174.2 -1.67719 2.90784
174.3 -1.79585 2.51265
174.4 -1.88644 2.09368
174.5 -1.94962 1.65726
174.6 -1.9872 1.20943
174.7 -2.00161 0.755744
174.8 -1.9955 0.301164
174.9 -1.97145 -0.149943
175 -1.93174 -0.593764
175.1 -1.87832 -1.02697
175.2 -1.81273 -1.44662
175.3 -1.73614 -1.8501
175.4 -1.64943 -2.23501
175.5 -1.55312 -2.59912
175.6 -1.44755 -2.94028
175.7 -1.33279 -3.2564
175.8 -1.20877 -3.54539
175.9 -1.07527 -3.80512
176 -0.931957 -4.0334
176.1 -0.778471 -4.22797
176.2 -0.614459 -4.38646
176.3 -0.439682 -4.50645
176.4 -0.254147 -4.5855
176.5 -0.0582681 -4.62119
176.6 0.146928 -4.61127
176.7 0.359579 -4.55383
176.8 0.576795 -4.44748
176.9 0.794563 -4.29161
177 1.00783 -4.08665
177.1 1.21087 -3.83428
177.2 1.39784 -3.53747
177.3 1.5635 -3.20051
177.4 1.7039 -2.82871
177.5 1.8168 -2.4281
177.6 1.90164 -2.00503
177.7 1.95938 -1.56578
177.8 1.99197 -1.1163
177.9 2.00194 -0.662047
178 1.99193 -0.207844
178.1 1.96448 0.242056
178.2 1.9218 0.683949
178.3 1.86576 1.11459
178.4 1.79782 1.53112
178.5 1.71909 1.93097
178.6 1.63036 2.31177
178.7 1.53213 2.67132
178.8 1.42466 3.0075
178.9 1.30801 3.3182
179 1.18206 3.60134
179.1 1.04657 3.85478
179.2 0.901193 4.07631
179.3 0.745565 4.26364
179.4 0.579349 4.4144
179.5 0.402346 4.52616
179.6 0.21463 4.59647
179.7 0.0167238 4.62294
179.8 -0.190191 4.60338
179.9 -0.404055 4.53596
180 -0.62175 4.41943
180.1 -0.839034 4.25338
180.2 -1.05068 4.03847
180.3 -1.25088 3.77666
180.4 -1.43385 3.4712
180.5 -1.59458 3.1266
180.6 -1.72945 2.74836
180.7 -1.83655 2.3426
180.8 -1.9157 1.91569
180.9 -1.96807 1.47386
181 -1.99579 1.02298
181.1 -2.00143 0.568355
181.2 -1.98763 0.11471
181.3 -1.95687 -0.333829
181.4 -1.9113 -0.773656
181.5 -1.8527 -1.20162
181.6 -1.78246 -1.61491
181.7 -1.70162 -2.01102
181.8 -1.6109 -2.38763
181.9 -1.51075 -2.74254
182 -1.40139 -3.07363
182.1 -1.28284 -3.37884
182.2 -1.15495 -3.65604
182.3 -1.01745 -3.90309
182.4 -0.869993 -4.11776
182.5 -0.712209 -4.29775
182.6 -0.543781 -4.44068
182.7 -0.364554 -4.54411
182.8 -0.174678 -4.60558
182.9 0.0252055 -4.62275
183 0.233753 -4.59346
183.1 0.448698 -4.51601
183.2 0.66669 -4.38928
183.3 0.883267 -4.21307
183.4 1.09304 -3.9883
183.5 1.29015 -3.71719
183.6 1.46891 -3.40327
183.7 1.62456 -3.05126
183.8 1.7538 -2.66684
183.9 1.85512 -2.2562
184 1.92861 -1.82571
184.1 1.97571 -1.38156
184.2 1.99867 -0.929493
184.3 2.00009 -0.474706
184.4 1.9826 -0.0217931
184.5 1.94863 0.42523
184.6 1.90025 0.862858
184.7 1.83915 1.28802
184.8 1.76665 1.69797
184.9 1.68372 2.09025
185 1.59103 2.46256
185.1 1.48898 2.81274
185.2 1.37773 3.13868
185.3 1.25727 3.43828
185.4 1.12743 3.70945
185.5 0.987907 3.95002
185.6 0.838355 4.15774
185.7 0.678401 4.3303
185.8 0.507754 4.46529
185.9 0.326309 4.56028
186 0.1343 4.61281
186.1 -0.0675055 4.62058
186.2 -0.277589 4.5815
186.3 -0.493473 4.49396
186.4 -0.711574 4.35702
186.5 -0.927215 4.1707
186.6 -1.13486 3.93616
186.7 -1.32864 3.6559
186.8 -1.50299 3.33371
186.9 -1.65341 2.97455
187 -1.77697 2.5842
187.1 -1.8725 2.16896
187.2 -1.94041 1.73517
187.3 -1.98233 1.28893
187.4 -2.00063 0.835895
187.5 -1.99795 0.381139
187.6 -1.97688 -0.0708718
187.7 -1.93978 -0.516231
187.8 -1.88866 -0.951531
187.9 -1.82511 -1.37377
188 -1.7504 -1.78028
188.1 -1.66542 -2.16863
188.2 -1.57077 -2.53656
188.3 -1.46682 -2.88191
188.4 -1.35368 -3.2026
188.5 -1.23131 -3.49652
188.6 -1.0995 -3.76157
188.7 -0.957941 -3.99556
188.8 -0.806275 -4.19623
188.9 -0.644139 -4.36125
189 -0.471268 -4.48821
189.1 -0.287614 -4.57465
189.2 -0.093503 -4.61815
189.3 0.11016 -4.61642
189.4 0.321676 -4.56747
189.5 0.538347 -4.46981
189.6 0.756357 -4.32267
189.7 0.970824 -4.12628
189.8 1.1761 -3.88208
189.9 1.3663 -3.59283
190 1.53604 -3.26259
190.1 1.68112 -2.8965
190.2 1.79894 -2.50051
190.3 1.8887 -2.08093
190.4 1.9511 -1.64409
190.5 1.98795 -1.19601
190.6 2.00171 -0.742227
190.7 1.99503 -0.28769
190.8 1.97048 0.163253
190.9 1.93034 0.606804
191 1.87654 1.03965
191.1 1.8106 1.45886
191.2 1.73371 1.86182
191.3 1.6467 2.24614
191.4 1.55012 2.6096
191.5 1.44427 2.95004
191.6 1.32924 3.26539
191.7 1.20494 3.55354
191.8 1.07115 3.81237
191.9 0.927546 4.03968
192 0.773751 4.23321
192.1 0.609421 4.39059
192.2 0.434324 4.5094
192.3 0.248473 4.58719
192.4 0.0522985 4.62156
192.5 -0.153151 4.61026
192.6 -0.365985 4.55138
192.7 -0.58328 4.44356
192.8 -0.800992 4.28622
192.9 -1.01404 4.07982
193 -1.21669 3.82608
193.1 -1.40309 3.52802
193.2 -1.56805 3.18994
193.3 -1.70766 2.81719
193.4 -1.81972 2.41582
193.5 -1.90374 1.99218
193.6 -1.9607 1.55254
193.7 -1.99258 1.10285
193.8 -2.00192 0.648528
193.9 -1.99136 0.194395
194 -1.96342 -0.255319
194.1 -1.92032 -0.696922
194.2 -1.86391 -1.12719
194.3 -1.79563 -1.54326
194.4 -1.7166 -1.94257
194.5 -1.62758 -2.32277
194.6 -1.52907 -2.68166
194.7 -1.42133 -3.01711
194.8 -1.3044 -3.32702
194.9 -1.17818 -3.60931
195 -1.04239 -3.86183
195.1 -0.896718 -4.08238
195.2 -0.74078 -4.26865
195.3 -0.574246 -4.41829
195.4 -0.396922 -4.52886
195.5 -0.208893 -4.5979
195.6 -0.0106978 -4.62303
195.7 0.196458 -4.60208
195.8 0.410487 -4.53321
195.9 0.628236 -4.41521
196 0.845431 -4.24769
196.1 1.05682 -4.03136
196.2 1.25659 -3.7682
196.3 1.43896 -3.4615
196.4 1.59897 -3.11582
196.5 1.73303 -2.73667
196.6 1.8393 -2.33019
196.7 1.91763 -1.90274
196.8 1.96924 -1.46057
196.9 1.99626 -1.0095
197 2.00128 -0.55484
197.1 1.98695 -0.101289
197.2 1.95572 0.347039
197.3 1.90974 0.786558
197.4 1.85077 1.21412
197.5 1.7802 1.62694
197.6 1.69906 2.02251
197.7 1.60806 2.3985
197.8 1.50763 2.75273
197.9 1.398 3.08309
198 1.27918 3.38749
198.1 1.151 3.66382
198.2 1.01321 3.90994
198.3 0.865455 4.12362
198.4 0.707359 4.30255
198.5 0.538612 4.44434
198.6 0.359064 4.54655
198.7 0.168879 4.60674
198.8 -0.031286 4.62255
198.9 -0.240061 4.59186
199 -0.45515 4.51295
199.1 -0.673171 4.38475
199.2 -0.889627 4.20708
199.3 -1.09911 3.9809
199.4 -1.29575 3.70846
199.5 -1.47389 3.39333
199.6 -1.62879 3.04028
199.7 -1.75722 2.65498
199.8 -1.8577 2.24366
199.9 -1.93038 1.81269
200 -1.97673 1.36822
