0 2 0
0.1 1.84297 0.0539288
0.2 1.76394 0.104758
0.3 1.71416 0.153838
0.4 1.6767 0.201712
0.5 1.64457 0.248614
0.6 1.61463 0.294645
0.7 1.58535 0.339842
0.8 1.55591 0.384211
0.9 1.52586 0.427741
1 1.49488 0.470409
1.1 1.46273 0.512187
1.2 1.42919 0.553037
1.3 1.39402 0.592917
1.4 1.35695 0.631778
1.5 1.31766 0.66956
1.6 1.27575 0.706197
1.7 1.2307 0.741607
1.8 1.18186 0.775693
1.9 1.12834 0.808335
2 1.06893 0.839385
2.1 1.00194 0.868655
2.2 0.924943 0.895898
2.3 0.834283 0.920784
2.4 0.724342 0.942853
2.5 0.58613 0.961443
2.6 0.404876 0.975566
2.7 0.15636 0.98369
2.8 -0.195274 0.983432
2.9 -0.680437 0.971374
3 -1.24605 0.944158
3.1 -1.69993 0.902037
3.2 -1.92796 0.850246
3.3 -2.00621 0.794392
3.4 -2.02197 0.737387
3.5 -2.01535 0.680324
3.6 -2.00092 0.623583
3.7 -1.98364 0.567299
3.8 -1.96518 0.511522
3.9 -1.94611 0.456277
4 -1.92662 0.401576
4.1 -1.90675 0.347431
4.2 -1.88652 0.293853
4.3 -1.86592 0.240851
4.4 -1.84493 0.188437
4.5 -1.82352 0.136621
4.6 -1.80167 0.0854169
4.7 -1.77936 0.0348359
4.8 -1.75655 -0.0151078
4.9 -1.73321 -0.0643997
5 -1.70929 -0.113024
5.1 -1.68476 -0.160964
5.2 -1.65955 -0.208202
5.3 -1.63362 -0.254718
5.4 -1.6069 -0.30049
5.5 -1.57931 -0.345496
5.6 -1.55077 -0.389708
5.7 -1.52116 -0.4331
5.8 -1.49038 -0.475639
5.9 -1.45827 -0.51729
6 -1.42467 -0.558013
6.1 -1.38936 -0.597764
6.2 -1.35209 -0.63649
6.3 -1.31254 -0.674132
6.4 -1.27029 -0.710619
6.5 -1.22484 -0.74587
6.6 -1.17548 -0.779783
6.7 -1.12132 -0.812236
6.8 -1.06109 -0.843077
6.9 -0.993029 -0.872111
7 -0.914577 -0.899083
7.1 -0.821901 -0.923649
7.2 -0.709055 -0.945329
7.3 -0.566493 -0.963431
7.4 -0.378498 -0.976911
7.5 -0.119422 -0.984152
7.6 0.247633 -0.982643
7.7 0.748566 -0.968868
7.8 1.31242 -0.939686
7.9 1.73985 -0.896027
8 1.94344 -0.843481
8.1 2.01033 -0.787379
8.2 2.02191 -0.73033
8.3 2.01384 -0.673294
8.4 1.99889 -0.616606
8.5 1.98141 -0.560382
8.6 1.96286 -0.50467
8.7 1.94373 -0.449491
8.8 1.92418 -0.394858
8.9 1.90427 -0.340783
9 1.884 -0.287275
9.1 1.86335 -0.234345
9.2 1.8423 -0.182004
9.3 1.82085 -0.130264
9.4 1.79894 -0.0791356
9.5 1.77657 -0.0286326
9.6 1.7537 0.0212314
9.7 1.73029 0.0704418
9.8 1.7063 0.118983
9.9 1.68168 0.166837
10 1.65639 0.213987
10.1 1.63037 0.260412
10.2 1.60354 0.306091
10.3 1.57584 0.351
10.4 1.54717 0.395113
10.5 1.51743 0.438401
10.6 1.48649 0.480832
10.7 1.45421 0.522371
10.8 1.42041 0.562976
10.9 1.38487 0.602603
11 1.34734 0.641199
11.1 1.30747 0.678702
11.2 1.26486 0.715042
11.3 1.21897 0.750133
11.4 1.16908 0.783873
11.5 1.11424 0.816136
11.6 1.05315 0.846765
11.7 0.983965 0.87556
11.8 0.903997 0.902256
11.9 0.809207 0.926494
12 0.693302 0.947776
12.1 0.546141 0.965372
12.2 0.351001 0.978184
12.3 0.0807544 0.984502
12.4 -0.302274 0.981684
12.5 -0.818071 0.966134
12.6 -1.37669 0.934994
12.7 -1.77618 0.889886
12.8 -1.95693 0.836667
12.9 -2.01369 0.780355
13 -2.02159 0.723275
13.1 -2.01223 0.66627
13.2 -1.99682 0.609635
13.3 -1.97916 0.553473
13.4 -1.96052 0.497826
13.5 -1.94133 0.442713
13.6 -1.92174 0.388149
13.7 -1.90179 0.334143
13.8 -1.88147 0.280706
13.9 -1.86077 0.227849
14 -1.83968 0.175581
14.1 -1.81816 0.123916
14.2 -1.79621 0.0728639
14.3 -1.77378 0.0224391
14.4 -1.75084 -0.0273451
14.5 -1.72736 -0.0764736
14.6 -1.70329 -0.124931
14.7 -1.6786 -0.172699
14.8 -1.65322 -0.219761
14.9 -1.6271 -0.266095
15 -1.60017 -0.31168
15.1 -1.57235 -0.356492
15.2 -1.54356 -0.400504
15.3 -1.51367 -0.443688
15.4 -1.48258 -0.486011
15.5 -1.45012 -0.527437
15.6 -1.41611 -0.567925
15.7 -1.38035 -0.607427
15.8 -1.34255 -0.645892
15.9 -1.30237 -0.683255
16 -1.25938 -0.719445
16.1 -1.21304 -0.754375
16.2 -1.16259 -0.78794
16.3 -1.10706 -0.820011
16.4 -1.04509 -0.850426
16.5 -0.974738 -0.878977
16.6 -0.893193 -0.905391
16.7 -0.796195 -0.929295
16.8 -0.677081 -0.950167
16.9 -0.525071 -0.967241
17 -0.322374 -0.979359
17.1 -0.0403585 -0.984714
17.2 0.359078 -0.980531
17.3 0.888458 -0.963156
17.4 1.43828 -0.930082
17.5 1.80896 -0.883623
17.6 1.9686 -0.829811
17.7 2.01636 -0.773321
17.8 2.02102 -0.716221
17.9 2.01054 -0.659252
18 1.99472 -0.602672
18.1 1.9769 -0.546572
18.2 1.95817 -0.49099
18.3 1.93894 -0.435944
18.4 1.9193 -0.381448
18.5 1.8993 -0.327512
18.6 1.87893 -0.274146
18.7 1.85819 -0.221361
18.8 1.83704 -0.169167
18.9 1.81548 -0.117577
19 1.79346 -0.0666018
19.1 1.77097 -0.0162553
19.2 1.74797 0.0334487
19.3 1.72442 0.0824952
19.4 1.70028 0.130868
19.5 1.6755 0.17855
19.6 1.65003 0.225523
19.7 1.62382 0.271766
19.8 1.59678 0.317257
19.9 1.56885 0.361972
20 1.53993 0.405883
20.1 1.5099 0.448963
20.2 1.47864 0.491177
20.3 1.44601 0.532489
20.4 1.4118 0.572858
20.5 1.3758 0.612235
20.6 1.33772 0.650567
20.7 1.29722 0.68779
20.8 1.25386 0.72383
20.9 1.20705 0.758597
21 1.15603 0.791985
21.1 1.09979 0.823861
21.2 1.0369 0.854058
21.3 0.965342 0.882361
21.4 0.882156 0.908488
21.5 0.782851 0.93205
21.6 0.660366 0.9525
21.7 0.503242 0.969035
21.8 0.292553 0.980432
21.9 -0.00184478 0.984781
22 -0.418027 0.979175
22.1 -0.959357 0.959931
22.2 -1.49682 0.92496
22.3 -1.83835 0.877251
22.4 -1.97864 0.822916
22.5 -2.01842 0.766279
22.6 -2.02024 0.70917
22.7 -2.00877 0.65224
22.8 -1.9926 0.595716
22.9 -1.97462 0.539678
23 -1.95582 0.484162
23.1 -1.93653 0.429184
23.2 -1.91685 0.374756
23.3 -1.8968 0.32089
23.4 -1.87639 0.267595
23.5 -1.8556 0.214882
23.6 -1.8344 0.162762
23.7 -1.81278 0.111247
23.8 -1.79071 0.0603492
23.9 -1.76816 0.0100813
24 -1.74509 -0.0395423
24.1 -1.72147 -0.0885065
24.2 -1.69725 -0.136795
24.3 -1.67239 -0.184391
24.4 -1.64684 -0.231274
24.5 -1.62053 -0.277426
24.6 -1.59338 -0.322822
24.7 -1.56533 -0.367439
24.8 -1.53628 -0.41125
24.9 -1.50611 -0.454224
25 -1.47469 -0.496329
25.1 -1.44187 -0.537527
25.2 -1.40745 -0.577776
25.3 -1.37121 -0.617028
25.4 -1.33286 -0.655226
25.5 -1.29203 -0.692307
25.6 -1.24827 -0.728195
25.7 -1.20099 -0.762798
25.8 -1.14939 -0.796007
25.9 -1.09242 -0.827685
26 -1.02858 -0.857661
26.1 -0.955771 -0.885713
26.2 -0.870877 -0.911546
26.3 -0.769158 -0.934757
26.4 -0.643132 -0.954774
26.5 -0.48061 -0.970752
26.6 -0.261471 -0.981399
26.7 0.0459325 -0.984699
26.8 0.479074 -0.977611
26.9 1.03035 -0.956459
27 1.55202 -0.919639
27.1 1.86455 -0.870782
27.2 1.98721 -0.815991
27.3 2.01995 -0.759231
27.4 2.01928 -0.702122
27.5 2.00694 -0.645235
27.6 1.99044 -0.588767
27.7 1.97233 -0.532793
27.8 1.95346 -0.477342
27.9 1.93412 -0.422431
28 1.91439 -0.368073
28.1 1.8943 -0.314276
28.2 1.87384 -0.261053
28.3 1.853 -0.208413
28.4 1.83176 -0.156367
28.5 1.81008 -0.104927
28.6 1.78795 -0.0541062
28.7 1.76534 -0.00391713
28.8 1.7422 0.0456259
28.9 1.71851 0.0945075
29 1.69422 0.142712
29.1 1.66928 0.19022
29.2 1.64363 0.237015
29.3 1.61722 0.283074
29.4 1.58997 0.328375
29.5 1.5618 0.372894
29.6 1.53262 0.416604
29.7 1.5023 0.459473
29.8 1.47072 0.501468
29.9 1.43771 0.542551
30 1.40308 0.582679
30.1 1.3666 0.621804
30.2 1.32796 0.659868
30.3 1.2868 0.696806
30.4 1.24264 0.73254
30.5 1.19487 0.766978
30.6 1.14267 0.800005
30.7 1.08494 0.831484
30.8 1.02012 0.861235
30.9 0.946017 0.889031
31 0.859344 0.914565
31.1 0.7551 0.937417
31.2 0.625351 0.956987
31.3 0.45713 0.972388
31.4 0.229056 0.982256
31.5 -0.0919777 0.984459
31.6 -0.542133 0.975829
31.7 -1.101 0.952739
31.8 -1.60366 0.914132
31.9 -1.88779 0.864226
32 -1.9945 0.809038
32.1 -2.02101 0.752179
32.2 -2.01815 0.695078
32.3 -2.00505 0.638235
32.4 -1.98827 0.581826
32.5 -1.97003 0.525915
32.6 -1.9511 0.47053
32.7 -1.9317 0.415687
32.8 -1.91193 0.361398
32.9 -1.8918 0.307672
33 -1.87129 0.254519
33.1 -1.8504 0.201952
33.2 -1.8291 0.149981
33.3 -1.80737 0.0986166
33.4 -1.78519 0.0478729
33.5 -1.76251 -0.00223719
33.6 -1.73931 -0.0516993
33.7 -1.71554 -0.100498
33.8 -1.69117 -0.148617
33.9 -1.66615 -0.196039
34 -1.64041 -0.242744
34.1 -1.6139 -0.288711
34.2 -1.58654 -0.333917
34.3 -1.55825 -0.378337
34.4 -1.52894 -0.421944
34.5 -1.49847 -0.464707
34.6 -1.46672 -0.506592
34.7 -1.43352 -0.54756
34.8 -1.39868 -0.587567
34.9 -1.36195 -0.626564
35 -1.32302 -0.664492
35.1 -1.28152 -0.701286
35.2 -1.23695 -0.736866
35.3 -1.18868 -0.771136
35.4 -1.13587 -0.80398
35.5 -1.07735 -0.835256
35.6 -1.01153 -0.864779
35.7 -0.936073 -0.892314
35.8 -0.847547 -0.917542
35.9 -0.74066 -0.940026
36 -0.606993 -0.959137
36.1 -0.432752 -0.973941
36.2 -0.195235 -0.982996
36.3 0.140047 -0.984055
36.4 0.60708 -0.973824
36.5 1.17082 -0.948775
36.6 1.6516 -0.908449
36.7 1.90829 -0.857594
36.8 2.00063 -0.802062
36.9 2.02166 -0.745124
37 2.01689 -0.688038
37.1 2.0031 -0.631243
37.2 1.98607 -0.574893
37.3 1.96773 -0.519046
37.4 1.94872 -0.463727
37.5 1.92928 -0.408952
37.6 1.90946 -0.354731
37.7 1.88928 -0.301075
37.8 1.86873 -0.247995
37.9 1.84779 -0.195501
38 1.82644 -0.143603
38.1 1.80466 -0.0923154
38.2 1.78241 -0.0416492
38.3 1.75967 0.00838163
38.4 1.7364 0.0577627
38.5 1.71257 0.106479
38.6 1.68812 0.154513
38.7 1.66301 0.201847
38.8 1.63718 0.248461
38.9 1.61057 0.294336
39 1.5831 0.339446
39.1 1.55469 0.383768
39.2 1.52524 0.427272
39.3 1.49462 0.469929
39.4 1.4627 0.511702
39.5 1.42931 0.552554
39.6 1.39425 0.592439
39.7 1.35726 0.631307
39.8 1.31804 0.6691
39.9 1.27619 0.705748
40 1.2312 0.741171
40.1 1.18243 0.775272
40.2 1.12898 0.807931
40.3 1.06966 0.839001
40.4 1.00279 0.868293
40.5 0.925933 0.895562
40.6 0.835473 0.920478
40.7 0.725817 0.942584
40.8 0.588028 0.961222
40.9 0.407426 0.975407
41 0.159931 0.983617
41.1 -0.190197 0.983479
41.2 -0.673747 0.971589
41.3 -1.23935 0.944569
41.4 -1.69575 0.902605
41.5 -1.9263 0.850894
41.6 -2.00575 0.795067
41.7 -2.02195 0.738068
41.8 -2.01549 0.681003
41.9 -2.00112 0.624257
42 -1.98386 0.567967
42.1 -1.96541 0.512184
42.2 -1.94634 0.456932
42.3 -1.92685 0.402225
42.4 -1.90699 0.348073
42.5 -1.88677 0.294488
42.6 -1.86617 0.24148
42.7 -1.84518 0.189058
42.8 -1.82378 0.137236
42.9 -1.80194 0.0860237
43 -1.77963 0.0354352
43.1 -1.75683 -0.0145162
43.2 -1.73349 -0.0638159
43.3 -1.70958 -0.112448
43.4 -1.68505 -0.160397
43.5 -1.65986 -0.207643
43.6 -1.63394 -0.254168
43.7 -1.60723 -0.299949
43.8 -1.57965 -0.344964
43.9 -1.55111 -0.389186
44 -1.52152 -0.432587
44.1 -1.49075 -0.475137
44.2 -1.45866 -0.516799
44.3 -1.42508 -0.557533
44.4 -1.38979 -0.597296
44.5 -1.35255 -0.636034
44.6 -1.31302 -0.67369
44.7 -1.27081 -0.710191
44.8 -1.2254 -0.745457
44.9 -1.1761 -0.779387
45 -1.122 -0.811858
45.1 -1.06185 -0.84272
45.2 -0.993895 -0.871777
45.3 -0.915587 -0.898775
45.4 -0.823111 -0.923372
45.5 -0.710552 -0.94509
45.6 -0.568421 -0.96324
45.7 -0.381095 -0.976783
45.8 -0.123066 -0.984111
45.9 0.242473 -0.982725
46 0.741915 -0.969119
46.1 1.30609 -0.940127
46.2 1.73614 -0.896612
46.3 1.94203 -0.844136
46.4 2.00997 -0.788057
46.5 2.02193 -0.731011
46.6 2.01399 -0.673973
46.7 1.99909 -0.617279
46.8 1.98162 -0.561049
46.9 1.96308 -0.505331
47 1.94396 -0.450146
47.1 1.92442 -0.395506
47.2 1.90451 -0.341424
47.3 1.88424 -0.28791
47.4 1.8636 -0.234973
47.5 1.84256 -0.182625
47.6 1.8211 -0.130877
47.7 1.79921 -0.0797415
47.8 1.77684 -0.029231
47.9 1.75398 0.0206407
48 1.73057 0.069859
48.1 1.70659 0.118408
48.2 1.68198 0.166271
48.3 1.6567 0.213429
48.4 1.63068 0.259863
48.5 1.60387 0.305551
48.6 1.57618 0.350469
48.7 1.54752 0.394591
48.8 1.51779 0.43789
48.9 1.48686 0.480331
49 1.4546 0.521881
49.1 1.42082 0.562498
49.2 1.3853 0.602137
49.3 1.3478 0.640745
49.4 1.30796 0.678262
49.5 1.26539 0.714616
49.6 1.21954 0.749722
49.7 1.1697 0.783479
49.8 1.11493 0.815761
49.9 1.05392 0.846411
50 0.984847 0.875228
50.1 0.905028 0.901951
50.2 0.810446 0.926222
50.3 0.694843 0.947542
50.4 0.548137 0.965188
50.5 0.353703 0.978065
50.6 0.0845611 0.984474
50.7 -0.296905 0.981785
50.8 -0.811317 0.966408
50.9 -1.3706 0.935456
51 -1.77283 0.890484
51.1 -1.95571 0.837327
51.2 -2.01339 0.781034
51.3 -2.02163 0.723956
51.4 -2.01239 0.666948
51.5 -1.99702 0.610308
51.6 -1.97938 0.554139
51.7 -1.96075 0.498486
51.8 -1.94157 0.443367
51.9 -1.92198 0.388796
52 -1.90203 0.334784
52.1 -1.88171 0.28134
52.2 -1.86102 0.228475
52.3 -1.83993 0.176201
52.4 -1.81842 0.124528
52.5 -1.79647 0.0734689
52.6 -1.77405 0.0230365
52.7 -1.75111 -0.0267553
52.8 -1.72764 -0.0758918
52.9 -1.70358 -0.124357
53 -1.67889 -0.172134
53.1 -1.65353 -0.219204
53.2 -1.62742 -0.265547
53.3 -1.6005 -0.311141
53.4 -1.57269 -0.355962
53.5 -1.54391 -0.399984
53.6 -1.51404 -0.443179
53.7 -1.48295 -0.485512
53.8 -1.45051 -0.526949
53.9 -1.41653 -0.567448
54 -1.38079 -0.606962
54.1 -1.34301 -0.645439
54.2 -1.30286 -0.682817
54.3 -1.25992 -0.719021
54.4 -1.21361 -0.753967
54.5 -1.16322 -0.787549
54.6 -1.10776 -0.819638
54.7 -1.04587 -0.850074
54.8 -0.975636 -0.878649
54.9 -0.894246 -0.90509
55 -0.797465 -0.929027
55.1 -0.678668 -0.949938
55.2 -0.527138 -0.967064
55.3 -0.325188 -0.97925
55.4 -0.0443356 -0.984699
55.5 0.3535 -0.980651
55.6 0.881635 -0.963454
55.7 1.43246 -0.930565
55.8 1.80595 -0.884233
55.9 1.96755 -0.830474
56 2.01613 -0.774
56.1 2.02108 -0.716902
56.2 2.0107 -0.65993
56.3 1.99493 -0.603343
56.4 1.97711 -0.547237
56.5 1.9584 -0.491649
56.6 1.93917 -0.436597
56.7 1.91954 -0.382095
56.8 1.89954 -0.328152
56.9 1.87918 -0.274779
57 1.85844 -0.221987
57.1 1.8373 -0.169786
57.2 1.81574 -0.118188
57.3 1.79373 -0.0672058
57.4 1.77124 -0.0168518
57.5 1.74825 0.0328599
57.6 1.7247 0.0819144
57.7 1.70057 0.130295
57.8 1.6758 0.177986
57.9 1.65034 0.224967
58 1.62414 0.271219
58.1 1.59711 0.316719
58.2 1.56919 0.361443
58.3 1.54028 0.405365
58.4 1.51026 0.448454
58.5 1.47902 0.490679
58.6 1.4464 0.532002
58.7 1.41222 0.572382
58.8 1.37624 0.611772
58.9 1.33819 0.650117
59 1.29772 0.687353
59.1 1.25439 0.723407
59.2 1.20763 0.758191
59.3 1.15667 0.791596
59.4 1.1005 0.82349
59.5 1.0377 0.853708
59.6 0.966257 0.882036
59.7 0.883232 0.908191
59.8 0.784154 0.931786
59.9 0.662002 0.952277
60 0.505384 0.968865
60.1 0.295486 0.980333
60.2 0.00231019 0.984781
60.3 -0.412244 0.979315
60.4 -0.952502 0.960253
60.5 -1.49131 0.925463
60.6 -1.83565 0.877871
60.7 -1.97773 0.823583
60.8 -2.01824 0.766959
60.9 -2.02032 0.709851
61 -2.00894 0.652917
61.1 -1.9928 0.596387
61.2 -1.97484 0.540343
61.3 -1.95605 0.48482
61.4 -1.93676 0.429836
61.5 -1.91709 0.375402
61.6 -1.89704 0.321529
61.7 -1.87664 0.268227
61.8 -1.85585 0.215507
61.9 -1.83466 0.16338
62 -1.81304 0.111858
62.1 -1.79098 0.0609523
62.2 -1.76843 0.0106769
62.3 -1.74537 -0.0389545
62.4 -1.72175 -0.0879267
62.5 -1.69754 -0.136223
62.6 -1.67269 -0.183827
62.7 -1.64715 -0.23072
62.8 -1.62084 -0.27688
62.9 -1.59371 -0.322285
63 -1.56567 -0.366912
63.1 -1.53663 -0.410732
63.2 -1.50648 -0.453717
63.3 -1.47507 -0.495833
63.4 -1.44227 -0.537042
63.5 -1.40787 -0.577302
63.6 -1.37166 -0.616566
63.7 -1.33333 -0.654777
63.8 -1.29253 -0.691872
63.9 -1.24881 -0.727774
64 -1.20158 -0.762393
64.1 -1.15004 -0.79562
64.2 -1.09313 -0.827317
64.3 -1.02939 -0.857315
64.4 -0.956702 -0.885391
64.5 -0.871977 -0.911253
64.6 -0.770496 -0.934498
64.7 -0.644819 -0.954557
64.8 -0.482831 -0.97059
64.9 -0.264528 -0.981311
65 0.0415924 -0.984714
65.1 0.473091 -0.977771
65.2 1.02351 -0.956805
65.3 1.54685 -0.920161
65.4 1.86215 -0.871411
65.5 1.98644 -0.81666
65.6 2.01982 -0.759911
65.7 2.01938 -0.702802
65.8 2.00712 -0.645911
65.9 1.99065 -0.589438
66 1.97255 -0.533457
66.1 1.95369 -0.478
66.2 1.93435 -0.423083
66.3 1.91463 -0.368717
66.4 1.89454 -0.314914
66.5 1.87409 -0.261684
66.6 1.85325 -0.209037
66.7 1.83201 -0.156984
66.8 1.81034 -0.105537
66.9 1.78822 -0.0547085
67 1.76561 -0.00451174
67.1 1.74248 0.045039
67.2 1.7188 0.0939287
67.3 1.69451 0.142141
67.4 1.66958 0.189658
67.5 1.64394 0.236461
67.6 1.61754 0.282529
67.7 1.5903 0.32784
67.8 1.56214 0.372368
67.9 1.53297 0.416087
68 1.50267 0.458966
68.1 1.4711 0.500972
68.2 1.43811 0.542066
68.3 1.4035 0.582206
68.4 1.36704 0.621343
68.5 1.32843 0.65942
68.6 1.2873 0.696372
68.7 1.24318 0.732122
68.8 1.19546 0.766575
68.9 1.14333 0.79962
69 1.08567 0.831118
69.1 1.02095 0.860891
69.2 0.946967 0.888712
69.3 0.860469 0.914275
69.4 0.756474 0.937162
69.5 0.627092 0.956776
69.6 0.459435 0.972234
69.7 0.232245 0.982178
69.8 -0.0874456 0.984489
69.9 -0.535961 0.976011
70 -1.09421 0.953109
70.1 -1.59884 0.914671
70.2 -1.88567 0.864862
70.3 -1.99385 0.80971
70.4 -2.02093 0.75286
70.5 -2.01827 0.695758
70.6 -2.00523 0.638911
70.7 -1.98848 0.582496
70.8 -1.97026 0.526579
70.9 -1.95133 0.471187
71 -1.93194 0.416338
71.1 -1.91217 0.362042
71.2 -1.89204 0.308309
71.3 -1.87154 0.25515
71.4 -1.85065 0.202575
71.5 -1.82936 0.150597
71.6 -1.80764 0.0992254
71.7 -1.78545 0.0484742
71.8 -1.76278 -0.00164353
71.9 -1.73959 -0.0511135
72 -1.71583 -0.0999204
72.1 -1.69147 -0.148048
72.2 -1.66645 -0.195478
72.3 -1.64072 -0.242191
72.4 -1.61422 -0.288167
72.5 -1.58688 -0.333382
72.6 -1.5586 -0.377812
72.7 -1.52929 -0.421429
72.8 -1.49884 -0.464203
72.9 -1.46711 -0.506098
73 -1.43393 -0.547077
73.1 -1.39911 -0.587096
73.2 -1.3624 -0.626105
73.3 -1.3235 -0.664047
73.4 -1.28203 -0.700855
73.5 -1.2375 -0.736449
73.6 -1.18928 -0.770735
73.7 -1.13653 -0.803598
73.8 -1.07809 -0.834893
73.9 -1.01237 -0.864438
74 -0.937042 -0.891998
74.1 -0.848697 -0.917257
74.2 -0.742071 -0.939776
74.3 -0.608791 -0.958932
74.4 -0.435146 -0.973795
74.5 -0.198563 -0.98293
74.6 0.135317 -0.984101
74.7 0.600733 -0.974027
74.8 1.16413 -0.949168
74.9 1.64713 -0.909005
75 1.90643 -0.858237
75.1 2.00008 -0.802736
75.2 2.02162 -0.745805
75.3 2.01701 -0.688717
75.4 2.00329 -0.631918
75.5 1.98628 -0.575562
75.6 1.96795 -0.519708
75.7 1.94895 -0.464383
75.8 1.92952 -0.409602
75.9 1.9097 -0.355374
76 1.88953 -0.301712
76.1 1.86898 -0.248624
76.2 1.84804 -0.196123
76.3 1.8267 -0.144219
76.4 1.80492 -0.0929233
76.5 1.78268 -0.0422496
76.6 1.75995 0.00778893
76.7 1.73668 0.0571779
76.8 1.71285 0.105902
76.9 1.68841 0.153944
77 1.66331 0.201286
77.1 1.63749 0.24791
77.2 1.61089 0.293793
77.3 1.58343 0.338913
77.4 1.55504 0.383244
77.5 1.52559 0.426759
77.6 1.49499 0.469425
77.7 1.46309 0.51121
77.8 1.42972 0.552072
77.9 1.39468 0.591969
78 1.35772 0.63085
78.1 1.31852 0.668656
78.2 1.2767 0.705318
78.3 1.23176 0.740757
78.4 1.18303 0.774874
78.5 1.12965 0.807551
78.6 1.07041 0.838641
78.7 1.00364 0.867955
78.8 0.926921 0.89525
78.9 0.836651 0.920197
79 0.727268 0.94234
79.1 0.589886 0.961024
79.2 0.409914 0.975269
79.3 0.163406 0.983562
79.4 -0.185264 0.983543
79.5 -0.667242 0.971815
79.6 -1.2328 0.944985
79.7 -1.69166 0.903176
79.8 -1.92466 0.851543
79.9 -2.00529 0.795743
80 -2.02194 0.738749
80.1 -2.01563 0.681682
80.2 -2.00131 0.624931
80.3 -1.98407 0.568635
80.4 -1.96563 0.512846
80.5 -1.94657 0.457588
80.6 -1.92709 0.402874
80.7 -1.90723 0.348716
80.8 -1.88701 0.295124
80.9 -1.86641 0.242108
81 -1.84543 0.18968
81.1 -1.82403 0.13785
81.2 -1.8022 0.0866306
81.3 -1.7799 0.0360347
81.4 -1.7571 -0.0139244
81.5 -1.73377 -0.0632321
81.6 -1.70987 -0.111873
81.7 -1.68535 -0.159829
81.8 -1.66016 -0.207084
81.9 -1.63425 -0.253617
82 -1.60755 -0.299408
82.1 -1.57998 -0.344432
82.2 -1.55146 -0.388663
82.3 -1.52188 -0.432075
82.4 -1.49113 -0.474635
82.5 -1.45905 -0.516307
82.6 -1.42549 -0.557053
82.7 -1.39022 -0.596828
82.8 -1.353 -0.635579
82.9 -1.31351 -0.673247
83 -1.27133 -0.709763
83.1 -1.22596 -0.745044
83.2 -1.17671 -0.77899
83.3 -1.12268 -0.81148
83.4 -1.06261 -0.842362
83.5 -0.994761 -0.871442
83.6 -0.916595 -0.898466
83.7 -0.824317 -0.923094
83.8 -0.712044 -0.944851
83.9 -0.570342 -0.963048
84 -0.383683 -0.976654
84.1 -0.126695 -0.984069
84.2 0.237333 -0.982806
84.3 0.735276 -0.969368
84.4 1.29974 -0.940566
84.5 1.73241 -0.897197
84.6 1.94061 -0.844791
84.7 2.0096 -0.788734
84.8 2.02194 -0.731692
84.9 2.01414 -0.674651
85 1.99928 -0.617952
85.1 1.98184 -0.561717
85.2 1.96331 -0.505992
85.3 1.94419 -0.4508
85.4 1.92465 -0.396154
85.5 1.90475 -0.342066
85.6 1.88449 -0.288544
85.7 1.86384 -0.235601
85.8 1.84281 -0.183246
85.9 1.82136 -0.131491
86 1.79947 -0.0803476
86.1 1.77711 -0.0298295
86.2 1.75425 0.0200499
86.3 1.73085 0.0692761
86.4 1.70688 0.117833
86.5 1.68228 0.165704
86.6 1.657 0.212871
86.7 1.631 0.259314
86.8 1.60419 0.305011
86.9 1.57651 0.349938
87 1.54786 0.39407
87.1 1.51815 0.437378
87.2 1.48724 0.47983
87.3 1.45499 0.521391
87.4 1.42123 0.562019
87.5 1.38574 0.60167
87.6 1.34826 0.640291
87.7 1.30845 0.677821
87.8 1.26591 0.71419
87.9 1.2201 0.749311
88 1.17032 0.783085
88.1 1.11561 0.815385
88.2 1.05469 0.846055
88.3 0.985727 0.874897
88.4 0.906057 0.901646
88.5 0.811682 0.925949
88.6 0.696379 0.947308
88.7 0.550125 0.965003
88.8 0.356396 0.977946
88.9 0.0883519 0.984445
89 -0.291556 0.981884
89.1 -0.804572 0.966681
89.2 -1.36448 0.935917
89.3 -1.76945 0.891081
89.4 -1.95448 0.837986
89.5 -2.0131 0.781712
89.6 -2.02167 0.724637
89.7 -2.01255 0.667626
89.8 -1.99722 0.61098
89.9 -1.97959 0.554806
90 -1.96097 0.499146
90.1 -1.9418 0.444021
90.2 -1.92222 0.389444
90.3 -1.90227 0.335424
90.4 -1.88196 0.281974
90.5 -1.86127 0.229102
90.6 -1.84018 0.176821
90.7 -1.81868 0.125141
90.8 -1.79674 0.074074
90.9 -1.77432 0.0236341
91 -1.75139 -0.0261655
91.1 -1.72792 -0.0753099
91.2 -1.70387 -0.123783
91.3 -1.67919 -0.171568
91.4 -1.65383 -0.218647
91.5 -1.62773 -0.264999
91.6 -1.60082 -0.310602
91.7 -1.57303 -0.355432
91.8 -1.54425 -0.399464
91.9 -1.5144 -0.442669
92 -1.48333 -0.485013
92.1 -1.45091 -0.52646
92.2 -1.41695 -0.566971
92.3 -1.38122 -0.606497
92.4 -1.34347 -0.644987
92.5 -1.30336 -0.682378
92.6 -1.26045 -0.718597
92.7 -1.21419 -0.753558
92.8 -1.16385 -0.787157
92.9 -1.10846 -0.819265
93 -1.04665 -0.849721
93.1 -0.976532 -0.87832
93.2 -0.895297 -0.904788
93.3 -0.798733 -0.928758
93.4 -0.68025 -0.94971
93.5 -0.529197 -0.966886
93.6 -0.327992 -0.97914
93.7 -0.0482959 -0.984684
93.8 0.347943 -0.980769
93.9 0.874817 -0.96375
94 1.42662 -0.931047
94.1 1.8029 -0.884841
94.2 1.96648 -0.831137
94.3 2.01589 -0.77468
94.4 2.02115 -0.717583
94.5 2.01087 -0.660607
94.6 1.99513 -0.604015
94.7 1.97733 -0.547903
94.8 1.95863 -0.492309
94.9 1.9394 -0.43725
95 1.91977 -0.382741
95.1 1.89978 -0.328792
95.2 1.87942 -0.275412
95.3 1.85869 -0.222613
95.4 1.83755 -0.170405
95.5 1.816 -0.1188
95.6 1.79399 -0.06781
95.7 1.77151 -0.0174484
95.8 1.74852 0.0322711
95.9 1.72499 0.0813334
96 1.70086 0.129723
96.1 1.6761 0.177422
96.2 1.65065 0.224411
96.3 1.62445 0.270672
96.4 1.59744 0.316181
96.5 1.56953 0.360915
96.6 1.54063 0.404846
96.7 1.51063 0.447946
96.8 1.4794 0.490181
96.9 1.4468 0.531515
97 1.41263 0.571907
97.1 1.37668 0.611308
97.2 1.33865 0.649666
97.3 1.29822 0.686916
97.4 1.25493 0.722985
97.5 1.20821 0.757784
97.6 1.15731 0.791206
97.7 1.1012 0.82312
97.8 1.03849 0.853359
97.9 0.96717 0.881711
98 0.884306 0.907893
98.1 0.785454 0.931522
98.2 0.663633 0.952054
98.3 0.507518 0.968695
98.4 0.298407 0.980233
98.5 0.00644765 0.98478
98.6 -0.406481 0.979453
98.7 -0.945648 0.960573
98.8 -1.48577 0.925965
98.9 -1.83293 0.87849
99 -1.97682 0.82425
99.1 -2.01806 0.767639
99.2 -2.02041 0.710531
99.3 -2.00912 0.653594
99.4 -1.99301 0.597058
99.5 -1.97506 0.541008
99.6 -1.95628 0.485479
99.7 -1.937 0.430488
99.8 -1.91732 0.376048
99.9 -1.89729 0.322168
100 -1.87688 0.268859
100.1 -1.8561 0.216132
100.2 -1.83491 0.163998
100.3 -1.8133 0.112469
100.4 -1.79124 0.0615556
100.5 -1.7687 0.0112725
100.6 -1.74565 -0.0383666
100.7 -1.72204 -0.0873467
100.8 -1.69784 -0.135652
100.9 -1.67299 -0.183264
101 -1.64746 -0.230165
101.1 -1.62116 -0.276334
101.2 -1.59404 -0.321749
101.3 -1.56601 -0.366385
101.4 -1.53698 -0.410215
101.5 -1.50684 -0.45321
101.6 -1.47546 -0.495336
101.7 -1.44267 -0.536556
101.8 -1.40829 -0.576828
101.9 -1.3721 -0.616104
102 -1.3338 -0.654328
102.1 -1.29304 -0.691436
102.2 -1.24936 -0.727354
102.3 -1.20216 -0.761989
102.4 -1.15068 -0.795232
102.5 -1.09385 -0.826949
102.6 -1.0302 -0.856968
102.7 -0.957633 -0.885068
102.8 -0.873074 -0.910959
102.9 -0.77183 -0.934238
103 -0.646501 -0.95434
103.1 -0.485044 -0.970427
103.2 -0.267573 -0.981221
103.3 0.0372705 -0.984727
103.4 0.467128 -0.977929
103.5 1.01666 -0.957148
103.6 1.54164 -0.920682
103.7 1.85973 -0.872038
103.8 1.98566 -0.81733
103.9 2.01969 -0.760592
104 2.01948 -0.703482
104.1 2.0073 -0.646587
104.2 1.99086 -0.590108
104.3 1.97278 -0.534121
104.4 1.95392 -0.478658
104.5 1.93459 -0.423734
104.6 1.91487 -0.369362
104.7 1.89479 -0.315553
104.8 1.87434 -0.262315
104.9 1.8535 -0.209661
105 1.83227 -0.157601
105.1 1.8106 -0.106147
105.2 1.78849 -0.0553108
105.3 1.76588 -0.00510645
105.4 1.74276 0.0444521
105.5 1.71908 0.0933498
105.6 1.6948 0.14157
105.7 1.66988 0.189096
105.8 1.64425 0.235907
105.9 1.61786 0.281984
106 1.59063 0.327304
106.1 1.56249 0.371842
106.2 1.53332 0.415571
106.3 1.50304 0.45846
106.4 1.47149 0.500477
106.5 1.43851 0.541582
106.6 1.40393 0.581734
106.7 1.36749 0.620883
106.8 1.32891 0.658973
106.9 1.28781 0.695939
107 1.24373 0.731703
107.1 1.19606 0.766172
107.2 1.14398 0.799235
107.3 1.08639 0.830752
107.4 1.02177 0.860547
107.5 0.947915 0.888393
107.6 0.861591 0.913985
107.7 0.757844 0.936907
107.8 0.628828 0.956565
107.9 0.461732 0.972079
108 0.235422 0.982099
108.1 -0.0829323 0.984518
108.2 -0.529807 0.97619
108.3 -1.08741 0.953476
108.4 -1.59398 0.915209
108.5 -1.88352 0.865498
108.6 -1.99318 0.810382
108.7 -2.02084 0.75354
108.8 -2.01838 0.696438
108.9 -2.00542 0.639586
109 -1.98869 0.583166
109.1 -1.97048 0.527242
109.2 -1.95155 0.471845
109.3 -1.93217 0.416989
109.4 -1.91241 0.362686
109.5 -1.89228 0.308946
109.6 -1.87178 0.25578
109.7 -1.8509 0.203199
109.8 -1.82962 0.151213
109.9 -1.8079 0.0998342
110 -1.78572 0.0490756
110.1 -1.76306 -0.00104978
110.2 -1.73987 -0.0505276
110.3 -1.71612 -0.0993425
110.4 -1.69176 -0.147478
110.5 -1.66675 -0.194916
110.6 -1.64103 -0.241638
110.7 -1.61454 -0.287623
110.8 -1.58721 -0.332848
110.9 -1.55894 -0.377287
111 -1.52965 -0.420914
111.1 -1.49921 -0.463698
111.2 -1.46749 -0.505604
111.3 -1.43433 -0.546594
111.4 -1.39953 -0.586624
111.5 -1.36285 -0.625646
111.6 -1.32397 -0.663601
111.7 -1.28254 -0.700423
111.8 -1.23805 -0.736032
111.9 -1.18988 -0.770335
112 -1.13719 -0.803215
112.1 -1.07883 -0.834529
112.2 -1.0132 -0.864097
112.3 -0.938008 -0.891683
112.4 -0.849846 -0.916971
112.5 -0.743478 -0.939526
112.6 -0.610584 -0.958727
112.7 -0.437531 -0.973648
112.8 -0.201878 -0.982863
112.9 0.130606 -0.984146
113 0.594401 -0.974229
113.1 1.15743 -0.949559
113.2 1.64263 -0.909559
113.3 1.90454 -0.85888
113.4 1.99953 -0.80341
113.5 2.02157 -0.746486
113.6 2.01714 -0.689397
113.7 2.00348 -0.632592
113.8 1.9865 -0.576231
113.9 1.96817 -0.520371
114 1.94918 -0.46504
114.1 1.92975 -0.410252
114.2 1.90994 -0.356018
114.3 1.88977 -0.302348
114.4 1.86923 -0.249254
114.5 1.8483 -0.196745
114.6 1.82696 -0.144834
114.7 1.80518 -0.0935312
114.8 1.78295 -0.04285
114.9 1.76022 0.00719613
115 1.73697 0.0565929
115.1 1.71314 0.105325
115.2 1.68871 0.153375
115.3 1.66362 0.200726
115.4 1.63781 0.247358
115.5 1.61121 0.293251
115.6 1.58377 0.33838
115.7 1.55538 0.38272
115.8 1.52595 0.426245
115.9 1.49537 0.468922
116 1.46348 0.510717
116.1 1.43013 0.551591
116.2 1.39511 0.5915
116.3 1.35817 0.630393
116.4 1.319 0.668212
116.5 1.27722 0.704888
116.6 1.23232 0.740342
116.7 1.18364 0.774475
116.8 1.13032 0.80717
116.9 1.07115 0.83828
117 1.00449 0.867617
117.1 0.927906 0.894938
117.2 0.837826 0.919915
117.3 0.728715 0.942095
117.4 0.591738 0.960825
117.5 0.412392 0.975131
117.6 0.166866 0.983506
117.7 -0.18035 0.983604
117.8 -0.660751 0.972039
117.9 -1.22624 0.945399
118 -1.68752 0.903745
118.1 -1.92301 0.852192
118.2 -2.00483 0.796419
118.3 -2.02192 0.73943
118.4 -2.01577 0.682361
118.5 -2.0015 0.625606
118.6 -1.98428 0.569304
118.7 -1.96586 0.513508
118.8 -1.9468 0.458243
118.9 -1.92732 0.403523
119 -1.90747 0.349358
119.1 -1.88725 0.295759
119.2 -1.86666 0.242737
119.3 -1.84568 0.190301
119.4 -1.82429 0.138464
119.5 -1.80246 0.0872377
119.6 -1.78017 0.0366342
119.7 -1.75738 -0.0133326
119.8 -1.73405 -0.0626481
119.9 -1.71016 -0.111297
120 -1.68565 -0.159262
120.1 -1.66047 -0.206525
120.2 -1.63456 -0.253067
120.3 -1.60787 -0.298866
120.4 -1.58031 -0.343899
120.5 -1.5518 -0.388141
120.6 -1.52224 -0.431562
120.7 -1.4915 -0.474132
120.8 -1.45944 -0.515816
120.9 -1.4259 -0.556573
121 -1.39066 -0.596359
121.1 -1.35346 -0.635123
121.2 -1.31399 -0.672805
121.3 -1.27185 -0.709335
121.4 -1.22652 -0.744631
121.5 -1.17732 -0.778594
121.6 -1.12335 -0.811102
121.7 -1.06337 -0.842004
121.8 -0.995624 -0.871106
121.9 -0.917601 -0.898157
122 -0.82552 -0.922817
122.1 -0.713533 -0.944611
122.2 -0.572258 -0.962856
122.3 -0.38626 -0.976524
122.4 -0.130309 -0.984026
122.5 0.232213 -0.982885
122.6 0.728649 -0.969614
122.7 1.29336 -0.941003
122.8 1.72864 -0.89778
122.9 1.93916 -0.845445
123 2.00922 -0.789411
123.1 2.02196 -0.732374
123.2 2.01429 -0.67533
123.3 1.99948 -0.618626
123.4 1.98206 -0.562384
123.5 1.96353 -0.506654
123.6 1.94442 -0.451455
123.7 1.92489 -0.396803
123.8 1.90499 -0.342707
123.9 1.88473 -0.289179
124 1.86409 -0.236228
124.1 1.84306 -0.183866
124.2 1.82162 -0.132104
124.3 1.79974 -0.0809537
124.4 1.77738 -0.0304281
124.5 1.75453 0.0194591
124.6 1.73113 0.0686931
124.7 1.70717 0.117258
124.8 1.68257 0.165138
124.9 1.65731 0.212313
125 1.63131 0.258764
125.1 1.60452 0.30447
125.2 1.57685 0.349407
125.3 1.54821 0.393549
125.4 1.51851 0.436867
125.5 1.48762 0.479329
125.6 1.45539 0.520901
125.7 1.42164 0.561541
125.8 1.38617 0.601203
125.9 1.34872 0.639837
126 1.30894 0.677381
126.1 1.26644 0.713763
126.2 1.22067 0.7489
126.3 1.17094 0.782691
126.4 1.1163 0.815009
126.5 1.05546 0.8457
126.6 0.986606 0.874564
126.7 0.907083 0.901341
126.8 0.812915 0.925675
126.9 0.697911 0.947073
127 0.552107 0.964817
127.1 0.359077 0.977825
127.2 0.0921267 0.984414
127.3 -0.286227 0.981981
127.4 -0.797836 0.966951
127.5 -1.35834 0.936376
127.6 -1.76603 0.891677
127.7 -1.95322 0.838645
127.8 -2.01279 0.78239
127.9 -2.02171 0.725318
128 -2.01271 0.668304
128.1 -1.99742 0.611653
128.2 -1.97981 0.555473
128.3 -1.9612 0.499807
128.4 -1.94203 0.444675
128.5 -1.92245 0.390091
128.6 -1.90251 0.336065
128.7 -1.8822 0.282608
128.8 -1.86152 0.229729
128.9 -1.84044 0.17744
129 -1.81894 0.125753
129.1 -1.797 0.0746792
129.2 -1.77459 0.0242317
129.3 -1.75167 -0.0255756
129.4 -1.72821 -0.0747279
129.5 -1.70416 -0.123209
129.6 -1.67949 -0.171003
129.7 -1.65414 -0.21809
129.8 -1.62805 -0.26445
129.9 -1.60115 -0.310062
130 -1.57336 -0.354903
130.1 -1.5446 -0.398944
130.2 -1.51476 -0.442158
130.3 -1.48371 -0.484513
130.4 -1.4513 -0.525971
130.5 -1.41736 -0.566493
130.6 -1.38166 -0.606032
130.7 -1.34394 -0.644534
130.8 -1.30385 -0.681939
130.9 -1.26098 -0.718172
131 -1.21476 -0.753149
131.1 -1.16448 -0.786765
131.2 -1.10915 -0.818891
131.3 -1.04744 -0.849369
131.4 -0.977427 -0.877991
131.5 -0.896345 -0.904487
131.6 -0.799997 -0.928489
131.7 -0.681828 -0.94948
131.8 -0.53125 -0.966707
131.9 -0.330784 -0.979029
132 -0.0522395 -0.984667
132.1 0.342405 -0.980885
132.2 0.868005 -0.964044
132.3 1.42074 -0.931526
132.4 1.79982 -0.885449
132.5 1.9654 -0.8318
132.6 2.01565 -0.775359
132.7 2.02121 -0.718264
132.8 2.01104 -0.661284
132.9 1.99533 -0.604687
133 1.97755 -0.548569
133.1 1.95885 -0.492968
133.2 1.93963 -0.437904
133.3 1.92001 -0.383388
133.4 1.90002 -0.329432
133.5 1.87967 -0.276045
133.6 1.85894 -0.223239
133.7 1.83781 -0.171024
133.8 1.81626 -0.119412
133.9 1.79426 -0.0684143
134 1.77178 -0.0180451
134.1 1.7488 0.0316821
134.2 1.72527 0.0807524
134.3 1.70115 0.12915
134.4 1.6764 0.176857
134.5 1.65096 0.223855
134.6 1.62477 0.270125
134.7 1.59777 0.315643
134.8 1.56987 0.360386
134.9 1.54098 0.404327
135 1.51099 0.447437
135.1 1.47978 0.489683
135.2 1.4472 0.531028
135.3 1.41305 0.571431
135.4 1.37712 0.610845
135.5 1.33912 0.649215
135.6 1.29872 0.686479
135.7 1.25546 0.722562
135.8 1.20879 0.757377
135.9 1.15794 0.790816
136 1.10191 0.822749
136.1 1.03928 0.853009
136.2 0.968081 0.881385
136.3 0.885377 0.907595
136.4 0.78675 0.931257
136.5 0.665259 0.95183
136.6 0.509645 0.968524
136.7 0.301316 0.980132
136.8 0.0105677 0.984777
136.9 -0.400737 0.979589
137 -0.938796 0.96089
137.1 -1.4802 0.926464
137.2 -1.83017 0.879107
137.3 -1.97589 0.824916
137.4 -2.01788 0.768319
137.5 -2.02049 0.711212
137.6 -2.00929 0.65427
137.7 -1.99321 0.597729
137.8 -1.97528 0.541674
137.9 -1.9565 0.486138
138 -1.93723 0.431141
138.1 -1.91756 0.376693
138.2 -1.89753 0.322807
138.3 -1.87713 0.269491
138.4 -1.85635 0.216758
138.5 -1.83517 0.164616
138.6 -1.81356 0.113079
138.7 -1.79151 0.0621589
138.8 -1.76897 0.0118683
138.9 -1.74592 -0.0377786
139 -1.72232 -0.0867667
139.1 -1.69813 -0.13508
139.2 -1.67329 -0.182701
139.3 -1.64776 -0.22961
139.4 -1.62148 -0.275788
139.5 -1.59437 -0.321212
139.6 -1.56635 -0.365857
139.7 -1.53734 -0.409697
139.8 -1.50721 -0.452702
139.9 -1.47584 -0.494839
140 -1.44307 -0.53607
140.1 -1.40871 -0.576353
140.2 -1.37254 -0.615641
140.3 -1.33427 -0.653879
140.4 -1.29354 -0.691001
140.5 -1.2499 -0.726933
140.6 -1.20275 -0.761584
140.7 -1.15132 -0.794845
140.8 -1.09456 -0.82658
140.9 -1.031 -0.856621
141 -0.958561 -0.884746
141.1 -0.874169 -0.910665
141.2 -0.77316 -0.933978
141.3 -0.648178 -0.954122
141.4 -0.48725 -0.970263
141.5 -0.270606 -0.98113
141.6 0.0329666 -0.984739
141.7 0.461183 -0.978086
141.8 1.00981 -0.95749
141.9 1.53639 -0.9212
142 1.85728 -0.872665
142.1 1.98487 -0.817999
142.2 2.01956 -0.761272
142.3 2.01957 -0.704163
142.4 2.00747 -0.647263
142.5 1.99107 -0.590779
142.6 1.973 -0.534786
142.7 1.95415 -0.479316
142.8 1.93482 -0.424386
142.9 1.9151 -0.370007
143 1.89503 -0.316191
143.1 1.87458 -0.262947
143.2 1.85375 -0.210285
143.3 1.83252 -0.158218
143.4 1.81087 -0.106757
143.5 1.78875 -0.0559132
143.6 1.76616 -0.00570124
143.7 1.74304 0.0438651
143.8 1.71937 0.0927707
143.9 1.6951 0.140999
144 1.67018 0.188533
144.1 1.64456 0.235353
144.2 1.61818 0.281439
144.3 1.59096 0.326768
144.4 1.56283 0.371316
144.5 1.53368 0.415054
144.6 1.5034 0.457954
144.7 1.47187 0.499981
144.8 1.43892 0.541097
144.9 1.40435 0.581261
145 1.36794 0.620422
145.1 1.32938 0.658525
145.2 1.28832 0.695505
145.3 1.24428 0.731284
145.4 1.19665 0.765769
145.5 1.14463 0.79885
145.6 1.08712 0.830386
145.7 1.02259 0.860203
145.8 0.948861 0.888073
145.9 0.862711 0.913695
146 0.75921 0.936652
146.1 0.630558 0.956353
146.2 0.46402 0.971923
146.3 0.238585 0.982019
146.4 -0.0784377 0.984545
146.5 -0.523671 0.976368
146.6 -1.0806 0.953842
146.7 -1.58908 0.915745
146.8 -1.88135 0.866133
146.9 -1.99251 0.811054
147 -2.02075 0.754221
147.1 -2.01849 0.697117
147.2 -2.0056 0.640262
147.3 -1.9889 0.583835
147.4 -1.9707 0.527906
147.5 -1.95178 0.472502
147.6 -1.9324 0.417639
147.7 -1.91264 0.36333
147.8 -1.89252 0.309583
147.9 -1.87203 0.256411
148 -1.85115 0.203822
148.1 -1.82987 0.151829
148.2 -1.80816 0.100443
148.3 -1.78599 0.0496771
148.4 -1.76333 -0.000455931
148.5 -1.74015 -0.0499415
148.6 -1.7164 -0.0987644
148.7 -1.69206 -0.146908
148.8 -1.66705 -0.194355
148.9 -1.64134 -0.241086
149 -1.61486 -0.287079
149.1 -1.58754 -0.332313
149.2 -1.55928 -0.376762
149.3 -1.53 -0.420399
149.4 -1.49958 -0.463193
149.5 -1.46788 -0.505109
149.6 -1.43474 -0.546111
149.7 -1.39996 -0.586153
149.8 -1.3633 -0.625187
149.9 -1.32445 -0.663155
150 -1.28305 -0.699991
150.1 -1.2386 -0.735615
150.2 -1.19048 -0.769934
150.3 -1.13785 -0.802832
150.4 -1.07956 -0.834166
150.5 -1.01403 -0.863756
150.6 -0.938973 -0.891367
150.7 -0.850991 -0.916684
150.8 -0.744882 -0.939276
150.9 -0.612371 -0.958521
151 -0.439907 -0.9735
151.1 -0.205179 -0.982794
151.2 0.125914 -0.984189
151.3 0.588086 -0.974428
151.4 1.15072 -0.949948
151.5 1.6381 -0.910112
151.6 1.90262 -0.859522
151.7 1.99896 -0.804084
151.8 2.02151 -0.747167
151.9 2.01727 -0.690076
152 2.00367 -0.633267
152.1 1.98671 -0.5769
152.2 1.9684 -0.521034
152.3 1.94941 -0.465696
152.4 1.92998 -0.410902
152.5 1.91018 -0.356661
152.6 1.89001 -0.302985
152.7 1.86947 -0.249884
152.8 1.84855 -0.197368
152.9 1.82721 -0.145449
153 1.80545 -0.0941392
153.1 1.78322 -0.0434506
153.2 1.7605 0.00660324
153.3 1.73725 0.0560078
153.4 1.71343 0.104748
153.5 1.689 0.152806
153.6 1.66392 0.200166
153.7 1.63812 0.246807
153.8 1.61154 0.292708
153.9 1.5841 0.337846
154 1.55572 0.382196
154.1 1.52631 0.425731
154.2 1.49574 0.468418
154.3 1.46387 0.510224
154.4 1.43054 0.551109
154.5 1.39554 0.59103
154.6 1.35862 0.629935
154.7 1.31949 0.667767
154.8 1.27774 0.704458
154.9 1.23287 0.739927
155 1.18424 0.774077
155.1 1.13098 0.80679
155.2 1.0719 0.837919
155.3 1.00533 0.867279
155.4 0.92889 0.894625
155.5 0.838999 0.919632
155.6 0.730158 0.941849
155.7 0.593584 0.960625
155.8 0.414861 0.974992
155.9 0.170312 0.98345
156 -0.175456 0.983664
156.1 -0.654275 0.97226
156.2 -1.21967 0.945811
156.3 -1.68336 0.904314
156.4 -1.92133 0.852841
156.5 -2.00436 0.797095
156.6 -2.0219 0.740111
156.7 -2.01591 0.68304
156.8 -2.0017 0.62628
156.9 -1.9845 0.569972
157 -1.96608 0.514171
157.1 -1.94703 0.458899
157.2 -1.92756 0.404172
157.3 -1.90771 0.350001
157.4 -1.8875 0.296395
157.5 -1.86691 0.243365
157.6 -1.84594 0.190923
157.7 -1.82455 0.139079
157.8 -1.80273 0.0878448
157.9 -1.78044 0.0372338
158 -1.75765 -0.0127406
158.1 -1.73434 -0.062064
158.2 -1.71045 -0.110721
158.3 -1.68594 -0.158694
158.4 -1.66077 -0.205966
158.5 -1.63488 -0.252516
158.6 -1.6082 -0.298325
158.7 -1.58065 -0.343367
158.8 -1.55215 -0.387618
158.9 -1.5226 -0.43105
159 -1.49187 -0.47363
159.1 -1.45983 -0.515324
159.2 -1.42631 -0.556093
159.3 -1.39109 -0.595891
159.4 -1.35392 -0.634667
159.5 -1.31448 -0.672362
159.6 -1.27237 -0.708907
159.7 -1.22709 -0.744218
159.8 -1.17794 -0.778197
159.9 -1.12403 -0.810724
160 -1.06412 -0.841646
160.1 -0.996486 -0.870771
160.2 -0.918605 -0.897848
160.3 -0.826721 -0.922538
160.4 -0.715017 -0.94437
160.5 -0.574167 -0.962663
160.6 -0.388827 -0.976394
160.7 -0.133907 -0.983981
160.8 0.227113 -0.982963
160.9 0.722034 -0.969859
161 1.28697 -0.941437
161.1 1.72483 -0.898362
161.2 1.9377 -0.846099
161.3 2.00883 -0.790088
161.4 2.02197 -0.733055
161.5 2.01444 -0.676008
161.6 1.99968 -0.619299
161.7 1.98227 -0.563052
161.8 1.96376 -0.507315
161.9 1.94465 -0.45211
162 1.92513 -0.397451
162.1 1.90523 -0.343349
162.2 1.88497 -0.289814
162.3 1.86434 -0.236856
162.4 1.84332 -0.184487
162.5 1.82188 -0.132718
162.6 1.8 -0.0815599
162.7 1.77765 -0.0310267
162.8 1.7548 0.0188681
162.9 1.73142 0.06811
163 1.70745 0.116683
163.1 1.68287 0.164571
163.2 1.65761 0.211755
163.3 1.63163 0.258215
163.4 1.60484 0.30393
163.5 1.57718 0.348876
163.6 1.54856 0.393027
163.7 1.51887 0.436355
163.8 1.48799 0.478828
163.9 1.45578 0.52041
164 1.42205 0.561062
164.1 1.38661 0.600737
164.2 1.34918 0.639383
164.3 1.30943 0.67694
164.4 1.26696 0.713337
164.5 1.22124 0.748489
164.6 1.17156 0.782296
164.7 1.11698 0.814633
164.8 1.05623 0.845345
164.9 0.987484 0.874232
165 0.908108 0.901035
165.1 0.814145 0.925401
165.2 0.699439 0.946838
165.3 0.554083 0.964631
165.4 0.361749 0.977704
165.5 0.0958856 0.984383
165.6 -0.280919 0.982077
165.7 -0.791109 0.967218
165.8 -1.35217 0.936832
165.9 -1.76258 0.892272
166 -1.95195 0.839304
166.1 -2.01248 0.783069
166.2 -2.02174 0.725999
166.3 -2.01286 0.668982
166.4 -1.99762 0.612326
166.5 -1.98003 0.55614
166.6 -1.96142 0.500467
166.7 -1.94226 0.445329
166.8 -1.92269 0.390739
166.9 -1.90275 0.336706
167 -1.88245 0.283242
167.1 -1.86177 0.230356
167.2 -1.84069 0.17806
167.3 -1.8192 0.126366
167.4 -1.79727 0.0752845
167.5 -1.77486 0.0248294
167.6 -1.75194 -0.0249856
167.7 -1.72849 -0.0741458
167.8 -1.70445 -0.122635
167.9 -1.67979 -0.170437
168 -1.65445 -0.217533
168.1 -1.62836 -0.263902
168.2 -1.60147 -0.309523
168.3 -1.5737 -0.354373
168.4 -1.54495 -0.398424
168.5 -1.51512 -0.441648
168.6 -1.48409 -0.484013
168.7 -1.4517 -0.525483
168.8 -1.41777 -0.566016
168.9 -1.3821 -0.605567
169 -1.3444 -0.644082
169.1 -1.30434 -0.681499
169.2 -1.26151 -0.717747
169.3 -1.21533 -0.75274
169.4 -1.1651 -0.786372
169.5 -1.10985 -0.818518
169.6 -1.04822 -0.849016
169.7 -0.97832 -0.877661
169.8 -0.897392 -0.904185
169.9 -0.801258 -0.928219
170 -0.683402 -0.94925
170.1 -0.533295 -0.966528
170.2 -0.333565 -0.978917
170.3 -0.0561665 -0.984648
170.4 0.336888 -0.981
170.5 0.861198 -0.964335
170.6 1.41484 -0.932004
170.7 1.79672 -0.886055
170.8 1.9643 -0.832463
170.9 2.0154 -0.776038
171 2.02126 -0.718945
171.1 2.0112 -0.661962
171.2 1.99554 -0.605359
171.3 1.97777 -0.549235
171.4 1.95908 -0.493628
171.5 1.93986 -0.438557
171.6 1.92024 -0.384035
171.7 1.90026 -0.330072
171.8 1.87991 -0.276678
171.9 1.85919 -0.223865
172 1.83806 -0.171643
172.1 1.81652 -0.120023
172.2 1.79452 -0.0690186
172.3 1.77206 -0.0186419
172.4 1.74908 0.0310931
172.5 1.72555 0.0801713
172.6 1.70144 0.128577
172.7 1.6767 0.176292
172.8 1.65127 0.223299
172.9 1.62509 0.269577
173 1.59809 0.315105
173.1 1.5702 0.359857
173.2 1.54133 0.403808
173.3 1.51136 0.446928
173.4 1.48016 0.489184
173.5 1.4476 0.53054
173.6 1.41347 0.570955
173.7 1.37756 0.610381
173.8 1.33959 0.648764
173.9 1.29921 0.686041
174 1.256 0.722139
174.1 1.20937 0.75697
174.2 1.15858 0.790426
174.3 1.10261 0.822377
174.4 1.04008 0.852659
174.5 0.968991 0.881059
174.6 0.886446 0.907297
174.7 0.788044 0.930992
174.8 0.66688 0.951606
174.9 0.511764 0.968352
175 0.304214 0.98003
175.1 0.0146704 0.984773
175.2 -0.395013 0.979723
175.3 -0.931946 0.961206
175.4 -1.4746 0.926962
175.5 -1.82739 0.879724
175.6 -1.97494 0.825583
175.7 -2.01769 0.768999
175.8 -2.02056 0.711892
175.9 -2.00946 0.654947
176 -1.99342 0.598401
176.1 -1.9755 0.542339
176.2 -1.95673 0.486797
176.3 -1.93746 0.431793
176.4 -1.9178 0.377339
176.5 -1.89777 0.323446
176.6 -1.87737 0.270124
176.7 -1.8566 0.217383
176.8 -1.83542 0.165234
176.9 -1.81382 0.11369
177 -1.79178 0.0627624
177.1 -1.76925 0.0124641
177.2 -1.7462 -0.0371906
177.3 -1.72261 -0.0861866
177.4 -1.69842 -0.134508
177.5 -1.67359 -0.182137
177.6 -1.64807 -0.229055
177.7 -1.6218 -0.275242
177.8 -1.5947 -0.320675
177.9 -1.56669 -0.365329
178 -1.53769 -0.409179
178.1 -1.50757 -0.452194
178.2 -1.47622 -0.494342
178.3 -1.44347 -0.535584
178.4 -1.40913 -0.575879
178.5 -1.37299 -0.615179
178.6 -1.33474 -0.653429
178.7 -1.29404 -0.690565
178.8 -1.25044 -0.726512
178.9 -1.20334 -0.761179
179 -1.15197 -0.794457
179.1 -1.09528 -0.826212
179.2 -1.03181 -0.856273
179.3 -0.959488 -0.884423
179.4 -0.875262 -0.91037
179.5 -0.774488 -0.933718
179.6 -0.64985 -0.953903
179.7 -0.489447 -0.970098
179.8 -0.273627 -0.981039
179.9 0.0286808 -0.984749
180 0.455258 -0.97824
180.1 1.00296 -0.957829
180.2 1.53112 -0.921717
180.3 1.8548 -0.873291
180.4 1.98406 -0.818668
180.5 2.01942 -0.761953
180.6 2.01967 -0.704843
180.7 2.00765 -0.647939
180.8 1.99128 -0.591449
180.9 1.97322 -0.53545
181 1.95438 -0.479974
181.1 1.93505 -0.425037
181.2 1.91534 -0.370652
181.3 1.89527 -0.316829
181.4 1.87483 -0.263578
181.5 1.85401 -0.21091
181.6 1.83278 -0.158835
181.7 1.81113 -0.107366
181.8 1.78902 -0.0565157
181.9 1.76643 -0.00629613
182 1.74332 0.043278
182.1 1.71965 0.0921916
182.2 1.69539 0.140428
182.3 1.67048 0.187971
182.4 1.64487 0.234799
182.5 1.6185 0.280894
182.6 1.59129 0.326233
182.7 1.56317 0.370789
182.8 1.53403 0.414538
182.9 1.50377 0.457448
183 1.47225 0.499485
183.1 1.43932 0.540613
183.2 1.40477 0.580788
183.3 1.36838 0.619961
183.4 1.32985 0.658078
183.5 1.28882 0.695071
183.6 1.24482 0.730865
183.7 1.19724 0.765366
183.8 1.14528 0.798464
183.9 1.08784 0.83002
184 1.02341 0.859859
184.1 0.949805 0.887754
184.2 0.863828 0.913404
184.3 0.760573 0.936396
184.4 0.632283 0.95614
184.5 0.4663 0.971766
184.6 0.241735 0.981938
184.7 -0.0739619 0.984571
184.8 -0.517552 0.976543
184.9 -1.07379 0.954205
185 -1.58416 0.91628
185.1 -1.87915 0.866767
185.2 -1.99183 0.811725
185.3 -2.02065 0.754902
185.4 -2.01861 0.697797
185.5 -2.00578 0.640937
185.6 -1.98911 0.584505
185.7 -1.97092 0.52857
185.8 -1.95201 0.473159
185.9 -1.93264 0.41829
186 -1.91288 0.363974
186.1 -1.89276 0.310221
186.2 -1.87228 0.257041
186.3 -1.85141 0.204446
186.4 -1.83013 0.152445
186.5 -1.80842 0.101052
186.6 -1.78626 0.0502786
186.7 -1.7636 0.000138007
186.8 -1.74043 -0.0493554
186.9 -1.71669 -0.0981863
187 -1.69235 -0.146338
187.1 -1.66736 -0.193793
187.2 -1.64166 -0.240533
187.3 -1.61518 -0.286535
187.4 -1.58787 -0.331779
187.5 -1.55963 -0.376237
187.6 -1.53036 -0.419884
187.7 -1.49995 -0.462688
187.8 -1.46827 -0.504615
187.9 -1.43514 -0.545627
188 -1.40038 -0.585681
188.1 -1.36375 -0.624728
188.2 -1.32493 -0.662709
188.3 -1.28356 -0.699558
188.4 -1.23915 -0.735198
188.5 -1.19108 -0.769533
188.6 -1.13851 -0.802448
188.7 -1.0803 -0.833802
188.8 -1.01487 -0.863414
188.9 -0.939936 -0.89105
189 -0.852134 -0.916397
189.1 -0.746282 -0.939024
189.2 -0.614152 -0.958315
189.3 -0.442275 -0.973351
189.4 -0.208466 -0.982724
189.5 0.121242 -0.984231
189.6 0.581788 -0.974625
189.7 1.14399 -0.950334
189.8 1.63353 -0.910663
189.9 1.90069 -0.860163
190 1.99839 -0.804758
190.1 2.02146 -0.747848
190.2 2.01739 -0.690756
190.3 2.00386 -0.633942
190.4 1.98692 -0.577569
190.5 1.96862 -0.521697
190.6 1.94964 -0.466353
190.7 1.93022 -0.411552
190.8 1.91042 -0.357304
190.9 1.89025 -0.303621
191 1.86972 -0.250513
191.1 1.8488 -0.197991
191.2 1.82747 -0.146065
191.3 1.80571 -0.0947474
191.4 1.78348 -0.0440512
191.5 1.76077 0.00601025
191.6 1.73753 0.0554227
191.7 1.71372 0.104171
191.8 1.6893 0.152237
191.9 1.66422 0.199605
192 1.63843 0.246255
192.1 1.61186 0.292165
192.2 1.58443 0.337313
192.3 1.55607 0.381672
192.4 1.52667 0.425217
192.5 1.49611 0.467914
192.6 1.46426 0.509731
192.7 1.43094 0.550627
192.8 1.39597 0.59056
192.9 1.35908 0.629477
193 1.31997 0.667323
193.1 1.27825 0.704028
193.2 1.23343 0.739511
193.3 1.18485 0.773678
193.4 1.13165 0.806409
193.5 1.07264 0.837558
193.6 1.00618 0.86694
193.7 0.929872 0.894312
193.8 0.840169 0.91935
193.9 0.731597 0.941603
194 0.595425 0.960425
194.1 0.417321 0.974851
194.2 0.173744 0.983392
194.3 -0.170582 0.983722
194.4 -0.647814 0.97248
194.5 -1.21307 0.946221
194.6 -1.67915 0.90488
194.7 -1.91963 0.853488
194.8 -2.00388 0.79777
194.9 -2.02188 0.740792
195 -2.01604 0.683719
195.1 -2.00189 0.626954
195.2 -1.98471 0.570641
195.3 -1.9663 0.514833
195.4 -1.94726 0.459555
195.5 -1.92779 0.404821
195.6 -1.90795 0.350643
195.7 -1.88774 0.297031
195.8 -1.86716 0.243994
195.9 -1.84619 0.191545
196 -1.82481 0.139693
196.1 -1.80299 0.088452
196.2 -1.78071 0.0378335
196.3 -1.75793 -0.0121486
196.4 -1.73462 -0.0614798
196.5 -1.71074 -0.110145
196.6 -1.68624 -0.158126
196.7 -1.66108 -0.205406
196.8 -1.63519 -0.251966
196.9 -1.60852 -0.297783
197 -1.58098 -0.342835
197.1 -1.5525 -0.387095
197.2 -1.52296 -0.430537
197.3 -1.49225 -0.473127
197.4 -1.46023 -0.514832
197.5 -1.42672 -0.555612
197.6 -1.39152 -0.595422
197.7 -1.35437 -0.634211
197.8 -1.31496 -0.671919
197.9 -1.27289 -0.708478
198 -1.22765 -0.743805
198.1 -1.17855 -0.777801
198.2 -1.1247 -0.810345
198.3 -1.06488 -0.841287
198.4 -0.997347 -0.870435
198.5 -0.919607 -0.897539
198.6 -0.827919 -0.92226
198.7 -0.716497 -0.944129
198.8 -0.57607 -0.962469
198.9 -0.391385 -0.976263
199 -0.137491 -0.983935
199.1 0.222033 -0.983038
199.2 0.715431 -0.970101
199.3 1.28056 -0.94187
199.4 1.72099 -0.898943
199.5 1.93621 -0.846752
199.6 2.00844 -0.790765
199.7 2.02197 -0.733736
199.8 2.01458 -0.676687
199.9 1.99988 -0.619973
200 1.98249 -0.56372
