0 2 0
0.1 1.83959 0.0518037
0.2 1.76124 0.100612
0.3 1.71288 0.147769
0.4 1.67689 0.193807
0.5 1.64616 0.238949
0.6 1.61754 0.28329
0.7 1.58953 0.326864
0.8 1.56138 0.369676
0.9 1.53265 0.411716
1 1.50305 0.452965
1.1 1.47238 0.493395
1.2 1.44042 0.532974
1.3 1.40698 0.571665
1.4 1.37181 0.609425
1.5 1.33465 0.646202
1.6 1.29513 0.681939
1.7 1.25283 0.716565
1.8 1.20718 0.749997
1.9 1.15744 0.782135
2 1.10261 0.812856
2.1 1.04129 0.842001
2.2 0.971501 0.869371
2.3 0.890328 0.894698
2.4 0.793317 0.917616
2.5 0.673418 0.937607
2.6 0.519063 0.953905
2.7 0.310832 0.965334
2.8 0.0169935 0.970029
2.9 -0.40438 0.965097
3 -0.960397 0.946775
3.1 -1.51191 0.912887
3.2 -1.85163 0.866566
3.3 -1.98419 0.814034
3.4 -2.0193 0.759469
3.5 -2.0193 0.704537
3.6 -2.00744 0.649807
3.7 -1.99151 0.595466
3.8 -1.97404 0.541583
3.9 -1.95588 0.488186
4 -1.93728 0.435289
4.1 -1.91833 0.382902
4.2 -1.89905 0.331034
4.3 -1.87943 0.279695
4.4 -1.85946 0.228894
4.5 -1.83912 0.17864
4.6 -1.81839 0.128944
4.7 -1.79725 0.0798177
4.8 -1.77566 0.0312715
4.9 -1.7536 -0.0166817
5 -1.73104 -0.0640288
5.1 -1.70794 -0.110756
5.2 -1.68426 -0.156847
5.3 -1.65994 -0.202286
5.4 -1.63495 -0.247055
5.5 -1.60922 -0.291136
5.6 -1.58268 -0.334506
5.7 -1.55524 -0.377143
5.8 -1.52683 -0.419021
5.9 -1.49732 -0.460113
6 -1.46659 -0.500387
6.1 -1.43449 -0.539807
6.2 -1.40082 -0.578334
6.3 -1.36537 -0.615923
6.4 -1.32785 -0.65252
6.5 -1.2879 -0.688066
6.6 -1.24507 -0.722489
6.7 -1.19877 -0.755702
6.8 -1.14823 -0.787601
6.9 -1.09238 -0.818058
7 -1.02975 -0.846909
7.1 -0.958227 -0.873943
7.2 -0.874666 -0.898878
7.3 -0.774263 -0.921327
7.4 -0.649349 -0.940737
7.5 -0.487273 -0.956285
7.6 -0.266782 -0.966696
7.7 0.0462855 -0.969951
7.8 0.493213 -0.962957
7.9 1.06386 -0.941957
8 1.58981 -0.90551
8.1 1.88643 -0.857666
8.2 1.99485 -0.804567
8.3 2.02085 -0.749864
8.4 2.01775 -0.694943
8.5 2.00484 -0.640272
8.6 1.98853 -0.586009
8.7 1.97091 -0.532209
8.8 1.95265 -0.478899
8.9 1.93399 -0.42609
9 1.91498 -0.373793
9.1 1.89565 -0.322017
9.2 1.87597 -0.270772
9.3 1.85593 -0.220065
9.4 1.83553 -0.169909
9.5 1.81473 -0.120312
9.6 1.79351 -0.0712855
9.7 1.77184 -0.0228421
9.8 1.7497 0.0250062
9.9 1.72704 0.0722458
10 1.70384 0.118863
10.1 1.68005 0.164841
10.2 1.65562 0.210164
10.3 1.63051 0.254815
10.4 1.60464 0.298772
10.5 1.57794 0.342016
10.6 1.55035 0.384522
10.7 1.52175 0.426265
10.8 1.49204 0.467216
10.9 1.46108 0.507343
11 1.42872 0.54661
11.1 1.39476 0.584977
11.2 1.35897 0.622396
11.3 1.32105 0.658815
11.4 1.28063 0.69417
11.5 1.23724 0.728387
11.6 1.19027 0.761379
11.7 1.13888 0.793036
11.8 1.08197 0.823225
11.9 1.01796 0.851775
12 0.944591 0.878464
12.1 0.858493 0.902997
12.2 0.754463 0.92496
12.3 0.62415 0.943764
12.4 0.453706 0.958521
12.5 0.219895 0.967854
12.6 -0.113804 0.969573
12.7 -0.586399 0.960393
12.8 -1.16622 0.936656
12.9 -1.65994 0.897781
13 -1.91547 0.848615
13.1 -2.00316 0.795057
13.2 -2.02158 0.740255
13.3 -2.01592 0.685357
13.4 -2.00214 0.630751
13.5 -1.98551 0.576566
13.6 -1.96775 0.522851
13.7 -1.94942 0.469627
13.8 -1.93069 0.416907
13.9 -1.91163 0.3647
14 -1.89223 0.313017
14.1 -1.87249 0.261865
14.2 -1.85239 0.211254
14.3 -1.83192 0.161194
14.4 -1.81105 0.111696
14.5 -1.78975 0.0627711
14.6 -1.768 0.0144308
14.7 -1.74577 -0.033312
14.8 -1.72303 -0.0804438
14.9 -1.69972 -0.12695
15 -1.67583 -0.172815
15.1 -1.65128 -0.218022
15.2 -1.62604 -0.262553
15.3 -1.60003 -0.306387
15.4 -1.57319 -0.349504
15.5 -1.54542 -0.391878
15.6 -1.51664 -0.433485
15.7 -1.48672 -0.474294
15.8 -1.45553 -0.514274
15.9 -1.4229 -0.553386
16 -1.38864 -0.591591
16.1 -1.3525 -0.628839
16.2 -1.31417 -0.665076
16.3 -1.27327 -0.700238
16.4 -1.22931 -0.734248
16.5 -1.18163 -0.767015
16.6 -1.12937 -0.798426
16.7 -1.07134 -0.828342
16.8 -1.00588 -0.856584
16.9 -0.93057 -0.88292
17 -0.84178 -0.907037
17.1 -0.733873 -0.928497
17.2 -0.597746 -0.946668
17.3 -0.418236 -0.960594
17.4 -0.169978 -0.968782
17.5 0.185708 -0.968863
17.6 0.683403 -0.957375
17.7 1.26587 -0.930874
17.8 1.72199 -0.889735
17.9 1.93942 -0.839438
18 2.00952 -0.785514
18.1 2.02165 -0.730645
18.2 2.01387 -0.675781
18.3 1.99937 -0.621242
18.4 1.98246 -0.567137
18.5 1.96458 -0.513507
18.6 1.94617 -0.46037
18.7 1.92738 -0.407739
18.8 1.90826 -0.355624
18.9 1.8888 -0.304032
19 1.869 -0.252974
19.1 1.84884 -0.202459
19.2 1.8283 -0.152497
19.3 1.80735 -0.103098
19.4 1.78598 -0.0542746
19.5 1.76415 -0.00603785
19.6 1.74183 0.0415991
19.7 1.71899 0.0886225
19.8 1.69559 0.135018
19.9 1.67158 0.180769
20 1.64692 0.225859
20.1 1.62155 0.270269
20.2 1.5954 0.31398
20.3 1.5684 0.356969
20.4 1.54046 0.399211
20.5 1.51149 0.44068
20.6 1.48136 0.481347
20.7 1.44993 0.521177
20.8 1.41703 0.560134
20.9 1.38246 0.598175
21 1.34596 0.635251
21.1 1.30722 0.671305
21.2 1.26582 0.706272
21.3 1.22126 0.740071
21.4 1.17285 0.77261
21.5 1.11968 0.80377
21.6 1.06049 0.833407
21.7 0.993505 0.861335
21.8 0.916142 0.887308
21.9 0.824489 0.910996
22 0.712434 0.931934
22.1 0.570041 0.949443
22.2 0.380701 0.962494
22.3 0.11679 0.969465
22.4 -0.262153 0.967801
22.5 -0.783559 0.953889
22.6 -1.36135 0.924628
22.7 -1.77608 0.881411
22.8 -1.95899 0.830159
22.9 -2.01423 0.775946
23 -2.02116 0.721036
23.1 -2.01163 0.666215
23.2 -1.99652 0.611747
23.3 -1.97939 0.557723
23.4 -1.96139 0.504178
23.5 -1.94291 0.451129
23.6 -1.92406 0.398588
23.7 -1.90488 0.346563
23.8 -1.88536 0.295064
23.9 -1.8655 0.2441
24 -1.84528 0.193681
24.1 -1.82467 0.143817
24.2 -1.80365 0.0945179
24.3 -1.7822 0.045796
24.4 -1.76028 -0.00233675
24.5 -1.73788 -0.0498674
24.6 -1.71494 -0.0967821
24.7 -1.69144 -0.143066
24.8 -1.66732 -0.188703
24.9 -1.64254 -0.233675
25 -1.61703 -0.277965
25.1 -1.59074 -0.321551
25.2 -1.56358 -0.364411
25.3 -1.53547 -0.40652
25.4 -1.50631 -0.447851
25.5 -1.47596 -0.488374
25.6 -1.44429 -0.528055
25.7 -1.41112 -0.566855
25.8 -1.37623 -0.60473
25.9 -1.33936 -0.641632
26 -1.30018 -0.677501
26.1 -1.25827 -0.712269
26.2 -1.21309 -0.745856
26.3 -1.16392 -0.778162
26.4 -1.1098 -0.809068
26.5 -1.0494 -0.838421
26.6 -0.980815 -0.866026
26.7 -0.901282 -0.891627
26.8 -0.806584 -0.914872
26.9 -0.690083 -0.935267
27 -0.540926 -0.952084
27.1 -0.340923 -0.964209
27.2 -0.0600827 -0.969887
27.3 0.343226 -0.966364
27.4 0.885974 -0.949921
27.5 1.45129 -0.917942
27.6 1.82257 -0.872845
27.7 1.97481 -0.820797
27.8 2.01759 -0.76636
27.9 2.02022 -0.711431
28 2.00924 -0.65666
28.1 1.99362 -0.602266
28.2 1.97628 -0.548323
28.3 1.95819 -0.494864
28.4 1.93964 -0.441904
28.5 1.92073 -0.389452
28.6 1.90149 -0.337519
28.7 1.88192 -0.286113
28.8 1.86199 -0.235243
28.9 1.8417 -0.18492
29 1.82102 -0.135154
29.1 1.79993 -0.0859553
29.2 1.7784 -0.0373355
29.3 1.7564 0.0106929
29.4 1.7339 0.0581169
29.5 1.71087 0.104922
29.6 1.68726 0.151094
29.7 1.66303 0.196616
29.8 1.63813 0.241471
29.9 1.61249 0.285639
30 1.58606 0.329099
30.1 1.55874 0.37183
30.2 1.53045 0.413805
30.3 1.50109 0.454997
30.4 1.47052 0.495375
30.5 1.4386 0.534905
30.6 1.40514 0.573546
30.7 1.36993 0.611256
30.8 1.33268 0.647981
30.9 1.29306 0.683663
31 1.25062 0.718231
31.1 1.2048 0.751601
31.2 1.15485 0.783672
31.3 1.09973 0.814318
31.4 1.03806 0.843381
31.5 0.967792 0.870657
31.6 0.885964 0.895874
31.7 0.788022 0.918662
31.8 0.66675 0.938491
31.9 0.510286 0.954582
32 0.29871 0.96573
32.1 -0.000395568 0.97003
32.2 -0.428913 0.964531
32.3 -0.989527 0.945462
32.4 -1.53458 0.910843
32.5 -1.86204 0.864073
32.6 -1.98744 0.81137
32.7 -2.01983 0.756761
32.8 -2.01889 0.701832
32.9 -2.00672 0.647117
33 -1.99067 0.592798
33.1 -1.97316 0.538939
33.2 -1.95497 0.485566
33.3 -1.93635 0.432694
33.4 -1.91739 0.380332
33.5 -1.89809 0.32849
33.6 -1.87846 0.277177
33.7 -1.85847 0.226403
33.8 -1.83811 0.176177
33.9 -1.81736 0.126509
34 -1.79619 0.0774103
34.1 -1.77459 0.028893
34.2 -1.7525 -0.0190307
34.3 -1.72992 -0.0663475
34.4 -1.70679 -0.113043
34.5 -1.68307 -0.159103
34.6 -1.65873 -0.204509
34.7 -1.6337 -0.249245
34.8 -1.60793 -0.293291
34.9 -1.58134 -0.336626
35 -1.55387 -0.379226
35.1 -1.5254 -0.421066
35.2 -1.49583 -0.462118
35.3 -1.46504 -0.502351
35.4 -1.43287 -0.541728
35.5 -1.39912 -0.58021
35.6 -1.36357 -0.617751
35.7 -1.32594 -0.654298
35.8 -1.28586 -0.689791
35.9 -1.24287 -0.724156
36 -1.19639 -0.757307
36.1 -1.14561 -0.789138
36.2 -1.08947 -0.81952
36.3 -1.02646 -0.848287
36.4 -0.95442 -0.875224
36.5 -0.870159 -0.900047
36.6 -0.768757 -0.922361
36.7 -0.642361 -0.941603
36.8 -0.477993 -0.956931
36.9 -0.253855 -0.967045
37 0.0648894 -0.969877
37.1 0.51907 -0.962279
37.2 1.0929 -0.940512
37.3 1.61039 -0.903365
37.4 1.89518 -0.855128
37.5 1.99741 -0.80189
37.6 2.02113 -0.747155
37.7 2.01726 -0.69224
37.8 2.00409 -0.637586
37.9 1.98768 -0.583345
38 1.97002 -0.529569
38.1 1.95174 -0.476283
38.2 1.93306 -0.423499
38.3 1.91404 -0.371228
38.4 1.89468 -0.319478
38.5 1.87499 -0.268259
38.6 1.85494 -0.217579
38.7 1.83451 -0.16745
38.8 1.81369 -0.117881
38.9 1.79245 -0.0688831
39 1.77076 -0.0204687
39.1 1.74859 0.0273498
39.2 1.72591 0.0745591
39.3 1.70268 0.121145
39.4 1.67886 0.167091
39.5 1.6544 0.212382
39.6 1.62925 0.256998
39.7 1.60334 0.300921
39.8 1.57661 0.344129
39.9 1.54896 0.386599
40 1.52031 0.428303
40.1 1.49054 0.469214
40.2 1.45952 0.5093
40.3 1.42708 0.548524
40.4 1.39304 0.586844
40.5 1.35715 0.624216
40.6 1.31912 0.660583
40.7 1.27856 0.695884
40.8 1.23502 0.730044
40.9 1.18784 0.762972
41 1.13622 0.79456
41.1 1.079 0.824673
41.2 1.01458 0.853136
41.3 0.940677 0.879727
41.4 0.853837 0.904144
41.5 0.74874 0.925967
41.6 0.616832 0.944595
41.7 0.443905 0.959123
41.8 0.206138 0.968139
41.9 -0.133625 0.969407
42 -0.613387 0.959588
42.1 -1.19466 0.935073
42.2 -1.67825 0.895543
42.3 -1.92271 0.846039
42.4 -2.00514 0.79237
42.5 -2.02166 0.737545
42.6 -2.01537 0.682656
42.7 -2.00137 0.628068
42.8 -1.98466 0.573906
42.9 -1.96686 0.520215
43 -1.9485 0.467015
43.1 -1.92976 0.414321
43.2 -1.91068 0.36214
43.3 -1.89126 0.310482
43.4 -1.87151 0.259356
43.5 -1.85139 0.208772
43.6 -1.8309 0.15874
43.7 -1.81001 0.10927
43.8 -1.78869 0.0603737
43.9 -1.76692 0.0120626
44 -1.74466 -0.0356504
44.1 -1.72189 -0.0827517
44.2 -1.69856 -0.129227
44.3 -1.67463 -0.17506
44.4 -1.65006 -0.220234
44.5 -1.62478 -0.264731
44.6 -1.59873 -0.30853
44.7 -1.57184 -0.351611
44.8 -1.54403 -0.393948
44.9 -1.51519 -0.435516
45 -1.48521 -0.476285
45.1 -1.45395 -0.516223
45.2 -1.42125 -0.555292
45.3 -1.3869 -0.59345
45.4 -1.35066 -0.63065
45.5 -1.31222 -0.666836
45.6 -1.27118 -0.701943
45.7 -1.22705 -0.735894
45.8 -1.17917 -0.768596
45.9 -1.12665 -0.799937
46 -1.0683 -0.829775
46.1 -1.00242 -0.857929
46.2 -0.926544 -0.884164
46.3 -0.836965 -0.908162
46.4 -0.727917 -0.929476
46.5 -0.590071 -0.947464
46.6 -0.40787 -0.961148
46.7 -0.155324 -0.969
46.8 0.206796 -0.9686
46.9 0.711357 -0.95644
47 1.29328 -0.929159
47.1 1.73804 -0.887415
47.2 1.94536 -0.836831
47.3 2.011 -0.782819
47.4 2.02156 -0.727935
47.5 2.01326 -0.673083
47.6 1.99857 -0.618564
47.7 1.9816 -0.564481
47.8 1.96368 -0.510875
47.9 1.94525 -0.457763
48 1.92645 -0.405158
48.1 1.90731 -0.353068
48.2 1.88783 -0.301502
48.3 1.86802 -0.250471
48.4 1.84784 -0.199982
48.5 1.82728 -0.150048
48.6 1.80631 -0.100677
48.7 1.78491 -0.0518822
48.8 1.76306 -0.0036748
48.9 1.74072 0.0439322
49 1.71785 0.0909251
49.1 1.69442 0.137289
49.2 1.67038 0.183008
49.3 1.64569 0.228065
49.4 1.62028 0.272441
49.5 1.59409 0.316117
49.6 1.56704 0.359069
49.7 1.53906 0.401274
49.8 1.51003 0.442705
49.9 1.47984 0.483331
50 1.44834 0.523119
50.1 1.41537 0.562032
50.2 1.38071 0.600026
50.3 1.34411 0.637053
50.4 1.30524 0.673055
50.5 1.2637 0.707966
50.6 1.21897 0.741706
50.7 1.17034 0.774179
50.8 1.11691 0.805268
50.9 1.05738 0.834826
51 0.98996 0.862664
51.1 0.911997 0.888533
51.2 0.819505 0.912098
51.3 0.706227 0.932884
51.4 0.561979 0.950202
51.5 0.369721 0.962996
51.6 0.101169 0.969611
51.7 -0.284541 0.967434
51.8 -0.812251 0.952819
51.9 -1.38732 0.922786
52 -1.78993 0.879019
52.1 -1.9638 0.827527
52.2 -2.01531 0.773245
52.3 -2.02094 0.718327
52.4 -2.01097 0.66352
52.5 -1.99571 0.609072
52.6 -1.97851 0.555071
52.7 -1.96049 0.50155
52.8 -1.94199 0.448527
52.9 -1.92312 0.39601
53 -1.90393 0.344012
53.1 -1.88439 0.292539
53.2 -1.86451 0.241602
53.3 -1.84427 0.191209
53.4 -1.82364 0.141373
53.5 -1.8026 0.0921019
53.6 -1.78113 0.0434088
53.7 -1.75919 -0.00469461
53.8 -1.73676 -0.0521952
53.9 -1.7138 -0.0990792
54 -1.69026 -0.145331
54.1 -1.66611 -0.190936
54.2 -1.6413 -0.235875
54.3 -1.61576 -0.280131
54.4 -1.58942 -0.323681
54.5 -1.56222 -0.366505
54.6 -1.53406 -0.408576
54.7 -1.50484 -0.449868
54.8 -1.47443 -0.490351
54.9 -1.44269 -0.529989
55 -1.40944 -0.568744
55.1 -1.37446 -0.606573
55.2 -1.33748 -0.643425
55.3 -1.29818 -0.679242
55.4 -1.25613 -0.713954
55.5 -1.21077 -0.74748
55.6 -1.16138 -0.77972
55.7 -1.10698 -0.810553
55.8 -1.04622 -0.839825
55.9 -0.977177 -0.867338
56 -0.89701 -0.892832
56.1 -0.801419 -0.91595
56.2 -0.683607 -0.936187
56.3 -0.532447 -0.952803
56.4 -0.329276 -0.964658
56.5 -0.0434236 -0.969956
56.6 0.366921 -0.965888
56.7 0.915109 -0.948713
56.8 1.47549 -0.915981
56.9 1.83438 -0.870391
57 1.97867 -0.818145
57.1 2.01833 -0.763654
57.2 2.01988 -0.708724
57.3 2.00854 -0.653968
57.4 1.99279 -0.599595
57.5 1.97541 -0.545676
57.6 1.95728 -0.492241
57.7 1.93871 -0.439305
57.8 1.91979 -0.386879
57.9 1.90053 -0.334972
58 1.88094 -0.283592
58.1 1.861 -0.232749
58.2 1.84069 -0.182453
58.3 1.81999 -0.132715
58.4 1.79888 -0.0835443
58.5 1.77732 -0.0349533
58.6 1.7553 0.0130456
58.7 1.73278 0.0604394
58.8 1.70972 0.107214
58.9 1.68608 0.153354
59 1.66182 0.198844
59.1 1.63688 0.243665
59.2 1.61121 0.287798
59.3 1.58473 0.331224
59.4 1.55737 0.373917
59.5 1.52903 0.415855
59.6 1.49961 0.457007
59.7 1.46898 0.497345
59.8 1.43699 0.536831
59.9 1.40345 0.575428
60 1.36814 0.61309
60.1 1.33079 0.649765
60.2 1.29104 0.685394
60.3 1.24845 0.719905
60.4 1.20244 0.753214
60.5 1.15226 0.785218
60.6 1.09686 0.815789
60.7 1.03481 0.84477
60.8 0.964058 0.871951
60.9 0.881558 0.897058
61 0.782664 0.919714
61.1 0.659984 0.93938
61.2 0.501355 0.95526
61.3 0.28634 0.966122
61.4 -0.0181626 0.970018
61.5 -0.45389 0.963939
61.6 -1.01875 0.944116
61.7 -1.55674 0.908771
61.8 -1.87199 0.861567
61.9 -1.99051 0.808702
62 -2.02028 0.754053
62.1 -2.01846 0.699126
62.2 -2.00599 0.644429
62.3 -1.98983 0.590131
62.4 -1.97228 0.536296
62.5 -1.95406 0.482947
62.6 -1.93543 0.4301
62.7 -1.91645 0.377764
62.8 -1.89713 0.325948
62.9 -1.87748 0.274661
63 -1.85748 0.223913
63.1 -1.8371 0.173714
63.2 -1.81633 0.124074
63.3 -1.79514 0.0750043
63.4 -1.77351 0.026516
63.5 -1.7514 -0.0213781
63.6 -1.72879 -0.0686647
63.7 -1.70563 -0.115329
63.8 -1.68189 -0.161357
63.9 -1.65751 -0.206731
64 -1.63245 -0.251433
64.1 -1.60664 -0.295445
64.2 -1.58001 -0.338744
64.3 -1.55249 -0.381307
64.4 -1.52397 -0.423109
64.5 -1.49435 -0.464121
64.6 -1.46349 -0.504313
64.7 -1.43124 -0.543647
64.8 -1.39741 -0.582083
64.9 -1.36177 -0.619577
65 -1.32402 -0.656074
65.1 -1.28381 -0.691512
65.2 -1.24067 -0.72582
65.3 -1.19399 -0.758908
65.4 -1.14298 -0.790671
65.5 -1.08654 -0.820978
65.6 -1.02314 -0.84966
65.7 -0.950583 -0.8765
65.8 -0.865611 -0.90121
65.9 -0.763192 -0.923387
66 -0.635282 -0.942459
66.1 -0.46857 -0.957565
66.2 -0.240701 -0.967376
66.3 0.0838306 -0.969777
66.4 0.545259 -0.961566
66.5 1.12182 -0.939027
66.6 1.63034 -0.901192
66.7 1.90348 -0.852579
66.8 1.9998 -0.799209
66.9 2.02135 -0.744446
67 2.01675 -0.689537
67.1 2.00333 -0.634901
67.2 1.98683 -0.580682
67.3 1.96913 -0.52693
67.4 1.95083 -0.473668
67.5 1.93213 -0.42091
67.6 1.91309 -0.368664
67.7 1.89372 -0.31694
67.8 1.87401 -0.265747
67.9 1.85394 -0.215094
68 1.83349 -0.164992
68.1 1.81265 -0.115451
68.2 1.79139 -0.0664821
68.3 1.76968 -0.0180968
68.4 1.74748 0.029692
68.5 1.72478 0.0768709
68.6 1.70152 0.123425
68.7 1.67767 0.16934
68.8 1.65318 0.214598
68.9 1.62799 0.259181
69 1.60204 0.303069
69.1 1.57526 0.346241
69.2 1.54757 0.388673
69.3 1.51887 0.430339
69.4 1.48904 0.471211
69.5 1.45796 0.511254
69.6 1.42545 0.550435
69.7 1.39132 0.58871
69.8 1.35533 0.626033
69.9 1.31718 0.66235
70 1.27649 0.697596
70.1 1.23278 0.731697
70.2 1.18541 0.764562
70.3 1.13354 0.796081
70.4 1.076 0.826116
70.5 1.01119 0.854494
70.6 0.936733 0.880985
70.7 0.849137 0.905285
70.8 0.742953 0.926967
70.9 0.609415 0.945417
71 0.433949 0.959711
71.1 0.192135 0.968406
71.2 -0.153799 0.969215
71.3 -0.640667 0.958748
71.4 -1.22284 0.933453
71.5 -1.69592 0.89328
71.6 -1.92956 0.843454
71.7 -2.00697 0.78968
71.8 -2.02169 0.734836
71.9 -2.01479 0.679956
72 -2.00059 0.625387
72.1 -1.9838 0.571247
72.2 -1.96596 0.51758
72.3 -1.94759 0.464405
72.4 -1.92883 0.411736
72.5 -1.90973 0.35958
72.6 -1.8903 0.307948
72.7 -1.87052 0.256849
72.8 -1.85039 0.206292
72.9 -1.82988 0.156288
73 -1.80897 0.106846
73.1 -1.78763 0.0579778
73.2 -1.76583 0.00969584
73.3 -1.74355 -0.0379873
73.4 -1.72075 -0.0850581
73.5 -1.6974 -0.131502
73.6 -1.67344 -0.177303
73.7 -1.64883 -0.222444
73.8 -1.62351 -0.266907
73.9 -1.59742 -0.310671
74 -1.57049 -0.353716
74.1 -1.54263 -0.396016
74.2 -1.51374 -0.437545
74.3 -1.4837 -0.478274
74.4 -1.45238 -0.51817
74.5 -1.4196 -0.557195
74.6 -1.38516 -0.595307
74.7 -1.34882 -0.632459
74.8 -1.31026 -0.668593
74.9 -1.26908 -0.703645
75 -1.22478 -0.737537
75.1 -1.17669 -0.770175
75.2 -1.12392 -0.801445
75.3 -1.06525 -0.831204
75.4 -0.998941 -0.85927
75.5 -0.922486 -0.885403
75.6 -0.832103 -0.90928
75.7 -0.721892 -0.930448
75.8 -0.58229 -0.948249
75.9 -0.397336 -0.961687
76 -0.140404 -0.969198
76.1 0.228249 -0.968309
76.2 0.739545 -0.955468
76.3 1.32032 -0.927408
76.4 1.75345 -0.885073
76.5 1.95095 -0.834217
76.6 2.01236 -0.780121
76.7 2.02144 -0.725226
76.8 2.01263 -0.670386
76.9 1.99777 -0.615886
77 1.98073 -0.561827
77.1 1.96278 -0.508244
77.2 1.94433 -0.455157
77.3 1.92551 -0.402577
77.4 1.90635 -0.350513
77.5 1.88687 -0.298973
77.6 1.86703 -0.247968
77.7 1.84683 -0.197507
77.8 1.82625 -0.1476
77.9 1.80527 -0.0982577
78 1.78385 -0.0494914
78.1 1.76197 -0.00131322
78.2 1.7396 0.0462639
78.3 1.71671 0.093226
78.4 1.69325 0.139559
78.5 1.66918 0.185245
78.6 1.64445 0.230269
78.7 1.619 0.274611
78.8 1.59278 0.318252
78.9 1.56569 0.361168
79 1.53765 0.403335
79.1 1.50857 0.444727
79.2 1.47832 0.485313
79.3 1.44676 0.525059
79.4 1.4137 0.563927
79.5 1.37895 0.601875
79.6 1.34225 0.638853
79.7 1.30326 0.674803
79.8 1.26157 0.709658
79.9 1.21667 0.743338
80 1.16783 0.775746
80.1 1.11413 0.806763
80.2 1.05426 0.836241
80.3 0.986389 0.863988
80.4 0.907817 0.889752
80.5 0.814471 0.913192
80.6 0.699947 0.933827
80.7 0.553804 0.950949
80.8 0.358558 0.963484
80.9 0.0852622 0.969736
81 -0.307298 0.967038
81.1 -0.841099 0.951711
81.2 -1.41283 0.92091
81.3 -1.80319 0.876608
81.4 -1.96833 0.824889
81.5 -2.01628 0.770542
81.6 -2.02068 0.715619
81.7 -2.0103 0.660826
81.8 -1.99489 0.606399
81.9 -1.97764 0.552421
82 -1.95958 0.498924
82.1 -1.94106 0.445925
82.2 -1.92218 0.393434
82.3 -1.90297 0.341461
82.4 -1.88342 0.290015
82.5 -1.86352 0.239104
82.6 -1.84326 0.188739
82.7 -1.82261 0.13893
82.8 -1.80155 0.0896873
82.9 -1.78006 0.041023
83 -1.7581 -0.00705101
83.1 -1.73564 -0.0545216
83.2 -1.71265 -0.101375
83.3 -1.68909 -0.147595
83.4 -1.66491 -0.193168
83.5 -1.64005 -0.238074
83.6 -1.61448 -0.282295
83.7 -1.5881 -0.32581
83.8 -1.56086 -0.368597
83.9 -1.53265 -0.410631
84 -1.50337 -0.451884
84.1 -1.4729 -0.492325
84.2 -1.44109 -0.531921
84.3 -1.40776 -0.570632
84.4 -1.37268 -0.608414
84.5 -1.3356 -0.645216
84.6 -1.29618 -0.68098
84.7 -1.25397 -0.715635
84.8 -1.20843 -0.7491
84.9 -1.15882 -0.781274
85 -1.10415 -0.812034
85.1 -1.04303 -0.841224
85.2 -0.973513 -0.868645
85.3 -0.892702 -0.894031
85.4 -0.796201 -0.91702
85.5 -0.677051 -0.937099
85.6 -0.523844 -0.95351
85.7 -0.317432 -0.965092
85.8 -0.0264591 -0.970003
85.9 0.390983 -0.96538
86 0.944307 -0.947467
86.1 1.49914 -0.913988
86.2 1.84565 -0.867922
86.3 1.98229 -0.815488
86.4 2.01898 -0.760948
86.5 2.01951 -0.706017
86.6 2.00783 -0.651277
86.7 1.99196 -0.596925
86.8 1.97453 -0.54303
86.9 1.95637 -0.489619
87 1.93779 -0.436708
87.1 1.91885 -0.384307
87.2 1.89958 -0.332426
87.3 1.87997 -0.281072
87.4 1.86001 -0.230256
87.5 1.83968 -0.179988
87.6 1.81896 -0.130277
87.7 1.79782 -0.0811346
87.8 1.77625 -0.0325726
87.9 1.7542 0.0153968
88 1.73166 0.0627604
88.1 1.70857 0.109504
88.2 1.6849 0.155613
88.3 1.66061 0.20107
88.4 1.63564 0.245857
88.5 1.60992 0.289956
88.6 1.5834 0.333346
88.7 1.55599 0.376003
88.8 1.52761 0.417902
88.9 1.49813 0.459016
89 1.46744 0.499312
89.1 1.43537 0.538756
89.2 1.40175 0.577307
89.3 1.36635 0.614922
89.4 1.32889 0.651547
89.5 1.28901 0.687122
89.6 1.24627 0.721576
89.7 1.20007 0.754823
89.8 1.14966 0.78676
89.9 1.09397 0.817257
90 1.03155 0.846154
90.1 0.960296 0.87324
90.2 0.877113 0.898236
90.3 0.777248 0.920759
90.4 0.653133 0.94026
90.5 0.492288 0.955926
90.6 0.273755 0.966498
90.7 -0.0362543 0.969982
90.8 -0.479218 0.963314
90.9 -1.04793 0.942731
91 -1.57829 0.90667
91.1 -1.88146 0.859048
91.2 -1.99336 0.80603
91.3 -2.02066 0.751345
91.4 -2.01801 0.696422
91.5 -2.00525 0.641741
91.6 -1.98899 0.587466
91.7 -1.97139 0.533654
91.8 -1.95315 0.48033
91.9 -1.9345 0.427507
92 -1.9155 0.375196
92.1 -1.89617 0.323406
92.2 -1.8765 0.272146
92.3 -1.85648 0.221425
92.4 -1.83608 0.171254
92.5 -1.81529 0.121641
92.6 -1.79408 0.0725997
92.7 -1.77243 0.0241404
92.8 -1.7503 -0.0237241
92.9 -1.72766 -0.0709803
93 -1.70447 -0.117614
93.1 -1.6807 -0.16361
93.2 -1.65629 -0.208951
93.3 -1.63119 -0.25362
93.4 -1.60535 -0.297596
93.5 -1.57868 -0.34086
93.6 -1.5511 -0.383386
93.7 -1.52253 -0.42515
93.8 -1.49285 -0.466123
93.9 -1.46193 -0.506272
94 -1.42961 -0.545563
94.1 -1.3957 -0.583955
94.2 -1.35996 -0.6214
94.3 -1.3221 -0.657846
94.4 -1.28176 -0.693231
94.5 -1.23846 -0.72748
94.6 -1.19159 -0.760506
94.7 -1.14034 -0.792201
94.8 -1.08359 -0.822432
94.9 -1.0198 -0.851028
95 -0.946717 -0.877772
95.1 -0.861021 -0.902367
95.2 -0.757566 -0.924406
95.3 -0.628111 -0.943305
95.4 -0.459001 -0.958187
95.5 -0.227314 -0.96769
95.6 0.103114 -0.969652
95.7 0.571771 -0.960817
95.8 1.15058 -0.937504
95.9 1.64965 -0.898994
96 1.91134 -0.850019
96.1 2.00202 -0.796526
96.2 2.02152 -0.741736
96.3 2.01622 -0.686835
96.4 2.00256 -0.632218
96.5 1.98598 -0.57802
96.6 1.96824 -0.524292
96.7 1.94992 -0.471055
96.8 1.9312 -0.418322
96.9 1.91215 -0.366101
97 1.89276 -0.314403
97.1 1.87303 -0.263237
97.2 1.85294 -0.212611
97.3 1.83248 -0.162536
97.4 1.81161 -0.113023
97.5 1.79033 -0.0640825
97.6 1.76859 -0.0157263
97.7 1.74638 0.0320328
97.8 1.72365 0.0791812
97.9 1.70036 0.125704
98 1.67648 0.171587
98.1 1.65195 0.216812
98.2 1.62673 0.261361
98.3 1.60074 0.305215
98.4 1.57392 0.348351
98.5 1.54618 0.390746
98.6 1.51743 0.432373
98.7 1.48754 0.473205
98.8 1.45639 0.513207
98.9 1.4238 0.552343
99 1.38959 0.590573
99.1 1.3535 0.627848
99.2 1.31524 0.664113
99.3 1.27441 0.699305
99.4 1.23054 0.733347
99.5 1.18297 0.766149
99.6 1.13085 0.797598
99.7 1.07299 0.827556
99.8 1.00776 0.855846
99.9 0.932757 0.882238
100 0.844393 0.906419
100.1 0.737101 0.927958
100.2 0.601899 0.946228
100.3 0.423835 0.960286
100.4 0.17788 0.968654
100.5 -0.17433 0.968995
100.6 -0.668224 0.957871
100.7 -1.25075 0.931796
100.8 -1.71295 0.890995
100.9 -1.93603 0.84086
101 -2.00865 0.786987
101.1 -2.02168 0.732126
101.2 -2.0142 0.677257
101.3 -1.9998 0.622707
101.4 -1.98293 0.568589
101.5 -1.96507 0.514946
101.6 -1.94667 0.461796
101.7 -1.92789 0.409152
101.8 -1.90878 0.357022
101.9 -1.88933 0.305416
102 -1.86954 0.254344
102.1 -1.84939 0.203814
102.2 -1.82886 0.153836
102.3 -1.80792 0.104423
102.4 -1.78656 0.0555832
102.5 -1.76474 0.00733053
102.6 -1.74244 -0.0403228
102.7 -1.71961 -0.0873629
102.8 -1.69623 -0.133775
102.9 -1.67224 -0.179544
103 -1.64759 -0.224652
103.1 -1.62224 -0.269081
103.2 -1.59611 -0.312811
103.3 -1.56914 -0.355819
103.4 -1.54123 -0.398082
103.5 -1.51229 -0.439573
103.6 -1.48219 -0.480261
103.7 -1.4508 -0.520115
103.8 -1.41794 -0.559096
103.9 -1.38342 -0.597162
104 -1.34697 -0.634265
104.1 -1.30829 -0.670347
104.2 -1.26697 -0.705344
104.3 -1.2225 -0.739176
104.4 -1.17421 -0.77175
104.5 -1.12118 -0.802949
104.6 -1.06218 -0.83263
104.7 -0.995434 -0.860606
104.8 -0.918393 -0.886636
104.9 -0.827194 -0.910391
105 -0.715797 -0.931411
105.1 -0.574401 -0.949024
105.2 -0.386629 -0.962212
105.3 -0.125213 -0.969376
105.4 0.250067 -0.967988
105.5 0.767947 -0.954458
105.6 1.34696 -0.92562
105.7 1.76825 -0.882711
105.8 1.95623 -0.831595
105.9 2.0136 -0.777422
106 2.02127 -0.722517
106.1 2.01199 -0.667689
106.2 1.99696 -0.61321
106.3 1.97986 -0.559173
106.4 1.96188 -0.505615
106.5 1.94341 -0.452553
106.6 1.92457 -0.399998
106.7 1.9054 -0.347959
106.8 1.8859 -0.296446
106.9 1.86604 -0.245467
107 1.84583 -0.195033
107.1 1.82523 -0.145154
107.2 1.80422 -0.0958395
107.3 1.78278 -0.0471019
107.4 1.76088 0.00104691
107.5 1.73849 0.048594
107.6 1.71557 0.0955255
107.7 1.69208 0.141826
107.8 1.66798 0.187481
107.9 1.64321 0.232472
108 1.61773 0.27678
108.1 1.59146 0.320385
108.2 1.56433 0.363265
108.3 1.53625 0.405395
108.4 1.50711 0.446747
108.5 1.4768 0.487292
108.6 1.44516 0.526996
108.7 1.41203 0.56582
108.8 1.37719 0.603722
108.9 1.34038 0.64065
109 1.30127 0.676548
109.1 1.25944 0.711347
109.2 1.21436 0.744966
109.3 1.16531 0.777309
109.4 1.11133 0.808254
109.5 1.05112 0.837651
109.6 0.982792 0.865307
109.7 0.903602 0.890966
109.8 0.809386 0.91428
109.9 0.693591 0.93476
110 0.545511 0.951686
110.1 0.347209 0.963957
110.2 0.0690644 0.969839
110.3 -0.330425 0.966611
110.4 -0.870081 0.950564
110.5 -1.43783 0.919
110.6 -1.81588 0.87418
110.7 -1.97259 0.822245
110.8 -2.01715 0.767839
110.9 -2.02039 0.712911
111 -2.00962 0.658132
111.1 -1.99407 0.603726
111.2 -1.97676 0.549772
111.3 -1.95868 0.496299
111.4 -1.94014 0.443325
111.5 -1.92124 0.390859
111.6 -1.90201 0.338912
111.7 -1.88245 0.287492
111.8 -1.86253 0.236608
111.9 -1.84225 0.18627
112 -1.82158 0.136488
112.1 -1.8005 0.0872741
112.2 -1.77898 0.0386386
112.3 -1.757 -0.00940594
112.4 -1.73452 -0.0568464
112.5 -1.7115 -0.103669
112.6 -1.68791 -0.149858
112.7 -1.6637 -0.195398
112.8 -1.63881 -0.24027
112.9 -1.61319 -0.284457
113 -1.58678 -0.327937
113.1 -1.55949 -0.370687
113.2 -1.53123 -0.412683
113.3 -1.5019 -0.453897
113.4 -1.47136 -0.494298
113.5 -1.43948 -0.53385
113.6 -1.40607 -0.572517
113.7 -1.37091 -0.610252
113.8 -1.33372 -0.647004
113.9 -1.29416 -0.682715
114 -1.25181 -0.717314
114.1 -1.20609 -0.750718
114.2 -1.15625 -0.782825
114.3 -1.1013 -0.813512
114.4 -1.03982 -0.84262
114.5 -0.969822 -0.869947
114.6 -0.888356 -0.895224
114.7 -0.790928 -0.918083
114.8 -0.670414 -0.938002
114.9 -0.515114 -0.954207
115 -0.305385 -0.965509
115.1 -0.00918367 -0.970027
115.2 0.415406 -0.96484
115.3 0.973539 -0.946182
115.4 1.52221 -0.911963
115.5 1.85639 -0.865438
115.6 1.98568 -0.812827
115.7 2.01955 -0.758242
115.8 2.01912 -0.703311
115.9 2.00712 -0.648587
116 1.99113 -0.594257
116.1 1.97364 -0.540385
116.2 1.95547 -0.486998
116.3 1.93686 -0.434112
116.4 1.91791 -0.381737
116.5 1.89862 -0.329881
116.6 1.87899 -0.278554
116.7 1.85901 -0.227765
116.8 1.83867 -0.177523
116.9 1.81793 -0.12784
117 1.79677 -0.0787265
117.1 1.77517 -0.0301934
117.2 1.75311 0.0177465
117.3 1.73053 0.0650799
117.4 1.70742 0.111793
117.5 1.68372 0.157869
117.6 1.65939 0.203294
117.7 1.63439 0.248048
117.8 1.60863 0.292113
117.9 1.58207 0.335467
118 1.55462 0.378087
118.1 1.52618 0.419948
118.2 1.49665 0.461022
118.3 1.46589 0.501277
118.4 1.43375 0.540678
118.5 1.40005 0.579184
118.6 1.36456 0.616752
118.7 1.32698 0.653327
118.8 1.28697 0.688848
118.9 1.24407 0.723245
119 1.19769 0.75643
119.1 1.14705 0.788298
119.2 1.09107 0.818721
119.3 1.02826 0.847534
119.4 0.956505 0.874524
119.5 0.872629 0.899409
119.6 0.771775 0.921797
119.7 0.646193 0.941131
119.8 0.483084 0.956579
119.9 0.260951 0.966856
120 -0.0546757 0.969921
120.1 -0.50489 0.962654
120.2 -1.07704 0.941307
120.3 -1.59921 0.904541
120.4 -1.89045 0.856517
120.5 -1.99603 0.803354
120.6 -2.02098 0.748636
120.7 -2.01753 0.693718
120.8 -2.0045 0.639055
120.9 -1.98815 0.584801
121 -1.9705 0.531013
121.1 -1.95224 0.477713
121.2 -1.93357 0.424916
121.3 -1.91456 0.37263
121.4 -1.89521 0.320866
121.5 -1.87552 0.269632
121.6 -1.85548 0.218938
121.7 -1.83507 0.168794
121.8 -1.81426 0.11921
121.9 -1.79303 0.0701965
122 -1.77135 0.0217662
122.1 -1.74919 -0.0260685
122.2 -1.72653 -0.0732944
122.3 -1.70332 -0.119897
122.4 -1.67951 -0.165861
122.5 -1.65507 -0.21117
122.6 -1.62994 -0.255805
122.7 -1.60405 -0.299747
122.8 -1.57734 -0.342974
122.9 -1.54972 -0.385464
123 -1.5211 -0.427189
123.1 -1.49136 -0.468122
123.2 -1.46037 -0.50823
123.3 -1.42798 -0.547478
123.4 -1.39398 -0.585824
123.5 -1.35814 -0.623221
123.6 -1.32017 -0.659617
123.7 -1.27969 -0.694947
123.8 -1.23623 -0.729138
123.9 -1.18917 -0.762101
124 -1.13768 -0.793727
124.1 -1.08062 -0.823881
124.2 -1.01643 -0.852392
124.3 -0.942821 -0.879037
124.4 -0.856389 -0.903517
124.5 -0.751877 -0.925418
124.6 -0.620845 -0.944142
124.7 -0.449283 -0.958796
124.8 -0.21369 -0.967985
124.9 0.122744 -0.969501
125 0.598594 -0.960033
125.1 1.17914 -0.935943
125.2 1.66832 -0.896769
125.3 1.9188 -0.847448
125.4 2.00408 -0.79384
125.5 2.02163 -0.739027
125.6 2.01567 -0.684133
125.7 2.00179 -0.629535
125.8 1.98512 -0.57536
125.9 1.96735 -0.521656
126 1.949 -0.468443
126.1 1.93027 -0.415735
126.2 1.9112 -0.36354
126.3 1.89179 -0.311868
126.4 1.87204 -0.260728
126.5 1.85194 -0.210129
126.6 1.83146 -0.160082
126.7 1.81058 -0.110596
126.8 1.78927 -0.0616844
126.9 1.76751 -0.0133573
127 1.74527 0.034372
127.1 1.72251 0.0814899
127.2 1.6992 0.127982
127.3 1.67529 0.173833
127.4 1.65073 0.219025
127.5 1.62547 0.26354
127.6 1.59944 0.307359
127.7 1.57258 0.350459
127.8 1.54479 0.392817
127.9 1.51598 0.434406
128 1.48604 0.475197
128.1 1.45482 0.515157
128.2 1.42216 0.55425
128.3 1.38785 0.592434
128.4 1.35167 0.62966
128.5 1.31329 0.665874
128.6 1.27232 0.701011
128.7 1.22828 0.734995
128.8 1.18051 0.767732
128.9 1.12814 0.799111
129 1.06997 0.828992
129.1 1.00432 0.857194
129.2 0.928749 0.883485
129.3 0.839603 0.907547
129.4 0.731182 0.928942
129.5 0.594281 0.94703
129.6 0.413559 0.960847
129.7 0.163369 0.968883
129.8 -0.19522 0.968747
129.9 -0.696042 0.956956
130 -1.27834 0.930101
130.1 -1.72934 0.888686
130.2 -1.94216 0.838257
130.3 -2.0102 0.784293
130.4 -2.02162 0.729417
130.5 -2.0136 0.674558
130.6 -1.99901 0.620028
130.7 -1.98207 0.565933
130.8 -1.96417 0.512314
130.9 -1.94575 0.459189
131 -1.92696 0.406569
131.1 -1.90783 0.354465
131.2 -1.88836 0.302885
131.3 -1.86856 0.251839
131.4 -1.84839 0.201336
131.5 -1.82784 0.151387
131.6 -1.80688 0.102001
131.7 -1.7855 0.0531901
131.8 -1.76366 0.00496668
131.9 -1.74133 -0.0426567
132 -1.71847 -0.0896663
132.1 -1.69506 -0.136047
132.2 -1.67104 -0.181784
132.3 -1.64636 -0.226859
132.4 -1.62097 -0.271254
132.5 -1.5948 -0.314949
132.6 -1.56779 -0.357921
132.7 -1.53983 -0.400146
132.8 -1.51083 -0.441598
132.9 -1.48067 -0.482246
133 -1.44921 -0.522058
133.1 -1.41628 -0.560995
133.2 -1.38167 -0.599015
133.3 -1.34512 -0.636068
133.4 -1.30632 -0.672099
133.5 -1.26486 -0.70704
133.6 -1.22022 -0.740813
133.7 -1.17171 -0.773321
133.8 -1.11842 -0.80445
133.9 -1.05908 -0.834051
134 -0.991902 -0.861938
134.1 -0.914267 -0.887864
134.2 -0.822237 -0.911496
134.3 -0.70963 -0.932366
134.4 -0.566401 -0.949788
134.5 -0.375747 -0.962723
134.6 -0.109745 -0.969533
134.7 0.272254 -0.967638
134.8 0.796542 -0.953409
134.9 1.37318 -0.923798
135 1.78243 -0.880329
135.1 1.96121 -0.828967
135.2 2.01473 -0.774722
135.3 2.02106 -0.719808
135.4 2.01134 -0.664993
135.5 1.99615 -0.610535
135.6 1.97899 -0.556521
135.7 1.96098 -0.502987
135.8 1.94249 -0.449949
135.9 1.92364 -0.39742
136 1.90445 -0.345407
136.1 1.88492 -0.29392
136.2 1.86505 -0.242968
136.3 1.84482 -0.192561
136.4 1.8242 -0.142709
136.5 1.80317 -0.0934228
136.6 1.78171 -0.0447139
136.7 1.75979 0.00340557
136.8 1.73737 0.0509226
136.9 1.71442 0.0978234
137 1.6909 0.144093
137.1 1.66677 0.189715
137.2 1.64197 0.234673
137.3 1.61645 0.278947
137.4 1.59014 0.322517
137.5 1.56297 0.36536
137.6 1.53483 0.407452
137.7 1.50564 0.448766
137.8 1.47527 0.48927
137.9 1.44356 0.528931
138 1.41036 0.567711
138.1 1.37543 0.605566
138.2 1.33851 0.642445
138.3 1.29927 0.67829
138.4 1.2573 0.713033
138.5 1.21204 0.746592
138.6 1.16277 0.778869
138.7 1.10852 0.809741
138.8 1.04796 0.839057
138.9 0.979169 0.866621
139 0.89935 0.892174
139.1 0.80425 0.915361
139.2 0.687157 0.935685
139.3 0.537099 0.952411
139.4 0.335669 0.964415
139.5 0.0525699 0.969921
139.6 -0.35392 0.966152
139.7 -0.899169 0.949378
139.8 -1.46233 0.917057
139.9 -1.82799 0.871735
140 -1.97659 0.819596
140.1 -2.01794 0.765134
140.2 -2.02007 0.710204
140.3 -2.00893 0.65544
140.4 -1.99325 0.601055
140.5 -1.97589 0.547123
140.6 -1.95778 0.493675
140.7 -1.93922 0.440726
140.8 -1.9203 0.388286
140.9 -1.90106 0.336364
141 -1.88148 0.28497
141.1 -1.86154 0.234113
141.2 -1.84124 0.183802
141.3 -1.82055 0.134048
141.4 -1.79945 0.0848624
141.5 -1.77791 0.0362557
141.6 -1.7559 -0.0117594
141.7 -1.7334 -0.0591697
141.8 -1.71035 -0.105961
141.9 -1.68673 -0.152119
142 -1.66249 -0.197626
142.1 -1.63757 -0.242465
142.2 -1.61191 -0.286618
142.3 -1.58546 -0.330062
142.4 -1.55812 -0.372776
142.5 -1.52981 -0.414734
142.6 -1.50042 -0.455908
142.7 -1.46982 -0.496268
142.8 -1.43787 -0.535778
142.9 -1.40438 -0.574399
143 -1.36912 -0.612087
143.1 -1.33183 -0.64879
143.2 -1.29215 -0.684448
143.3 -1.24964 -0.71899
143.4 -1.20373 -0.752332
143.5 -1.15367 -0.784373
143.6 -1.09843 -0.814985
143.7 -1.03659 -0.844011
143.8 -0.966103 -0.871244
143.9 -0.883972 -0.896411
144 -0.785601 -0.919139
144.1 -0.663694 -0.938895
144.2 -0.506255 -0.954891
144.3 -0.29313 -0.96591
144.4 0.00840812 -0.970028
144.5 0.440189 -0.964267
144.6 1.00278 -0.944857
144.7 1.5447 -0.909908
144.8 1.86661 -0.862939
144.9 1.98886 -0.810161
145 2.02004 -0.755534
145.1 2.0187 -0.700605
145.2 2.00639 -0.645899
145.3 1.99029 -0.591589
145.4 1.97276 -0.537741
145.5 1.95456 -0.484379
145.6 1.93593 -0.431518
145.7 1.91696 -0.379168
145.8 1.89766 -0.327338
145.9 1.87801 -0.276037
146 1.85802 -0.225274
146.1 1.83765 -0.17506
146.2 1.81689 -0.125405
146.3 1.79572 -0.0763197
146.4 1.7741 -0.0278155
146.5 1.752 0.0200948
146.6 1.72941 0.0673979
146.7 1.70626 0.11408
146.8 1.68254 0.160125
146.9 1.65818 0.205516
147 1.63313 0.250237
147.1 1.60734 0.294267
147.2 1.58074 0.337586
147.3 1.55324 0.380169
147.4 1.52475 0.421992
147.5 1.49516 0.463026
147.6 1.46434 0.50324
147.7 1.43213 0.542598
147.8 1.39835 0.581059
147.9 1.36275 0.618579
148 1.32507 0.655103
148.1 1.28493 0.690571
148.2 1.24187 0.72491
148.3 1.1953 0.758033
148.4 1.14442 0.789834
148.5 1.08814 0.820181
148.6 1.02496 0.848909
148.7 0.952685 0.875803
148.8 0.868103 0.900575
148.9 0.766243 0.922827
149 0.639164 0.941992
149.1 0.47374 0.95722
149.2 0.247922 0.967197
149.3 -0.0734319 0.969835
149.4 -0.530899 0.96196
149.5 -1.10603 0.939844
149.6 -1.61951 0.902383
149.7 -1.89899 0.853974
149.8 -1.99851 0.800675
149.9 -2.02124 0.745927
150 -2.01703 0.691015
150.1 -2.00375 0.636369
150.2 -1.9873 0.582138
150.3 -1.96961 0.528373
150.4 -1.95133 0.475098
150.5 -1.93264 0.422326
150.6 -1.91361 0.370066
150.7 -1.89425 0.318328
150.8 -1.87454 0.26712
150.9 -1.85448 0.216453
151 -1.83405 0.166336
151.1 -1.81322 0.116779
151.2 -1.79197 0.0677947
151.3 -1.77027 0.0193935
151.4 -1.74809 -0.0284116
151.5 -1.7254 -0.0756071
151.6 -1.70216 -0.122179
151.7 -1.67832 -0.168111
151.8 -1.65385 -0.213386
151.9 -1.62868 -0.257988
152 -1.60275 -0.301895
152.1 -1.576 -0.345087
152.2 -1.54833 -0.387539
152.3 -1.51966 -0.429226
152.4 -1.48986 -0.470119
152.5 -1.45881 -0.510186
152.6 -1.42634 -0.54939
152.7 -1.39226 -0.58769
152.8 -1.35632 -0.62504
152.9 -1.31824 -0.661384
153 -1.27763 -0.69666
153.1 -1.234 -0.730793
153.2 -1.18674 -0.763693
153.3 -1.13501 -0.79525
153.4 -1.07764 -0.825327
153.5 -1.01305 -0.853752
153.6 -0.938894 -0.880298
153.7 -0.851713 -0.904662
153.8 -0.746126 -0.926421
153.9 -0.613483 -0.944969
154 -0.439412 -0.959391
154.1 -0.199822 -0.968262
154.2 0.142725 -0.969323
154.3 0.625716 -0.959212
154.4 1.20746 -0.934344
154.5 1.68634 -0.89452
154.6 1.92586 -0.844868
154.7 2.00598 -0.791151
154.8 2.02168 -0.736317
154.9 2.01511 -0.681432
155 2.00101 -0.626853
155.1 1.98427 -0.572701
155.2 1.96645 -0.51902
155.3 1.94809 -0.465832
155.4 1.92934 -0.413149
155.5 1.91025 -0.36098
155.6 1.89083 -0.309334
155.7 1.87106 -0.25822
155.8 1.85094 -0.207648
155.9 1.83044 -0.157628
156 1.80954 -0.108171
156.1 1.78821 -0.0592876
156.2 1.76643 -0.0109897
156.3 1.74416 0.0367097
156.4 1.72137 0.0837972
156.5 1.69803 0.130258
156.6 1.67409 0.176076
156.7 1.6495 0.221236
156.8 1.6242 0.265717
156.9 1.59814 0.309501
157 1.57123 0.352565
157.1 1.54339 0.394886
157.2 1.51453 0.436436
157.3 1.48453 0.477187
157.4 1.45324 0.517105
157.5 1.4205 0.556155
157.6 1.38612 0.594292
157.7 1.34983 0.63147
157.8 1.31133 0.667633
157.9 1.27023 0.702715
158 1.22602 0.736639
158.1 1.17805 0.769312
158.2 1.12542 0.800621
158.3 1.06692 0.830423
158.4 1.00085 0.858538
158.5 0.924709 0.884726
158.6 0.834767 0.908669
158.7 0.725195 0.929918
158.8 0.586558 0.947821
158.9 0.403117 0.961394
159 0.148595 0.969092
159.1 -0.216474 0.968472
159.2 -0.724105 0.956004
159.3 -1.30558 0.92837
159.4 -1.7451 0.886356
159.5 -1.94793 0.835647
159.6 -2.01163 0.781596
159.7 -2.02151 0.726707
159.8 -2.01298 0.67186
159.9 -1.99821 0.61735
160 -1.98121 0.563278
160.1 -1.96327 0.509683
160.2 -1.94483 0.456582
160.3 -1.92602 0.403988
160.4 -1.90688 0.351909
160.5 -1.88739 0.300356
160.6 -1.86757 0.249336
160.7 -1.84738 0.19886
160.8 -1.82681 0.148938
160.9 -1.80584 0.0995805
161 -1.78443 0.0507985
161.1 -1.76257 0.0026043
161.2 -1.74021 -0.0449892
161.3 -1.71733 -0.0919681
161.4 -1.69389 -0.138318
161.5 -1.66984 -0.184022
161.6 -1.64513 -0.229064
161.7 -1.6197 -0.273425
161.8 -1.59349 -0.317085
161.9 -1.56643 -0.360021
162 -1.53842 -0.402208
162.1 -1.50937 -0.443621
162.2 -1.47915 -0.484229
162.3 -1.44762 -0.523998
162.4 -1.41462 -0.562891
162.5 -1.37992 -0.600865
162.6 -1.34326 -0.637869
162.7 -1.30434 -0.673848
162.8 -1.26274 -0.708733
162.9 -1.21792 -0.742446
163 -1.16921 -0.77489
163.1 -1.11565 -0.805946
163.2 -1.05597 -0.835468
163.3 -0.988345 -0.863264
163.4 -0.910107 -0.889086
163.5 -0.81723 -0.912595
163.6 -0.70339 -0.933312
163.7 -0.558288 -0.950542
163.8 -0.364685 -0.963219
163.9 -0.0939954 -0.96967
164 0.294809 -0.967259
164.1 0.825307 -0.952322
164.2 1.39894 -0.92194
164.3 1.79602 -0.877928
164.4 1.96589 -0.826332
164.5 2.01576 -0.77202
164.6 2.02082 -0.7171
164.7 2.01067 -0.662299
164.8 1.99534 -0.60786
164.9 1.97812 -0.55387
165 1.96008 -0.50036
165.1 1.94157 -0.447347
165.2 1.9227 -0.394843
165.3 1.90349 -0.342855
165.4 1.88395 -0.291395
165.5 1.86407 -0.240469
165.6 1.84381 -0.19009
165.7 1.82317 -0.140265
165.8 1.80212 -0.0910074
165.9 1.78064 -0.0423273
166 1.75869 0.00576277
166.1 1.73625 0.0532498
166.2 1.71328 0.10012
166.3 1.68973 0.146358
166.4 1.66557 0.191948
166.5 1.64073 0.236872
166.6 1.61518 0.281112
166.7 1.58882 0.324646
166.8 1.5616 0.367453
166.9 1.53342 0.409508
167 1.50417 0.450782
167.1 1.47374 0.491246
167.2 1.44196 0.530865
167.3 1.40868 0.5696
167.4 1.37365 0.607408
167.5 1.33663 0.644237
167.6 1.29727 0.68003
167.7 1.25515 0.714716
167.8 1.20971 0.748214
167.9 1.16022 0.780425
168 1.1057 0.811225
168.1 1.04478 0.840459
168.2 0.97552 0.867931
168.3 0.895062 0.893376
168.4 0.799061 0.916436
168.5 0.680646 0.936602
168.6 0.528564 0.953125
168.7 0.323933 0.964857
168.8 0.0357731 0.96998
168.9 -0.377781 0.965662
169 -0.928336 0.948153
169.1 -1.48628 0.915081
169.2 -1.83955 0.869274
169.3 -1.98034 0.816942
169.4 -2.01863 0.762428
169.5 -2.01972 0.707497
169.6 -2.00822 0.652749
169.7 -1.99242 0.598385
169.8 -1.97501 0.544477
169.9 -1.95687 0.491053
170 -1.93829 0.438128
170.1 -1.91936 0.385713
170.2 -1.9001 0.333818
170.3 -1.8805 0.28245
170.4 -1.86055 0.231619
170.5 -1.84023 0.181336
170.6 -1.81952 0.13161
170.7 -1.7984 0.082452
170.8 -1.77684 0.0338742
170.9 -1.75481 -0.0141114
171 -1.73227 -0.0614915
171.1 -1.7092 -0.108252
171.2 -1.68555 -0.154378
171.3 -1.66127 -0.199853
171.4 -1.63632 -0.244659
171.5 -1.61063 -0.288777
171.6 -1.58413 -0.332186
171.7 -1.55675 -0.374863
171.8 -1.52839 -0.416783
171.9 -1.49894 -0.457918
172 -1.46828 -0.498236
172.1 -1.43626 -0.537704
172.2 -1.40268 -0.57628
172.3 -1.36733 -0.613921
172.4 -1.32993 -0.650573
172.5 -1.29012 -0.686178
172.6 -1.24746 -0.720663
172.7 -1.20137 -0.753944
172.8 -1.15108 -0.785917
172.9 -1.09555 -0.816455
173 -1.03334 -0.845398
173.1 -0.962356 -0.872536
173.2 -0.879549 -0.897593
173.3 -0.780216 -0.920188
173.4 -0.65689 -0.93978
173.5 -0.497262 -0.955563
173.6 -0.280663 -0.966295
173.7 0.0263216 -0.970004
173.8 0.465326 -0.96366
173.9 1.03198 -0.943493
174 1.56658 -0.907823
174.1 1.87634 -0.860427
174.2 1.99183 -0.807491
174.3 2.02046 -0.752826
174.4 2.01826 -0.697901
174.5 2.00565 -0.643211
174.6 1.98945 -0.588923
174.7 1.97188 -0.535098
174.8 1.95365 -0.481761
174.9 1.93501 -0.428925
175 1.91602 -0.3766
175.1 1.8967 -0.324796
175.2 1.87704 -0.273521
175.3 1.85702 -0.222786
175.4 1.83664 -0.172599
175.5 1.81586 -0.122971
175.6 1.79466 -0.0739143
175.7 1.77302 -0.0254391
175.8 1.7509 0.0224415
175.9 1.72828 0.0697144
176 1.70511 0.116365
176.1 1.68135 0.162378
176.2 1.65696 0.207737
176.3 1.63188 0.252424
176.4 1.60605 0.29642
176.5 1.57941 0.339703
176.6 1.55186 0.382249
176.7 1.52332 0.424034
176.8 1.49367 0.465029
176.9 1.46278 0.505201
177 1.4305 0.544516
177.1 1.39664 0.582932
177.2 1.36095 0.620403
177.3 1.32315 0.656877
177.4 1.28288 0.692292
177.5 1.23967 0.726573
177.6 1.1929 0.759633
177.7 1.14178 0.791365
177.8 1.0852 0.821637
177.9 1.02163 0.850281
178 0.948835 0.877077
178.1 0.863536 0.901735
178.2 0.76065 0.92385
178.3 0.632044 0.942843
178.4 0.464251 0.957849
178.5 0.234663 0.967521
178.6 -0.0925276 0.969724
178.7 -0.557236 0.961231
178.8 -1.13488 0.938342
178.9 -1.63917 0.900199
179 -1.90709 0.85142
179.1 -2.00083 0.797994
179.2 -2.02143 0.743218
179.3 -2.01651 0.688312
179.4 -2.00298 0.633685
179.5 -1.98645 0.579476
179.6 -1.96872 0.525734
179.7 -1.95042 0.472484
179.8 -1.93171 0.419737
179.9 -1.91266 0.367502
180 -1.89328 0.31579
180.1 -1.87356 0.264609
180.2 -1.85349 0.213969
180.3 -1.83303 0.163879
180.4 -1.81218 0.114351
180.5 -1.79091 0.0653944
180.6 -1.76919 0.0170223
180.7 -1.74698 -0.0307531
180.8 -1.72427 -0.0779182
180.9 -1.701 -0.124459
181 -1.67713 -0.170359
181.1 -1.65262 -0.215601
181.2 -1.62742 -0.260169
181.3 -1.60145 -0.304042
181.4 -1.57466 -0.347197
181.5 -1.54694 -0.389613
181.6 -1.51822 -0.431261
181.7 -1.48836 -0.472115
181.8 -1.45724 -0.51214
181.9 -1.4247 -0.5513
182 -1.39053 -0.589555
182.1 -1.3545 -0.626856
182.2 -1.3163 -0.663149
182.3 -1.27555 -0.698371
182.4 -1.23176 -0.732445
182.5 -1.18431 -0.765282
182.6 -1.13232 -0.796769
182.7 -1.07464 -0.826769
182.8 -1.00964 -0.855107
182.9 -0.934935 -0.881553
183 -0.846993 -0.9058
183.1 -0.740309 -0.927417
183.2 -0.606021 -0.945786
183.3 -0.429385 -0.959973
183.4 -0.185706 -0.968521
183.5 0.16306 -0.969119
183.6 0.653123 -0.958355
183.7 1.23553 -0.932707
183.8 1.70372 -0.892247
183.9 1.93254 -0.842279
184 2.00775 -0.78846
184.1 2.02169 -0.733608
184.2 2.01453 -0.678733
184.3 2.00023 -0.624172
184.4 1.98341 -0.570042
184.5 1.96556 -0.516386
184.6 1.94717 -0.463223
184.7 1.9284 -0.410564
184.8 1.9093 -0.358421
184.9 1.88986 -0.306801
185 1.87008 -0.255714
185.1 1.84994 -0.205169
185.2 1.82942 -0.155177
185.3 1.80849 -0.105747
185.4 1.78714 -0.0568923
185.5 1.76534 -0.00862365
185.6 1.74305 0.039046
185.7 1.72024 0.0861029
185.8 1.69687 0.132532
185.9 1.67289 0.178319
186 1.64827 0.223445
186.1 1.62293 0.267892
186.2 1.59683 0.311641
186.3 1.56988 0.354669
186.4 1.54199 0.396953
186.5 1.51308 0.438464
186.6 1.48302 0.479175
186.7 1.45166 0.519052
186.8 1.41885 0.558057
186.9 1.38437 0.596148
187 1.34798 0.633277
187.1 1.30937 0.669388
187.2 1.26813 0.704415
187.3 1.22375 0.73828
187.4 1.17557 0.770889
187.5 1.12268 0.802127
187.6 1.06386 0.831851
187.7 0.997354 0.859876
187.8 0.920635 0.885963
187.9 0.829884 0.909784
188 0.719138 0.930885
188.1 0.578728 0.948601
188.2 0.392505 0.961927
188.3 0.133553 0.969281
188.4 -0.238092 0.968167
188.5 -0.752392 0.955015
188.6 -1.33244 0.926602
188.7 -1.76023 0.884005
188.8 -1.95339 0.83303
188.9 -2.01294 0.778898
189 -2.02136 0.723998
189.1 -2.01234 0.669163
189.2 -1.99741 0.614673
189.3 -1.98034 0.560624
189.4 -1.96237 0.507053
189.5 -1.94391 0.453977
189.6 -1.92509 0.401408
189.7 -1.90592 0.349355
189.8 -1.88643 0.297828
189.9 -1.86658 0.246835
190 -1.84638 0.196386
190.1 -1.82579 0.146491
190.2 -1.80479 0.0971615
190.3 -1.78336 0.0484082
190.4 -1.76148 0.000243373
190.5 -1.7391 -0.0473201
190.6 -1.71619 -0.0942684
190.7 -1.69272 -0.140587
190.8 -1.66864 -0.186259
190.9 -1.64389 -0.231268
191 -1.61843 -0.275594
191.1 -1.59218 -0.319219
191.2 -1.56507 -0.362118
191.3 -1.53702 -0.404269
191.4 -1.50791 -0.445643
191.5 -1.47763 -0.48621
191.6 -1.44603 -0.525937
191.7 -1.41295 -0.564786
191.8 -1.37816 -0.602712
191.9 -1.3414 -0.639668
192 -1.30236 -0.675594
192.1 -1.26061 -0.710424
192.2 -1.21562 -0.744076
192.3 -1.16669 -0.776455
192.4 -1.11286 -0.807439
192.5 -1.05284 -0.83688
192.6 -0.984762 -0.864586
192.7 -0.905911 -0.890303
192.8 -0.812173 -0.913686
192.9 -0.697075 -0.934251
193 -0.55006 -0.951284
193.1 -0.353438 -0.963701
193.2 -0.0779574 -0.969785
193.3 0.317734 -0.966848
193.4 0.854219 -0.951196
193.5 1.42422 -0.920049
193.6 1.80901 -0.87551
193.7 1.97029 -0.823692
193.8 2.01669 -0.769317
193.9 2.02055 -0.714392
194 2.00999 -0.659605
194.1 1.99452 -0.605187
194.2 1.97724 -0.55122
194.3 1.95918 -0.497734
194.4 1.94065 -0.444746
194.5 1.92176 -0.392267
194.6 1.90254 -0.340306
194.7 1.88298 -0.288871
194.8 1.86308 -0.237972
194.9 1.8428 -0.18762
195 1.82215 -0.137823
195.1 1.80108 -0.0885934
195.2 1.77957 -0.0399421
195.3 1.7576 0.0081185
195.4 1.73513 0.0555754
195.5 1.71213 0.102415
195.6 1.68855 0.148621
195.7 1.66436 0.194178
195.8 1.63949 0.239069
195.9 1.6139 0.283275
196 1.5875 0.326774
196.1 1.56024 0.369545
196.2 1.532 0.411561
196.3 1.5027 0.452796
196.4 1.4722 0.493219
196.5 1.44036 0.532796
196.6 1.40699 0.571486
196.7 1.37188 0.609247
196.8 1.33475 0.646027
196.9 1.29526 0.681767
197 1.25299 0.716397
197.1 1.20737 0.749834
197.2 1.15766 0.781978
197.3 1.10286 0.812704
197.4 1.04158 0.841857
197.5 0.971844 0.869236
197.6 0.890737 0.894572
197.7 0.793818 0.917503
197.8 0.674053 0.937509
197.9 0.519903 0.953827
198 0.311997 0.965283
198.1 0.0186683 0.970017
198.2 -0.402007 0.965139
198.3 -0.957553 0.946889
198.4 -1.50967 0.913074
198.5 -1.85058 0.866798
198.6 -1.98385 0.814283
198.7 -2.01925 0.759722
198.8 -2.01934 0.704791
198.9 -2.00751 0.650058
199 -1.99159 0.595716
199.1 -1.97413 0.541831
199.2 -1.95596 0.488431
199.3 -1.93737 0.435532
199.4 -1.91842 0.383142
199.5 -1.89914 0.331272
199.6 -1.87953 0.279931
199.7 -1.85956 0.229127
199.8 -1.83922 0.178871
199.9 -1.81849 0.129172
200 -1.79735 0.080043
