0 2 0
0.1 1.83634 0.049835
0.2 1.75872 0.0967738
0.3 1.71176 0.142155
0.4 1.67717 0.186494
0.5 1.64775 0.230007
0.6 1.62035 0.27278
0.7 1.59354 0.314847
0.8 1.56657 0.35621
0.9 1.53906 0.396861
1 1.51073 0.436782
1.1 1.48141 0.475949
1.2 1.45091 0.514333
1.3 1.41904 0.551901
1.4 1.38562 0.588615
1.5 1.35038 0.624431
1.6 1.31303 0.659297
1.7 1.27319 0.693154
1.8 1.2304 0.725931
1.9 1.18401 0.757542
2 1.13319 0.787882
2.1 1.0768 0.816822
2.2 1.01321 0.844197
2.3 0.940092 0.869787
2.4 0.853906 0.893303
2.5 0.749146 0.914333
2.6 0.616854 0.932287
2.7 0.441936 0.946261
2.8 0.198637 0.954835
2.9 -0.153829 0.955714
3 -0.656078 0.945449
3.1 -1.25546 0.92043
3.2 -1.72554 0.880856
3.3 -1.94332 0.832272
3.4 -2.01061 0.780253
3.5 -2.02123 0.727386
3.6 -2.01308 0.674551
3.7 -1.99877 0.622029
3.8 -1.98233 0.569917
3.9 -1.96503 0.518248
4 -1.94727 0.467039
4.1 -1.92916 0.416299
4.2 -1.91075 0.366038
4.3 -1.89203 0.316262
4.4 -1.87299 0.266981
4.5 -1.85362 0.218202
4.6 -1.8339 0.169935
4.7 -1.81381 0.122189
4.8 -1.79332 0.0749742
4.9 -1.77242 0.0283011
5 -1.75107 -0.017819
5.1 -1.72924 -0.0633741
5.2 -1.70691 -0.108351
5.3 -1.68403 -0.152737
5.4 -1.66055 -0.196515
5.5 -1.63644 -0.239671
5.6 -1.61164 -0.282187
5.7 -1.58607 -0.324044
5.8 -1.55968 -0.365221
5.9 -1.53238 -0.405695
6 -1.50406 -0.445441
6.1 -1.47462 -0.484432
6.2 -1.44391 -0.522636
6.3 -1.41177 -0.560017
6.4 -1.37799 -0.596536
6.5 -1.34234 -0.632147
6.6 -1.30449 -0.666797
6.7 -1.26407 -0.700423
6.8 -1.22055 -0.732952
6.9 -1.17328 -0.764293
7 -1.12135 -0.794339
7.1 -1.06355 -0.822952
7.2 -0.99811 -0.849956
7.3 -0.922484 -0.875121
7.4 -0.832795 -0.898132
7.5 -0.722935 -0.918548
7.6 -0.582888 -0.935721
7.7 -0.395682 -0.948658
7.8 -0.13249 -0.955781
7.9 0.250302 -0.954554
8 0.784651 -0.941314
8.1 1.37833 -0.912872
8.2 1.79298 -0.870747
8.3 1.96655 -0.821039
8.4 2.01583 -0.768699
8.5 2.02039 -0.715795
8.6 2.01026 -0.663014
8.7 1.99529 -0.610578
8.8 1.9786 -0.55856
8.9 1.96117 -0.506991
9 1.94333 -0.455884
9.1 1.92516 -0.405248
9.2 1.90668 -0.355093
9.3 1.88789 -0.305425
9.4 1.86878 -0.256253
9.5 1.84933 -0.207585
9.6 1.82953 -0.159432
9.7 1.80936 -0.111801
9.8 1.78878 -0.064704
9.9 1.76778 -0.018151
10 1.74633 0.0278464
10.1 1.7244 0.0732761
10.2 1.70194 0.118125
10.3 1.67894 0.162379
10.4 1.65533 0.206022
10.5 1.63107 0.24904
10.6 1.6061 0.291413
10.7 1.58037 0.333122
10.8 1.55378 0.374147
10.9 1.52626 0.414464
11 1.49771 0.454048
11.1 1.468 0.492869
11.2 1.437 0.530895
11.3 1.40452 0.568092
11.4 1.37035 0.604416
11.5 1.33425 0.639821
11.6 1.29588 0.674252
11.7 1.25482 0.707645
11.8 1.21054 0.739922
11.9 1.16234 0.77099
12 1.10925 0.800735
12.1 1.04994 0.829012
12.2 0.982525 0.855635
12.3 0.90421 0.880358
12.4 0.810728 0.902844
12.5 0.695295 0.922614
12.6 0.546694 0.93896
12.7 0.34583 0.950786
12.8 0.0605871 0.956338
12.9 -0.354538 0.952824
13 -0.917053 0.936434
13.1 -1.49165 0.904637
13.2 -1.84813 0.860284
13.3 -1.98413 0.809693
13.4 -2.0191 0.757123
13.5 -2.01891 0.704212
13.6 -2.00723 0.651495
13.7 -1.99173 0.599146
13.8 -1.97483 0.547225
13.9 -1.9573 0.495757
14 -1.93938 0.444752
14.1 -1.92114 0.394221
14.2 -1.90259 0.344171
14.3 -1.88373 0.294611
14.4 -1.86455 0.245549
14.5 -1.84503 0.196993
14.6 -1.82515 0.148953
14.7 -1.80488 0.101439
14.8 -1.78422 0.0544598
14.9 -1.76312 0.00802754
15 -1.74157 -0.0378466
15.1 -1.71952 -0.0831501
15.2 -1.69695 -0.12787
15.3 -1.67382 -0.171991
15.4 -1.65007 -0.215499
15.5 -1.62566 -0.258377
15.6 -1.60053 -0.300606
15.7 -1.57462 -0.342168
15.8 -1.54784 -0.38304
15.9 -1.5201 -0.423199
16 -1.49131 -0.462618
16.1 -1.46133 -0.501267
16.2 -1.43001 -0.539115
16.3 -1.39719 -0.576124
16.4 -1.36262 -0.612252
16.5 -1.32605 -0.647449
16.6 -1.28713 -0.681658
16.7 -1.24542 -0.714813
16.8 -1.20035 -0.746834
16.9 -1.15117 -0.777623
17 -1.09684 -0.80706
17.1 -1.03595 -0.834992
17.2 -0.966423 -0.861223
17.3 -0.885218 -0.885489
17.4 -0.787624 -0.907427
17.5 -0.666092 -0.926519
17.6 -0.508042 -0.941986
17.7 -0.291996 -0.952617
17.8 0.0175893 -0.956465
17.9 0.466474 -0.950473
18 1.05075 -0.930789
18.1 1.59316 -0.895784
18.2 1.89233 -0.849533
18.3 1.99717 -0.798261
18.4 2.02083 -0.745534
18.5 2.01693 -0.692639
18.6 2.00403 -0.639994
18.7 1.9881 -0.587736
18.8 1.97103 -0.535912
18.9 1.9534 -0.484544
19 1.93541 -0.433642
19.1 1.9171 -0.383216
19.2 1.89849 -0.333273
19.3 1.87956 -0.283821
19.4 1.8603 -0.234869
19.5 1.8407 -0.186426
19.6 1.82074 -0.1385
19.7 1.80039 -0.091102
19.8 1.77963 -0.0442419
19.9 1.75844 0.00206918
20 1.73678 0.0478194
20.1 1.71463 0.0929962
20.2 1.69194 0.137586
20.3 1.66867 0.181575
20.4 1.64478 0.224946
20.5 1.62022 0.267683
20.6 1.59493 0.309768
20.7 1.56883 0.351181
20.8 1.54185 0.391898
20.9 1.51389 0.431897
21 1.48485 0.471151
21.1 1.45459 0.509628
21.2 1.42296 0.547295
21.3 1.38977 0.584115
21.4 1.35479 0.620043
21.5 1.31774 0.655029
21.6 1.27825 0.689013
21.7 1.23586 0.721928
21.8 1.18996 0.753687
21.9 1.13975 0.784192
22 1.08413 0.813313
22.1 1.02154 0.840892
22.2 0.949767 0.866717
22.3 0.86545 0.890509
22.4 0.763389 0.911875
22.5 0.63517 0.93025
22.6 0.466663 0.944782
22.7 0.233735 0.954127
22.8 -0.102566 0.956124
22.9 -0.585709 0.947458
23 -1.18275 0.924381
23.1 -1.68153 0.886383
23.2 -1.92716 0.838557
23.3 -2.00659 0.786769
23.4 -2.02136 0.73394
23.5 -2.01456 0.681079
23.6 -2.0007 0.628511
23.7 -1.98443 0.576346
23.8 -1.9672 0.524621
23.9 -1.94949 0.473354
24 -1.93142 0.422556
24.1 -1.91305 0.372235
24.2 -1.89437 0.322398
24.3 -1.87537 0.273055
24.4 -1.85604 0.224214
24.5 -1.83636 0.175883
24.6 -1.81632 0.128072
24.7 -1.79588 0.080791
24.8 -1.77503 0.0340502
24.9 -1.75374 -0.012139
25 -1.73197 -0.0577647
25.1 -1.7097 -0.102814
25.2 -1.68689 -0.147274
25.3 -1.66349 -0.191128
25.4 -1.63946 -0.234362
25.5 -1.61475 -0.276958
25.6 -1.58928 -0.318898
25.7 -1.563 -0.36016
25.8 -1.53581 -0.400722
25.9 -1.50763 -0.44056
26 -1.47833 -0.479646
26.1 -1.44778 -0.517949
26.2 -1.41583 -0.555434
26.3 -1.38227 -0.592063
26.4 -1.34687 -0.627789
26.5 -1.30931 -0.662561
26.6 -1.26923 -0.696317
26.7 -1.22613 -0.728986
26.8 -1.17936 -0.760481
26.9 -1.12807 -0.790694
27 -1.07108 -0.819492
27.1 -1.0067 -0.846707
27.2 -0.932515 -0.872114
27.3 -0.844842 -0.895413
27.4 -0.737921 -0.91618
27.5 -0.602352 -0.933799
27.6 -0.422252 -0.947332
27.7 -0.170564 -0.955289
27.8 0.194809 -0.955275
27.9 0.711344 -0.94374
28 1.30985 -0.91723
28.1 1.75643 -0.876509
28.2 1.95419 -0.827404
28.3 2.01315 -0.775233
28.4 2.02095 -0.722346
28.5 2.01188 -0.669533
28.6 1.99727 -0.617048
28.7 1.98071 -0.564977
28.8 1.96336 -0.513351
28.9 1.94556 -0.462187
29 1.92742 -0.411492
29.1 1.90898 -0.361276
29.2 1.89023 -0.311548
29.3 1.87116 -0.262314
29.4 1.85176 -0.213583
29.5 1.832 -0.165366
29.6 1.81188 -0.11767
29.7 1.79135 -0.0705061
29.8 1.77041 -0.0238851
29.9 1.74901 0.0221818
30 1.72714 0.0676824
30.1 1.70475 0.112604
30.2 1.68182 0.156932
30.3 1.65828 0.200652
30.4 1.63411 0.243748
30.5 1.60923 0.286202
30.6 1.5836 0.327995
30.7 1.55712 0.369106
30.8 1.52973 0.409512
30.9 1.50131 0.449187
31 1.47175 0.488105
31.1 1.44091 0.526231
31.2 1.40862 0.563533
31.3 1.37468 0.599967
31.4 1.33884 0.635489
31.5 1.30076 0.670044
31.6 1.26006 0.703569
31.7 1.21622 0.735989
31.8 1.16855 0.767212
31.9 1.11613 0.797128
32 1.05768 0.825596
32.1 0.991396 0.852436
32.2 0.914625 0.87741
32.3 0.823323 0.900196
32.4 0.711101 0.920335
32.5 0.567439 0.937154
32.6 0.374471 0.949618
32.7 0.101966 0.956074
32.8 -0.294664 0.953875
32.9 -0.841881 0.939286
33 -1.42892 0.909372
33.1 -1.8184 0.866238
33.2 -1.97482 0.816118
33.3 -2.01746 0.763668
33.4 -2.01981 0.710758
33.5 -2.00896 0.658004
33.6 -1.99375 0.605605
33.7 -1.97696 0.55363
33.8 -1.95949 0.502104
33.9 -1.94161 0.451042
34 -1.92341 0.400451
34.1 -1.9049 0.350342
34.2 -1.88608 0.300721
34.3 -1.86694 0.251596
34.4 -1.84746 0.202977
34.5 -1.82763 0.154873
34.6 -1.80741 0.107293
34.7 -1.7868 0.0602472
34.8 -1.76576 0.0137466
34.9 -1.74426 -0.0321973
35 -1.72228 -0.0775722
35.1 -1.69978 -0.122365
35.2 -1.67671 -0.166561
35.3 -1.65305 -0.210146
35.4 -1.62872 -0.253103
35.5 -1.60369 -0.295414
35.6 -1.57787 -0.337059
35.7 -1.5512 -0.378018
35.8 -1.52359 -0.418266
35.9 -1.49493 -0.457778
36 -1.46511 -0.496525
36.1 -1.43397 -0.534474
36.2 -1.40134 -0.571589
36.3 -1.367 -0.607828
36.4 -1.3307 -0.643143
36.5 -1.29209 -0.677478
36.6 -1.25075 -0.710768
36.7 -1.20613 -0.742934
36.8 -1.15751 -0.773882
36.9 -1.10389 -0.803493
37 -1.04391 -0.831622
37.1 -0.975591 -0.858076
37.2 -0.896045 -0.882602
37.3 -0.800816 -0.904853
37.4 -0.6828 -0.924332
37.5 -0.530208 -0.940303
37.6 -0.32294 -0.95162
37.7 -0.0274026 -0.956448
37.8 0.402269 -0.95188
37.9 0.975183 -0.934074
38 1.53733 -0.90086
38.1 1.8686 -0.855641
38.2 1.9903 -0.804732
38.3 2.02002 -0.752085
38.4 2.0181 -0.699179
38.5 2.00586 -0.646493
38.6 1.99016 -0.594183
38.7 1.97318 -0.542304
38.8 1.95561 -0.490879
38.9 1.93765 -0.439919
39 1.91938 -0.389434
39.1 1.90081 -0.33943
39.2 1.88192 -0.289917
39.3 1.86271 -0.240903
39.4 1.84315 -0.192396
39.5 1.82323 -0.144406
39.6 1.80293 -0.0969417
39.7 1.78223 -0.0500144
39.8 1.76109 -0.00363472
39.9 1.73949 0.0421856
40 1.7174 0.0874341
40.1 1.69478 0.132097
40.2 1.67158 0.176161
40.3 1.64778 0.21961
40.4 1.6233 0.262427
40.5 1.5981 0.304593
40.6 1.57211 0.34609
40.7 1.54524 0.386895
40.8 1.51741 0.426985
40.9 1.48851 0.466332
41 1.45841 0.504907
41.1 1.42696 0.542677
41.2 1.39397 0.579603
41.3 1.35923 0.615644
41.4 1.32245 0.65075
41.5 1.28328 0.684862
41.6 1.24128 0.717913
41.7 1.19586 0.749821
41.8 1.14623 0.780487
41.9 1.09135 0.809787
42 1.02974 0.837567
42.1 0.959253 0.863623
42.2 0.876723 0.887685
42.3 0.777233 0.909378
42.4 0.65287 0.928163
42.5 0.490405 0.94323
42.6 0.267239 0.953315
42.7 -0.0536677 0.956376
42.8 -0.517454 0.949246
42.9 -1.10853 0.928096
43 -1.63323 0.89176
43.1 -1.90853 0.844786
43.2 -2.00166 0.793271
43.3 -2.02119 0.740493
43.4 -2.01594 0.687611
43.5 -2.0026 0.634999
43.6 -1.98651 0.582781
43.7 -1.96937 0.531001
43.8 -1.9517 0.479676
43.9 -1.93368 0.42882
44 -1.91534 0.378439
44.1 -1.8967 0.328542
44.2 -1.87774 0.279138
44.3 -1.85845 0.230234
44.4 -1.83882 0.181839
44.5 -1.81882 0.133963
44.6 -1.79843 0.0866161
44.7 -1.77764 0.0398078
44.8 -1.7564 -0.00645034
44.9 -1.73469 -0.0521465
45 -1.71249 -0.097268
45.1 -1.68975 -0.141801
45.2 -1.66642 -0.185732
45.3 -1.64247 -0.229043
45.4 -1.61785 -0.271719
45.5 -1.59248 -0.313741
45.6 -1.5663 -0.355088
45.7 -1.53923 -0.395739
45.8 -1.51117 -0.435668
45.9 -1.48202 -0.474849
46 -1.45164 -0.51325
46.1 -1.41987 -0.550839
46.2 -1.38652 -0.587575
46.3 -1.35136 -0.623416
46.4 -1.31409 -0.658309
46.5 -1.27434 -0.692195
46.6 -1.23165 -0.725003
46.7 -1.18538 -0.756648
46.8 -1.1347 -0.787027
46.9 -1.07849 -0.816009
47 -1.01515 -0.84343
47.1 -0.942343 -0.869076
47.2 -0.856597 -0.892655
47.3 -0.752475 -0.913764
47.4 -0.621146 -0.931816
47.5 -0.447747 -0.945922
47.6 -0.206905 -0.954677
47.7 0.141752 -0.95582
47.8 0.639615 -0.94593
47.9 1.2388 -0.921362
48 1.71574 -0.882144
48.1 1.93978 -0.833727
48.2 2.00975 -0.781758
48.3 2.02128 -0.728899
48.4 2.01343 -0.676057
48.5 1.99922 -0.623525
48.6 1.98282 -0.571401
48.7 1.96554 -0.519719
48.8 1.94778 -0.468496
48.9 1.92969 -0.417743
49 1.91128 -0.367468
49.1 1.89257 -0.317678
49.2 1.87354 -0.268383
49.3 1.85418 -0.219589
49.4 1.83447 -0.171308
49.5 1.81439 -0.123547
49.6 1.79391 -0.0763165
49.7 1.77302 -0.0296277
49.8 1.75169 0.0165084
49.9 1.72987 0.0620798
50 1.70755 0.107074
50.1 1.68469 0.151476
50.2 1.66123 0.195272
50.3 1.63714 0.238446
50.4 1.61235 0.280981
50.5 1.58681 0.322857
50.6 1.56045 0.364053
50.7 1.53317 0.404548
50.8 1.50489 0.444315
50.9 1.47548 0.483328
51 1.4448 0.521555
51.1 1.41271 0.55896
51.2 1.37898 0.595505
51.3 1.34339 0.631142
51.4 1.30561 0.66582
51.5 1.26526 0.699477
51.6 1.22184 0.732038
51.7 1.17469 0.763415
51.8 1.12291 0.7935
51.9 1.0653 0.822155
52 1.00011 0.849208
52.1 0.924819 0.874429
52.2 0.835603 0.897507
52.3 0.726434 0.918005
52.4 0.587444 0.935283
52.5 0.401915 0.94836
52.6 0.14144 0.955678
52.7 -0.237271 0.954737
52.8 -0.767603 0.941895
52.9 -1.36277 0.913897
53 -1.7849 0.872088
53.1 -1.96387 0.822512
53.2 -2.01527 0.770208
53.3 -2.02054 0.717308
53.4 -2.01064 0.664519
53.5 -1.99575 0.612071
53.6 -1.97909 0.560041
53.7 -1.96168 0.508459
53.8 -1.94385 0.457339
53.9 -1.92568 0.406689
54 -1.90721 0.35652
54.1 -1.88843 0.306838
54.2 -1.86933 0.257651
54.3 -1.8499 0.208969
54.4 -1.8301 0.160801
54.5 -1.80994 0.113155
54.6 -1.78937 0.0660428
54.7 -1.76839 0.0194741
54.8 -1.74695 -0.0265394
54.9 -1.72503 -0.0719854
55 -1.70259 -0.116851
55.1 -1.6796 -0.161122
55.2 -1.65601 -0.204783
55.3 -1.63177 -0.247819
55.4 -1.60683 -0.290211
55.5 -1.58111 -0.331939
55.6 -1.55455 -0.372984
55.7 -1.52707 -0.413322
55.8 -1.49854 -0.452927
55.9 -1.46887 -0.49177
56 -1.4379 -0.52982
56.1 -1.40547 -0.56704
56.2 -1.37136 -0.60339
56.3 -1.33531 -0.638822
56.4 -1.29701 -0.673282
56.5 -1.25603 -0.706705
56.6 -1.21186 -0.739015
56.7 -1.16378 -0.77012
56.8 -1.11084 -0.799904
56.9 -1.05174 -0.828225
57 -0.984588 -0.854899
57.1 -0.906635 -0.879681
57.2 -0.813665 -0.902236
57.3 -0.698987 -0.922093
57.4 -0.551552 -0.938549
57.5 -0.352553 -0.950525
57.6 -0.0703151 -0.956289
57.7 0.340494 -0.953084
57.8 0.899642 -0.937114
57.9 1.47749 -0.905748
58 1.84158 -0.861667
58.1 1.98212 -0.811179
58.2 2.01877 -0.758634
58.3 2.01913 -0.705723
58.4 2.00763 -0.652997
58.5 1.9922 -0.600637
58.6 1.97532 -0.548704
58.7 1.9578 -0.497221
58.8 1.93989 -0.446203
58.9 1.92166 -0.395659
59 1.90312 -0.345595
59.1 1.88428 -0.296021
59.2 1.8651 -0.246944
59.3 1.84559 -0.198374
59.4 1.82572 -0.150319
59.5 1.80547 -0.10279
59.6 1.78481 -0.0557953
59.7 1.76373 -0.00934718
59.8 1.74219 0.0365431
59.9 1.72016 0.0818631
60 1.69761 0.1266
60.1 1.67449 0.170738
60.2 1.65076 0.214264
60.3 1.62637 0.25716
60.4 1.60126 0.299408
60.5 1.57537 0.340989
60.6 1.54862 0.381881
60.7 1.52091 0.422061
60.8 1.49215 0.461501
60.9 1.4622 0.500174
61 1.43093 0.538045
61.1 1.39815 0.575078
61.2 1.36364 0.611232
61.3 1.32713 0.646456
61.4 1.28828 0.680694
61.5 1.24665 0.713881
61.6 1.20169 0.745935
61.7 1.15264 0.776761
61.8 1.09848 0.806238
61.9 1.0378 0.834216
62 0.968556 0.860499
62.1 0.887739 0.884826
62.2 0.790701 0.906837
62.3 0.669997 0.926019
62.4 0.513235 0.941604
62.5 0.299263 0.952396
62.6 -0.00701206 0.956474
62.7 -0.451438 0.950816
62.8 -1.03333 0.931569
62.9 -1.58064 0.896972
63 -1.88712 0.85095
63.1 -1.99569 0.799757
63.2 -2.02068 0.747047
63.3 -2.01721 0.694148
63.4 -2.00446 0.641494
63.5 -1.98858 0.589223
63.6 -1.97153 0.537387
63.7 -1.95391 0.486006
63.8 -1.93593 0.435091
63.9 -1.91763 0.384651
64 -1.89902 0.334694
64.1 -1.8801 0.285228
64.2 -1.86086 0.236262
64.3 -1.84127 0.187803
64.4 -1.82132 0.139863
64.5 -1.80098 0.0924495
64.6 -1.78023 0.0455739
64.7 -1.75905 -0.000753042
64.8 -1.73741 -0.0465195
64.9 -1.71527 -0.0917129
65 -1.69259 -0.13632
65.1 -1.66934 -0.180326
65.2 -1.64548 -0.223715
65.3 -1.62093 -0.266471
65.4 -1.59566 -0.308574
65.5 -1.56959 -0.350006
65.6 -1.54263 -0.390744
65.7 -1.5147 -0.430764
65.8 -1.48569 -0.470039
65.9 -1.45547 -0.508539
66 -1.42388 -0.54623
66.1 -1.39074 -0.583075
66.2 -1.35582 -0.619029
66.3 -1.31883 -0.654042
66.4 -1.27941 -0.688056
66.5 -1.23711 -0.721002
66.6 -1.19133 -0.752796
66.7 -1.14125 -0.783338
66.8 -1.0858 -0.812501
66.9 -1.02345 -0.840126
67 -0.951974 -0.866006
67.1 -0.868076 -0.88986
67.2 -0.76662 -0.911302
67.3 -0.639309 -0.929773
67.4 -0.472228 -0.944431
67.5 -0.241606 -0.953949
67.6 0.0910728 -0.956196
67.7 0.56976 -0.94789
67.8 1.16573 -0.92526
67.9 1.67076 -0.887638
68 1.92309 -0.84
68.1 2.00553 -0.788271
68.2 2.02135 -0.735453
68.3 2.01488 -0.682586
68.4 2.00114 -0.630009
68.5 1.98491 -0.577831
68.6 1.96771 -0.526093
68.7 1.95 -0.474813
68.8 1.93194 -0.424001
68.9 1.91358 -0.373666
69 1.89491 -0.323816
69.1 1.87592 -0.274459
69.2 1.8566 -0.225603
69.3 1.83693 -0.177258
69.4 1.8169 -0.129432
69.5 1.79647 -0.0821352
69.6 1.77563 -0.0353788
69.7 1.75435 0.0108264
69.8 1.7326 0.0564684
69.9 1.71035 0.101534
70 1.68755 0.146011
70.1 1.66417 0.189883
70.2 1.64016 0.233135
70.3 1.61546 0.27575
70.4 1.59002 0.317708
70.5 1.56376 0.35899
70.6 1.5366 0.399573
70.7 1.50845 0.439432
70.8 1.47918 0.47854
70.9 1.44868 0.516865
71 1.41677 0.554375
71.1 1.38326 0.591028
71.2 1.34791 0.626781
71.3 1.31042 0.661581
71.4 1.27041 0.695367
71.5 1.22741 0.728068
71.6 1.18076 0.759598
71.7 1.12961 0.789849
71.8 1.0728 0.81869
71.9 1.00867 0.845953
72 0.934802 0.871415
72.1 0.847581 0.894779
72.2 0.741318 0.915626
72.3 0.606749 0.933347
72.4 0.428232 0.947014
72.5 0.179105 0.955158
72.6 -0.182345 0.955416
72.7 -0.694632 0.944266
72.8 -1.29365 0.918204
72.9 -1.74741 0.877822
73 -1.95105 0.828868
73.1 -2.01243 0.77674
73.2 -2.02105 0.723859
73.3 -2.01224 0.671039
73.4 -1.99772 0.618543
73.5 -1.9812 0.566459
73.6 -1.96386 0.514821
73.7 -1.94607 0.463643
73.8 -1.92795 0.412935
73.9 -1.90951 0.362705
74 -1.89077 0.312962
74.1 -1.87171 0.263714
74.2 -1.85232 0.214969
74.3 -1.83257 0.166737
74.4 -1.81246 0.119026
74.5 -1.79194 0.0718468
74.6 -1.77101 0.0252102
74.7 -1.74963 -0.0208727
74.8 -1.72777 -0.0663897
74.9 -1.7054 -0.111328
75 -1.68248 -0.155673
75.1 -1.65897 -0.199411
75.2 -1.63481 -0.242525
75.3 -1.60996 -0.284997
75.4 -1.58434 -0.326809
75.5 -1.55789 -0.36794
75.6 -1.53052 -0.408367
75.7 -1.50213 -0.448064
75.8 -1.47261 -0.487003
75.9 -1.44181 -0.525153
76 -1.40957 -0.562478
76.1 -1.37568 -0.598938
76.2 -1.33989 -0.634487
76.3 -1.30189 -0.66907
76.4 -1.26127 -0.702626
76.5 -1.21752 -0.735078
76.6 -1.16997 -0.766337
76.7 -1.1177 -0.796292
76.8 -1.05945 -0.824804
76.9 -0.993421 -0.851693
77 -0.916997 -0.876725
77.1 -0.826186 -0.899579
77.2 -0.714682 -0.919802
77.3 -0.572122 -0.936728
77.4 -0.380911 -0.949336
77.5 -0.111246 -0.955994
77.6 0.281193 -0.954091
77.7 0.824637 -0.93991
77.8 1.41394 -0.910436
77.9 1.81101 -0.867598
78 1.97245 -0.817598
78.1 2.01701 -0.765179
78.2 2.02 -0.71227
78.3 2.00936 -0.659508
78.4 1.99421 -0.607098
78.5 1.97745 -0.55511
78.6 1.96 -0.503571
78.7 1.94213 -0.452495
78.8 1.92394 -0.401891
78.9 1.90544 -0.351767
79 1.88663 -0.302132
79.1 1.8675 -0.252994
79.2 1.84803 -0.20436
79.3 1.8282 -0.156241
79.4 1.808 -0.108646
79.5 1.78739 -0.0615845
79.6 1.76637 -0.0150682
79.7 1.74488 0.0308918
79.8 1.72292 0.0762831
79.9 1.70043 0.121093
80 1.67738 0.165306
80.1 1.65373 0.208909
80.2 1.62943 0.251884
80.3 1.60441 0.294213
80.4 1.57862 0.335878
80.5 1.55198 0.376856
80.6 1.5244 0.417125
80.7 1.49577 0.456659
80.8 1.46598 0.495428
80.9 1.43488 0.533401
81 1.4023 0.57054
81.1 1.36801 0.606805
81.2 1.33177 0.642147
81.3 1.29323 0.676511
81.4 1.25198 0.709832
81.5 1.20746 0.742031
81.6 1.15896 0.773015
81.7 1.1055 0.802667
81.8 1.04572 0.83084
81.9 0.977683 0.857345
82 0.898511 0.881931
82.1 0.803813 0.904253
82.2 0.686582 0.92382
82.3 0.535207 0.939904
82.4 0.329892 0.951376
82.5 0.0374912 0.956424
82.6 -0.387789 0.952176
82.7 -0.957721 0.934798
82.8 -1.52386 0.902006
82.9 -1.86266 0.85704
83 -1.98853 0.806223
83.1 -2.01977 0.753598
83.2 -2.01835 0.700689
83.3 -2.00627 0.647994
83.4 -1.99063 0.595672
83.5 -1.97367 0.543781
83.6 -1.95611 0.492343
83.7 -1.93817 0.44137
83.8 -1.91991 0.39087
83.9 -1.90134 0.340853
84 -1.88246 0.291326
84.1 -1.86326 0.242297
84.2 -1.84371 0.193776
84.3 -1.82381 0.14577
84.4 -1.80352 0.0982911
84.5 -1.78283 0.0513483
84.6 -1.7617 0.00495284
84.7 -1.74011 -0.0408837
84.8 -1.71804 -0.0861487
84.9 -1.69543 -0.130829
85 -1.67225 -0.17491
85.1 -1.64847 -0.218377
85.2 -1.62401 -0.261212
85.3 -1.59883 -0.303397
85.4 -1.57286 -0.344914
85.5 -1.54602 -0.385739
85.6 -1.51822 -0.425849
85.7 -1.48935 -0.465218
85.8 -1.45928 -0.503815
85.9 -1.42788 -0.541608
86 -1.39494 -0.57856
86.1 -1.36025 -0.614627
86.2 -1.32353 -0.64976
86.3 -1.28444 -0.683901
86.4 -1.24253 -0.716984
86.5 -1.19721 -0.748926
86.6 -1.14772 -0.779628
86.7 -1.09301 -0.80897
86.8 -1.03161 -0.836796
86.9 -0.961416 -0.862905
87 -0.879289 -0.887028
87.1 -0.780375 -0.908795
87.2 -0.656874 -0.927673
87.3 -0.495755 -0.942861
87.4 -0.27476 -0.953112
87.5 0.0427001 -0.956412
87.6 0.502008 -0.949628
87.7 1.09123 -0.92892
87.8 1.62147 -0.892979
87.9 1.90384 -0.846215
88 2.00038 -0.79477
88.1 2.0211 -0.742006
88.2 2.01624 -0.68912
88.3 2.00303 -0.636498
88.4 1.98699 -0.584268
88.5 1.96987 -0.532475
88.6 1.95221 -0.481137
88.7 1.9342 -0.430267
88.8 1.91587 -0.379873
88.9 1.89723 -0.329962
89 1.87829 -0.280543
89.1 1.85901 -0.231625
89.2 1.83939 -0.183216
89.3 1.8194 -0.135325
89.4 1.79902 -0.0879622
89.5 1.77824 -0.0411383
89.6 1.75701 0.00513572
89.7 1.73532 0.0508481
89.8 1.71313 0.0959863
89.9 1.6904 0.140537
90 1.6671 0.184484
90.1 1.64317 0.227814
90.2 1.61856 0.270509
90.3 1.59321 0.312549
90.4 1.56706 0.353916
90.5 1.54002 0.394587
90.6 1.51199 0.434537
90.7 1.48287 0.473739
90.8 1.45253 0.512164
90.9 1.4208 0.549776
91 1.3875 0.586538
91.1 1.35239 0.622404
91.2 1.31519 0.657325
91.3 1.27552 0.691241
91.4 1.23291 0.724081
91.5 1.18676 0.755761
91.6 1.13622 0.786177
91.7 1.08019 0.815201
91.8 1.01708 0.84267
91.9 0.944583 0.86837
92 0.859272 0.892013
92.1 0.755776 0.9132
92.2 0.625395 0.93135
92.3 0.453487 0.945585
92.4 0.215059 0.954519
92.5 -0.129842 0.955921
92.6 -0.623312 0.946403
92.7 -1.22209 0.922283
92.8 -1.70573 0.883426
92.9 -1.93614 0.83518
93 -2.00885 0.783263
93.1 -2.02132 0.730412
93.2 -2.01377 0.677564
93.3 -1.99967 0.625022
93.4 -1.9833 0.572885
93.5 -1.96604 0.52119
93.6 -1.94829 0.469954
93.7 -1.93021 0.419187
93.8 -1.91181 0.368898
93.9 -1.89311 0.319095
94 -1.87409 0.269785
94.1 -1.85474 0.220977
94.2 -1.83504 0.172681
94.3 -1.81497 0.124905
94.4 -1.79451 0.0776591
94.5 -1.77363 0.0309547
94.6 -1.7523 -0.0151973
94.7 -1.7305 -0.0607851
94.8 -1.7082 -0.105796
94.9 -1.68535 -0.150215
95 -1.66191 -0.194029
95.1 -1.63784 -0.237221
95.2 -1.61307 -0.279774
95.3 -1.58756 -0.321669
95.4 -1.56121 -0.362885
95.5 -1.53396 -0.4034
95.6 -1.50571 -0.443189
95.7 -1.47633 -0.482224
95.8 -1.4457 -0.520473
95.9 -1.41365 -0.557903
96 -1.37997 -0.594472
96.1 -1.34443 -0.630136
96.2 -1.30672 -0.664843
96.3 -1.26646 -0.698529
96.4 -1.22313 -0.731123
96.5 -1.17609 -0.762535
96.6 -1.12447 -0.792659
96.7 -1.06704 -0.821358
96.8 -1.0021 -0.848459
96.9 -0.927142 -0.873736
97 -0.838395 -0.896881
97.1 -0.72991 -0.91746
97.2 -0.591961 -0.934841
97.3 -0.408089 -0.948057
97.4 -0.150293 -0.955569
97.5 0.224372 -0.954909
97.6 0.750626 -0.942464
97.7 1.34706 -0.914912
97.8 1.77661 -0.873423
97.9 1.96108 -0.823983
98 2.01467 -0.771717
98.1 2.02067 -0.71882
98.2 2.01102 -0.666024
98.3 1.99621 -0.613565
98.4 1.97958 -0.561522
98.5 1.96218 -0.509927
98.6 1.94436 -0.458793
98.7 1.9262 -0.408131
98.8 1.90774 -0.357947
98.9 1.88897 -0.308251
99 1.86988 -0.25905
99.1 1.85046 -0.210354
99.2 1.83068 -0.162171
99.3 1.81052 -0.11451
99.4 1.78997 -0.0673821
99.5 1.76899 -0.0207977
99.6 1.74757 0.0252318
99.7 1.72566 0.0706943
99.8 1.70324 0.115577
99.9 1.68027 0.159865
100 1.65669 0.203544
100.1 1.63247 0.246597
100.2 1.60755 0.289008
100.3 1.58186 0.330756
100.4 1.55533 0.371821
100.5 1.52786 0.412179
100.6 1.49937 0.451805
100.7 1.46974 0.49067
100.8 1.43881 0.528743
100.9 1.40642 0.565988
101 1.37236 0.602363
101.1 1.33637 0.637823
101.2 1.29814 0.672311
101.3 1.25725 0.705765
101.4 1.21317 0.738108
101.5 1.16521 0.769248
101.6 1.11243 0.799072
101.7 1.05353 0.827438
101.8 0.986642 0.854161
101.9 0.909047 0.879001
102 0.816584 0.901626
102.1 0.702654 0.921568
102.2 0.556368 0.938135
102.3 0.359209 0.950259
102.4 0.0799374 0.956232
102.5 -0.326582 0.953333
102.6 -0.88226 0.937781
102.7 -1.46314 0.906849
102.8 -1.83485 0.863045
102.9 -1.98003 0.812663
103 -2.01841 0.760146
103.1 -2.01935 0.707234
103.2 -2.00804 0.6545
103.3 -1.99266 0.602128
103.4 -1.97581 0.550182
103.5 -1.95831 0.498687
103.6 -1.94041 0.447655
103.7 -1.92219 0.397097
103.8 -1.90366 0.347019
103.9 -1.88482 0.297431
104 -1.86566 0.24834
104.1 -1.84615 0.199755
104.2 -1.82629 0.151686
104.3 -1.80605 0.104141
104.4 -1.78541 0.0571311
104.5 -1.76434 0.0106673
104.6 -1.74281 -0.0352391
104.7 -1.7208 -0.0805756
104.8 -1.69826 -0.125329
104.9 -1.67516 -0.169485
105 -1.65145 -0.213029
105.1 -1.62708 -0.255943
105.2 -1.60199 -0.29821
105.3 -1.57612 -0.33981
105.4 -1.54939 -0.380722
105.5 -1.52172 -0.420922
105.6 -1.49298 -0.460384
105.7 -1.46308 -0.499079
105.8 -1.43184 -0.536974
105.9 -1.39911 -0.574032
106 -1.36465 -0.610211
106.1 -1.3282 -0.645462
106.2 -1.28942 -0.67973
106.3 -1.24789 -0.712948
106.4 -1.20303 -0.745036
106.5 -1.1541 -0.775898
106.6 -1.10011 -0.805416
106.7 -1.03964 -0.833439
106.8 -0.970678 -0.859773
106.9 -0.890248 -0.88416
107 -0.793759 -0.906244
107.1 -0.673873 -0.925516
107.2 -0.518382 -0.941218
107.3 -0.306455 -0.952169
107.4 -0.00345047 -0.956475
107.5 0.436529 -0.951148
107.6 1.01589 -0.932336
107.7 1.56789 -0.898151
107.8 1.88176 -0.852363
107.9 1.99415 -0.801252
108 2.0205 -0.748559
108.1 2.01748 -0.695658
108.2 2.00488 -0.642994
108.3 1.98906 -0.590712
108.4 1.97202 -0.538863
108.5 1.95442 -0.487468
108.6 1.93644 -0.43654
108.7 1.91815 -0.386086
108.8 1.89956 -0.336115
108.9 1.88065 -0.286635
109 1.86141 -0.237654
109.1 1.84183 -0.189182
109.2 1.82189 -0.141226
109.3 1.80157 -0.0937975
109.4 1.78083 -0.0469063
109.5 1.75967 -0.000563558
109.6 1.73803 0.0452191
109.7 1.71591 0.090429
109.8 1.69325 0.135053
109.9 1.67002 0.179076
110 1.64617 0.222483
110.1 1.62165 0.265257
110.2 1.59639 0.30738
110.3 1.57034 0.348831
110.4 1.54342 0.38959
110.5 1.51552 0.42963
110.6 1.48654 0.468927
110.7 1.45635 0.507449
110.8 1.42481 0.545164
110.9 1.39172 0.582033
111 1.35685 0.618014
111.1 1.31992 0.653055
111.2 1.28058 0.687099
111.3 1.23837 0.720076
111.4 1.19269 0.751904
111.5 1.14275 0.782483
111.6 1.08748 0.811688
111.7 1.02534 0.83936
111.8 0.95417 0.865292
111.9 0.870688 0.889209
112 0.769829 0.910727
112.1 0.643416 0.929293
112.2 0.477743 0.944075
112.3 0.249395 0.953765
112.4 -0.0797028 0.95626
112.5 -0.553924 0.948311
112.6 -1.14864 0.926126
112.7 -1.65977 0.888886
112.8 -1.91888 0.84144
112.9 -2.00443 0.789773
113 -2.02132 0.736966
113.1 -2.01521 0.684094
113.2 -2.00158 0.631506
113.3 -1.98539 0.579316
113.4 -1.96821 0.527566
113.5 -1.95051 0.476273
113.6 -1.93246 0.425447
113.7 -1.91411 0.375099
113.8 -1.89544 0.325235
113.9 -1.87646 0.275863
114 -1.85715 0.226993
114.1 -1.8375 0.178632
114.2 -1.81747 0.130792
114.3 -1.79706 0.0834798
114.4 -1.77623 0.0367078
114.5 -1.75497 -0.00951331
114.6 -1.73323 -0.0551716
114.7 -1.71099 -0.100254
114.8 -1.68821 -0.144748
114.9 -1.66485 -0.188638
115 -1.64085 -0.231907
115.1 -1.61618 -0.274541
115.2 -1.59076 -0.316518
115.3 -1.56452 -0.35782
115.4 -1.53739 -0.398423
115.5 -1.50927 -0.438303
115.6 -1.48004 -0.477432
115.7 -1.44957 -0.515781
115.8 -1.4177 -0.553314
115.9 -1.38424 -0.589992
116 -1.34895 -0.625771
116.1 -1.31152 -0.660599
116.2 -1.2716 -0.694416
116.3 -1.22868 -0.727149
116.4 -1.18215 -0.758713
116.5 -1.13115 -0.789003
116.6 -1.07452 -0.817887
116.7 -1.01062 -0.845197
116.8 -0.937078 -0.870715
116.9 -0.850305 -0.894144
117 -0.744693 -0.91507
117.1 -0.611111 -0.932891
117.2 -0.434154 -0.946691
117.3 -0.187554 -0.955021
117.4 0.17001 -0.955548
117.5 0.678007 -0.94478
117.6 1.27733 -0.919166
117.7 1.73816 -0.879128
117.8 1.94781 -0.83033
117.9 2.01167 -0.778247
118 2.02114 -0.725372
118.1 2.0126 -0.672545
118.2 1.99817 -0.620038
118.3 1.98169 -0.567942
118.4 1.96436 -0.516291
118.5 1.94659 -0.465099
118.6 1.92847 -0.414378
118.7 1.91005 -0.364134
118.8 1.89131 -0.314377
118.9 1.87226 -0.265115
119 1.85288 -0.216356
119.1 1.83314 -0.168108
119.2 1.81304 -0.120382
119.3 1.79254 -0.073188
119.4 1.77161 -0.0265357
119.5 1.75025 0.0195631
119.6 1.7284 0.0650965
119.7 1.70605 0.110051
119.8 1.68314 0.154414
119.9 1.65965 0.198169
120 1.63551 0.241301
120.1 1.61068 0.283792
120.2 1.58508 0.325623
120.3 1.55866 0.366774
120.4 1.53132 0.407221
120.5 1.50296 0.446939
120.6 1.47347 0.4859
120.7 1.44271 0.524074
120.8 1.41051 0.561423
120.9 1.37667 0.597908
121 1.34094 0.633484
121.1 1.30301 0.668096
121.2 1.26247 0.701681
121.3 1.21882 0.734167
121.4 1.17139 0.765461
121.5 1.11927 0.795455
121.6 1.06121 0.82401
121.7 0.995438 0.850949
121.8 0.919359 0.876038
121.9 0.829032 0.898959
122 0.718238 0.919265
122.1 0.576766 0.936298
122.2 0.387288 0.949048
122.3 0.120424 0.955907
122.4 -0.267854 0.954296
122.5 -0.807445 0.940521
122.6 -1.39878 0.911488
122.7 -1.80342 0.868953
122.8 -1.96998 0.819075
122.9 -2.01653 0.766689
123 -2.02017 0.713782
123.1 -2.00975 0.661012
123.2 -1.99467 0.60859
123.3 -1.97794 0.55659
123.4 -1.9605 0.505038
123.5 -1.94264 0.453948
123.6 -1.92446 0.403331
123.7 -1.90597 0.353193
123.8 -1.88717 0.303544
123.9 -1.86805 0.254391
124 -1.84859 0.205743
124.1 -1.82877 0.157609
124.2 -1.80858 0.109999
124.3 -1.78799 0.0629223
124.4 -1.76697 0.0163902
124.5 -1.7455 -0.0295858
124.6 -1.72355 -0.0749936
124.7 -1.70108 -0.11982
124.8 -1.67805 -0.164051
124.9 -1.65442 -0.207671
125 -1.63013 -0.250664
125.1 -1.60514 -0.293012
125.2 -1.57937 -0.334696
125.3 -1.55275 -0.375695
125.4 -1.5252 -0.415984
125.5 -1.4966 -0.455539
125.6 -1.46685 -0.494331
125.7 -1.43579 -0.532326
125.8 -1.40325 -0.56949
125.9 -1.36902 -0.60578
126 -1.33283 -0.64115
126.1 -1.29437 -0.675543
126.2 -1.2532 -0.708894
126.3 -1.20879 -0.741127
126.4 -1.16041 -0.772147
126.5 -1.10711 -0.801839
126.6 -1.04754 -0.830056
126.7 -0.979766 -0.856612
126.8 -0.900964 -0.881257
126.9 -0.806791 -0.90365
127 -0.690337 -0.923305
127.1 -0.540163 -0.939502
127.2 -0.336775 -0.951126
127.3 -0.0474702 -0.956392
127.4 0.373439 -0.952461
127.5 0.940267 -0.935508
127.6 1.51018 -0.903141
127.7 1.85655 -0.858435
127.8 1.9867 -0.807712
127.9 2.0195 -0.75511
128 2.01859 -0.7022
128.1 2.00668 -0.649495
128.2 1.9911 -0.597162
128.3 1.97417 -0.545258
128.4 1.95662 -0.493807
128.5 1.93869 -0.44282
128.6 1.92044 -0.392307
128.7 1.90188 -0.342276
128.8 1.88301 -0.292735
128.9 1.86381 -0.243692
129 1.84428 -0.195155
129.1 1.82438 -0.147135
129.2 1.80411 -0.099641
129.3 1.78342 -0.0526827
129.4 1.76231 -0.00627141
129.5 1.74074 0.0395812
129.6 1.71867 0.0848628
129.7 1.69608 0.12956
129.8 1.67293 0.173658
129.9 1.64915 0.217143
130 1.62472 0.259996
130.1 1.59956 0.302201
130.2 1.57362 0.343736
130.3 1.5468 0.384582
130.4 1.51903 0.424712
130.5 1.49019 0.464103
130.6 1.46016 0.502723
130.7 1.42879 0.54054
130.8 1.3959 0.577516
130.9 1.36127 0.613609
131 1.32462 0.648769
131.1 1.2856 0.68294
131.2 1.24377 0.716053
131.3 1.19856 0.748029
131.4 1.1492 0.778769
131.5 1.09466 0.808152
131.6 1.03347 0.836023
131.7 0.96357 0.862184
131.8 0.881841 0.886369
131.9 0.783497 0.90821
132 0.660848 0.92718
132.1 0.501057 0.942488
132.2 0.282205 0.952903
132.3 -0.0318509 0.95644
132.4 -0.486684 0.949998
132.5 -1.07389 0.92973
132.6 -1.60948 0.894188
132.7 -1.89901 0.847641
132.8 -1.99904 0.796269
132.9 -2.021 0.74352
133 -2.01654 0.690629
133.1 -2.00346 0.637997
133.2 -1.98747 0.585755
133.3 -1.97037 0.533949
133.4 -1.95272 0.482598
133.5 -1.93472 0.431715
133.6 -1.9164 0.381307
133.7 -1.89777 0.331382
133.8 -1.87883 0.281949
133.9 -1.85956 0.233016
134 -1.83995 0.184592
134.1 -1.81997 0.136687
134.2 -1.79961 0.0893087
134.3 -1.77884 0.0424693
134.4 -1.75763 -0.00382065
134.5 -1.73595 -0.0495493
134.6 -1.71377 -0.094704
134.7 -1.69106 -0.139271
134.8 -1.66777 -0.183237
134.9 -1.64386 -0.226584
135 -1.61927 -0.269297
135.1 -1.59395 -0.311357
135.2 -1.56782 -0.352743
135.3 -1.5408 -0.393434
135.4 -1.51281 -0.433405
135.5 -1.48372 -0.472629
135.6 -1.45341 -0.511076
135.7 -1.42173 -0.548712
135.8 -1.38848 -0.585499
135.9 -1.35342 -0.621392
136 -1.31628 -0.656341
136.1 -1.27669 -0.690286
136.2 -1.23418 -0.723158
136.3 -1.18813 -0.754872
136.4 -1.13774 -0.785326
136.5 -1.08188 -0.814392
136.6 -1.019 -0.841908
136.7 -0.946814 -0.867662
136.8 -0.861931 -0.891369
136.9 -0.759056 -0.912633
137 -0.62961 -0.93088
137.1 -0.459174 -0.945243
137.2 -0.223126 -0.954355
137.3 0.118059 -0.956014
137.4 0.607111 -0.946863
137.5 1.20528 -0.923191
137.6 1.69551 -0.884699
137.7 1.93238 -0.83663
137.8 2.00791 -0.784767
137.9 2.02135 -0.731925
138 2.01411 -0.679072
138.1 2.00011 -0.626518
138.2 1.98379 -0.574369
138.3 1.96654 -0.522661
138.4 1.94881 -0.471412
138.5 1.93073 -0.420632
138.6 1.91234 -0.370329
138.7 1.89365 -0.320512
138.8 1.87464 -0.271187
138.9 1.8553 -0.222365
139 1.83561 -0.174054
139.1 1.81555 -0.126263
139.2 1.7951 -0.0790023
139.3 1.77423 -0.0322822
139.4 1.75292 0.0138858
139.5 1.73113 0.0594898
139.6 1.70884 0.104517
139.7 1.68601 0.148954
139.8 1.66259 0.192785
139.9 1.63854 0.235995
140 1.61379 0.278567
140.1 1.5883 0.320481
140.2 1.56198 0.361717
140.3 1.53476 0.402252
140.4 1.50653 0.442062
140.5 1.47719 0.481119
140.6 1.44659 0.519391
140.7 1.41458 0.556844
140.8 1.38096 0.593439
140.9 1.34548 0.62913
141 1.30784 0.663864
141.1 1.26765 0.697581
141.2 1.22442 0.730207
141.3 1.1775 0.761655
141.4 1.12602 0.791817
141.5 1.06877 0.820558
141.6 1.00408 0.847709
141.7 0.929454 0.873042
141.8 0.84117 0.896253
141.9 0.733361 0.916913
142 0.596442 0.934397
142.1 0.414203 0.947749
142.2 0.159051 0.955453
142.3 -0.211604 0.955073
142.4 -0.733723 0.94302
142.5 -1.33119 0.915914
142.6 -1.7681 0.874751
142.7 -1.9582 0.825452
142.8 -2.01404 0.773225
142.9 -2.0208 0.720332
143 -2.01139 0.667529
143.1 -1.99666 0.615059
143.2 -1.98006 0.563004
143.3 -1.96269 0.511396
143.4 -1.94487 0.460249
143.5 -1.92673 0.409572
143.6 -1.90827 0.359375
143.7 -1.88951 0.309665
143.8 -1.87043 0.26045
143.9 -1.85102 0.211739
144 -1.83125 0.163541
144.1 -1.8111 0.115865
144.2 -1.79056 0.0687218
144.3 -1.7696 0.0221217
144.4 -1.74819 -0.0239238
144.5 -1.7263 -0.0694026
144.6 -1.70389 -0.114302
144.7 -1.68093 -0.158607
144.8 -1.65738 -0.202304
144.9 -1.63318 -0.245375
145 -1.60827 -0.287805
145.1 -1.58261 -0.329572
145.2 -1.5561 -0.370656
145.3 -1.52866 -0.411035
145.4 -1.5002 -0.450683
145.5 -1.4706 -0.48957
145.6 -1.43971 -0.527666
145.7 -1.40736 -0.564935
145.8 -1.37336 -0.601336
145.9 -1.33743 -0.636822
146 -1.29927 -0.671339
146.1 -1.25846 -0.704824
146.2 -1.21448 -0.7372
146.3 -1.16665 -0.768376
146.4 -1.11402 -0.798239
146.5 -1.05531 -0.826649
146.6 -0.988687 -0.853422
146.7 -0.911447 -0.87832
146.8 -0.819486 -0.901014
146.9 -0.706294 -0.921041
147 -0.561144 -0.937717
147.1 -0.365799 -0.949987
147.2 -0.0894553 -0.956169
147.3 0.312803 -0.953573
147.4 0.864912 -0.938435
147.5 1.44859 -0.907938
147.6 1.82792 -0.864418
147.7 1.97785 -0.814147
147.8 2.01802 -0.761657
147.9 2.01955 -0.708746
148 2.00844 -0.656003
148.1 1.99313 -0.603619
148.2 1.97631 -0.551661
148.3 1.95882 -0.500152
148.4 1.94093 -0.449108
148.5 1.92271 -0.398536
148.6 1.90419 -0.348444
148.7 1.88536 -0.298842
148.8 1.86621 -0.249737
148.9 1.84672 -0.201137
149 1.82687 -0.153053
149.1 1.80664 -0.105493
149.2 1.78601 -0.0584674
149.3 1.76495 -0.0119878
149.4 1.74344 0.0339347
149.5 1.72143 0.0792876
149.6 1.69891 0.124058
149.7 1.67583 0.168231
149.8 1.65213 0.211792
149.9 1.62778 0.254725
150 1.60272 0.297011
150.1 1.57687 0.33863
150.2 1.55017 0.379562
150.3 1.52252 0.419783
150.4 1.49382 0.459267
150.5 1.46395 0.497984
150.6 1.43276 0.535902
150.7 1.40007 0.572984
150.8 1.36566 0.609189
150.9 1.32927 0.644468
151 1.29057 0.678765
151.1 1.24912 0.712013
151.2 1.20436 0.744135
151.3 1.15557 0.775034
151.4 1.10173 0.804592
151.5 1.04147 0.83266
151.6 0.972792 0.859046
151.7 0.892743 0.883493
151.8 0.796799 0.905649
151.9 0.677721 0.92501
152 0.523484 0.940828
152.1 0.313574 0.951937
152.2 0.0137994 0.956469
152.3 -0.421748 0.95147
152.4 -0.998431 0.93309
152.5 -1.55493 0.899319
152.6 -1.87623 0.853772
152.7 -1.99254 0.802745
152.8 -2.02031 0.750072
152.9 -2.01775 0.697168
153 -2.0053 0.644494
153.1 -1.98953 0.592201
153.2 -1.97252 0.540339
153.3 -1.95493 0.488931
153.4 -1.93696 0.437989
153.5 -1.91868 0.387522
153.6 -1.90009 0.337537
153.7 -1.88119 0.288043
153.8 -1.86197 0.239048
153.9 -1.8424 0.19056
154 -1.82247 0.14259
154.1 -1.80215 0.0951459
154.2 -1.78143 0.0482392
154.3 -1.76028 0.00188061
154.4 -1.73866 -0.0439182
154.5 -1.71655 -0.0891447
154.6 -1.6939 -0.133785
154.7 -1.67069 -0.177826
154.8 -1.64686 -0.221251
154.9 -1.62236 -0.264043
155 -1.59713 -0.306185
155.1 -1.5711 -0.347656
155.2 -1.5442 -0.388434
155.3 -1.51633 -0.428496
155.4 -1.48738 -0.467814
155.5 -1.45724 -0.506359
155.6 -1.42573 -0.544098
155.7 -1.39268 -0.580992
155.8 -1.35787 -0.616998
155.9 -1.32101 -0.652067
156 -1.28174 -0.68614
156.1 -1.23962 -0.719149
156.2 -1.19405 -0.751011
156.3 -1.14425 -0.781628
156.4 -1.08914 -0.810874
156.5 -1.02723 -0.838592
156.6 -0.956357 -0.864578
156.7 -0.873286 -0.888557
156.8 -0.773019 -0.91015
156.9 -0.647492 -0.92881
157 -0.483207 -0.943715
157.1 -0.257102 -0.953576
157.2 0.0684547 -0.956315
157.3 0.538202 -0.94872
157.4 1.13147 -0.92698
157.5 1.64854 -0.890124
157.6 1.91454 -0.842878
157.7 2.00328 -0.791274
157.8 2.02128 -0.738479
157.9 2.01552 -0.685603
158 2.00202 -0.633004
158.1 1.98587 -0.580802
158.2 1.9687 -0.529039
158.3 1.95102 -0.477732
158.4 1.93298 -0.426894
158.5 1.91464 -0.376531
158.6 1.89598 -0.326653
158.7 1.87701 -0.277268
158.8 1.85771 -0.228383
158.9 1.83807 -0.180008
159 1.81805 -0.132152
159.1 1.79765 -0.0848248
159.2 1.77684 -0.0380372
159.3 1.75558 0.00819977
159.4 1.73386 0.0538743
159.5 1.71163 0.0989737
159.6 1.68887 0.143484
159.7 1.66552 0.187391
159.8 1.64155 0.230679
159.9 1.61689 0.273331
160 1.5915 0.315327
160.1 1.56529 0.356648
160.2 1.53818 0.397272
160.3 1.51008 0.437173
160.4 1.48089 0.476325
160.5 1.45046 0.514696
160.6 1.41863 0.552253
160.7 1.38522 0.588956
160.8 1.34998 0.624762
160.9 1.31263 0.659618
161 1.27278 0.693464
161.1 1.22996 0.726229
161.2 1.18353 0.757828
161.3 1.13268 0.788156
161.4 1.07623 0.817082
161.5 1.01257 0.84444
161.6 0.939343 0.870013
161.7 0.853014 0.893507
161.8 0.748046 0.914512
161.9 0.615439 0.932432
162 0.440021 0.946364
162.1 0.195914 0.954877
162.2 -0.157803 0.95567
162.3 -0.661475 0.945282
162.4 -1.26088 0.920116
162.5 -1.72869 0.880426
162.6 -1.94444 0.831789
162.7 -2.01088 0.779753
162.8 -2.02121 0.726885
162.9 -2.01296 0.674051
163 -1.99862 0.621534
163.1 -1.98217 0.569425
163.2 -1.96487 0.517761
163.3 -1.9471 0.466556
163.4 -1.92899 0.415821
163.5 -1.91058 0.365564
163.6 -1.89185 0.315793
163.7 -1.87281 0.266516
163.8 -1.85344 0.217743
163.9 -1.83371 0.16948
164 -1.81362 0.121739
164.1 -1.79313 0.0745297
164.2 -1.77222 0.0278617
164.3 -1.75086 -0.0182531
164.4 -1.72903 -0.0638028
164.5 -1.70669 -0.108774
164.6 -1.68381 -0.153154
164.7 -1.66033 -0.196927
164.8 -1.63621 -0.240077
164.9 -1.6114 -0.282587
165 -1.58583 -0.324437
165.1 -1.55943 -0.365607
165.2 -1.53211 -0.406075
165.3 -1.50379 -0.445814
165.4 -1.47433 -0.484798
165.5 -1.44361 -0.522994
165.6 -1.41146 -0.560367
165.7 -1.37767 -0.596878
165.8 -1.34199 -0.63248
165.9 -1.30412 -0.66712
166 -1.26367 -0.700736
166.1 -1.22012 -0.733254
166.2 -1.17281 -0.764584
166.3 -1.12084 -0.794617
166.4 -1.06297 -0.823216
166.5 -0.997446 -0.850203
166.6 -0.921708 -0.875349
166.7 -0.831861 -0.898338
166.8 -0.72177 -0.918727
166.9 -0.581371 -0.935865
167 -0.393603 -0.948756
167.1 -0.129504 -0.955813
167.2 0.254648 -0.954492
167.3 0.790313 -0.941119
167.4 1.38344 -0.912529
167.5 1.79561 -0.870302
167.6 1.96742 -0.820551
167.7 2.01601 -0.768199
167.8 2.02033 -0.715294
167.9 2.01013 -0.662516
168 1.99514 -0.610083
168.1 1.97844 -0.55807
168.2 1.96101 -0.506505
168.3 1.94316 -0.455402
168.4 1.92498 -0.404771
168.5 1.9065 -0.35462
168.6 1.88771 -0.304957
168.7 1.8686 -0.255789
168.8 1.84915 -0.207127
168.9 1.82934 -0.158978
169 1.80916 -0.111353
169.1 1.78858 -0.0642605
169.2 1.76758 -0.0177127
169.3 1.74612 0.0282794
169.4 1.72419 0.0737035
169.5 1.70173 0.118547
169.6 1.67872 0.162795
169.7 1.6551 0.206433
169.8 1.63084 0.249444
169.9 1.60586 0.291811
170 1.58012 0.333514
170.1 1.55353 0.374532
170.2 1.526 0.414843
170.3 1.49744 0.454419
170.4 1.46772 0.493233
170.5 1.4367 0.531252
170.6 1.4042 0.56844
170.7 1.37002 0.604756
170.8 1.3339 0.640152
170.9 1.2955 0.674574
171 1.25442 0.707956
171.1 1.21011 0.740222
171.2 1.16186 0.771278
171.3 1.10872 0.80101
171.4 1.04934 0.829272
171.5 0.98184 0.855878
171.6 0.903405 0.880582
171.7 0.809751 0.903045
171.8 0.694065 0.922787
171.9 0.545076 0.939096
172 0.343588 0.950872
172.1 0.0573407 0.956352
172.2 -0.35922 0.952735
172.3 -0.922827 0.936206
172.4 -1.4963 0.904267
172.5 -1.85025 0.859824
172.6 -1.98478 0.8092
172.7 -2.0192 0.756622
172.8 -2.01883 0.703711
172.9 -2.00709 0.650997
173 -1.99157 0.598653
173.1 -1.97466 0.546736
173.2 -1.95713 0.495271
173.3 -1.93921 0.444271
173.4 -1.92096 0.393745
173.5 -1.90241 0.343699
173.6 -1.88355 0.294144
173.7 -1.86437 0.245087
173.8 -1.84484 0.196536
173.9 -1.82496 0.148501
174 -1.80469 0.100991
174.1 -1.78402 0.0540175
174.2 -1.76292 0.00759045
174.3 -1.74136 -0.0382783
174.4 -1.71931 -0.0835764
174.5 -1.69674 -0.12829
174.6 -1.6736 -0.172406
174.7 -1.64984 -0.215908
174.8 -1.62543 -0.25878
174.9 -1.60029 -0.301003
175 -1.57437 -0.342558
175.1 -1.54758 -0.383424
175.2 -1.51984 -0.423575
175.3 -1.49103 -0.462987
175.4 -1.46104 -0.50163
175.5 -1.42971 -0.53947
175.6 -1.39687 -0.576471
175.7 -1.36229 -0.612589
175.8 -1.32569 -0.647777
175.9 -1.28675 -0.681977
176 -1.24501 -0.715122
176.1 -1.1999 -0.747132
176.2 -1.15068 -0.777908
176.3 -1.0963 -0.807332
176.4 -1.03533 -0.835249
176.5 -0.965715 -0.861463
176.6 -0.88438 -0.885708
176.7 -0.7866 -0.907622
176.8 -0.664792 -0.926684
176.9 -0.506312 -0.942111
177 -0.289572 -0.952689
177.1 0.021119 -0.95646
177.2 0.471482 -0.950356
177.3 1.05651 -0.930528
177.4 1.59726 -0.895389
177.5 1.89402 -0.849063
177.6 1.99764 -0.797766
177.7 2.02087 -0.745032
177.8 2.01683 -0.692139
177.9 2.00389 -0.639497
178 1.98795 -0.587243
178.1 1.97086 -0.535424
178.2 1.95323 -0.48406
178.3 1.93524 -0.433163
178.4 1.91692 -0.382741
178.5 1.89831 -0.332802
178.6 1.87938 -0.283355
178.7 1.86012 -0.234408
178.8 1.84052 -0.185969
178.9 1.82055 -0.138049
179 1.8002 -0.0906556
179.1 1.77944 -0.0438007
179.2 1.75824 0.00250512
179.3 1.73658 0.04825
179.4 1.71441 0.0934213
179.5 1.69172 0.138006
179.6 1.66845 0.181988
179.7 1.64455 0.225354
179.8 1.61999 0.268085
179.9 1.59468 0.310164
180 1.56858 0.35157
180.1 1.54159 0.392281
180.2 1.51362 0.432273
180.3 1.48457 0.471519
180.4 1.4543 0.509988
180.5 1.42265 0.547648
180.6 1.38945 0.584459
180.7 1.35445 0.620379
180.8 1.31738 0.655355
180.9 1.27786 0.68933
181 1.23544 0.722234
181.1 1.1895 0.753982
181.2 1.13925 0.784474
181.3 1.08357 0.813582
181.4 1.02091 0.841145
181.5 0.949034 0.866953
181.6 0.864577 0.890723
181.7 0.762315 0.912064
181.8 0.633792 0.930408
181.9 0.464808 0.944897
182 0.231109 0.954185
182.1 -0.106401 0.956098
182.2 -0.591017 0.947312
182.3 -1.18837 0.924087
182.4 -1.68505 0.885965
182.5 -1.92848 0.838078
182.6 -2.00692 0.786271
182.7 -2.02136 0.733438
182.8 -2.01445 0.680579
182.9 -2.00056 0.628015
183 -1.98427 0.575854
183.1 -1.96704 0.524133
183.2 -1.94932 0.472871
183.3 -1.93125 0.422077
183.4 -1.91287 0.37176
183.5 -1.89419 0.321929
183.6 -1.87519 0.272591
183.7 -1.85586 0.223754
183.8 -1.83618 0.175428
183.9 -1.81613 0.127622
184 -1.79569 0.0803458
184.1 -1.77483 0.0336102
184.2 -1.75353 -0.0125738
184.3 -1.73176 -0.0581941
184.4 -1.70949 -0.103238
184.5 -1.68667 -0.147692
184.6 -1.66327 -0.191541
184.7 -1.63923 -0.234769
184.8 -1.61451 -0.277359
184.9 -1.58904 -0.319292
185 -1.56274 -0.360547
185.1 -1.53555 -0.401103
185.2 -1.50735 -0.440934
185.3 -1.47804 -0.480013
185.4 -1.44749 -0.518308
185.5 -1.41552 -0.555785
185.6 -1.38195 -0.592405
185.7 -1.34652 -0.628123
185.8 -1.30894 -0.662885
185.9 -1.26884 -0.696632
186 -1.2257 -0.72929
186.1 -1.1789 -0.760773
186.2 -1.12756 -0.790973
186.3 -1.0705 -0.819758
186.4 -1.00605 -0.846956
186.5 -0.931756 -0.872345
186.6 -0.843931 -0.895622
186.7 -0.73679 -0.916363
186.8 -0.600887 -0.933949
186.9 -0.420259 -0.947437
187 -0.167714 -0.955331
187.1 0.198967 -0.955226
187.2 0.7169 -0.943563
187.3 1.31518 -0.916904
187.4 1.75937 -0.876073
187.5 1.9552 -0.826919
187.6 2.01338 -0.774733
187.7 2.02092 -0.721845
187.8 2.01176 -0.669034
187.9 1.99712 -0.616553
188 1.98055 -0.564486
188.1 1.96319 -0.512865
188.2 1.94539 -0.461704
188.3 1.92725 -0.411014
188.4 1.90881 -0.360803
188.5 1.89005 -0.311079
188.6 1.87098 -0.26185
188.7 1.85158 -0.213124
188.8 1.83182 -0.164911
188.9 1.81168 -0.117221
189 1.79115 -0.070062
189.1 1.7702 -0.0234462
189.2 1.74881 0.0226154
189.3 1.72693 0.0681106
189.4 1.70454 0.113026
189.5 1.6816 0.157349
189.6 1.65806 0.201063
189.7 1.63388 0.244153
189.8 1.609 0.286601
189.9 1.58335 0.328387
190 1.55687 0.369492
190.1 1.52946 0.409891
190.2 1.50103 0.44956
190.3 1.47146 0.488469
190.4 1.44061 0.526589
190.5 1.40831 0.563882
190.6 1.37435 0.600308
190.7 1.33849 0.635821
190.8 1.30039 0.670367
190.9 1.25967 0.703882
191 1.21579 0.73629
191.1 1.16808 0.767502
191.2 1.1156 0.797405
191.3 1.05709 0.825858
191.4 0.990723 0.852682
191.5 0.913836 0.877637
191.6 0.822371 0.9004
191.7 0.709909 0.920511
191.8 0.565879 0.937295
191.9 0.372324 0.949711
192 0.09887 0.956099
192.1 -0.299156 0.953802
192.2 -0.847605 0.939076
192.3 -1.43385 0.909017
192.4 -1.8208 0.865786
192.5 -1.97559 0.815628
192.6 -2.01761 0.763168
192.7 -2.01975 0.710257
192.8 -2.00883 0.657506
192.9 -1.99359 0.605111
193 -1.9768 0.55314
193.1 -1.95932 0.501618
193.2 -1.94144 0.45056
193.3 -1.92324 0.399975
193.4 -1.90473 0.349869
193.5 -1.8859 0.300253
193.6 -1.86676 0.251133
193.7 -1.84728 0.202519
193.8 -1.82744 0.15442
193.9 -1.80722 0.106845
194 -1.7866 0.0598042
194.1 -1.76556 0.0133088
194.2 -1.74406 -0.0326297
194.3 -1.72207 -0.0779992
194.4 -1.69956 -0.122786
194.5 -1.67649 -0.166977
194.6 -1.65282 -0.210556
194.7 -1.62849 -0.253507
194.8 -1.60345 -0.295811
194.9 -1.57762 -0.33745
195 -1.55095 -0.378402
195.1 -1.52333 -0.418644
195.2 -1.49466 -0.458149
195.3 -1.46482 -0.496888
195.4 -1.43367 -0.534829
195.5 -1.40102 -0.571936
195.6 -1.36667 -0.608167
195.7 -1.33034 -0.643473
195.8 -1.29171 -0.677798
195.9 -1.25034 -0.711078
196 -1.20569 -0.743233
196.1 -1.15703 -0.774168
196.2 -1.10336 -0.803767
196.3 -1.0433 -0.83188
196.4 -0.974896 -0.858317
196.5 -0.895225 -0.882824
196.6 -0.799819 -0.905051
196.7 -0.68154 -0.924501
196.8 -0.528542 -0.940434
196.9 -0.320621 -0.9517
197 -0.0240359 -0.956454
197.1 0.407095 -0.95178
197.2 0.980969 -0.933831
197.3 1.54175 -0.900478
197.4 1.87052 -0.855177
197.5 1.99087 -0.804238
197.6 2.02009 -0.751584
197.7 2.01801 -0.698679
197.8 2.00572 -0.645995
197.9 1.99 -0.59369
198 1.97302 -0.541815
198.1 1.95544 -0.490394
198.2 1.93748 -0.439439
198.3 1.91921 -0.388958
198.4 1.90063 -0.338959
198.5 1.88174 -0.289451
198.6 1.86252 -0.240441
198.7 1.84296 -0.191939
198.8 1.82304 -0.143954
198.9 1.80274 -0.0964947
199 1.78203 -0.0495726
199.1 1.76089 -0.00319813
199.2 1.73928 0.0426169
199.3 1.71719 0.0878599
199.4 1.69456 0.132518
199.5 1.67136 0.176576
199.6 1.64755 0.220018
199.7 1.62307 0.262829
199.8 1.59786 0.30499
199.9 1.57186 0.34648
200 1.54498 0.387278
