0 2 0
0.1 1.82735 0.0447121
0.2 1.75215 0.0868053
0.3 1.70919 0.127581
0.4 1.67844 0.167514
0.5 1.65247 0.206787
0.6 1.62828 0.245473
0.7 1.60453 0.283596
0.8 1.58062 0.321158
0.9 1.55623 0.35815
1 1.53117 0.39456
1.1 1.50531 0.430369
1.2 1.47851 0.465558
1.3 1.45066 0.500102
1.4 1.42161 0.533976
1.5 1.3912 0.567149
1.6 1.35923 0.599587
1.7 1.32546 0.63125
1.8 1.28958 0.662092
1.9 1.25122 0.692059
2 1.20986 0.721088
2.1 1.16485 0.7491
2.2 1.1153 0.775998
2.3 1.05994 0.801663
2.4 0.996999 0.825936
2.5 0.923795 0.848611
2.6 0.836207 0.869399
2.7 0.727555 0.88789
2.8 0.586507 0.903466
2.9 0.392987 0.915149
3 0.111061 0.921317
3.1 -0.315861 0.91925
3.2 -0.920095 0.90496
3.3 -1.53634 0.87567
3.4 -1.88248 0.834655
3.5 -1.99568 0.788514
3.6 -2.01956 0.741022
3.7 -2.01583 0.693392
3.8 -2.00381 0.645978
3.9 -1.98923 0.598886
4 -1.97373 0.552151
4.1 -1.95782 0.505788
4.2 -1.94162 0.459803
4.3 -1.92517 0.414203
4.4 -1.90849 0.368994
4.5 -1.89155 0.324182
4.6 -1.87435 0.279772
4.7 -1.85688 0.235771
4.8 -1.83912 0.192185
4.9 -1.82106 0.149022
5 -1.80268 0.106288
5.1 -1.78396 0.0639923
5.2 -1.76489 0.0221418
5.3 -1.74543 -0.0192545
5.4 -1.72558 -0.0601872
5.5 -1.70529 -0.100647
5.6 -1.68455 -0.140622
5.7 -1.66331 -0.180103
5.8 -1.64154 -0.219076
5.9 -1.61919 -0.25753
6 -1.59623 -0.295449
6.1 -1.57259 -0.332818
6.2 -1.54821 -0.369622
6.3 -1.52302 -0.405841
6.4 -1.49694 -0.441456
6.5 -1.46986 -0.476444
6.6 -1.44167 -0.510781
6.7 -1.41222 -0.544438
6.8 -1.38135 -0.577384
6.9 -1.34885 -0.609583
7 -1.31446 -0.640994
7.1 -1.27785 -0.671569
7.2 -1.23861 -0.70125
7.3 -1.1962 -0.729969
7.4 -1.14988 -0.757644
7.5 -1.09866 -0.784171
7.6 -1.04116 -0.809419
7.7 -0.975344 -0.833217
7.8 -0.898173 -0.855337
7.9 -0.804874 -0.875458
8 -0.687605 -0.893115
8.1 -0.532866 -0.907601
8.2 -0.316522 -0.917773
8.3 0.00397514 -0.921722
8.4 0.487753 -0.916293
8.5 1.12746 -0.897394
8.6 1.67935 -0.863771
8.7 1.93457 -0.820507
8.8 2.0085 -0.773706
8.9 2.01999 -0.726101
9 2.01255 -0.678518
9.1 1.9994 -0.631199
9.2 1.98444 -0.584216
9.3 1.96878 -0.537597
9.4 1.95277 -0.491351
9.5 1.9365 -0.445486
9.6 1.91998 -0.400008
9.7 1.90321 -0.354923
9.8 1.88619 -0.310236
9.9 1.86891 -0.265953
10 1.85135 -0.222082
10.1 1.8335 -0.178627
10.2 1.81534 -0.135598
10.3 1.79686 -0.0930003
10.4 1.77803 -0.0508428
10.5 1.75884 -0.00913352
10.6 1.73926 0.0321186
10.7 1.71927 0.0729043
10.8 1.69885 0.113213
10.9 1.67795 0.153035
11 1.65655 0.192358
11.1 1.63461 0.23117
11.2 1.61207 0.269458
11.3 1.58891 0.307207
11.4 1.56504 0.344401
11.5 1.54042 0.381024
11.6 1.51496 0.417056
11.7 1.48858 0.452477
11.8 1.46116 0.487264
11.9 1.43259 0.521391
12 1.40272 0.554829
12.1 1.37137 0.587546
12.2 1.3383 0.619503
12.3 1.30326 0.650658
12.4 1.26588 0.68096
12.5 1.22571 0.710348
12.6 1.18216 0.73875
12.7 1.13443 0.766077
12.8 1.08142 0.792219
12.9 1.02157 0.817034
13 0.952588 0.840335
13.1 0.870991 0.861869
13.2 0.77123 0.881278
13.3 0.644056 0.898034
13.4 0.473323 0.911319
13.5 0.230027 0.919798
13.6 -0.135284 0.921219
13.7 -0.677206 0.912
13.8 -1.32632 0.888323
13.9 -1.7896 0.850922
14 -1.96959 0.806046
14.1 -2.01577 0.758831
14.2 -2.01876 0.711187
14.3 -2.00877 0.663672
14.4 -1.99483 0.616453
14.5 -1.97959 0.569583
14.6 -1.9638 0.523079
14.7 -1.94771 0.476952
14.8 -1.93135 0.431208
14.9 -1.91476 0.385852
15 -1.89791 0.340891
15.1 -1.88081 0.29633
15.2 -1.86344 0.252175
15.3 -1.84579 0.208433
15.4 -1.82785 0.165111
15.5 -1.80959 0.122216
15.6 -1.791 0.0797555
15.7 -1.77206 0.0377374
15.8 -1.75275 -0.00382974
15.9 -1.73305 -0.0449369
16 -1.71293 -0.0855745
16.1 -1.69236 -0.125732
16.2 -1.67131 -0.165399
16.3 -1.64974 -0.204564
16.4 -1.62762 -0.243213
16.5 -1.60489 -0.281334
16.6 -1.58151 -0.318911
16.7 -1.55742 -0.355928
16.8 -1.53254 -0.392368
16.9 -1.5068 -0.428211
17 -1.48011 -0.463437
17.1 -1.45235 -0.49802
17.2 -1.42339 -0.531934
17.3 -1.39308 -0.56515
17.4 -1.36121 -0.597634
17.5 -1.32756 -0.629345
17.6 -1.29183 -0.660238
17.7 -1.25363 -0.690261
17.8 -1.21247 -0.719348
17.9 -1.16771 -0.747425
18 -1.11846 -0.774394
18.1 -1.06351 -0.800138
18.2 -1.00109 -0.824501
18.3 -0.928611 -0.84728
18.4 -0.842056 -0.868194
18.5 -0.734949 -0.886839
18.6 -0.59633 -0.902616
18.7 -0.406829 -0.914573
18.8 -0.131719 -0.921142
18.9 0.284623 -0.919681
19 0.879794 -0.906253
19.1 1.50482 -0.877854
19.2 1.86988 -0.837357
19.3 1.99235 -0.791382
19.4 2.01923 -0.743923
19.5 2.01639 -0.696287
19.6 2.00465 -0.648855
19.7 1.99015 -0.601742
19.8 1.97469 -0.554985
19.9 1.95879 -0.508599
20 1.94261 -0.462591
20.1 1.92618 -0.416968
20.2 1.90951 -0.371735
20.3 1.89259 -0.326898
20.4 1.8754 -0.282464
20.5 1.85795 -0.238437
20.6 1.84021 -0.194826
20.7 1.82217 -0.151637
20.8 1.80381 -0.108877
20.9 1.78511 -0.0665541
21 1.76606 -0.0246763
21.1 1.74663 0.0167479
21.2 1.7268 0.0577091
21.3 1.70654 0.0981976
21.4 1.68582 0.138203
21.5 1.66461 0.177714
21.6 1.64288 0.216719
21.7 1.62057 0.255204
21.8 1.59765 0.293156
21.9 1.57405 0.33056
22 1.54972 0.367398
22.1 1.52458 0.403654
22.2 1.49856 0.439306
22.3 1.47154 0.474333
22.4 1.44342 0.50871
22.5 1.41405 0.542409
22.6 1.38328 0.575399
22.7 1.35088 0.607645
22.8 1.31662 0.639106
22.9 1.28015 0.669733
23 1.24109 0.69947
23.1 1.19888 0.72825
23.2 1.15283 0.755991
23.3 1.10194 0.782591
23.4 1.04487 0.807921
23.5 0.979637 0.831814
23.6 0.903272 0.854043
23.7 0.811138 0.874298
23.8 0.695639 0.892123
23.9 0.543729 0.906828
24 0.332125 0.917307
24.1 0.0196049 0.92171
24.2 -0.452875 0.916969
24.3 -1.08742 0.898985
24.4 -1.65412 0.866167
24.5 -1.92595 0.823287
24.6 -2.0065 0.776592
24.7 -2.02006 0.729003
24.8 -2.01323 0.681408
24.9 -2.00028 0.63407
25 -1.98537 0.587066
25.1 -1.96975 0.540424
25.2 -1.95376 0.494155
25.3 -1.9375 0.448267
25.4 -1.92099 0.402766
25.5 -1.90424 0.357656
25.6 -1.88724 0.312944
25.7 -1.86997 0.268637
25.8 -1.85243 0.22474
25.9 -1.83459 0.18126
26 -1.81645 0.138205
26.1 -1.79799 0.0955807
26.2 -1.77919 0.0533961
26.3 -1.76002 0.0116594
26.4 -1.74047 -0.0296209
26.5 -1.7205 -0.0704352
26.6 -1.7001 -0.110774
26.7 -1.67924 -0.150625
26.8 -1.65787 -0.189979
26.9 -1.63596 -0.228823
27 -1.61346 -0.267143
27.1 -1.59034 -0.304925
27.2 -1.56652 -0.342154
27.3 -1.54194 -0.378812
27.4 -1.51654 -0.41488
27.5 -1.49021 -0.450339
27.6 -1.46286 -0.485165
27.7 -1.43437 -0.519333
27.8 -1.40458 -0.552814
27.9 -1.37332 -0.585576
28 -1.34037 -0.617581
28.1 -1.30545 -0.648786
28.2 -1.26823 -0.679141
28.3 -1.22824 -0.708586
28.4 -1.18492 -0.737051
28.5 -1.13747 -0.764446
28.6 -1.08482 -0.790664
28.7 -1.02544 -0.815564
28.8 -0.957104 -0.838964
28.9 -0.876408 -0.860614
29 -0.777967 -0.880166
29.1 -0.652831 -0.897103
29.2 -0.485409 -0.910631
29.3 -0.247712 -0.919455
29.4 0.108387 -0.921394
29.5 0.639152 -0.912945
29.6 1.2889 -0.8902
29.7 1.77065 -0.853484
29.8 1.96387 -0.808877
29.9 2.0147 -0.761727
30 2.01911 -0.714086
30.1 2.00954 -0.666556
30.2 1.99573 -0.619318
30.3 1.98054 -0.572425
30.4 1.96478 -0.525899
30.5 1.94869 -0.479749
30.6 1.93235 -0.433981
30.7 1.91577 -0.388602
30.8 1.89894 -0.343616
30.9 1.88186 -0.299031
31 1.86451 -0.254851
31.1 1.84688 -0.211084
31.2 1.82895 -0.167736
31.3 1.81071 -0.124815
31.4 1.79214 -0.0823274
31.5 1.77322 -0.0402821
31.6 1.75394 0.0013127
31.7 1.73426 0.0424481
31.8 1.71417 0.0831145
31.9 1.69362 0.123302
32 1.6726 0.162999
32.1 1.65107 0.202194
32.2 1.62898 0.240876
32.3 1.60629 0.279029
32.4 1.58296 0.316639
32.5 1.55891 0.353691
32.6 1.53408 0.390167
32.7 1.5084 0.426047
32.8 1.48176 0.461311
32.9 1.45407 0.495934
33 1.42519 0.52989
33.1 1.39496 0.563149
33.2 1.3632 0.595678
33.3 1.32967 0.627437
33.4 1.29407 0.658382
33.5 1.25603 0.688459
33.6 1.21507 0.717606
33.7 1.17055 0.745746
33.8 1.12161 0.772786
33.9 1.06704 0.798608
34 1.00515 0.823061
34.1 0.933375 0.845944
34.2 0.84783 0.866981
34.3 0.742227 0.885779
34.4 0.605968 0.901753
34.5 0.420359 0.91398
34.6 0.151851 0.920938
34.7 -0.254113 0.920067
34.8 -0.839704 0.907488
34.9 -1.47219 0.879991
35 -1.85636 0.84004
35.1 -1.98869 0.794245
35.2 -2.01879 0.746823
35.3 -2.01692 0.699182
35.4 -2.00547 0.651734
35.5 -1.99107 0.6046
35.6 -1.97565 0.557821
35.7 -1.95977 0.511412
35.8 -1.9436 0.465381
35.9 -1.92719 0.419734
36 -1.91053 0.374477
36.1 -1.89362 0.329616
36.2 -1.87646 0.285157
36.3 -1.85902 0.241105
36.4 -1.8413 0.197469
36.5 -1.82327 0.154254
36.6 -1.80493 0.111467
36.7 -1.78626 0.0691176
36.8 -1.76723 0.0272124
36.9 -1.74782 -0.0142396
37 -1.72802 -0.0552292
37.1 -1.70778 -0.0957468
37.2 -1.6871 -0.135782
37.3 -1.66592 -0.175323
37.4 -1.64422 -0.214359
37.5 -1.62195 -0.252877
37.6 -1.59906 -0.290862
37.7 -1.57551 -0.328299
37.8 -1.55122 -0.365172
37.9 -1.52614 -0.401464
38 -1.50017 -0.437153
38.1 -1.47321 -0.472219
38.2 -1.44516 -0.506636
38.3 -1.41588 -0.540378
38.4 -1.38519 -0.573412
38.5 -1.35291 -0.605705
38.6 -1.31876 -0.637214
38.7 -1.28244 -0.667893
38.8 -1.24355 -0.697687
38.9 -1.20155 -0.726527
39 -1.15576 -0.754334
39.1 -1.1052 -0.781007
39.2 -1.04856 -0.806419
39.3 -0.98389 -0.830404
39.4 -0.908313 -0.852743
39.5 -0.817317 -0.873129
39.6 -0.70354 -0.891118
39.7 -0.554376 -0.906039
39.8 -0.34736 -0.916819
39.9 -0.0425841 -0.921666
40 0.418687 -0.917595
40.1 1.04715 -0.900518
40.2 1.62763 -0.868524
40.3 1.91665 -0.826054
40.4 2.00429 -0.779475
40.5 2.02006 -0.731904
40.6 2.0139 -0.684299
40.7 2.00114 -0.636942
40.8 1.98631 -0.589917
40.9 1.97071 -0.543252
41 1.95474 -0.496961
41.1 1.93849 -0.451049
41.2 1.922 -0.405524
41.3 1.90527 -0.36039
41.4 1.88828 -0.315655
41.5 1.87103 -0.271322
41.6 1.8535 -0.2274
41.7 1.83569 -0.183895
41.8 1.81757 -0.140813
41.9 1.79912 -0.0981627
42 1.78034 -0.0559512
42.1 1.7612 -0.0141869
42.2 1.74167 0.0271214
42.3 1.72173 0.0679643
42.4 1.70136 0.108332
42.5 1.68052 0.148214
42.6 1.65918 0.187598
42.7 1.63731 0.226473
42.8 1.61485 0.264826
42.9 1.59176 0.302641
43 1.56799 0.339904
43.1 1.54346 0.376597
43.2 1.51811 0.412702
43.3 1.49184 0.448199
43.4 1.46456 0.483064
43.5 1.43614 0.517273
43.6 1.40643 0.550797
43.7 1.37527 0.583603
43.8 1.34243 0.615655
43.9 1.30764 0.64691
44 1.27057 0.677318
44.1 1.23077 0.706821
44.2 1.18766 0.735348
44.3 1.14049 0.762811
44.4 1.0882 0.789104
44.5 1.02929 0.81409
44.6 0.961576 0.837587
44.7 0.881759 0.859352
44.8 0.784608 0.879044
44.9 0.661454 0.89616
45 0.497242 0.909926
45.1 0.264964 0.919087
45.2 -0.0821632 0.92153
45.3 -0.601649 0.913836
45.4 -1.25079 0.892024
45.5 -1.75054 0.856017
45.6 -1.95766 0.811699
45.7 -2.01348 0.764621
45.8 -2.0194 0.716985
45.9 -2.01029 0.669442
46 -1.99663 0.622183
46.1 -1.98148 0.575269
46.2 -1.96574 0.528721
46.3 -1.94968 0.482547
46.4 -1.93336 0.436756
46.5 -1.91679 0.391353
46.6 -1.89998 0.346343
46.7 -1.88291 0.301733
46.8 -1.86557 0.257528
46.9 -1.84796 0.213736
47 -1.83005 0.170362
47.1 -1.81183 0.127415
47.2 -1.79328 0.084901
47.3 -1.77439 0.0428286
47.4 -1.75512 0.00120606
47.5 -1.73547 -0.0399576
47.6 -1.7154 -0.0806528
47.7 -1.69489 -0.12087
47.8 -1.6739 -0.160597
47.9 -1.6524 -0.199823
48 -1.63034 -0.238536
48.1 -1.60769 -0.276722
48.2 -1.5844 -0.314366
48.3 -1.56039 -0.351452
48.4 -1.53562 -0.387964
48.5 -1.50999 -0.423881
48.6 -1.48341 -0.459182
48.7 -1.45579 -0.493845
48.8 -1.42698 -0.527842
48.9 -1.39684 -0.561145
49 -1.36518 -0.59372
49.1 -1.33176 -0.625527
49.2 -1.2963 -0.656523
49.3 -1.25842 -0.686654
49.4 -1.21766 -0.71586
49.5 -1.17338 -0.744064
49.6 -1.12474 -0.771174
49.7 -1.07056 -0.797074
49.8 -1.00916 -0.821615
49.9 -0.938089 -0.8446
50 -0.853531 -0.865759
50.1 -0.749395 -0.884708
50.2 -0.615428 -0.900876
50.3 -0.433589 -0.913366
50.4 -0.171477 -0.920706
50.5 0.224321 -0.920411
50.6 0.799885 -0.908666
50.7 1.43849 -0.882081
50.8 1.84188 -0.842703
50.9 1.98469 -0.797103
51 2.01825 -0.749723
51.1 2.01742 -0.702079
51.2 2.00629 -0.654613
51.3 1.99198 -0.607459
51.4 1.9766 -0.560658
51.5 1.96075 -0.514226
51.6 1.9446 -0.468171
51.7 1.9282 -0.422501
51.8 1.91155 -0.37722
51.9 1.89466 -0.332335
52 1.87751 -0.287851
52.1 1.86009 -0.243775
52.2 1.84238 -0.200113
52.3 1.82438 -0.156872
52.4 1.80606 -0.114059
52.5 1.7874 -0.0716828
52.6 1.7684 -0.0297503
52.7 1.74902 0.0117296
52.8 1.72923 0.0527477
52.9 1.70903 0.0932943
53 1.68837 0.133359
53.1 1.66722 0.172931
53.2 1.64555 0.211998
53.3 1.62332 0.250547
53.4 1.60047 0.288565
53.5 1.57696 0.326036
53.6 1.55272 0.362945
53.7 1.52769 0.399272
53.8 1.50177 0.434999
53.9 1.47489 0.470103
54 1.44691 0.50456
54.1 1.4177 0.538344
54.2 1.38711 0.571422
54.3 1.35492 0.603761
54.4 1.3209 0.63532
54.5 1.28472 0.666051
54.6 1.246 0.6959
54.7 1.20421 0.7248
54.8 1.15867 0.752673
54.9 1.10844 0.779418
55 1.05221 0.804911
55.1 0.988102 0.828989
55.2 0.913297 0.851436
55.3 0.823413 0.871951
55.4 0.711314 0.890103
55.5 0.564814 0.905236
55.6 0.362242 0.91631
55.7 0.0649777 0.921588
55.8 -0.385202 0.918172
55.9 -1.00674 0.901994
56 -1.59989 0.870843
56.1 -1.90662 0.828807
56.2 -2.00183 0.782355
56.3 -2.01999 0.734805
56.4 -2.01454 0.687191
56.5 -2.002 0.639816
56.6 -1.98724 0.592769
56.7 -1.97167 0.546082
56.8 -1.95572 0.499768
56.9 -1.93949 0.453833
57 -1.92301 0.408284
57.1 -1.90629 0.363126
57.2 -1.88932 0.318366
57.3 -1.87209 0.274009
57.4 -1.85458 0.230062
57.5 -1.83678 0.186531
57.6 -1.81868 0.143423
57.7 -1.80026 0.100746
57.8 -1.78149 0.0585079
57.9 -1.76237 0.0167161
58 -1.74287 -0.0246202
58.1 -1.72296 -0.0654917
58.2 -1.70261 -0.105889
58.3 -1.6818 -0.1458
58.4 -1.6605 -0.185215
58.5 -1.63866 -0.224122
58.6 -1.61624 -0.262506
58.7 -1.59319 -0.300355
58.8 -1.56945 -0.337652
58.9 -1.54498 -0.37438
59 -1.51968 -0.410522
59.1 -1.49347 -0.446056
59.2 -1.46625 -0.48096
59.3 -1.4379 -0.51521
59.4 -1.40828 -0.548776
59.5 -1.37721 -0.581627
59.6 -1.34448 -0.613726
59.7 -1.30982 -0.645031
59.8 -1.2729 -0.675493
59.9 -1.23328 -0.705052
60 -1.1904 -0.733641
60.1 -1.1435 -0.761172
60.2 -1.09155 -0.78754
60.3 -1.0331 -0.812609
60.4 -0.966002 -0.836203
60.5 -0.887047 -0.858083
60.6 -0.791153 -0.877913
60.7 -0.669927 -0.895204
60.8 -0.508829 -0.909203
60.9 -0.281798 -0.918694
61 0.0565988 -0.92163
61.1 0.564734 -0.914674
61.2 1.21206 -0.893793
61.3 1.72921 -0.858519
61.4 1.95093 -0.814512
61.5 2.01209 -0.767514
61.6 2.01965 -0.719885
61.7 2.01103 -0.672329
61.8 1.99752 -0.62505
61.9 1.98242 -0.578115
62 1.96671 -0.531543
62.1 1.95066 -0.485347
62.2 1.93436 -0.439532
62.3 1.9178 -0.394105
62.4 1.90101 -0.349071
62.5 1.88395 -0.304437
62.6 1.86664 -0.260207
62.7 1.84904 -0.21639
62.8 1.83115 -0.17299
62.9 1.81295 -0.130017
63 1.79442 -0.0874762
63.1 1.77555 -0.0453767
63.2 1.75631 -0.00372653
63.3 1.73668 0.0374653
63.4 1.71664 0.0781894
63.5 1.69615 0.118436
63.6 1.67519 0.158193
63.7 1.65372 0.19745
63.8 1.6317 0.236195
63.9 1.60909 0.274413
64 1.58583 0.31209
64.1 1.56188 0.349211
64.2 1.53715 0.385758
64.3 1.51157 0.421712
64.4 1.48506 0.457051
64.5 1.4575 0.491754
64.6 1.42877 0.525793
64.7 1.39872 0.559139
64.8 1.36716 0.591758
64.9 1.33385 0.623614
65 1.29852 0.65466
65.1 1.26081 0.684846
65.2 1.22023 0.71411
65.3 1.17619 0.742377
65.4 1.12784 0.769557
65.5 1.07404 0.795535
65.6 1.01315 0.820164
65.7 0.942753 0.84325
65.8 0.85916 0.86453
65.9 0.756454 0.883628
66 0.624715 0.899986
66.1 0.446528 0.912735
66.2 0.190611 0.920446
66.3 -0.19524 0.920712
66.4 -0.760403 0.909787
66.5 -1.40378 0.884121
66.6 -1.82639 0.845344
66.7 -1.98032 0.799956
66.8 -2.0176 0.752622
66.9 -2.01789 0.704976
67 -2.00709 0.657494
67.1 -1.99289 0.610319
67.2 -1.97755 0.563496
67.3 -1.96172 0.517041
67.4 -1.94559 0.470964
67.5 -1.9292 0.42527
67.6 -1.91257 0.379965
67.7 -1.8957 0.335056
67.8 -1.87856 0.290547
67.9 -1.86116 0.246446
68 -1.84347 0.202759
68.1 -1.82548 0.159492
68.2 -1.80718 0.116653
68.3 -1.78855 0.0742495
68.4 -1.76956 0.0322898
68.5 -1.75021 -0.00921791
68.6 -1.73045 -0.0502644
68.7 -1.71027 -0.0908399
68.8 -1.68964 -0.130934
68.9 -1.66853 -0.170536
69 -1.64689 -0.209635
69.1 -1.62469 -0.248216
69.2 -1.60188 -0.286266
69.3 -1.57841 -0.323771
69.4 -1.55422 -0.360714
69.5 -1.52924 -0.397078
69.6 -1.50338 -0.432842
69.7 -1.47655 -0.467984
69.8 -1.44864 -0.502482
69.9 -1.41952 -0.536307
70 -1.38901 -0.56943
70.1 -1.35693 -0.601815
70.2 -1.32303 -0.633422
70.3 -1.28699 -0.664205
70.4 -1.24844 -0.694109
70.5 -1.20685 -0.72307
70.6 -1.16156 -0.751007
70.7 -1.11165 -0.777824
70.8 -1.05583 -0.803398
70.9 -0.992275 -0.827567
71 -0.918227 -0.850121
71.1 -0.829428 -0.870765
71.2 -0.718962 -0.889076
71.3 -0.57505 -0.904418
71.4 -0.37678 -0.915779
71.5 -0.0868011 -0.921479
71.6 0.35243 -0.918701
71.7 0.966283 -0.903411
71.8 1.57092 -0.87312
71.9 1.89582 -0.831545
72 1.99912 -0.785231
72.1 2.01984 -0.737706
72.2 2.01515 -0.690084
72.3 2.00285 -0.64269
72.4 1.98817 -0.595623
72.5 1.97264 -0.548914
72.6 1.9567 -0.502576
72.7 1.94048 -0.456618
72.8 1.92402 -0.411045
72.9 1.90732 -0.365864
73 1.89036 -0.321079
73.1 1.87314 -0.276697
73.2 1.85565 -0.232725
73.3 1.83787 -0.189169
73.4 1.81979 -0.146035
73.5 1.80139 -0.103332
73.6 1.78265 -0.0610662
73.7 1.76355 -0.019247
73.8 1.74407 0.0221173
73.9 1.72418 0.0630174
74 1.70386 0.103443
74.1 1.68308 0.143385
74.2 1.66181 0.182831
74.3 1.64 0.221768
74.4 1.61762 0.260185
74.5 1.59461 0.298066
74.6 1.57092 0.335397
74.7 1.54649 0.372161
74.8 1.52124 0.408339
74.9 1.49509 0.443911
75 1.46794 0.478854
75.1 1.43966 0.513144
75.2 1.41012 0.546753
75.3 1.37915 0.579649
75.4 1.34653 0.611795
75.5 1.31199 0.643149
75.6 1.27522 0.673664
75.7 1.23577 0.70328
75.8 1.19311 0.73193
75.9 1.14649 0.759528
76 1.09489 0.78597
76.1 1.03688 0.811123
76.2 0.970386 0.834813
76.3 0.892274 0.856805
76.4 0.797607 0.876772
76.5 0.678257 0.894236
76.6 0.520178 0.908465
76.7 0.298226 0.918277
76.8 -0.0316811 0.921693
76.9 -0.52844 0.915459
77 -1.17282 0.895506
77.1 -1.70666 0.860989
77.2 -1.94364 0.817316
77.3 -2.01052 0.770405
77.4 -2.01984 0.722786
77.5 -2.01175 0.675217
77.6 -1.9984 0.627919
77.7 -1.98337 0.580961
77.8 -1.96768 0.534367
77.9 -1.95165 0.488148
78 -1.93536 0.44231
78.1 -1.91882 0.396859
78.2 -1.90204 0.351801
78.3 -1.885 0.307142
78.4 -1.8677 0.262888
78.5 -1.85012 0.219045
78.6 -1.83225 0.17562
78.7 -1.81406 0.13262
78.8 -1.79556 0.0900531
78.9 -1.77671 0.0479265
79 -1.75749 0.00624871
79.1 -1.73789 -0.0349713
79.2 -1.71787 -0.0757241
79.3 -1.69741 -0.116
79.4 -1.67648 -0.155787
79.5 -1.65504 -0.195075
79.6 -1.63306 -0.233851
79.7 -1.61048 -0.272102
79.8 -1.58727 -0.309813
79.9 -1.56336 -0.346968
80 -1.53868 -0.38355
80.1 -1.51316 -0.419541
80.2 -1.4867 -0.454918
80.3 -1.45921 -0.48966
80.4 -1.43056 -0.52374
80.5 -1.40059 -0.557129
80.6 -1.36912 -0.589794
80.7 -1.33593 -0.621697
80.8 -1.30074 -0.652794
80.9 -1.26318 -0.683034
81 -1.2228 -0.712356
81.1 -1.17898 -0.740687
81.2 -1.13093 -0.767936
81.3 -1.0775 -0.79399
81.4 -1.0171 -0.818706
81.5 -0.94737 -0.841894
81.6 -0.86472 -0.863293
81.7 -0.763408 -0.882537
81.8 -0.633833 -0.899082
81.9 -0.459187 -0.912084
82 -0.209268 -0.920159
82.1 0.166865 -0.920971
82.2 0.72132 -0.910851
82.3 1.36813 -0.886111
82.4 1.80985 -0.847962
82.5 1.97556 -0.802802
82.6 2.01682 -0.75552
82.7 2.01832 -0.707874
82.8 2.00788 -0.660376
82.9 1.9938 -0.613181
83 1.9785 -0.566336
83.1 1.96269 -0.519858
83.2 1.94658 -0.473758
83.3 1.93021 -0.42804
83.4 1.91359 -0.382712
83.5 1.89673 -0.337778
83.6 1.87961 -0.293245
83.7 1.86223 -0.249119
83.8 1.84456 -0.205406
83.9 1.82659 -0.162113
84 1.80831 -0.119248
84.1 1.78969 -0.0768179
84.2 1.77073 -0.0348309
84.3 1.7514 0.00670451
84.4 1.73166 0.0477793
84.5 1.71151 0.0883838
84.6 1.69091 0.128508
84.7 1.66982 0.16814
84.8 1.64822 0.207269
84.9 1.62606 0.245882
85 1.60329 0.283966
85.1 1.57986 0.321504
85.2 1.55572 0.358482
85.3 1.53078 0.394881
85.4 1.50498 0.430682
85.5 1.47821 0.465864
85.6 1.45037 0.500401
85.7 1.42133 0.534268
85.8 1.39091 0.567434
85.9 1.35893 0.599865
86 1.32515 0.631521
86.1 1.28925 0.662356
86.2 1.25087 0.692315
86.3 1.20948 0.721335
86.4 1.16444 0.749338
86.5 1.11484 0.776226
86.6 1.05943 0.801879
86.7 0.99641 0.82614
86.8 0.923103 0.848799
86.9 0.835365 0.86957
87 0.72649 0.888038
87.1 0.585089 0.903585
87.2 0.390986 0.915228
87.3 0.10807 0.921339
87.4 -0.320376 0.919184
87.5 -0.925856 0.90477
87.6 -1.54074 0.875354
87.7 -1.88421 0.834267
87.8 -1.99613 0.788104
87.9 -2.0196 0.740608
88 -2.01575 0.692978
88.1 -2.00369 0.645566
88.2 -1.98909 0.598478
88.3 -1.97359 0.551746
88.4 -1.95768 0.505386
88.5 -1.94148 0.459405
88.6 -1.92503 0.413808
88.7 -1.90834 0.368603
88.8 -1.8914 0.323794
88.9 -1.8742 0.279387
89 -1.85672 0.23539
89.1 -1.83896 0.191808
89.2 -1.8209 0.148648
89.3 -1.80252 0.105918
89.4 -1.7838 0.0636262
89.5 -1.76472 0.0217796
89.6 -1.74526 -0.0196126
89.7 -1.7254 -0.0605413
89.8 -1.70511 -0.100997
89.9 -1.68436 -0.140968
90 -1.66312 -0.180444
90.1 -1.64135 -0.219413
90.2 -1.619 -0.257862
90.3 -1.59603 -0.295776
90.4 -1.57238 -0.333141
90.5 -1.548 -0.36994
90.6 -1.5228 -0.406154
90.7 -1.49671 -0.441763
90.8 -1.46962 -0.476746
90.9 -1.44142 -0.511076
91 -1.41196 -0.544727
91.1 -1.38108 -0.577667
91.2 -1.34856 -0.60986
91.3 -1.31415 -0.641264
91.4 -1.27753 -0.671831
91.5 -1.23826 -0.701504
91.6 -1.19581 -0.730215
91.7 -1.14946 -0.75788
91.8 -1.09819 -0.784396
91.9 -1.04063 -0.809632
92 -0.974727 -0.833417
92.1 -0.89744 -0.855521
92.2 -0.803971 -0.875623
92.3 -0.686446 -0.893256
92.4 -0.531295 -0.90771
92.5 -0.314261 -0.917838
92.6 0.00739585 -0.921721
92.7 0.492795 -0.916193
92.8 1.13316 -0.897162
92.9 1.68286 -0.863426
93 1.93575 -0.820109
93.1 2.00876 -0.773293
93.2 2.01998 -0.725687
93.3 2.01245 -0.678105
93.4 1.99928 -0.630788
93.5 1.9843 -0.583809
93.6 1.96865 -0.537193
93.7 1.95263 -0.49095
93.8 1.93635 -0.445089
93.9 1.91983 -0.399614
94 1.90307 -0.354532
94.1 1.88604 -0.309849
94.2 1.86876 -0.26557
94.3 1.8512 -0.221702
94.4 1.83334 -0.178251
94.5 1.81518 -0.135225
94.6 1.79669 -0.0926316
94.7 1.77786 -0.0504779
94.8 1.75867 -0.0087726
94.9 1.73909 0.0324755
95 1.7191 0.0732571
95.1 1.69867 0.113562
95.2 1.67777 0.15338
95.3 1.65636 0.192698
95.4 1.63441 0.231506
95.5 1.61188 0.269789
95.6 1.5887 0.307533
95.7 1.56483 0.344723
95.8 1.5402 0.38134
95.9 1.51473 0.417367
96 1.48834 0.452783
96.1 1.46092 0.487564
96.2 1.43234 0.521685
96.3 1.40246 0.555117
96.4 1.37109 0.587827
96.5 1.33801 0.619778
96.6 1.30294 0.650926
96.7 1.26554 0.681219
96.8 1.22534 0.710599
96.9 1.18176 0.738992
97 1.13399 0.76631
97.1 1.08093 0.792441
97.2 1.02101 0.817243
97.3 0.951939 0.84053
97.4 0.870212 0.862047
97.5 0.770259 0.881436
97.6 0.642789 0.898166
97.7 0.471574 0.911416
97.8 0.227463 0.919845
97.9 -0.139185 0.921191
98 -0.682688 0.91186
98.1 -1.3316 0.88805
98.2 -1.79221 0.850554
98.3 -1.97036 0.805641
98.4 -2.01591 0.758417
98.5 -2.01871 0.710772
98.6 -2.00866 0.66326
98.7 -1.99471 0.616044
98.8 -1.97945 0.569177
98.9 -1.96367 0.522676
99 -1.94756 0.476553
99.1 -1.93121 0.430812
99.2 -1.91461 0.385459
99.3 -1.89776 0.340501
99.4 -1.88066 0.295944
99.5 -1.86329 0.251793
99.6 -1.84564 0.208055
99.7 -1.82769 0.164736
99.8 -1.80943 0.121845
99.9 -1.79084 0.079388
100 -1.7719 0.0373738
100.1 -1.75258 -0.00418941
100.2 -1.73288 -0.0452925
100.3 -1.71275 -0.085926
100.4 -1.69218 -0.126079
100.5 -1.67112 -0.165742
100.6 -1.64955 -0.204902
100.7 -1.62742 -0.243547
100.8 -1.60469 -0.281663
100.9 -1.58131 -0.319235
101 -1.55721 -0.356248
101.1 -1.53232 -0.392683
101.2 -1.50658 -0.428521
101.3 -1.47987 -0.46374
101.4 -1.4521 -0.498318
101.5 -1.42313 -0.532226
101.6 -1.39281 -0.565436
101.7 -1.36093 -0.597913
101.8 -1.32726 -0.629617
101.9 -1.29151 -0.660503
102 -1.25328 -0.690518
102.1 -1.2121 -0.719597
102.2 -1.1673 -0.747664
102.3 -1.11801 -0.774624
102.4 -1.063 -0.800356
102.5 -1.00051 -0.824707
102.6 -0.927926 -0.847471
102.7 -0.841224 -0.868366
102.8 -0.733899 -0.88699
102.9 -0.594938 -0.902738
103 -0.40487 -0.914657
103.1 -0.128799 -0.921169
103.2 0.289043 -0.919622
103.3 0.885543 -0.906072
103.4 1.5094 -0.877544
103.5 1.87173 -0.836972
103.6 1.99284 -0.790973
103.7 2.01928 -0.743508
103.8 2.01631 -0.695873
103.9 2.00453 -0.648444
104 1.99002 -0.601334
104.1 1.97455 -0.55458
104.2 1.95865 -0.508197
104.3 1.94247 -0.462192
104.4 1.92604 -0.416572
104.5 1.90936 -0.371343
104.6 1.89244 -0.32651
104.7 1.87525 -0.282079
104.8 1.8578 -0.238056
104.9 1.84005 -0.194449
105 1.82201 -0.151263
105.1 1.80364 -0.108507
105.2 1.78495 -0.0661878
105.3 1.76589 -0.0243139
105.4 1.74646 0.0171063
105.5 1.72662 0.0580634
105.6 1.70636 0.0985478
105.7 1.68564 0.138549
105.8 1.66443 0.178056
105.9 1.64269 0.217056
106 1.62037 0.255537
106.1 1.59744 0.293484
106.2 1.57384 0.330883
106.3 1.5495 0.367716
106.4 1.52436 0.403967
106.5 1.49832 0.439613
106.6 1.4713 0.474635
106.7 1.44317 0.509006
106.8 1.41379 0.542699
106.9 1.383 0.575683
107 1.35059 0.607923
107.1 1.31631 0.639376
107.2 1.27983 0.669996
107.3 1.24074 0.699725
107.4 1.1985 0.728496
107.5 1.15241 0.756228
107.6 1.10148 0.782817
107.7 1.04434 0.808136
107.8 0.979026 0.832015
107.9 0.902547 0.854229
108 0.810248 0.874464
108.1 0.694498 0.892265
108.2 0.54219 0.906939
108.3 0.329917 0.917375
108.4 0.0162714 0.921714
108.5 -0.457819 0.916875
108.6 -1.09316 0.898761
108.7 -1.6578 0.865826
108.8 -1.92722 0.82289
108.9 -2.0068 0.776179
109 -2.02006 0.728588
109.1 -2.01314 0.680995
109.2 -2.00015 0.633659
109.3 -1.98524 0.586659
109.4 -1.96961 0.54002
109.5 -1.95362 0.493754
109.6 -1.93735 0.44787
109.7 -1.92085 0.402371
109.8 -1.90409 0.357265
109.9 -1.88709 0.312557
110 -1.86982 0.268253
110.1 -1.85227 0.22436
110.2 -1.83444 0.180884
110.3 -1.81629 0.137832
110.4 -1.79783 0.0952117
110.5 -1.77902 0.053031
110.6 -1.75985 0.0112982
110.7 -1.74029 -0.029978
110.8 -1.72033 -0.0707882
110.9 -1.69992 -0.111122
111 -1.67905 -0.15097
111.1 -1.65768 -0.190319
111.2 -1.63577 -0.229159
111.3 -1.61327 -0.267474
111.4 -1.59013 -0.305251
111.5 -1.56631 -0.342475
111.6 -1.54172 -0.379128
111.7 -1.51631 -0.415192
111.8 -1.48998 -0.450645
111.9 -1.46262 -0.485466
112 -1.43411 -0.519628
112.1 -1.40432 -0.553103
112.2 -1.37304 -0.585858
112.3 -1.34008 -0.617856
112.4 -1.30514 -0.649054
112.5 -1.26789 -0.679401
112.6 -1.22788 -0.708838
112.7 -1.18452 -0.737294
112.8 -1.13704 -0.76468
112.9 -1.08434 -0.790887
113 -1.02489 -0.815775
113.1 -0.956462 -0.83916
113.2 -0.875637 -0.860794
113.3 -0.77701 -0.880325
113.4 -0.651586 -0.897237
113.5 -0.483697 -0.91073
113.6 -0.245211 -0.919505
113.7 0.112191 -0.921371
113.8 0.644559 -0.912813
113.9 1.29429 -0.889935
114 1.77343 -0.853119
114.1 1.96472 -0.808472
114.2 2.01486 -0.761313
114.3 2.01906 -0.713671
114.4 2.00943 -0.666144
114.5 1.99561 -0.618908
114.6 1.9804 -0.572019
114.7 1.96464 -0.525496
114.8 1.94855 -0.479349
114.9 1.93221 -0.433585
115 1.91563 -0.388209
115.1 1.8988 -0.343227
115.2 1.88171 -0.298644
115.3 1.86436 -0.254468
115.4 1.84672 -0.210705
115.5 1.82879 -0.167361
115.6 1.81055 -0.124443
115.7 1.79198 -0.0819597
115.8 1.77306 -0.0399183
115.9 1.75377 0.00167261
116 1.73409 0.042804
116.1 1.71399 0.0834663
116.2 1.69344 0.123649
116.3 1.67242 0.163342
116.4 1.65088 0.202533
116.5 1.62879 0.24121
116.6 1.60609 0.279358
116.7 1.58275 0.316964
116.8 1.5587 0.354011
116.9 1.53386 0.390482
117 1.50817 0.426357
117.1 1.48153 0.461615
117.2 1.45383 0.496232
117.3 1.42493 0.530182
117.4 1.39469 0.563435
117.5 1.36292 0.595958
117.6 1.32937 0.62771
117.7 1.29375 0.658648
117.8 1.25569 0.688717
117.9 1.2147 0.717855
118 1.17015 0.745986
118.1 1.12116 0.773016
118.2 1.06654 0.798827
118.3 1.00457 0.823267
118.4 0.932697 0.846135
118.5 0.847009 0.867154
118.6 0.741194 0.885931
118.7 0.604602 0.901877
118.8 0.418443 0.914066
118.9 0.149005 0.920969
119 -0.258431 0.920015
119.1 -0.845419 0.907315
119.2 -1.47692 0.879688
119.3 -1.85835 0.839658
119.4 -1.98924 0.793836
119.5 -2.01886 0.746409
119.6 -2.01685 0.698768
119.7 -2.00535 0.651322
119.8 -1.99094 0.604191
119.9 -1.97551 0.557415
120 -1.95963 0.51101
120.1 -1.94346 0.464982
120.2 -1.92705 0.419338
120.3 -1.91039 0.374085
120.4 -1.89348 0.329227
120.5 -1.87631 0.284772
120.6 -1.85887 0.240724
120.7 -1.84114 0.197091
120.8 -1.82312 0.15388
120.9 -1.80477 0.111097
121 -1.78609 0.0687511
121.1 -1.76706 0.0268498
121.2 -1.74765 -0.0145982
121.3 -1.72784 -0.0555838
121.4 -1.70761 -0.0960973
121.5 -1.68691 -0.136128
121.6 -1.66573 -0.175665
121.7 -1.64403 -0.214697
121.8 -1.62175 -0.253209
121.9 -1.59886 -0.29119
122 -1.5753 -0.328622
122.1 -1.55101 -0.365491
122.2 -1.52592 -0.401777
122.3 -1.49994 -0.437461
122.4 -1.47298 -0.472521
122.5 -1.44492 -0.506933
122.6 -1.41562 -0.540668
122.7 -1.38492 -0.573697
122.8 -1.35262 -0.605982
122.9 -1.31845 -0.637485
123 -1.28212 -0.668157
123.1 -1.2432 -0.697942
123.2 -1.20117 -0.726774
123.3 -1.15534 -0.754571
123.4 -1.10474 -0.781234
123.5 -1.04803 -0.806634
123.6 -0.983284 -0.830606
123.7 -0.907596 -0.852929
123.8 -0.816439 -0.873296
123.9 -0.702419 -0.891262
124 -0.552867 -0.906153
124.1 -0.345204 -0.91689
124.2 -0.0393355 -0.921674
124.3 0.423531 -0.917508
124.4 1.05292 -0.900303
124.5 1.63149 -0.86819
124.6 1.91802 -0.825659
124.7 2.00462 -0.779063
124.8 2.02007 -0.731489
124.9 2.0138 -0.683886
125 2.00102 -0.636531
125.1 1.98618 -0.589509
125.2 1.97058 -0.542848
125.3 1.9546 -0.49656
125.4 1.93835 -0.450652
125.5 1.92186 -0.40513
125.6 1.90512 -0.359999
125.7 1.88813 -0.315267
125.8 1.87088 -0.270938
125.9 1.85335 -0.22702
126 1.83553 -0.183518
126.1 1.81741 -0.14044
126.2 1.79896 -0.0977935
126.3 1.78017 -0.0555858
126.4 1.76103 -0.0138255
126.5 1.7415 0.0274788
126.6 1.72156 0.0683177
126.7 1.70118 0.108681
126.8 1.68034 0.148559
126.9 1.659 0.187939
127 1.63712 0.226809
127.1 1.61465 0.265157
127.2 1.59156 0.302967
127.3 1.56778 0.340225
127.4 1.54324 0.376914
127.5 1.51788 0.413014
127.6 1.49161 0.448505
127.7 1.46432 0.483365
127.8 1.43588 0.517568
127.9 1.40617 0.551085
128 1.37499 0.583885
128.1 1.34214 0.61593
128.2 1.30733 0.647178
128.3 1.27023 0.677579
128.4 1.23041 0.707074
128.5 1.18727 0.735591
128.6 1.14006 0.763045
128.7 1.08772 0.789328
128.8 1.02874 0.814301
128.9 0.960939 0.837784
129 0.880998 0.859533
129.1 0.783664 0.879205
129.2 0.66023 0.896295
129.3 0.495566 0.910027
129.4 0.262524 0.919141
129.5 -0.0858712 0.921513
129.6 -0.606974 0.913712
129.7 -1.25627 0.891767
129.8 -1.75349 0.855657
129.9 -1.95858 0.811296
130 -2.01366 0.764208
130.1 -2.01936 0.716571
130.2 -2.01018 0.669029
130.3 -1.9965 0.621774
130.4 -1.98135 0.574863
130.5 -1.96561 0.528317
130.6 -1.94954 0.482147
130.7 -1.93321 0.436359
130.8 -1.91664 0.390959
130.9 -1.89983 0.345953
131 -1.88276 0.301346
131.1 -1.86542 0.257145
131.2 -1.8478 0.213357
131.3 -1.82989 0.169987
131.4 -1.81167 0.127043
131.5 -1.79312 0.084533
131.6 -1.77422 0.0424645
131.7 -1.75495 0.000845905
131.8 -1.7353 -0.0403137
131.9 -1.71523 -0.0810049
132 -1.69471 -0.121217
132.1 -1.67371 -0.16094
132.2 -1.65221 -0.200162
132.3 -1.63015 -0.238871
132.4 -1.60749 -0.277052
132.5 -1.58419 -0.314691
132.6 -1.56018 -0.351772
132.7 -1.5354 -0.388279
132.8 -1.50976 -0.42419
132.9 -1.48318 -0.459487
133 -1.45554 -0.494144
133.1 -1.42673 -0.528135
133.2 -1.39658 -0.561432
133.3 -1.3649 -0.594
133.4 -1.33146 -0.6258
133.5 -1.29598 -0.656789
133.6 -1.25808 -0.686913
133.7 -1.21729 -0.71611
133.8 -1.17298 -0.744305
133.9 -1.12429 -0.771405
134 -1.07006 -0.797294
134.1 -1.00859 -0.821822
134.2 -0.937418 -0.844793
134.3 -0.85272 -0.865934
134.4 -0.748377 -0.884862
134.5 -0.614087 -0.901002
134.6 -0.431715 -0.913455
134.7 -0.168702 -0.920741
134.8 0.228536 -0.920364
134.9 0.805558 -0.908501
135 1.44337 -0.881785
135.1 1.84401 -0.842324
135.2 1.98529 -0.796695
135.3 2.01834 -0.749309
135.4 2.01735 -0.701665
135.5 2.00617 -0.654202
135.6 1.99185 -0.60705
135.7 1.97646 -0.560252
135.8 1.96061 -0.513823
135.9 1.94445 -0.467772
136 1.92805 -0.422105
136.1 1.91141 -0.376828
136.2 1.89451 -0.331946
136.3 1.87736 -0.287466
136.4 1.85994 -0.243393
136.5 1.84223 -0.199735
136.6 1.82422 -0.156498
136.7 1.8059 -0.113689
136.8 1.78724 -0.071316
136.9 1.76823 -0.0293874
137 1.74884 0.0120885
137.1 1.72906 0.0531025
137.2 1.70885 0.093645
137.3 1.68819 0.133705
137.4 1.66704 0.173273
137.5 1.64536 0.212335
137.6 1.62312 0.25088
137.7 1.60027 0.288893
137.8 1.57675 0.32636
137.9 1.55251 0.363263
138 1.52747 0.399585
138.1 1.50155 0.435307
138.2 1.47465 0.470406
138.3 1.44666 0.504857
138.4 1.41744 0.538635
138.5 1.38683 0.571707
138.6 1.35463 0.604039
138.7 1.32059 0.635591
138.8 1.2844 0.666314
138.9 1.24565 0.696155
139 1.20383 0.725048
139.1 1.15825 0.752911
139.2 1.10798 0.779645
139.3 1.05169 0.805127
139.4 0.987502 0.829192
139.5 0.912588 0.851623
139.6 0.822547 0.87212
139.7 0.71021 0.890248
139.8 0.563335 0.905352
139.9 0.360136 0.916384
140 0.0618119 0.921601
140.1 -0.389946 0.918092
140.2 -1.01252 0.901786
140.3 -1.60393 0.870514
140.4 -1.9081 0.828414
140.5 -2.0022 0.781943
140.6 -2.02 0.73439
140.7 -2.01445 0.686778
140.8 -2.00188 0.639405
140.9 -1.98711 0.592361
141 -1.97154 0.545678
141.1 -1.95558 0.499366
141.2 -1.93935 0.453435
141.3 -1.92287 0.407889
141.4 -1.90615 0.362735
141.5 -1.88917 0.317978
141.6 -1.87194 0.273625
141.7 -1.85442 0.229681
141.8 -1.83662 0.186154
141.9 -1.81852 0.14305
142 -1.80009 0.100377
142.1 -1.78133 0.0581423
142.2 -1.7622 0.0163545
142.3 -1.7427 -0.0249778
142.4 -1.72278 -0.0658453
142.5 -1.70243 -0.106238
142.6 -1.68162 -0.146145
142.7 -1.66031 -0.185556
142.8 -1.63846 -0.224458
142.9 -1.61604 -0.262838
143 -1.59298 -0.300682
143.1 -1.56925 -0.337974
143.2 -1.54476 -0.374697
143.3 -1.51945 -0.410833
143.4 -1.49323 -0.446362
143.5 -1.46601 -0.481261
143.6 -1.43765 -0.515505
143.7 -1.40802 -0.549065
143.8 -1.37694 -0.58191
143.9 -1.34419 -0.614002
144 -1.30951 -0.6453
144.1 -1.27256 -0.675754
144.2 -1.23292 -0.705305
144.3 -1.19001 -0.733885
144.4 -1.14307 -0.761406
144.5 -1.09108 -0.787764
144.6 -1.03256 -0.812821
144.7 -0.965372 -0.836401
144.8 -0.886295 -0.858265
144.9 -0.790223 -0.878075
145 -0.668725 -0.895341
145.1 -0.507187 -0.909308
145.2 -0.279416 -0.918752
145.3 0.0602133 -0.921618
145.4 0.569974 -0.914558
145.5 1.21763 -0.893543
145.6 1.73233 -0.858163
145.7 1.95193 -0.814111
145.8 2.0123 -0.767101
145.9 2.01962 -0.719471
146 2.01092 -0.671916
146.1 1.99739 -0.624641
146.2 1.98229 -0.577708
146.3 1.96657 -0.53114
146.4 1.95052 -0.484947
146.5 1.93421 -0.439135
146.6 1.91766 -0.393712
146.7 1.90086 -0.348681
146.8 1.8838 -0.30405
146.9 1.86648 -0.259824
147 1.84888 -0.21601
147.1 1.83099 -0.172615
147.2 1.81279 -0.129645
147.3 1.79426 -0.087108
147.4 1.77538 -0.0450123
147.5 1.75614 -0.00336613
147.6 1.73651 0.0378217
147.7 1.71646 0.0785416
147.8 1.69597 0.118784
147.9 1.675 0.158537
148 1.65353 0.19779
148.1 1.63151 0.23653
148.2 1.60889 0.274743
148.3 1.58563 0.312416
148.4 1.56166 0.349532
148.5 1.53693 0.386073
148.6 1.51135 0.422022
148.7 1.48483 0.457356
148.8 1.45726 0.492053
148.9 1.42852 0.526086
149 1.39845 0.559426
149.1 1.36687 0.592039
149.2 1.33355 0.623887
149.3 1.29821 0.654927
149.4 1.26047 0.685105
149.5 1.21987 0.71436
149.6 1.17579 0.742619
149.7 1.1274 0.769788
149.8 1.07354 0.795755
149.9 1.01258 0.820372
150 0.94209 0.843444
150.1 0.85836 0.864706
150.2 0.755451 0.883783
150.3 0.623398 0.900114
150.4 0.444696 0.912826
150.5 0.187905 0.920485
150.6 -0.199354 0.920671
150.7 -0.766024 0.90963
150.8 -1.4088 0.883833
150.9 -1.82867 0.844968
151 -1.98097 0.799548
151.1 -2.0177 0.752208
151.2 -2.01782 0.704562
151.3 -2.00698 0.657082
151.4 -1.99276 0.60991
151.5 -1.97742 0.56309
151.6 -1.96158 0.516639
151.7 -1.94544 0.470565
151.8 -1.92906 0.424874
151.9 -1.91243 0.379573
152 -1.89555 0.334667
152.1 -1.87841 0.290162
152.2 -1.86101 0.246064
152.3 -1.84332 0.20238
152.4 -1.82533 0.159117
152.5 -1.80702 0.116282
152.6 -1.78839 0.0738825
152.7 -1.7694 0.0319266
152.8 -1.75004 -0.00957705
152.9 -1.73028 -0.0506195
153 -1.71009 -0.0911909
153.1 -1.68946 -0.131281
153.2 -1.66834 -0.170879
153.3 -1.6467 -0.209973
153.4 -1.62449 -0.248549
153.5 -1.60168 -0.286595
153.6 -1.57821 -0.324095
153.7 -1.55401 -0.361033
153.8 -1.52902 -0.397391
153.9 -1.50315 -0.43315
154 -1.47631 -0.468287
154.1 -1.44839 -0.502779
154.2 -1.41926 -0.536599
154.3 -1.38874 -0.569715
154.4 -1.35664 -0.602093
154.5 -1.32272 -0.633693
154.6 -1.28667 -0.664469
154.7 -1.24809 -0.694365
154.8 -1.20648 -0.723317
154.9 -1.16115 -0.751246
155 -1.11119 -0.778052
155.1 -1.05532 -0.803614
155.2 -0.991681 -0.827771
155.3 -0.917526 -0.850309
155.4 -0.828573 -0.870935
155.5 -0.717876 -0.889223
155.6 -0.573599 -0.904536
155.7 -0.374722 -0.915856
155.8 -0.0837158 -0.921497
155.9 0.357071 -0.918629
156 0.972067 -0.903212
156.1 1.57513 -0.872797
156.2 1.89741 -0.831155
156.3 1.99952 -0.78482
156.4 2.01986 -0.737292
156.5 2.01507 -0.689671
156.6 2.00273 -0.642279
156.7 1.98804 -0.595215
156.8 1.9725 -0.548509
156.9 1.95656 -0.502175
157 1.94034 -0.45622
157.1 1.92388 -0.410651
157.2 1.90717 -0.365472
157.3 1.89021 -0.320691
157.4 1.87299 -0.276313
157.5 1.8555 -0.232344
157.6 1.83772 -0.188791
157.7 1.81963 -0.145662
157.8 1.80123 -0.102962
157.9 1.78248 -0.0607004
158 1.76338 -0.0188851
158.1 1.74389 0.0224752
158.2 1.72401 0.0633712
158.3 1.70368 0.103793
158.4 1.6829 0.14373
158.5 1.66162 0.183172
158.6 1.63981 0.222105
158.7 1.61742 0.260517
158.8 1.59441 0.298394
158.9 1.57071 0.33572
159 1.54627 0.372478
159.1 1.52102 0.408651
159.2 1.49486 0.444217
159.3 1.4677 0.479155
159.4 1.43941 0.51344
159.5 1.40986 0.547043
159.6 1.37887 0.579932
159.7 1.34623 0.612071
159.8 1.31168 0.643418
159.9 1.27488 0.673925
160 1.23542 0.703534
160.1 1.19272 0.732174
160.2 1.14606 0.759763
160.3 1.09441 0.786195
160.4 1.03634 0.811336
160.5 0.969762 0.835012
160.6 0.89153 0.856988
160.7 0.79669 0.876936
160.8 0.677075 0.894375
160.9 0.51857 0.908571
161 0.295902 0.918338
161.1 -0.0352039 0.921686
161.2 -0.533589 0.91535
161.3 -1.17846 0.895264
161.4 -1.70996 0.860638
161.5 -1.94471 0.816916
161.6 -2.01076 0.769992
161.7 -2.01982 0.722371
161.8 -2.01165 0.674804
161.9 -1.99828 0.627509
162 -1.98323 0.580554
162.1 -1.96754 0.533964
162.2 -1.95151 0.487748
162.3 -1.93521 0.441913
162.4 -1.91867 0.396465
162.5 -1.90189 0.351411
162.6 -1.88485 0.306755
162.7 -1.86755 0.262504
162.8 -1.84996 0.218665
162.9 -1.83209 0.175244
163 -1.8139 0.132248
163.1 -1.79539 0.0896846
163.2 -1.77654 0.0475619
163.3 -1.75732 0.00588806
163.4 -1.73771 -0.0353279
163.5 -1.71769 -0.0760766
163.6 -1.69723 -0.116348
163.7 -1.6763 -0.156131
163.8 -1.65485 -0.195415
163.9 -1.63286 -0.234186
164 -1.61029 -0.272432
164.1 -1.58706 -0.310138
164.2 -1.56314 -0.347289
164.3 -1.53846 -0.383866
164.4 -1.51293 -0.419851
164.5 -1.48647 -0.455223
164.6 -1.45897 -0.48996
164.7 -1.4303 -0.524034
164.8 -1.40032 -0.557417
164.9 -1.36884 -0.590075
165 -1.33564 -0.621971
165.1 -1.30042 -0.653061
165.2 -1.26284 -0.683294
165.3 -1.22243 -0.712607
165.4 -1.17858 -0.740929
165.5 -1.13049 -0.768168
165.6 -1.077 -0.794211
165.7 -1.01653 -0.818915
165.8 -0.946713 -0.842088
165.9 -0.863929 -0.86347
166 -0.76242 -0.882693
166.1 -0.63254 -0.899212
166.2 -0.457394 -0.912178
166.3 -0.20663 -0.920201
166.4 0.170878 -0.920937
166.5 0.72688 -0.910703
166.6 1.37328 -0.88583
166.7 1.81228 -0.847589
166.8 1.97626 -0.802395
166.9 2.01694 -0.755106
167 2.01826 -0.707459
167.1 2.00777 -0.659964
167.2 1.99367 -0.612772
167.3 1.97837 -0.56593
167.4 1.96255 -0.519455
167.5 1.94643 -0.473358
167.6 1.93006 -0.427644
167.7 1.91345 -0.382319
167.8 1.89658 -0.337389
167.9 1.87946 -0.292859
168 1.86207 -0.248736
168.1 1.8444 -0.205027
168.2 1.82643 -0.161738
168.3 1.80815 -0.118877
168.4 1.78953 -0.0764507
168.5 1.77056 -0.0344676
168.6 1.75123 0.0070639
168.7 1.73149 0.0481346
168.8 1.71134 0.088735
168.9 1.69073 0.128855
169 1.66964 0.168483
169.1 1.64803 0.207608
169.2 1.62586 0.246216
169.3 1.60309 0.284295
169.4 1.57965 0.321829
169.5 1.5555 0.358801
169.6 1.53056 0.395195
169.7 1.50475 0.430991
169.8 1.47798 0.466167
169.9 1.45013 0.500699
170 1.42107 0.53456
170.1 1.39064 0.56772
170.2 1.35865 0.600144
170.3 1.32484 0.631793
170.4 1.28893 0.66262
170.5 1.25052 0.692572
170.6 1.20911 0.721584
170.7 1.16403 0.749577
170.8 1.11439 0.776455
170.9 1.05892 0.802097
171 0.995822 0.826344
171.1 0.922409 0.848989
171.2 0.834521 0.869741
171.3 0.725421 0.888187
171.4 0.583666 0.903705
171.5 0.388975 0.915308
171.6 0.105063 0.921361
171.7 -0.324914 0.919118
171.8 -0.93163 0.90458
171.9 -1.54513 0.875037
172 -1.88592 0.833879
172.1 -1.99657 0.787694
172.2 -2.01964 0.740193
172.3 -2.01566 0.692565
172.4 -2.00357 0.645155
172.5 -1.98896 0.598069
172.6 -1.97346 0.551341
172.7 -1.95754 0.504984
172.8 -1.94134 0.459006
172.9 -1.92489 0.413413
173 -1.90819 0.368211
173.1 -1.89125 0.323406
173.2 -1.87405 0.279003
173.3 -1.85657 0.235009
173.4 -1.83881 0.19143
173.5 -1.82074 0.148275
173.6 -1.80236 0.105549
173.7 -1.78363 0.0632601
173.8 -1.76455 0.0214175
173.9 -1.74509 -0.0199708
174 -1.72523 -0.0608953
174.1 -1.70493 -0.101346
174.2 -1.68418 -0.141313
174.3 -1.66293 -0.180785
174.4 -1.64115 -0.21975
174.5 -1.6188 -0.258194
174.6 -1.59583 -0.296104
174.7 -1.57217 -0.333464
174.8 -1.54778 -0.370257
174.9 -1.52258 -0.406466
175 -1.49648 -0.44207
175.1 -1.46938 -0.477047
175.2 -1.44117 -0.511372
175.3 -1.4117 -0.545017
175.4 -1.3808 -0.577951
175.5 -1.34827 -0.610137
175.6 -1.31385 -0.641534
175.7 -1.2772 -0.672093
175.8 -1.23791 -0.701758
175.9 -1.19543 -0.73046
176 -1.14903 -0.758116
176.1 -1.09772 -0.784621
176.2 -1.04009 -0.809846
176.3 -0.974109 -0.833617
176.4 -0.896705 -0.855705
176.5 -0.803067 -0.875788
176.6 -0.685283 -0.893397
176.7 -0.52972 -0.907819
176.8 -0.311993 -0.917902
176.9 0.0108292 -0.921719
177 0.49785 -0.916091
177.1 1.13885 -0.896929
177.2 1.68634 -0.86308
177.3 1.93691 -0.81971
177.4 2.00903 -0.772881
177.5 2.01996 -0.725272
177.6 2.01235 -0.677692
177.7 1.99915 -0.630378
177.8 1.98417 -0.583402
177.9 1.96851 -0.536789
178 1.95249 -0.49055
178.1 1.93621 -0.444692
178.2 1.91969 -0.39922
178.3 1.90292 -0.354142
178.4 1.8859 -0.309462
178.5 1.86861 -0.265186
178.6 1.85104 -0.221322
178.7 1.83319 -0.177875
178.8 1.81502 -0.134853
178.9 1.79653 -0.0922629
179 1.7777 -0.0501131
179.1 1.7585 -0.00841171
179.2 1.73892 0.0328324
179.3 1.71892 0.0736098
179.4 1.69849 0.113911
179.5 1.67758 0.153724
179.6 1.65617 0.193038
179.7 1.63422 0.231841
179.8 1.61168 0.27012
179.9 1.5885 0.307859
180 1.56462 0.345044
180.1 1.53998 0.381656
180.2 1.51451 0.417678
180.3 1.48811 0.453088
180.4 1.46067 0.487864
180.5 1.43208 0.521979
180.6 1.40219 0.555405
180.7 1.37081 0.588109
180.8 1.33771 0.620053
180.9 1.30263 0.651193
181 1.2652 0.681479
181.1 1.22498 0.710851
181.2 1.18137 0.739235
181.3 1.13355 0.766543
181.4 1.08044 0.792663
181.5 1.02045 0.817453
181.6 0.951289 0.840726
181.7 0.869431 0.862226
181.8 0.769286 0.881594
181.9 0.641519 0.898298
182 0.46982 0.911513
182.1 0.22489 0.919891
182.2 -0.143099 0.921162
182.3 -0.688181 0.911719
182.4 -1.33688 0.887776
182.5 -1.7948 0.850185
182.6 -1.97113 0.805235
182.7 -2.01605 0.758003
182.8 -2.01866 0.710358
182.9 -2.00855 0.662847
183 -1.99458 0.615635
183.1 -1.97932 0.56877
183.2 -1.96353 0.522273
183.3 -1.94742 0.476153
183.4 -1.93107 0.430415
183.5 -1.91446 0.385066
183.6 -1.89762 0.340112
183.7 -1.88051 0.295558
183.8 -1.86314 0.25141
183.9 -1.84548 0.207676
184 -1.82753 0.164361
184.1 -1.80927 0.121473
184.2 -1.79067 0.0790205
184.3 -1.77173 0.0370102
184.4 -1.75241 -0.00454905
184.5 -1.7327 -0.0456481
184.6 -1.71257 -0.0862774
184.7 -1.692 -0.126427
184.8 -1.67094 -0.166085
184.9 -1.64936 -0.205241
185 -1.62723 -0.243881
185.1 -1.60449 -0.281992
185.2 -1.5811 -0.31956
185.3 -1.55699 -0.356567
185.4 -1.5321 -0.392997
185.5 -1.50635 -0.42883
185.6 -1.47964 -0.464044
185.7 -1.45186 -0.498616
185.8 -1.42287 -0.532518
185.9 -1.39253 -0.565722
186 -1.36064 -0.598192
186.1 -1.32696 -0.629889
186.2 -1.29118 -0.660768
186.3 -1.25294 -0.690775
186.4 -1.21173 -0.719846
186.5 -1.16689 -0.747904
186.6 -1.11756 -0.774853
186.7 -1.06249 -0.800574
186.8 -0.999924 -0.824912
186.9 -0.927239 -0.847661
187 -0.840392 -0.868539
187.1 -0.732847 -0.887141
187.2 -0.593541 -0.90286
187.3 -0.402905 -0.91474
187.4 -0.125868 -0.921195
187.5 0.293478 -0.919562
187.6 0.891296 -0.905889
187.7 1.51395 -0.877234
187.8 1.87357 -0.836587
187.9 1.99333 -0.790563
188 2.01933 -0.743094
188.1 2.01623 -0.695459
188.2 2.00441 -0.648032
188.3 1.98988 -0.600925
188.4 1.97442 -0.554175
188.5 1.95851 -0.507795
188.6 1.94233 -0.461794
188.7 1.92589 -0.416177
188.8 1.90922 -0.370951
188.9 1.89229 -0.326121
189 1.8751 -0.281694
189.1 1.85764 -0.237675
189.2 1.8399 -0.194071
189.3 1.82185 -0.150889
189.4 1.80348 -0.108137
189.5 1.78478 -0.0658215
189.6 1.76572 -0.0239515
189.7 1.74629 0.0174647
189.8 1.72645 0.0584177
189.9 1.70618 0.0988979
190 1.68546 0.138895
190.1 1.66424 0.178397
190.2 1.64249 0.217393
190.3 1.62018 0.255869
190.4 1.59724 0.293812
190.5 1.57363 0.331206
190.6 1.54929 0.368034
190.7 1.52414 0.404279
190.8 1.49809 0.439921
190.9 1.47106 0.474937
191 1.44292 0.509302
191.1 1.41353 0.542989
191.2 1.38273 0.575967
191.3 1.3503 0.6082
191.4 1.316 0.639646
191.5 1.2795 0.670258
191.6 1.24038 0.699979
191.7 1.19812 0.728742
191.8 1.15198 0.756464
191.9 1.10101 0.783043
192 1.04381 0.80835
192.1 0.978414 0.832216
192.2 0.90182 0.854414
192.3 0.809356 0.87463
192.4 0.693355 0.892408
192.5 0.540646 0.90705
192.6 0.327702 0.917443
192.7 0.0129255 0.921717
192.8 -0.462777 0.916781
192.9 -1.09889 0.898536
193 -1.66146 0.865485
193.1 -1.92848 0.822493
193.2 -2.00709 0.775767
193.3 -2.02005 0.728173
193.4 -2.01304 0.680582
193.5 -2.00003 0.633249
193.6 -1.98511 0.586251
193.7 -1.96947 0.539616
193.8 -1.95348 0.493353
193.9 -1.93721 0.447472
194 -1.9207 0.401977
194.1 -1.90395 0.356874
194.2 -1.88694 0.31217
194.3 -1.86967 0.26787
194.4 -1.85212 0.22398
194.5 -1.83428 0.180507
194.6 -1.81614 0.137459
194.7 -1.79767 0.0948428
194.8 -1.77885 0.052666
194.9 -1.75968 0.0109371
195 -1.74012 -0.0303352
195.1 -1.72015 -0.0711413
195.2 -1.69975 -0.111471
195.3 -1.67887 -0.151315
195.4 -1.65749 -0.19066
195.5 -1.63557 -0.229494
195.6 -1.61307 -0.267805
195.7 -1.58993 -0.305578
195.8 -1.5661 -0.342796
195.9 -1.54151 -0.379444
196 -1.51609 -0.415503
196.1 -1.48974 -0.450951
196.2 -1.46238 -0.485766
196.3 -1.43386 -0.519922
196.4 -1.40405 -0.553391
196.5 -1.37276 -0.586139
196.6 -1.33978 -0.618131
196.7 -1.30483 -0.649321
196.8 -1.26756 -0.679661
196.9 -1.22752 -0.70909
197 -1.18413 -0.737537
197.1 -1.1366 -0.764913
197.2 -1.08385 -0.791109
197.3 -1.02434 -0.815985
197.4 -0.955818 -0.839357
197.5 -0.874866 -0.860974
197.6 -0.776051 -0.880484
197.7 -0.650338 -0.89737
197.8 -0.48198 -0.91083
197.9 -0.2427 -0.919555
198 0.116008 -0.921348
198.1 0.649977 -0.912681
198.2 1.29967 -0.889669
198.3 1.77619 -0.852754
198.4 1.96555 -0.808068
198.5 2.01502 -0.760899
198.6 2.01901 -0.713257
198.7 2.00932 -0.665732
198.8 1.99548 -0.618499
198.9 1.98027 -0.571613
199 1.9645 -0.525093
199.1 1.94841 -0.478949
199.2 1.93207 -0.433188
199.3 1.91548 -0.387816
199.4 1.89865 -0.342837
199.5 1.88156 -0.298258
199.6 1.8642 -0.254086
199.7 1.84657 -0.210326
199.8 1.82863 -0.166985
199.9 1.81039 -0.124072
200 1.79181 -0.081592
