0 2 0
0.1 1.82499 0.0434303
0.2 1.75052 0.0843157
0.3 1.70864 0.123944
0.4 1.67889 0.162777
0.5 1.6538 0.20099
0.6 1.6304 0.238651
0.7 1.60741 0.275781
0.8 1.58425 0.312384
0.9 1.56064 0.34845
1 1.53638 0.383968
1.1 1.51137 0.418921
1.2 1.48548 0.453291
1.3 1.45861 0.487055
1.4 1.43062 0.520191
1.5 1.40137 0.55267
1.6 1.37068 0.584463
1.7 1.33835 0.615533
1.8 1.30409 0.645841
1.9 1.26757 0.675337
2 1.22836 0.703966
2.1 1.18589 0.731659
2.2 1.1394 0.758334
2.3 1.08782 0.783886
2.4 1.02967 0.808184
2.5 0.962761 0.831052
2.6 0.883766 0.852255
2.7 0.787387 0.87146
2.8 0.66478 0.888175
2.9 0.500427 0.901639
3 0.266108 0.910603
3.1 -0.0878493 0.912941
3.2 -0.622826 0.905168
3.3 -1.28683 0.883269
3.4 -1.77652 0.847485
3.5 -1.96665 0.803983
3.6 -2.01494 0.758094
3.7 -2.01848 0.711769
3.8 -2.00884 0.665564
3.9 -1.99528 0.619639
4 -1.98044 0.574044
4.1 -1.96509 0.528796
4.2 -1.94944 0.483904
4.3 -1.93355 0.439373
4.4 -1.91743 0.39521
4.5 -1.90108 0.351419
4.6 -1.88449 0.308006
4.7 -1.86765 0.264976
4.8 -1.85055 0.222335
4.9 -1.83316 0.18009
5 -1.81548 0.138247
5.1 -1.7975 0.0968131
5.2 -1.77919 0.0557952
5.3 -1.76054 0.0152011
5.4 -1.74152 -0.0249609
5.5 -1.72211 -0.0646823
5.6 -1.70228 -0.103954
5.7 -1.68202 -0.142766
5.8 -1.66128 -0.181107
5.9 -1.64003 -0.218968
6 -1.61824 -0.256334
6.1 -1.59584 -0.293194
6.2 -1.5728 -0.329533
6.3 -1.54906 -0.365336
6.4 -1.52454 -0.400586
6.5 -1.49917 -0.435263
6.6 -1.47286 -0.469348
6.7 -1.44549 -0.502817
6.8 -1.41693 -0.535646
6.9 -1.38703 -0.567804
7 -1.35559 -0.59926
7.1 -1.32239 -0.629974
7.2 -1.28711 -0.659904
7.3 -1.24938 -0.688997
7.4 -1.20871 -0.717193
7.5 -1.16444 -0.744415
7.6 -1.1157 -0.770573
7.7 -1.06123 -0.795551
7.8 -0.999265 -0.819197
7.9 -0.927147 -0.841311
8 -0.840753 -0.861618
8.1 -0.733374 -0.879719
8.2 -0.593538 -0.895013
8.3 -0.400699 -0.906546
8.4 -0.117503 -0.912713
8.5 0.316152 -0.910789
8.6 0.93527 -0.896725
8.7 1.55938 -0.867762
8.8 1.89476 -0.827436
8.9 1.99894 -0.78239
9 2.01941 -0.736176
9.1 2.01474 -0.689873
9.2 2.00268 -0.64379
9.3 1.98835 -0.598018
9.4 1.97322 -0.552586
9.5 1.95771 -0.507506
9.6 1.94195 -0.462784
9.7 1.92595 -0.418427
9.8 1.90973 -0.374439
9.9 1.89326 -0.330826
10 1.87656 -0.287593
10.1 1.85959 -0.244747
10.2 1.84235 -0.202293
10.3 1.82483 -0.160237
10.4 1.80701 -0.118587
10.5 1.78888 -0.0773488
10.6 1.77041 -0.0365305
10.7 1.75158 0.00386015
10.8 1.73238 0.0438147
10.9 1.71278 0.0833244
11 1.69275 0.12238
11.1 1.67227 0.16097
11.2 1.65129 0.199086
11.3 1.62979 0.236714
11.4 1.60772 0.273843
11.5 1.58502 0.310458
11.6 1.56166 0.346545
11.7 1.53756 0.382088
11.8 1.51265 0.417069
11.9 1.48684 0.451469
12 1.46004 0.485266
12.1 1.43213 0.518435
12.2 1.40296 0.55095
12.3 1.37236 0.58278
12.4 1.34012 0.61389
12.5 1.30597 0.644239
12.6 1.26959 0.67378
12.7 1.23054 0.702457
12.8 1.18826 0.730202
12.9 1.142 0.756934
13 1.09073 0.782549
13.1 1.03298 0.806918
13.2 0.966609 0.829868
13.3 0.888372 0.851168
13.4 0.793106 0.87049
13.5 0.672216 0.887355
13.6 0.510662 0.901018
13.7 0.281119 0.910267
13.8 -0.0647865 0.913034
13.9 -0.589327 0.905912
14 -1.25255 0.884827
14.1 -1.75889 0.849659
14.2 -1.96141 0.8064
14.3 -2.01396 0.760568
14.4 -2.01877 0.714246
14.5 -2.0095 0.668029
14.6 -1.99605 0.622087
14.7 -1.98125 0.576474
14.8 -1.96592 0.531207
14.9 -1.95028 0.486296
15 -1.93441 0.441746
15.1 -1.9183 0.397563
15.2 -1.90197 0.353752
15.3 -1.88539 0.310318
15.4 -1.86856 0.267268
15.5 -1.85147 0.224606
15.6 -1.8341 0.18234
15.7 -1.81644 0.140475
15.8 -1.79847 0.0990187
15.9 -1.78018 0.0579783
16 -1.76154 0.0173614
16.1 -1.74254 -0.0228239
16.2 -1.72316 -0.0625691
16.3 -1.70336 -0.101865
16.4 -1.68312 -0.140702
16.5 -1.6624 -0.179069
16.6 -1.64118 -0.216955
16.7 -1.61942 -0.254349
16.8 -1.59706 -0.291236
16.9 -1.57405 -0.327603
17 -1.55035 -0.363435
17.1 -1.52587 -0.398715
17.2 -1.50055 -0.433423
17.3 -1.47429 -0.46754
17.4 -1.44698 -0.501043
17.5 -1.41849 -0.533907
17.6 -1.38867 -0.566102
17.7 -1.35732 -0.597596
17.8 -1.32421 -0.628351
17.9 -1.28905 -0.658324
18 -1.25147 -0.687463
18.1 -1.21097 -0.715708
18.2 -1.16692 -0.742985
18.3 -1.11844 -0.769203
18.4 -1.06431 -0.794247
18.5 -1.00281 -0.817969
18.6 -0.93132 -0.840171
18.7 -0.84583 -0.860583
18.8 -0.739808 -0.878815
18.9 -0.60212 -0.89428
19 -0.41287 -0.906046
19.1 -0.135843 -0.912558
19.2 0.288093 -0.91116
19.3 0.898993 -0.897851
19.4 1.53191 -0.869658
19.5 1.88442 -0.829763
19.6 1.99634 -0.784845
19.7 2.01922 -0.738654
19.8 2.01526 -0.692346
19.9 2.0034 -0.646248
20 1.98914 -0.600458
20.1 1.97404 -0.555007
20.2 1.95855 -0.509908
20.3 1.9428 -0.465167
20.4 1.92681 -0.42079
20.5 1.9106 -0.376782
20.6 1.89415 -0.333149
20.7 1.87746 -0.289896
20.8 1.8605 -0.247029
20.9 1.84328 -0.204554
21 1.82578 -0.162476
21.1 1.80797 -0.120804
21.2 1.78985 -0.0795438
21.3 1.7714 -0.0387029
21.4 1.7526 0.00171081
21.5 1.73342 0.0416889
21.6 1.71384 0.0812226
21.7 1.69383 0.120302
21.8 1.67337 0.158918
21.9 1.65243 0.197059
22 1.63095 0.234714
22.1 1.60891 0.27187
22.2 1.58625 0.308513
22.3 1.56293 0.344629
22.4 1.53887 0.380201
22.5 1.514 0.415213
22.6 1.48825 0.449644
22.7 1.4615 0.483474
22.8 1.43365 0.516678
22.9 1.40455 0.549228
23 1.37403 0.581096
23.1 1.34189 0.612245
23.2 1.30785 0.642636
23.3 1.2716 0.672222
23.4 1.2327 0.700946
23.5 1.19061 0.728743
23.6 1.14459 0.755531
23.7 1.09362 0.78121
23.8 1.03626 0.805649
23.9 0.970424 0.82868
24 0.892931 0.850075
24.1 0.798753 0.869513
24.2 0.679538 0.886525
24.3 0.520706 0.900386
24.4 0.2958 0.909913
24.5 -0.0422546 0.9131
24.6 -0.556321 0.906615
24.7 -1.21778 0.886343
24.8 -1.74029 0.85181
24.9 -1.95578 0.808809
25 -2.01285 0.763041
25.1 -2.01901 0.716724
25.2 -2.01014 0.670494
25.3 -1.99681 0.624536
25.4 -1.98206 0.578905
25.5 -1.96674 0.533619
25.6 -1.95112 0.488689
25.7 -1.93526 0.444119
25.8 -1.91917 0.399916
25.9 -1.90285 0.356085
26 -1.88628 0.312631
26.1 -1.86947 0.26956
26.2 -1.85239 0.226878
26.3 -1.83503 0.18459
26.4 -1.81739 0.142704
26.5 -1.79944 0.101225
26.6 -1.78116 0.0601627
26.7 -1.76255 0.0195229
26.8 -1.74357 -0.0206857
26.9 -1.7242 -0.0604547
27 -1.70443 -0.0997748
27.1 -1.68421 -0.138636
27.2 -1.66352 -0.177029
27.3 -1.64233 -0.214941
27.4 -1.62059 -0.252361
27.5 -1.59827 -0.289276
27.6 -1.5753 -0.325672
27.7 -1.55164 -0.361533
27.8 -1.5272 -0.396842
27.9 -1.50193 -0.431582
28 -1.47572 -0.465731
28.1 -1.44847 -0.499267
28.2 -1.42004 -0.532166
28.3 -1.3903 -0.564397
28.4 -1.35904 -0.595929
28.5 -1.32603 -0.626725
28.6 -1.29099 -0.656741
28.7 -1.25355 -0.685927
28.8 -1.21322 -0.714222
28.9 -1.16938 -0.741552
29 -1.12116 -0.767829
29.1 -1.06738 -0.792939
29.2 -1.00632 -0.816736
29.3 -0.935454 -0.839026
29.4 -0.850849 -0.859543
29.5 -0.746153 -0.877904
29.6 -0.610559 -0.893536
29.7 -0.424796 -0.905533
29.8 -0.153764 -0.91238
29.9 0.260618 -0.911496
30 0.862851 -0.898932
30.1 1.5035 -0.871521
30.2 1.87338 -0.832076
30.3 1.99351 -0.787298
30.4 2.01896 -0.741133
30.5 2.01575 -0.694818
30.6 2.00412 -0.648706
30.7 1.98993 -0.602899
30.8 1.97486 -0.557429
30.9 1.95938 -0.512311
31 1.94365 -0.467551
31.1 1.92767 -0.423154
31.2 1.91147 -0.379127
31.3 1.89504 -0.335473
31.4 1.87836 -0.2922
31.5 1.86142 -0.249312
31.6 1.84421 -0.206815
31.7 1.82672 -0.164717
31.8 1.80893 -0.123023
31.9 1.79083 -0.0817401
32 1.7724 -0.0408765
32.1 1.75361 -0.000439773
32.2 1.73445 0.0395619
32.3 1.7149 0.0791196
32.4 1.69491 0.118224
32.5 1.67448 0.156865
32.6 1.65356 0.195032
32.7 1.63211 0.232712
32.8 1.6101 0.269895
32.9 1.58748 0.306566
33 1.56419 0.342711
33.1 1.54017 0.378313
33.2 1.51535 0.413355
33.3 1.48965 0.447818
33.4 1.46296 0.48168
33.5 1.43517 0.514918
33.6 1.40614 0.547504
33.7 1.3757 0.579409
33.8 1.34365 0.610598
33.9 1.30972 0.641031
34 1.2736 0.67066
34.1 1.23486 0.699433
34.2 1.19295 0.727281
34.3 1.14717 0.754126
34.4 1.09649 0.779866
34.5 1.03952 0.804376
34.6 0.974205 0.827487
34.7 0.897442 0.848977
34.8 0.804329 0.86853
34.9 0.68675 0.885687
35 0.530566 0.899741
35.1 0.310164 0.909541
35.2 -0.0202394 0.913138
35.3 -0.523826 0.907278
35.4 -1.18258 0.887817
35.5 -1.7207 0.853937
35.6 -1.94972 0.811212
35.7 -2.01162 0.765512
35.8 -2.01922 0.719201
35.9 -2.01078 0.672961
36 -1.99757 0.626986
36.1 -1.98286 0.581336
36.2 -1.96757 0.536032
36.3 -1.95197 0.491083
36.4 -1.93611 0.446494
36.5 -1.92004 0.402271
36.6 -1.90372 0.35842
36.7 -1.88717 0.314946
36.8 -1.87037 0.271854
36.9 -1.85331 0.229151
37 -1.83597 0.186842
37.1 -1.81834 0.144934
37.2 -1.80041 0.103433
37.3 -1.78215 0.0623482
37.4 -1.76355 0.0216857
37.5 -1.74459 -0.0185463
37.6 -1.72525 -0.0583389
37.7 -1.70549 -0.0976833
37.8 -1.6853 -0.13657
37.9 -1.66464 -0.174987
38 -1.64348 -0.212926
38.1 -1.62177 -0.250373
38.2 -1.59948 -0.287315
38.3 -1.57655 -0.323739
38.4 -1.55292 -0.359628
38.5 -1.52853 -0.394968
38.6 -1.5033 -0.429738
38.7 -1.47715 -0.46392
38.8 -1.44995 -0.49749
38.9 -1.4216 -0.530423
39 -1.39192 -0.562691
39.1 -1.36075 -0.594261
39.2 -1.32785 -0.625097
39.3 -1.29292 -0.655156
39.4 -1.25562 -0.684388
39.5 -1.21546 -0.712732
39.6 -1.17182 -0.740116
39.7 -1.12387 -0.766452
39.8 -1.07042 -0.791628
39.9 -1.00981 -0.8155
40 -0.939549 -0.837876
40.1 -0.855812 -0.858496
40.2 -0.752411 -0.876985
40.3 -0.618857 -0.892782
40.4 -0.436484 -0.905004
40.5 -0.171278 -0.91218
40.6 0.233726 -0.911799
40.7 0.826897 -0.89997
40.8 1.47418 -0.873347
40.9 1.86162 -0.834375
41 1.99043 -0.789746
41.1 2.01863 -0.743611
41.2 2.01622 -0.697292
41.3 2.00483 -0.651165
41.4 1.99072 -0.60534
41.5 1.97568 -0.559852
41.6 1.96022 -0.514715
41.7 1.94449 -0.469935
41.8 1.92853 -0.425519
41.9 1.91235 -0.381472
42 1.89592 -0.337799
42.1 1.87925 -0.294505
42.2 1.86233 -0.251596
42.3 1.84514 -0.209078
42.4 1.82766 -0.166958
42.5 1.80989 -0.125242
42.6 1.79181 -0.0839376
42.7 1.77339 -0.0430514
42.8 1.75463 -0.00259159
42.9 1.73549 0.0374336
43 1.71595 0.0770152
43.1 1.69599 0.116144
43.2 1.67559 0.15481
43.3 1.65469 0.193002
43.4 1.63328 0.23071
43.5 1.6113 0.267919
43.6 1.58871 0.304618
43.7 1.56546 0.340791
43.8 1.54148 0.376423
43.9 1.5167 0.411495
44 1.49105 0.44599
44.1 1.46441 0.479885
44.2 1.43669 0.513156
44.3 1.40773 0.545778
44.4 1.37737 0.577721
44.5 1.34541 0.608949
44.6 1.31159 0.639423
44.7 1.27559 0.669097
44.8 1.237 0.697916
44.9 1.19529 0.725816
45 1.14973 0.752717
45.1 1.09935 0.778519
45.2 1.04276 0.803098
45.3 0.977955 0.82629
45.4 0.901907 0.847873
45.5 0.809837 0.86754
45.6 0.693853 0.884841
45.7 0.540248 0.899084
45.8 0.324219 0.909152
45.9 0.00126945 0.91315
46 -0.491859 0.907901
46.1 -1.14702 0.889247
46.2 -1.70012 0.856038
46.3 -1.94322 0.813608
46.4 -2.01025 0.767982
46.5 -2.01939 0.721679
46.6 -2.0114 0.675428
46.7 -1.99833 0.629437
46.8 -1.98367 0.583769
46.9 -1.9684 0.538446
47 -1.95281 0.493478
47.1 -1.93697 0.448869
47.2 -1.9209 0.404627
47.3 -1.9046 0.360756
47.4 -1.88806 0.317261
47.5 -1.87128 0.274149
47.6 -1.85423 0.231425
47.7 -1.8369 0.189094
47.8 -1.81929 0.147165
47.9 -1.80137 0.105643
48 -1.78314 0.064535
48.1 -1.76456 0.0238496
48.2 -1.74562 -0.0164055
48.3 -1.72629 -0.0562219
48.4 -1.70656 -0.0955905
48.5 -1.68639 -0.134502
48.6 -1.66576 -0.172945
48.7 -1.64462 -0.210909
48.8 -1.62295 -0.248382
48.9 -1.60069 -0.285352
49 -1.57779 -0.321804
49.1 -1.5542 -0.357723
49.2 -1.52986 -0.393092
49.3 -1.50468 -0.427893
49.4 -1.47857 -0.462107
49.5 -1.45144 -0.49571
49.6 -1.42315 -0.528678
49.7 -1.39355 -0.560982
49.8 -1.36246 -0.592591
49.9 -1.32965 -0.623467
50 -1.29485 -0.653569
50.1 -1.25768 -0.682846
50.2 -1.21769 -0.71124
50.3 -1.17426 -0.738677
50.4 -1.12656 -0.765072
50.5 -1.07344 -0.790313
50.6 -1.01327 -0.814259
50.7 -0.943606 -0.836721
50.8 -0.860719 -0.857443
50.9 -0.758586 -0.876058
51 -0.62702 -0.892018
51.1 -0.447941 -0.904462
51.2 -0.188396 -0.911959
51.3 0.207412 -0.91207
51.4 0.791183 -0.900963
51.5 1.44399 -0.875138
51.6 1.8491 -0.83666
51.7 1.9871 -0.792192
51.8 2.01822 -0.746089
51.9 2.01668 -0.699766
52 2.00554 -0.653625
52.1 1.9915 -0.607783
52.2 1.97649 -0.562276
52.3 1.96105 -0.51712
52.4 1.94534 -0.472321
52.5 1.92939 -0.427886
52.6 1.91322 -0.383818
52.7 1.89681 -0.340125
52.8 1.88015 -0.29681
52.9 1.86324 -0.253881
53 1.84607 -0.211342
53.1 1.82861 -0.169201
53.2 1.81085 -0.127463
53.3 1.79278 -0.0861362
53.4 1.77439 -0.0452275
53.5 1.75564 -0.00474464
53.6 1.73652 0.035304
53.7 1.71701 0.0749096
53.8 1.69707 0.114063
53.9 1.67669 0.152754
54 1.65582 0.190972
54.1 1.63444 0.228705
54.2 1.61249 0.265942
54.3 1.58993 0.302668
54.4 1.56672 0.33887
54.5 1.54278 0.374531
54.6 1.51805 0.409634
54.7 1.49244 0.44416
54.8 1.46586 0.478087
54.9 1.4382 0.511393
55 1.40931 0.544051
55.1 1.37903 0.57603
55.2 1.34716 0.607297
55.3 1.31345 0.637813
55.4 1.27758 0.667531
55.5 1.23914 0.696398
55.6 1.19761 0.724349
55.7 1.15228 0.751305
55.8 1.10218 0.777169
55.9 1.04597 0.801817
56 0.981673 0.825088
56.1 0.906328 0.846764
56.2 0.815278 0.866543
56.3 0.700851 0.883985
56.4 0.549755 0.898415
56.5 0.337975 0.908746
56.6 0.0222829 0.913135
56.7 -0.460438 0.908485
56.8 -1.11117 0.890633
56.9 -1.67851 0.858114
57 -1.93625 0.815996
57.1 -2.00873 0.77045
57.2 -2.01952 0.724158
57.3 -2.01201 0.677896
57.4 -1.99909 0.631889
57.5 -1.98447 0.586203
57.6 -1.96923 0.540861
57.7 -1.95365 0.495874
57.8 -1.93782 0.451246
57.9 -1.92177 0.406984
58 -1.90548 0.363093
58.1 -1.88896 0.319578
58.2 -1.87218 0.276445
58.3 -1.85515 0.2337
58.4 -1.83784 0.191348
58.5 -1.82024 0.149397
58.6 -1.80234 0.107853
58.7 -1.78412 0.066723
58.8 -1.76556 0.0260149
58.9 -1.74664 -0.0142635
59 -1.72734 -0.0541036
59.1 -1.70763 -0.0934964
59.2 -1.68748 -0.132432
59.3 -1.66688 -0.170901
59.4 -1.64577 -0.208891
59.5 -1.62412 -0.246391
59.6 -1.60189 -0.283388
59.7 -1.57903 -0.319868
59.8 -1.55548 -0.355815
59.9 -1.53118 -0.391214
60 -1.50604 -0.426047
60.1 -1.47999 -0.460292
60.2 -1.45292 -0.493929
60.3 -1.42469 -0.526931
60.4 -1.39517 -0.559272
60.5 -1.36416 -0.590919
60.6 -1.33146 -0.621835
60.7 -1.29677 -0.65198
60.8 -1.25974 -0.681302
60.9 -1.21991 -0.709744
61 -1.17668 -0.737236
61.1 -1.12923 -0.763689
61.2 -1.07644 -0.788995
61.3 -1.0167 -0.813014
61.4 -0.947626 -0.835561
61.5 -0.865572 -0.856384
61.6 -0.764677 -0.875123
61.7 -0.63505 -0.891244
61.8 -0.459175 -0.903905
61.9 -0.205127 -0.911718
62 0.181672 -0.912308
62.1 0.755755 -0.901913
62.2 1.41297 -0.876891
62.3 1.83578 -0.838928
62.4 1.98348 -0.794633
62.5 2.01772 -0.748566
62.6 2.0171 -0.702241
62.7 2.00624 -0.656086
62.8 1.99229 -0.610226
62.9 1.97731 -0.564701
63 1.96189 -0.519526
63.1 1.94619 -0.474708
63.2 1.93025 -0.430253
63.3 1.91409 -0.386166
63.4 1.89769 -0.342452
63.5 1.88105 -0.299117
63.6 1.86415 -0.256167
63.7 1.84699 -0.213607
63.8 1.82955 -0.171445
63.9 1.81181 -0.129685
64 1.79376 -0.088336
64.1 1.77538 -0.0474047
64.2 1.75665 -0.00689892
64.3 1.73755 0.0331731
64.4 1.71806 0.0728027
64.5 1.69815 0.11198
64.6 1.67779 0.150696
64.7 1.65695 0.18894
64.8 1.63559 0.2267
64.9 1.61368 0.263963
65 1.59116 0.300717
65.1 1.56798 0.336947
65.2 1.54408 0.372638
65.3 1.51939 0.407771
65.4 1.49384 0.442328
65.5 1.46731 0.476288
65.6 1.43971 0.509628
65.7 1.41089 0.542321
65.8 1.38069 0.574337
65.9 1.34891 0.605643
66 1.31531 0.6362
66.1 1.27956 0.665962
66.2 1.24127 0.694876
66.3 1.19992 0.722878
66.4 1.15481 0.74989
66.5 1.105 0.775815
66.6 1.04916 0.800532
66.7 0.985359 0.823881
66.8 0.910704 0.84565
66.9 0.820653 0.86554
67 0.707747 0.883121
67.1 0.559093 0.897735
67.2 0.351441 0.908323
67.3 0.0428119 0.913095
67.4 -0.429574 0.909032
67.5 -1.07508 0.891975
67.6 -1.65589 0.860161
67.7 -1.92877 0.818374
67.8 -2.00705 0.772917
67.9 -2.0196 0.726636
68 -2.0126 0.680365
68.1 -1.99984 0.634342
68.2 -1.98527 0.588638
68.3 -1.97005 0.543278
68.4 -1.95449 0.498271
68.5 -1.93867 0.453624
68.6 -1.92263 0.409342
68.7 -1.90636 0.365431
68.8 -1.88985 0.321896
68.9 -1.87309 0.278742
69 -1.85607 0.235976
69.1 -1.83877 0.193603
69.2 -1.82119 0.151631
69.3 -1.80331 0.110065
69.4 -1.7851 0.0689123
69.5 -1.76656 0.0281813
69.6 -1.74766 -0.0121202
69.7 -1.72838 -0.051984
69.8 -1.70869 -0.0914009
69.9 -1.68857 -0.130361
70 -1.66799 -0.168855
70.1 -1.64691 -0.206871
70.2 -1.62529 -0.244398
70.3 -1.6031 -0.281422
70.4 -1.58027 -0.31793
70.5 -1.55676 -0.353906
70.6 -1.5325 -0.389335
70.7 -1.50741 -0.424198
70.8 -1.48141 -0.458476
70.9 -1.45439 -0.492146
71 -1.42623 -0.525183
71.1 -1.39678 -0.557559
71.2 -1.36586 -0.589244
71.3 -1.33325 -0.620201
71.4 -1.29868 -0.650388
71.5 -1.26178 -0.679756
71.6 -1.22212 -0.708247
71.7 -1.17909 -0.735791
71.8 -1.1319 -0.762302
71.9 -1.07943 -0.787672
72 -1.02011 -0.811765
72.1 -0.951609 -0.834396
72.2 -0.870373 -0.855319
72.3 -0.770689 -0.874182
72.4 -0.642952 -0.89046
72.5 -0.47019 -0.903335
72.6 -0.221484 -0.911456
72.7 0.1565 -0.912516
72.8 0.720656 -0.902819
72.9 1.38118 -0.878605
73 1.82163 -0.841178
73.1 1.97957 -0.797069
73.2 2.01714 -0.751043
73.3 2.0175 -0.704716
73.4 2.00693 -0.658547
73.5 1.99307 -0.612671
73.6 1.97812 -0.567128
73.7 1.96272 -0.521933
73.8 1.94703 -0.477096
73.9 1.93111 -0.432621
74 1.91496 -0.388514
74.1 1.89857 -0.344781
74.2 1.88195 -0.301425
74.3 1.86506 -0.258454
74.4 1.84792 -0.215874
74.5 1.83049 -0.173689
74.6 1.81277 -0.131908
74.7 1.79473 -0.090537
74.8 1.77637 -0.0495832
74.9 1.75766 -0.00905443
75 1.73858 0.031041
75.1 1.71911 0.0706945
75.2 1.69923 0.109897
75.3 1.67889 0.148638
75.4 1.65808 0.186907
75.5 1.63675 0.224693
75.6 1.61486 0.261983
75.7 1.59238 0.298765
75.8 1.56923 0.335023
75.9 1.54538 0.370743
76 1.52073 0.405906
76.1 1.49523 0.440495
76.2 1.46876 0.474487
76.3 1.44121 0.507861
76.4 1.41246 0.540589
76.5 1.38234 0.572643
76.6 1.35066 0.603988
76.7 1.31715 0.634586
76.8 1.28153 0.664392
76.9 1.24339 0.693352
77 1.20222 0.721405
77.1 1.15733 0.748472
77.2 1.10781 0.774458
77.3 1.05233 0.799243
77.4 0.989015 0.82267
77.5 0.915036 0.84453
77.6 0.825964 0.86453
77.7 0.714543 0.882249
77.8 0.568267 0.897044
77.9 0.364624 0.907884
78 0.0628677 0.91303
78.1 -0.399278 0.90954
78.2 -1.03883 0.893272
78.3 -1.63225 0.86218
78.4 -1.92076 0.820744
78.5 -2.00521 0.775382
78.6 -2.01963 0.729115
78.7 -2.01318 0.682835
78.8 -2.00058 0.636796
78.9 -1.98608 0.591074
79 -1.97087 0.545695
79.1 -1.95533 0.500669
79.2 -1.93953 0.456002
79.3 -1.92349 0.411701
79.4 -1.90723 0.36777
79.5 -1.89073 0.324215
79.6 -1.87399 0.281041
79.7 -1.85698 0.238254
79.8 -1.8397 0.19586
79.9 -1.82214 0.153865
80 -1.80427 0.112277
80.1 -1.78608 0.0711027
80.2 -1.76756 0.030349
80.3 -1.74868 -0.00997571
80.4 -1.72942 -0.0498631
80.5 -1.70976 -0.0893042
80.6 -1.68966 -0.128289
80.7 -1.6691 -0.166808
80.8 -1.64805 -0.20485
80.9 -1.62646 -0.242403
81 -1.6043 -0.279455
81.1 -1.58151 -0.31599
81.2 -1.55804 -0.351996
81.3 -1.53382 -0.387455
81.4 -1.50878 -0.422348
81.5 -1.48283 -0.456658
81.6 -1.45586 -0.49036
81.7 -1.42777 -0.523432
81.8 -1.39839 -0.555845
81.9 -1.36756 -0.587568
82 -1.33504 -0.618564
82.1 -1.30058 -0.648793
82.2 -1.26382 -0.678207
82.3 -1.22432 -0.706746
82.4 -1.18149 -0.734343
82.5 -1.13454 -0.760912
82.6 -1.08239 -0.786346
82.7 -1.02349 -0.810511
82.8 -0.955556 -0.833227
82.9 -0.875121 -0.854249
83 -0.776621 -0.873233
83.1 -0.650727 -0.889666
83.2 -0.480994 -0.902752
83.3 -0.237476 -0.911174
83.4 0.131889 -0.912692
83.5 0.685927 -0.903683
83.6 1.34866 -0.88028
83.7 1.80663 -0.843411
83.8 1.97535 -0.799501
83.9 2.01646 -0.753519
84 2.01787 -0.707192
84.1 2.00761 -0.66101
84.2 1.99385 -0.615116
84.3 1.97894 -0.569555
84.4 1.96355 -0.524342
84.5 1.94788 -0.479485
84.6 1.93197 -0.434991
84.7 1.91583 -0.390864
84.8 1.89946 -0.34711
84.9 1.88284 -0.303735
85 1.86597 -0.260743
85.1 1.84884 -0.218141
85.2 1.83143 -0.175935
85.3 1.81372 -0.134133
85.4 1.7957 -0.0927392
85.5 1.77736 -0.0517629
85.6 1.75867 -0.0112112
85.7 1.73961 0.0289077
85.8 1.72017 0.068585
85.9 1.7003 0.107812
86 1.67999 0.146577
86.1 1.6592 0.184872
86.2 1.6379 0.222684
86.3 1.61605 0.260001
86.4 1.59359 0.29681
86.5 1.57049 0.333097
86.6 1.54667 0.368846
86.7 1.52207 0.40404
86.8 1.49661 0.43866
86.9 1.4702 0.472685
87 1.44272 0.506092
87.1 1.41404 0.538856
87.2 1.38399 0.570946
87.3 1.35239 0.60233
87.4 1.319 0.632969
87.5 1.28349 0.662818
87.6 1.2455 0.691826
87.7 1.20451 0.719929
87.8 1.15984 0.747051
87.9 1.11059 0.773098
88 1.05547 0.79795
88.1 0.992641 0.821455
88.2 0.919326 0.843405
88.3 0.831213 0.863514
88.4 0.721241 0.881368
88.5 0.577281 0.896341
88.6 0.377533 0.907428
88.7 0.0824615 0.91294
88.8 -0.369558 0.910012
88.9 -1.00249 0.894526
89 -1.60759 0.864169
89.1 -1.91219 0.823103
89.2 -2.00319 0.777844
89.3 -2.01961 0.731594
89.4 -2.01374 0.685305
89.5 -2.00132 0.63925
89.6 -1.98687 0.593511
89.7 -1.9717 0.548113
89.8 -1.95616 0.503068
89.9 -1.94038 0.458382
90 -1.92436 0.414061
90.1 -1.90811 0.37011
90.2 -1.89162 0.326535
90.3 -1.87489 0.28334
90.4 -1.8579 0.240532
90.5 -1.84063 0.198117
90.6 -1.82309 0.156101
90.7 -1.80523 0.114491
90.8 -1.78707 0.0732944
90.9 -1.76856 0.032518
91 -1.7497 -0.00782992
91.1 -1.73046 -0.0477409
91.2 -1.71082 -0.0872061
91.3 -1.69075 -0.126216
91.4 -1.67022 -0.16476
91.5 -1.64919 -0.202828
91.6 -1.62763 -0.240407
91.7 -1.6055 -0.277486
91.8 -1.58274 -0.31405
91.9 -1.55931 -0.350084
92 -1.53513 -0.385572
92.1 -1.51014 -0.420497
92.2 -1.48424 -0.454838
92.3 -1.45733 -0.488574
92.4 -1.4293 -0.52168
92.5 -1.4 -0.554128
92.6 -1.36925 -0.585889
92.7 -1.33683 -0.616925
92.8 -1.30248 -0.647197
92.9 -1.26585 -0.676655
93 -1.22651 -0.705243
93.1 -1.18388 -0.732892
93.2 -1.13717 -0.759518
93.3 -1.08533 -0.785017
93.4 -1.02684 -0.809253
93.5 -0.959468 -0.832052
93.6 -0.879819 -0.853172
93.7 -0.782477 -0.872276
93.8 -0.658381 -0.888863
93.9 -0.491592 -0.902155
94 -0.253113 -0.910873
94.1 0.107831 -0.912839
94.2 0.651602 -0.904504
94.3 1.31546 -0.881914
94.4 1.79073 -0.845624
94.5 1.97079 -0.801928
94.6 2.01569 -0.755995
94.7 2.01822 -0.709668
94.8 2.00828 -0.663473
94.9 1.99462 -0.617562
95 1.97975 -0.571983
95.1 1.96438 -0.526751
95.2 1.94872 -0.481875
95.3 1.93282 -0.437361
95.4 1.9167 -0.393215
95.5 1.90034 -0.349441
95.6 1.88374 -0.306045
95.7 1.86688 -0.263032
95.8 1.84976 -0.22041
95.9 1.83237 -0.178183
96 1.81468 -0.136358
96.1 1.79668 -0.0949426
96.2 1.77835 -0.0539438
96.3 1.75968 -0.0133692
96.4 1.74064 0.0267731
96.5 1.72122 0.0664742
96.6 1.70137 0.105725
96.7 1.68109 0.144516
96.8 1.66033 0.182836
96.9 1.63906 0.220674
97 1.61723 0.258018
97.1 1.59481 0.294855
97.2 1.57174 0.33117
97.3 1.54796 0.366948
97.4 1.52341 0.402172
97.5 1.498 0.436823
97.6 1.47164 0.47088
97.7 1.44422 0.504321
97.8 1.4156 0.53712
97.9 1.38564 0.569247
98 1.35413 0.60067
98.1 1.32083 0.63135
98.2 1.28545 0.661243
98.3 1.2476 0.690297
98.4 1.20679 0.71845
98.5 1.16234 0.745626
98.6 1.11336 0.771733
98.7 1.0586 0.796654
98.8 0.996237 0.820235
98.9 0.923575 0.842274
99 0.836399 0.862491
99.1 0.727844 0.880479
99.2 0.58614 0.895627
99.3 0.390175 0.906957
99.4 0.101605 0.912827
99.5 -0.340419 0.910447
99.6 -0.966115 0.895734
99.7 -1.58193 0.866126
99.8 -1.90303 0.825452
99.9 -2.00097 0.780305
100 -2.01953 0.734072
100.1 -2.01429 0.687776
100.2 -2.00206 0.641706
100.3 -1.98767 0.595949
100.4 -1.97252 0.550532
100.5 -1.957 0.505468
100.6 -1.94123 0.460763
100.7 -1.92522 0.416422
100.8 -1.90898 0.372452
100.9 -1.89251 0.328856
101 -1.87579 0.285641
101.1 -1.85881 0.242812
101.2 -1.84157 0.200376
101.3 -1.82403 0.158338
101.4 -1.8062 0.116706
101.5 -1.78805 0.0754872
101.6 -1.76956 0.0346881
101.7 -1.75072 -0.00568288
101.8 -1.7315 -0.0456175
101.9 -1.71188 -0.0851067
102 -1.69183 -0.124141
102.1 -1.67133 -0.162711
102.2 -1.65033 -0.200804
102.3 -1.6288 -0.23841
102.4 -1.6067 -0.275515
102.5 -1.58398 -0.312107
102.6 -1.56058 -0.34817
102.7 -1.53645 -0.383688
102.8 -1.5115 -0.418643
102.9 -1.48565 -0.453016
103 -1.4588 -0.486785
103.1 -1.43083 -0.519925
103.2 -1.4016 -0.55241
103.3 -1.37093 -0.584208
103.4 -1.33861 -0.615284
103.5 -1.30437 -0.645598
103.6 -1.26788 -0.675101
103.7 -1.22869 -0.703737
103.8 -1.18625 -0.731438
103.9 -1.13979 -0.758122
104 -1.08826 -0.783683
104.1 -1.03017 -0.807992
104.2 -0.963346 -0.830873
104.3 -0.884467 -0.85209
104.4 -0.788258 -0.871313
104.5 -0.665915 -0.888051
104.6 -0.501991 -0.901545
104.7 -0.268406 -0.910553
104.8 0.0843176 -0.912957
104.9 0.617715 -0.905283
105 1.28166 -0.883508
105.1 1.7739 -0.847816
105.2 1.96588 -0.80435
105.3 2.0148 -0.758469
105.4 2.01853 -0.712145
105.5 2.00894 -0.665937
105.6 1.99539 -0.62001
105.7 1.98056 -0.574412
105.8 1.96521 -0.529161
105.9 1.94957 -0.484266
106 1.93368 -0.439733
106.1 1.91757 -0.395566
106.2 1.90122 -0.351772
106.3 1.88463 -0.308356
106.4 1.86779 -0.265323
106.5 1.85069 -0.222679
106.6 1.8333 -0.180431
106.7 1.81563 -0.138585
106.8 1.79765 -0.0971472
106.9 1.77934 -0.0561259
107 1.76069 -0.0155284
107.1 1.74167 0.0246372
107.2 1.72227 0.0643622
107.3 1.70245 0.103637
107.4 1.68219 0.142453
107.5 1.66145 0.180799
107.6 1.64021 0.218663
107.7 1.61841 0.256034
107.8 1.59603 0.292898
107.9 1.57299 0.329241
108 1.54926 0.365048
108.1 1.52474 0.400302
108.2 1.49938 0.434984
108.3 1.47307 0.469074
108.4 1.44571 0.502549
108.5 1.41717 0.535382
108.6 1.38728 0.567546
108.7 1.35586 0.599008
108.8 1.32266 0.629728
108.9 1.2874 0.659665
109 1.2497 0.688765
109.1 1.20905 0.716968
109.2 1.16482 0.744199
109.3 1.11611 0.770366
109.4 1.0617 0.795353
109.5 0.999804 0.819011
109.6 0.927782 0.841139
109.7 0.841526 0.861462
109.8 0.734355 0.879582
109.9 0.594847 0.894903
110 0.402559 0.906471
110.1 0.120309 0.912691
110.2 -0.311863 0.910847
110.3 -0.929768 0.896898
110.4 -1.55528 0.868051
110.5 -1.89324 0.827789
110.6 -1.99856 0.782762
110.7 -2.01939 0.736551
110.8 -2.01482 0.690248
110.9 -2.00279 0.644163
111 -1.98847 0.598388
111.1 -1.97334 0.552953
111.2 -1.95784 0.507869
111.3 -1.94208 0.463145
111.4 -1.92608 0.418785
111.5 -1.90986 0.374794
111.6 -1.8934 0.331178
111.7 -1.87669 0.287942
111.8 -1.85973 0.245093
111.9 -1.84249 0.202635
112 -1.82498 0.160576
112.1 -1.80716 0.118923
112.2 -1.78902 0.0776813
112.3 -1.77056 0.0368595
112.4 -1.75174 -0.00353459
112.5 -1.73254 -0.0434928
112.6 -1.71294 -0.0830061
112.7 -1.69292 -0.122065
112.8 -1.67243 -0.16066
112.9 -1.65146 -0.198779
113 -1.62996 -0.236411
113.1 -1.6079 -0.273544
113.2 -1.58521 -0.310163
113.3 -1.56185 -0.346255
113.4 -1.53776 -0.381803
113.5 -1.51285 -0.416788
113.6 -1.48705 -0.451193
113.7 -1.46026 -0.484994
113.8 -1.43236 -0.518169
113.9 -1.4032 -0.55069
114 -1.37261 -0.582525
114.1 -1.34038 -0.613641
114.2 -1.30626 -0.643997
114.3 -1.26989 -0.673544
114.4 -1.23086 -0.702228
114.5 -1.18861 -0.729981
114.6 -1.14239 -0.756722
114.7 -1.09117 -0.782347
114.8 -1.03348 -0.806726
114.9 -0.967189 -0.829688
115 -0.889066 -0.851002
115.1 -0.793966 -0.870342
115.2 -0.673333 -0.88723
115.3 -0.512196 -0.900923
115.4 -0.283364 -0.910215
115.5 0.0613392 -0.913046
115.6 0.584294 -0.906021
115.7 1.24731 -0.88506
115.8 1.75613 -0.849986
115.9 1.96058 -0.806765
116 2.0138 -0.760943
116.1 2.01881 -0.714622
116.2 2.0096 -0.668402
116.3 1.99616 -0.622458
116.4 1.98137 -0.576842
116.5 1.96604 -0.531572
116.6 1.95041 -0.486658
116.7 1.93454 -0.442105
116.8 1.91843 -0.397919
116.9 1.9021 -0.354105
117 1.88552 -0.310668
117.1 1.8687 -0.267615
117.2 1.85161 -0.22495
117.3 1.83424 -0.18268
117.4 1.81658 -0.140812
117.5 1.79862 -0.0993529
117.6 1.78033 -0.0583092
117.7 1.76169 -0.0176888
117.8 1.7427 0.0225001
117.9 1.72331 0.0622488
118 1.70352 0.101548
118.1 1.68328 0.140389
118.2 1.66257 0.17876
118.3 1.64136 0.21665
118.4 1.61959 0.254048
118.5 1.59724 0.290939
118.6 1.57424 0.327311
118.7 1.55054 0.363147
118.8 1.52608 0.398431
118.9 1.50076 0.433144
119 1.47451 0.467266
119.1 1.4472 0.500774
119.2 1.41872 0.533643
119.3 1.38891 0.565844
119.4 1.35758 0.597343
119.5 1.32449 0.628105
119.6 1.28935 0.658084
119.7 1.25178 0.687231
119.8 1.21131 0.715483
119.9 1.16729 0.742768
120 1.11885 0.768995
120.1 1.06478 0.794049
120.2 1.00334 0.817782
120.3 0.931949 0.839998
120.4 0.846594 0.860426
120.5 0.740775 0.878678
120.6 0.603408 0.894168
120.7 0.414692 0.90597
120.8 0.138585 0.912532
120.9 -0.283893 0.911213
121 -0.893507 0.898017
121.1 -1.52766 0.869943
121.2 -1.88279 0.830114
121.3 -1.99592 0.785217
121.4 -2.01919 0.73903
121.5 -2.01533 0.69272
121.6 -2.00351 0.64662
121.7 -1.98926 0.600828
121.8 -1.97416 0.555374
121.9 -1.95868 0.510272
122 -1.94293 0.465528
122.1 -1.92694 0.421148
122.2 -1.91073 0.377137
122.3 -1.89429 0.333501
122.4 -1.87759 0.290245
122.5 -1.86064 0.247375
122.6 -1.84342 0.204896
122.7 -1.82592 0.162816
122.8 -1.80812 0.12114
122.9 -1.79 0.0798765
123 -1.77155 0.0390321
123.1 -1.75275 -0.00138506
123.2 -1.73357 -0.0413668
123.3 -1.714 -0.0809041
123.4 -1.694 -0.119988
123.5 -1.67354 -0.158607
123.6 -1.6526 -0.196752
123.7 -1.63113 -0.234411
123.8 -1.60909 -0.271571
123.9 -1.58644 -0.308218
124 -1.56312 -0.344338
124.1 -1.53906 -0.379915
124.2 -1.51421 -0.414932
124.3 -1.48846 -0.449368
124.4 -1.46172 -0.483202
124.5 -1.43388 -0.516411
124.6 -1.40479 -0.548967
124.7 -1.37429 -0.58084
124.8 -1.34215 -0.611996
124.9 -1.30813 -0.642393
125 -1.2719 -0.671985
125.1 -1.23303 -0.700717
125.2 -1.19097 -0.728522
125.3 -1.14498 -0.755319
125.4 -1.09405 -0.781006
125.5 -1.03676 -0.805456
125.6 -0.970999 -0.8285
125.7 -0.893617 -0.849909
125.8 -0.799602 -0.869365
125.9 -0.680638 -0.886399
126 -0.522212 -0.900289
126.1 -0.297996 -0.909858
126.2 0.0388862 -0.913107
126.3 0.551364 -0.906718
126.4 1.21247 -0.886569
126.5 1.73739 -0.852134
126.6 1.95489 -0.809174
126.7 2.01268 -0.763415
126.8 2.01905 -0.717099
126.9 2.01024 -0.670868
127 1.99693 -0.624907
127.1 1.98218 -0.579273
127.2 1.96687 -0.533985
127.3 1.95125 -0.489051
127.4 1.93539 -0.444479
127.5 1.9193 -0.400273
127.6 1.90298 -0.356439
127.7 1.88642 -0.312982
127.8 1.8696 -0.269908
127.9 1.85253 -0.227222
128 1.83518 -0.184931
128.1 1.81753 -0.143041
128.2 1.79959 -0.10156
128.3 1.78131 -0.0604937
128.4 1.7627 -0.0198505
128.5 1.74372 0.0203617
128.6 1.72436 0.0601342
128.7 1.70459 0.099458
128.8 1.68438 0.138323
128.9 1.66369 0.17672
129 1.64251 0.214636
129.1 1.62077 0.25206
129.2 1.59845 0.288979
129.3 1.57549 0.325379
129.4 1.55183 0.361244
129.5 1.52741 0.396558
129.6 1.50214 0.431302
129.7 1.47594 0.465457
129.8 1.44869 0.498998
129.9 1.42028 0.531902
130 1.39054 0.564139
130.1 1.3593 0.595677
130.2 1.32631 0.626479
130.3 1.29128 0.656501
130.4 1.25386 0.685694
130.5 1.21356 0.713996
130.6 1.16975 0.741335
130.7 1.12157 0.767621
130.8 1.06784 0.792741
130.9 1.00685 0.816549
131 0.936077 0.838852
131.1 0.851605 0.859385
131.2 0.747107 0.877765
131.3 0.611825 0.893423
131.4 0.426582 0.905453
131.5 0.156444 0.912351
131.6 -0.256506 0.911544
131.7 -0.85739 0.899092
131.8 -1.49911 0.8718
131.9 -1.87164 0.832425
132 -1.99306 0.787669
132.1 -2.01892 0.741508
132.2 -2.01582 0.695193
132.3 -2.00423 0.649078
132.4 -1.99005 0.603268
132.5 -1.97498 0.557796
132.6 -1.95951 0.512675
132.7 -1.94377 0.467912
132.8 -1.9278 0.423512
132.9 -1.91161 0.379482
133 -1.89517 0.335825
133.1 -1.87849 0.292549
133.2 -1.86156 0.249658
133.3 -1.84435 0.207158
133.4 -1.82686 0.165056
133.5 -1.80908 0.123359
133.6 -1.79098 0.082073
133.7 -1.77255 0.041206
133.8 -1.75377 0.000765711
133.9 -1.73461 -0.0392395
134 -1.71506 -0.0788008
134.1 -1.69508 -0.117909
134.2 -1.67465 -0.156554
134.3 -1.65373 -0.194724
134.4 -1.63229 -0.232409
134.5 -1.61029 -0.269596
134.6 -1.58767 -0.306271
134.7 -1.56438 -0.34242
134.8 -1.54037 -0.378026
134.9 -1.51556 -0.413073
135 -1.48986 -0.447541
135.1 -1.46318 -0.481408
135.2 -1.4354 -0.514651
135.3 -1.40638 -0.547243
135.4 -1.37596 -0.579154
135.5 -1.34392 -0.610348
135.6 -1.31001 -0.640787
135.7 -1.2739 -0.670424
135.8 -1.23518 -0.699203
135.9 -1.19331 -0.727059
136 -1.14755 -0.753913
136.1 -1.09692 -0.779663
136.2 -1.04001 -0.804182
136.3 -0.974776 -0.827306
136.4 -0.898121 -0.84881
136.5 -0.805168 -0.868381
136.6 -0.687833 -0.88556
136.7 -0.532045 -0.899642
136.8 -0.312313 -0.909483
136.9 0.0169484 -0.913142
137 0.518948 -0.907375
137.1 1.17722 -0.888036
137.2 1.71765 -0.854257
137.3 1.94877 -0.811576
137.4 2.01142 -0.765886
137.5 2.01925 -0.719577
137.6 2.01087 -0.673335
137.7 1.99769 -0.627357
137.8 1.98299 -0.581705
137.9 1.9677 -0.536398
138 1.95209 -0.491445
138.1 1.93624 -0.446854
138.2 1.92017 -0.402628
138.3 1.90386 -0.358774
138.4 1.88731 -0.315297
138.5 1.87051 -0.272202
138.6 1.85345 -0.229495
138.7 1.83611 -0.187183
138.8 1.81849 -0.145272
138.9 1.80055 -0.103768
139 1.7823 -0.0626795
139.1 1.7637 -0.0220134
139.2 1.74475 0.018222
139.3 1.72541 0.0580183
139.4 1.70566 0.0973663
139.5 1.68547 0.136256
139.6 1.66481 0.174678
139.7 1.64365 0.21262
139.8 1.62195 0.250071
139.9 1.59966 0.287018
140 1.57674 0.323445
140.1 1.55311 0.35934
140.2 1.52873 0.394684
140.3 1.50351 0.429459
140.4 1.47736 0.463645
140.5 1.45018 0.49722
140.6 1.42183 0.530159
140.7 1.39217 0.562432
140.8 1.36101 0.594008
140.9 1.32812 0.624851
141 1.29322 0.654916
141.1 1.25593 0.684154
141.2 1.2158 0.712506
141.3 1.17219 0.739899
141.4 1.12428 0.766244
141.5 1.07088 0.791429
141.6 1.01033 0.815312
141.7 0.940166 0.837702
141.8 0.856559 0.858337
141.9 0.753352 0.876845
142 0.620103 0.892667
142.1 0.438235 0.904923
142.2 0.173897 0.912148
142.3 -0.229702 0.911842
142.4 -0.82147 0.900123
142.5 -1.46966 0.873621
142.6 -1.85977 0.834723
142.7 -1.98994 0.790117
142.8 -2.01857 0.743986
142.9 -2.01629 0.697667
143 -2.00494 0.651538
143.1 -1.99084 0.60571
143.2 -1.9758 0.560219
143.3 -1.96035 0.515079
143.4 -1.94462 0.470297
143.5 -1.92866 0.425878
143.6 -1.91248 0.381827
143.7 -1.89606 0.338151
143.8 -1.87939 0.294854
143.9 -1.86247 0.251942
144 -1.84528 0.209421
144.1 -1.82781 0.167298
144.2 -1.81004 0.125579
144.3 -1.79196 0.0842706
144.4 -1.77354 0.043381
144.5 -1.75478 0.00291771
144.6 -1.73564 -0.037111
144.7 -1.71611 -0.0766963
144.8 -1.69616 -0.115829
144.9 -1.67575 -0.154499
145 -1.65486 -0.192695
145.1 -1.63345 -0.230406
145.2 -1.61148 -0.26762
145.3 -1.58889 -0.304323
145.4 -1.56565 -0.3405
145.5 -1.54167 -0.376136
145.6 -1.51691 -0.411213
145.7 -1.49126 -0.445712
145.8 -1.46463 -0.479612
145.9 -1.43692 -0.512889
146 -1.40797 -0.545517
146.1 -1.37762 -0.577465
146.2 -1.34568 -0.608699
146.3 -1.31187 -0.639179
146.4 -1.27589 -0.66886
146.5 -1.23733 -0.697687
146.6 -1.19564 -0.725594
146.7 -1.15012 -0.752503
146.8 -1.09978 -0.778315
146.9 -1.04325 -0.802905
147 -0.97852 -0.826108
147.1 -0.90258 -0.847706
147.2 -0.810666 -0.86739
147.3 -0.69492 -0.884711
147.4 -0.541699 -0.898983
147.5 -0.326322 -0.909092
147.6 -0.00448472 -0.913149
147.7 0.487063 -0.907992
147.8 1.14161 -0.889459
147.9 1.69691 -0.856355
148 1.9422 -0.81397
148.1 2.01003 -0.768356
148.2 2.01941 -0.722055
148.3 2.01149 -0.675802
148.4 1.99845 -0.629809
148.5 1.98379 -0.584138
148.6 1.96852 -0.538812
148.7 1.95293 -0.493841
148.8 1.9371 -0.449229
148.9 1.92103 -0.404984
149 1.90474 -0.36111
149.1 1.8882 -0.317612
149.2 1.87141 -0.274497
149.3 1.85437 -0.231769
149.4 1.83705 -0.189436
149.5 1.81944 -0.147503
149.6 1.80152 -0.105977
149.7 1.78328 -0.0648665
149.8 1.76471 -0.0241776
149.9 1.74577 0.0160811
150 1.72645 0.0559011
150.1 1.70672 0.0952733
150.2 1.68656 0.134188
150.3 1.66593 0.172635
150.4 1.6448 0.210603
150.5 1.62312 0.248081
150.6 1.60087 0.285054
150.7 1.57798 0.321511
150.8 1.5544 0.357434
150.9 1.53006 0.392808
151 1.50488 0.427614
151.1 1.47879 0.461832
151.2 1.45166 0.49544
151.3 1.42338 0.528413
151.4 1.39379 0.560723
151.5 1.36272 0.592338
151.6 1.32993 0.62322
151.7 1.29514 0.653329
151.8 1.25799 0.682613
151.9 1.21803 0.711013
152 1.17463 0.738459
152.1 1.12696 0.764863
152.2 1.0739 0.790114
152.3 1.01379 0.814071
152.4 0.944218 0.836546
152.5 0.861458 0.857283
152.6 0.759514 0.875917
152.7 0.628245 0.891901
152.8 0.449658 0.904378
152.9 0.190955 0.911924
153 -0.203476 0.912108
153.1 -0.785796 0.90111
153.2 -1.43934 0.875406
153.3 -1.84713 0.837004
153.4 -1.98657 0.792562
153.5 -2.01815 0.746464
153.6 -2.01674 0.700141
153.7 -2.00564 0.653998
153.8 -1.99162 0.608153
153.9 -1.97662 0.562644
154 -1.96118 0.517485
154.1 -1.94547 0.472683
154.2 -1.92952 0.428244
154.3 -1.91335 0.384174
154.4 -1.89694 0.340477
154.5 -1.88029 0.29716
154.6 -1.86338 0.254227
154.7 -1.84621 0.211685
154.8 -1.82875 0.169541
154.9 -1.811 0.1278
155 -1.79293 0.0864694
155.1 -1.77454 0.0455572
155.2 -1.75579 0.00507095
155.3 -1.73668 -0.0349812
155.4 -1.71717 -0.0745905
155.5 -1.69724 -0.113747
155.6 -1.67686 -0.152442
155.7 -1.65599 -0.190664
155.8 -1.63461 -0.228402
155.9 -1.61267 -0.265642
156 -1.59012 -0.302373
156.1 -1.56691 -0.338579
156.2 -1.54298 -0.374244
156.3 -1.51825 -0.409352
156.4 -1.49265 -0.443882
156.5 -1.46608 -0.477815
156.6 -1.43843 -0.511126
156.7 -1.40955 -0.543789
156.8 -1.37929 -0.575774
156.9 -1.34743 -0.607047
157 -1.31373 -0.637569
157.1 -1.27788 -0.667293
157.2 -1.23946 -0.696167
157.3 -1.19796 -0.724126
157.4 -1.15266 -0.751091
157.5 -1.10261 -0.776964
157.6 -1.04645 -0.801623
157.7 -0.982233 -0.824905
157.8 -0.906993 -0.846596
157.9 -0.816097 -0.866392
158 -0.701902 -0.883855
158.1 -0.551181 -0.898313
158.2 -0.340034 -0.908683
158.3 -0.025424 -0.91313
158.4 0.455725 -0.908571
158.5 1.10571 -0.890839
158.6 1.67515 -0.858426
158.7 1.93515 -0.816356
158.8 2.00849 -0.770824
158.9 2.01953 -0.724533
159 2.0121 -0.67827
159.1 1.9992 -0.632261
159.2 1.98459 -0.586572
159.3 1.96935 -0.541227
159.4 1.95377 -0.496237
159.5 1.93795 -0.451606
159.6 1.9219 -0.407341
159.7 1.90561 -0.363447
159.8 1.88909 -0.319929
159.9 1.87232 -0.276793
160 1.85529 -0.234045
160.1 1.83798 -0.19169
160.2 1.82039 -0.149735
160.3 1.80249 -0.108188
160.4 1.78427 -0.0670546
160.5 1.76571 -0.026343
160.6 1.74679 0.0139389
160.7 1.72749 0.0537825
160.8 1.70779 0.093179
160.9 1.68765 0.132119
161 1.66704 0.170591
161.1 1.64594 0.208585
161.2 1.6243 0.246089
161.3 1.60207 0.28309
161.4 1.57922 0.319574
161.5 1.55568 0.355526
161.6 1.53138 0.39093
161.7 1.50625 0.425767
161.8 1.48021 0.460017
161.9 1.45314 0.493659
162 1.42492 0.526666
162.1 1.39541 0.559012
162.2 1.36442 0.590665
162.3 1.33173 0.621588
162.4 1.29706 0.651739
162.5 1.26005 0.681068
162.6 1.22024 0.709518
162.7 1.17705 0.737017
162.8 1.12964 0.763479
162.9 1.0769 0.788795
163 1.01722 0.812825
163.1 0.948232 0.835385
163.2 0.866303 0.856223
163.3 0.765593 0.874981
163.4 0.636256 0.891126
163.5 0.460857 0.90382
163.6 0.207629 0.91168
163.7 -0.177822 0.912342
163.8 -0.750415 0.902053
163.9 -1.4082 0.877153
164 -1.83369 0.83927
164.1 -1.98291 0.795002
164.2 -2.01764 0.748941
164.3 -2.01716 0.702616
164.4 -2.00634 0.656459
164.5 -1.99241 0.610596
164.6 -1.97743 0.565069
164.7 -1.96201 0.519891
164.8 -1.94631 0.47507
164.9 -1.93038 0.430612
165 -1.91422 0.386522
165.1 -1.89782 0.342805
165.2 -1.88118 0.299467
165.3 -1.86429 0.256514
165.4 -1.84713 0.213951
165.5 -1.82969 0.171785
165.6 -1.81195 0.130022
165.7 -1.79391 0.0886694
165.8 -1.77553 0.0477347
165.9 -1.7568 0.00722542
166 -1.73771 -0.0328502
166.1 -1.71822 -0.0724834
166.2 -1.69831 -0.111665
166.3 -1.67796 -0.150385
166.4 -1.65712 -0.188632
166.5 -1.63577 -0.226396
166.6 -1.61386 -0.263663
166.7 -1.59134 -0.300421
166.8 -1.56817 -0.336656
166.9 -1.54428 -0.372351
167 -1.5196 -0.407488
167.1 -1.49405 -0.44205
167.2 -1.46753 -0.476015
167.3 -1.43994 -0.50936
167.4 -1.41113 -0.542059
167.5 -1.38094 -0.574081
167.6 -1.34918 -0.605393
167.7 -1.31559 -0.635956
167.8 -1.27986 -0.665725
167.9 -1.24159 -0.694646
168 -1.20027 -0.722655
168.1 -1.15519 -0.749675
168.2 -1.10543 -0.77561
168.3 -1.04964 -0.800337
168.4 -0.985915 -0.823698
168.5 -0.911363 -0.84548
168.6 -0.821462 -0.865387
168.7 -0.708783 -0.882989
168.8 -0.560494 -0.897631
168.9 -0.353456 -0.908257
169 -0.0458806 -0.913086
169.1 0.424947 -0.909111
169.2 1.0696 -0.892174
169.3 1.65237 -0.860469
169.4 1.92759 -0.818734
169.5 2.00679 -0.773291
169.6 2.01961 -0.727012
169.7 2.01269 -0.680739
169.8 1.99995 -0.634714
169.9 1.9854 -0.589007
170 1.97018 -0.543644
170.1 1.95461 -0.498634
170.2 1.9388 -0.453984
170.3 1.92276 -0.409699
170.4 1.90649 -0.365785
170.5 1.88998 -0.322247
170.6 1.87322 -0.27909
170.7 1.8562 -0.236321
170.8 1.83891 -0.193945
170.9 1.82133 -0.151969
171 1.80345 -0.1104
171.1 1.78525 -0.0692441
171.2 1.76671 -0.0285097
171.3 1.74782 0.0117954
171.4 1.72854 0.0516627
171.5 1.70885 0.0910833
171.6 1.68874 0.130048
171.7 1.66816 0.168545
171.8 1.64708 0.206565
171.9 1.62547 0.244096
172 1.60328 0.281124
172.1 1.58046 0.317636
172.2 1.55695 0.353617
172.3 1.5327 0.38905
172.4 1.50762 0.423918
172.5 1.48162 0.458201
172.6 1.45461 0.491875
172.7 1.42646 0.524917
172.8 1.39703 0.5573
172.9 1.36612 0.58899
173 1.33352 0.619953
173.1 1.29897 0.650146
173.2 1.26209 0.679521
173.3 1.22245 0.708019
173.4 1.17945 0.735571
173.5 1.1323 0.762091
173.6 1.07988 0.787472
173.7 1.02062 0.811575
173.8 0.95221 0.834219
173.9 0.871095 0.855158
174 0.771593 0.874038
174.1 0.644138 0.89034
174.2 0.47184 0.903248
174.3 0.22393 0.911415
174.4 -0.152736 0.912544
174.5 -0.71537 0.902953
174.6 -1.3763 0.878861
174.7 -1.81942 0.841518
174.8 -1.97895 0.797438
174.9 -2.01704 0.751418
175 -2.01756 0.705091
175.1 -2.00703 0.65892
175.2 -1.99319 0.613041
175.3 -1.97825 0.567495
175.4 -1.96285 0.522298
175.5 -1.94716 0.477458
175.6 -1.93124 0.43298
175.7 -1.91509 0.38887
175.8 -1.89871 0.345133
175.9 -1.88208 0.301775
176 -1.8652 0.258801
176.1 -1.84806 0.216217
176.2 -1.83063 0.17403
176.3 -1.81291 0.132245
176.4 -1.79488 0.0908706
176.5 -1.77652 0.0499134
176.6 -1.75782 0.00938112
176.7 -1.73874 -0.0307179
176.8 -1.71927 -0.070375
176.9 -1.69939 -0.109581
177 -1.67906 -0.148326
177.1 -1.65825 -0.186599
177.2 -1.63692 -0.224388
177.3 -1.61504 -0.261683
177.4 -1.59256 -0.298469
177.5 -1.56942 -0.334731
177.6 -1.54557 -0.370455
177.7 -1.52094 -0.405623
177.8 -1.49544 -0.440217
177.9 -1.46898 -0.474214
178 -1.44144 -0.507593
178.1 -1.4127 -0.540327
178.2 -1.38259 -0.572386
178.3 -1.35092 -0.603737
178.4 -1.31743 -0.634341
178.5 -1.28183 -0.664153
178.6 -1.24371 -0.693121
178.7 -1.20257 -0.721181
178.8 -1.15771 -0.748257
178.9 -1.10823 -0.774252
179 -1.05281 -0.799048
179.1 -0.989566 -0.822487
179.2 -0.915689 -0.84436
179.3 -0.826763 -0.864376
179.4 -0.715564 -0.882116
179.5 -0.569643 -0.896938
179.6 -0.366597 -0.907816
179.7 -0.0658657 -0.913018
179.8 0.394738 -0.909614
179.9 1.03333 -0.893465
180 1.62858 -0.862483
180.1 1.9195 -0.821102
180.2 2.00492 -0.775755
180.3 2.01963 -0.72949
180.4 2.01327 -0.683209
180.5 2.00069 -0.637168
180.6 1.9862 -0.591443
180.7 1.971 -0.546061
180.8 1.95545 -0.501032
180.9 1.93965 -0.456363
181 1.92363 -0.412059
181.1 1.90737 -0.368125
181.2 1.89087 -0.324566
181.3 1.87413 -0.281389
181.4 1.85712 -0.238599
181.5 1.83984 -0.196202
181.6 1.82228 -0.154204
181.7 1.80442 -0.112613
181.8 1.78623 -0.0714347
181.9 1.76771 -0.0306776
182 1.74884 0.00965068
182.1 1.72958 0.0495417
182.2 1.70992 0.0889864
182.3 1.68983 0.127975
182.4 1.66927 0.166498
182.5 1.64822 0.204544
182.6 1.62664 0.242101
182.7 1.60448 0.279156
182.8 1.5817 0.315696
182.9 1.55823 0.351706
183 1.53402 0.387169
183.1 1.50898 0.422068
183.2 1.48304 0.456382
183.3 1.45609 0.49009
183.4 1.428 0.523167
183.5 1.39864 0.555585
183.6 1.36781 0.587313
183.7 1.33532 0.618316
183.8 1.30087 0.648552
183.9 1.26413 0.677972
184 1.22465 0.706518
184.1 1.18185 0.734123
184.2 1.13494 0.760701
184.3 1.08284 0.786145
184.4 1.024 0.810321
184.5 0.956151 0.833049
184.6 0.875836 0.854086
184.7 0.777514 0.873088
184.8 0.651895 0.889545
184.9 0.482613 0.902662
185 0.239868 0.91113
185.1 -0.128209 0.912717
185.2 -0.680699 0.90381
185.3 -1.34367 0.88053
185.4 -1.80428 0.843747
185.5 -1.97468 0.79987
185.6 -2.01635 0.753894
185.7 -2.01793 0.707567
185.8 -2.00771 0.661383
185.9 -1.99396 0.615487
186 -1.97906 0.569922
186.1 -1.96368 0.524707
186.2 -1.94801 0.479847
186.3 -1.9321 0.43535
186.4 -1.91596 0.39122
186.5 -1.89959 0.347463
186.6 -1.88298 0.304084
186.7 -1.86611 0.26109
186.8 -1.84898 0.218485
186.9 -1.83157 0.176276
187 -1.81387 0.13447
187.1 -1.79585 0.093073
187.2 -1.77751 0.0520932
187.3 -1.75882 0.011538
187.4 -1.73977 -0.0285844
187.5 -1.72033 -0.0682653
187.6 -1.70046 -0.107496
187.7 -1.68016 -0.146265
187.8 -1.65937 -0.184564
187.9 -1.63808 -0.22238
188 -1.61623 -0.259701
188.1 -1.59378 -0.296514
188.2 -1.57068 -0.332805
188.3 -1.54687 -0.368559
188.4 -1.52228 -0.403757
188.5 -1.49682 -0.438381
188.6 -1.47042 -0.472412
188.7 -1.44294 -0.505824
188.8 -1.41427 -0.538593
188.9 -1.38424 -0.570689
189 -1.35266 -0.602078
189.1 -1.31928 -0.632724
189.2 -1.28379 -0.66258
189.3 -1.24582 -0.691594
189.4 -1.20485 -0.719705
189.5 -1.16022 -0.746835
189.6 -1.11101 -0.772891
189.7 -1.05595 -0.797754
189.8 -0.993187 -0.82127
189.9 -0.919973 -0.843234
190 -0.832002 -0.863359
190.1 -0.722248 -0.881234
190.2 -0.578633 -0.896234
190.3 -0.379465 -0.907358
190.4 -0.0853906 -0.912925
190.5 0.365106 -0.91008
190.6 0.996981 -0.894711
190.7 1.60376 -0.864467
190.8 1.91084 -0.82346
190.9 2.00286 -0.778217
191 2.0196 -0.731969
191.1 2.01383 -0.685679
191.2 2.00143 -0.639622
191.3 1.98699 -0.59388
191.4 1.97182 -0.54848
191.5 1.95629 -0.503432
191.6 1.94051 -0.458743
191.7 1.92449 -0.414419
191.8 1.90824 -0.370465
191.9 1.89176 -0.326886
192 1.87503 -0.283689
192.1 1.85804 -0.240877
192.2 1.84078 -0.198459
192.3 1.82323 -0.15644
192.4 1.80538 -0.114827
192.5 1.78721 -0.0736265
192.6 1.76871 -0.0328467
192.7 1.74985 0.00750471
192.8 1.73062 0.0474193
192.9 1.71098 0.0868881
193 1.69091 0.125902
193.1 1.67038 0.16445
193.2 1.64936 0.202521
193.3 1.62781 0.240105
193.4 1.60568 0.277187
193.5 1.58293 0.313755
193.6 1.5595 0.349794
193.7 1.53533 0.385287
193.8 1.51034 0.420216
193.9 1.48445 0.454562
194 1.45756 0.488303
194.1 1.42953 0.521414
194.2 1.40024 0.553868
194.3 1.3695 0.585634
194.4 1.3371 0.616677
194.5 1.30277 0.646955
194.6 1.26616 0.67642
194.7 1.22684 0.705015
194.8 1.18424 0.732672
194.9 1.13757 0.759307
195 1.08578 0.784815
195.1 1.02735 0.809063
195.2 0.960058 0.831874
195.3 0.880526 0.853009
195.4 0.783358 0.872131
195.5 0.65953 0.888741
195.6 0.493181 0.902063
195.7 0.255452 0.910826
195.8 -0.104234 0.912859
195.9 -0.646439 0.904625
196 -1.31038 0.882158
196.1 -1.78824 0.845957
196.2 -1.97007 0.802296
196.3 -2.01556 0.75637
196.4 -2.01827 0.710043
196.5 -2.00838 0.663846
196.6 -1.99474 0.617933
196.7 -1.97987 0.572351
196.8 -1.96451 0.527116
196.9 -1.94885 0.482237
197 -1.93295 0.43772
197.1 -1.91683 0.393571
197.2 -1.90047 0.349794
197.3 -1.88387 0.306395
197.4 -1.86702 0.263379
197.5 -1.8499 0.220753
197.6 -1.83251 0.178523
197.7 -1.81482 0.136695
197.8 -1.79682 0.0952765
197.9 -1.7785 0.0542743
198 -1.75983 0.0136962
198.1 -1.7408 -0.0264495
198.2 -1.72138 -0.0661543
198.3 -1.70154 -0.105409
198.4 -1.68126 -0.144203
198.5 -1.6605 -0.182527
198.6 -1.63923 -0.220369
198.7 -1.61741 -0.257718
198.8 -1.595 -0.294558
198.9 -1.57193 -0.330878
199 -1.54816 -0.36666
199.1 -1.52361 -0.401889
199.2 -1.49821 -0.436544
199.3 -1.47186 -0.470607
199.4 -1.44444 -0.504053
199.5 -1.41584 -0.536857
199.6 -1.38589 -0.56899
199.7 -1.35439 -0.600418
199.8 -1.32111 -0.631104
199.9 -1.28575 -0.661004
200 -1.24792 -0.690065
