0 2 0
0.1 1.82384 0.0428155
0.2 1.74974 0.0831225
0.3 1.7084 0.122201
0.4 1.67912 0.160506
0.5 1.65445 0.198211
0.6 1.63143 0.23538
0.7 1.60881 0.272034
0.8 1.58601 0.308175
0.9 1.56276 0.343796
1 1.5389 0.378884
1.1 1.51429 0.413424
1.2 1.48883 0.447398
1.3 1.46242 0.480785
1.4 1.43494 0.513563
1.5 1.40624 0.545706
1.6 1.37616 0.577184
1.7 1.3445 0.607964
1.8 1.311 0.638007
1.9 1.27535 0.667269
2 1.23714 0.695696
2.1 1.19584 0.723225
2.2 1.15075 0.749778
2.3 1.1009 0.775259
2.4 1.04492 0.799546
2.5 0.980827 0.82248
2.6 0.905632 0.843844
2.7 0.814608 0.86334
2.8 0.699937 0.880528
2.9 0.547997 0.894734
3 0.334014 0.904863
3.1 0.0130892 0.909052
3.2 -0.480094 0.904149
3.3 -1.14116 0.885959
3.4 -1.70101 0.853246
3.5 -1.9443 0.811352
3.6 -2.01036 0.766328
3.7 -2.01913 0.720656
3.8 -2.0111 0.675039
3.9 -1.99815 0.629678
4 -1.98366 0.584632
4.1 -1.96859 0.539922
4.2 -1.9532 0.495557
4.3 -1.93758 0.451543
4.4 -1.92173 0.407885
4.5 -1.90567 0.364588
4.6 -1.88936 0.321657
4.7 -1.87282 0.279098
4.8 -1.85602 0.236916
4.9 -1.83896 0.195117
5 -1.82161 0.153707
5.1 -1.80397 0.112693
5.2 -1.78602 0.0720811
5.3 -1.76774 0.0318794
5.4 -1.74912 -0.00790496
5.5 -1.73012 -0.0472637
5.6 -1.71073 -0.0861882
5.7 -1.69092 -0.124669
5.8 -1.67066 -0.162697
5.9 -1.64991 -0.200261
6 -1.62865 -0.23735
6.1 -1.60683 -0.273952
6.2 -1.58441 -0.310053
6.3 -1.56132 -0.34564
6.4 -1.53752 -0.380696
6.5 -1.51292 -0.415205
6.6 -1.48744 -0.449148
6.7 -1.461 -0.482503
6.8 -1.43346 -0.515248
6.9 -1.4047 -0.547357
7 -1.37455 -0.578799
7.1 -1.3428 -0.609542
7.2 -1.3092 -0.639546
7.3 -1.27343 -0.668766
7.4 -1.23508 -0.697148
7.5 -1.1936 -0.724628
7.6 -1.14829 -0.751128
7.7 -1.09815 -0.776551
7.8 -1.04181 -0.800772
7.9 -0.977227 -0.82363
8 -0.901346 -0.844905
8.1 -0.809323 -0.864294
8.2 -0.693119 -0.881346
8.3 -0.538698 -0.895372
8.4 -0.320487 -0.905247
8.5 0.00770555 -0.909055
8.6 0.511259 -0.903566
8.7 1.17613 -0.884596
8.8 1.72117 -0.851232
8.9 1.95056 -0.809056
9 2.01166 -0.763962
9.1 2.01896 -0.718283
9.2 2.0105 -0.672676
9.3 1.99742 -0.62733
9.4 1.98289 -0.582302
9.5 1.96779 -0.53761
9.6 1.9524 -0.493263
9.7 1.93676 -0.449267
9.8 1.92091 -0.405628
9.9 1.90482 -0.36235
10 1.88851 -0.319438
10.1 1.87195 -0.276898
10.2 1.85514 -0.234736
10.3 1.83806 -0.192957
10.4 1.8207 -0.151567
10.5 1.80305 -0.110574
10.6 1.78508 -0.0699834
10.7 1.76678 -0.0298031
10.8 1.74814 0.00995936
10.9 1.72912 0.0492958
11 1.70971 0.0881975
11.1 1.68987 0.126655
11.2 1.66959 0.164659
11.3 1.64882 0.202199
11.4 1.62754 0.239263
11.5 1.60569 0.275839
11.6 1.58323 0.311914
11.7 1.56011 0.347474
11.8 1.53626 0.382502
11.9 1.51162 0.416982
12 1.4861 0.450895
12.1 1.4596 0.484219
12.2 1.432 0.516932
12.3 1.40317 0.549006
12.4 1.37294 0.580413
12.5 1.3411 0.611119
12.6 1.3074 0.641083
12.7 1.27151 0.670261
12.8 1.233 0.698598
12.9 1.19135 0.726029
13 1.14581 0.752476
13.1 1.0954 0.777839
13.2 1.03868 0.801994
13.3 0.973597 0.824775
13.4 0.897018 0.845962
13.5 0.803973 0.865241
13.6 0.6862 0.882156
13.7 0.529231 0.895999
13.8 0.306668 0.905616
13.9 -0.0289848 0.909033
14 -0.542945 0.902947
14.1 -1.21077 0.883193
14.2 -1.74035 0.849194
14.3 -1.9564 0.806754
14.4 -2.01284 0.761595
14.5 -2.01875 0.71591
14.6 -2.00989 0.670314
14.7 -1.99669 0.624984
14.8 -1.98211 0.579973
14.9 -1.967 0.535298
15 -1.95159 0.49097
15.1 -1.93594 0.446992
15.2 -1.92008 0.403372
15.3 -1.90398 0.360112
15.4 -1.88766 0.31722
15.5 -1.87109 0.2747
15.6 -1.85426 0.232557
15.7 -1.83717 0.190798
15.8 -1.8198 0.149429
15.9 -1.80212 0.108456
16 -1.78414 0.0678867
16.1 -1.76583 0.0277279
16.2 -1.74716 -0.0120126
16.3 -1.72812 -0.0513266
16.4 -1.70869 -0.0902055
16.5 -1.68883 -0.12864
16.6 -1.66852 -0.16662
16.7 -1.64773 -0.204135
16.8 -1.62641 -0.241174
16.9 -1.60453 -0.277725
17 -1.58204 -0.313774
17.1 -1.55889 -0.349306
17.2 -1.535 -0.384306
17.3 -1.51031 -0.418757
17.4 -1.48474 -0.45264
17.5 -1.45819 -0.485933
17.6 -1.43054 -0.518613
17.7 -1.40164 -0.550654
17.8 -1.37133 -0.582025
17.9 -1.3394 -0.612693
18 -1.30559 -0.642618
18.1 -1.26957 -0.671753
18.2 -1.23092 -0.700045
18.3 -1.18909 -0.727427
18.4 -1.14333 -0.75382
18.5 -1.09262 -0.779125
18.6 -1.03553 -0.803212
18.7 -0.969937 -0.825917
18.8 -0.892645 -0.847013
18.9 -0.798558 -0.866183
19 -0.679179 -0.882958
19.1 -0.519592 -0.896615
19.2 -0.29255 -0.905968
19.3 0.050756 -0.908987
19.4 0.575131 -0.902289
19.5 1.245 -0.88175
19.6 1.75858 -0.847134
19.7 1.96184 -0.804445
19.8 2.01389 -0.759227
19.9 2.0185 -0.713538
20 2.00927 -0.667953
20.1 1.99596 -0.622639
20.2 1.98134 -0.577644
20.3 1.96621 -0.532988
20.4 1.95078 -0.488677
20.5 1.93512 -0.444719
20.6 1.91925 -0.401116
20.7 1.90314 -0.357876
20.8 1.8868 -0.315003
20.9 1.87022 -0.272502
21 1.85338 -0.230379
21.1 1.83627 -0.18864
21.2 1.81888 -0.147291
21.3 1.8012 -0.10634
21.4 1.7832 -0.0657913
21.5 1.76486 -0.025654
21.6 1.74618 0.0140646
21.7 1.72712 0.0533562
21.8 1.70767 0.0922123
21.9 1.68779 0.130623
22 1.66746 0.16858
22.1 1.64664 0.206071
22.2 1.62529 0.243085
22.3 1.60338 0.279609
22.4 1.58086 0.315631
22.5 1.55766 0.351137
22.6 1.53374 0.386109
22.7 1.50901 0.420531
22.8 1.48339 0.454383
22.9 1.45678 0.487645
23 1.42907 0.520293
23.1 1.4001 0.5523
23.2 1.36972 0.583635
23.3 1.3377 0.614266
23.4 1.30378 0.644151
23.5 1.26764 0.673244
23.6 1.22884 0.70149
23.7 1.18682 0.728823
23.8 1.14083 0.755162
23.9 1.08983 0.780407
24 1.03235 0.804427
24.1 0.966246 0.827054
24.2 0.888229 0.848059
24.3 0.793076 0.867118
24.4 0.672051 0.883752
24.5 0.509777 0.89722
24.6 0.278126 0.906303
24.7 -0.0730288 0.908914
24.8 -0.607797 0.901594
24.9 -1.27877 0.880266
25 -1.77587 0.845053
25.1 -1.9669 0.80213
25.2 -2.01483 0.756858
25.3 -2.01823 0.711166
25.4 -2.00864 0.665593
25.5 -1.99522 0.620294
25.6 -1.98056 0.575317
25.7 -1.96541 0.530679
25.8 -1.94997 0.486386
25.9 -1.93431 0.442446
26 -1.91842 0.398862
26.1 -1.9023 0.355641
26.2 -1.88595 0.312787
26.3 -1.86935 0.270305
26.4 -1.8525 0.228202
26.5 -1.83538 0.186483
26.6 -1.81797 0.145155
26.7 -1.80027 0.104224
26.8 -1.78225 0.063697
26.9 -1.7639 0.0235812
27 -1.7452 -0.0161154
27.1 -1.72612 -0.0553846
27.2 -1.70665 -0.0942178
27.3 -1.68674 -0.132606
27.4 -1.66639 -0.170538
27.5 -1.64554 -0.208004
27.6 -1.62417 -0.244993
27.7 -1.60223 -0.281492
27.8 -1.57967 -0.317488
27.9 -1.55644 -0.352966
28 -1.53248 -0.38791
28.1 -1.5077 -0.422303
28.2 -1.48203 -0.456125
28.3 -1.45537 -0.489356
28.4 -1.4276 -0.521971
28.5 -1.39856 -0.553944
28.6 -1.3681 -0.585244
28.7 -1.33598 -0.615836
28.8 -1.30196 -0.645681
28.9 -1.26569 -0.674732
29 -1.22674 -0.702932
29.1 -1.18453 -0.730216
29.2 -1.13831 -0.756501
29.3 -1.08702 -0.781685
29.4 -1.02915 -0.805638
29.5 -0.962523 -0.828187
29.6 -0.883767 -0.8491
29.7 -0.787526 -0.868046
29.8 -0.664816 -0.884537
29.9 -0.499779 -0.897813
30 -0.263386 -0.906621
30.1 0.0958125 -0.908815
30.2 0.64092 -0.90086
30.3 1.31201 -0.878744
30.4 1.79225 -0.842951
30.5 1.9716 -0.79981
30.6 2.01566 -0.754488
30.7 2.01792 -0.708794
30.8 2.008 -0.663233
30.9 1.99448 -0.617951
31 1.97978 -0.572991
31.1 1.96462 -0.52837
31.2 1.94917 -0.484096
31.3 1.93349 -0.440174
31.4 1.91758 -0.396609
31.5 1.90146 -0.353407
31.6 1.88509 -0.310572
31.7 1.86848 -0.26811
31.8 1.85162 -0.226027
31.9 1.83448 -0.184328
32 1.81706 -0.14302
32.1 1.79934 -0.10211
32.2 1.78131 -0.0616039
32.3 1.76294 -0.0215097
32.4 1.74422 0.0181649
32.5 1.72512 0.0574117
32.6 1.70562 0.096222
32.7 1.6857 0.134586
32.8 1.66532 0.172495
32.9 1.64445 0.209937
33 1.62304 0.2469
33.1 1.60107 0.283374
33.2 1.57848 0.319343
33.3 1.55521 0.354793
33.4 1.53121 0.389709
33.5 1.50639 0.424073
33.6 1.48068 0.457865
33.7 1.45396 0.491065
33.8 1.42612 0.523647
33.9 1.39702 0.555586
34 1.36647 0.58685
34.1 1.33427 0.617405
34.2 1.30014 0.64721
34.3 1.26374 0.676217
34.4 1.22463 0.704372
34.5 1.18224 0.731606
34.6 1.13578 0.757837
34.7 1.08419 0.78296
34.8 1.02593 0.806845
34.9 0.958768 0.829316
35 0.879258 0.850136
35.1 0.781907 0.868968
35.2 0.657469 0.885314
35.3 0.489595 0.898394
35.4 0.248321 0.906922
35.5 -0.119116 0.908689
35.6 -0.674474 0.900087
35.7 -1.34467 0.877183
35.8 -1.80774 0.84083
35.9 -1.97598 0.797485
36 -2.01639 0.752118
36.1 -2.01758 0.706423
36.2 -2.00735 0.660875
36.3 -1.99373 0.615608
36.4 -1.97901 0.570666
36.5 -1.96382 0.526063
36.6 -1.94836 0.481807
36.7 -1.93267 0.437903
36.8 -1.91675 0.394357
36.9 -1.90061 0.351174
37 -1.88424 0.308358
37.1 -1.86761 0.265915
37.2 -1.85073 0.223852
37.3 -1.83358 0.182173
37.4 -1.81615 0.140886
37.5 -1.79842 0.0999967
37.6 -1.78036 0.0595119
37.7 -1.76198 0.0194394
37.8 -1.74324 -0.0202132
37.9 -1.72412 -0.0594376
38 -1.7046 -0.098225
38.1 -1.68465 -0.136566
38.2 -1.66425 -0.17445
38.3 -1.64335 -0.211868
38.4 -1.62192 -0.248806
38.5 -1.59992 -0.285254
38.6 -1.57729 -0.321196
38.7 -1.55399 -0.35662
38.8 -1.52994 -0.391507
38.9 -1.50508 -0.425842
39 -1.47931 -0.459604
39.1 -1.45254 -0.492772
39.2 -1.42464 -0.525321
39.3 -1.39547 -0.557226
39.4 -1.36484 -0.588454
39.5 -1.33255 -0.618971
39.6 -1.29831 -0.648736
39.7 -1.26178 -0.677701
39.8 -1.22252 -0.705809
39.9 -1.17994 -0.732993
40 -1.13324 -0.759169
40.1 -1.08135 -0.784232
40.2 -1.02269 -0.808048
40.3 -0.954981 -0.83044
40.4 -0.874703 -0.851166
40.5 -0.776216 -0.869883
40.6 -0.650008 -0.886082
40.7 -0.479219 -0.898963
40.8 -0.232922 -0.907205
40.9 0.142948 -0.908535
41 0.708429 -0.899274
41.1 1.37669 -0.875584
41.2 1.82237 -0.838691
41.3 1.98003 -0.795155
41.4 2.01703 -0.749747
41.5 2.01722 -0.704053
41.6 2.0067 -0.658517
41.7 1.99299 -0.613267
41.8 1.97823 -0.568342
41.9 1.96302 -0.523757
42 1.94755 -0.479519
42.1 1.93185 -0.435633
42.2 1.91592 -0.392106
42.3 1.89977 -0.348941
42.4 1.88338 -0.306145
42.5 1.86674 -0.263722
42.6 1.84985 -0.221679
42.7 1.83269 -0.18002
42.8 1.81524 -0.138753
42.9 1.79749 -0.0978847
43 1.77942 -0.0574212
43.1 1.76101 -0.0173702
43.2 1.74225 0.0222604
43.3 1.72312 0.0614623
43.4 1.70358 0.100227
43.5 1.6836 0.138544
43.6 1.66317 0.176405
43.7 1.64225 0.213798
43.8 1.62079 0.250711
43.9 1.59876 0.287132
44 1.5761 0.323048
44.1 1.55276 0.358444
44.2 1.52867 0.393304
44.3 1.50377 0.427609
44.4 1.47795 0.461341
44.5 1.45112 0.494477
44.6 1.42316 0.526994
44.7 1.39391 0.558864
44.8 1.36321 0.590056
44.9 1.33082 0.620535
45 1.29647 0.65026
45.1 1.25981 0.679182
45.2 1.22039 0.707244
45.3 1.17762 0.734378
45.4 1.13069 0.760499
45.5 1.07848 0.785501
45.6 1.01942 0.809248
45.7 0.95116 0.831559
45.8 0.8701 0.852191
45.9 0.770452 0.870791
46 0.642431 0.886841
46.1 0.468644 0.89952
46.2 0.21718 0.907469
46.3 -0.167317 0.908353
46.4 -0.742753 0.898421
46.5 -1.40801 0.873948
46.6 -1.83617 0.836535
46.7 -1.98379 0.792821
46.8 -2.01757 0.747375
46.9 -2.01683 0.701683
47 -2.00603 0.65616
47.1 -1.99224 0.610926
47.2 -1.97744 0.566018
47.3 -1.96223 0.521451
47.4 -1.94674 0.477231
47.5 -1.93102 0.433365
47.6 -1.91509 0.389856
47.7 -1.89892 0.34671
47.8 -1.88252 0.303933
47.9 -1.86587 0.26153
48 -1.84897 0.219506
48.1 -1.83179 0.177868
48.2 -1.81432 0.136622
48.3 -1.79656 0.0957739
48.4 -1.77847 0.0553316
48.5 -1.76005 0.0153023
48.6 -1.74127 -0.0243063
48.7 -1.72211 -0.0634857
48.8 -1.70255 -0.102227
48.9 -1.68256 -0.140521
49 -1.6621 -0.178358
49.1 -1.64115 -0.215726
49.2 -1.61966 -0.252614
49.3 -1.5976 -0.28901
49.4 -1.5749 -0.324899
49.5 -1.55153 -0.360267
49.6 -1.5274 -0.395098
49.7 -1.50245 -0.429375
49.8 -1.47658 -0.463076
49.9 -1.4497 -0.496181
50 -1.42167 -0.528665
50.1 -1.39236 -0.5605
50.2 -1.36157 -0.591657
50.3 -1.32909 -0.622097
50.4 -1.29463 -0.651781
50.5 -1.25784 -0.68066
50.6 -1.21826 -0.708676
50.7 -1.17529 -0.73576
50.8 -1.12812 -0.761826
50.9 -1.0756 -0.786766
51 -1.01613 -0.810443
51.1 -0.947305 -0.832674
51.2 -0.865447 -0.85321
51.3 -0.764613 -0.871693
51.4 -0.634733 -0.887591
51.5 -0.457867 -0.900064
51.6 -0.201084 -0.907715
51.7 0.192229 -0.908142
51.8 0.77741 -0.897527
51.9 1.43859 -0.872276
52 1.84917 -0.834362
52.1 1.98727 -0.790483
52.2 2.01804 -0.745003
52.3 2.01642 -0.699314
52.4 2.00536 -0.653804
52.5 1.99149 -0.608586
52.6 1.97666 -0.563696
52.7 1.96143 -0.519147
52.8 1.94593 -0.474945
52.9 1.9302 -0.431097
53 1.91425 -0.387607
53.1 1.89808 -0.34448
53.2 1.88166 -0.301723
53.3 1.865 -0.259339
53.4 1.84808 -0.217335
53.5 1.83089 -0.175717
53.6 1.81341 -0.134491
53.7 1.79563 -0.0936641
53.8 1.77752 -0.0532431
53.9 1.75908 -0.0132354
54 1.74028 0.026351
54.1 1.72111 0.0655079
54.2 1.70152 0.104226
54.3 1.68151 0.142497
54.4 1.66102 0.180309
54.5 1.64005 0.217653
54.6 1.61853 0.254516
54.7 1.59643 0.290886
54.8 1.57371 0.326748
54.9 1.55029 0.362089
55 1.52613 0.396892
55.1 1.50113 0.431139
55.2 1.47521 0.46481
55.3 1.44827 0.497883
55.4 1.42019 0.530334
55.5 1.3908 0.562135
55.6 1.35993 0.593255
55.7 1.32735 0.623658
55.8 1.29278 0.653301
55.9 1.25586 0.682137
56 1.21612 0.710106
56.1 1.17296 0.737139
56.2 1.12553 0.763149
56.3 1.0727 0.788028
56.4 1.01281 0.811635
56.5 0.943415 0.833785
56.6 0.860744 0.854224
56.7 0.758698 0.872588
56.8 0.626912 0.888332
56.9 0.446879 0.900596
57 0.184625 0.907942
57.1 -0.217692 0.907902
57.2 -0.81236 0.896592
57.3 -1.46837 0.870568
57.4 -1.86141 0.832175
57.5 -1.99049 0.788141
57.6 -2.01843 0.742631
57.7 -2.01598 0.696945
57.8 -2.00468 0.651449
57.9 -1.99073 0.606248
58 -1.97588 0.561375
58.1 -1.96063 0.516843
58.2 -1.94512 0.47266
58.3 -1.92938 0.42883
58.4 -1.91342 0.385359
58.5 -1.89723 0.342251
58.6 -1.8808 0.299513
58.7 -1.86413 0.257149
58.8 -1.8472 0.215165
58.9 -1.82999 0.173567
59 -1.81249 0.132362
59.1 -1.79469 0.0915555
59.2 -1.77657 0.0511558
59.3 -1.75812 0.0111698
59.4 -1.7393 -0.0283946
59.5 -1.7201 -0.067529
59.6 -1.70049 -0.106224
59.7 -1.68045 -0.144471
59.8 -1.65995 -0.18226
59.9 -1.63894 -0.219579
60 -1.6174 -0.256416
60.1 -1.59527 -0.29276
60.2 -1.57251 -0.328596
60.3 -1.54906 -0.363909
60.4 -1.52485 -0.398684
60.5 -1.49981 -0.432901
60.6 -1.47384 -0.466542
60.7 -1.44684 -0.499583
60.8 -1.41869 -0.532001
60.9 -1.38923 -0.563768
61 -1.35828 -0.594851
61.1 -1.32561 -0.625216
61.2 -1.29092 -0.654819
61.3 -1.25387 -0.683611
61.4 -1.21397 -0.711533
61.5 -1.17061 -0.738516
61.6 -1.12294 -0.76447
61.7 -1.06978 -0.789286
61.8 -1.00947 -0.812822
61.9 -0.93949 -0.834891
62 -0.85599 -0.855232
62.1 -0.752704 -0.873475
62.2 -0.618965 -0.889064
62.3 -0.435676 -0.901114
62.4 -0.167792 -0.908149
62.5 0.243711 -0.907631
62.6 0.84756 -0.895616
62.7 1.49733 -0.868826
62.8 1.87291 -0.829973
62.9 1.99346 -0.785796
63 2.01875 -0.740258
63.1 2.01552 -0.694577
63.2 2.004 -0.649094
63.3 1.98998 -0.60391
63.4 1.9751 -0.559054
63.5 1.95983 -0.514541
63.6 1.94431 -0.470376
63.7 1.92856 -0.426564
63.8 1.91258 -0.383112
63.9 1.89638 -0.340023
64 1.87995 -0.297304
64.1 1.86326 -0.254959
64.2 1.84631 -0.212995
64.3 1.82909 -0.171418
64.4 1.81158 -0.130233
64.5 1.79376 -0.089448
64.6 1.77562 -0.0490695
64.7 1.75715 -0.00910519
64.8 1.73831 0.0304371
64.9 1.71909 0.0695489
65 1.69946 0.108221
65.1 1.6794 0.146445
65.2 1.65887 0.184209
65.3 1.63784 0.221503
65.4 1.61626 0.258316
65.5 1.5941 0.294633
65.6 1.57131 0.330442
65.7 1.54782 0.365728
65.8 1.52357 0.400474
65.9 1.49848 0.434662
66 1.47247 0.468272
66.1 1.44541 0.501282
66.2 1.4172 0.533667
66.3 1.38766 0.565399
66.4 1.35663 0.596446
66.5 1.32386 0.626772
66.6 1.28906 0.656334
66.7 1.25187 0.685082
66.8 1.21181 0.712958
66.9 1.16825 0.739889
67 1.12032 0.765787
67.1 1.06685 0.790541
67.2 1.0061 0.814006
67.3 0.93553 0.835992
67.4 0.851183 0.856235
67.5 0.74663 0.874356
67.6 0.610887 0.889786
67.7 0.424251 0.901619
67.8 0.150575 0.908336
67.9 -0.27029 0.907329
68 -0.882965 0.894599
68.1 -1.52542 0.86705
68.2 -1.88372 0.827758
68.3 -1.9962 0.783448
68.4 -2.019 0.737885
68.5 -2.01505 0.692209
68.6 -2.00331 0.646741
68.7 -1.98922 0.601573
68.8 -1.97431 0.556735
68.9 -1.95903 0.512239
69 -1.94349 0.468092
69.1 -1.92773 0.424299
69.2 -1.91175 0.380866
69.3 -1.89554 0.337796
69.4 -1.87908 0.295096
69.5 -1.86238 0.252771
69.6 -1.84542 0.210827
69.7 -1.82818 0.16927
69.8 -1.81066 0.128106
69.9 -1.79283 0.0873415
70 -1.77467 0.0469843
70.1 -1.75618 0.0070417
70.2 -1.73732 -0.0324784
70.3 -1.71808 -0.0715676
70.4 -1.69843 -0.110217
70.5 -1.67835 -0.148417
70.6 -1.65779 -0.186157
70.7 -1.63673 -0.223427
70.8 -1.61513 -0.260213
70.9 -1.59294 -0.296505
71 -1.57011 -0.332288
71.1 -1.54658 -0.367546
71.2 -1.52229 -0.402263
71.3 -1.49715 -0.436421
71.4 -1.47109 -0.470001
71.5 -1.44398 -0.502979
71.6 -1.4157 -0.535331
71.7 -1.38609 -0.567028
71.8 -1.35497 -0.598038
71.9 -1.3221 -0.628326
72 -1.28719 -0.657847
72.1 -1.24987 -0.686552
72.2 -1.20964 -0.71438
72.3 -1.16588 -0.74126
72.4 -1.1177 -0.767102
72.5 -1.06389 -0.791792
72.6 -1.0027 -0.815186
72.7 -0.931532 -0.837089
72.8 -0.846323 -0.857232
72.9 -0.740473 -0.875229
73 -0.602675 -0.890499
73.1 -0.412597 -0.902111
73.2 -0.132963 -0.908503
73.3 0.297433 -0.906995
73.4 0.918526 -0.89354
73.5 1.5526 -0.865242
73.6 1.89387 -0.82553
73.7 1.99873 -0.781097
73.8 2.01918 -0.735512
73.9 2.01455 -0.689842
74 2.00261 -0.644388
74.1 1.98846 -0.599236
74.2 1.97353 -0.554416
74.3 1.95823 -0.509938
74.4 1.94268 -0.46581
74.5 1.92691 -0.422035
74.6 1.91091 -0.378621
74.7 1.89469 -0.33557
74.8 1.87822 -0.292889
74.9 1.86151 -0.250584
75 1.84453 -0.20866
75.1 1.82728 -0.167123
75.2 1.80974 -0.125979
75.3 1.79189 -0.085236
75.4 1.77372 -0.0449002
75.5 1.75521 -0.0049793
75.6 1.73633 0.0345187
75.7 1.71707 0.0735853
75.8 1.6974 0.112212
75.9 1.67729 0.150388
76 1.65671 0.188104
76.1 1.63562 0.225349
76.2 1.61399 0.26211
76.3 1.59177 0.298376
76.4 1.5689 0.334131
76.5 1.54534 0.369362
76.6 1.521 0.40405
76.7 1.49583 0.438179
76.8 1.46971 0.471728
76.9 1.44254 0.504674
77 1.41419 0.536993
77.1 1.38452 0.568655
77.2 1.35331 0.599629
77.3 1.32034 0.629878
77.4 1.28532 0.659358
77.5 1.24785 0.688019
77.6 1.20746 0.7158
77.7 1.16349 0.742628
77.8 1.11505 0.768413
77.9 1.06091 0.79304
78 0.999281 0.816362
78.1 0.927497 0.83818
78.2 0.841408 0.858223
78.3 0.734233 0.876095
78.4 0.594326 0.891202
78.5 0.400707 0.902589
78.6 0.114946 0.908649
78.7 -0.325141 0.90663
78.8 -0.95419 0.892439
78.9 -1.57886 0.863402
79 -1.90339 0.823291
79.1 -2.00105 0.778743
79.2 -2.01931 0.733138
79.3 -2.01404 0.687475
79.4 -2.00191 0.642035
79.5 -1.98769 0.596901
79.6 -1.97274 0.552098
79.7 -1.95743 0.507638
79.8 -1.94187 0.463528
79.9 -1.92608 0.419772
80 -1.91008 0.376376
80.1 -1.89384 0.333345
80.2 -1.87736 0.290684
80.3 -1.86064 0.248398
80.4 -1.84364 0.206493
80.5 -1.82638 0.164977
80.6 -1.80882 0.123854
80.7 -1.79096 0.0831315
80.8 -1.77277 0.0428171
80.9 -1.75424 0.00291796
81 -1.73534 -0.0365578
81.1 -1.71606 -0.0756018
81.2 -1.69637 -0.114205
81.3 -1.67623 -0.152358
81.4 -1.65563 -0.190049
81.5 -1.63451 -0.227269
81.6 -1.61285 -0.264005
81.7 -1.5906 -0.300245
81.8 -1.5677 -0.335974
81.9 -1.54409 -0.371176
82 -1.51972 -0.405837
82.1 -1.49449 -0.439936
82.2 -1.46832 -0.473454
82.3 -1.4411 -0.506368
82.4 -1.41269 -0.538653
82.5 -1.38293 -0.570281
82.6 -1.35164 -0.601218
82.7 -1.31858 -0.631428
82.8 -1.28344 -0.660867
82.9 -1.24583 -0.689483
83 -1.20527 -0.717217
83.1 -1.16109 -0.743994
83.2 -1.11239 -0.769721
83.3 -1.05791 -0.794285
83.4 -0.995832 -0.817534
83.5 -0.923424 -0.839268
83.6 -0.836437 -0.859208
83.7 -0.727905 -0.876954
83.8 -0.585835 -0.891895
83.9 -0.388575 -0.903052
84 -0.0965125 -0.908773
84.1 0.353415 -0.906231
84.2 0.989902 -0.891296
84.3 1.60417 -0.861531
84.4 1.91231 -0.821041
84.5 2.00318 -0.776386
84.6 2.01938 -0.730764
84.7 2.01351 -0.685109
84.8 2.00121 -0.639684
84.9 1.98693 -0.594566
85 1.97195 -0.549781
85.1 1.95662 -0.505339
85.2 1.94105 -0.461247
85.3 1.92526 -0.41751
85.4 1.90924 -0.374133
85.5 1.89299 -0.33112
85.6 1.8765 -0.288479
85.7 1.85976 -0.246212
85.8 1.84276 -0.204328
85.9 1.82547 -0.162832
86 1.8079 -0.121729
86.1 1.79002 -0.0810281
86.2 1.77182 -0.040735
86.3 1.75327 -0.000857688
86.4 1.73435 0.0385959
86.5 1.71505 0.0776172
86.6 1.69533 0.116197
86.7 1.67518 0.154326
86.8 1.65454 0.191994
86.9 1.6334 0.229189
87 1.61171 0.2659
87.1 1.58942 0.302113
87.2 1.56649 0.337815
87.3 1.54285 0.37299
87.4 1.51843 0.407621
87.5 1.49316 0.441691
87.6 1.46694 0.475178
87.7 1.43965 0.50806
87.8 1.41118 0.540312
87.9 1.38135 0.571904
88 1.34997 0.602805
88.1 1.31681 0.632976
88.2 1.28155 0.662373
88.3 1.24381 0.690946
88.4 1.20308 0.718632
88.5 1.15869 0.745356
88.6 1.10972 0.771027
88.7 1.0549 0.795526
88.8 0.992355 0.818702
88.9 0.919312 0.84035
89 0.831408 0.860188
89.1 0.721489 0.877806
89.2 0.577199 0.892578
89.3 0.376193 0.903502
89.4 0.0776521 0.908876
89.5 -0.382253 0.905799
89.6 -1.0256 0.890111
89.7 -1.62851 0.859631
89.8 -1.92066 0.818781
89.9 -2.00513 0.774028
90 -2.01939 0.728391
90.1 -2.01297 0.682744
90.2 -2.0005 0.637333
90.3 -1.98617 0.592232
90.4 -1.97116 0.547465
90.5 -1.95582 0.503041
90.6 -1.94024 0.458967
90.7 -1.92443 0.415249
90.8 -1.9084 0.37189
90.9 -1.89214 0.328897
91 -1.87564 0.286275
91.1 -1.85888 0.244028
91.2 -1.84186 0.202164
91.3 -1.82457 0.160688
91.4 -1.80698 0.119606
91.5 -1.78908 0.0789257
91.6 -1.77086 0.038654
91.7 -1.75229 -0.00120151
91.8 -1.73336 -0.0406329
91.9 -1.71404 -0.0796315
92 -1.6943 -0.118188
92.1 -1.67412 -0.156294
92.2 -1.65346 -0.193937
92.3 -1.63229 -0.231107
92.4 -1.61057 -0.267792
92.5 -1.58825 -0.303979
92.6 -1.56528 -0.339654
92.7 -1.5416 -0.374801
92.8 -1.51714 -0.409404
92.9 -1.49182 -0.443444
93 -1.46555 -0.4769
93.1 -1.43821 -0.509751
93.2 -1.40966 -0.541969
93.3 -1.37976 -0.573526
93.4 -1.3483 -0.60439
93.5 -1.31503 -0.634522
93.6 -1.27965 -0.663878
93.7 -1.24177 -0.692406
93.8 -1.20087 -0.720044
93.9 -1.15627 -0.746716
94 -1.10703 -0.772329
94.1 -1.05186 -0.796763
94.2 -0.98885 -0.819865
94.3 -0.915161 -0.841428
94.4 -0.826322 -0.861162
94.5 -0.714982 -0.87865
94.6 -0.568415 -0.893251
94.7 -0.363554 -0.903936
94.8 -0.0583542 -0.908956
94.9 0.411651 -0.905332
95 1.06124 -0.888884
95.1 1.65187 -0.857702
95.2 1.92847 -0.816511
95.3 2.00691 -0.771667
95.4 2.01936 -0.726017
95.5 2.01241 -0.680379
95.6 1.99978 -0.634983
95.7 1.9854 -0.589899
95.8 1.97037 -0.545149
95.9 1.95502 -0.500744
96 1.93942 -0.456688
96.1 1.9236 -0.412988
96.2 1.90756 -0.369649
96.3 1.89129 -0.326675
96.4 1.87477 -0.284071
96.5 1.85801 -0.241845
96.6 1.84097 -0.2
96.7 1.82366 -0.158544
96.8 1.80606 -0.117484
96.9 1.78815 -0.0768243
97 1.76991 -0.0365741
97.1 1.75132 0.00325961
97.2 1.73237 0.0426687
97.3 1.71302 0.0816446
97.4 1.69326 0.120178
97.5 1.67306 0.15826
97.6 1.65237 0.195879
97.7 1.63118 0.233024
97.8 1.60942 0.269684
97.9 1.58707 0.305845
98 1.56407 0.341492
98.1 1.54035 0.376612
98.2 1.51585 0.411186
98.3 1.49048 0.445196
98.4 1.46415 0.478621
98.5 1.43675 0.511439
98.6 1.40815 0.543624
98.7 1.37817 0.575146
98.8 1.34662 0.605973
98.9 1.31325 0.636066
99 1.27775 0.66538
99.1 1.23972 0.693864
99.2 1.19865 0.721453
99.3 1.15383 0.748073
99.4 1.10433 0.773628
99.5 1.0488 0.797997
99.6 0.985317 0.821025
99.7 0.910969 0.8425
99.8 0.821175 0.86213
99.9 0.708383 0.879486
100 0.559477 0.893914
100.1 0.350651 0.904356
100.2 0.038608 0.909013
100.3 -0.441603 0.904831
100.4 -1.09674 0.887615
100.5 -1.67424 0.855746
100.6 -1.93578 0.814232
100.7 -2.00853 0.769305
100.8 -2.01929 0.723644
100.9 -2.01184 0.678015
101 -1.99906 0.632634
101.1 -1.98463 0.587567
101.2 -1.96958 0.542835
101.3 -1.95421 0.498447
101.4 -1.93861 0.45441
101.5 -1.92278 0.410729
101.6 -1.90672 0.367408
101.7 -1.89044 0.324453
101.8 -1.87391 0.281869
101.9 -1.85713 0.239662
102 -1.84008 0.197838
102.1 -1.82276 0.156402
102.2 -1.80514 0.115362
102.3 -1.78721 0.0747241
102.4 -1.76895 0.0344952
102.5 -1.75034 -0.00531661
102.6 -1.73137 -0.0447034
102.7 -1.71201 -0.0836566
102.8 -1.69222 -0.122167
102.9 -1.67199 -0.160225
103 -1.65129 -0.197819
103.1 -1.63006 -0.23494
103.2 -1.60828 -0.271574
103.3 -1.5859 -0.307709
103.4 -1.56285 -0.343329
103.5 -1.5391 -0.378421
103.6 -1.51455 -0.412966
103.7 -1.48914 -0.446946
103.8 -1.46276 -0.480341
103.9 -1.4353 -0.513127
104 -1.40662 -0.545278
104.1 -1.37657 -0.576765
104.2 -1.34493 -0.607554
104.3 -1.31146 -0.637608
104.4 -1.27584 -0.66688
104.5 -1.23767 -0.695319
104.6 -1.19642 -0.72286
104.7 -1.15139 -0.749427
104.8 -1.1016 -0.774924
104.9 -1.04572 -0.799228
105 -0.981754 -0.822181
105.1 -0.906736 -0.843568
105.2 -0.815968 -0.863091
105.3 -0.701688 -0.880314
105.4 -0.550381 -0.894566
105.5 -0.337475 -0.90476
105.6 -0.0184031 -0.909047
105.7 0.4721 -0.904294
105.8 1.13205 -0.886305
105.9 1.69563 -0.853763
106 1.94261 -0.811946
106.1 2.01001 -0.766941
106.2 2.01916 -0.72127
106.3 2.01125 -0.675651
106.4 1.99834 -0.630286
106.5 1.98386 -0.585236
106.6 1.96879 -0.540521
106.7 1.95341 -0.496152
106.8 1.93779 -0.452133
106.9 1.92195 -0.40847
107 1.90588 -0.365168
107.1 1.88958 -0.322233
107.2 1.87304 -0.279668
107.3 1.85625 -0.237481
107.4 1.83919 -0.195677
107.5 1.82185 -0.154261
107.6 1.80421 -0.113242
107.7 1.78627 -0.0726249
107.8 1.76799 -0.0324175
107.9 1.74937 0.00737247
108 1.73038 0.046737
108.1 1.71099 0.0856674
108.2 1.69118 0.124154
108.3 1.67093 0.162188
108.4 1.6502 0.199759
108.5 1.62894 0.236854
108.6 1.60713 0.273463
108.7 1.58472 0.309571
108.8 1.56164 0.345165
108.9 1.53784 0.380228
109 1.51325 0.414745
109.1 1.48779 0.448695
109.2 1.46136 0.482059
109.3 1.43384 0.514812
109.4 1.4051 0.546929
109.5 1.37497 0.578381
109.6 1.34324 0.609133
109.7 1.30967 0.639147
109.8 1.27393 0.668378
109.9 1.23561 0.696772
110 1.19418 0.724265
110.1 1.14893 0.750779
110.2 1.09887 0.776216
110.3 1.04262 0.800455
110.4 0.978162 0.823332
110.5 0.902461 0.844631
110.6 0.810698 0.864047
110.7 0.694895 0.881134
110.8 0.541124 0.895207
110.9 0.32402 0.905149
111 -0.00227102 0.909056
111.1 -0.503132 0.903721
111.2 -1.1671 0.884953
111.3 -1.71604 0.851756
111.4 -1.94898 0.809652
111.5 -2.01134 0.764575
111.6 -2.019 0.718897
111.7 -2.01066 0.673288
111.8 -1.99761 0.627938
111.9 -1.98309 0.582905
112 -1.968 0.538209
112.1 -1.9526 0.493857
112.2 -1.93697 0.449857
112.3 -1.92112 0.406213
112.4 -1.90504 0.36293
112.5 -1.88873 0.320013
112.6 -1.87218 0.277468
112.7 -1.85537 0.235301
112.8 -1.8383 0.193516
112.9 -1.82094 0.152122
113 -1.80329 0.111123
113.1 -1.78533 0.0705268
113.2 -1.76703 0.0303409
113.3 -1.74839 -0.00942717
113.4 -1.72938 -0.0487694
113.5 -1.70997 -0.087677
113.6 -1.69014 -0.126141
113.7 -1.66987 -0.164151
113.8 -1.64911 -0.201697
113.9 -1.62783 -0.238768
114 -1.60598 -0.27535
114.1 -1.58353 -0.311432
114.2 -1.56042 -0.346999
114.3 -1.53659 -0.382034
114.4 -1.51195 -0.416522
114.5 -1.48645 -0.450442
114.6 -1.45996 -0.483775
114.7 -1.43238 -0.516496
114.8 -1.40357 -0.548579
114.9 -1.37336 -0.579995
115 -1.34155 -0.61071
115.1 -1.30787 -0.640685
115.2 -1.272 -0.669874
115.3 -1.23354 -0.698222
115.4 -1.19193 -0.725666
115.5 -1.14646 -0.752127
115.6 -1.09611 -0.777506
115.7 -1.03949 -0.801678
115.8 -0.974541 -0.824479
115.9 -0.898143 -0.845689
116 -0.805365 -0.864996
116.1 -0.688003 -0.881947
116.2 -0.531701 -0.895838
116.3 -0.310277 -0.905522
116.4 0.0234244 -0.909041
116.5 0.534686 -0.903111
116.6 1.20183 -0.883561
116.7 1.73547 -0.849724
116.8 1.95493 -0.807351
116.9 2.01255 -0.762209
117 2.0188 -0.716525
117.1 2.01005 -0.670926
117.2 1.99688 -0.625592
117.3 1.98231 -0.580576
117.4 1.96721 -0.535897
117.5 1.9518 -0.491564
117.6 1.93616 -0.447582
117.7 1.92029 -0.403956
117.8 1.9042 -0.360692
117.9 1.88788 -0.317795
118 1.87131 -0.275269
118.1 1.85449 -0.233121
118.2 1.8374 -0.191357
118.3 1.82003 -0.149983
118.4 1.80236 -0.109005
118.5 1.78438 -0.0684299
118.6 1.76607 -0.0282655
118.7 1.74741 0.0114807
118.8 1.72838 0.0508005
118.9 1.70895 0.0896853
119 1.6891 0.128126
119.1 1.6688 0.166112
119.2 1.64801 0.203634
119.3 1.62671 0.240679
119.4 1.60483 0.277236
119.5 1.58235 0.313292
119.6 1.5592 0.348831
119.7 1.53533 0.383839
119.8 1.51065 0.418297
119.9 1.48509 0.452188
120 1.45855 0.485489
120.1 1.43092 0.518178
120.2 1.40204 0.550227
120.3 1.37175 0.581608
120.4 1.33984 0.612285
120.5 1.30606 0.64222
120.6 1.27008 0.671367
120.7 1.23146 0.69967
120.8 1.18968 0.727065
120.9 1.14397 0.753472
121 1.09334 0.778792
121.1 1.03635 0.802897
121.2 0.970888 0.825622
121.3 0.893782 0.846741
121.4 0.799967 0.865939
121.5 0.681008 0.882751
121.6 0.522107 0.896457
121.7 0.296237 0.905878
121.8 -0.0450672 0.909001
121.9 -0.566744 0.902463
122 -1.23617 0.882127
122.1 -1.75395 0.84767
122.2 -1.96047 0.805044
122.3 -2.01363 0.759841
122.4 -2.01857 0.714152
122.5 -2.00943 0.668565
122.6 -1.99615 0.623246
122.7 -1.98154 0.578248
122.8 -1.96641 0.533586
122.9 -1.95099 0.489271
123 -1.93534 0.445308
123.1 -1.91946 0.401701
123.2 -1.90336 0.358455
123.3 -1.88702 0.315577
123.4 -1.87044 0.273071
123.5 -1.85361 0.230943
123.6 -1.83651 0.189199
123.7 -1.81912 0.147845
123.8 -1.80144 0.106888
123.9 -1.78344 0.0663341
124 -1.76511 0.0261912
124.1 -1.74643 -0.013533
124.2 -1.72738 -0.0528305
124.3 -1.70793 -0.0916924
124.4 -1.68806 -0.13011
124.5 -1.66773 -0.168072
124.6 -1.64692 -0.205569
124.7 -1.62558 -0.24259
124.8 -1.60368 -0.279121
124.9 -1.58117 -0.31515
125 -1.55798 -0.350662
125.1 -1.53407 -0.385642
125.2 -1.50935 -0.420071
125.3 -1.48374 -0.453932
125.4 -1.45715 -0.487202
125.5 -1.42945 -0.519858
125.6 -1.4005 -0.551873
125.7 -1.37014 -0.583218
125.8 -1.33814 -0.613858
125.9 -1.30425 -0.643754
126 -1.26814 -0.672858
126.1 -1.22938 -0.701116
126.2 -1.18741 -0.728462
126.3 -1.14147 -0.754815
126.4 -1.09055 -0.780075
126.5 -1.03318 -0.804113
126.6 -0.967205 -0.82676
126.7 -0.889377 -0.847789
126.8 -0.794503 -0.866876
126.9 -0.673908 -0.883547
127 -0.512337 -0.897064
127.1 -0.281893 -0.906218
127.2 0.0672091 -0.908936
127.3 0.599288 -0.901778
127.4 1.27007 -0.880655
127.5 1.77148 -0.845594
127.6 1.96562 -0.80273
127.7 2.01459 -0.757472
127.8 2.0183 -0.71178
127.9 2.0088 -0.666204
128 1.99541 -0.620902
128.1 1.98076 -0.57592
128.2 1.96562 -0.531277
128.3 1.95018 -0.48698
128.4 1.93452 -0.443034
128.5 1.91863 -0.399446
128.6 1.90252 -0.35622
128.7 1.88617 -0.313361
128.8 1.86958 -0.270874
128.9 1.85273 -0.228766
129 1.83561 -0.187042
129.1 1.81821 -0.145709
129.2 1.80051 -0.104772
129.3 1.7825 -0.0642395
129.4 1.76415 -0.0241182
129.5 1.74545 0.0155841
129.6 1.72638 0.0548592
129.7 1.70691 0.0936983
129.8 1.68702 0.132092
129.9 1.66666 0.170031
130 1.64583 0.207503
130.1 1.62446 0.244499
130.2 1.60253 0.281004
130.3 1.57998 0.317007
130.4 1.55676 0.352492
130.5 1.5328 0.387443
130.6 1.50804 0.421844
130.7 1.48239 0.455674
130.8 1.45574 0.488913
130.9 1.42798 0.521536
131 1.39896 0.553518
131.1 1.36852 0.584827
131.2 1.33643 0.615429
131.3 1.30243 0.645285
131.4 1.2662 0.674346
131.5 1.22728 0.702559
131.6 1.18513 0.729855
131.7 1.13896 0.756154
131.8 1.08775 0.781354
131.9 1.02999 0.805325
132 0.963491 0.827894
132.1 0.884927 0.848831
132.2 0.788971 0.867806
132.3 0.666701 0.884334
132.4 0.502387 0.89766
132.5 0.267236 0.906541
132.6 -0.0898596 0.908843
132.7 -0.632295 0.901054
132.8 -1.30345 0.879142
132.9 -1.78809 0.843497
133 -1.97042 0.800412
133.1 -2.01545 0.755102
133.2 -2.018 0.709409
133.3 -2.00817 0.663845
133.4 -1.99467 0.618558
133.5 -1.97999 0.573594
133.6 -1.96482 0.528968
133.7 -1.94938 0.484689
133.8 -1.9337 0.440762
133.9 -1.9178 0.397193
134 -1.90167 0.353985
134.1 -1.88531 0.311146
134.2 -1.86871 0.268679
134.3 -1.85185 0.22659
134.4 -1.83471 0.184886
134.5 -1.8173 0.143573
134.6 -1.79958 0.102657
134.7 -1.78155 0.0621461
134.8 -1.76319 0.0220463
134.9 -1.74447 -0.017634
135 -1.72538 -0.0568866
135.1 -1.70589 -0.0957028
135.2 -1.68597 -0.134073
135.3 -1.6656 -0.171988
135.4 -1.64473 -0.209436
135.5 -1.62334 -0.246406
135.6 -1.60137 -0.282886
135.7 -1.57879 -0.318862
135.8 -1.55553 -0.35432
135.9 -1.53154 -0.389243
136 -1.50673 -0.423614
136.1 -1.48103 -0.457415
136.2 -1.45432 -0.490622
136.3 -1.4265 -0.523213
136.4 -1.39742 -0.55516
136.5 -1.36689 -0.586434
136.6 -1.33471 -0.616998
136.7 -1.30061 -0.646814
136.8 -1.26425 -0.675833
136.9 -1.22518 -0.703999
137 -1.18284 -0.731246
137.1 -1.13644 -0.757491
137.2 -1.08492 -0.78263
137.3 -1.02677 -0.806533
137.4 -0.959744 -0.829024
137.5 -0.880431 -0.849868
137.6 -0.78337 -0.86873
137.7 -0.659383 -0.885113
137.8 -0.492252 -0.898245
137.9 -0.252256 -0.906846
138 0.113028 -0.908724
138.1 0.66574 -0.900291
138.2 1.33627 -0.877591
138.3 1.80381 -0.841381
138.4 1.97487 -0.798088
138.5 2.01621 -0.752732
138.6 2.01767 -0.707038
138.7 2.00752 -0.661486
138.8 1.99393 -0.616215
138.9 1.97921 -0.571268
139 1.96403 -0.526661
139.1 1.94857 -0.4824
139.2 1.93288 -0.438491
139.3 1.91697 -0.39494
139.4 1.90083 -0.351752
139.5 1.88446 -0.308931
139.6 1.86784 -0.266484
139.7 1.85096 -0.224415
139.8 1.83382 -0.182732
139.9 1.81639 -0.141439
140 1.79866 -0.100544
140.1 1.78061 -0.0600539
140.2 1.76223 -0.0199757
140.3 1.74349 0.0196826
140.4 1.72438 0.0589128
140.5 1.70487 0.0977061
140.6 1.68492 0.136053
140.7 1.66452 0.173944
140.8 1.64363 0.211368
140.9 1.62221 0.248313
141 1.60022 0.284767
141.1 1.5776 0.320716
141.2 1.55431 0.356147
141.3 1.53027 0.391041
141.4 1.50542 0.425384
141.5 1.47967 0.459153
141.6 1.45291 0.49233
141.7 1.42503 0.524888
141.8 1.39587 0.556801
141.9 1.36526 0.588039
142 1.33299 0.618565
142.1 1.29878 0.648341
142.2 1.26229 0.677317
142.3 1.22307 0.705437
142.4 1.18053 0.732634
142.5 1.1339 0.758824
142.6 1.08208 0.783903
142.7 1.02353 0.807737
142.8 0.955965 0.830149
142.9 0.875888 0.850899
143 0.777697 0.869646
143.1 0.651953 0.885884
143.2 0.481926 0.898817
143.3 0.236945 0.907133
143.4 -0.136722 0.908578
143.5 -0.699595 0.899488
143.6 -1.36846 0.876002
143.7 -1.81866 0.839247
143.8 -1.97901 0.795759
143.9 -2.01687 0.750361
144 -2.01732 0.704667
144.1 -2.00687 0.659128
144.2 -1.99318 0.613873
144.3 -1.97843 0.568944
144.4 -1.96323 0.524354
144.5 -1.94776 0.480111
144.6 -1.93206 0.436221
144.7 -1.91614 0.392689
144.8 -1.89999 0.34952
144.9 -1.8836 0.306718
145 -1.86697 0.26429
145.1 -1.85008 0.222242
145.2 -1.83292 0.180578
145.3 -1.81547 0.139306
145.4 -1.79773 0.0984318
145.5 -1.77966 0.0579628
145.6 -1.76126 0.0179062
145.7 -1.74251 -0.0217301
145.8 -1.72338 -0.0609378
145.9 -1.70384 -0.0997082
146 -1.68388 -0.138032
146.1 -1.66345 -0.175899
146.2 -1.64253 -0.213298
146.3 -1.62108 -0.250218
146.4 -1.59906 -0.286646
146.5 -1.57641 -0.322569
146.6 -1.55308 -0.357972
146.7 -1.529 -0.392838
146.8 -1.50411 -0.427151
146.9 -1.4783 -0.460891
147 -1.45149 -0.494035
147.1 -1.42354 -0.526561
147.2 -1.39432 -0.55844
147.3 -1.36363 -0.589641
147.4 -1.33127 -0.62013
147.5 -1.29695 -0.649865
147.6 -1.26032 -0.678798
147.7 -1.22095 -0.706873
147.8 -1.17822 -0.73402
147.9 -1.13135 -0.760155
148 -1.07923 -0.785173
148.1 -1.02027 -0.808937
148.2 -0.952153 -0.83127
148.3 -0.871297 -0.851926
148.4 -0.771952 -0.870557
148.5 -0.644406 -0.886645
148.6 -0.471403 -0.899377
148.7 -0.221293 -0.907403
148.8 0.160951 -0.908403
148.9 0.733826 -0.898646
149 1.39996 -0.874376
149.1 1.83267 -0.837095
149.2 1.98285 -0.793426
149.3 2.01744 -0.74799
149.4 2.01693 -0.702297
149.5 2.00621 -0.656771
149.6 1.99243 -0.611533
149.7 1.97765 -0.56662
149.8 1.96243 -0.522048
149.9 1.94695 -0.477824
150 1.93124 -0.433952
150.1 1.9153 -0.390439
150.2 1.89914 -0.347288
150.3 1.88274 -0.304506
150.4 1.8661 -0.262098
150.5 1.8492 -0.220069
150.6 1.83202 -0.178426
150.7 1.81456 -0.137174
150.8 1.7968 -0.0963207
150.9 1.77872 -0.0558729
151 1.7603 -0.015838
151.1 1.74153 0.0237763
151.2 1.72237 0.0629616
151.3 1.70282 0.101709
151.4 1.68283 0.140009
151.5 1.66238 0.177852
151.6 1.64143 0.215226
151.7 1.61995 0.252121
151.8 1.5979 0.288523
151.9 1.57521 0.32442
152 1.55185 0.359795
152.1 1.52773 0.394634
152.2 1.50279 0.428917
152.3 1.47694 0.462626
152.4 1.45007 0.49574
152.5 1.42206 0.528232
152.6 1.39276 0.560077
152.7 1.36199 0.591242
152.8 1.32954 0.621693
152.9 1.29511 0.651387
153 1.25835 0.680277
153.1 1.21882 0.708306
153.2 1.1759 0.735402
153.3 1.12878 0.761482
153.4 1.07635 0.786439
153.5 1.01698 0.810134
153.6 0.948307 0.832386
153.7 0.866657 0.852946
153.8 0.766133 0.87146
153.9 0.636739 0.887397
154 0.460679 0.899924
154.1 0.205289 0.907653
154.2 -0.185722 0.9082
154.3 -0.768401 0.897762
154.4 -1.43074 0.872713
154.5 -1.84587 0.834926
154.6 -1.9864 0.791089
154.7 -2.01793 0.745618
154.8 -2.01653 0.699928
154.9 -2.00554 0.654415
155 -1.99168 0.609193
155.1 -1.97687 0.564298
155.2 -1.96163 0.519744
155.3 -1.94614 0.475537
155.4 -1.93042 0.431684
155.5 -1.91447 0.38819
155.6 -1.8983 0.345058
155.7 -1.88189 0.302295
155.8 -1.86523 0.259906
155.9 -1.84831 0.217897
156 -1.83112 0.176274
156.1 -1.81364 0.135043
156.2 -1.79587 0.0942107
156.3 -1.77777 0.0537841
156.4 -1.75933 0.0137709
156.5 -1.74054 -0.0258213
156.6 -1.72137 -0.0649841
156.7 -1.70179 -0.103709
156.8 -1.68178 -0.141985
156.9 -1.6613 -0.179804
157 -1.64033 -0.217154
157.1 -1.61882 -0.254023
157.2 -1.59674 -0.2904
157.3 -1.57402 -0.326269
157.4 -1.55061 -0.361617
157.5 -1.52646 -0.396427
157.6 -1.50147 -0.430682
157.7 -1.47557 -0.46436
157.8 -1.44864 -0.497442
157.9 -1.42057 -0.529902
158 -1.3912 -0.561712
158.1 -1.36035 -0.592841
158.2 -1.3278 -0.623253
158.3 -1.29326 -0.652908
158.4 -1.25637 -0.681754
158.5 -1.21668 -0.709736
158.6 -1.17356 -0.736782
158.7 -1.1262 -0.762807
158.8 -1.07345 -0.787701
158.9 -1.01367 -0.811326
159 -0.944426 -0.833498
159.1 -0.861967 -0.853962
159.2 -0.760238 -0.872356
159.3 -0.628951 -0.888141
159.4 -0.449747 -0.900459
159.5 -0.188925 -0.907885
159.6 0.211041 -0.907967
159.7 0.803278 -0.896838
159.8 1.46073 -0.871014
159.9 1.85831 -0.832743
160 1.98968 -0.788748
160.1 2.01834 -0.743245
160.2 2.0161 -0.697559
160.3 2.00486 -0.652059
160.4 1.99093 -0.606854
160.5 1.97608 -0.561976
160.6 1.96084 -0.51744
160.7 1.94533 -0.473252
160.8 1.92959 -0.429417
160.9 1.91364 -0.385941
161 1.89745 -0.342829
161.1 1.88103 -0.300085
161.2 1.86436 -0.257716
161.3 1.84743 -0.215727
161.4 1.83022 -0.174124
161.5 1.81273 -0.132913
161.6 1.79493 -0.0921018
161.7 1.77682 -0.0516965
161.8 1.75837 -0.0117049
161.9 1.73955 0.0278652
162 1.72036 0.0670054
162.1 1.70076 0.105707
162.2 1.68073 0.14396
162.3 1.66023 0.181755
162.4 1.63923 0.21908
162.5 1.61769 0.255924
162.6 1.59557 0.292275
162.7 1.57282 0.328117
162.8 1.54938 0.363438
162.9 1.52518 0.39822
163 1.50015 0.432445
163.1 1.4742 0.466093
163.2 1.44722 0.499143
163.3 1.41908 0.531569
163.4 1.38964 0.563345
163.5 1.35871 0.594438
163.6 1.32606 0.624812
163.7 1.2914 0.654426
163.8 1.25438 0.683229
163.9 1.21453 0.711164
164 1.17122 0.738159
164.1 1.12361 0.764128
164.2 1.07054 0.78896
164.3 1.01034 0.812515
164.4 0.940511 0.834605
164.5 0.857227 0.854971
164.6 0.754265 0.873246
164.7 0.621036 0.888875
164.8 0.4386 0.900981
164.9 0.17219 0.908097
165 -0.236916 0.907704
165.1 -0.838418 0.895873
165.2 -1.48991 0.869281
165.3 -1.87 0.830545
165.4 -1.99272 0.786404
165.5 -2.01867 0.740873
165.6 -2.01564 0.695191
165.7 -2.00418 0.649704
165.8 -1.99017 0.604515
165.9 -1.9753 0.559656
166 -1.96004 0.515137
166.1 -1.94452 0.470967
166.2 -1.92877 0.427151
166.3 -1.9128 0.383694
166.4 -1.8966 0.340601
166.5 -1.88017 0.297876
166.6 -1.86348 0.255527
166.7 -1.84654 0.213557
166.8 -1.82932 0.171975
166.9 -1.81181 0.130784
167 -1.794 0.0899939
167.1 -1.77587 0.04961
167.2 -1.7574 0.00964002
167.3 -1.73857 -0.029908
167.4 -1.71935 -0.0690256
167.5 -1.69973 -0.107704
167.6 -1.67967 -0.145934
167.7 -1.65915 -0.183704
167.8 -1.63812 -0.221005
167.9 -1.61656 -0.257824
168 -1.59441 -0.294148
168.1 -1.57162 -0.329964
168.2 -1.54814 -0.365257
168.3 -1.5239 -0.40001
168.4 -1.49883 -0.434206
168.5 -1.47282 -0.467824
168.6 -1.44578 -0.500842
168.7 -1.41759 -0.533235
168.8 -1.38807 -0.564976
168.9 -1.35706 -0.596033
169 -1.32431 -0.626369
169.1 -1.28954 -0.655941
169.2 -1.25239 -0.684701
169.3 -1.21237 -0.712589
169.4 -1.16886 -0.739534
169.5 -1.121 -0.765446
169.6 -1.06761 -0.790216
169.7 -1.00697 -0.8137
169.8 -0.936559 -0.835707
169.9 -0.852434 -0.855975
170 -0.748212 -0.874128
170.1 -0.612992 -0.8896
170.2 -0.427233 -0.90149
170.3 -0.155074 -0.90829
170.4 0.263349 -0.90741
170.5 0.873775 -0.894867
170.6 1.51822 -0.867513
170.7 1.88099 -0.828333
170.8 1.99552 -0.784056
170.9 2.01894 -0.7385
171 2.01517 -0.692823
171.1 2.00349 -0.64735
171.2 1.98941 -0.602178
171.3 1.97451 -0.557336
171.4 1.95924 -0.512835
171.5 1.9437 -0.468684
171.6 1.92795 -0.424886
171.7 1.91197 -0.381448
171.8 1.89576 -0.338373
171.9 1.87931 -0.295668
172 1.86261 -0.253338
172.1 1.84565 -0.211389
172.2 1.82842 -0.169826
172.3 1.8109 -0.128657
172.4 1.79307 -0.0878872
172.5 1.77492 -0.0475245
172.6 1.75643 -0.00757626
172.7 1.73758 0.0319496
172.8 1.71834 0.0710447
172.9 1.6987 0.1097
173 1.67862 0.147906
173.1 1.65807 0.185652
173.2 1.63702 0.222928
173.3 1.61542 0.259722
173.4 1.59324 0.29602
173.5 1.57042 0.33181
173.6 1.5469 0.367075
173.7 1.52262 0.4018
173.8 1.4975 0.435966
173.9 1.47144 0.469553
174 1.44435 0.502539
174.1 1.41609 0.5349
174.2 1.3865 0.566606
174.3 1.3554 0.597626
174.4 1.32256 0.627923
174.5 1.28768 0.657455
174.6 1.25039 0.686171
174.7 1.2102 0.714012
174.8 1.16649 0.740905
174.9 1.11838 0.766761
175 1.06466 0.791468
175.1 1.00358 0.814881
175.2 0.932571 0.836805
175.3 0.847587 0.856974
175.4 0.742077 0.875004
175.5 0.604816 0.890315
175.6 0.415639 0.901985
175.7 0.137565 0.908462
175.8 -0.290346 0.907085
175.9 -0.9093 0.893818
176 -1.54565 0.865713
176.1 -1.8913 0.826108
176.2 -1.99809 0.781706
176.3 -2.01914 0.736126
176.4 -2.01468 0.690455
176.5 -2.0028 0.644997
176.6 -1.98865 0.599841
176.7 -1.97373 0.555017
176.8 -1.95844 0.510534
176.9 -1.94289 0.466401
177 -1.92712 0.422622
177.1 -1.91113 0.379202
177.2 -1.89491 0.336147
177.3 -1.87845 0.293461
177.4 -1.86174 0.251151
177.5 -1.84476 0.209221
177.6 -1.82752 0.167679
177.7 -1.80998 0.12653
177.8 -1.79213 0.0857814
177.9 -1.77397 0.0454401
178 -1.75546 0.00551357
178.1 -1.73659 -0.0339901
178.2 -1.71734 -0.0730626
178.3 -1.69767 -0.111695
178.4 -1.67756 -0.149877
178.5 -1.65699 -0.1876
178.6 -1.63591 -0.224851
178.7 -1.61429 -0.261619
178.8 -1.59207 -0.297891
178.9 -1.56922 -0.333654
179 -1.54566 -0.368891
179.1 -1.52134 -0.403587
179.2 -1.49617 -0.437724
179.3 -1.47006 -0.471281
179.4 -1.44291 -0.504235
179.5 -1.41458 -0.536562
179.6 -1.38492 -0.568234
179.7 -1.35374 -0.599217
179.8 -1.3208 -0.629476
179.9 -1.2858 -0.658967
180 -1.24838 -0.687639
180.1 -1.20803 -0.715432
180.2 -1.16411 -0.742274
180.3 -1.11574 -0.768074
180.4 -1.06168 -0.792717
180.5 -1.00017 -0.816058
180.6 -0.928546 -0.837898
180.7 -0.842686 -0.857967
180.8 -0.735858 -0.875872
180.9 -0.596502 -0.891021
181 -0.403811 -0.902466
181.1 -0.119654 -0.908613
181.2 0.317908 -0.906728
181.3 0.944942 -0.892728
181.4 1.57215 -0.863881
181.5 1.90098 -0.823872
181.6 2.00047 -0.779353
181.7 2.01928 -0.733753
181.8 2.01418 -0.688089
181.9 2.0021 -0.642645
182 1.98789 -0.597506
182.1 1.97294 -0.552699
182.2 1.95763 -0.508234
182.3 1.94208 -0.464119
182.4 1.9263 -0.420359
182.5 1.91029 -0.376958
182.6 1.89406 -0.333921
182.7 1.87759 -0.291255
182.8 1.86086 -0.248964
182.9 1.84388 -0.207055
183 1.82661 -0.165533
183.1 1.80906 -0.124404
183.2 1.7912 -0.0836767
183.3 1.77302 -0.0433567
183.4 1.75449 -0.00345196
183.5 1.7356 0.0360296
183.6 1.71632 0.0750794
183.7 1.69664 0.113689
183.8 1.67651 0.151847
183.9 1.65591 0.189545
184 1.6348 0.226772
184.1 1.61315 0.263514
184.2 1.5909 0.299761
184.3 1.56801 0.335496
184.4 1.54442 0.370706
184.5 1.52005 0.405374
184.6 1.49484 0.439481
184.7 1.46868 0.473007
184.8 1.44147 0.505929
184.9 1.41308 0.538223
185 1.38334 0.56986
185.1 1.35208 0.600806
185.2 1.31904 0.631026
185.3 1.28392 0.660476
185.4 1.24636 0.689104
185.5 1.20584 0.71685
185.6 1.16172 0.74364
185.7 1.11308 0.769383
185.8 1.05869 0.793963
185.9 0.996728 0.817231
186 0.924483 0.838986
186.1 0.83773 0.858954
186.2 0.729553 0.876733
186.3 0.588049 0.891717
186.4 0.391742 0.902934
186.5 0.101329 0.908743
186.6 -0.346035 0.906338
186.7 -0.980647 0.891596
186.8 -1.5977 0.862018
186.9 -1.91005 0.821625
187 -2.00264 0.776997
187.1 -2.01936 0.731379
187.2 -2.01365 0.685722
187.3 -2.00139 0.640293
187.4 -1.98713 0.595171
187.5 -1.97215 0.550381
187.6 -1.95683 0.505935
187.7 -1.94126 0.461838
187.8 -1.92547 0.418096
187.9 -1.90946 0.374714
188 -1.89321 0.331697
188.1 -1.87672 0.28905
188.2 -1.85999 0.246779
188.3 -1.84299 0.204889
188.4 -1.82571 0.163387
188.5 -1.80814 0.12228
188.6 -1.79026 0.081573
188.7 -1.77206 0.0412744
188.8 -1.75352 0.00139141
188.9 -1.73461 -0.0380679
189 -1.71531 -0.0770951
189.1 -1.6956 -0.115681
189.2 -1.67545 -0.153816
189.3 -1.65483 -0.19149
189.4 -1.63369 -0.228692
189.5 -1.61201 -0.265409
189.6 -1.58973 -0.301629
189.7 -1.5668 -0.337338
189.8 -1.54317 -0.37252
189.9 -1.51876 -0.407159
190 -1.4935 -0.441236
190.1 -1.4673 -0.474731
190.2 -1.44003 -0.507622
190.3 -1.41157 -0.539882
190.4 -1.38176 -0.571484
190.5 -1.35041 -0.602394
190.6 -1.31727 -0.632575
190.7 -1.28204 -0.661983
190.8 -1.24433 -0.690567
190.9 -1.20365 -0.718265
191 -1.15931 -0.745003
191.1 -1.11042 -0.770689
191.2 -1.05568 -0.795205
191.3 -0.993258 -0.818399
191.4 -0.920381 -0.84007
191.5 -0.832717 -0.859935
191.6 -0.72316 -0.877586
191.7 -0.579451 -0.892402
191.8 -0.379425 -0.903387
191.9 -0.0825805 -0.908851
192 0.374727 -0.905914
192.1 1.01636 -0.890422
192.2 1.62229 -0.860126
192.3 1.91855 -0.819367
192.4 2.00464 -0.774639
192.5 2.0194 -0.729006
192.6 2.01311 -0.683357
192.7 2.00068 -0.637942
192.8 1.98636 -0.592837
192.9 1.97137 -0.548065
193 1.95603 -0.503636
193.1 1.94045 -0.459558
193.2 1.92465 -0.415835
193.3 1.90862 -0.372471
193.4 1.89236 -0.329473
193.5 1.87586 -0.286845
193.6 1.85911 -0.244594
193.7 1.8421 -0.202724
193.8 1.8248 -0.161243
193.9 1.80722 -0.120156
194 1.78933 -0.0794703
194.1 1.77111 -0.0391931
194.2 1.75255 0.000668064
194.3 1.73362 0.0401052
194.4 1.7143 0.0791097
194.5 1.69457 0.117672
194.6 1.67439 0.155784
194.7 1.65374 0.193434
194.8 1.63258 0.23061
194.9 1.61086 0.267302
195 1.58855 0.303496
195.1 1.56559 0.339178
195.2 1.54192 0.374332
195.3 1.51748 0.408942
195.4 1.49217 0.44299
195.5 1.46591 0.476454
195.6 1.43858 0.509313
195.7 1.41006 0.54154
195.8 1.38017 0.573106
195.9 1.34873 0.603979
196 1.31549 0.634121
196.1 1.28014 0.663488
196.2 1.2423 0.692028
196.3 1.20144 0.719678
196.4 1.15689 0.746364
196.5 1.10773 0.771992
196.6 1.05265 0.796443
196.7 0.989761 0.819564
196.8 0.91624 0.841149
196.9 0.827645 0.86091
197 0.716677 0.878432
197.1 0.570705 0.893078
197.2 0.366854 0.903825
197.3 0.063397 0.908937
197.4 -0.40398 0.905457
197.5 -1.05201 0.889206
197.6 -1.64591 0.858204
197.7 -1.9265 0.8171
197.8 -2.00646 0.772279
197.9 -2.01938 0.726632
198 -2.01256 0.680992
198.1 -1.99997 0.635592
198.2 -1.9856 0.590504
198.3 -1.97058 0.545749
198.4 -1.95523 0.501339
198.5 -1.93963 0.457279
198.6 -1.92382 0.413574
198.7 -1.90778 0.370229
198.8 -1.89151 0.32725
198.9 -1.875 0.284642
199 -1.85823 0.24241
199.1 -1.8412 0.200561
199.2 -1.8239 0.1591
199.3 -1.8063 0.118033
199.4 -1.78839 0.0773687
199.5 -1.77015 0.0371129
199.6 -1.75157 -0.00272645
199.7 -1.73262 -0.0421413
199.8 -1.71329 -0.0811231
199.9 -1.69353 -0.119663
200 -1.67333 -0.15775
