0 2 0
0.1 1.81927 0.0404246
0.2 1.74676 0.0784863
0.3 1.70755 0.115431
0.4 1.68017 0.151689
0.5 1.65713 0.187415
0.6 1.63558 0.222667
0.7 1.61435 0.257463
0.8 1.59295 0.291803
0.9 1.57112 0.325681
1 1.54874 0.359085
1.1 1.52569 0.392003
1.2 1.5019 0.42442
1.3 1.47727 0.456319
1.4 1.45172 0.48768
1.5 1.42512 0.518484
1.6 1.39735 0.548705
1.7 1.36824 0.578318
1.8 1.3376 0.607291
1.9 1.30518 0.63559
2 1.27067 0.663173
2.1 1.23369 0.689991
2.2 1.19371 0.715986
2.3 1.15005 0.741087
2.4 1.10175 0.765206
2.5 1.04748 0.788229
2.6 0.985286 0.81001
2.7 0.912181 0.830348
2.8 0.823434 0.848965
2.9 0.711113 0.865446
3 0.56117 0.879154
3.1 0.347429 0.889031
3.2 0.020802 0.89324
3.3 -0.493135 0.888578
3.4 -1.18682 0.870717
3.5 -1.74348 0.838707
3.6 -1.95934 0.798409
3.7 -2.01265 0.755623
3.8 -2.01755 0.712396
3.9 -2.00879 0.669266
4 -1.99612 0.626381
4.1 -1.98225 0.583784
4.2 -1.96791 0.54149
4.3 -1.95332 0.499506
4.4 -1.93852 0.457837
4.5 -1.92352 0.416487
4.6 -1.90833 0.37546
4.7 -1.89292 0.334761
4.8 -1.8773 0.294394
4.9 -1.86145 0.254364
5 -1.84537 0.214676
5.1 -1.82903 0.175334
5.2 -1.81244 0.136346
5.3 -1.79557 0.0977155
5.4 -1.77842 0.0594493
5.5 -1.76096 0.0215538
5.6 -1.74317 -0.0159644
5.7 -1.72505 -0.0530982
5.8 -1.70656 -0.08984
5.9 -1.68769 -0.126182
6 -1.6684 -0.162115
6.1 -1.64867 -0.197631
6.2 -1.62847 -0.232719
6.3 -1.60776 -0.267369
6.4 -1.5865 -0.30157
6.5 -1.56464 -0.33531
6.6 -1.54214 -0.368574
6.7 -1.51891 -0.401349
6.8 -1.49491 -0.433619
6.9 -1.47004 -0.465365
7 -1.4442 -0.496569
7.1 -1.41728 -0.527208
7.2 -1.38915 -0.557258
7.3 -1.35962 -0.58669
7.4 -1.32849 -0.615474
7.5 -1.29551 -0.643572
7.6 -1.26034 -0.670941
7.7 -1.22256 -0.69753
7.8 -1.18161 -0.723277
7.9 -1.13673 -0.748106
8 -1.08688 -0.771923
8.1 -1.03057 -0.794607
8.2 -0.965611 -0.815998
8.3 -0.888611 -0.835876
8.4 -0.794111 -0.85393
8.5 -0.672824 -0.869696
8.6 -0.50803 -0.882438
8.7 -0.268276 -0.890927
8.8 0.104106 -0.892993
8.9 0.680896 -0.88498
9 1.37943 -0.862827
9.1 1.83444 -0.827671
9.2 1.98386 -0.786258
9.3 2.01667 -0.74324
9.4 2.01578 -0.700013
9.5 2.00537 -0.656945
9.6 1.99222 -0.61414
9.7 1.97817 -0.571629
9.8 1.96375 -0.529424
9.9 1.9491 -0.487529
10 1.93424 -0.445951
10.1 1.91919 -0.404693
10.2 1.90393 -0.36376
10.3 1.88847 -0.323156
10.4 1.87278 -0.282885
10.5 1.85687 -0.242952
10.6 1.84071 -0.203363
10.7 1.82431 -0.164122
10.8 1.80764 -0.125236
10.9 1.79069 -0.0867091
11 1.77344 -0.0485486
11.1 1.75589 -0.0107605
11.2 1.73801 0.0266483
11.3 1.71979 0.0636705
11.4 1.70119 0.100298
11.5 1.6822 0.136524
11.6 1.66279 0.172339
11.7 1.64293 0.207733
11.8 1.62259 0.242697
11.9 1.60173 0.277219
12 1.5803 0.311289
12.1 1.55826 0.344894
12.2 1.53555 0.37802
12.3 1.51212 0.410652
12.4 1.48787 0.442773
12.5 1.46273 0.474366
12.6 1.4366 0.50541
12.7 1.40935 0.535883
12.8 1.38083 0.565759
12.9 1.35087 0.595009
13 1.31924 0.6236
13.1 1.28567 0.651494
13.2 1.2498 0.678645
13.3 1.21117 0.704999
13.4 1.16918 0.730492
13.5 1.123 0.755041
13.6 1.07148 0.778548
13.7 1.01296 0.800879
13.8 0.94496 0.821862
13.9 0.863626 0.841254
14 0.762633 0.858709
14.1 0.631049 0.873699
14.2 0.448902 0.885379
14.3 0.178432 0.892304
14.4 -0.246505 0.891927
14.5 -0.881736 0.880183
14.6 -1.54891 0.853823
14.7 -1.89881 0.816144
14.8 -1.99969 0.773995
14.9 -2.01823 0.730846
15 -2.01331 0.687645
15.1 -2.00176 0.644646
15.2 -1.98825 0.601924
15.3 -1.97407 0.559499
15.4 -1.95957 0.517383
15.5 -1.94486 0.475579
15.6 -1.92995 0.434092
15.7 -1.91484 0.392927
15.8 -1.89952 0.352087
15.9 -1.88399 0.311578
16 -1.86824 0.271403
16.1 -1.85226 0.231569
16.2 -1.83604 0.192079
16.3 -1.81955 0.152939
16.4 -1.80281 0.114155
16.5 -1.78577 0.0757328
16.6 -1.76845 0.0376783
16.7 -1.7508 -1.74437e-06
16.8 -1.73283 -0.0373005
16.9 -1.7145 -0.0742105
17 -1.69579 -0.110724
17.1 -1.67668 -0.146833
17.2 -1.65715 -0.182528
17.3 -1.63715 -0.2178
17.4 -1.61667 -0.252638
17.5 -1.59565 -0.287032
17.6 -1.57405 -0.32097
17.7 -1.55182 -0.354439
17.8 -1.52891 -0.387425
17.9 -1.50525 -0.419912
18 -1.48076 -0.451884
18.1 -1.45535 -0.483322
18.2 -1.42891 -0.514205
18.3 -1.40131 -0.544509
18.4 -1.3724 -0.574209
18.5 -1.34199 -0.603274
18.6 -1.30983 -0.631669
18.7 -1.27564 -0.659355
18.8 -1.23903 -0.686283
18.9 -1.19951 -0.712398
19 -1.15642 -0.737629
19.1 -1.10884 -0.761891
19.2 -1.05551 -0.785076
19.3 -0.994571 -0.807041
19.4 -0.923228 -0.827596
19.5 -0.837053 -0.846475
19.6 -0.728694 -0.863287
19.7 -0.585227 -0.877435
19.8 -0.382712 -0.887936
19.9 -0.0760191 -0.893093
20 0.407615 -0.889929
20.1 1.08765 -0.874131
20.2 1.68769 -0.843864
20.3 1.94319 -0.804286
20.4 2.00948 -0.761663
20.5 2.01808 -0.71845
20.6 2.01036 -0.675293
20.7 1.998 -0.63237
20.8 1.98423 -0.589731
20.9 1.96994 -0.547394
21 1.95538 -0.505367
21.1 1.94061 -0.463653
21.2 1.92564 -0.422258
21.3 1.91047 -0.381186
21.4 1.89509 -0.340441
21.5 1.8795 -0.300027
21.6 1.86369 -0.259949
21.7 1.84763 -0.220213
21.8 1.83134 -0.180823
21.9 1.81478 -0.141784
22 1.79795 -0.103104
22.1 1.78084 -0.064786
22.2 1.76342 -0.0268382
22.3 1.74568 0.0107333
22.4 1.72761 0.0479213
22.5 1.70917 0.0847185
22.6 1.69035 0.121117
22.7 1.67113 0.157108
22.8 1.65146 0.192683
22.9 1.63133 0.227831
23 1.6107 0.262544
23.1 1.58952 0.296808
23.2 1.56774 0.330613
23.3 1.54533 0.363945
23.4 1.52221 0.39679
23.5 1.49832 0.429131
23.6 1.47358 0.460952
23.7 1.44788 0.492233
23.8 1.42112 0.522952
23.9 1.39317 0.553086
24 1.36384 0.582607
24.1 1.33296 0.611484
24.2 1.30025 0.63968
24.3 1.26541 0.667154
24.4 1.22803 0.693856
24.5 1.18756 0.719724
24.6 1.14328 0.744688
24.7 1.09421 0.768653
24.8 1.03892 0.791505
24.9 0.975339 0.813088
25 0.900293 0.833194
25.1 0.808689 0.851527
25.2 0.691933 0.867649
25.3 0.534679 0.880875
25.4 0.308173 0.890061
25.5 -0.0410075 0.89321
25.6 -0.587181 0.886882
25.7 -1.28758 0.866829
25.8 -1.79371 0.833135
25.9 -1.97316 0.792211
26 -2.01507 0.749292
26.1 -2.01675 0.706061
26.2 -2.00707 0.662962
26.3 -1.99413 0.620117
26.4 -1.98017 0.577564
26.5 -1.96579 0.535315
26.6 -1.95116 0.493377
26.7 -1.93633 0.451754
26.8 -1.92131 0.410451
26.9 -1.90608 0.369472
27 -1.89065 0.328822
27.1 -1.87499 0.288504
27.2 -1.85911 0.248523
27.3 -1.84299 0.208886
27.4 -1.82662 0.169596
27.5 -1.80999 0.13066
27.6 -1.79308 0.0920822
27.7 -1.77588 0.05387
27.8 -1.75837 0.0160293
27.9 -1.74054 -0.0214329
28 -1.72236 -0.0585097
28.1 -1.70382 -0.0951934
28.2 -1.68489 -0.131476
28.3 -1.66554 -0.167349
28.4 -1.64574 -0.202802
28.5 -1.62547 -0.237827
28.6 -1.60468 -0.272412
28.7 -1.58334 -0.306546
28.8 -1.56139 -0.340217
28.9 -1.53878 -0.373411
29 -1.51544 -0.406113
29.1 -1.49132 -0.438307
29.2 -1.46631 -0.469975
29.3 -1.44032 -0.501097
29.4 -1.41324 -0.531651
29.5 -1.38491 -0.561612
29.6 -1.35516 -0.590952
29.7 -1.32378 -0.619638
29.8 -1.2905 -0.647632
29.9 -1.25498 -0.67489
30 -1.21677 -0.701359
30.1 -1.17529 -0.726976
30.2 -1.12976 -0.751664
30.3 -1.07907 -0.775324
30.4 -1.02165 -0.797829
30.5 -0.955177 -0.819013
30.6 -0.876019 -0.838646
30.7 -0.778298 -0.856399
30.8 -0.651925 -0.871775
30.9 -0.478598 -0.883988
31 -0.223772 -0.8917
31.1 0.174654 -0.892557
31.2 0.782406 -0.882681
31.3 1.4696 -0.858352
31.4 1.87027 -0.821825
31.5 1.99285 -0.779997
31.6 2.01772 -0.736902
31.7 2.01459 -0.693685
31.8 2.00354 -0.650652
31.9 1.99019 -0.607889
32 1.97608 -0.565422
32.1 1.96162 -0.523262
32.2 1.94693 -0.481414
32.3 1.93205 -0.439882
32.4 1.91696 -0.398672
32.5 1.90168 -0.357786
32.6 1.88618 -0.317231
32.7 1.87046 -0.277009
32.8 1.85451 -0.237126
32.9 1.83832 -0.197588
33 1.82188 -0.158399
33.1 1.80517 -0.119565
33.2 1.78818 -0.0810913
33.3 1.77089 -0.042985
33.4 1.75329 -0.00525207
33.5 1.73536 0.0321005
33.6 1.71708 0.0690654
33.7 1.69843 0.105635
33.8 1.67938 0.141801
33.9 1.65991 0.177554
34 1.63998 0.212886
34.1 1.61957 0.247786
34.2 1.59862 0.282243
34.3 1.57711 0.316246
34.4 1.55498 0.349781
34.5 1.53217 0.382835
34.6 1.50861 0.415393
34.7 1.48424 0.447439
34.8 1.45897 0.478952
34.9 1.43268 0.509914
35 1.40525 0.540301
35.1 1.37653 0.570087
35.2 1.34634 0.599243
35.3 1.31445 0.627735
35.4 1.28056 0.655522
35.5 1.24432 0.68256
35.6 1.20524 0.708792
35.7 1.1627 0.734152
35.8 1.11581 0.758556
35.9 1.06338 0.781899
36 1.00365 0.804045
36.1 0.933987 0.824811
36.2 0.850245 0.843945
36.3 0.745603 0.861077
36.4 0.608158 0.875645
36.5 0.416006 0.886737
36.6 0.127748 0.892786
36.7 -0.326541 0.891029
36.8 -0.987063 0.877246
36.9 -1.624 0.848838
37 -1.92362 0.810112
37.1 -2.00532 0.767694
37.2 -2.01833 0.724505
37.3 -2.01185 0.681325
37.4 -1.99985 0.638364
37.5 -1.9862 0.595684
37.6 -1.97196 0.553305
37.7 -1.95743 0.511234
37.8 -1.94269 0.469476
37.9 -1.92774 0.428036
38 -1.9126 0.386918
38.1 -1.89726 0.346127
38.2 -1.8817 0.305666
38.3 -1.86591 0.265541
38.4 -1.8499 0.225757
38.5 -1.83364 0.186318
38.6 -1.81712 0.14723
38.7 -1.80033 0.108499
38.8 -1.78325 0.07013
38.9 -1.76588 0.03213
39 -1.74819 -0.00549454
39.1 -1.73016 -0.0427367
39.2 -1.71178 -0.0795891
39.3 -1.69301 -0.116044
39.4 -1.67385 -0.152092
39.5 -1.65425 -0.187726
39.6 -1.63418 -0.222935
39.7 -1.61362 -0.257709
39.8 -1.59252 -0.292037
39.9 -1.57083 -0.325907
40 -1.54851 -0.359306
40.1 -1.52549 -0.39222
40.2 -1.50172 -0.424633
40.3 -1.4771 -0.456527
40.4 -1.45154 -0.487885
40.5 -1.42494 -0.518685
40.6 -1.39716 -0.548902
40.7 -1.36804 -0.578511
40.8 -1.33739 -0.60748
40.9 -1.30495 -0.635774
41 -1.27044 -0.663352
41.1 -1.23343 -0.690165
41.2 -1.19344 -0.716154
41.3 -1.14975 -0.741249
41.4 -1.10142 -0.765361
41.5 -1.0471 -0.788377
41.6 -0.984845 -0.810148
41.7 -0.911655 -0.830477
41.8 -0.822783 -0.84908
41.9 -0.71027 -0.865546
42 -0.560011 -0.879233
42.1 -0.34572 -0.88908
42.2 -0.0181191 -0.893242
42.3 0.497257 -0.888509
42.4 1.19142 -0.870549
42.5 1.74591 -0.838461
42.6 1.96003 -0.798132
42.7 2.01278 -0.755339
42.8 2.01752 -0.712112
42.9 2.00871 -0.668983
43 1.99603 -0.6261
43.1 1.98215 -0.583505
43.2 1.96782 -0.541213
43.3 1.95322 -0.499231
43.4 1.93842 -0.457564
43.5 1.92343 -0.416216
43.6 1.90823 -0.375191
43.7 1.89282 -0.334494
43.8 1.8772 -0.294129
43.9 1.86135 -0.254102
44 1.84526 -0.214416
44.1 1.82893 -0.175077
44.2 1.81233 -0.136091
44.3 1.79546 -0.0974625
44.4 1.7783 -0.0591988
44.5 1.76084 -0.0213058
44.6 1.74305 0.0162099
44.7 1.72493 0.0533412
44.8 1.70644 0.0900804
44.9 1.68756 0.12642
45 1.66827 0.16235
45.1 1.64854 0.197863
45.2 1.62834 0.232948
45.3 1.60763 0.267596
45.4 1.58636 0.301794
45.5 1.5645 0.33553
45.6 1.54199 0.368792
45.7 1.51876 0.401563
45.8 1.49475 0.433829
45.9 1.46987 0.465572
46 1.44403 0.496772
46.1 1.4171 0.527408
46.2 1.38896 0.557453
46.3 1.35942 0.586882
46.4 1.32828 0.615661
46.5 1.29529 0.643755
46.6 1.2601 0.671119
46.7 1.2223 0.697702
46.8 1.18132 0.723443
46.9 1.13642 0.748266
47 1.08653 0.772077
47.1 1.03018 0.794753
47.2 0.965148 0.816134
47.3 0.888054 0.836001
47.4 0.793414 0.854042
47.5 0.671906 0.86979
47.6 0.506744 0.88251
47.7 0.266341 0.890964
47.8 -0.107171 0.892978
47.9 -0.685382 0.884883
48 -1.38362 0.862632
48.1 -1.83619 0.827411
48.2 -1.9843 0.785978
48.3 -2.01673 0.742956
48.4 -2.01573 0.699729
48.5 -2.00529 0.656663
48.6 -1.99213 0.61386
48.7 -1.97808 0.57135
48.8 -1.96366 0.529147
48.9 -1.949 0.487255
49 -1.93414 0.445679
49.1 -1.91909 0.404423
49.2 -1.90383 0.363492
49.3 -1.88836 0.32289
49.4 -1.87268 0.282621
49.5 -1.85676 0.242691
49.6 -1.8406 0.203104
49.7 -1.8242 0.163865
49.8 -1.80752 0.124981
49.9 -1.79057 0.0864569
50 -1.77333 0.0482988
50.1 -1.75578 0.0105132
50.2 -1.73789 -0.0268931
50.3 -1.71967 -0.0639127
50.4 -1.70107 -0.100538
50.5 -1.68208 -0.136761
50.6 -1.66266 -0.172573
50.7 -1.6428 -0.207964
50.8 -1.62246 -0.242925
50.9 -1.60159 -0.277445
51 -1.58016 -0.311512
51.1 -1.55811 -0.345114
51.2 -1.5354 -0.378236
51.3 -1.51196 -0.410865
51.4 -1.48771 -0.442983
51.5 -1.46257 -0.474572
51.6 -1.43642 -0.505613
51.7 -1.40917 -0.536081
51.8 -1.38064 -0.565953
51.9 -1.35067 -0.595199
52 -1.31903 -0.623786
52.1 -1.28544 -0.651675
52.2 -1.24956 -0.678821
52.3 -1.21091 -0.70517
52.4 -1.16889 -0.730656
52.5 -1.12268 -0.7552
52.6 -1.07112 -0.778699
52.7 -1.01254 -0.801022
52.8 -0.944474 -0.821995
52.9 -0.863035 -0.841376
53 -0.761883 -0.858816
53.1 -0.630046 -0.873788
53.2 -0.447467 -0.885442
53.3 -0.176231 -0.892329
53.4 0.24999 -0.891892
53.5 0.886442 -0.880058
53.6 1.55246 -0.853605
53.7 1.90003 -0.815875
53.8 1.99997 -0.773713
53.9 2.01824 -0.730561
54 2.01325 -0.687361
54.1 2.00167 -0.644364
54.2 1.98815 -0.601644
54.3 1.97397 -0.559221
54.4 1.95948 -0.517107
54.5 1.94476 -0.475305
54.6 1.92985 -0.43382
54.7 1.91474 -0.392657
54.8 1.89942 -0.35182
54.9 1.88389 -0.311312
55 1.86814 -0.27114
55.1 1.85215 -0.231308
55.2 1.83593 -0.19182
55.3 1.81945 -0.152683
55.4 1.80269 -0.113901
55.5 1.78566 -0.0754812
55.6 1.76833 -0.0374292
55.7 1.75068 0.000248367
55.8 1.73271 0.0375445
55.9 1.71437 0.074452
56 1.69566 0.110963
56.1 1.67656 0.147069
56.2 1.65702 0.182761
56.3 1.63702 0.21803
56.4 1.61653 0.252866
56.5 1.59551 0.287257
56.6 1.5739 0.321192
56.7 1.55168 0.354658
56.8 1.52876 0.38764
56.9 1.50509 0.420124
57 1.4806 0.452093
57.1 1.45518 0.483527
57.2 1.42873 0.514406
57.3 1.40113 0.544706
57.4 1.37221 0.574402
57.5 1.34178 0.603463
57.6 1.30961 0.631854
57.7 1.27541 0.659535
57.8 1.23878 0.686458
57.9 1.19924 0.712567
58 1.15612 0.737792
58.1 1.10851 0.762048
58.2 1.05513 0.785225
58.3 0.99414 0.807181
58.4 0.922715 0.827726
58.5 0.836423 0.846592
58.6 0.727884 0.86339
58.7 0.584123 0.877517
58.8 0.3811 0.887989
58.9 0.0735052 0.893104
59 -0.411534 0.889871
59.1 -1.09235 0.873978
59.2 -1.69049 0.843626
59.3 -1.94402 0.804011
59.4 -2.00965 0.761379
59.5 -2.01806 0.718165
59.6 -2.01029 0.67501
59.7 -1.99791 0.632088
59.8 -1.98413 0.589452
59.9 -1.96984 0.547117
60 -1.95528 0.505091
60.1 -1.94051 0.46338
60.2 -1.92554 0.421987
60.3 -1.91037 0.380917
60.4 -1.89499 0.340174
60.5 -1.8794 0.299762
60.6 -1.86358 0.259687
60.7 -1.84753 0.219953
60.8 -1.83123 0.180565
60.9 -1.81467 0.141529
61 -1.79784 0.10285
61.1 -1.78072 0.0645351
61.2 -1.76331 0.0265898
61.3 -1.74557 -0.0109792
61.4 -1.72749 -0.0481647
61.5 -1.70905 -0.0849593
61.6 -1.69023 -0.121355
61.7 -1.671 -0.157343
61.8 -1.65133 -0.192915
61.9 -1.6312 -0.228061
62 -1.61056 -0.262771
62.1 -1.58937 -0.297032
62.2 -1.5676 -0.330834
62.3 -1.54518 -0.364163
62.4 -1.52206 -0.397004
62.5 -1.49816 -0.429342
62.6 -1.47341 -0.461159
62.7 -1.44771 -0.492436
62.8 -1.42094 -0.523152
62.9 -1.39298 -0.553282
63 -1.36365 -0.582799
63.1 -1.33275 -0.611672
63.2 -1.30003 -0.639863
63.3 -1.26518 -0.667332
63.4 -1.22777 -0.694028
63.5 -1.18728 -0.719892
63.6 -1.14298 -0.744849
63.7 -1.09387 -0.768807
63.8 -1.03853 -0.791651
63.9 -0.974887 -0.813225
64 -0.899751 -0.83332
64.1 -0.808015 -0.851641
64.2 -0.691054 -0.867747
64.3 -0.533458 -0.88095
64.4 -0.306353 -0.890105
64.5 0.0438809 -0.893204
64.6 0.591503 -0.886799
64.7 1.292 -0.866647
64.8 1.79578 -0.832881
64.9 1.97371 -0.791932
65 2.01516 -0.749008
65.1 2.0167 -0.705777
65.2 2.00699 -0.662679
65.3 1.99404 -0.619836
65.4 1.98007 -0.577285
65.5 1.96569 -0.535038
65.6 1.95107 -0.493102
65.7 1.93624 -0.451482
65.8 1.92121 -0.410181
65.9 1.90598 -0.369204
66 1.89054 -0.328555
66.1 1.87489 -0.28824
66.2 1.859 -0.248262
66.3 1.84288 -0.208626
66.4 1.82651 -0.169339
66.5 1.80988 -0.130405
66.6 1.79296 -0.0918296
66.7 1.77576 -0.0536198
66.8 1.75825 -0.0157817
66.9 1.74042 0.0216781
67 1.72224 0.0587523
67.1 1.70369 0.0954334
67.2 1.68476 0.131713
67.3 1.66541 0.167583
67.4 1.64561 0.203034
67.5 1.62534 0.238056
67.6 1.60454 0.272638
67.7 1.58319 0.306769
67.8 1.56124 0.340437
67.9 1.53863 0.373627
68 1.51529 0.406326
68.1 1.49116 0.438517
68.2 1.46614 0.470181
68.3 1.44015 0.5013
68.4 1.41306 0.53185
68.5 1.38472 0.561807
68.6 1.35496 0.591143
68.7 1.32357 0.619824
68.8 1.29027 0.647813
68.9 1.25474 0.675066
69 1.21651 0.70153
69.1 1.17501 0.727142
69.2 1.12944 0.751823
69.3 1.07872 0.775475
69.4 1.02125 0.797973
69.5 0.954702 0.819148
69.6 0.875445 0.838769
69.7 0.777575 0.856508
69.8 0.650965 0.871867
69.9 0.477239 0.884055
70 0.221706 0.891732
70.1 -0.177931 0.892532
70.2 -0.787027 0.88257
70.3 -1.47348 0.858145
70.4 -1.87172 0.821561
70.5 -1.99321 0.779716
70.6 -2.01776 0.736617
70.7 -2.01453 0.693401
70.8 -2.00346 0.65037
70.9 -1.9901 0.607608
71 -1.97598 0.565144
71.1 -1.96152 0.522985
71.2 -1.94684 0.481139
71.3 -1.93195 0.43961
71.4 -1.91687 0.398402
71.5 -1.90158 0.357518
71.6 -1.88608 0.316965
71.7 -1.87036 0.276745
71.8 -1.85441 0.236865
71.9 -1.83822 0.197329
72 -1.82177 0.158142
72.1 -1.80506 0.11931
72.2 -1.78806 0.0808394
72.3 -1.77078 0.0427355
72.4 -1.75318 0.0050051
72.5 -1.73524 -0.0323449
72.6 -1.71696 -0.0693073
72.7 -1.69831 -0.105874
72.8 -1.67926 -0.142037
72.9 -1.65978 -0.177788
73 -1.63985 -0.213117
73.1 -1.61943 -0.248014
73.2 -1.59848 -0.282468
73.3 -1.57697 -0.316468
73.4 -1.55483 -0.35
73.5 -1.53201 -0.383051
73.6 -1.50846 -0.415606
73.7 -1.48408 -0.447648
73.8 -1.4588 -0.479158
73.9 -1.4325 -0.510116
74 -1.40507 -0.540499
74.1 -1.37634 -0.570281
74.2 -1.34614 -0.599433
74.3 -1.31423 -0.62792
74.4 -1.28033 -0.655703
74.5 -1.24407 -0.682735
74.6 -1.20498 -0.708962
74.7 -1.1624 -0.734316
74.8 -1.11549 -0.758713
74.9 -1.06302 -0.782049
75 -1.00323 -0.804186
75.1 -0.933488 -0.824943
75.2 -0.849635 -0.844064
75.3 -0.744823 -0.861182
75.4 -0.607105 -0.87573
75.5 -0.414484 -0.886796
75.6 -0.125392 -0.892804
75.7 0.330248 -0.890983
75.8 0.991799 -0.877106
75.9 1.62717 -0.848608
76 1.92462 -0.80984
76.1 2.00554 -0.767411
76.2 2.01832 -0.724221
76.3 2.01178 -0.681041
76.4 1.99976 -0.638083
76.5 1.9861 -0.595405
76.6 1.97186 -0.553027
76.7 1.95733 -0.510958
76.8 1.94259 -0.469202
76.9 1.92765 -0.427764
77 1.9125 -0.386649
77.1 1.89716 -0.34586
77.2 1.88159 -0.305401
77.3 1.86581 -0.265279
77.4 1.84979 -0.225496
77.5 1.83353 -0.18606
77.6 1.81701 -0.146974
77.7 1.80022 -0.108245
77.8 1.78314 -0.0698788
77.9 1.76576 -0.0318813
78 1.74807 0.0057408
78.1 1.73004 0.0429805
78.2 1.71165 0.0798303
78.3 1.69289 0.116282
78.4 1.67372 0.152328
78.5 1.65412 0.187959
78.6 1.63405 0.223165
78.7 1.61348 0.257936
78.8 1.59238 0.292262
78.9 1.57069 0.326129
79 1.54836 0.359524
79.1 1.52534 0.392435
79.2 1.50156 0.424844
79.3 1.47693 0.456735
79.4 1.45137 0.48809
79.5 1.42476 0.518885
79.6 1.39697 0.549099
79.7 1.36784 0.578703
79.8 1.33718 0.607668
79.9 1.30473 0.635958
80 1.2702 0.663531
80.1 1.23318 0.690339
80.2 1.19316 0.716322
80.3 1.14944 0.741411
80.4 1.10108 0.765516
80.5 1.04672 0.788524
80.6 0.984403 0.810287
80.7 0.911128 0.830605
80.8 0.822132 0.849196
80.9 0.709425 0.865646
81 0.558849 0.879312
81.1 0.344006 0.889129
81.2 0.0154271 0.893245
81.3 -0.501389 0.888438
81.4 -1.19602 0.870381
81.5 -1.74832 0.838214
81.6 -1.9607 0.797854
81.7 -2.0129 0.755055
81.8 -2.01749 0.711827
81.9 -2.00864 0.6687
82 -1.99594 0.625818
82.1 -1.98206 0.583225
82.2 -1.96772 0.540936
82.3 -1.95313 0.498956
82.4 -1.93833 0.457291
82.5 -1.92333 0.415945
82.6 -1.90813 0.374922
82.7 -1.89272 0.334228
82.8 -1.87709 0.293865
82.9 -1.86124 0.253839
83 -1.84515 0.214156
83.1 -1.82882 0.174819
83.2 -1.81222 0.135835
83.3 -1.79535 0.0972096
83.4 -1.77819 0.0589483
83.5 -1.76072 0.0210577
83.6 -1.74294 -0.0164555
83.7 -1.72481 -0.0535841
83.8 -1.70631 -0.0903207
83.9 -1.68744 -0.126657
84 -1.66814 -0.162585
84.1 -1.64841 -0.198095
84.2 -1.6282 -0.233178
84.3 -1.60749 -0.267822
84.4 -1.58622 -0.302017
84.5 -1.56435 -0.335751
84.6 -1.54183 -0.369009
84.7 -1.5186 -0.401777
84.8 -1.49459 -0.43404
84.9 -1.4697 -0.465779
85 -1.44385 -0.496976
85.1 -1.41692 -0.527607
85.2 -1.38877 -0.557649
85.3 -1.35922 -0.587073
85.4 -1.32807 -0.615849
85.5 -1.29506 -0.643937
85.6 -1.25986 -0.671296
85.7 -1.22204 -0.697874
85.8 -1.18104 -0.72361
85.9 -1.13611 -0.748426
86 -1.08618 -0.77223
86.1 -1.02978 -0.794898
86.2 -0.964685 -0.81627
86.3 -0.887496 -0.836126
86.4 -0.792716 -0.854154
86.5 -0.670986 -0.869885
86.6 -0.505454 -0.882581
86.7 -0.2644 -0.891002
86.8 0.110246 -0.892963
86.9 0.689875 -0.884786
87 1.38779 -0.862437
87.1 1.83792 -0.827151
87.2 1.98475 -0.785698
87.3 2.01679 -0.742672
87.4 2.01568 -0.699445
87.5 2.00521 -0.65638
87.6 1.99203 -0.613579
87.7 1.97798 -0.571072
87.8 1.96356 -0.52887
87.9 1.9489 -0.48698
88 1.93405 -0.445406
88.1 1.91899 -0.404153
88.2 1.90373 -0.363224
88.3 1.88826 -0.322624
88.4 1.87257 -0.282357
88.5 1.85666 -0.242429
88.6 1.8405 -0.202844
88.7 1.82409 -0.163608
88.8 1.80741 -0.124727
88.9 1.79046 -0.0862047
89 1.77322 -0.048049
89.1 1.75566 -0.0102659
89.2 1.73778 0.0271379
89.3 1.71954 0.0641549
89.4 1.70094 0.100778
89.5 1.68195 0.136998
89.6 1.66253 0.172807
89.7 1.64267 0.208196
89.8 1.62232 0.243154
89.9 1.60145 0.277671
90 1.58002 0.311735
90.1 1.55797 0.345333
90.2 1.53525 0.378453
90.3 1.5118 0.411078
90.4 1.48755 0.443192
90.5 1.4624 0.474778
90.6 1.43625 0.505815
90.7 1.40898 0.53628
90.8 1.38045 0.566148
90.9 1.35047 0.59539
91 1.31881 0.623972
91.1 1.28521 0.651856
91.2 1.24931 0.678997
91.3 1.21064 0.70534
91.4 1.1686 0.730821
91.5 1.12236 0.755358
91.6 1.07076 0.77885
91.7 1.01213 0.801165
91.8 0.943987 0.822128
91.9 0.862443 0.841497
92 0.761132 0.858924
92.1 0.62904 0.873877
92.2 0.446028 0.885505
92.3 0.174022 0.892354
92.4 -0.253485 0.891857
92.5 -0.891151 0.879933
92.6 -1.55599 0.853386
92.7 -1.90124 0.815606
92.8 -2.00025 0.773431
92.9 -2.01825 0.730277
93 -2.01318 0.687077
93.1 -2.00159 0.644082
93.2 -1.98806 0.601364
93.3 -1.97388 0.558943
93.4 -1.95938 0.516831
93.5 -1.94467 0.475031
93.6 -1.92975 0.433548
93.7 -1.91464 0.392387
93.8 -1.89932 0.351552
93.9 -1.88379 0.311047
94 -1.86803 0.270877
94.1 -1.85205 0.231047
94.2 -1.83582 0.191562
94.3 -1.81934 0.152426
94.4 -1.80258 0.113647
94.5 -1.78555 0.0752297
94.6 -1.76822 0.0371801
94.7 -1.75057 -0.000494974
94.8 -1.73259 -0.0377886
94.9 -1.71425 -0.0746935
95 -1.69554 -0.111202
95.1 -1.67643 -0.147305
95.2 -1.65689 -0.182995
95.3 -1.63689 -0.218261
95.4 -1.61639 -0.253094
95.5 -1.59537 -0.287482
95.6 -1.57376 -0.321414
95.7 -1.55153 -0.354876
95.8 -1.52861 -0.387856
95.9 -1.50494 -0.420336
96 -1.48043 -0.452301
96.1 -1.45501 -0.483732
96.2 -1.42855 -0.514607
96.3 -1.40094 -0.544904
96.4 -1.37201 -0.574595
96.5 -1.34157 -0.603652
96.6 -1.3094 -0.632038
96.7 -1.27518 -0.659714
96.8 -1.23853 -0.686632
96.9 -1.19897 -0.712736
97 -1.15582 -0.737955
97.1 -1.10818 -0.762204
97.2 -1.05476 -0.785373
97.3 -0.993708 -0.807321
97.4 -0.922202 -0.827856
97.5 -0.835792 -0.84671
97.6 -0.727072 -0.863492
97.7 -0.583016 -0.877599
97.8 -0.379484 -0.888043
97.9 -0.0709837 -0.893114
98 0.415463 -0.889813
98.1 1.09705 -0.873823
98.2 1.69327 -0.843387
98.3 1.94484 -0.803736
98.4 2.00982 -0.761096
98.5 2.01804 -0.717881
98.6 2.01021 -0.674726
98.7 1.99782 -0.631807
98.8 1.98404 -0.589172
98.9 1.96975 -0.546839
99 1.95518 -0.504816
99.1 1.94041 -0.463106
99.2 1.92544 -0.421716
99.3 1.91027 -0.380648
99.4 1.89489 -0.339907
99.5 1.87929 -0.299497
99.6 1.86348 -0.259424
99.7 1.84742 -0.219692
99.8 1.83112 -0.180307
99.9 1.81456 -0.141273
100 1.79773 -0.102597
100.1 1.78061 -0.0642843
100.2 1.76319 -0.0263414
100.3 1.74545 0.0112251
100.4 1.72737 0.048408
100.5 1.70893 0.0852
100.6 1.6901 0.121593
100.7 1.67087 0.157579
100.8 1.6512 0.193148
100.9 1.63106 0.228291
101 1.61042 0.262998
101.1 1.58923 0.297256
101.2 1.56745 0.331055
101.3 1.54503 0.36438
101.4 1.5219 0.397218
101.5 1.498 0.429553
101.6 1.47324 0.461367
101.7 1.44754 0.49264
101.8 1.42076 0.523352
101.9 1.39279 0.553478
102 1.36345 0.582991
102.1 1.33254 0.611859
102.2 1.29981 0.640046
102.3 1.26494 0.667511
102.4 1.22752 0.694201
102.5 1.187 0.720059
102.6 1.14267 0.74501
102.7 1.09352 0.768961
102.8 1.03814 0.791797
102.9 0.974435 0.813362
103 0.899209 0.833447
103.1 0.80734 0.851754
103.2 0.690172 0.867844
103.3 0.532233 0.881025
103.4 0.304528 0.890148
103.5 -0.0467631 0.893197
103.6 -0.595833 0.886715
103.7 -1.29642 0.866465
103.8 -1.79783 0.832627
103.9 -1.97426 0.791653
104 -2.01525 0.748723
104.1 -2.01666 0.705493
104.2 -2.00691 0.662396
104.3 -1.99395 0.619555
104.4 -1.97998 0.577006
104.5 -1.9656 0.534761
104.6 -1.95097 0.492827
104.7 -1.93614 0.451209
104.8 -1.92111 0.40991
104.9 -1.90588 0.368935
105 -1.89044 0.328289
105.1 -1.87478 0.287976
105.2 -1.8589 0.248
105.3 -1.84278 0.208367
105.4 -1.8264 0.169081
105.5 -1.80977 0.13015
105.6 -1.79285 0.0915771
105.7 -1.77565 0.0533697
105.8 -1.75814 0.015534
105.9 -1.7403 -0.0219233
106 -1.72212 -0.0589949
106.1 -1.70357 -0.0956734
106.2 -1.68463 -0.131951
106.3 -1.66528 -0.167818
106.4 -1.64548 -0.203266
106.5 -1.6252 -0.238285
106.6 -1.60441 -0.272864
106.7 -1.58305 -0.306992
106.8 -1.56109 -0.340657
106.9 -1.53847 -0.373844
107 -1.51513 -0.40654
107.1 -1.49099 -0.438727
107.2 -1.46598 -0.470388
107.3 -1.43998 -0.501503
107.4 -1.41287 -0.532049
107.5 -1.38453 -0.562002
107.6 -1.35476 -0.591334
107.7 -1.32336 -0.620011
107.8 -1.29005 -0.647995
107.9 -1.25449 -0.675243
108 -1.21625 -0.701702
108.1 -1.17472 -0.727307
108.2 -1.12913 -0.751982
108.3 -1.07836 -0.775627
108.4 -1.02084 -0.798117
108.5 -0.954227 -0.819282
108.6 -0.87487 -0.838893
108.7 -0.77685 -0.856618
108.8 -0.650003 -0.871959
108.9 -0.475876 -0.884122
109 -0.219633 -0.891763
109.1 0.181217 -0.892507
109.2 0.791654 -0.882459
109.3 1.47735 -0.857937
109.4 1.87317 -0.821295
109.5 1.99356 -0.779434
109.6 2.01779 -0.736333
109.7 2.01447 -0.693117
109.8 2.00338 -0.650088
109.9 1.99001 -0.607328
110 1.97589 -0.564865
110.1 1.96143 -0.522709
110.2 1.94674 -0.480865
110.3 1.93185 -0.439338
110.4 1.91677 -0.398132
110.5 1.90148 -0.357251
110.6 1.88598 -0.316699
110.7 1.87025 -0.276482
110.8 1.8543 -0.236604
110.9 1.83811 -0.19707
111 1.82166 -0.157886
111.1 1.80495 -0.119056
111.2 1.78795 -0.0805876
111.3 1.77066 -0.0424861
111.4 1.75306 -0.00475816
111.5 1.73513 0.0325893
111.6 1.71684 0.0695491
111.7 1.69818 0.106113
111.8 1.67913 0.142274
111.9 1.65965 0.178022
112 1.63972 0.213348
112.1 1.61929 0.248242
112.2 1.59834 0.282693
112.3 1.57682 0.31669
112.4 1.55468 0.350219
112.5 1.53186 0.383267
112.6 1.5083 0.415818
112.7 1.48392 0.447857
112.8 1.45863 0.479363
112.9 1.43232 0.510318
113 1.40488 0.540697
113.1 1.37615 0.570475
113.2 1.34594 0.599622
113.3 1.31402 0.628105
113.4 1.2801 0.655883
113.5 1.24383 0.682911
113.6 1.20471 0.709132
113.7 1.16211 0.734479
113.8 1.11516 0.75887
113.9 1.06265 0.782198
114 1.00281 0.804328
114.1 0.932988 0.825074
114.2 0.849023 0.844184
114.3 0.744042 0.861286
114.4 0.606049 0.875816
114.5 0.412958 0.886854
114.6 0.123029 0.892822
114.7 -0.333966 0.890936
114.8 -0.996535 0.876966
114.9 -1.63032 0.848379
115 -1.92562 0.809567
115.1 -2.00576 0.767128
115.2 -2.01832 0.723936
115.3 -2.01171 0.680758
115.4 -1.99967 0.637801
115.5 -1.98601 0.595125
115.6 -1.97177 0.552749
115.7 -1.95724 0.510682
115.8 -1.94249 0.468929
115.9 -1.92755 0.427493
116 -1.9124 0.386379
116.1 -1.89705 0.345592
116.2 -1.88149 0.305136
116.3 -1.86571 0.265016
116.4 -1.84968 0.225236
116.5 -1.83342 0.185801
116.6 -1.8169 0.146718
116.7 -1.8001 0.107992
116.8 -1.78303 0.0696276
116.9 -1.76565 0.0316325
117 -1.74795 -0.00598705
117.1 -1.72992 -0.0432242
117.2 -1.71153 -0.0800714
117.3 -1.69276 -0.116521
117.4 -1.67359 -0.152564
117.5 -1.65398 -0.188192
117.6 -1.63391 -0.223395
117.7 -1.61334 -0.258164
117.8 -1.59223 -0.292486
117.9 -1.57054 -0.32635
118 -1.54821 -0.359742
118.1 -1.52519 -0.39265
118.2 -1.5014 -0.425056
118.3 -1.47677 -0.456944
118.4 -1.4512 -0.488294
118.5 -1.42458 -0.519086
118.6 -1.39678 -0.549296
118.7 -1.36765 -0.578896
118.8 -1.33697 -0.607857
118.9 -1.30451 -0.636142
119 -1.26997 -0.66371
119.1 -1.23293 -0.690512
119.2 -1.19289 -0.716491
119.3 -1.14914 -0.741573
119.4 -1.10074 -0.765671
119.5 -1.04634 -0.788672
119.6 -0.983961 -0.810426
119.7 -0.910601 -0.830733
119.8 -0.821479 -0.849312
119.9 -0.708578 -0.865746
120 -0.557684 -0.87939
120.1 -0.342287 -0.889177
120.2 -0.0127269 -0.893247
120.3 0.505531 -0.888367
120.4 1.2006 -0.870212
120.5 1.75072 -0.837967
120.6 1.96138 -0.797577
120.7 2.01302 -0.754771
120.8 2.01745 -0.711543
120.9 2.00856 -0.668417
121 1.99585 -0.625537
121.1 1.98197 -0.582946
121.2 1.96763 -0.540658
121.3 1.95303 -0.498681
121.4 1.93823 -0.457018
121.5 1.92323 -0.415674
121.6 1.90802 -0.374654
121.7 1.89262 -0.333961
121.8 1.87699 -0.293601
121.9 1.86114 -0.253577
122 1.84505 -0.213896
122.1 1.82871 -0.174562
122.2 1.81211 -0.13558
122.3 1.79524 -0.0969567
122.4 1.77808 -0.0586979
122.5 1.76061 -0.0208097
122.6 1.74282 0.016701
122.7 1.72469 0.0538271
122.8 1.70619 0.0905611
122.9 1.68731 0.126895
123 1.66802 0.16282
123.1 1.64828 0.198327
123.2 1.62807 0.233407
123.3 1.60735 0.268049
123.4 1.58608 0.302241
123.5 1.56421 0.335971
123.6 1.54168 0.369226
123.7 1.51845 0.401991
123.8 1.49443 0.434251
123.9 1.46954 0.465986
124 1.44368 0.497179
124.1 1.41674 0.527807
124.2 1.38858 0.557845
124.3 1.35902 0.587265
124.4 1.32786 0.616036
124.5 1.29484 0.64412
124.6 1.25962 0.671474
124.7 1.22178 0.698046
124.8 1.18076 0.723776
124.9 1.13579 0.748586
125 1.08583 0.772383
125.1 1.02938 0.795043
125.2 0.964222 0.816406
125.3 0.886938 0.836251
125.4 0.792016 0.854265
125.5 0.670065 0.869979
125.6 0.504162 0.882652
125.7 0.262454 0.891039
125.8 -0.11333 0.892947
125.9 -0.694375 0.884689
126 -1.39195 0.862241
126.1 -1.83965 0.826891
126.2 -1.98519 0.785417
126.3 -2.01685 0.742387
126.4 -2.01563 0.699161
126.5 -2.00513 0.656098
126.6 -1.99194 0.613298
126.7 -1.97789 0.570793
126.8 -1.96347 0.528594
126.9 -1.94881 0.486706
127 -1.93395 0.445134
127.1 -1.91889 0.403883
127.2 -1.90363 0.362956
127.3 -1.88816 0.322358
127.4 -1.87247 0.282093
127.5 -1.85655 0.242168
127.6 -1.84039 0.202585
127.7 -1.82398 0.163351
127.8 -1.8073 0.124472
127.9 -1.79035 0.0859525
128 -1.7731 0.0477992
128.1 -1.75554 0.0100186
128.2 -1.73766 -0.0273826
128.3 -1.71942 -0.0643971
128.4 -1.70082 -0.101017
128.5 -1.68182 -0.137235
128.6 -1.66241 -0.173041
128.7 -1.64254 -0.208427
128.8 -1.62218 -0.243382
128.9 -1.60131 -0.277896
129 -1.57987 -0.311957
129.1 -1.55782 -0.345553
129.2 -1.5351 -0.378669
129.3 -1.51165 -0.411291
129.4 -1.48738 -0.443402
129.5 -1.46223 -0.474984
129.6 -1.43607 -0.506017
129.7 -1.4088 -0.536478
129.8 -1.38026 -0.566342
129.9 -1.35026 -0.59558
130 -1.3186 -0.624158
130.1 -1.28499 -0.652037
130.2 -1.24907 -0.679173
130.3 -1.21038 -0.705511
130.4 -1.16831 -0.730985
130.5 -1.12204 -0.755516
130.6 -1.0704 -0.779
130.7 -1.01172 -0.801307
130.8 -0.9435 -0.822261
130.9 -0.86185 -0.841619
131 -0.760379 -0.859031
131.1 -0.628032 -0.873965
131.2 -0.444585 -0.885568
131.3 -0.171807 -0.892378
131.4 0.25699 -0.891821
131.5 0.895863 -0.879807
131.6 1.55951 -0.853166
131.7 1.90243 -0.815337
131.8 2.00053 -0.773148
131.9 2.01827 -0.729992
132 2.01312 -0.686794
132.1 2.0015 -0.6438
132.2 1.98797 -0.601084
132.3 1.97378 -0.558665
132.4 1.95929 -0.516555
132.5 1.94457 -0.474757
132.6 1.92965 -0.433276
132.7 1.91454 -0.392117
132.8 1.89922 -0.351284
132.9 1.88368 -0.310782
133 1.86793 -0.270614
133.1 1.85194 -0.230786
133.2 1.83571 -0.191303
133.3 1.81923 -0.15217
133.4 1.80247 -0.113393
133.5 1.78544 -0.0749782
133.6 1.7681 -0.036931
133.7 1.75045 0.000741565
133.8 1.73247 0.0380327
133.9 1.71413 0.074935
134 1.69542 0.111441
134.1 1.6763 0.147541
134.2 1.65676 0.183228
134.3 1.63675 0.218491
134.4 1.61626 0.253321
134.5 1.59523 0.287707
134.6 1.57362 0.321635
134.7 1.55138 0.355095
134.8 1.52845 0.388071
134.9 1.50478 0.420548
135 1.48027 0.45251
135.1 1.45484 0.483937
135.2 1.42838 0.514808
135.3 1.40075 0.545101
135.4 1.37182 0.574789
135.5 1.34137 0.603841
135.6 1.30918 0.632223
135.7 1.27494 0.659894
135.8 1.23828 0.686807
135.9 1.1987 0.712905
136 1.15552 0.738118
136.1 1.10785 0.76236
136.2 1.05439 0.785522
136.3 0.993275 0.807461
136.4 0.921689 0.827986
136.5 0.83516 0.846828
136.6 0.726258 0.863595
136.7 0.581907 0.877681
136.8 0.377864 0.888096
136.9 0.0684543 0.893124
137 -0.419402 0.889754
137.1 -1.10174 0.873668
137.2 -1.69603 0.843148
137.3 -1.94566 0.80346
137.4 -2.00998 0.760812
137.5 -2.01802 0.717596
137.6 -2.01014 0.674443
137.7 -1.99773 0.631525
137.8 -1.98395 0.588893
137.9 -1.96965 0.546562
138 -1.95509 0.50454
138.1 -1.94031 0.462833
138.2 -1.92534 0.421444
138.3 -1.91017 0.380379
138.4 -1.89479 0.33964
138.5 -1.87919 0.299233
138.6 -1.86337 0.259162
138.7 -1.84732 0.219432
138.8 -1.83101 0.180049
138.9 -1.81445 0.141018
139 -1.79762 0.102344
139.1 -1.7805 0.0640335
139.2 -1.76307 0.026093
139.3 -1.74533 -0.011471
139.4 -1.72725 -0.0486514
139.5 -1.7088 -0.0854408
139.6 -1.68998 -0.121831
139.7 -1.67074 -0.157814
139.8 -1.65107 -0.193381
139.9 -1.63093 -0.228521
140 -1.61028 -0.263224
140.1 -1.58909 -0.29748
140.2 -1.56731 -0.331276
140.3 -1.54488 -0.364598
140.4 -1.52175 -0.397433
140.5 -1.49784 -0.429764
140.6 -1.47308 -0.461574
140.7 -1.44736 -0.492844
140.8 -1.42058 -0.523553
140.9 -1.3926 -0.553675
141 -1.36325 -0.583183
141.1 -1.33233 -0.612047
141.2 -1.29959 -0.64023
141.3 -1.2647 -0.667689
141.4 -1.22726 -0.694374
141.5 -1.18672 -0.720226
141.6 -1.14236 -0.74517
141.7 -1.09318 -0.769115
141.8 -1.03775 -0.791943
141.9 -0.973982 -0.8135
142 -0.898666 -0.833574
142.1 -0.806664 -0.851868
142.2 -0.689288 -0.867941
142.3 -0.531006 -0.8811
142.4 -0.302697 -0.89019
142.5 0.0496542 -0.89319
142.6 0.600171 -0.886631
142.7 1.30082 -0.866282
142.8 1.79987 -0.832372
142.9 1.97481 -0.791374
143 2.01534 -0.748439
143.1 2.01662 -0.705208
143.2 2.00683 -0.662113
143.3 1.99386 -0.619274
143.4 1.97989 -0.576727
143.5 1.9655 -0.534484
143.6 1.95087 -0.492553
143.7 1.93604 -0.450936
143.8 1.92101 -0.40964
143.9 1.90578 -0.368667
144 1.89034 -0.328023
144.1 1.87468 -0.287711
144.2 1.85879 -0.247738
144.3 1.84267 -0.208107
144.4 1.82629 -0.168824
144.5 1.80965 -0.129895
144.6 1.79274 -0.0913245
144.7 1.77553 -0.0531196
144.8 1.75802 -0.0152864
144.9 1.74018 0.0221684
145 1.722 0.0592375
145.1 1.70345 0.0959134
145.2 1.68451 0.132188
145.3 1.66515 0.168052
145.4 1.64535 0.203498
145.5 1.62507 0.238514
145.6 1.60427 0.27309
145.7 1.58291 0.307215
145.8 1.56095 0.340877
145.9 1.53832 0.374061
146 1.51498 0.406753
146.1 1.49083 0.438937
146.2 1.46581 0.470594
146.3 1.4398 0.501705
146.4 1.41269 0.532248
146.5 1.38434 0.562197
146.6 1.35456 0.591525
146.7 1.32314 0.620197
146.8 1.28982 0.648177
146.9 1.25425 0.67542
147 1.21598 0.701873
147.1 1.17444 0.727473
147.2 1.12881 0.752141
147.3 1.07801 0.775779
147.4 1.02044 0.79826
147.5 0.953752 0.819416
147.6 0.874294 0.839016
147.7 0.776125 0.856727
147.8 0.649039 0.87205
147.9 0.47451 0.884189
148 0.217555 0.891793
148.1 -0.184512 0.892481
148.2 -0.796286 0.882347
148.3 -1.4812 0.857728
148.4 -1.8746 0.82103
148.5 -1.99391 0.779152
148.6 -2.01782 0.736048
148.7 -2.01441 0.692834
148.8 -2.00329 0.649805
148.9 -1.98992 0.607048
149 -1.97579 0.564587
149.1 -1.96133 0.522433
149.2 -1.94664 0.480591
149.3 -1.93175 0.439066
149.4 -1.91667 0.397862
149.5 -1.90137 0.356983
149.6 -1.88587 0.316434
149.7 -1.87015 0.276219
149.8 -1.8542 0.236343
149.9 -1.838 0.196811
150 -1.82155 0.157629
150.1 -1.80484 0.118802
150.2 -1.78784 0.0803357
150.3 -1.77055 0.0422367
150.4 -1.75294 0.00451122
150.5 -1.73501 -0.0328337
150.6 -1.71672 -0.0697909
150.7 -1.69806 -0.106353
150.8 -1.679 -0.14251
150.9 -1.65952 -0.178256
151 -1.63958 -0.213579
151.1 -1.61916 -0.24847
151.2 -1.5982 -0.282919
151.3 -1.57668 -0.316912
151.4 -1.55453 -0.350438
151.5 -1.53171 -0.383483
151.6 -1.50814 -0.416031
151.7 -1.48375 -0.448066
151.8 -1.45846 -0.479569
151.9 -1.43215 -0.510519
152 -1.4047 -0.540895
152.1 -1.37595 -0.570669
152.2 -1.34573 -0.599812
152.3 -1.3138 -0.62829
152.4 -1.27987 -0.656063
152.5 -1.24358 -0.683086
152.6 -1.20444 -0.709301
152.7 -1.16182 -0.734643
152.8 -1.11484 -0.759027
152.9 -1.06228 -0.782348
153 -1.00239 -0.804469
153.1 -0.932487 -0.825206
153.2 -0.848411 -0.844304
153.3 -0.743259 -0.861391
153.4 -0.604991 -0.875901
153.5 -0.411428 -0.886912
153.6 -0.12066 -0.892839
153.7 0.337693 -0.890888
153.8 1.00127 -0.876825
153.9 1.63345 -0.848149
154 1.9266 -0.809294
154.1 2.00597 -0.766845
154.2 2.01831 -0.723652
154.3 2.01164 -0.680474
154.4 1.99959 -0.637519
154.5 1.98592 -0.594845
154.6 1.97167 -0.552471
154.7 1.95714 -0.510406
154.8 1.94239 -0.468655
154.9 1.92745 -0.427221
155 1.9123 -0.38611
155.1 1.89695 -0.345325
155.2 1.88139 -0.304871
155.3 1.8656 -0.264753
155.4 1.84958 -0.224975
155.5 1.83331 -0.185543
155.6 1.81679 -0.146462
155.7 1.79999 -0.107738
155.8 1.78291 -0.0693765
155.9 1.76553 -0.0313838
156 1.74784 0.00623328
156.1 1.7298 0.0434678
156.2 1.71141 0.0803125
156.3 1.69264 0.116759
156.4 1.67346 0.1528
156.5 1.65385 0.188425
156.6 1.63378 0.223626
156.7 1.61321 0.258391
156.8 1.59209 0.29271
156.9 1.5704 0.326571
157 1.54806 0.359961
157.1 1.52503 0.392864
157.2 1.50124 0.425267
157.3 1.4766 0.457152
157.4 1.45103 0.488498
157.5 1.4244 0.519287
157.6 1.3966 0.549492
157.7 1.36745 0.579089
157.8 1.33676 0.608045
157.9 1.30429 0.636325
158 1.26973 0.663889
158.1 1.23268 0.690686
158.2 1.19261 0.716659
158.3 1.14884 0.741735
158.4 1.10041 0.765826
158.5 1.04596 0.788819
158.6 0.983519 0.810564
158.7 0.910073 0.830862
158.8 0.820825 0.849428
158.9 0.70773 0.865846
159 0.556517 0.879469
159.1 0.340564 0.889225
159.2 0.0100184 0.893248
159.3 -0.509683 0.888296
159.4 -1.20518 0.870043
159.5 -1.7531 0.837719
159.6 -1.96204 0.797299
159.7 -2.01315 0.754487
159.8 -2.01742 0.711259
159.9 -2.00848 0.668134
160 -1.99576 0.625256
160.1 -1.98187 0.582667
160.2 -1.96753 0.540381
160.3 -1.95293 0.498406
160.4 -1.93813 0.456745
160.5 -1.92313 0.415403
160.6 -1.90792 0.374385
160.7 -1.89251 0.333694
160.8 -1.87689 0.293336
160.9 -1.86103 0.253315
161 -1.84494 0.213636
161.1 -1.8286 0.174304
161.2 -1.812 0.135325
161.3 -1.79513 0.0967039
161.4 -1.77796 0.0584474
161.5 -1.76049 0.0205617
161.6 -1.7427 -0.0169465
161.7 -1.72457 -0.05407
161.8 -1.70607 -0.0908014
161.9 -1.68718 -0.127133
162 -1.66789 -0.163055
162.1 -1.64815 -0.19856
162.2 -1.62794 -0.233637
162.3 -1.60721 -0.268275
162.4 -1.58594 -0.302464
162.5 -1.56406 -0.336191
162.6 -1.54153 -0.369443
162.7 -1.51829 -0.402205
162.8 -1.49427 -0.434461
162.9 -1.46937 -0.466193
163 -1.44351 -0.497382
163.1 -1.41656 -0.528006
163.2 -1.38839 -0.55804
163.3 -1.35882 -0.587456
163.4 -1.32765 -0.616223
163.5 -1.29462 -0.644302
163.6 -1.25938 -0.671651
163.7 -1.22153 -0.698218
163.8 -1.18048 -0.723942
163.9 -1.13548 -0.748746
164 -1.08549 -0.772536
164.1 -1.02899 -0.795188
164.2 -0.963757 -0.816541
164.3 -0.886379 -0.836376
164.4 -0.791316 -0.854377
164.5 -0.669142 -0.870074
164.6 -0.502866 -0.882723
164.7 -0.260501 -0.891076
164.8 0.116423 -0.892931
164.9 0.698882 -0.884591
165 1.3961 -0.862045
165.1 1.84135 -0.82663
165.2 1.98562 -0.785137
165.3 2.01691 -0.742103
165.4 2.01557 -0.698877
165.5 2.00505 -0.655815
165.6 1.99185 -0.613018
165.7 1.9778 -0.570515
165.8 1.96337 -0.528317
165.9 1.94871 -0.486431
166 1.93385 -0.444862
166.1 1.91879 -0.403612
166.2 1.90353 -0.362687
166.3 1.88806 -0.322092
166.4 1.87237 -0.28183
166.5 1.85644 -0.241906
166.6 1.84028 -0.202326
166.7 1.82387 -0.163095
166.8 1.80719 -0.124217
166.9 1.79024 -0.0857003
167 1.77299 -0.0475495
167.1 1.75543 -0.00977129
167.2 1.73754 0.0276274
167.3 1.7193 0.0646393
167.4 1.7007 0.101257
167.5 1.6817 0.137472
167.6 1.66228 0.173275
167.7 1.6424 0.208658
167.8 1.62205 0.243611
167.9 1.60117 0.278122
168 1.57973 0.31218
168.1 1.55767 0.345772
168.2 1.53495 0.378885
168.3 1.51149 0.411504
168.4 1.48722 0.443611
168.5 1.46206 0.47519
168.6 1.4359 0.506219
168.7 1.40862 0.536677
168.8 1.38006 0.566537
168.9 1.35006 0.59577
169 1.31839 0.624343
169.1 1.28476 0.652218
169.2 1.24882 0.679349
169.3 1.21011 0.705681
169.4 1.16802 0.73115
169.5 1.12172 0.755674
169.6 1.07004 0.779151
169.7 1.0113 0.80145
169.8 0.943012 0.822394
169.9 0.861256 0.84174
170 0.759625 0.859138
170.1 0.627021 0.874054
170.2 0.443138 0.88563
170.3 0.169585 0.892402
170.4 -0.260505 0.891784
170.5 -0.900576 0.87968
170.6 -1.563 0.852946
170.7 -1.90362 0.815067
170.8 -2.00081 0.772866
170.9 -2.01828 0.729708
171 -2.01305 0.68651
171.1 -2.00142 0.643518
171.2 -1.98788 0.600803
171.3 -1.97369 0.558387
171.4 -1.95919 0.516279
171.5 -1.94447 0.474483
171.6 -1.92955 0.433005
171.7 -1.91444 0.391848
171.8 -1.89912 0.351017
171.9 -1.88358 0.310516
172 -1.86783 0.270351
172.1 -1.85184 0.230525
172.2 -1.8356 0.191044
172.3 -1.81912 0.151914
172.4 -1.80236 0.113139
172.5 -1.78532 0.0747267
172.6 -1.76799 0.036682
172.7 -1.75033 -0.00098814
172.8 -1.73235 -0.0382767
172.9 -1.71401 -0.0751764
173 -1.69529 -0.111679
173.1 -1.67617 -0.147777
173.2 -1.65663 -0.183461
173.3 -1.63662 -0.218722
173.4 -1.61612 -0.253549
173.5 -1.59508 -0.287931
173.6 -1.57347 -0.321857
173.7 -1.55123 -0.355313
173.8 -1.5283 -0.388286
173.9 -1.50462 -0.42076
174 -1.4801 -0.452718
174.1 -1.45467 -0.484142
174.2 -1.4282 -0.51501
174.3 -1.40057 -0.545298
174.4 -1.37162 -0.574982
174.5 -1.34116 -0.60403
174.6 -1.30896 -0.632407
174.7 -1.27471 -0.660073
174.8 -1.23803 -0.686981
174.9 -1.19843 -0.713073
175 -1.15523 -0.73828
175.1 -1.10752 -0.762516
175.2 -1.05401 -0.78567
175.3 -0.992842 -0.807601
175.4 -0.921174 -0.828116
175.5 -0.834528 -0.846946
175.6 -0.725443 -0.863697
175.7 -0.580795 -0.877763
175.8 -0.376239 -0.88815
175.9 -0.0659172 -0.893133
176 0.42335 -0.889694
176.1 1.10643 -0.873512
176.2 1.69877 -0.842909
176.3 1.94646 -0.803185
176.4 2.01015 -0.760529
176.5 2.018 -0.717312
176.6 2.01007 -0.67416
176.7 1.99764 -0.631244
176.8 1.98385 -0.588613
176.9 1.96956 -0.546284
177 1.95499 -0.504265
177.1 1.94021 -0.46256
177.2 1.92524 -0.421173
177.3 1.91007 -0.380109
177.4 1.89468 -0.339373
177.5 1.87909 -0.298968
177.6 1.86327 -0.258899
177.7 1.84721 -0.219172
177.8 1.83091 -0.179791
177.9 1.81434 -0.140762
178 1.79751 -0.102091
178.1 1.78038 -0.0637827
178.2 1.76296 -0.0258447
178.3 1.74521 0.0117168
178.4 1.72713 0.0488947
178.5 1.70868 0.0856815
178.6 1.68985 0.122069
178.7 1.67062 0.158049
178.8 1.65094 0.193613
178.9 1.6308 0.228751
179 1.61015 0.263451
179.1 1.58895 0.297704
179.2 1.56716 0.331497
179.3 1.54473 0.364816
179.4 1.52159 0.397647
179.5 1.49768 0.429975
179.6 1.47291 0.461782
179.7 1.44719 0.493048
179.8 1.4204 0.523753
179.9 1.39241 0.553871
180 1.36305 0.583375
180.1 1.33212 0.612235
180.2 1.29937 0.640413
180.3 1.26446 0.667867
180.4 1.227 0.694547
180.5 1.18644 0.720393
180.6 1.14206 0.745331
180.7 1.09284 0.769269
180.8 1.03736 0.792089
180.9 0.973528 0.813637
181 0.898122 0.8337
181.1 0.805987 0.851982
181.2 0.688403 0.868038
181.3 0.529775 0.881175
181.4 0.300861 0.890233
181.5 -0.0525541 0.893183
181.6 -0.604517 0.886546
181.7 -1.30521 0.866098
181.8 -1.80189 0.832118
181.9 -1.97534 0.791095
182 -2.01542 0.748155
182.1 -2.01658 0.704924
182.2 -2.00675 0.661831
182.3 -1.99377 0.618993
182.4 -1.97979 0.576448
182.5 -1.96541 0.534207
182.6 -1.95078 0.492278
182.7 -1.93594 0.450663
182.8 -1.92091 0.409369
182.9 -1.90568 0.368399
183 -1.89024 0.327756
183.1 -1.87458 0.287447
183.2 -1.85869 0.247476
183.3 -1.84256 0.207848
183.4 -1.82618 0.168567
183.5 -1.80954 0.12964
183.6 -1.79263 0.091072
183.7 -1.77542 0.0528695
183.8 -1.7579 0.0150387
183.9 -1.74006 -0.0224135
184 -1.72188 -0.0594801
184.1 -1.70333 -0.0961533
184.2 -1.68438 -0.132425
184.3 -1.66502 -0.168287
184.4 -1.64522 -0.203729
184.5 -1.62493 -0.238743
184.6 -1.60413 -0.273316
184.7 -1.58277 -0.307438
184.8 -1.5608 -0.341097
184.9 -1.53817 -0.374278
185 -1.51482 -0.406966
185.1 -1.49067 -0.439147
185.2 -1.46564 -0.470801
185.3 -1.43963 -0.501908
185.4 -1.41251 -0.532447
185.5 -1.38414 -0.562392
185.6 -1.35436 -0.591715
185.7 -1.32293 -0.620383
185.8 -1.2896 -0.648359
185.9 -1.25401 -0.675596
186 -1.21572 -0.702044
186.1 -1.17415 -0.727638
186.2 -1.1285 -0.7523
186.3 -1.07765 -0.775931
186.4 -1.02003 -0.798404
186.5 -0.953276 -0.819551
186.6 -0.873718 -0.839139
186.7 -0.775398 -0.856836
186.8 -0.648073 -0.872142
186.9 -0.47314 -0.884256
187 -0.21547 -0.891824
187.1 0.187818 -0.892455
187.2 0.800923 -0.882234
187.3 1.48504 -0.857519
187.4 1.87603 -0.820765
187.5 1.99426 -0.778871
187.6 2.01785 -0.735764
187.7 2.01436 -0.69255
187.8 2.00321 -0.649523
187.9 1.98983 -0.606768
188 1.9757 -0.564309
188.1 1.96123 -0.522157
188.2 1.94654 -0.480317
188.3 1.93165 -0.438794
188.4 1.91657 -0.397592
188.5 1.90127 -0.356715
188.6 1.88577 -0.316168
188.7 1.87005 -0.275955
188.8 1.85409 -0.236082
188.9 1.83789 -0.196552
189 1.82144 -0.157372
189.1 1.80472 -0.118548
189.2 1.78773 -0.0800839
189.3 1.77043 -0.0419873
189.4 1.75282 -0.00426431
189.5 1.73489 0.0330781
189.6 1.7166 0.0700327
189.7 1.69794 0.106592
189.8 1.67888 0.142747
189.9 1.65939 0.17849
190 1.63945 0.21381
190.1 1.61902 0.248698
190.2 1.59806 0.283144
190.3 1.57654 0.317134
190.4 1.55438 0.350657
190.5 1.53156 0.383699
190.6 1.50798 0.416243
190.7 1.48359 0.448275
190.8 1.45829 0.479774
190.9 1.43197 0.510721
191 1.40451 0.541093
191.1 1.37576 0.570863
191.2 1.34553 0.600001
191.3 1.31359 0.628475
191.4 1.27964 0.656244
191.5 1.24333 0.683261
191.6 1.20417 0.709471
191.7 1.16152 0.734807
191.8 1.11451 0.759184
191.9 1.06192 0.782498
192 1.00196 0.80461
192.1 0.931986 0.825337
192.2 0.847798 0.844423
192.3 0.742475 0.861496
192.4 0.603931 0.875986
192.5 0.409894 0.88697
192.6 0.118283 0.892856
192.7 -0.34143 0.890841
192.8 -1.00601 0.876684
192.9 -1.63657 0.847918
193 -1.92758 0.809022
193.1 -2.00618 0.766562
193.2 -2.0183 0.723367
193.3 -2.01157 0.680191
193.4 -1.9995 0.637237
193.5 -1.98583 0.594565
193.6 -1.97158 0.552194
193.7 -1.95704 0.510131
193.8 -1.9423 0.468381
193.9 -1.92735 0.42695
194 -1.9122 0.385841
194.1 -1.89685 0.345058
194.2 -1.88129 0.304606
194.3 -1.8655 0.26449
194.4 -1.84947 0.224715
194.5 -1.8332 0.185285
194.6 -1.81668 0.146206
194.7 -1.79988 0.107484
194.8 -1.7828 0.0691253
194.9 -1.76542 0.0311351
195 -1.74772 -0.00647949
195.1 -1.72968 -0.0437115
195.2 -1.71129 -0.0805535
195.3 -1.69251 -0.116998
195.4 -1.67334 -0.153036
195.5 -1.65372 -0.188658
195.6 -1.63365 -0.223856
195.7 -1.61307 -0.258618
195.8 -1.59195 -0.292934
195.9 -1.57025 -0.326792
196 -1.54791 -0.360179
196.1 -1.52488 -0.393079
196.2 -1.50108 -0.425479
196.3 -1.47644 -0.45736
196.4 -1.45085 -0.488703
196.5 -1.42422 -0.519487
196.6 -1.39641 -0.549689
196.7 -1.36725 -0.579281
196.8 -1.33656 -0.608233
196.9 -1.30407 -0.636509
197 -1.2695 -0.664067
197.1 -1.23242 -0.69086
197.2 -1.19234 -0.716827
197.3 -1.14854 -0.741897
197.4 -1.10007 -0.765981
197.5 -1.04558 -0.788966
197.6 -0.983075 -0.810703
197.7 -0.909544 -0.83099
197.8 -0.82017 -0.849543
197.9 -0.706881 -0.865946
198 -0.555347 -0.879547
198.1 -0.338835 -0.889273
198.2 -0.00730158 -0.89325
198.3 0.513843 -0.888223
198.4 1.20976 -0.869872
198.5 1.75546 -0.837471
198.6 1.9627 -0.797022
198.7 2.01327 -0.754203
198.8 2.01739 -0.710974
198.9 2.00841 -0.667851
199 1.99568 -0.624975
199.1 1.98178 -0.582388
199.2 1.96744 -0.540104
199.3 1.95284 -0.49813
199.4 1.93803 -0.456472
199.5 1.92303 -0.415132
199.6 1.90782 -0.374116
199.7 1.89241 -0.333428
199.8 1.87678 -0.293072
199.9 1.86093 -0.253053
200 1.84483 -0.213376
