0 2 0
0.1 1.81441 0.0379533
0.2 1.74377 0.0737034
0.3 1.70688 0.108451
0.4 1.68148 0.142595
0.5 1.66012 0.176276
0.6 1.64006 0.209543
0.7 1.62026 0.242409
0.8 1.60027 0.274875
0.9 1.5799 0.306934
1 1.55902 0.338577
1.1 1.53756 0.369794
1.2 1.51546 0.400572
1.3 1.49264 0.430897
1.4 1.46902 0.460754
1.5 1.44453 0.490126
1.6 1.41904 0.518994
1.7 1.39245 0.547338
1.8 1.36459 0.575133
1.9 1.33529 0.602352
2 1.30432 0.628964
2.1 1.27139 0.654933
2.2 1.23615 0.680215
2.3 1.1981 0.704759
2.4 1.15661 0.728502
2.5 1.11082 0.751367
2.6 1.05947 0.773256
2.7 1.00078 0.794039
2.8 0.931996 0.813543
2.9 0.848767 0.831523
3 0.74377 0.847622
3.1 0.603935 0.861283
3.2 0.40448 0.87158
3.3 0.096946 0.876879
3.4 -0.401324 0.874211
3.5 -1.11628 0.859122
3.6 -1.72448 0.829862
3.7 -1.95566 0.792045
3.8 -2.01078 0.751779
3.9 -2.01632 0.711101
4 -2.00821 0.670508
4.1 -1.99628 0.630134
4.2 -1.9832 0.590017
4.3 -1.9697 0.550168
4.4 -1.95597 0.510594
4.5 -1.94206 0.471299
4.6 -1.92797 0.432286
4.7 -1.91371 0.393559
4.8 -1.89926 0.355121
4.9 -1.88463 0.316977
5 -1.86979 0.279129
5.1 -1.85475 0.241583
5.2 -1.8395 0.204342
5.3 -1.82402 0.167411
5.4 -1.8083 0.130794
5.5 -1.79233 0.0944966
5.6 -1.7761 0.0585239
5.7 -1.7596 0.022881
5.8 -1.74281 -0.0124262
5.9 -1.72571 -0.0473918
6 -1.70829 -0.0820094
6.1 -1.69052 -0.116272
6.2 -1.67238 -0.150173
6.3 -1.65386 -0.183705
6.4 -1.63491 -0.216859
6.5 -1.61552 -0.249626
6.6 -1.59565 -0.281998
6.7 -1.57525 -0.313963
6.8 -1.55429 -0.345512
6.9 -1.53272 -0.376633
7 -1.51047 -0.407311
7.1 -1.48749 -0.437534
7.2 -1.46369 -0.467285
7.3 -1.43898 -0.496548
7.4 -1.41326 -0.525302
7.5 -1.3864 -0.553527
7.6 -1.35825 -0.581197
7.7 -1.3286 -0.608285
7.8 -1.29722 -0.634758
7.9 -1.26382 -0.660579
8 -1.228 -0.685703
8.1 -1.18925 -0.710076
8.2 -1.1469 -0.733632
8.3 -1.1 -0.756291
8.4 -1.04721 -0.777948
8.5 -0.98657 -0.798465
8.6 -0.915049 -0.817656
8.7 -0.827785 -0.835257
8.8 -0.716501 -0.850875
8.9 -0.566218 -0.86389
9 -0.348206 -0.873259
9.1 -0.00662591 -0.877115
9.2 0.544661 -0.872107
9.3 1.27805 -0.853781
9.4 1.80383 -0.821966
9.5 1.97618 -0.783244
9.6 2.0143 -0.7428
9.7 2.01516 -0.702119
9.8 2.00575 -0.661569
9.9 1.99345 -0.621249
10 1.98025 -0.58119
10.1 1.96669 -0.541402
10.2 1.95292 -0.501889
10.3 1.93896 -0.462656
10.4 1.92484 -0.423706
10.5 1.91053 -0.385042
10.6 1.89605 -0.346669
10.7 1.88137 -0.30859
10.8 1.86649 -0.270809
10.9 1.8514 -0.233329
11 1.8361 -0.196156
11.1 1.82056 -0.159294
11.2 1.80479 -0.122748
11.3 1.78877 -0.0865217
11.4 1.77248 -0.0506214
11.5 1.75592 -0.0150522
11.6 1.73906 0.0201801
11.7 1.72189 0.0550694
11.8 1.70439 0.0896092
11.9 1.68654 0.123793
12 1.66833 0.157613
12.1 1.64971 0.191062
12.2 1.63067 0.224131
12.3 1.61117 0.256812
12.4 1.59119 0.289095
12.5 1.57067 0.320969
12.6 1.54958 0.352425
12.7 1.52786 0.383448
12.8 1.50546 0.414028
12.9 1.4823 0.444148
13 1.45831 0.473792
13.1 1.43339 0.502944
13.2 1.40743 0.531584
13.3 1.3803 0.559688
13.4 1.35183 0.587232
13.5 1.32183 0.614187
13.6 1.29003 0.64052
13.7 1.25613 0.666191
13.8 1.21971 0.691154
13.9 1.18024 0.715352
14 1.13697 0.738719
14.1 1.0889 0.761166
14.2 1.03458 0.782584
14.3 0.971841 0.802827
14.4 0.897347 0.821693
14.5 0.805655 0.838895
14.6 0.68738 0.854002
14.7 0.525301 0.866322
14.8 0.286073 0.874675
14.9 -0.094117 0.876925
15 -0.699046 0.869337
15.1 -1.42834 0.847745
15.2 -1.86404 0.813744
15.3 -1.99085 0.774374
15.4 -2.01621 0.733814
15.5 -2.01356 0.693145
15.6 -2.00317 0.652641
15.7 -1.99058 0.612378
15.8 -1.97727 0.572378
15.9 -1.96366 0.53265
16 -1.94985 0.493199
16.1 -1.93586 0.454028
16.2 -1.92169 0.415141
16.3 -1.90735 0.376541
16.4 -1.89282 0.338233
16.5 -1.8781 0.300219
16.6 -1.86317 0.262504
16.7 -1.84804 0.225092
16.8 -1.83269 0.187987
16.9 -1.8171 0.151194
17 -1.80128 0.114718
17.1 -1.7852 0.0785637
17.2 -1.76885 0.042736
17.3 -1.75222 0.00724071
17.4 -1.73529 -0.0279163
17.5 -1.71805 -0.062729
17.6 -1.70048 -0.0971908
17.7 -1.68255 -0.131295
17.8 -1.66425 -0.165033
17.9 -1.64554 -0.198399
18 -1.6264 -0.231383
18.1 -1.6068 -0.263977
18.2 -1.5867 -0.296171
18.3 -1.56606 -0.327954
18.4 -1.54484 -0.359315
18.5 -1.52298 -0.390242
18.6 -1.50041 -0.420721
18.7 -1.47708 -0.450737
18.8 -1.45289 -0.480275
18.9 -1.42775 -0.509315
19 -1.40155 -0.537838
19.1 -1.37414 -0.565821
19.2 -1.34535 -0.593238
19.3 -1.31497 -0.620059
19.4 -1.28274 -0.646249
19.5 -1.24832 -0.671767
19.6 -1.21128 -0.696567
19.7 -1.17104 -0.720588
19.8 -1.12681 -0.743759
19.9 -1.0775 -0.76599
20 -1.02154 -0.787163
20.1 -0.956547 -0.807121
20.2 -0.878823 -0.825648
20.3 -0.78226 -0.842432
20.4 -0.656184 -0.856995
20.5 -0.480743 -0.868564
20.6 -0.21723 -0.875799
20.7 0.206307 -0.876261
20.8 0.861795 -0.865859
20.9 1.56157 -0.841078
21 1.90884 -0.80528
21.1 2.00112 -0.765455
21.2 2.01691 -0.724825
21.3 2.01163 -0.68418
21.4 2.0005 -0.643725
21.5 1.98768 -0.603519
21.6 1.97429 -0.563579
21.7 1.96063 -0.523912
21.8 1.94677 -0.484522
21.9 1.93274 -0.445414
22 1.91854 -0.40659
22.1 1.90416 -0.368054
22.2 1.88959 -0.32981
22.3 1.87482 -0.291862
22.4 1.85985 -0.254213
22.5 1.84467 -0.216869
22.6 1.82926 -0.179833
22.7 1.81363 -0.14311
22.8 1.79775 -0.106704
22.9 1.78161 -0.0706212
23 1.7652 -0.0348665
23.1 1.74851 0.000554621
23.2 1.73151 0.0356361
23.3 1.7142 0.0703719
23.4 1.69655 0.104755
23.5 1.67854 0.138779
23.6 1.66015 0.172436
23.7 1.64135 0.205718
23.8 1.62212 0.238617
23.9 1.60241 0.271123
24 1.58219 0.303227
24.1 1.56143 0.334918
24.2 1.54007 0.366184
24.3 1.51805 0.397013
24.4 1.49533 0.427391
24.5 1.47181 0.457304
24.6 1.44742 0.486733
24.7 1.42206 0.515661
24.8 1.3956 0.544067
24.9 1.3679 0.571927
25 1.33878 0.599215
25.1 1.30802 0.6259
25.2 1.27534 0.651945
25.3 1.24038 0.677309
25.4 1.20269 0.701942
25.5 1.16164 0.725782
25.6 1.1164 0.748755
25.7 1.06578 0.770763
25.8 1.00806 0.791682
25.9 0.94064 0.811346
26 0.859395 0.829519
26.1 0.757456 0.845861
26.2 0.622646 0.859843
26.3 0.432022 0.870599
26.4 0.140706 0.8766
26.5 -0.330734 0.875069
26.6 -1.02864 0.861643
26.7 -1.67407 0.833859
26.8 -1.94192 0.796645
26.9 -2.00811 0.756503
27 -2.01671 0.715835
27.1 -2.00944 0.675223
27.2 -1.99775 0.634821
27.3 -1.98475 0.594672
27.4 -1.97129 0.554792
27.5 -1.95758 0.515186
27.6 -1.94369 0.475858
27.7 -1.92962 0.436812
27.8 -1.91538 0.398051
27.9 -1.90095 0.35958
28 -1.88634 0.321401
28.1 -1.87153 0.283518
28.2 -1.85651 0.245937
28.3 -1.84128 0.20866
28.4 -1.82583 0.171693
28.5 -1.81014 0.135039
28.6 -1.7942 0.0987044
28.7 -1.77801 0.0626936
28.8 -1.76154 0.0270121
28.9 -1.74478 -0.00833445
29 -1.72772 -0.0433401
29.1 -1.71033 -0.0779986
29.2 -1.6926 -0.112303
29.3 -1.67451 -0.146247
29.4 -1.65604 -0.179822
29.5 -1.63714 -0.21302
29.6 -1.6178 -0.245833
29.7 -1.59799 -0.278251
29.8 -1.57765 -0.310264
29.9 -1.55676 -0.341862
30 -1.53526 -0.373033
30.1 -1.5131 -0.403764
30.2 -1.4902 -0.43404
30.3 -1.4665 -0.463847
30.4 -1.44191 -0.493168
30.5 -1.41631 -0.521982
30.6 -1.38959 -0.55027
30.7 -1.3616 -0.578006
30.8 -1.33213 -0.605163
30.9 -1.30097 -0.63171
31 -1.26782 -0.657609
31.1 -1.23231 -0.682816
31.2 -1.19393 -0.70728
31.3 -1.15204 -0.730935
31.4 -1.10573 -0.753703
31.5 -1.05372 -0.775483
31.6 -0.994117 -0.796141
31.7 -0.924066 -0.815499
31.8 -0.838974 -0.833302
31.9 -0.731084 -0.849177
32 -0.58646 -0.862537
32.1 -0.378531 -0.872406
32.2 -0.0554355 -0.877041
32.3 0.467666 -0.873295
32.4 1.19386 -0.856684
32.5 1.76461 -0.826172
32.6 1.9662 -0.787891
32.7 2.01267 -0.747531
32.8 2.01584 -0.706849
32.9 2.00706 -0.666276
33 1.99494 -0.625928
33.1 1.98181 -0.585838
33.2 1.96828 -0.546018
33.3 1.95453 -0.506473
33.4 1.9406 -0.467207
33.5 1.92649 -0.428224
33.6 1.91221 -0.389527
33.7 1.89774 -0.35112
33.8 1.88309 -0.313006
33.9 1.86823 -0.27519
34 1.85317 -0.237675
34.1 1.83789 -0.200466
34.2 1.82238 -0.163568
34.3 1.80664 -0.126984
34.4 1.79065 -0.0907207
34.5 1.77439 -0.0547821
34.6 1.75786 -0.0191741
34.7 1.74104 0.0160977
34.8 1.7239 0.0510272
34.9 1.70645 0.085608
35 1.68864 0.119833
35.1 1.67047 0.153696
35.2 1.6519 0.187189
35.3 1.63291 0.220302
35.4 1.61347 0.253029
35.5 1.59354 0.285359
35.6 1.57309 0.317281
35.7 1.55207 0.348786
35.8 1.53042 0.379861
35.9 1.5081 0.410492
36 1.48504 0.440667
36.1 1.46115 0.470368
36.2 1.43634 0.499578
36.3 1.41051 0.528278
36.4 1.38352 0.556446
36.5 1.35522 0.584057
36.6 1.32541 0.611082
36.7 1.29383 0.637489
36.8 1.2602 0.663239
36.9 1.2241 0.688287
37 1.18501 0.712578
37.1 1.14223 0.736045
37.2 1.09479 0.758604
37.3 1.04128 0.780149
37.4 0.979667 0.800537
37.5 0.90677 0.819576
37.6 0.817462 0.836991
37.7 0.702964 0.852371
37.8 0.547279 0.865064
37.9 0.319583 0.873964
38 -0.0396822 0.877081
38.1 -0.616469 0.870882
38.2 -1.35097 0.851008
38.3 -1.8345 0.818111
38.4 -1.98376 0.779054
38.5 -2.01538 0.738548
38.6 -2.01445 0.697871
38.7 -2.00455 0.657343
38.8 -1.9921 0.61705
38.9 -1.97884 0.577019
39 -1.96526 0.537259
39.1 -1.95146 0.497775
39.2 -1.93749 0.458571
39.3 -1.92335 0.419651
39.4 -1.90903 0.381018
39.5 -1.89452 0.342675
39.6 -1.87982 0.304627
39.7 -1.86492 0.266877
39.8 -1.84981 0.229429
39.9 -1.83448 0.192289
40 -1.81893 0.155459
40.1 -1.80313 0.118946
40.2 -1.78708 0.0827538
40.3 -1.77076 0.0468878
40.4 -1.75417 0.0113536
40.5 -1.73728 -0.0238431
40.6 -1.72008 -0.0586962
40.7 -1.70254 -0.0931991
40.8 -1.68466 -0.127345
40.9 -1.6664 -0.161127
41 -1.64774 -0.194536
41.1 -1.62865 -0.227565
41.2 -1.60911 -0.260205
41.3 -1.58907 -0.292446
41.4 -1.5685 -0.324277
41.5 -1.54734 -0.355688
41.6 -1.52555 -0.386666
41.7 -1.50308 -0.417198
41.8 -1.47983 -0.447269
41.9 -1.45575 -0.476863
42 -1.43073 -0.505962
42.1 -1.40466 -0.534547
42.2 -1.37739 -0.562594
42.3 -1.34877 -0.590078
42.4 -1.31859 -0.61697
42.5 -1.28659 -0.643235
42.6 -1.25245 -0.668834
42.7 -1.21574 -0.69372
42.8 -1.17591 -0.717835
42.9 -1.13219 -0.74111
43 -1.08355 -0.763455
43.1 -1.02846 -0.784758
43.2 -0.964677 -0.804867
43.3 -0.888689 -0.823575
43.4 -0.79475 -0.840582
43.5 -0.672891 -0.855436
43.6 -0.5047 -0.867408
43.7 -0.254388 -0.875245
43.8 0.145723 -0.876673
43.9 0.775242 -0.867782
44 1.49379 -0.844664
44.1 1.88692 -0.809764
44.2 1.99618 -0.770159
44.3 2.01667 -0.72956
44.4 2.01268 -0.688902
44.5 2.00192 -0.648421
44.6 1.98921 -0.608184
44.7 1.97586 -0.568213
44.8 1.96223 -0.528514
44.9 1.94839 -0.489091
45 1.93439 -0.44995
45.1 1.9202 -0.411093
45.2 1.90584 -0.372523
45.3 1.89129 -0.334245
45.4 1.87655 -0.296262
45.5 1.8616 -0.258579
45.6 1.84645 -0.221199
45.7 1.83107 -0.184127
45.8 1.81546 -0.147367
45.9 1.79961 -0.110924
46 1.7835 -0.0748033
46.1 1.76712 -0.0390101
46.2 1.75046 -0.00354993
46.3 1.73351 0.0315714
46.4 1.71623 0.0663477
46.5 1.69862 0.100772
46.6 1.68066 0.134839
46.7 1.66231 0.168539
46.8 1.64356 0.201865
46.9 1.62438 0.234809
47 1.60473 0.267361
47.1 1.58457 0.299512
47.2 1.56387 0.331252
47.3 1.54258 0.362568
47.4 1.52065 0.393449
47.5 1.49801 0.42388
47.6 1.47459 0.453847
47.7 1.45031 0.483334
47.8 1.42507 0.512321
47.9 1.39874 0.540789
48 1.37119 0.568714
48.1 1.34225 0.59607
48.2 1.31169 0.622826
48.3 1.27925 0.648948
48.4 1.24458 0.674394
48.5 1.20723 0.699115
48.6 1.16662 0.723051
48.7 1.12192 0.746129
48.8 1.072 0.768255
48.9 1.01522 0.789309
49 0.949099 0.809129
49.1 0.869748 0.82749
49.2 0.770708 0.844068
49.3 0.640623 0.858361
49.4 0.458242 0.869554
49.5 0.182039 0.87622
49.6 -0.263629 0.875766
49.7 -0.940557 0.863956
49.8 -1.61753 0.837726
49.9 -1.92575 0.801211
50 -2.00478 0.761222
50.1 -2.01691 0.72057
50.2 -2.01062 0.67994
50.3 -1.99921 0.63951
50.4 -1.9863 0.599331
50.5 -1.97287 0.559419
50.6 -1.95919 0.519781
50.7 -1.94531 0.48042
50.8 -1.93127 0.441341
50.9 -1.91705 0.402548
51 -1.90264 0.364042
51.1 -1.88805 0.325829
51.2 -1.87326 0.287912
51.3 -1.85827 0.250295
51.4 -1.84307 0.212983
51.5 -1.82764 0.175979
51.6 -1.81198 0.139289
51.7 -1.79607 0.102917
51.8 -1.77991 0.0668679
51.9 -1.76347 0.0311478
52 -1.74674 -0.0042381
52.1 -1.72972 -0.0392838
52.2 -1.71237 -0.073983
52.3 -1.69469 -0.108329
52.4 -1.67664 -0.142315
52.5 -1.65821 -0.175933
52.6 -1.63936 -0.209176
52.7 -1.62008 -0.242034
52.8 -1.60032 -0.274498
52.9 -1.58005 -0.30656
53 -1.55922 -0.338207
53.1 -1.5378 -0.369428
53.2 -1.51571 -0.40021
53.3 -1.49291 -0.430541
53.4 -1.4693 -0.460403
53.5 -1.44482 -0.489781
53.6 -1.41935 -0.518656
53.7 -1.39277 -0.547006
53.8 -1.36493 -0.574807
53.9 -1.33565 -0.602033
54 -1.3047 -0.628653
54.1 -1.2718 -0.654629
54.2 -1.23658 -0.67992
54.3 -1.19857 -0.704473
54.4 -1.15713 -0.728226
54.5 -1.11139 -0.751102
54.6 -1.06012 -0.773003
54.7 -1.00152 -0.7938
54.8 -0.932883 -0.81332
54.9 -0.849861 -0.83132
55 -0.745183 -0.847444
55.1 -0.605873 -0.861138
55.2 -0.407344 -0.871484
55.3 -0.101512 -0.876856
55.4 0.393986 -0.874306
55.5 1.10741 -0.859388
55.6 1.71963 -0.830274
55.7 1.95437 -0.792514
55.8 2.01053 -0.752259
55.9 2.01637 -0.711582
56 2.00834 -0.670988
56.1 1.99643 -0.630611
56.2 1.98336 -0.59049
56.3 1.96986 -0.550638
56.4 1.95614 -0.511061
56.5 1.94223 -0.471762
56.6 1.92814 -0.432746
56.7 1.91388 -0.394016
56.8 1.89944 -0.355574
56.9 1.8848 -0.317426
57 1.86997 -0.279575
57.1 1.85493 -0.242025
57.2 1.83968 -0.204781
57.3 1.8242 -0.167846
57.4 1.80849 -0.131225
57.5 1.79252 -0.0949243
57.6 1.7763 -0.0589477
57.7 1.7598 -0.023301
57.8 1.74301 0.0120103
57.9 1.72591 0.0469799
58 1.70849 0.0816017
58.1 1.69073 0.115869
58.2 1.6726 0.149774
58.3 1.65408 0.18331
58.4 1.63514 0.216468
58.5 1.61575 0.24924
58.6 1.59589 0.281617
58.7 1.5755 0.313587
58.8 1.55454 0.345141
58.9 1.53298 0.376267
59 1.51074 0.406951
59.1 1.48776 0.437179
59.2 1.46397 0.466936
59.3 1.43928 0.496204
59.4 1.41358 0.524965
59.5 1.38673 0.553196
59.6 1.35859 0.580873
59.7 1.32896 0.607968
59.8 1.29761 0.634449
59.9 1.26423 0.660277
60 1.22844 0.68541
60.1 1.18973 0.709792
60.2 1.14743 0.733359
60.3 1.10059 0.756029
60.4 1.04788 0.777698
60.5 0.987344 0.79823
60.6 0.915975 0.817438
60.7 0.828937 0.83506
60.8 0.718007 0.850704
60.9 0.568316 0.863755
61 0.351362 0.873176
61.1 0.0117193 0.877112
61.2 -0.536685 0.872236
61.3 -1.26962 0.854085
61.4 -1.80009 0.822399
61.5 -1.97524 0.783718
61.6 -2.01416 0.743281
61.7 -2.01524 0.7026
61.8 -2.00589 0.662047
61.9 -1.9936 0.621725
62 -1.98041 0.581663
62.1 -1.96685 0.541871
62.2 -1.95308 0.502355
62.3 -1.93913 0.463119
62.4 -1.92501 0.424165
62.5 -1.9107 0.385498
62.6 -1.89622 0.347122
62.7 -1.88154 0.309039
62.8 -1.86667 0.271254
62.9 -1.85158 0.233771
63 -1.83628 0.196594
63.1 -1.82075 0.159729
63.2 -1.80498 0.123178
63.3 -1.78896 0.0869485
63.4 -1.77268 0.0510443
63.5 -1.75611 0.0154712
63.6 -1.73926 -0.0197651
63.7 -1.72209 -0.0546585
63.8 -1.7046 -0.0892025
63.9 -1.68676 -0.12339
64 -1.66854 -0.157215
64.1 -1.64993 -0.190668
64.2 -1.6309 -0.223742
64.3 -1.61141 -0.256427
64.4 -1.59143 -0.288715
64.5 -1.57092 -0.320594
64.6 -1.54983 -0.352055
64.7 -1.52812 -0.383084
64.8 -1.50573 -0.413668
64.9 -1.48258 -0.443794
65 -1.4586 -0.473444
65.1 -1.43369 -0.502602
65.2 -1.40775 -0.531248
65.3 -1.38063 -0.559359
65.4 -1.35218 -0.58691
65.5 -1.32219 -0.613872
65.6 -1.29042 -0.640212
65.7 -1.25655 -0.665891
65.8 -1.22016 -0.690863
65.9 -1.18073 -0.715071
66 -1.13751 -0.738447
66.1 -1.08951 -0.760906
66.2 -1.03527 -0.782337
66.3 -0.972644 -0.802595
66.4 -0.898316 -0.821479
66.5 -0.806872 -0.838703
66.6 -0.68899 -0.853838
66.7 -0.527581 -0.866197
66.8 -0.289563 -0.874606
66.9 0.0884381 -0.876946
67 0.690532 -0.869503
67.1 1.42068 -0.848085
67.2 1.86125 -0.814191
67.3 1.99019 -0.774851
67.4 2.01614 -0.734296
67.5 2.01366 -0.693626
67.6 2.00332 -0.653119
67.7 1.99073 -0.612853
67.8 1.97743 -0.57285
67.9 1.96382 -0.533119
68 1.95001 -0.493664
68.1 1.93602 -0.45449
68.2 1.92186 -0.415599
68.3 1.90752 -0.376996
68.4 1.89299 -0.338684
68.5 1.87827 -0.300667
68.6 1.86335 -0.262948
68.7 1.84822 -0.225533
68.8 1.83287 -0.188424
68.9 1.81729 -0.151628
69 1.80146 -0.115148
69.1 1.78539 -0.0789896
69.2 1.76904 -0.043158
69.3 1.75242 -0.00765878
69.4 1.7355 0.0275023
69.5 1.71826 0.0623191
69.6 1.70069 0.096785
69.7 1.68277 0.130893
69.8 1.66447 0.164636
69.9 1.64577 0.198006
70 1.62663 0.230995
70.1 1.60704 0.263594
70.2 1.58694 0.295792
70.3 1.56631 0.32758
70.4 1.54509 0.358946
70.5 1.52324 0.389878
70.6 1.50068 0.420363
70.7 1.47736 0.450385
70.8 1.45318 0.479928
70.9 1.42806 0.508975
71 1.40186 0.537504
71.1 1.37447 0.565493
71.2 1.34569 0.592917
71.3 1.31534 0.619745
71.4 1.28313 0.645943
71.5 1.24874 0.67147
71.6 1.21173 0.696278
71.7 1.17153 0.720309
71.8 1.12736 0.74349
71.9 1.07812 0.765733
72 1.02225 0.786919
72.1 0.957381 0.806892
72.2 0.879838 0.825438
72.3 0.783548 0.842245
72.4 0.657912 0.856838
72.5 0.483231 0.868449
72.6 0.221104 0.875746
72.7 -0.199991 0.876309
72.8 -0.852927 0.866063
72.9 -1.55494 0.84145
73 -1.90677 0.805738
73.1 -2.00066 0.765934
73.2 -2.0169 0.725306
73.3 -2.01174 0.68466
73.4 -2.00064 0.644203
73.5 -1.98784 0.603993
73.6 -1.97445 0.56405
73.7 -1.96079 0.52438
73.8 -1.94694 0.484987
73.9 -1.93291 0.445875
74 -1.91871 0.407047
74.1 -1.90433 0.368508
74.2 -1.88976 0.330261
74.3 -1.875 0.292309
74.4 -1.86003 0.254657
74.5 -1.84485 0.217309
74.6 -1.82945 0.180269
74.7 -1.81381 0.143542
74.8 -1.79793 0.107133
74.9 -1.7818 0.0710463
75 -1.7654 0.0352877
75.1 -1.74871 -0.000137384
75.2 -1.73172 -0.035223
75.3 -1.71441 -0.0699628
75.4 -1.69676 -0.10435
75.5 -1.67876 -0.138379
75.6 -1.66037 -0.17204
75.7 -1.64158 -0.205327
75.8 -1.62235 -0.23823
75.9 -1.60264 -0.270741
76 -1.58243 -0.30285
76.1 -1.56168 -0.334545
76.2 -1.54032 -0.365817
76.3 -1.51832 -0.396651
76.4 -1.4956 -0.427035
76.5 -1.47209 -0.456952
76.6 -1.44772 -0.486388
76.7 -1.42237 -0.515322
76.8 -1.39592 -0.543734
76.9 -1.36824 -0.571601
77 -1.33913 -0.598896
77.1 -1.30839 -0.625587
77.2 -1.27574 -0.651641
77.3 -1.24081 -0.677013
77.4 -1.20315 -0.701655
77.5 -1.16215 -0.725505
77.6 -1.11697 -0.748488
77.7 -1.06642 -0.770508
77.8 -1.0088 -0.791442
77.9 -0.941508 -0.811121
78 -0.86046 -0.829314
78.1 -0.758823 -0.84568
78.2 -0.624507 -0.859695
78.3 -0.434747 -0.870495
78.4 -0.145017 -0.876565
78.5 0.32375 -0.875147
78.6 1.01968 -0.861887
78.7 1.6686 -0.834258
78.8 1.94039 -0.797111
78.9 2.00781 -0.756983
79 2.01674 -0.716316
79.1 2.00956 -0.675702
79.2 1.9979 -0.635297
79.3 1.98491 -0.595146
79.4 1.97145 -0.555262
79.5 1.95774 -0.515653
79.6 1.94385 -0.476322
79.7 1.92979 -0.437272
79.8 1.91555 -0.398508
79.9 1.90113 -0.360033
80 1.88651 -0.321851
80.1 1.87171 -0.283965
80.2 1.85669 -0.24638
80.3 1.84147 -0.209099
80.4 1.82601 -0.172128
80.5 1.81033 -0.135471
80.6 1.79439 -0.0991326
80.7 1.7782 -0.063118
80.8 1.76173 -0.0274325
80.9 1.74498 0.00791805
81 1.72792 0.0429278
81.1 1.71054 0.0775904
81.2 1.69282 0.111899
81.3 1.67473 0.145847
81.4 1.65626 0.179426
81.5 1.63737 0.212629
81.6 1.61804 0.245447
81.7 1.59822 0.277869
81.8 1.5779 0.309888
81.9 1.55701 0.341491
82 1.53552 0.372667
82.1 1.51336 0.403403
82.2 1.49048 0.433685
82.3 1.46679 0.463498
82.4 1.4422 0.492824
82.5 1.41662 0.521644
82.6 1.38992 0.549938
82.7 1.36194 0.577681
82.8 1.33249 0.604845
82.9 1.30135 0.631399
83 1.26823 0.657306
83.1 1.23274 0.682522
83.2 1.19441 0.706995
83.3 1.15256 0.73066
83.4 1.10631 0.75344
83.5 1.05437 0.775232
83.6 0.994877 0.795904
83.7 0.924972 0.815278
83.8 0.840095 0.833101
83.9 0.732539 0.849002
84 0.588472 0.862397
84.1 0.381529 0.872315
84.2 0.0602436 0.877027
84.3 -0.460018 0.873406
84.4 -1.18515 0.856968
84.5 -1.76031 0.826594
84.6 -1.96509 0.788362
84.7 -2.01248 0.748012
84.8 -2.0159 0.707331
84.9 -2.0072 0.666755
85 -1.9951 0.626404
85.1 -1.98196 0.586311
85.2 -1.96844 0.546488
85.3 -1.95469 0.506939
85.4 -1.94076 0.46767
85.5 -1.92666 0.428684
85.6 -1.91238 0.389983
85.7 -1.89791 0.351572
85.8 -1.88326 0.313455
85.9 -1.86841 0.275635
86 -1.85335 0.238117
86.1 -1.83807 0.200905
86.2 -1.82257 0.164003
86.3 -1.80683 0.127415
86.4 -1.79084 0.091148
86.5 -1.77459 0.0552056
86.6 -1.75806 0.0195936
86.7 -1.74124 -0.0156822
86.8 -1.72411 -0.0506158
86.9 -1.70665 -0.0852008
87 -1.68885 -0.11943
87.1 -1.67068 -0.153298
87.2 -1.65212 -0.186794
87.3 -1.63314 -0.219913
87.4 -1.6137 -0.252644
87.5 -1.59378 -0.284978
87.6 -1.57333 -0.316906
87.7 -1.55232 -0.348416
87.8 -1.53068 -0.379496
87.9 -1.50837 -0.410132
88 -1.48532 -0.440312
88.1 -1.46144 -0.470019
88.2 -1.43664 -0.499235
88.3 -1.41082 -0.527941
88.4 -1.38385 -0.556116
88.5 -1.35556 -0.583733
88.6 -1.32577 -0.610766
88.7 -1.29422 -0.63718
88.8 -1.26061 -0.662938
88.9 -1.22454 -0.687995
89 -1.18549 -0.712295
89.1 -1.14276 -0.735772
89.2 -1.09538 -0.758343
89.3 -1.04196 -0.7799
89.4 -0.980455 -0.800303
89.5 -0.907716 -0.81936
89.6 -0.818644 -0.836796
89.7 -0.704518 -0.852203
89.8 -0.549461 -0.864933
89.9 -0.322892 -0.873887
90 0.0343186 -0.877089
90.1 0.608221 -0.871028
90.2 1.34287 -0.851329
90.3 1.83123 -0.818551
90.4 1.98296 -0.779529
90.5 2.01527 -0.73903
90.6 2.01454 -0.698352
90.7 2.00469 -0.657821
90.8 1.99225 -0.617525
90.9 1.979 -0.577491
91 1.96542 -0.537728
91.1 1.95163 -0.498241
91.2 1.93766 -0.459034
91.3 1.92352 -0.42011
91.4 1.9092 -0.381473
91.5 1.89469 -0.343127
91.6 1.88 -0.305075
91.7 1.8651 -0.267322
91.8 1.84999 -0.229871
91.9 1.83467 -0.192726
92 1.81911 -0.155893
92.1 1.80332 -0.119376
92.2 1.78727 -0.0831802
92.3 1.77096 -0.0473103
92.4 1.75437 -0.0117721
92.5 1.73748 0.0234286
92.6 1.72028 0.0582858
92.7 1.70275 0.0927929
92.8 1.68487 0.126943
92.9 1.66662 0.160729
93 1.64796 0.194143
93.1 1.62888 0.227177
93.2 1.60934 0.259821
93.3 1.58931 0.292066
93.4 1.56874 0.323903
93.5 1.54759 0.355319
93.6 1.52582 0.386302
93.7 1.50335 0.416839
93.8 1.48011 0.446916
93.9 1.45604 0.476516
94 1.43103 0.505621
94.1 1.40497 0.534212
94.2 1.37772 0.562265
94.3 1.34912 0.589756
94.4 1.31896 0.616655
94.5 1.28698 0.642928
94.6 1.25287 0.668535
94.7 1.21619 0.69343
94.8 1.1764 0.717554
94.9 1.13274 0.740839
95 1.08416 0.763197
95.1 1.02916 0.784513
95.2 0.965494 0.804637
95.3 0.889678 0.823363
95.4 0.796 0.840392
95.5 0.674556 0.855275
95.6 0.507075 0.867287
95.7 0.258054 0.875184
95.8 -0.139749 0.876707
95.9 -0.766533 0.867966
96 -1.48659 0.84502
96.1 -1.88449 0.810217
96.2 -1.99563 0.770636
96.3 -2.01663 0.730042
96.4 -2.01278 0.689382
96.5 -2.00206 0.648898
96.6 -1.98937 0.608659
96.7 -1.97602 0.568684
96.8 -1.96239 0.528982
96.9 -1.94856 0.489556
97 -1.93455 0.450412
97.1 -1.92037 0.411551
97.2 -1.90601 0.372978
97.3 -1.89146 0.334697
97.4 -1.87672 0.29671
97.5 -1.86178 0.259023
97.6 -1.84663 0.221639
97.7 -1.83125 0.184564
97.8 -1.81564 0.1478
97.9 -1.7998 0.111353
98 -1.78369 0.0752289
98.1 -1.76732 0.0394318
98.2 -1.75066 0.0039676
98.3 -1.73371 -0.0311578
98.4 -1.71644 -0.0659382
98.5 -1.69883 -0.100367
98.6 -1.68087 -0.134437
98.7 -1.66253 -0.168142
98.8 -1.64379 -0.201473
98.9 -1.62461 -0.234421
99 -1.60496 -0.266978
99.1 -1.58481 -0.299134
99.2 -1.56412 -0.330879
99.3 -1.54284 -0.3622
99.4 -1.52091 -0.393086
99.5 -1.49828 -0.423523
99.6 -1.47487 -0.453495
99.7 -1.4506 -0.482988
99.8 -1.42537 -0.511981
99.9 -1.39906 -0.540455
100 -1.37153 -0.568387
100.1 -1.3426 -0.59575
100.2 -1.31206 -0.622513
100.3 -1.27964 -0.648643
100.4 -1.245 -0.674097
100.5 -1.20769 -0.698827
100.6 -1.16712 -0.722773
100.7 -1.12247 -0.745861
100.8 -1.07263 -0.767999
100.9 -1.01594 -0.789066
101 -0.949949 -0.808902
101.1 -0.870785 -0.827283
101.2 -0.772032 -0.843884
101.3 -0.642412 -0.858208
101.4 -0.460838 -0.869444
101.5 -0.186112 -0.876176
101.6 0.257 -0.875828
101.7 0.93161 -0.86418
101.8 1.61144 -0.838111
101.9 1.92396 -0.801673
102 2.0044 -0.761702
102.1 2.01692 -0.721052
102.2 2.01073 -0.68042
102.3 1.99935 -0.639987
102.4 1.98645 -0.599805
102.5 1.97303 -0.55989
102.6 1.95935 -0.520248
102.7 1.94548 -0.480885
102.8 1.93144 -0.441802
102.9 1.91721 -0.403005
103 1.90281 -0.364496
103.1 1.88823 -0.326279
103.2 1.87344 -0.288359
103.3 1.85845 -0.250739
103.4 1.84325 -0.213422
103.5 1.82782 -0.176415
103.6 1.81216 -0.139721
103.7 1.79626 -0.103345
103.8 1.7801 -0.0672926
103.9 1.76366 -0.0315686
104 1.74694 0.00382126
104.1 1.72992 0.038871
104.2 1.71258 0.0735743
104.3 1.6949 0.107925
104.4 1.67685 0.141915
104.5 1.65843 0.175537
104.6 1.63959 0.208784
104.7 1.62031 0.241647
104.8 1.60056 0.274117
104.9 1.58029 0.306183
105 1.55947 0.337835
105.1 1.53805 0.369061
105.2 1.51598 0.399849
105.3 1.49318 0.430184
105.4 1.46959 0.460052
105.5 1.44511 0.489436
105.6 1.41966 0.518317
105.7 1.39309 0.546673
105.8 1.36526 0.574482
105.9 1.336 0.601715
106 1.30507 0.628342
106.1 1.2722 0.654326
106.2 1.23701 0.679624
106.3 1.19904 0.704187
106.4 1.15764 0.72795
106.5 1.11196 0.750837
106.6 1.06076 0.77275
106.7 1.00227 0.793561
106.8 0.933769 0.813097
106.9 0.850952 0.831117
107 0.74659 0.847266
107.1 0.607803 0.860993
107.2 0.410194 0.871386
107.3 0.106051 0.876831
107.4 -0.386685 0.874399
107.5 -1.09853 0.859652
107.6 -1.71472 0.830685
107.7 -1.95305 0.792983
107.8 -2.01028 0.75274
107.9 -2.01641 0.712064
108 -2.00846 0.671467
108.1 -1.99658 0.631087
108.2 -1.98352 0.590963
108.3 -1.97003 0.551108
108.4 -1.9563 0.511528
108.5 -1.94239 0.472226
108.6 -1.92831 0.433206
108.7 -1.91405 0.394472
108.8 -1.89961 0.356028
108.9 -1.88498 0.317876
109 -1.87015 0.280021
109.1 -1.85511 0.242468
109.2 -1.83986 0.20522
109.3 -1.82439 0.168281
109.4 -1.80867 0.131657
109.5 -1.79271 0.0953521
109.6 -1.77649 0.0593716
109.7 -1.76 0.0237209
109.8 -1.74321 -0.0115943
109.9 -1.72612 -0.0465681
110 -1.7087 -0.081194
110.1 -1.69094 -0.115465
110.2 -1.67282 -0.149375
110.3 -1.6543 -0.182915
110.4 -1.63537 -0.216078
110.5 -1.61599 -0.248855
110.6 -1.59612 -0.281236
110.7 -1.57574 -0.313212
110.8 -1.55479 -0.34477
110.9 -1.53324 -0.375901
111 -1.51101 -0.40659
111.1 -1.48804 -0.436824
111.2 -1.46426 -0.466587
111.3 -1.43958 -0.495861
111.4 -1.41389 -0.524628
111.5 -1.38706 -0.552865
111.6 -1.35893 -0.580549
111.7 -1.32932 -0.607651
111.8 -1.29799 -0.634139
111.9 -1.26464 -0.659976
112 -1.22888 -0.685116
112.1 -1.19021 -0.709508
112.2 -1.14795 -0.733085
112.3 -1.10117 -0.755766
112.4 -1.04854 -0.777448
112.5 -0.988117 -0.797994
112.6 -0.916899 -0.817219
112.7 -0.830086 -0.834862
112.8 -0.719508 -0.850532
112.9 -0.570405 -0.863619
113 -0.354502 -0.873092
113.1 -0.016783 -0.877109
113.2 0.528741 -0.872363
113.3 1.26115 -0.854387
113.4 1.7963 -0.82283
113.5 1.97429 -0.784191
113.6 2.01401 -0.743763
113.7 2.01531 -0.703081
113.8 2.00602 -0.662526
113.9 1.99375 -0.622201
114 1.98056 -0.582135
114.1 1.96701 -0.54234
114.2 1.95324 -0.502821
114.3 1.9393 -0.463581
114.4 1.92517 -0.424625
114.5 1.91087 -0.385954
114.6 1.89639 -0.347574
114.7 1.88172 -0.309488
114.8 1.86684 -0.271699
114.9 1.85176 -0.234213
115 1.83646 -0.197033
115.1 1.82093 -0.160163
115.2 1.80517 -0.123609
115.3 1.78915 -0.0873754
115.4 1.77287 -0.0514673
115.5 1.75631 -0.0158902
115.6 1.73946 0.0193501
115.7 1.7223 0.0542476
115.8 1.70481 0.0887958
115.9 1.68697 0.122988
116 1.66876 0.156817
116.1 1.65016 0.190274
116.2 1.63113 0.223353
116.3 1.61164 0.256043
116.4 1.59167 0.288335
116.5 1.57116 0.32022
116.6 1.55009 0.351685
116.7 1.52838 0.382719
116.8 1.506 0.413309
116.9 1.48286 0.44344
117 1.45889 0.473096
117.1 1.43399 0.50226
117.2 1.40806 0.530912
117.3 1.38096 0.559029
117.4 1.35252 0.586587
117.5 1.32256 0.613556
117.6 1.29081 0.639904
117.7 1.25696 0.665591
117.8 1.22061 0.690571
117.9 1.18121 0.714789
118 1.13805 0.738176
118.1 1.09011 0.760646
118.2 1.03595 0.78209
118.3 0.973445 0.802362
118.4 0.899282 0.821264
118.5 0.808085 0.83851
118.6 0.690595 0.853673
118.7 0.529851 0.86607
118.8 0.293035 0.874536
118.9 -0.0827919 0.876967
119 -0.682043 0.869667
119.1 -1.41297 0.848423
119.2 -1.8584 0.814638
119.3 -1.98952 0.775327
119.4 -2.01607 0.734777
119.5 -2.01375 0.694106
119.6 -2.00346 0.653597
119.7 -1.99089 0.613328
119.8 -1.97759 0.573322
119.9 -1.96399 0.533587
120 -1.95018 0.49413
120.1 -1.93619 0.454952
120.2 -1.92203 0.416058
120.3 -1.90769 0.377451
120.4 -1.89317 0.339136
120.5 -1.87845 0.301115
120.6 -1.86353 0.263393
120.7 -1.8484 0.225974
120.8 -1.83305 0.188862
120.9 -1.81747 0.152061
121 -1.80165 0.115578
121.1 -1.78558 0.0794156
121.2 -1.76924 0.0435801
121.3 -1.75262 0.0080769
121.4 -1.7357 -0.0270882
121.5 -1.71847 -0.0619091
121.6 -1.7009 -0.0963793
121.7 -1.68298 -0.130492
121.8 -1.66469 -0.164239
121.9 -1.64599 -0.197614
122 -1.62686 -0.230607
122.1 -1.60727 -0.26321
122.2 -1.58719 -0.295413
122.3 -1.56656 -0.327206
122.4 -1.54535 -0.358578
122.5 -1.5235 -0.389515
122.6 -1.50095 -0.420005
122.7 -1.47764 -0.450032
122.8 -1.45347 -0.479581
122.9 -1.42836 -0.508634
123 -1.40218 -0.53717
123.1 -1.3748 -0.565166
123.2 -1.34604 -0.592596
123.3 -1.31571 -0.619431
123.4 -1.28352 -0.645636
123.5 -1.24916 -0.671172
123.6 -1.21219 -0.695989
123.7 -1.17203 -0.720029
123.8 -1.12791 -0.743221
123.9 -1.07874 -0.765476
124 -1.02296 -0.786675
124.1 -0.958214 -0.806664
124.2 -0.88085 -0.825228
124.3 -0.784831 -0.842058
124.4 -0.659633 -0.856681
124.5 -0.485707 -0.868333
124.6 -0.224956 -0.875693
124.7 0.193711 -0.876356
124.8 0.844072 -0.866266
124.9 1.54824 -0.841821
125 1.90466 -0.806196
125.1 2.00019 -0.766413
125.2 2.01688 -0.725788
125.3 2.01185 -0.68514
125.4 2.00079 -0.64468
125.5 1.98799 -0.604468
125.6 1.97461 -0.564521
125.7 1.96095 -0.524847
125.8 1.9471 -0.485451
125.9 1.93308 -0.446336
126 1.91888 -0.407505
126.1 1.9045 -0.368963
126.2 1.88993 -0.330712
126.3 1.87517 -0.292757
126.4 1.86021 -0.255101
126.5 1.84503 -0.217749
126.6 1.82963 -0.180706
126.7 1.814 -0.143975
126.8 1.79812 -0.107562
126.9 1.78199 -0.0714715
127 1.76559 -0.0357089
127.1 1.74891 -0.000279897
127.2 1.73192 0.0348097
127.3 1.71461 0.0695537
127.4 1.69697 0.103945
127.5 1.67897 0.137978
127.6 1.66059 0.171644
127.7 1.6418 0.204935
127.8 1.62258 0.237843
127.9 1.60288 0.270358
128 1.58268 0.302472
128.1 1.56193 0.334173
128.2 1.54058 0.365449
128.3 1.51858 0.396289
128.4 1.49587 0.426678
128.5 1.47238 0.456601
128.6 1.44801 0.486042
128.7 1.42267 0.514982
128.8 1.39624 0.543401
128.9 1.36857 0.571274
129 1.33949 0.598576
129.1 1.30877 0.625275
129.2 1.27613 0.651336
129.3 1.24124 0.676717
129.4 1.20362 0.701368
129.5 1.16266 0.725228
129.6 1.11753 0.748221
129.7 1.06705 0.770254
129.8 1.00953 0.791201
129.9 0.942375 0.810896
130 0.861523 0.829108
130.1 0.760186 0.845499
130.2 0.62636 0.859545
130.3 0.437459 0.870391
130.4 0.149304 0.87653
130.5 -0.316802 0.875224
130.6 -1.01073 0.86213
130.7 -1.66307 0.834656
130.8 -1.93884 0.797576
130.9 -2.00749 0.757463
131 -2.01676 0.716798
131.1 -2.00968 0.676182
131.2 -1.99805 0.635774
131.3 -1.98507 0.595619
131.4 -1.97161 0.555733
131.5 -1.95791 0.51612
131.6 -1.94402 0.476786
131.7 -1.92996 0.437733
131.8 -1.91572 0.398965
131.9 -1.9013 0.360487
132 -1.88669 0.322301
132.1 -1.87188 0.284412
132.2 -1.85687 0.246823
132.3 -1.84165 0.209539
132.4 -1.8262 0.172564
132.5 -1.81051 0.135903
132.6 -1.79458 0.0995608
132.7 -1.77839 0.0635423
132.8 -1.76193 0.027853
132.9 -1.74518 -0.00750162
133 -1.72812 -0.0425154
133.1 -1.71075 -0.0771822
133.2 -1.69303 -0.111495
133.3 -1.67495 -0.145447
133.4 -1.65648 -0.179031
133.5 -1.63759 -0.212238
133.6 -1.61827 -0.24506
133.7 -1.59846 -0.277488
133.8 -1.57814 -0.309511
133.9 -1.55726 -0.341119
134 -1.53578 -0.3723
134.1 -1.51363 -0.403042
134.2 -1.49075 -0.433329
134.3 -1.46707 -0.463147
134.4 -1.4425 -0.49248
134.5 -1.41693 -0.521306
134.6 -1.39024 -0.549607
134.7 -1.36228 -0.577356
134.8 -1.33285 -0.604527
134.9 -1.30173 -0.631089
135 -1.26863 -0.657004
135.1 -1.23318 -0.682228
135.2 -1.19488 -0.70671
135.3 -1.15308 -0.730385
135.4 -1.10689 -0.753175
135.5 -1.05503 -0.77498
135.6 -0.995635 -0.795667
135.7 -0.925876 -0.815057
135.8 -0.841213 -0.832901
135.9 -0.73399 -0.848827
136 -0.590474 -0.862256
136.1 -0.384511 -0.872224
136.2 -0.0650236 -0.877012
136.3 0.452405 -0.873514
136.4 1.17643 -0.857251
136.5 1.75594 -0.827015
136.6 1.96395 -0.788833
136.7 2.01228 -0.748493
136.8 2.01596 -0.707812
136.9 2.00733 -0.667234
137 1.99525 -0.62688
137.1 1.98212 -0.586784
137.2 1.9686 -0.546957
137.3 1.95485 -0.507406
137.4 1.94093 -0.468133
137.5 1.92683 -0.429143
137.6 1.91255 -0.390439
137.7 1.89809 -0.352025
137.8 1.88343 -0.313905
137.9 1.86858 -0.276081
138 1.85353 -0.238559
138.1 1.83825 -0.201343
138.2 1.82275 -0.164438
138.3 1.80702 -0.127847
138.4 1.79103 -0.0915753
138.5 1.77478 -0.055629
138.6 1.75825 -0.0200131
138.7 1.74144 0.0152667
138.8 1.72431 0.0502044
138.9 1.70686 0.0847936
139 1.68907 0.119027
139.1 1.6709 0.152899
139.2 1.65234 0.1864
139.3 1.63336 0.219523
139.4 1.61393 0.252259
139.5 1.59402 0.284598
139.6 1.57358 0.31653
139.7 1.55257 0.348045
139.8 1.53094 0.37913
139.9 1.50864 0.409773
140 1.48559 0.439958
140.1 1.46172 0.46967
140.2 1.43694 0.498892
140.3 1.41114 0.527605
140.4 1.38418 0.555786
140.5 1.35591 0.58341
140.6 1.32613 0.610449
140.7 1.2946 0.636871
140.8 1.26102 0.662637
140.9 1.22498 0.687702
141 1.18597 0.712012
141.1 1.14329 0.735499
141.2 1.09597 0.758082
141.3 1.04263 0.779652
141.4 0.981241 0.800069
141.5 0.90866 0.819143
141.6 0.819823 0.836601
141.7 0.706066 0.852035
141.8 0.551633 0.864801
141.9 0.326183 0.873809
142 -0.0289864 0.877097
142.1 -0.600002 0.871173
142.2 -1.33472 0.851649
142.3 -1.82791 0.81899
142.4 -1.98215 0.780004
142.5 -2.01516 0.739511
142.6 -2.01462 0.698833
142.7 -2.00482 0.658299
142.8 -1.9924 0.618
142.9 -1.97916 0.577963
143 -1.96558 0.538197
143.1 -1.95179 0.498706
143.2 -1.93783 0.459496
143.3 -1.92369 0.420569
143.4 -1.90937 0.381929
143.5 -1.89487 0.343579
143.6 -1.88017 0.305524
143.7 -1.86528 0.267767
143.8 -1.85017 0.230312
143.9 -1.83485 0.193164
144 -1.8193 0.156327
144.1 -1.80351 0.119807
144.2 -1.78746 0.0836066
144.3 -1.77115 0.0477329
144.4 -1.75457 0.0121907
144.5 -1.73768 -0.0230141
144.6 -1.72049 -0.0578753
144.7 -1.70296 -0.0923866
144.8 -1.68509 -0.126541
144.9 -1.66684 -0.160331
145 -1.64819 -0.19375
145.1 -1.62911 -0.226788
145.2 -1.60958 -0.259437
145.3 -1.58955 -0.291687
145.4 -1.56899 -0.323528
145.5 -1.54785 -0.354949
145.6 -1.52608 -0.385938
145.7 -1.50362 -0.41648
145.8 -1.48039 -0.446562
145.9 -1.45633 -0.476168
146 -1.43133 -0.50528
146.1 -1.40529 -0.533876
146.2 -1.37805 -0.561937
146.3 -1.34947 -0.589434
146.4 -1.31933 -0.61634
146.5 -1.28737 -0.642621
146.6 -1.25329 -0.668236
146.7 -1.21664 -0.69314
146.8 -1.17689 -0.717274
146.9 -1.13328 -0.740569
147 -1.08477 -0.762938
147.1 -1.02985 -0.784267
147.2 -0.96631 -0.804406
147.3 -0.890666 -0.82315
147.4 -0.797245 -0.840202
147.5 -0.676214 -0.855114
147.6 -0.509438 -0.867166
147.7 -0.261699 -0.875122
147.8 0.133808 -0.876739
147.9 0.757843 -0.868148
148 1.47933 -0.845374
148.1 1.88202 -0.810669
148.2 1.99506 -0.771114
148.3 2.01659 -0.730524
148.4 2.01289 -0.689862
148.5 2.00221 -0.649376
148.6 1.98952 -0.609134
148.7 1.97618 -0.569156
148.8 1.96255 -0.52945
148.9 1.94872 -0.490021
149 1.93472 -0.450873
149.1 1.92054 -0.412009
149.2 1.90618 -0.373433
149.3 1.89164 -0.335148
149.4 1.8769 -0.297158
149.5 1.86196 -0.259467
149.6 1.84681 -0.22208
149.7 1.83143 -0.185
149.8 1.81583 -0.148233
149.9 1.79998 -0.111783
150 1.78388 -0.0756545
150.1 1.76751 -0.0398535
150.2 1.75086 -0.00438531
150.3 1.73391 0.0307441
150.4 1.71665 0.0655287
150.5 1.69904 0.0999618
150.6 1.68109 0.134036
150.7 1.66275 0.167745
150.8 1.64401 0.20108
150.9 1.62484 0.234033
151 1.6052 0.266595
151.1 1.58506 0.298756
151.2 1.56437 0.330505
151.3 1.5431 0.361832
151.4 1.52118 0.392723
151.5 1.49855 0.423165
151.6 1.47515 0.453144
151.7 1.45089 0.482642
151.8 1.42568 0.511641
151.9 1.39938 0.540121
152 1.37186 0.56806
152.1 1.34295 0.595429
152.2 1.31243 0.6222
152.3 1.28004 0.648338
152.4 1.24543 0.6738
152.5 1.20815 0.698539
152.6 1.16762 0.722494
152.7 1.12303 0.745593
152.8 1.07325 0.767743
152.9 1.01666 0.788824
153 0.950798 0.808675
153.1 0.871821 0.827075
153.2 0.773352 0.8437
153.3 0.644194 0.858055
153.4 0.463422 0.869334
153.5 0.190163 0.876131
153.6 -0.250406 0.875889
153.7 -0.922669 0.864402
153.8 -1.60528 0.838495
153.9 -1.92213 0.802135
154 -2.00401 0.762181
154.1 -2.01693 0.721534
154.2 -2.01085 0.6809
154.3 -1.9995 0.640464
154.4 -1.98661 0.600279
154.5 -1.97319 0.560361
154.6 -1.95951 0.520716
154.7 -1.94564 0.481349
154.8 -1.9316 0.442263
154.9 -1.91738 0.403463
155 -1.90299 0.36495
155.1 -1.8884 0.32673
155.2 -1.87362 0.288806
155.3 -1.85863 0.251182
155.4 -1.84343 0.213862
155.5 -1.82801 0.176851
155.6 -1.81235 0.140154
155.7 -1.79645 0.103774
155.8 -1.78029 0.0677174
155.9 -1.76386 0.0319895
156 -1.74714 -0.00340437
156.1 -1.73013 -0.0384582
156.2 -1.71279 -0.0731656
156.3 -1.69511 -0.10752
156.4 -1.67707 -0.141515
156.5 -1.65865 -0.175142
156.6 -1.63981 -0.208393
156.7 -1.62054 -0.241261
156.8 -1.60079 -0.273735
156.9 -1.58053 -0.305805
157 -1.55972 -0.337462
157.1 -1.53831 -0.368694
157.2 -1.51624 -0.399487
157.3 -1.49346 -0.429828
157.4 -1.46987 -0.459702
157.5 -1.44541 -0.489091
157.6 -1.41996 -0.517978
157.7 -1.39341 -0.546341
157.8 -1.3656 -0.574156
157.9 -1.33636 -0.601396
158 -1.30545 -0.62803
158.1 -1.2726 -0.654022
158.2 -1.23744 -0.679329
158.3 -1.1995 -0.7039
158.4 -1.15815 -0.727674
158.5 -1.11253 -0.750572
158.6 -1.06141 -0.772497
158.7 -1.00301 -0.793322
158.8 -0.934653 -0.812874
158.9 -0.85204 -0.830914
159 -0.747993 -0.847088
159.1 -0.609724 -0.860848
159.2 -0.413029 -0.871288
159.3 -0.110564 -0.876805
159.4 0.379419 -0.87449
159.5 1.08964 -0.859913
159.6 1.70975 -0.831094
159.7 1.95171 -0.793452
159.8 2.01003 -0.75322
159.9 2.01646 -0.712545
160 2.00859 -0.671946
160.1 1.99673 -0.631564
160.2 1.98368 -0.591437
160.3 1.97019 -0.551578
160.4 1.95646 -0.511995
160.5 1.94256 -0.472689
160.6 1.92848 -0.433666
160.7 1.91422 -0.394929
160.8 1.89978 -0.356481
160.9 1.88515 -0.318326
161 1.87032 -0.280468
161.1 1.85529 -0.242911
161.2 1.84004 -0.205659
161.3 1.82457 -0.168717
161.4 1.80886 -0.132089
161.5 1.7929 -0.0957799
161.6 1.77668 -0.0597956
161.7 1.76019 -0.0241409
161.8 1.74341 0.0111783
161.9 1.72632 0.0461561
162 1.70891 0.0807862
162.1 1.69116 0.115062
162.2 1.67303 0.148976
162.3 1.65452 0.182521
162.4 1.63559 0.215688
162.5 1.61622 0.248469
162.6 1.59636 0.280855
162.7 1.57599 0.312835
162.8 1.55505 0.344399
162.9 1.53349 0.375535
163 1.51127 0.40623
163.1 1.48832 0.436469
163.2 1.46455 0.466237
163.3 1.43988 0.495517
163.4 1.4142 0.52429
163.5 1.38738 0.552534
163.6 1.35927 0.580224
163.7 1.32968 0.607334
163.8 1.29837 0.633829
163.9 1.26505 0.659674
164 1.22932 0.684823
164.1 1.19069 0.709224
164.2 1.14848 0.732811
164.3 1.10176 0.755503
164.4 1.04921 0.777198
164.5 0.988888 0.797758
164.6 0.917822 0.817
164.7 0.831231 0.834663
164.8 0.721003 0.85036
164.9 0.572485 0.863482
165 0.357625 0.873007
165.1 0.0218171 0.877104
165.2 -0.52083 0.872488
165.3 -1.25266 0.854687
165.4 -1.79245 0.82326
165.5 -1.97332 0.784664
165.6 -2.01385 0.744244
165.7 -2.01538 0.703562
165.8 -2.00616 0.663005
165.9 -1.99391 0.622676
166 -1.98072 0.582608
166.1 -1.96717 0.54281
166.2 -1.95341 0.503287
166.3 -1.93946 0.464044
166.4 -1.92534 0.425084
166.5 -1.91104 0.38641
166.6 -1.89656 0.348027
166.7 -1.88189 0.309937
166.8 -1.86702 0.272145
166.9 -1.85194 0.234655
167 -1.83664 0.197471
167.1 -1.82112 0.160598
167.2 -1.80536 0.12404
167.3 -1.78934 0.0878023
167.4 -1.77307 0.0518903
167.5 -1.75651 0.0163093
167.6 -1.73966 -0.0189351
167.7 -1.7225 -0.0538366
167.8 -1.70502 -0.088389
167.9 -1.68718 -0.122585
168 -1.66898 -0.156418
168.1 -1.65038 -0.189881
168.2 -1.63135 -0.222963
168.3 -1.61187 -0.255658
168.4 -1.59191 -0.287955
168.5 -1.57141 -0.319845
168.6 -1.55034 -0.351315
168.7 -1.52865 -0.382354
168.8 -1.50627 -0.41295
168.9 -1.48314 -0.443086
169 -1.45918 -0.472748
169.1 -1.43429 -0.501918
169.2 -1.40838 -0.530576
169.3 -1.38129 -0.5587
169.4 -1.35287 -0.586264
169.5 -1.32292 -0.613241
169.6 -1.29119 -0.639596
169.7 -1.25737 -0.665291
169.8 -1.22105 -0.69028
169.9 -1.1817 -0.714507
170 -1.13858 -0.737904
170.1 -1.09071 -0.760386
170.2 -1.03664 -0.781843
170.3 -0.974245 -0.80213
170.4 -0.900246 -0.821049
170.5 -0.809294 -0.838317
170.6 -0.692194 -0.853508
170.7 -0.53211 -0.865944
170.8 -0.296488 -0.874466
170.9 0.0771784 -0.876986
171 0.67358 -0.869829
171.1 1.40521 -0.84876
171.2 1.85551 -0.815084
171.3 1.98883 -0.775804
171.4 2.016 -0.735259
171.5 2.01384 -0.694587
171.6 2.0036 -0.654075
171.7 1.99104 -0.613803
171.8 1.97775 -0.573794
171.9 1.96415 -0.534056
172 1.95034 -0.494595
172.1 1.93636 -0.455414
172.2 1.9222 -0.416517
172.3 1.90786 -0.377907
172.4 1.89334 -0.339588
172.5 1.87862 -0.301563
172.6 1.86371 -0.263838
172.7 1.84858 -0.226415
172.8 1.83324 -0.189299
172.9 1.81766 -0.152495
173 1.80184 -0.116008
173.1 1.78577 -0.0798416
173.2 1.76943 -0.0440022
173.3 1.75281 -0.00849506
173.4 1.7359 0.0266741
173.5 1.71867 0.0614991
173.6 1.70111 0.0959734
173.7 1.6832 0.13009
173.8 1.66491 0.163842
173.9 1.64621 0.197221
174 1.62709 0.230219
174.1 1.60751 0.262827
174.2 1.58743 0.295035
174.3 1.56681 0.326833
174.4 1.5456 0.358209
174.5 1.52376 0.389151
174.6 1.50123 0.419646
174.7 1.47792 0.44968
174.8 1.45376 0.479234
174.9 1.42866 0.508293
175 1.4025 0.536835
175.1 1.37513 0.564837
175.2 1.34639 0.592275
175.3 1.31608 0.619117
175.4 1.28392 0.64533
175.5 1.24958 0.670874
175.6 1.21264 0.695699
175.7 1.17253 0.719749
175.8 1.12846 0.742952
175.9 1.07936 0.765218
176 1.02366 0.786431
176.1 0.959045 0.806435
176.2 0.881859 0.825018
176.3 0.786111 0.84187
176.4 0.661348 0.856523
176.5 0.488171 0.868217
176.6 0.228786 0.875639
176.7 -0.187466 0.876401
176.8 -0.835231 0.866467
176.9 -1.54149 0.842189
177 -1.90252 0.806653
177.1 -1.99971 0.766891
177.2 -2.01687 0.72627
177.3 -2.01196 0.68562
177.4 -2.00093 0.645158
177.5 -1.98815 0.604942
177.6 -1.97477 0.564992
177.7 -1.96111 0.525315
177.8 -1.94727 0.485916
177.9 -1.93325 0.446797
178 -1.91905 0.407963
178.1 -1.90467 0.369417
178.2 -1.89011 0.331163
178.3 -1.87535 0.293204
178.4 -1.86039 0.255545
178.5 -1.84521 0.21819
178.6 -1.82981 0.181142
178.7 -1.81419 0.144408
178.8 -1.79831 0.107991
178.9 -1.78218 0.0718967
179 -1.76579 0.0361302
179.1 -1.7491 0.000697223
179.2 -1.73212 -0.0343965
179.3 -1.71482 -0.0691446
179.4 -1.69718 -0.103541
179.5 -1.67919 -0.137577
179.6 -1.66081 -0.171247
179.7 -1.64203 -0.204543
179.8 -1.62281 -0.237456
179.9 -1.60312 -0.269976
180 -1.58292 -0.302094
180.1 -1.56218 -0.3338
180.2 -1.54084 -0.365081
180.3 -1.51885 -0.395926
180.4 -1.49615 -0.426321
180.5 -1.47266 -0.45625
180.6 -1.44831 -0.485697
180.7 -1.42298 -0.514643
180.8 -1.39656 -0.543068
180.9 -1.36891 -0.570948
181 -1.33984 -0.598256
181.1 -1.30914 -0.624963
181.2 -1.27653 -0.651032
181.3 -1.24167 -0.676421
181.4 -1.20408 -0.701081
181.5 -1.16317 -0.72495
181.6 -1.11809 -0.747955
181.7 -1.06769 -0.769999
181.8 -1.01026 -0.79096
181.9 -0.94324 -0.810671
182 -0.862582 -0.828903
182.1 -0.761544 -0.845317
182.2 -0.628206 -0.859396
182.3 -0.440158 -0.870286
182.4 -0.153566 -0.876494
182.5 0.30989 -0.875299
182.6 1.00177 -0.86237
182.7 1.65747 -0.835053
182.8 1.93726 -0.798042
182.9 2.00717 -0.757944
183 2.01679 -0.71728
183.1 2.0098 -0.676662
183.2 1.9982 -0.636251
183.3 1.98522 -0.596093
183.4 1.97177 -0.556203
183.5 1.95807 -0.516587
183.6 1.94418 -0.477249
183.7 1.93012 -0.438193
183.8 1.91589 -0.399423
183.9 1.90147 -0.360941
184 1.88686 -0.322751
184.1 1.87206 -0.284858
184.2 1.85705 -0.247266
184.3 1.84183 -0.209978
184.4 1.82638 -0.173
184.5 1.8107 -0.136335
184.6 1.79477 -0.0999891
184.7 1.77859 -0.0639667
184.8 1.76213 -0.0282734
184.9 1.74538 0.00708513
185 1.72833 0.042103
185.1 1.71095 0.0767739
185.2 1.69324 0.111091
185.3 1.67516 0.145048
185.4 1.6567 0.178636
185.5 1.63782 0.211847
185.6 1.6185 0.244674
185.7 1.5987 0.277107
185.8 1.57839 0.309135
185.9 1.55751 0.340748
186 1.53604 0.371934
186.1 1.5139 0.40268
186.2 1.49103 0.432973
186.3 1.46736 0.462797
186.4 1.4428 0.492135
186.5 1.41724 0.520968
186.6 1.39056 0.549275
186.7 1.36261 0.577031
186.8 1.33321 0.604209
186.9 1.30211 0.630778
187 1.26904 0.656701
187.1 1.23361 0.681933
187.2 1.19535 0.706424
187.3 1.1536 0.73011
187.4 1.10747 0.752911
187.5 1.05568 0.774728
187.6 0.996392 0.795429
187.7 0.926777 0.814836
187.8 0.842327 0.8327
187.9 0.735435 0.848652
188 0.592469 0.862115
188.1 0.387478 0.872132
188.2 0.0697757 0.876996
188.3 -0.444827 0.873622
188.4 -1.16768 0.857531
188.5 -1.75151 0.827435
188.6 -1.9628 0.789304
188.7 -2.01208 0.748974
188.8 -2.01601 0.708293
188.9 -2.00746 0.667714
189 -1.9954 0.627356
189.1 -1.98228 0.587257
189.2 -1.96876 0.547427
189.3 -1.95502 0.507872
189.4 -1.94109 0.468596
189.5 -1.92699 0.429603
189.6 -1.91272 0.390896
189.7 -1.89826 0.352478
189.8 -1.88361 0.314354
189.9 -1.86876 0.276527
190 -1.85371 0.239002
190.1 -1.83844 0.201782
190.2 -1.82294 0.164872
190.3 -1.8072 0.128278
190.4 -1.79122 0.0920027
190.5 -1.77497 0.0560525
190.6 -1.75845 0.0204327
190.7 -1.74164 -0.0148511
190.8 -1.72452 -0.0497929
190.9 -1.70707 -0.0843863
191 -1.68928 -0.118624
191.1 -1.67112 -0.1525
191.2 -1.65256 -0.186006
191.3 -1.63359 -0.219133
191.4 -1.61417 -0.251874
191.5 -1.59426 -0.284218
191.6 -1.57382 -0.316155
191.7 -1.55282 -0.347675
191.8 -1.5312 -0.378765
191.9 -1.50891 -0.409413
192 -1.48587 -0.439603
192.1 -1.46201 -0.469321
192.2 -1.43724 -0.498549
192.3 -1.41145 -0.527268
192.4 -1.3845 -0.555455
192.5 -1.35625 -0.583086
192.6 -1.32649 -0.610133
192.7 -1.29499 -0.636562
192.8 -1.26143 -0.662336
192.9 -1.22543 -0.68741
193 -1.18646 -0.711729
193.1 -1.14382 -0.735227
193.2 -1.09656 -0.75782
193.3 -1.04331 -0.779403
193.4 -0.982025 -0.799835
193.5 -0.909601 -0.818926
193.6 -0.820998 -0.836405
193.7 -0.707609 -0.851866
193.8 -0.553795 -0.86467
193.9 -0.329457 -0.873731
194 0.0236851 -0.877103
194.1 0.591813 -0.871315
194.2 1.32654 -0.851967
194.3 1.82454 -0.819428
194.4 1.98132 -0.780479
194.5 2.01505 -0.739993
194.6 2.0147 -0.699314
194.7 2.00496 -0.658778
194.8 1.99256 -0.618476
194.9 1.97932 -0.578435
195 1.96574 -0.538666
195.1 1.95196 -0.499172
195.2 1.93799 -0.459958
195.3 1.92386 -0.421028
195.4 1.90954 -0.382384
195.5 1.89504 -0.344031
195.6 1.88035 -0.305972
195.7 1.86545 -0.268212
195.8 1.85035 -0.230753
195.9 1.83503 -0.193602
196 1.81948 -0.156761
196.1 1.80369 -0.120237
196.2 1.78765 -0.0840331
196.3 1.77135 -0.0481555
196.4 1.75476 -0.0126093
196.5 1.73788 0.0225995
196.6 1.72069 0.0574648
196.7 1.70317 0.0919803
196.8 1.6853 0.126139
196.9 1.66705 0.159934
197 1.64841 0.193357
197.1 1.62934 0.226399
197.2 1.60981 0.259053
197.3 1.58979 0.291308
197.4 1.56924 0.323154
197.5 1.5481 0.35458
197.6 1.52634 0.385574
197.7 1.50389 0.416122
197.8 1.48067 0.446209
197.9 1.45662 0.475821
198 1.43164 0.504938
198.1 1.4056 0.533541
198.2 1.37838 0.561608
198.3 1.34981 0.589112
198.4 1.31969 0.616025
198.5 1.28776 0.642314
198.6 1.2537 0.667937
198.7 1.21709 0.692849
198.8 1.17738 0.716993
198.9 1.13382 0.740299
199 1.08537 0.762679
199.1 1.03055 0.784021
199.2 0.967124 0.804176
199.3 0.89165 0.822938
199.4 0.798487 0.840012
199.5 0.677866 0.854952
199.6 0.511791 0.867044
199.7 0.265324 0.875059
199.8 -0.127902 0.87677
199.9 -0.749174 0.868328
200 -1.47202 0.845726
