0 2 0
0.1 1.81362 0.0375562
0.2 1.7433 0.0729356
0.3 1.7068 0.107331
0.4 1.68171 0.141136
0.5 1.66062 0.174488
0.6 1.6408 0.207435
0.7 1.62123 0.23999
0.8 1.60146 0.272154
0.9 1.58132 0.303919
1 1.56068 0.335277
1.1 1.53948 0.366218
1.2 1.51764 0.396729
1.3 1.49511 0.426798
1.4 1.4718 0.456409
1.5 1.44763 0.485547
1.6 1.42251 0.514193
1.7 1.3963 0.542327
1.8 1.36888 0.569926
1.9 1.34006 0.596964
2 1.30963 0.623411
2.1 1.27732 0.649232
2.2 1.24279 0.674387
2.3 1.20557 0.698827
2.4 1.16509 0.722492
2.5 1.12051 0.74531
2.6 1.0707 0.767188
2.7 1.014 0.788007
2.8 0.947898 0.807605
2.9 0.868456 0.825759
3 0.769101 0.842143
3.1 0.638225 0.856254
3.2 0.453983 0.867271
3.3 0.173433 0.873749
3.4 -0.2817 0.873044
3.5 -0.970941 0.860859
3.6 -1.64186 0.834298
3.7 -1.9333 0.797825
3.8 -2.00613 0.75816
3.9 -2.01658 0.717909
4 -2.00991 0.677696
4.1 -1.99848 0.637684
4.2 -1.98566 0.59792
4.3 -1.97234 0.558418
4.4 -1.95879 0.519184
4.5 -1.94505 0.480223
4.6 -1.93114 0.441538
4.7 -1.91705 0.403133
4.8 -1.90279 0.36501
4.9 -1.88835 0.327174
5 -1.87371 0.289628
5.1 -1.85887 0.252376
5.2 -1.84382 0.215423
5.3 -1.82856 0.178772
5.4 -1.81306 0.142427
5.5 -1.79733 0.106395
5.6 -1.78134 0.0706791
5.7 -1.76509 0.035285
5.8 -1.74856 0.000217971
5.9 -1.73173 -0.0345161
6 -1.71459 -0.0689113
6.1 -1.69712 -0.102961
6.2 -1.6793 -0.136659
6.3 -1.6611 -0.169997
6.4 -1.64251 -0.202968
6.5 -1.62348 -0.235563
6.6 -1.60399 -0.267774
6.7 -1.58401 -0.299592
6.8 -1.5635 -0.331005
6.9 -1.5424 -0.362003
7 -1.52066 -0.392574
7.1 -1.49823 -0.422704
7.2 -1.47504 -0.452379
7.3 -1.451 -0.481582
7.4 -1.42601 -0.510297
7.5 -1.39996 -0.538502
7.6 -1.37272 -0.566176
7.7 -1.3441 -0.593292
7.8 -1.31391 -0.619822
7.9 -1.28187 -0.645732
8 -1.24767 -0.670981
8.1 -1.21085 -0.695521
8.2 -1.17085 -0.719297
8.3 -1.1269 -0.742236
8.4 -1.07789 -0.764249
8.5 -1.02225 -0.785222
8.6 -0.957637 -0.804998
8.7 -0.880336 -0.823367
8.8 -0.784247 -0.840018
8.9 -0.658672 -0.85448
9 -0.48365 -0.865988
9.1 -0.22005 -0.873209
9.2 0.205426 -0.873709
9.3 0.866649 -0.863376
9.4 1.56985 -0.838696
9.5 1.91221 -0.803123
9.6 2.00165 -0.763657
9.7 2.01666 -0.72343
9.8 2.01124 -0.683198
9.9 2.00017 -0.643154
10 1.98745 -0.603355
10.1 1.97419 -0.563817
10.2 1.96066 -0.524546
10.3 1.94694 -0.485548
10.4 1.93305 -0.446825
10.5 1.91899 -0.408381
10.6 1.90476 -0.370219
10.7 1.89034 -0.332343
10.8 1.87573 -0.294757
10.9 1.86092 -0.257465
11 1.8459 -0.22047
11.1 1.83066 -0.183777
11.2 1.8152 -0.147391
11.3 1.7995 -0.111315
11.4 1.78355 -0.0755559
11.5 1.76733 -0.0401173
11.6 1.75084 -0.00500515
11.7 1.73406 0.0297749
11.8 1.71696 0.0642169
11.9 1.69954 0.0983144
12 1.68176 0.132061
12.1 1.66362 0.165448
12.2 1.64508 0.19847
12.3 1.62611 0.231118
12.4 1.60669 0.263382
12.5 1.58678 0.295254
12.6 1.56634 0.326724
12.7 1.54533 0.357779
12.8 1.52368 0.388409
12.9 1.50135 0.418601
13 1.47827 0.448339
13.1 1.45435 0.477608
13.2 1.42949 0.506391
13.3 1.4036 0.534667
13.4 1.37653 0.562415
13.5 1.34811 0.589609
13.6 1.31815 0.616222
13.7 1.28638 0.642218
13.8 1.2525 0.66756
13.9 1.21607 0.692201
14 1.17655 0.716086
14.1 1.13319 0.739144
14.2 1.08496 0.761291
14.3 1.03035 0.782414
14.4 0.967142 0.802365
14.5 0.891871 0.820942
14.6 0.798854 0.837852
14.7 0.678221 0.852651
14.8 0.511714 0.864626
14.9 0.263688 0.872547
15 -0.133942 0.874172
15.1 -0.763914 0.86561
15.2 -1.48958 0.842885
15.3 -1.8867 0.808359
15.4 -1.99595 0.769144
15.5 -2.0164 0.728953
15.6 -2.01248 0.688704
15.7 -2.00183 0.64863
15.8 -1.98924 0.608796
15.9 -1.97602 0.569221
16 -1.96252 0.529914
16.1 -1.94883 0.490878
16.2 -1.93497 0.452117
16.3 -1.92093 0.413634
16.4 -1.90672 0.375434
16.5 -1.89232 0.337518
16.6 -1.87774 0.299893
16.7 -1.86296 0.26256
16.8 -1.84797 0.225524
16.9 -1.83277 0.188789
17 -1.81734 0.152361
17.1 -1.80167 0.116242
17.2 -1.78575 0.0804392
17.3 -1.76957 0.0449563
17.4 -1.75312 0.00979907
17.5 -1.73638 -0.0250269
17.6 -1.71932 -0.0595156
17.7 -1.70195 -0.0936607
17.8 -1.68422 -0.127456
17.9 -1.66613 -0.160893
18 -1.64765 -0.193965
18.1 -1.62874 -0.226665
18.2 -1.60938 -0.258982
18.3 -1.58954 -0.290909
18.4 -1.56918 -0.322434
18.5 -1.54824 -0.353547
18.6 -1.52669 -0.384236
18.7 -1.50446 -0.414488
18.8 -1.48148 -0.444289
18.9 -1.45768 -0.473624
19 -1.43296 -0.502474
19.1 -1.40722 -0.530821
19.2 -1.38031 -0.558643
19.3 -1.35209 -0.585915
19.4 -1.32236 -0.612609
19.5 -1.29086 -0.638692
19.6 -1.25728 -0.664127
19.7 -1.22123 -0.688867
19.8 -1.18218 -0.712859
19.9 -1.1394 -0.736035
20 -1.09191 -0.758312
20.1 -1.03828 -0.779583
20.2 -0.976426 -0.799706
20.3 -0.903081 -0.818487
20.4 -0.812956 -0.835647
20.5 -0.696935 -0.850769
20.6 -0.538299 -0.863189
20.7 -0.304583 -0.871768
20.8 0.0670758 -0.874445
20.9 0.663887 -0.867566
21 1.40182 -0.846843
21.1 1.85591 -0.813517
21.2 1.98878 -0.774615
21.3 2.01574 -0.734475
21.4 2.01361 -0.694214
21.5 2.00345 -0.65411
21.6 1.99102 -0.614241
21.7 1.97786 -0.57463
21.8 1.96439 -0.535286
21.9 1.95072 -0.496213
22 1.93688 -0.457414
22.1 1.92286 -0.418893
22.2 1.90868 -0.380653
22.3 1.89431 -0.342699
22.4 1.87975 -0.305033
22.5 1.865 -0.26766
22.6 1.85004 -0.230583
22.7 1.83486 -0.193807
22.8 1.81946 -0.157336
22.9 1.80383 -0.121175
23 1.78795 -0.0853284
23.1 1.77181 -0.0498013
23.2 1.75539 -0.0145991
23.3 1.73869 0.0202727
23.4 1.72168 0.0548079
23.5 1.70435 0.0890005
23.6 1.68667 0.122844
23.7 1.66863 0.156331
23.8 1.6502 0.189454
23.9 1.63136 0.222205
24 1.61207 0.254575
24.1 1.59229 0.286556
24.2 1.572 0.318136
24.3 1.55115 0.349307
24.4 1.52968 0.380055
24.5 1.50755 0.410368
24.6 1.48468 0.440231
24.7 1.46099 0.469631
24.8 1.43641 0.498549
24.9 1.41081 0.526966
25 1.38408 0.554861
25.1 1.35605 0.58221
25.2 1.32653 0.608985
25.3 1.29529 0.635154
25.4 1.26202 0.66068
25.5 1.22634 0.685518
25.6 1.18773 0.709616
25.7 1.14552 0.732909
25.8 1.09874 0.755315
25.9 1.04606 0.776732
26 0.985496 0.797022
26.1 0.91398 0.816001
26.2 0.826581 0.833403
26.3 0.714871 0.848838
26.4 0.563519 0.861681
26.5 0.342952 0.870881
26.6 -0.00460846 0.874542
26.7 -0.567474 0.869252
26.8 -1.30771 0.850554
26.9 -1.81885 0.818578
27 -1.97985 0.780067
27.1 -2.0146 0.739995
27.2 -2.0146 0.699726
27.3 -2.00504 0.659594
27.4 -1.99278 0.619691
27.5 -1.97968 0.580044
27.6 -1.96625 0.540663
27.7 -1.9526 0.501552
27.8 -1.93878 0.462715
27.9 -1.9248 0.424156
28 -1.91063 0.385878
28.1 -1.89629 0.347884
28.2 -1.88176 0.310179
28.3 -1.86703 0.272765
28.4 -1.8521 0.235647
28.5 -1.83696 0.19883
28.6 -1.82159 0.162317
28.7 -1.80599 0.126113
28.8 -1.79014 0.0902229
28.9 -1.77404 0.0546516
29 -1.75766 0.0194046
29.1 -1.741 -0.0155128
29.2 -1.72403 -0.0500945
29.3 -1.70674 -0.0843345
29.4 -1.68912 -0.118226
29.5 -1.67113 -0.151762
29.6 -1.65275 -0.184935
29.7 -1.63397 -0.217738
29.8 -1.61474 -0.250161
29.9 -1.59503 -0.282196
30 -1.57482 -0.313832
30.1 -1.55404 -0.345059
30.2 -1.53266 -0.375866
30.3 -1.51062 -0.406239
30.4 -1.48786 -0.436165
30.5 -1.46429 -0.465629
30.6 -1.43983 -0.494614
30.7 -1.41438 -0.523101
30.8 -1.38781 -0.551069
30.9 -1.35997 -0.578495
31 -1.33067 -0.60535
31.1 -1.29968 -0.631604
31.2 -1.26671 -0.657221
31.3 -1.23139 -0.682156
31.4 -1.19322 -0.706359
31.5 -1.15155 -0.729767
31.6 -1.10547 -0.7523
31.7 -1.0537 -0.773859
31.8 -0.994362 -0.794314
31.9 -0.924584 -0.813485
32 -0.839758 -0.831124
32.1 -0.732079 -0.846858
32.2 -0.587478 -0.860106
32.3 -0.378998 -0.869893
32.4 -0.0537136 -0.874473
32.5 0.475321 -0.870679
32.6 1.20864 -0.854
32.7 1.77459 -0.823519
32.8 1.9688 -0.785493
32.9 2.01287 -0.745512
33 2.01543 -0.70524
33.1 2.00658 -0.665081
33.2 1.99453 -0.625144
33.3 1.9815 -0.585462
33.4 1.9681 -0.546044
33.5 1.95448 -0.506896
33.6 1.94069 -0.468021
33.7 1.92672 -0.429424
33.8 1.91258 -0.391107
33.9 1.89827 -0.353074
34 1.88376 -0.315329
34.1 1.86906 -0.277875
34.2 1.85416 -0.240716
34.3 1.83904 -0.203857
34.4 1.82371 -0.167303
34.5 1.80814 -0.131056
34.6 1.79233 -0.0951226
34.7 1.77626 -0.0595074
34.8 1.75992 -0.0242155
34.9 1.7433 0.0107473
35 1.72637 0.0453755
35.1 1.70913 0.0796626
35.2 1.69155 0.113602
35.3 1.67362 0.147188
35.4 1.6553 0.180411
35.5 1.63657 0.213265
35.6 1.6174 0.24574
35.7 1.59776 0.277829
35.8 1.57762 0.30952
35.9 1.55692 0.340804
36 1.53563 0.371669
36.1 1.51368 0.402103
36.2 1.49102 0.432091
36.3 1.46757 0.461619
36.4 1.44324 0.490671
36.5 1.41793 0.519228
36.6 1.39153 0.547268
36.7 1.36387 0.574769
36.8 1.33478 0.601705
36.9 1.30404 0.628043
37 1.27136 0.65375
37.1 1.23639 0.678781
37.2 1.19864 0.703088
37.3 1.15749 0.726609
37.4 1.11208 0.749267
37.5 1.06119 0.770967
37.6 1.00303 0.791582
37.7 0.934908 0.810942
37.8 0.852512 0.828809
37.9 0.74861 0.844833
38 0.610271 0.858468
38.1 0.412912 0.868809
38.2 0.108164 0.87425
38.3 -0.387835 0.871859
38.4 -1.10618 0.857171
38.5 -1.72232 0.82832
38.6 -1.95527 0.790888
38.7 -2.01047 0.751024
38.8 -2.01608 0.710756
38.9 -2.00807 0.670572
39 -1.99626 0.630602
39.1 -1.98332 0.590884
39.2 -1.96995 0.551429
39.3 -1.95636 0.512244
39.4 -1.94259 0.473332
39.5 -1.92865 0.434696
39.6 -1.91453 0.396341
39.7 -1.90024 0.358269
39.8 -1.88576 0.320484
39.9 -1.87109 0.28299
40 -1.85621 0.245791
40.1 -1.84113 0.208891
40.2 -1.82582 0.172294
40.3 -1.81029 0.136005
40.4 -1.79451 0.100028
40.5 -1.77848 0.0643689
40.6 -1.76217 0.0290324
40.7 -1.74559 -0.0059759
40.8 -1.72871 -0.0406502
40.9 -1.71151 -0.0749845
41 -1.69398 -0.108972
41.1 -1.6761 -0.142606
41.2 -1.65783 -0.17588
41.3 -1.63916 -0.208785
41.4 -1.62005 -0.241313
41.5 -1.60048 -0.273455
41.6 -1.58041 -0.305201
41.7 -1.55979 -0.336542
41.8 -1.53858 -0.367465
41.9 -1.51673 -0.397958
42 -1.49417 -0.428009
42.1 -1.47083 -0.457601
42.2 -1.44663 -0.486719
42.3 -1.42146 -0.515344
42.4 -1.39522 -0.543457
42.5 -1.36774 -0.571034
42.6 -1.33886 -0.598048
42.7 -1.30836 -0.624471
42.8 -1.27597 -0.650266
42.9 -1.24133 -0.675393
43 -1.204 -0.699802
43.1 -1.16336 -0.723435
43.2 -1.1186 -0.746216
43.3 -1.06855 -0.768054
43.4 -1.01152 -0.788827
43.5 -0.944968 -0.808371
43.6 -0.86487 -0.826461
43.7 -0.764509 -0.842763
43.8 -0.631989 -0.856769
43.9 -0.444872 -0.867635
44 -0.159025 -0.873884
44.1 0.305215 -0.872806
44.2 1.00192 -0.860059
44.3 1.66152 -0.832959
44.4 1.93881 -0.796247
44.5 2.00725 -0.756531
44.6 2.01651 -0.716274
44.7 2.0095 -0.676068
44.8 1.99798 -0.636066
44.9 1.98512 -0.596312
45 1.9718 -0.556821
45.1 1.95823 -0.517598
45.2 1.94449 -0.478648
45.3 1.93057 -0.439975
45.4 1.91648 -0.401581
45.5 1.90221 -0.363469
45.6 1.88776 -0.325645
45.7 1.87311 -0.288111
45.8 1.85826 -0.250871
45.9 1.84321 -0.21393
46 1.82793 -0.177291
46.1 1.81243 -0.140959
46.2 1.79669 -0.10494
46.3 1.78069 -0.0692368
46.4 1.76443 -0.0338558
46.5 1.74788 0.00119781
46.6 1.73104 0.0359183
46.7 1.71389 0.0702995
46.8 1.69641 0.104335
46.9 1.67857 0.138018
47 1.66036 0.171342
47.1 1.64174 0.204298
47.2 1.6227 0.236878
47.3 1.60319 0.269073
47.4 1.58319 0.300874
47.5 1.56265 0.332271
47.6 1.54153 0.363252
47.7 1.51977 0.393805
47.8 1.49731 0.423917
47.9 1.47408 0.453573
48 1.45 0.482757
48.1 1.42497 0.511451
48.2 1.39888 0.539635
48.3 1.37158 0.567287
48.4 1.34291 0.59438
48.5 1.31264 0.620886
48.6 1.28053 0.646769
48.7 1.24623 0.67199
48.8 1.20929 0.696501
48.9 1.16915 0.720244
49 1.12502 0.743148
49.1 1.07577 0.765121
49.2 1.01983 0.786048
49.3 0.954779 0.805773
49.4 0.876856 0.824078
49.5 0.779821 0.840651
49.6 0.652716 0.855011
49.7 0.475041 0.866377
49.8 0.206572 0.873382
49.9 -0.227499 0.873534
50 -0.897417 0.862661
50.1 -1.59205 0.837415
50.2 -1.91887 0.80156
50.3 -2.00309 0.762031
50.4 -2.01667 0.721796
50.5 -2.01086 0.681568
50.6 -1.99967 0.641534
50.7 -1.98692 0.601745
50.8 -1.97364 0.562218
50.9 -1.9601 0.522958
51 -1.94638 0.483971
51.1 -1.93249 0.445259
51.2 -1.91842 0.406826
51.3 -1.90417 0.368676
51.4 -1.88975 0.330812
51.5 -1.87513 0.293238
51.6 -1.86031 0.255958
51.7 -1.84528 0.218975
51.8 -1.83004 0.182295
51.9 -1.81457 0.145921
52 -1.79886 0.109858
52.1 -1.7829 0.0741115
52.2 -1.76667 0.0386861
52.3 -1.75017 0.0035873
52.4 -1.73337 -0.0311792
52.5 -1.71626 -0.0656073
52.6 -1.69882 -0.0996907
52.7 -1.68103 -0.133423
52.8 -1.66288 -0.166796
52.9 -1.64432 -0.199802
53 -1.62534 -0.232435
53.1 -1.6059 -0.264683
53.2 -1.58596 -0.296539
53.3 -1.5655 -0.327992
53.4 -1.54446 -0.359031
53.5 -1.52279 -0.389643
53.6 -1.50043 -0.419816
53.7 -1.47731 -0.449536
53.8 -1.45336 -0.478786
53.9 -1.42847 -0.507548
54 -1.40253 -0.535803
54.1 -1.3754 -0.563529
54.2 -1.34693 -0.590701
54.3 -1.3169 -0.617289
54.4 -1.28505 -0.64326
54.5 -1.25107 -0.668574
54.6 -1.21453 -0.693186
54.7 -1.17487 -0.717038
54.8 -1.13134 -0.740061
54.9 -1.08288 -0.762169
55 -1.02797 -0.783247
55.1 -0.964352 -0.803148
55.2 -0.888491 -0.821663
55.3 -0.794584 -0.838497
55.4 -0.672524 -0.853198
55.5 -0.503566 -0.865037
55.6 -0.251066 -0.872755
55.7 0.154613 -0.874055
55.8 0.794091 -0.864978
55.9 1.51416 -0.841668
56 1.89476 -0.806817
56.1 1.99778 -0.767521
56.2 2.01652 -0.727318
56.3 2.01212 -0.687074
56.4 2.00134 -0.647009
56.5 1.98871 -0.607185
56.6 1.97548 -0.567621
56.7 1.96197 -0.528324
56.8 1.94827 -0.489299
56.9 1.9344 -0.450549
57 1.92036 -0.412078
57.1 1.90614 -0.373889
57.2 1.89174 -0.335986
57.3 1.87714 -0.298372
57.4 1.86235 -0.261051
57.5 1.84736 -0.224027
57.6 1.83214 -0.187305
57.7 1.8167 -0.150889
57.8 1.80103 -0.114783
57.9 1.7851 -0.078993
58 1.76891 -0.0435232
58.1 1.75245 -0.00837928
58.2 1.73569 0.0264331
58.3 1.71862 0.060908
58.4 1.70123 0.095039
58.5 1.68349 0.128819
58.6 1.66539 0.162242
58.7 1.64689 0.1953
58.8 1.62796 0.227984
58.9 1.60859 0.260286
59 1.58873 0.292196
59.1 1.56834 0.323705
59.2 1.54738 0.354801
59.3 1.5258 0.385472
59.4 1.50354 0.415707
59.5 1.48053 0.445489
59.6 1.45669 0.474804
59.7 1.43194 0.503635
59.8 1.40615 0.531961
59.9 1.3792 0.559761
60 1.35092 0.58701
60.1 1.32111 0.61368
60.2 1.28954 0.639737
60.3 1.25587 0.665144
60.4 1.21971 0.689855
60.5 1.18052 0.713815
60.6 1.13757 0.736957
60.7 1.08986 0.759196
60.8 1.03595 0.780423
60.9 0.9737 0.800496
61 0.899795 0.819217
61.1 0.808832 0.836303
61.2 0.691479 0.851332
61.3 0.530576 0.863622
61.4 0.292749 0.87201
61.5 -0.0864009 0.874383
61.6 -0.693157 0.867016
61.7 -1.42852 0.845697
61.8 -1.86563 0.812
61.9 -1.99107 0.772997
62 -2.01599 0.732841
62.1 -2.01329 0.692582
62.2 -2.00297 0.652487
62.3 -1.99049 0.612629
62.4 -1.97731 0.573029
62.5 -1.96384 0.533695
62.6 -1.95016 0.494633
62.7 -1.93631 0.455845
62.8 -1.92229 0.417336
62.9 -1.9081 0.379108
63 -1.89372 0.341165
63.1 -1.87916 0.303511
63.2 -1.86439 0.26615
63.3 -1.84943 0.229085
63.4 -1.83424 0.192321
63.5 -1.81883 0.155863
63.6 -1.80319 0.119714
63.7 -1.7873 0.0838805
63.8 -1.77115 0.0483665
63.9 -1.75472 0.0131775
64 -1.738 -0.0216806
64.1 -1.72098 -0.0562021
64.2 -1.70364 -0.0903807
64.3 -1.68595 -0.12421
64.4 -1.66789 -0.157682
64.5 -1.64945 -0.19079
64.6 -1.63058 -0.223526
64.7 -1.61127 -0.25588
64.8 -1.59148 -0.287845
64.9 -1.57117 -0.319409
65 -1.55029 -0.350563
65.1 -1.5288 -0.381293
65.2 -1.50663 -0.411588
65.3 -1.48373 -0.441434
65.4 -1.46001 -0.470814
65.5 -1.43539 -0.499712
65.6 -1.40975 -0.528108
65.7 -1.38297 -0.555982
65.8 -1.35488 -0.583308
65.9 -1.3253 -0.610059
66 -1.29398 -0.636203
66.1 -1.26062 -0.661702
66.2 -1.22483 -0.686511
66.3 -1.18609 -0.710578
66.4 -1.14371 -0.733836
66.5 -1.09673 -0.756204
66.6 -1.04378 -0.777578
66.7 -0.982832 -0.797819
66.8 -0.910785 -0.81674
66.9 -0.822596 -0.834071
67 -0.709639 -0.849415
67.1 -0.556189 -0.862135
67.2 -0.331844 -0.871155
67.3 0.0226566 -0.874531
67.4 0.595595 -0.86878
67.5 1.33615 -0.849482
67.6 1.83053 -0.817091
67.7 1.9827 -0.778455
67.8 2.01499 -0.738362
67.9 2.01432 -0.698094
68 2.00457 -0.65797
68.1 1.99226 -0.618077
68.2 1.97914 -0.578441
68.3 1.9657 -0.539071
68.4 1.95205 -0.499971
68.5 1.93822 -0.461145
68.6 1.92422 -0.422598
68.7 1.91005 -0.384331
68.8 1.8957 -0.346349
68.9 1.88116 -0.308655
69 1.86643 -0.271253
69.1 1.85149 -0.234148
69.2 1.83634 -0.197342
69.3 1.82096 -0.160842
69.4 1.80535 -0.124651
69.5 1.78949 -0.0887734
69.6 1.77338 -0.0532153
69.7 1.75699 -0.0179815
69.8 1.74031 0.0169224
69.9 1.72333 0.0514904
70 1.70603 0.0857164
70.1 1.68839 0.119594
70.2 1.67039 0.153115
70.3 1.652 0.186274
70.4 1.6332 0.219061
70.5 1.61395 0.251468
70.6 1.59422 0.283487
70.7 1.57398 0.315107
70.8 1.55319 0.346317
70.9 1.53178 0.377106
71 1.50971 0.407462
71.1 1.48692 0.43737
71.2 1.46332 0.466815
71.3 1.43882 0.49578
71.4 1.41333 0.524246
71.5 1.38671 0.552193
71.6 1.35881 0.579596
71.7 1.32945 0.606427
71.8 1.29839 0.632656
71.9 1.26533 0.658246
72 1.2299 0.683153
72.1 1.1916 0.707325
72.2 1.14977 0.730699
72.3 1.10349 0.753195
72.4 1.05145 0.774712
72.5 0.991758 0.795118
72.6 0.921474 0.814233
72.7 0.835902 0.831802
72.8 0.727058 0.847449
72.9 0.580511 0.860579
73 0.368558 0.870196
73.1 0.0368647 0.87451
73.2 -0.502129 0.870283
73.3 -1.23839 0.853008
73.4 -1.78849 0.82207
73.5 -1.97231 0.783889
73.6 -2.01345 0.743879
73.7 -2.01521 0.703607
73.8 -2.00613 0.663456
73.9 -1.99401 0.62353
74 -1.98096 0.583857
74.1 -1.96755 0.54445
74.2 -1.95393 0.505313
74.3 -1.94012 0.46645
74.4 -1.92615 0.427864
74.5 -1.91201 0.389558
74.6 -1.89768 0.351537
74.7 -1.88317 0.313804
74.8 -1.86846 0.276362
74.9 -1.85355 0.239215
75 -1.83843 0.202369
75.1 -1.82308 0.165826
75.2 -1.8075 0.129592
75.3 -1.79168 0.0936716
75.4 -1.7756 0.0580694
75.5 -1.75925 0.0227908
75.6 -1.74262 -0.0121586
75.7 -1.72568 -0.046773
75.8 -1.70843 -0.0810462
75.9 -1.69083 -0.114972
76 -1.67288 -0.148542
76.1 -1.65454 -0.181751
76.2 -1.6358 -0.21459
76.3 -1.61661 -0.24705
76.4 -1.59696 -0.279122
76.5 -1.57679 -0.310797
76.6 -1.55607 -0.342065
76.7 -1.53475 -0.372912
76.8 -1.51278 -0.403328
76.9 -1.49009 -0.433298
77 -1.4666 -0.462807
77.1 -1.44223 -0.491839
77.2 -1.41689 -0.520375
77.3 -1.39043 -0.548394
77.4 -1.36272 -0.575873
77.5 -1.33357 -0.602785
77.6 -1.30275 -0.629099
77.7 -1.26999 -0.654778
77.8 -1.23491 -0.679782
77.9 -1.19704 -0.704058
78 -1.15574 -0.727545
78.1 -1.11014 -0.750167
78.2 -1.05899 -0.771825
78.3 -1.00049 -0.792393
78.4 -0.93188 -0.811698
78.5 -0.848779 -0.829498
78.6 -0.743784 -0.845437
78.7 -0.603639 -0.858959
78.8 -0.403084 -0.86914
78.9 -0.0924321 -0.874332
79 0.413232 -0.871535
79.1 1.13677 -0.856261
79.2 1.73866 -0.826914
79.3 1.95956 -0.789295
79.4 2.01126 -0.749393
79.5 2.01591 -0.709123
79.6 2.00764 -0.668946
79.7 1.99575 -0.628986
79.8 1.98278 -0.589278
79.9 1.9694 -0.549835
80 1.9558 -0.51066
80.1 1.94203 -0.471759
80.2 1.92808 -0.433135
80.3 1.91396 -0.394791
80.4 1.89966 -0.35673
80.5 1.88517 -0.318957
80.6 1.87049 -0.281475
80.7 1.85561 -0.244288
80.8 1.84051 -0.2074
80.9 1.8252 -0.170816
81 1.80965 -0.134539
81.1 1.79386 -0.0985752
81.2 1.77782 -0.0629291
81.3 1.76151 -0.0276058
81.4 1.74491 0.00738904
81.5 1.72802 0.0420497
81.6 1.71081 0.07637
81.7 1.69326 0.110344
81.8 1.67536 0.143963
81.9 1.65708 0.177222
82 1.63839 0.210112
82.1 1.61927 0.242624
82.2 1.59968 0.27475
82.3 1.57958 0.306481
82.4 1.55894 0.337804
82.5 1.53771 0.36871
82.6 1.51583 0.399186
82.7 1.49324 0.429218
82.8 1.46987 0.458791
82.9 1.44563 0.48789
83 1.42042 0.516495
83.1 1.39413 0.544586
83.2 1.3666 0.572141
83.3 1.33766 0.599132
83.4 1.30708 0.625529
83.5 1.27461 0.651298
83.6 1.23987 0.676397
83.7 1.20242 0.700776
83.8 1.16163 0.724376
83.9 1.11668 0.747121
84 1.06638 0.768919
84.1 1.00902 0.789645
84.2 0.942017 0.809135
84.3 0.861252 0.827159
84.4 0.759865 0.843381
84.5 0.625667 0.857278
84.6 0.435605 0.867992
84.7 0.144326 0.874007
84.8 -0.329161 0.872549
84.9 -1.03287 0.859234
85 -1.68042 0.831604
85.1 -1.94402 0.794665
85.2 -2.0083 0.754901
85.3 -2.01641 0.714641
85.4 -2.00908 0.67444
85.5 -1.99747 0.634448
85.6 -1.98459 0.594704
85.7 -1.97125 0.555224
85.8 -1.95768 0.516013
85.9 -1.94392 0.477074
86 -1.93 0.438412
86.1 -1.9159 0.400029
86.2 -1.90163 0.361929
86.3 -1.88716 0.324116
86.4 -1.87251 0.286594
86.5 -1.85766 0.249366
86.6 -1.84259 0.212437
86.7 -1.82731 0.175811
86.8 -1.8118 0.139492
86.9 -1.79604 0.103485
87 -1.78003 0.067795
87.1 -1.76376 0.0324272
87.2 -1.7472 -0.00261298
87.3 -1.73035 -0.0373198
87.4 -1.71319 -0.0716872
87.5 -1.69569 -0.105709
87.6 -1.67784 -0.139377
87.7 -1.65961 -0.172686
87.8 -1.64098 -0.205627
87.9 -1.62192 -0.238191
88 -1.60239 -0.270371
88.1 -1.58237 -0.302156
88.2 -1.56181 -0.333536
88.3 -1.54066 -0.3645
88.4 -1.51887 -0.395036
88.5 -1.49638 -0.425129
88.6 -1.47312 -0.454766
88.7 -1.44901 -0.483931
88.8 -1.42394 -0.512605
88.9 -1.3978 -0.540768
89 -1.37045 -0.568397
89.1 -1.34171 -0.595467
89.2 -1.31138 -0.621948
89.3 -1.27918 -0.647806
89.4 -1.24478 -0.672999
89.5 -1.20773 -0.69748
89.6 -1.16745 -0.72119
89.7 -1.12313 -0.744058
89.8 -1.07365 -0.765992
89.9 -1.01739 -0.786873
90 -0.9519 -0.806545
90.1 -0.873345 -0.824787
90.2 -0.775347 -0.841281
90.3 -0.646679 -0.855537
90.4 -0.466288 -0.866758
90.5 -0.192826 -0.873544
90.6 0.249997 -0.87334
90.7 0.92829 -0.86192
90.8 1.61352 -0.836116
90.9 1.92518 -0.799993
91 2.00443 -0.760403
91.1 2.01665 -0.720161
91.2 2.01046 -0.67994
91.3 1.99917 -0.639915
91.4 1.98639 -0.600136
91.5 1.9731 -0.560619
91.6 1.95955 -0.521371
91.7 1.94582 -0.482395
91.8 1.93192 -0.443694
91.9 1.91784 -0.405273
92 1.90359 -0.367134
92.1 1.88916 -0.329282
92.2 1.87453 -0.29172
92.3 1.85971 -0.254451
92.4 1.84467 -0.217481
92.5 1.82942 -0.180813
92.6 1.81394 -0.144451
92.7 1.79822 -0.108401
92.8 1.78224 -0.0726678
92.9 1.76601 -0.0372555
93 1.74949 -0.00217004
93.1 1.73268 0.0325828
93.2 1.71556 0.0669971
93.3 1.69811 0.101066
93.4 1.68031 0.134784
93.5 1.66213 0.168142
93.6 1.64356 0.201134
93.7 1.62456 0.233751
93.8 1.6051 0.265984
93.9 1.58514 0.297823
94 1.56466 0.32926
94.1 1.54359 0.360281
94.2 1.5219 0.390876
94.3 1.49951 0.421031
94.4 1.47636 0.450732
94.5 1.45237 0.479962
94.6 1.42743 0.508705
94.7 1.40145 0.536939
94.8 1.37427 0.564643
94.9 1.34574 0.591791
95 1.31564 0.618355
95.1 1.28372 0.6443
95.2 1.24964 0.669587
95.3 1.21299 0.694169
95.4 1.17319 0.717989
95.5 1.12948 0.740977
95.6 1.08079 0.763045
95.7 1.02558 0.784079
95.8 0.961542 0.803928
95.9 0.885082 0.822382
96 0.790269 0.839139
96.1 0.666752 0.85374
96.2 0.495285 0.865442
96.3 0.238198 0.872953
96.4 -0.175694 0.873921
96.5 -0.82448 0.864322
96.6 -1.53807 0.840431
96.7 -1.90238 0.805267
96.8 -1.99948 0.765897
96.9 -2.0166 0.725683
97 -2.01176 0.685443
97.1 -2.00085 0.645388
97.2 -1.98818 0.605574
97.3 -1.97494 0.566021
97.4 -1.96142 0.526735
97.5 -1.94771 0.487721
97.6 -1.93383 0.448983
97.7 -1.91978 0.410523
97.8 -1.90556 0.372345
97.9 -1.89115 0.334454
98 -1.87655 0.296851
98.1 -1.86175 0.259543
98.2 -1.84674 0.222531
98.3 -1.83152 0.185821
98.4 -1.81607 0.149418
98.5 -1.80039 0.113325
98.6 -1.78445 0.0775473
98.7 -1.76825 0.0420906
98.8 -1.75177 0.00696003
98.9 -1.735 -0.0278388
99 -1.71793 -0.0622998
99.1 -1.70052 -0.0964167
99.2 -1.68277 -0.130183
99.3 -1.66464 -0.163591
99.4 -1.64613 -0.196633
99.5 -1.62719 -0.229302
99.6 -1.60779 -0.261588
99.7 -1.58791 -0.293482
99.8 -1.5675 -0.324975
99.9 -1.54652 -0.356054
100 -1.52491 -0.386708
100.1 -1.50262 -0.416924
100.2 -1.47958 -0.446688
100.3 -1.45571 -0.475984
100.4 -1.43091 -0.504794
100.5 -1.40508 -0.533099
100.6 -1.37808 -0.560877
100.7 -1.34974 -0.588104
100.8 -1.31987 -0.614749
100.9 -1.28821 -0.640781
101 -1.25446 -0.666161
101.1 -1.21818 -0.690843
101.2 -1.17885 -0.714771
101.3 -1.13574 -0.737878
101.4 -1.08781 -0.760078
101.5 -1.0336 -0.781262
101.6 -0.970956 -0.801284
101.7 -0.896483 -0.819944
101.8 -0.804666 -0.836957
101.9 -0.685953 -0.85189
102 -0.522731 -0.864049
102.1 -0.280689 -0.872243
102.2 0.106118 -0.874305
102.3 0.722724 -0.866441
102.4 1.45462 -0.844528
102.5 1.87483 -0.810474
102.6 1.99322 -0.771378
102.7 2.01619 -0.731206
102.8 2.01295 -0.690951
102.9 2.00249 -0.650865
103 1.98997 -0.611017
103.1 1.97677 -0.571427
103.2 1.96328 -0.532105
103.3 1.9496 -0.493053
103.4 1.93575 -0.454277
103.5 1.92172 -0.415779
103.6 1.90752 -0.377562
103.7 1.89313 -0.339631
103.8 1.87856 -0.301989
103.9 1.86379 -0.26464
104 1.84881 -0.227587
104.1 1.83362 -0.190836
104.2 1.8182 -0.15439
104.3 1.80255 -0.118254
104.4 1.78665 -0.0824331
104.5 1.77049 -0.0469321
104.6 1.75405 -0.0117565
104.7 1.73732 0.0230881
104.8 1.72029 0.0575958
104.9 1.70293 0.0917603
105 1.68522 0.125575
105.1 1.66715 0.159033
105.2 1.64869 0.192126
105.3 1.62981 0.224846
105.4 1.61048 0.257185
105.5 1.59067 0.289134
105.6 1.57033 0.320682
105.7 1.54943 0.351818
105.8 1.52791 0.382531
105.9 1.50572 0.412808
106 1.48278 0.442635
106.1 1.45903 0.471996
106.2 1.43437 0.500874
106.3 1.40869 0.52925
106.4 1.38185 0.557101
106.5 1.35371 0.584405
106.6 1.32406 0.611132
106.7 1.29267 0.63725
106.8 1.25922 0.662722
106.9 1.22332 0.687502
107 1.18445 0.711538
107.1 1.1419 0.734762
107.2 1.09471 0.757092
107.3 1.04148 0.778423
107.4 0.980151 0.798614
107.5 0.907563 0.817476
107.6 0.81857 0.834736
107.7 0.704343 0.849987
107.8 0.548746 0.862582
107.9 0.320528 0.871419
108 -0.041075 0.874505
108.1 -0.624077 0.868286
108.2 -1.36412 0.848388
108.3 -1.8416 0.815595
108.4 -1.98537 0.776842
108.5 -2.01534 0.736727
108.6 -2.01403 0.696462
108.7 -2.0041 0.656347
108.8 -1.99174 0.616464
108.9 -1.9786 0.576838
109 -1.96515 0.537479
109.1 -1.95149 0.49839
109.2 -1.93766 0.459576
109.3 -1.92365 0.421039
109.4 -1.90948 0.382784
109.5 -1.89512 0.344814
109.6 -1.88057 0.307132
109.7 -1.86583 0.269742
109.8 -1.85088 0.232648
109.9 -1.83572 0.195856
110 -1.82033 0.159367
110.1 -1.80471 0.123189
110.2 -1.78884 0.0873244
110.3 -1.77272 0.0517793
110.4 -1.75632 0.0165588
110.5 -1.73963 -0.0183315
110.6 -1.72264 -0.0528858
110.7 -1.70533 -0.0870977
110.8 -1.68767 -0.120961
110.9 -1.66965 -0.154468
111 -1.65124 -0.187611
111.1 -1.63242 -0.220383
111.2 -1.61316 -0.252775
111.3 -1.59341 -0.284778
111.4 -1.57315 -0.316381
111.5 -1.55233 -0.347575
111.6 -1.5309 -0.378347
111.7 -1.5088 -0.408684
111.8 -1.48597 -0.438574
111.9 -1.46234 -0.467999
112 -1.43781 -0.496945
112.1 -1.41227 -0.525391
112.2 -1.3856 -0.553316
112.3 -1.35765 -0.580696
112.4 -1.32822 -0.607504
112.5 -1.29709 -0.633707
112.6 -1.26394 -0.65927
112.7 -1.22841 -0.684148
112.8 -1.18998 -0.708289
112.9 -1.14799 -0.731629
113 -1.1015 -0.754087
113.1 -1.0492 -0.775563
113.2 -0.989137 -0.79592
113.3 -0.91834 -0.814978
113.4 -0.832009 -0.832478
113.5 -0.721976 -0.848036
113.6 -0.57344 -0.861047
113.7 -0.357926 -0.87049
113.8 -0.0196692 -0.874533
113.9 0.529338 -0.869865
114 1.26781 -0.851992
114.1 1.80172 -0.820609
114.2 1.97562 -0.782283
114.3 2.01397 -0.742246
114.4 2.01496 -0.701975
114.5 2.00568 -0.661832
114.6 1.9935 -0.621915
114.7 1.98043 -0.582254
114.8 1.967 -0.542857
114.9 1.95337 -0.503731
115 1.93956 -0.464879
115.1 1.92558 -0.426304
115.2 1.91143 -0.38801
115.3 1.8971 -0.350001
115.4 1.88258 -0.312279
115.5 1.86786 -0.274849
115.6 1.85294 -0.237715
115.7 1.83781 -0.20088
115.8 1.82245 -0.16435
115.9 1.80687 -0.128129
116 1.79103 -0.092221
116.1 1.77494 -0.0566319
116.2 1.75858 -0.0213665
116.3 1.74193 0.0135694
116.4 1.72499 0.0481701
116.5 1.70772 0.0824293
116.6 1.69011 0.116341
116.7 1.67214 0.149897
116.8 1.65379 0.183091
116.9 1.63503 0.215914
117 1.61582 0.248358
117.1 1.59615 0.280415
117.2 1.57596 0.312074
117.3 1.55522 0.343324
117.4 1.53387 0.374155
117.5 1.51187 0.404553
117.6 1.48915 0.434504
117.7 1.46563 0.463995
117.8 1.44123 0.493007
117.9 1.41583 0.521522
118 1.38933 0.54952
118.1 1.36156 0.576976
118.2 1.33235 0.603864
118.3 1.30146 0.630153
118.4 1.26862 0.655806
118.5 1.23343 0.680781
118.6 1.19544 0.705027
118.7 1.15398 0.72848
118.8 1.10818 0.751065
118.9 1.05677 0.772682
119 0.997922 0.793202
119.1 0.928828 0.812451
119.2 0.84501 0.830184
119.3 0.738902 0.846037
119.4 0.596911 0.859445
119.5 0.39308 0.869462
119.6 0.0763781 0.8744
119.7 -0.439053 0.871189
119.8 -1.16716 0.855327
119.9 -1.75427 0.825496
120 -1.96361 0.787698
120.1 -2.01198 0.747761
120.2 -2.01572 0.70749
120.3 -2.0072 0.667321
120.4 -1.99524 0.62737
120.5 -1.98224 0.587673
120.6 -1.96886 0.54824
120.7 -1.95525 0.509077
120.8 -1.94146 0.470187
120.9 -1.92751 0.431574
121 -1.91338 0.393241
121.1 -1.89907 0.355192
121.2 -1.88458 0.317431
121.3 -1.86989 0.279961
121.4 -1.855 0.242786
121.5 -1.8399 0.20591
121.6 -1.82457 0.169338
121.7 -1.80902 0.133074
121.8 -1.79322 0.097123
121.9 -1.77716 0.0614898
122 -1.76084 0.0261798
122.1 -1.74423 -0.00880161
122.2 -1.72733 -0.0434486
122.3 -1.7101 -0.077755
122.4 -1.69254 -0.111714
122.5 -1.67463 -0.14532
122.6 -1.65633 -0.178563
122.7 -1.63762 -0.211438
122.8 -1.61848 -0.243935
122.9 -1.59887 -0.276045
123 -1.57876 -0.307759
123.1 -1.55809 -0.339066
123.2 -1.53684 -0.369955
123.3 -1.51493 -0.400413
123.4 -1.49231 -0.430427
123.5 -1.4689 -0.459981
123.6 -1.44463 -0.48906
123.7 -1.41938 -0.517645
123.8 -1.39303 -0.545715
123.9 -1.36545 -0.573247
124 -1.33645 -0.600214
124.1 -1.30581 -0.626587
124.2 -1.27325 -0.65233
124.3 -1.23841 -0.6774
124.4 -1.20083 -0.701749
124.5 -1.1599 -0.725316
124.6 -1.11475 -0.748025
124.7 -1.06421 -0.769781
124.8 -1.00652 -0.790461
124.9 -0.939043 -0.809897
125 -0.8576 -0.827855
125.1 -0.755169 -0.843994
125.2 -0.619256 -0.857782
125.3 -0.426177 -0.868341
125.4 -0.12933 -0.874118
125.5 0.353538 -0.872273
125.6 1.06377 -0.858383
125.7 1.69856 -0.830233
125.8 1.94894 -0.793079
125.9 2.00926 -0.753271
126 2.01628 -0.713007
126.1 2.00866 -0.672813
126.2 1.99696 -0.63283
126.3 1.98405 -0.593098
126.4 1.97071 -0.553628
126.5 1.95712 -0.514428
126.6 1.94336 -0.4755
126.7 1.92943 -0.436849
126.8 1.91533 -0.398478
126.9 1.90104 -0.36039
127 1.88657 -0.322589
127.1 1.87191 -0.285078
127.2 1.85705 -0.247862
127.3 1.84198 -0.210945
127.4 1.82668 -0.174332
127.5 1.81116 -0.138025
127.6 1.7954 -0.102031
127.7 1.77938 -0.0663539
127.8 1.76309 -0.0309993
127.9 1.74653 0.00402753
128 1.72966 0.0387207
128.1 1.71248 0.0730742
128.2 1.69497 0.107081
128.3 1.67711 0.140736
128.4 1.65886 0.174029
128.5 1.64021 0.206955
128.6 1.62113 0.239504
128.7 1.60159 0.271668
128.8 1.58155 0.303437
128.9 1.56096 0.334801
129 1.53979 0.365747
129.1 1.51797 0.396265
129.2 1.49545 0.426341
129.3 1.47216 0.455959
129.4 1.44801 0.485104
129.5 1.4229 0.513757
129.6 1.39671 0.541899
129.7 1.36931 0.569507
129.8 1.34051 0.596553
129.9 1.31011 0.62301
130 1.27783 0.648841
130.1 1.24333 0.674006
130.2 1.20617 0.698457
130.3 1.16573 0.722135
130.4 1.12123 0.744967
130.5 1.07151 0.76686
130.6 1.01493 0.787696
130.7 0.949 0.807315
130.8 0.869803 0.825493
130.9 0.770824 0.841907
131 0.64056 0.856059
131.1 0.457387 0.867132
131.2 0.178806 0.873695
131.3 -0.272921 0.873129
131.4 -0.959232 0.861155
131.5 -1.63423 0.8348
131.6 -1.93113 0.798421
131.7 -2.00568 0.758775
131.8 -2.01661 0.718527
131.9 -2.01006 0.678311
132 -1.99867 0.638296
132.1 -1.98586 0.598528
132.2 -1.97255 0.559022
132.3 -1.959 0.519784
132.4 -1.94526 0.480819
132.5 -1.93135 0.44213
132.6 -1.91727 0.40372
132.7 -1.90301 0.365593
132.8 -1.88857 0.327752
132.9 -1.87393 0.290202
133 -1.8591 0.252945
133.1 -1.84406 0.215987
133.2 -1.82879 0.179331
133.3 -1.8133 0.142983
133.4 -1.79757 0.106945
133.5 -1.78159 0.0712246
133.6 -1.76534 0.0358255
133.7 -1.74881 0.000753402
133.8 -1.73199 -0.0339858
133.9 -1.71486 -0.0683862
134 -1.69739 -0.102441
134.1 -1.67958 -0.136144
134.2 -1.66138 -0.169488
134.3 -1.64279 -0.202465
134.4 -1.62378 -0.235066
134.5 -1.6043 -0.267283
134.6 -1.58432 -0.299107
134.7 -1.56382 -0.330526
134.8 -1.54273 -0.361531
134.9 -1.521 -0.392108
135 -1.49858 -0.422245
135.1 -1.4754 -0.451927
135.2 -1.45137 -0.481138
135.3 -1.4264 -0.50986
135.4 -1.40037 -0.538073
135.5 -1.37314 -0.565755
135.6 -1.34455 -0.592881
135.7 -1.31438 -0.61942
135.8 -1.28238 -0.645339
135.9 -1.24821 -0.670598
136 -1.21144 -0.695151
136.1 -1.1715 -0.718938
136.2 -1.12761 -0.741891
136.3 -1.07869 -0.763919
136.4 -1.02317 -0.784908
136.5 -0.958712 -0.804705
136.6 -0.881644 -0.823097
136.7 -0.785908 -0.839777
136.8 -0.660903 -0.854278
136.9 -0.486869 -0.86584
137 -0.225078 -0.873141
137.1 0.19719 -0.87377
137.2 0.85505 -0.86364
137.3 1.56127 -0.839176
137.4 1.90959 -0.803712
137.5 2.00107 -0.764272
137.6 2.01665 -0.724048
137.7 2.01138 -0.683814
137.8 2.00035 -0.643767
137.9 1.98765 -0.603964
138 1.97439 -0.564421
138.1 1.96087 -0.525147
138.2 1.94715 -0.486144
138.3 1.93327 -0.447417
138.4 1.91921 -0.408968
138.5 1.90498 -0.370802
138.6 1.89056 -0.332922
138.7 1.87595 -0.295332
138.8 1.86115 -0.258035
138.9 1.84613 -0.221035
139 1.8309 -0.184338
139.1 1.81544 -0.147947
139.2 1.79974 -0.111867
139.3 1.7838 -0.0761021
139.4 1.76759 -0.0406586
139.5 1.7511 -0.00554136
139.6 1.73432 0.0292439
139.7 1.71723 0.0636911
139.8 1.69981 0.0977939
139.9 1.68204 0.131546
140 1.6639 0.164939
140.1 1.64537 0.197966
140.2 1.62641 0.23062
140.3 1.607 0.26289
140.4 1.58709 0.294768
140.5 1.56666 0.326244
140.6 1.54565 0.357306
140.7 1.52402 0.387943
140.8 1.5017 0.418141
140.9 1.47863 0.447886
141 1.45472 0.477163
141.1 1.42988 0.505953
141.2 1.40401 0.534237
141.3 1.37695 0.561993
141.4 1.34856 0.589196
141.5 1.31862 0.615818
141.6 1.28689 0.641824
141.7 1.25304 0.667177
141.8 1.21665 0.691829
141.9 1.17718 0.715725
142 1.13389 0.738797
142.1 1.08574 0.760958
142.2 1.03124 0.782098
142.3 0.968192 0.802069
142.4 0.893142 0.820669
142.5 0.800457 0.837607
142.6 0.680356 0.852443
142.7 0.514761 0.864469
142.8 0.268397 0.872465
142.9 -0.126232 0.874211
143 -0.752566 0.865843
143.1 -1.48011 0.843339
143.2 -1.88354 0.808941
143.3 -1.99523 0.769757
143.4 -2.01635 0.729571
143.5 -2.01261 0.68932
143.6 -2.00201 0.649243
143.7 -1.98944 0.609405
143.8 -1.97623 0.569826
143.9 -1.96273 0.530515
144 -1.94904 0.491474
144.1 -1.93518 0.452709
144.2 -1.92115 0.414222
144.3 -1.90694 0.376017
144.4 -1.89255 0.338098
144.5 -1.87797 0.300468
144.6 -1.86319 0.26313
144.7 -1.8482 0.22609
144.8 -1.833 0.189351
144.9 -1.81757 0.152917
145 -1.80191 0.116794
145.1 -1.786 0.0809861
145.2 -1.76982 0.0454983
145.3 -1.75337 0.010336
145.4 -1.73663 -0.0244951
145.5 -1.71959 -0.058989
145.6 -1.70221 -0.0931394
145.7 -1.6845 -0.12694
145.8 -1.66641 -0.160383
145.9 -1.64793 -0.193461
146 -1.62903 -0.226166
146.1 -1.60969 -0.258489
146.2 -1.58985 -0.290422
146.3 -1.56949 -0.321953
146.4 -1.54857 -0.353073
146.5 -1.52702 -0.383768
146.6 -1.5048 -0.414027
146.7 -1.48184 -0.443836
146.8 -1.45805 -0.473177
146.9 -1.43335 -0.502035
147 -1.40762 -0.53039
147.1 -1.38074 -0.55822
147.2 -1.35254 -0.585501
147.3 -1.32282 -0.612204
147.4 -1.29135 -0.638297
147.5 -1.25782 -0.663741
147.6 -1.22181 -0.688493
147.7 -1.1828 -0.712496
147.8 -1.14009 -0.735686
147.9 -1.09268 -0.757978
148 -1.03916 -0.779265
148.1 -0.977451 -0.799407
148.2 -0.904316 -0.81821
148.3 -0.814504 -0.835397
148.4 -0.69898 -0.850556
148.5 -0.541188 -0.863024
148.6 -0.308999 -0.871674
148.7 0.0598703 -0.874465
148.8 0.652903 -0.867768
148.9 1.39158 -0.847271
149 1.85209 -0.814089
149.1 1.98788 -0.775226
149.2 2.01564 -0.735093
149.3 2.01373 -0.69483
149.4 2.00363 -0.654724
149.5 1.99121 -0.614851
149.6 1.97806 -0.575236
149.7 1.9646 -0.535888
149.8 1.95093 -0.49681
149.9 1.93709 -0.458007
150 1.92308 -0.419482
150.1 1.9089 -0.381238
150.2 1.89453 -0.343279
150.3 1.87998 -0.305609
150.4 1.86522 -0.268231
150.5 1.85027 -0.23115
150.6 1.8351 -0.194369
150.7 1.8197 -0.157893
150.8 1.80407 -0.121727
150.9 1.78819 -0.0858759
151 1.77206 -0.0503439
151.1 1.75565 -0.0151366
151.2 1.73895 0.0197402
151.3 1.72194 0.0542807
151.4 1.70462 0.0884786
151.5 1.68695 0.122327
151.6 1.66891 0.15582
151.7 1.65049 0.188948
151.8 1.63165 0.221705
151.9 1.61237 0.254081
152 1.5926 0.286068
152.1 1.57232 0.317655
152.2 1.55147 0.348832
152.3 1.53002 0.379586
152.4 1.50789 0.409906
152.5 1.48503 0.439777
152.6 1.46136 0.469183
152.7 1.43679 0.498109
152.8 1.41121 0.526534
152.9 1.3845 0.554437
153 1.35649 0.581795
153.1 1.327 0.608579
153.2 1.29578 0.634757
153.3 1.26255 0.660293
153.4 1.22691 0.685143
153.5 1.18835 0.709252
153.6 1.14619 0.732558
153.7 1.0995 0.754979
153.8 1.04693 0.776411
153.9 0.986498 0.79672
154 0.915181 0.81572
154.1 0.828078 0.83315
154.2 0.716832 0.848618
154.3 0.566261 0.861508
154.4 0.347098 0.870776
154.5 0.00212001 0.874542
154.6 -0.556939 0.869424
154.7 -1.29684 0.850953
154.8 -1.81427 0.819137
154.9 -1.97872 0.780675
155 -2.01443 0.740613
155.1 -2.0147 0.700343
155.2 -2.00521 0.660208
155.3 -1.99298 0.620301
155.4 -1.97989 0.58065
155.5 -1.96645 0.541265
155.6 -1.95281 0.50215
155.7 -1.939 0.463309
155.8 -1.92501 0.424745
155.9 -1.91085 0.386463
156 -1.89651 0.348465
156.1 -1.88198 0.310755
156.2 -1.86726 0.273337
156.3 -1.85233 0.236214
156.4 -1.83719 0.199392
156.5 -1.82183 0.162875
156.6 -1.80623 0.126666
156.7 -1.79039 0.090771
156.8 -1.77428 0.0551948
156.9 -1.75791 0.0199427
157 -1.74125 -0.0149797
157.1 -1.72429 -0.0495667
157.2 -1.70701 -0.0838119
157.3 -1.68939 -0.117709
157.4 -1.67141 -0.15125
157.5 -1.65304 -0.184429
157.6 -1.63426 -0.217238
157.7 -1.61504 -0.249667
157.8 -1.59534 -0.281707
157.9 -1.57513 -0.31335
158 -1.55436 -0.344583
158.1 -1.53299 -0.375396
158.2 -1.51097 -0.405776
158.3 -1.48821 -0.43571
158.4 -1.46466 -0.465181
158.5 -1.44022 -0.494173
158.6 -1.41478 -0.522668
158.7 -1.38823 -0.550645
158.8 -1.36041 -0.578078
158.9 -1.33113 -0.604943
159 -1.30017 -0.631206
159.1 -1.26724 -0.656833
159.2 -1.23195 -0.681779
159.3 -1.19383 -0.705994
159.4 -1.15222 -0.729414
159.5 -1.10621 -0.751962
159.6 -1.05454 -0.773537
159.7 -0.995341 -0.794009
159.8 -0.925753 -0.813202
159.9 -0.841206 -0.830867
160 -0.733962 -0.846634
160.1 -0.590085 -0.859926
160.2 -0.382896 -0.869776
160.3 -0.0599949 -0.874456
160.4 0.465293 -0.870823
160.5 1.19731 -0.854369
160.6 1.76915 -0.824064
160.7 1.96742 -0.786098
160.8 2.01264 -0.746129
160.9 2.01552 -0.705857
161 2.00675 -0.665695
161.1 1.99472 -0.625755
161.2 1.98171 -0.586068
161.3 1.96831 -0.546646
161.4 1.95469 -0.507494
161.5 1.9409 -0.468615
161.6 1.92694 -0.430014
161.7 1.9128 -0.391692
161.8 1.89849 -0.353655
161.9 1.88398 -0.315905
162 1.86929 -0.278447
162.1 1.85439 -0.241284
162.2 1.83928 -0.204421
162.3 1.82395 -0.167861
162.4 1.80838 -0.13161
162.5 1.79257 -0.0956713
162.6 1.77651 -0.0600512
162.7 1.76017 -0.0247543
162.8 1.74355 0.0102136
162.9 1.72663 0.0448469
163 1.7094 0.0791394
163.1 1.69182 0.113084
163.2 1.67389 0.146675
163.3 1.65558 0.179904
163.4 1.63686 0.212764
163.5 1.6177 0.245245
163.6 1.59807 0.27734
163.7 1.57793 0.309037
163.8 1.55724 0.340328
163.9 1.53596 0.371199
164 1.51403 0.401639
164.1 1.49138 0.431635
164.2 1.46794 0.46117
164.3 1.44362 0.490229
164.4 1.41833 0.518793
164.5 1.39194 0.546842
164.6 1.3643 0.574352
164.7 1.33524 0.601296
164.8 1.30453 0.627644
164.9 1.27188 0.65336
165 1.23694 0.678403
165.1 1.19924 0.702721
165.2 1.15816 0.726254
165.3 1.11282 0.748927
165.4 1.06202 0.770642
165.5 1.00399 0.791275
165.6 0.936047 0.810656
165.7 0.853915 0.828548
165.8 0.75042 0.844603
165.9 0.612753 0.858281
166 0.416583 0.868682
166.1 0.11403 0.874216
166.2 -0.378345 0.871976
166.3 -1.09457 0.857508
166.4 -1.71594 0.828847
166.5 -1.95359 0.79149
166.6 -2.01015 0.75164
166.7 -2.01614 0.711373
166.8 -2.00824 0.671187
166.9 -1.99646 0.631214
167 -1.98352 0.591491
167.1 -1.97016 0.552033
167.2 -1.95657 0.512843
167.3 -1.9428 0.473927
167.4 -1.92886 0.435287
167.5 -1.91475 0.396927
167.6 -1.90046 0.358851
167.7 -1.88598 0.321061
167.8 -1.87131 0.283563
167.9 -1.85644 0.246359
168 -1.84136 0.209454
168.1 -1.82606 0.172853
168.2 -1.81053 0.136559
168.3 -1.79475 0.100577
168.4 -1.77872 0.0649133
168.5 -1.76243 0.0295719
168.6 -1.74585 -0.00544148
168.7 -1.72897 -0.040121
168.8 -1.71178 -0.0744605
168.9 -1.69425 -0.108454
169 -1.67637 -0.142093
169.1 -1.65811 -0.175372
169.2 -1.63945 -0.208283
169.3 -1.62035 -0.240817
169.4 -1.60079 -0.272965
169.5 -1.58072 -0.304717
169.6 -1.56011 -0.336064
169.7 -1.53891 -0.366994
169.8 -1.51707 -0.397494
169.9 -1.49452 -0.427551
170 -1.4712 -0.457151
170.1 -1.44701 -0.486276
170.2 -1.42186 -0.514909
170.3 -1.39563 -0.54303
170.4 -1.36817 -0.570615
170.5 -1.33931 -0.597638
170.6 -1.30884 -0.62407
170.7 -1.27648 -0.649875
170.8 -1.24188 -0.675013
170.9 -1.20459 -0.699433
171 -1.16401 -0.723078
171.1 -1.11932 -0.745874
171.2 -1.06936 -0.767727
171.3 -1.01246 -0.788517
171.4 -0.946078 -0.808082
171.5 -0.86623 -0.826196
171.6 -0.766251 -0.842529
171.7 -0.634357 -0.856575
171.8 -0.448335 -0.867499
171.9 -0.164506 -0.873834
172 0.296274 -0.872898
172.1 0.990206 -0.860364
172.2 1.65418 -0.833467
172.3 1.93677 -0.796844
172.4 2.00684 -0.757147
172.5 2.01654 -0.716892
172.6 2.00966 -0.676683
172.7 1.99817 -0.636677
172.8 1.98532 -0.59692
172.9 1.97201 -0.557424
173 1.95844 -0.518198
173.1 1.9447 -0.479244
173.2 1.93078 -0.440566
173.3 1.91669 -0.402167
173.4 1.90243 -0.364052
173.5 1.88798 -0.326223
173.6 1.87334 -0.288684
173.7 1.85849 -0.25144
173.8 1.84344 -0.214494
173.9 1.82817 -0.177851
174 1.81267 -0.141514
174.1 1.79693 -0.10549
174.2 1.78094 -0.069782
174.3 1.76468 -0.0343961
174.4 1.74814 0.000662617
174.5 1.7313 0.0353882
174.6 1.71416 0.0697747
174.7 1.69668 0.103816
174.8 1.67884 0.137504
174.9 1.66064 0.170833
175 1.64203 0.203795
175.1 1.62299 0.236381
175.2 1.6035 0.268582
175.3 1.5835 0.30039
175.4 1.56297 0.331793
175.5 1.54186 0.36278
175.6 1.52011 0.39334
175.7 1.49766 0.423459
175.8 1.47444 0.453122
175.9 1.45038 0.482313
176 1.42537 0.511015
176.1 1.39929 0.539207
176.2 1.37201 0.566867
176.3 1.34336 0.593969
176.4 1.31312 0.620484
176.5 1.28104 0.646377
176.6 1.24677 0.671609
176.7 1.20988 0.696131
176.8 1.1698 0.719886
176.9 1.12573 0.742803
177 1.07657 0.764792
177.1 1.02075 0.785736
177.2 0.955862 0.80548
177.3 0.878175 0.82381
177.4 0.7815 0.840412
177.5 0.654977 0.854811
177.6 0.478313 0.866231
177.7 0.211699 0.873318
177.8 -0.219104 0.873602
177.9 -0.885771 0.862934
178 -1.58375 0.837902
178.1 -1.9164 0.802152
178.2 -2.00256 0.762646
178.3 -2.01667 0.722414
178.4 -2.011 0.682184
178.5 -1.99986 0.642147
178.6 -1.98712 0.602354
178.7 -1.97385 0.562822
178.8 -1.96031 0.523558
178.9 -1.94659 0.484567
179 -1.9327 0.445851
179.1 -1.91864 0.407414
179.2 -1.90439 0.369259
179.3 -1.88997 0.331391
179.4 -1.87535 0.293812
179.5 -1.86054 0.256528
179.6 -1.84552 0.21954
179.7 -1.83028 0.182855
179.8 -1.81481 0.146477
179.9 -1.7991 0.110409
180 -1.78314 0.0746575
180.1 -1.76692 0.0392271
180.2 -1.75042 0.00412328
180.3 -1.73363 -0.0306483
180.4 -1.71652 -0.0650817
180.5 -1.69909 -0.0991704
180.6 -1.68131 -0.132908
180.7 -1.66316 -0.166286
180.8 -1.64461 -0.199299
180.9 -1.62563 -0.231937
181 -1.6062 -0.264192
181.1 -1.58627 -0.296053
181.2 -1.56582 -0.327513
181.3 -1.54479 -0.358558
181.4 -1.52313 -0.389177
181.5 -1.50078 -0.419357
181.6 -1.47767 -0.449083
181.7 -1.45373 -0.47834
181.8 -1.42885 -0.50711
181.9 -1.40293 -0.535374
182 -1.37583 -0.563108
182.1 -1.34737 -0.590288
182.2 -1.31737 -0.616885
182.3 -1.28556 -0.642866
182.4 -1.25161 -0.668191
182.5 -1.21511 -0.692814
182.6 -1.17551 -0.716678
182.7 -1.13204 -0.739715
182.8 -1.08366 -0.761837
182.9 -1.02887 -0.782932
183 -0.965409 -0.802852
183.1 -0.889773 -0.821391
183.2 -0.796203 -0.838254
183.3 -0.674687 -0.852992
183.4 -0.506662 -0.864883
183.5 -0.255867 -0.872678
183.6 0.14675 -0.874101
183.7 0.782656 -0.86522
183.8 1.50495 -0.84213
183.9 1.89177 -0.807401
184 1.9971 -0.768135
184.1 2.01648 -0.727936
184.2 2.01226 -0.68769
184.3 2.00152 -0.647622
184.4 1.98891 -0.607794
184.5 1.97569 -0.568226
184.6 1.96218 -0.528925
184.7 1.94848 -0.489896
184.8 1.93461 -0.451142
184.9 1.92057 -0.412666
185 1.90636 -0.374473
185.1 1.89196 -0.336565
185.2 1.87737 -0.298947
185.3 1.86258 -0.261621
185.4 1.84759 -0.224593
185.5 1.83238 -0.187866
185.6 1.81694 -0.151445
185.7 1.80127 -0.115335
185.8 1.78535 -0.0795397
185.9 1.76916 -0.044065
186 1.7527 -0.008916
186.1 1.73595 0.0259015
186.2 1.71889 0.0603816
186.3 1.7015 0.094518
186.4 1.68377 0.128304
186.5 1.66567 0.161732
186.6 1.64717 0.194795
186.7 1.62826 0.227485
186.8 1.60889 0.259793
186.9 1.58904 0.291709
187 1.56866 0.323224
187.1 1.54771 0.354327
187.2 1.52614 0.385005
187.3 1.50389 0.415246
187.4 1.48089 0.445036
187.5 1.45707 0.474358
187.6 1.43232 0.503196
187.7 1.40655 0.53153
187.8 1.37962 0.559338
187.9 1.35136 0.586596
188 1.32158 0.613275
188.1 1.29004 0.639342
188.2 1.25641 0.66476
188.3 1.22029 0.689482
188.4 1.18115 0.713454
188.5 1.13826 0.736609
188.6 1.09064 0.758862
188.7 1.03683 0.780106
188.8 0.974733 0.800198
188.9 0.901041 0.818941
189 0.810396 0.836056
189.1 0.69355 0.85112
189.2 0.53351 0.863459
189.3 0.29725 0.87192
189.4 -0.0790488 0.874408
189.5 -0.682055 0.867226
189.6 -1.41849 0.846133
189.7 -1.86202 0.812574
189.8 -1.99023 0.773609
189.9 -2.0159 0.733459
190 -2.01341 0.693199
190.1 -2.00315 0.653101
190.2 -1.99069 0.613238
190.3 -1.97752 0.573634
190.4 -1.96404 0.534297
190.5 -1.95037 0.49523
190.6 -1.93653 0.456438
190.7 -1.92251 0.417924
190.8 -1.90832 0.379692
190.9 -1.89394 0.341745
191 -1.87938 0.304086
191.1 -1.86462 0.266721
191.2 -1.84966 0.229651
191.3 -1.83448 0.192883
191.4 -1.81907 0.15642
191.5 -1.80343 0.120267
191.6 -1.78754 0.0844278
191.7 -1.7714 0.0489089
191.8 -1.75497 0.0137149
191.9 -1.73826 -0.0211484
192 -1.72125 -0.0556751
192.1 -1.70391 -0.089859
192.2 -1.68622 -0.123693
192.3 -1.66817 -0.157171
192.4 -1.64973 -0.190285
192.5 -1.63088 -0.223026
192.6 -1.61157 -0.255387
192.7 -1.59179 -0.287358
192.8 -1.57148 -0.318928
192.9 -1.55061 -0.350088
193 -1.52913 -0.380825
193.1 -1.50698 -0.411127
193.2 -1.48409 -0.440979
193.3 -1.46038 -0.470367
193.4 -1.43577 -0.499272
193.5 -1.41015 -0.527676
193.6 -1.38339 -0.555558
193.7 -1.35532 -0.582893
193.8 -1.32576 -0.609653
193.9 -1.29448 -0.635806
194 -1.26115 -0.661315
194.1 -1.2254 -0.686136
194.2 -1.18671 -0.710214
194.3 -1.1444 -0.733486
194.4 -1.09749 -0.755868
194.5 -1.04464 -0.777258
194.6 -0.983841 -0.797518
194.7 -0.911996 -0.81646
194.8 -0.824107 -0.833819
194.9 -0.711625 -0.849197
195 -0.558974 -0.861964
195.1 -0.336068 -0.871052
195.2 0.0157899 -0.874537
195.3 0.58492 -0.868961
195.4 1.32545 -0.84989
195.5 1.82619 -0.817654
195.6 1.98164 -0.779065
195.7 2.01485 -0.738979
195.8 2.01443 -0.698711
195.9 2.00475 -0.658584
196 1.99246 -0.618687
196.1 1.97935 -0.579047
196.2 1.9659 -0.539672
196.3 1.95226 -0.500569
196.4 1.93843 -0.461739
196.5 1.92444 -0.423187
196.6 1.91027 -0.384916
196.7 1.89592 -0.346929
196.8 1.88139 -0.309231
196.9 1.86666 -0.271825
197 1.85172 -0.234715
197.1 1.83657 -0.197905
197.2 1.8212 -0.1614
197.3 1.80559 -0.125203
197.4 1.78974 -0.0893214
197.5 1.77363 -0.0537583
197.6 1.75724 -0.0185194
197.7 1.74057 0.0163895
197.8 1.7236 0.0509627
197.9 1.7063 0.085194
198 1.68867 0.119077
198.1 1.67067 0.152604
198.2 1.65228 0.185768
198.3 1.63349 0.218561
198.4 1.61425 0.250974
198.5 1.59453 0.282999
198.6 1.5743 0.314625
198.7 1.55351 0.345842
198.8 1.53211 0.376637
198.9 1.51006 0.407
199 1.48727 0.436915
199.1 1.46368 0.466367
199.2 1.4392 0.495339
199.3 1.41373 0.523814
199.4 1.38713 0.551768
199.5 1.35925 0.57918
199.6 1.32991 0.60602
199.7 1.29888 0.632259
199.8 1.26585 0.657859
199.9 1.23046 0.682776
200 1.19221 0.70696
