0 2 0
0.1 1.81269 0.0370899
0.2 1.74276 0.0720346
0.3 1.7067 0.106016
0.4 1.682 0.139423
0.5 1.66121 0.172389
0.6 1.64168 0.204961
0.7 1.62237 0.237151
0.8 1.60287 0.268959
0.9 1.58299 0.300378
1 1.56264 0.331401
1.1 1.54173 0.362017
1.2 1.52021 0.392215
1.3 1.49801 0.421982
1.4 1.47506 0.451304
1.5 1.45127 0.480164
1.6 1.42657 0.508547
1.7 1.40082 0.536433
1.8 1.3739 0.563799
1.9 1.34564 0.590621
2 1.31584 0.616871
2.1 1.28424 0.642516
2.2 1.25052 0.667518
2.3 1.21426 0.69183
2.4 1.17491 0.715397
2.5 1.13173 0.738153
2.6 1.08365 0.76001
2.7 1.02918 0.780858
2.8 0.966075 0.800552
2.9 0.890812 0.818888
3 0.797616 0.835576
3.1 0.676403 0.85017
3.2 0.508401 0.861955
3.3 0.256701 0.869686
3.4 -0.149524 0.87108
3.5 -0.793831 0.862173
3.6 -1.51995 0.839073
3.7 -1.89782 0.804526
3.8 -1.9982 0.765657
3.9 -2.01623 0.725929
4 -2.01173 0.686167
4.1 -2.00102 0.646584
4.2 -1.98853 0.607236
4.3 -1.97545 0.568142
4.4 -1.96209 0.52931
4.5 -1.94856 0.490743
4.6 -1.93485 0.452444
4.7 -1.92098 0.414418
4.8 -1.90693 0.376667
4.9 -1.89271 0.339195
5 -1.8783 0.302005
5.1 -1.8637 0.265101
5.2 -1.8489 0.228487
5.3 -1.83388 0.192167
5.4 -1.81865 0.156146
5.5 -1.80318 0.120427
5.6 -1.78747 0.0850154
5.7 -1.77151 0.0499163
5.8 -1.75528 0.0151347
5.9 -1.73877 -0.0193241
6 -1.72196 -0.0534542
6.1 -1.70483 -0.0872497
6.2 -1.68737 -0.120704
6.3 -1.66955 -0.153811
6.4 -1.65135 -0.186562
6.5 -1.63275 -0.21895
6.6 -1.61371 -0.250968
6.7 -1.5942 -0.282605
6.8 -1.57419 -0.313852
6.9 -1.55363 -0.3447
7 -1.53248 -0.375136
7.1 -1.51068 -0.405149
7.2 -1.48817 -0.434725
7.3 -1.46487 -0.463849
7.4 -1.4407 -0.492505
7.5 -1.41556 -0.520675
7.6 -1.38932 -0.548339
7.7 -1.36185 -0.575473
7.8 -1.33295 -0.602051
7.9 -1.3024 -0.628044
8 -1.26993 -0.653416
8.1 -1.23517 -0.678125
8.2 -1.19765 -0.702122
8.3 -1.15675 -0.725348
8.4 -1.1116 -0.747726
8.5 -1.06098 -0.769162
8.6 -1.00311 -0.789532
8.7 -0.935272 -0.808667
8.8 -0.853147 -0.826333
8.9 -0.749436 -0.842181
9 -0.611047 -0.855671
9.1 -0.41295 -0.8659
9.2 -0.105551 -0.871256
9.3 0.397574 -0.868781
9.4 1.12546 -0.853971
9.5 1.73655 -0.825096
9.6 1.95914 -0.787926
9.7 2.01088 -0.748497
9.8 2.01562 -0.708708
9.9 2.00747 -0.669011
10 1.99573 -0.629526
10.1 1.98291 -0.590287
10.2 1.96969 -0.551305
10.3 1.95626 -0.512587
10.4 1.94265 -0.474136
10.5 1.92887 -0.435955
10.6 1.91492 -0.398047
10.7 1.9008 -0.360417
10.8 1.8865 -0.323066
10.9 1.87201 -0.285999
11 1.85732 -0.249221
11.1 1.84242 -0.212733
11.2 1.82732 -0.176542
11.3 1.81198 -0.140651
11.4 1.79642 -0.105065
11.5 1.7806 -0.0697879
11.6 1.76452 -0.0348255
11.7 1.74817 -0.000182906
11.8 1.73153 0.0341344
11.9 1.71459 0.0681205
12 1.69732 0.101769
12.1 1.67971 0.135074
12.2 1.66173 0.168028
12.3 1.64336 0.200623
12.4 1.62457 0.232852
12.5 1.60533 0.264706
12.6 1.58561 0.296175
12.7 1.56537 0.327251
12.8 1.54456 0.357922
12.9 1.52313 0.388177
13 1.50103 0.418002
13.1 1.47819 0.447384
13.2 1.45453 0.476308
13.3 1.42995 0.504756
13.4 1.40435 0.53271
13.5 1.3776 0.560147
13.6 1.34953 0.587044
13.7 1.31994 0.613373
13.8 1.2886 0.639102
13.9 1.25519 0.664192
14 1.21931 0.6886
14.1 1.18041 0.712272
14.2 1.1378 0.735141
14.3 1.09045 0.757124
14.4 1.03696 0.778116
14.5 0.97518 0.797976
14.6 0.901825 0.816509
14.7 0.811504 0.83344
14.8 0.694896 0.84835
14.9 0.534799 0.86057
15 0.297571 0.868949
15.1 -0.0822749 0.871387
15.2 -0.693756 0.86415
15.3 -1.43558 0.842998
15.4 -1.86987 0.809566
15.5 -1.99184 0.770972
15.6 -2.01575 0.731286
15.7 -2.01287 0.69151
15.8 -2.00262 0.651897
15.9 -1.99026 0.612516
16 -1.97723 0.573388
16.1 -1.9639 0.53452
16.2 -1.95039 0.495917
16.3 -1.9367 0.457583
16.4 -1.92285 0.419519
16.5 -1.90883 0.381731
16.6 -1.89463 0.344221
16.7 -1.88025 0.306993
16.8 -1.86568 0.27005
16.9 -1.8509 0.233397
17 -1.83591 0.197038
17.1 -1.82071 0.160976
17.2 -1.80528 0.125216
17.3 -1.7896 0.0897627
17.4 -1.77368 0.0546213
17.5 -1.75748 0.0197967
17.6 -1.74101 -0.0147059
17.7 -1.72424 -0.0488806
17.8 -1.70716 -0.0827215
17.9 -1.68974 -0.116222
18 -1.67197 -0.149376
18.1 -1.65383 -0.182176
18.2 -1.63528 -0.214613
18.3 -1.6163 -0.246681
18.4 -1.59686 -0.27837
18.5 -1.57692 -0.30967
18.6 -1.55643 -0.340572
18.7 -1.53537 -0.371065
18.8 -1.51366 -0.401135
18.9 -1.49124 -0.43077
19 -1.46806 -0.459956
19.1 -1.44401 -0.488677
19.2 -1.41901 -0.516913
19.3 -1.39292 -0.544646
19.4 -1.36562 -0.571853
19.5 -1.33693 -0.598508
19.6 -1.30662 -0.624581
19.7 -1.27442 -0.650039
19.8 -1.24 -0.67484
19.9 -1.20288 -0.698936
20 -1.16248 -0.72227
20.1 -1.11796 -0.744767
20.2 -1.06817 -0.766336
20.3 -1.0114 -0.786858
20.4 -0.945115 -0.806171
20.5 -0.865253 -0.824052
20.6 -0.765038 -0.840171
20.7 -0.632417 -0.854021
20.8 -0.444524 -0.864761
20.9 -0.156078 -0.870908
21 0.315094 -0.869726
21.1 1.02226 -0.856827
21.2 1.67859 -0.829642
21.3 1.94388 -0.793138
21.4 2.00797 -0.753842
21.5 2.01609 -0.714062
21.6 2.00888 -0.674342
21.7 1.9974 -0.634826
21.8 1.98467 -0.595553
21.9 1.97149 -0.556536
22 1.95808 -0.517783
22.1 1.94449 -0.479295
22.2 1.93073 -0.441078
22.3 1.91681 -0.403133
22.4 1.90271 -0.365465
22.5 1.88843 -0.328076
22.6 1.87397 -0.290971
22.7 1.85931 -0.254153
22.8 1.84444 -0.217627
22.9 1.82936 -0.181395
23 1.81406 -0.145464
23.1 1.79852 -0.109836
23.2 1.78274 -0.0745172
23.3 1.7667 -0.0395123
23.4 1.75039 -0.00482631
23.5 1.73379 0.0295351
23.6 1.71689 0.0635661
23.7 1.69966 0.0972606
23.8 1.6821 0.130612
23.9 1.66417 0.163613
24 1.64585 0.196257
24.1 1.62712 0.228536
24.2 1.60795 0.260441
24.3 1.58829 0.291963
24.4 1.56812 0.323092
24.5 1.54739 0.353818
24.6 1.52605 0.38413
24.7 1.50405 0.414014
24.8 1.48131 0.443456
24.9 1.45776 0.472443
25 1.43331 0.500956
25.1 1.40786 0.528977
25.2 1.38127 0.556486
25.3 1.35339 0.583457
25.4 1.32402 0.609864
25.5 1.29294 0.635676
25.6 1.25982 0.660854
25.7 1.2243 0.685357
25.8 1.18585 0.709131
25.9 1.14378 0.732112
26 1.09715 0.754221
26.1 1.04458 0.775354
26.2 0.98408 0.795375
26.3 0.912537 0.814101
26.4 0.824928 0.831268
26.5 0.712626 0.846482
26.6 0.559849 0.859117
26.7 0.335929 0.868108
26.8 -0.0194026 0.87152
26.9 -0.596993 0.865865
27 -1.3445 0.846691
27.1 -1.83621 0.814521
27.2 -1.98391 0.77627
27.3 -2.01485 0.736641
27.4 -2.0139 0.696856
27.5 -2.00417 0.657215
27.6 -1.99198 0.617801
27.7 -1.979 0.578638
27.8 -1.96571 0.539735
27.9 -1.95222 0.501096
28 -1.93856 0.462725
28.1 -1.92473 0.424625
28.2 -1.91073 0.3868
28.3 -1.89655 0.349252
28.4 -1.8822 0.311986
28.5 -1.86765 0.275005
28.6 -1.8529 0.238312
28.7 -1.83794 0.201913
28.8 -1.82277 0.165811
28.9 -1.80737 0.13001
29 -1.79173 0.0945154
29.1 -1.77583 0.0593318
29.2 -1.75968 0.0244642
29.3 -1.74324 -0.0100821
29.4 -1.72651 -0.0443012
29.5 -1.70947 -0.0781874
29.6 -1.6921 -0.111734
29.7 -1.67438 -0.144935
29.8 -1.65629 -0.177783
29.9 -1.6378 -0.21027
30 -1.61888 -0.242388
30.1 -1.5995 -0.274128
30.2 -1.57963 -0.305481
30.3 -1.55922 -0.336438
30.4 -1.53824 -0.366986
30.5 -1.51662 -0.397114
30.6 -1.4943 -0.426808
30.7 -1.47122 -0.456056
30.8 -1.4473 -0.48484
30.9 -1.42243 -0.513142
31 -1.3965 -0.540944
31.1 -1.36937 -0.568224
31.2 -1.34088 -0.594954
31.3 -1.3108 -0.621108
31.4 -1.27888 -0.64665
31.5 -1.24477 -0.671542
31.6 -1.20806 -0.695737
31.7 -1.16814 -0.719177
31.8 -1.12423 -0.741791
31.9 -1.07523 -0.763492
32 -1.01953 -0.784163
32.1 -0.954715 -0.80365
32.2 -0.876996 -0.82174
32.3 -0.780067 -0.83812
32.4 -0.652815 -0.852315
32.5 -0.474335 -0.863541
32.6 -0.203325 -0.87043
32.7 0.237458 -0.870458
32.8 0.918543 -0.859407
32.9 1.61206 -0.834016
33 1.92543 -0.79831
33.1 2.0042 -0.759181
33.2 2.01633 -0.719418
33.3 2.01021 -0.679678
33.4 1.99905 -0.64013
33.5 1.98642 -0.600823
33.6 1.97328 -0.561772
33.7 1.95989 -0.522983
33.8 1.94633 -0.48446
33.9 1.93259 -0.446205
34 1.91869 -0.408224
34.1 1.90462 -0.370518
34.2 1.89036 -0.333092
34.3 1.87593 -0.295948
34.4 1.86129 -0.259092
34.5 1.84645 -0.222526
34.6 1.8314 -0.186254
34.7 1.81613 -0.150282
34.8 1.80063 -0.114613
34.9 1.78488 -0.0792525
35 1.76888 -0.044205
35.1 1.7526 -0.0094758
35.2 1.73604 0.0249296
35.3 1.71918 0.0590054
35.4 1.702 0.0927456
35.5 1.68448 0.126144
35.6 1.6666 0.159192
35.7 1.64834 0.191885
35.8 1.62967 0.224213
35.9 1.61055 0.256169
36 1.59097 0.287743
36.1 1.57087 0.318926
36.2 1.55022 0.349707
36.3 1.52896 0.380075
36.4 1.50705 0.410017
36.5 1.48441 0.43952
36.6 1.46098 0.468569
36.7 1.43666 0.497147
36.8 1.41135 0.525235
36.9 1.38492 0.552814
37 1.35722 0.579859
37.1 1.32807 0.606344
37.2 1.29723 0.632238
37.3 1.26441 0.657504
37.4 1.22924 0.6821
37.5 1.19122 0.705976
37.6 1.14968 0.729068
37.7 1.10373 0.7513
37.8 1.05207 0.772571
37.9 0.992782 0.792751
38 0.922964 0.811665
38.1 0.837915 0.829061
38.2 0.729643 0.844567
38.3 0.583654 0.857599
38.4 0.371978 0.867167
38.5 0.039339 0.871492
38.6 -0.504242 0.867327
38.7 -1.24797 0.850136
38.8 -1.79586 0.819371
38.9 -1.97409 0.781547
39 -2.01343 0.741994
39.1 -2.01478 0.702204
39.2 -2.00569 0.662537
39.3 -1.99368 0.62309
39.4 -1.98077 0.583893
39.5 -1.96751 0.544955
39.6 -1.95404 0.50628
39.7 -1.9404 0.467873
39.8 -1.9266 0.429736
39.9 -1.91262 0.391874
40 -1.89847 0.354288
40.1 -1.88414 0.316984
40.2 -1.86962 0.279964
40.3 -1.8549 0.243233
40.4 -1.83997 0.206794
40.5 -1.82482 0.170651
40.6 -1.80945 0.13481
40.7 -1.79385 0.0992736
40.8 -1.77799 0.0640478
40.9 -1.76187 0.0291374
41 -1.74547 -0.00545238
41.1 -1.72878 -0.0397159
41.2 -1.71179 -0.0736472
41.3 -1.69446 -0.10724
41.4 -1.67679 -0.140488
41.5 -1.65875 -0.173384
41.6 -1.64031 -0.205919
41.7 -1.62145 -0.238088
41.8 -1.60214 -0.269879
41.9 -1.58233 -0.301285
42 -1.562 -0.332296
42.1 -1.5411 -0.362899
42.2 -1.51956 -0.393085
42.3 -1.49735 -0.422838
42.4 -1.47438 -0.452147
42.5 -1.45057 -0.480994
42.6 -1.42584 -0.509363
42.7 -1.40006 -0.537233
42.8 -1.3731 -0.564584
42.9 -1.3448 -0.59139
43 -1.31495 -0.617623
43.1 -1.28329 -0.64325
43.2 -1.24951 -0.668232
43.3 -1.21317 -0.692524
43.4 -1.17372 -0.716069
43.5 -1.13041 -0.738799
43.6 -1.08217 -0.760629
43.7 -1.02749 -0.781446
43.8 -0.964085 -0.801104
43.9 -0.888398 -0.819397
44 -0.794561 -0.836031
44.1 -0.672314 -0.850556
44.2 -0.502527 -0.862244
44.3 -0.247547 -0.86983
44.4 0.164605 -0.870991
44.5 0.815736 -0.861712
44.6 1.53714 -0.838199
44.7 1.90318 -0.803431
44.8 1.99939 -0.764511
44.9 2.01628 -0.724775
45 2.01147 -0.685017
45.1 2.00068 -0.645439
45.2 1.98816 -0.606099
45.3 1.97506 -0.567013
45.4 1.9617 -0.528188
45.5 1.94816 -0.489629
45.6 1.93445 -0.451338
45.7 1.92057 -0.41332
45.8 1.90652 -0.375577
45.9 1.89229 -0.338112
46 1.87788 -0.300931
46.1 1.86327 -0.264035
46.2 1.84846 -0.22743
46.3 1.83344 -0.191119
46.4 1.8182 -0.155106
46.5 1.80273 -0.119396
46.6 1.78702 -0.0839934
46.7 1.77105 -0.0489034
46.8 1.75481 -0.0141311
46.9 1.73829 0.0203182
47 1.72147 0.0544388
47.1 1.70433 0.0882245
47.2 1.68686 0.121669
47.3 1.66903 0.154765
47.4 1.65082 0.187506
47.5 1.6322 0.219884
47.6 1.61315 0.25189
47.7 1.59363 0.283516
47.8 1.5736 0.314752
47.9 1.55303 0.345588
48 1.53186 0.376012
48.1 1.51004 0.406012
48.2 1.4875 0.435575
48.3 1.46418 0.464686
48.4 1.43999 0.493329
48.5 1.41482 0.521484
48.6 1.38855 0.549133
48.7 1.36103 0.576251
48.8 1.33209 0.602813
48.9 1.30149 0.628788
49 1.26896 0.654141
49.1 1.23412 0.678831
49.2 1.19652 0.702807
49.3 1.15551 0.726009
49.4 1.11022 0.748361
49.5 1.05941 0.769768
49.6 1.0013 0.790105
49.7 0.933119 0.809201
49.8 0.85049 0.82682
49.9 0.745996 0.842609
50 0.606309 0.856019
50.1 0.405903 0.866134
50.2 0.0942106 0.871314
50.3 -0.415973 0.868548
50.4 -1.14748 0.85332
50.5 -1.74793 0.824097
50.6 -1.96206 0.786798
50.7 -2.0114 0.747345
50.8 -2.01549 0.707555
50.9 -2.00716 0.667863
51 -1.99537 0.628384
51.1 -1.98253 0.589153
51.2 -1.96931 0.550179
51.3 -1.95586 0.511469
51.4 -1.94225 0.473025
51.5 -1.92847 0.434852
51.6 -1.91451 0.396953
51.7 -1.90039 0.35933
51.8 -1.88608 0.321987
51.9 -1.87158 0.284929
52 -1.85689 0.248159
52.1 -1.84199 0.21168
52.2 -1.82688 0.175497
52.3 -1.81154 0.139615
52.4 -1.79596 0.104038
52.5 -1.78014 0.0687698
52.6 -1.76405 0.0338167
52.7 -1.74769 -0.000816584
52.8 -1.73105 -0.0351243
52.9 -1.71409 -0.0691007
53 -1.69681 -0.10274
53.1 -1.67919 -0.136034
53.2 -1.6612 -0.168978
53.3 -1.64282 -0.201562
53.4 -1.62402 -0.233781
53.5 -1.60476 -0.265623
53.6 -1.58503 -0.297082
53.7 -1.56477 -0.328146
53.8 -1.54394 -0.358805
53.9 -1.5225 -0.389047
54 -1.50038 -0.41886
54.1 -1.47751 -0.448229
54.2 -1.45383 -0.47714
54.3 -1.42922 -0.505574
54.4 -1.40359 -0.533513
54.5 -1.3768 -0.560935
54.6 -1.34869 -0.587816
54.7 -1.31906 -0.614128
54.8 -1.28767 -0.639838
54.9 -1.25419 -0.66491
55 -1.21822 -0.689297
55.1 -1.17924 -0.712946
55.2 -1.1365 -0.735791
55.3 -1.089 -0.757747
55.4 -1.03529 -0.778709
55.5 -0.973236 -0.798533
55.6 -0.899478 -0.817024
55.7 -0.808552 -0.833903
55.8 -0.690979 -0.848747
55.9 -0.529229 -0.860875
56 -0.288986 -0.869117
56.1 0.0963842 -0.871336
56.2 0.715064 -0.863746
56.3 1.45436 -0.842172
56.4 1.87634 -0.808487
56.5 1.99334 -0.769828
56.6 2.01589 -0.730132
56.7 2.01264 -0.690359
56.8 2.00228 -0.650752
56.9 1.98989 -0.611378
57 1.97684 -0.572258
57.1 1.96351 -0.533397
57.2 1.94999 -0.494802
57.3 1.93631 -0.456475
57.4 1.92245 -0.41842
57.5 1.90842 -0.38064
57.6 1.89422 -0.343138
57.7 1.87983 -0.305918
57.8 1.86525 -0.268984
57.9 1.85047 -0.232339
58 1.83548 -0.195988
58.1 1.82027 -0.159935
58.2 1.80483 -0.124184
58.3 1.78914 -0.0887396
58.4 1.77321 -0.0536073
58.5 1.75701 -0.0187919
58.6 1.74053 0.0157012
58.7 1.72375 0.0498664
58.8 1.70666 0.0836975
58.9 1.68923 0.117188
59 1.67145 0.150332
59.1 1.65329 0.183121
59.2 1.63473 0.215548
59.3 1.61574 0.247605
59.4 1.59629 0.279283
59.5 1.57633 0.310572
59.6 1.55583 0.341462
59.7 1.53475 0.371942
59.8 1.51302 0.402
59.9 1.49058 0.431623
60 1.46737 0.460796
60.1 1.4433 0.489502
60.2 1.41826 0.517724
60.3 1.39215 0.545442
60.4 1.36481 0.572634
60.5 1.33607 0.599272
60.6 1.30571 0.625328
60.7 1.27346 0.650767
60.8 1.23896 0.675549
60.9 1.20176 0.699624
61 1.16125 0.722934
61.1 1.1166 0.745406
61.2 1.06663 0.766946
61.3 1.00963 0.787436
61.4 0.943016 0.806711
61.5 0.862676 0.824546
61.6 0.761727 0.840608
61.7 0.627898 0.854381
61.8 0.437876 0.865014
61.9 0.145479 0.870994
62 -0.332453 0.869541
62.1 -1.04458 0.856235
62.2 -1.69179 0.828676
62.3 -1.94741 0.792019
62.4 -2.00867 0.752691
62.5 -2.01601 0.712908
62.6 -2.00858 0.673193
62.7 -1.99704 0.633683
62.8 -1.98429 0.594418
62.9 -1.9711 0.555409
63 -1.95768 0.516663
63.1 -1.94409 0.478183
63.2 -1.93033 0.439974
63.3 -1.9164 0.402037
63.4 -1.9023 0.364377
63.5 -1.88802 0.326996
63.6 -1.87354 0.2899
63.7 -1.85888 0.25309
63.8 -1.84401 0.216572
63.9 -1.82892 0.180349
64 -1.81361 0.144426
64.1 -1.79807 0.108808
64.2 -1.78228 0.0734979
64.3 -1.76623 0.0385021
64.4 -1.74991 0.00382547
64.5 -1.7333 -0.0305264
64.6 -1.71639 -0.0645478
64.7 -1.69916 -0.0982324
64.8 -1.68158 -0.131574
64.9 -1.66364 -0.164565
65 -1.64531 -0.197198
65.1 -1.62657 -0.229466
65.2 -1.60738 -0.26136
65.3 -1.58771 -0.292871
65.4 -1.56753 -0.323989
65.5 -1.54678 -0.354703
65.6 -1.52542 -0.385002
65.7 -1.5034 -0.414874
65.8 -1.48064 -0.444303
65.9 -1.45706 -0.473276
66 -1.43259 -0.501775
66.1 -1.4071 -0.529782
66.2 -1.38048 -0.557275
66.3 -1.35256 -0.584231
66.4 -1.32315 -0.610621
66.5 -1.29201 -0.636415
66.6 -1.25883 -0.661574
66.7 -1.22323 -0.686057
66.8 -1.18468 -0.709809
66.9 -1.1425 -0.732766
67 -1.09571 -0.754848
67.1 -1.04295 -0.77595
67.2 -0.982179 -0.795937
67.3 -0.910254 -0.814622
67.4 -0.822074 -0.831739
67.5 -0.708868 -0.846888
67.6 -0.554561 -0.859436
67.7 -0.327868 -0.868298
67.8 0.0325891 -0.871505
67.9 0.61752 -0.865517
68 1.36462 -0.845916
68.1 1.844 -0.813462
68.2 1.98577 -0.77513
68.3 2.01508 -0.735487
68.4 2.01369 -0.695704
68.5 2.00384 -0.656069
68.6 1.99161 -0.616662
68.7 1.97862 -0.577507
68.8 1.96532 -0.538611
68.9 1.95182 -0.49998
69 1.93816 -0.461617
69.1 1.92432 -0.423525
69.2 1.91032 -0.385707
69.3 1.89614 -0.348168
69.4 1.88178 -0.31091
69.5 1.86722 -0.273937
69.6 1.85247 -0.237253
69.7 1.83751 -0.200862
69.8 1.82233 -0.164769
69.9 1.80692 -0.128977
70 1.79127 -0.0934911
70.1 1.77537 -0.0583165
70.2 1.75921 -0.0234582
70.3 1.74276 0.0110786
70.4 1.72603 0.0452882
70.5 1.70898 0.0791647
70.6 1.6916 0.112702
70.7 1.67387 0.145892
70.8 1.65576 0.17873
70.9 1.63726 0.211206
71 1.61832 0.243313
71.1 1.59893 0.275042
71.2 1.57905 0.306384
71.3 1.55862 0.337329
71.4 1.53762 0.367865
71.5 1.51598 0.397981
71.6 1.49364 0.427663
71.7 1.47054 0.456897
71.8 1.44659 0.485667
71.9 1.42169 0.513955
72 1.39573 0.541743
72.1 1.36857 0.569006
72.2 1.34003 0.595721
72.3 1.3099 0.621857
72.4 1.27792 0.647381
72.5 1.24375 0.672254
72.6 1.20695 0.696427
72.7 1.16693 0.719844
72.8 1.12289 0.742434
72.9 1.07372 0.764106
73 1.01779 0.784745
73.1 0.952667 0.804195
73.2 0.874496 0.822241
73.3 0.776876 0.838566
73.4 0.648499 0.852687
73.5 0.468054 0.863811
73.6 0.193411 0.870543
73.7 -0.253775 0.870318
73.8 -0.940855 0.858874
73.9 -1.62712 0.833089
74 -1.9297 0.7972
74.1 -2.00509 0.758031
74.2 -2.0163 0.718264
74.3 -2.00993 0.678528
74.4 -1.9987 0.638987
74.5 -1.98604 0.599688
74.6 -1.97289 0.560644
74.7 -1.9595 0.521862
74.8 -1.94593 0.483347
74.9 -1.93219 0.4451
75 -1.91829 0.407127
75.1 -1.90421 0.369429
75.2 -1.88995 0.332011
75.3 -1.8755 0.294876
75.4 -1.86086 0.258027
75.5 -1.84602 0.22147
75.6 -1.83097 0.185207
75.7 -1.81569 0.149244
75.8 -1.80018 0.113584
75.9 -1.78442 0.0782319
76 -1.76841 0.0431936
76.1 -1.75213 0.00847368
76.2 -1.73556 -0.0259223
76.3 -1.71869 -0.0599884
76.4 -1.7015 -0.0937188
76.5 -1.68397 -0.127107
76.6 -1.66608 -0.160145
76.7 -1.6478 -0.192827
76.8 -1.62912 -0.225145
76.9 -1.60999 -0.25709
77 -1.59039 -0.288653
77.1 -1.57028 -0.319824
77.2 -1.54961 -0.350593
77.3 -1.52834 -0.380949
77.4 -1.5064 -0.410879
77.5 -1.48375 -0.440369
77.6 -1.46029 -0.469404
77.7 -1.43594 -0.497968
77.8 -1.4106 -0.526042
77.9 -1.38413 -0.553606
78 -1.3564 -0.580635
78.1 -1.3272 -0.607103
78.2 -1.29631 -0.632979
78.3 -1.26343 -0.658227
78.4 -1.22818 -0.682803
78.5 -1.19006 -0.706657
78.6 -1.14842 -0.729725
78.7 -1.10232 -0.75193
78.8 -1.05047 -0.773172
78.9 -0.990924 -0.793319
79 -0.920741 -0.812192
79.1 -0.835153 -0.829539
79.2 -0.726035 -0.844984
79.3 -0.578626 -0.857931
79.4 -0.364398 -0.867378
79.5 -0.0270206 -0.871511
79.6 0.523857 -0.867033
79.7 1.26915 -0.849416
79.8 1.80516 -0.818336
79.9 1.97638 -0.780412
80 2.01378 -0.740841
80.1 2.0146 -0.701051
80.2 2.00537 -0.66139
80.3 1.99331 -0.621951
80.4 1.98039 -0.582761
80.5 1.96712 -0.54383
80.6 1.95365 -0.505163
80.7 1.94001 -0.466763
80.8 1.9262 -0.428635
80.9 1.91222 -0.39078
81 1.89806 -0.353203
81.1 1.88372 -0.315907
81.2 1.86919 -0.278895
81.3 1.85447 -0.242172
81.4 1.83953 -0.205742
81.5 1.82438 -0.169608
81.6 1.809 -0.133775
81.7 1.79339 -0.0982481
81.8 1.77752 -0.0630314
81.9 1.7614 -0.0281302
82 1.74499 0.00645024
82.1 1.7283 0.0407042
82.2 1.71129 0.0746258
82.3 1.69395 0.108209
82.4 1.67627 0.141447
82.5 1.65822 0.174332
82.6 1.63977 0.206857
82.7 1.6209 0.239015
82.8 1.60157 0.270795
82.9 1.58175 0.30219
83 1.5614 0.333189
83.1 1.54048 0.36378
83.2 1.51893 0.393953
83.3 1.49669 0.423694
83.4 1.4737 0.45299
83.5 1.44987 0.481823
83.6 1.4251 0.510178
83.7 1.39929 0.538034
83.8 1.3723 0.565369
83.9 1.34396 0.592159
84 1.31406 0.618375
84.1 1.28234 0.643984
84.2 1.24849 0.668947
84.3 1.21207 0.693217
84.4 1.17252 0.71674
84.5 1.12908 0.739445
84.6 1.08068 0.761247
84.7 1.02579 0.782033
84.8 0.962086 0.801654
84.9 0.88597 0.819904
85 0.791482 0.836484
85.1 0.668186 0.850939
85.2 0.496583 0.86253
85.3 0.238263 0.869969
85.4 -0.179902 0.870892
85.5 -0.837742 0.861238
85.6 -1.55397 0.837315
85.7 -1.90834 0.802333
85.8 -2.00053 0.763363
85.9 -2.01632 0.723621
86 -2.01121 0.683866
86.1 -2.00033 0.644295
86.2 -1.98778 0.604962
86.3 -1.97468 0.565883
86.4 -1.96131 0.527066
86.5 -1.94777 0.488515
86.6 -1.93405 0.450232
86.7 -1.92017 0.412221
86.8 -1.90611 0.374486
86.9 -1.89188 0.33703
87 -1.87746 0.299857
87.1 -1.86285 0.26297
87.2 -1.84803 0.226373
87.3 -1.833 0.19007
87.4 -1.81776 0.154066
87.5 -1.80228 0.118365
87.6 -1.78656 0.0829716
87.7 -1.77058 0.0478908
87.8 -1.75433 0.0131277
87.9 -1.7378 -0.0213121
88 -1.72098 -0.055423
88.1 -1.70383 -0.0891989
88.2 -1.68635 -0.122633
88.3 -1.66851 -0.155719
88.4 -1.65029 -0.18845
88.5 -1.63166 -0.220817
88.6 -1.61259 -0.252813
88.7 -1.59306 -0.284427
88.8 -1.57302 -0.315652
88.9 -1.55242 -0.346476
89 -1.53124 -0.376888
89.1 -1.5094 -0.406876
89.2 -1.48684 -0.436426
89.3 -1.46349 -0.465523
89.4 -1.43927 -0.494152
89.5 -1.41407 -0.522293
89.6 -1.38777 -0.549927
89.7 -1.36021 -0.577029
89.8 -1.33122 -0.603575
89.9 -1.30057 -0.629532
90 -1.26798 -0.654867
90.1 -1.23308 -0.679536
90.2 -1.19538 -0.703491
90.3 -1.15426 -0.726669
90.4 -1.10883 -0.748995
90.5 -1.05784 -0.770373
90.6 -0.999478 -0.790677
90.7 -0.930953 -0.809734
90.8 -0.847814 -0.827305
90.9 -0.742527 -0.843034
91 -0.601521 -0.856365
91.1 -0.398766 -0.866364
91.2 -0.0827035 -0.871364
91.3 0.434594 -0.868305
91.4 1.16938 -0.852657
91.5 1.75893 -0.82309
91.6 1.96486 -0.78567
91.7 2.01189 -0.746192
91.8 2.01535 -0.706402
91.9 2.00685 -0.666715
92 1.99501 -0.627244
92.1 1.98215 -0.588019
92.2 1.96892 -0.549053
92.3 1.95547 -0.510351
92.4 1.94185 -0.471915
92.5 1.92806 -0.43375
92.6 1.91411 -0.395858
92.7 1.89998 -0.358243
92.8 1.88566 -0.320909
92.9 1.87116 -0.283859
93 1.85646 -0.247097
93.1 1.84155 -0.210627
93.2 1.82643 -0.174453
93.3 1.81109 -0.138579
93.4 1.79551 -0.103011
93.5 1.77967 -0.0677521
93.6 1.76358 -0.0328081
93.7 1.74722 0.00181578
93.8 1.73056 0.036114
93.9 1.7136 0.0700807
94 1.69631 0.10371
94.1 1.67867 0.136994
94.2 1.66067 0.169927
94.3 1.64228 0.202502
94.4 1.62346 0.234709
94.5 1.6042 0.266541
94.6 1.58445 0.297988
94.7 1.56418 0.329041
94.8 1.54333 0.359688
94.9 1.52187 0.389918
95 1.49973 0.419718
95.1 1.47684 0.449074
95.2 1.45313 0.477971
95.3 1.42849 0.506391
95.4 1.40283 0.534315
95.5 1.37601 0.561722
95.6 1.34785 0.588587
95.7 1.31818 0.614882
95.8 1.28673 0.640574
95.9 1.25318 0.665627
96 1.21714 0.689993
96.1 1.17805 0.71362
96.2 1.13519 0.73644
96.3 1.08754 0.75837
96.4 1.03363 0.7793
96.5 0.971283 0.799089
96.6 0.897118 0.817538
96.7 0.805579 0.834365
96.8 0.687025 0.849141
96.9 0.523597 0.861176
97 0.280283 0.86928
97.1 -0.110699 0.871277
97.2 -0.736517 0.863331
97.3 -1.47282 0.841335
97.4 -1.88256 0.807404
97.5 -1.99476 0.768684
97.6 -2.01601 0.728978
97.7 -2.0124 0.689208
97.8 -2.00193 0.649607
97.9 -1.98951 0.610241
98 -1.97646 0.571127
98.1 -1.96312 0.532275
98.2 -1.9496 0.493687
98.3 -1.93591 0.455368
98.4 -1.92205 0.417321
98.5 -1.90801 0.379549
98.6 -1.8938 0.342055
98.7 -1.87941 0.304843
98.8 -1.86482 0.267917
98.9 -1.85004 0.231281
99 -1.83504 0.194938
99.1 -1.81982 0.158894
99.2 -1.80438 0.123152
99.3 -1.78869 0.0877167
99.4 -1.77274 0.0525935
99.5 -1.75654 0.0177874
99.6 -1.74005 -0.0166963
99.7 -1.72326 -0.0508519
99.8 -1.70616 -0.0846732
99.9 -1.68872 -0.118154
100 -1.67093 -0.151287
100.1 -1.65276 -0.184066
100.2 -1.63419 -0.216483
100.3 -1.61519 -0.248529
100.4 -1.59572 -0.280195
100.5 -1.57574 -0.311473
100.6 -1.55523 -0.342352
100.7 -1.53412 -0.37282
100.8 -1.51238 -0.402865
100.9 -1.48992 -0.432475
101 -1.46669 -0.461634
101.1 -1.44259 -0.490327
101.2 -1.41752 -0.518535
101.3 -1.39138 -0.546238
101.4 -1.364 -0.573414
101.5 -1.33521 -0.600036
101.6 -1.3048 -0.626075
101.7 -1.27249 -0.651495
101.8 -1.23792 -0.676257
101.9 -1.20064 -0.700311
102 -1.16002 -0.723598
102.1 -1.11523 -0.746044
102.2 -1.06508 -0.767556
102.3 -1.00785 -0.788013
102.4 -0.940905 -0.80725
102.5 -0.860083 -0.825038
102.6 -0.758388 -0.841042
102.7 -0.623333 -0.854739
102.8 -0.431145 -0.865262
102.9 -0.134726 -0.871074
103 0.350037 -0.869346
103.1 1.06687 -0.85563
103.2 1.7046 -0.827703
103.3 1.95081 -0.790897
103.4 2.00932 -0.75154
103.5 2.01592 -0.711755
103.6 2.00828 -0.672045
103.7 1.99668 -0.632541
103.8 1.98391 -0.593283
103.9 1.97072 -0.554282
104 1.95729 -0.515544
104.1 1.94369 -0.477072
104.2 1.92993 -0.43887
104.3 1.91599 -0.400941
104.4 1.90189 -0.363289
104.5 1.8876 -0.325917
104.6 1.87312 -0.288828
104.7 1.85845 -0.252027
104.8 1.84357 -0.215518
104.9 1.82848 -0.179304
105 1.81317 -0.143389
105.1 1.79762 -0.10778
105.2 1.78182 -0.0724788
105.3 1.76576 -0.0374922
105.4 1.74944 -0.00282493
105.5 1.73282 0.0315175
105.6 1.7159 0.0655291
105.7 1.69865 0.0992039
105.8 1.68107 0.132535
105.9 1.66312 0.165516
106 1.64478 0.198139
106.1 1.62602 0.230396
106.2 1.60682 0.262279
106.3 1.58714 0.293779
106.4 1.56694 0.324885
106.5 1.54617 0.355587
106.6 1.5248 0.385874
106.7 1.50275 0.415733
106.8 1.47997 0.44515
106.9 1.45637 0.474109
107 1.43187 0.502594
107.1 1.40635 0.530587
107.2 1.37969 0.558064
107.3 1.35173 0.585004
107.4 1.32227 0.611377
107.5 1.29107 0.637153
107.6 1.25783 0.662294
107.7 1.22215 0.686756
107.8 1.18351 0.710486
107.9 1.14121 0.733419
108 1.09428 0.755474
108.1 1.04131 0.776546
108.2 0.98027 0.796499
108.3 0.907957 0.815142
108.4 0.819199 0.832208
108.5 0.705077 0.847293
108.6 0.549214 0.859751
108.7 0.319697 0.868483
108.8 -0.0459699 0.871483
108.9 -0.638227 0.865157
109 -1.38449 0.84513
109.1 -1.85148 0.812398
109.2 -1.98754 0.77399
109.3 -2.0153 0.734334
109.4 -2.01347 0.694552
109.5 -2.00351 0.654923
109.6 -1.99124 0.615524
109.7 -1.97824 0.576376
109.8 -1.96493 0.537488
109.9 -1.95143 0.498864
110 -1.93776 0.460509
110.1 -1.92392 0.422425
110.2 -1.90991 0.384615
110.3 -1.89573 0.347084
110.4 -1.88136 0.309834
110.5 -1.8668 0.272869
110.6 -1.85204 0.236194
110.7 -1.83707 0.199812
110.8 -1.82188 0.163727
110.9 -1.80647 0.127944
111 -1.79081 0.092467
111.1 -1.77491 0.0573016
111.2 -1.75873 0.0224525
111.3 -1.74228 -0.0120749
111.4 -1.72554 -0.046275
111.5 -1.70848 -0.0801416
111.6 -1.69109 -0.113669
111.7 -1.67335 -0.146849
111.8 -1.65523 -0.179676
111.9 -1.63671 -0.212142
112 -1.61777 -0.244238
112.1 -1.59836 -0.275957
112.2 -1.57846 -0.307287
112.3 -1.55802 -0.33822
112.4 -1.537 -0.368744
112.5 -1.51534 -0.398847
112.6 -1.49299 -0.428516
112.7 -1.46986 -0.457737
112.8 -1.44588 -0.486494
112.9 -1.42096 -0.514768
113 -1.39496 -0.542541
113.1 -1.36776 -0.569789
113.2 -1.33918 -0.596487
113.3 -1.309 -0.622606
113.4 -1.27696 -0.648112
113.5 -1.24272 -0.672965
113.6 -1.20583 -0.697117
113.7 -1.16571 -0.720511
113.8 -1.12154 -0.743075
113.9 -1.0722 -0.76472
114 -1.01605 -0.785327
114.1 -0.950608 -0.80474
114.2 -0.871979 -0.82274
114.3 -0.77366 -0.839009
114.4 -0.644141 -0.853056
114.5 -0.461697 -0.864077
114.6 -0.183354 -0.870651
114.7 0.270315 -0.870168
114.8 0.963196 -0.858329
114.9 1.64177 -0.832153
115 1.93381 -0.796088
115.1 2.00594 -0.756882
115.2 2.01626 -0.71711
115.3 2.00965 -0.677379
115.4 1.99834 -0.637844
115.5 1.98566 -0.598552
115.6 1.97251 -0.559516
115.7 1.95911 -0.520742
115.8 1.94553 -0.482234
115.9 1.93179 -0.443996
116 1.91788 -0.40603
116.1 1.9038 -0.36834
116.2 1.88953 -0.33093
116.3 1.87508 -0.293803
116.4 1.86044 -0.256963
116.5 1.84559 -0.220414
116.6 1.83053 -0.18416
116.7 1.81524 -0.148205
116.8 1.79972 -0.112554
116.9 1.78396 -0.0772116
117 1.76794 -0.0421824
117.1 1.75165 -0.00747183
117.2 1.73507 0.0269146
117.3 1.71819 0.0609712
117.4 1.70099 0.0946916
117.5 1.68345 0.12807
117.6 1.66555 0.161098
117.7 1.64727 0.19377
117.8 1.62857 0.226077
117.9 1.60943 0.25801
118 1.58982 0.289562
118.1 1.56969 0.320722
118.2 1.549 0.351479
118.3 1.52771 0.381823
118.4 1.50576 0.41174
118.5 1.48308 0.441217
118.6 1.45959 0.470239
118.7 1.43522 0.498789
118.8 1.40985 0.526849
118.9 1.38335 0.554397
119 1.35557 0.581411
119.1 1.32633 0.607862
119.2 1.29538 0.63372
119.3 1.26244 0.658949
119.4 1.22712 0.683505
119.5 1.18891 0.707337
119.6 1.14715 0.730382
119.7 1.10091 0.75256
119.8 1.04886 0.773772
119.9 0.989056 0.793885
120 0.918505 0.812718
120.1 0.832371 0.830016
120.2 0.722395 0.845398
120.3 0.573544 0.858261
120.4 0.356717 0.867584
120.5 0.01452 0.871523
120.6 -0.543677 0.866727
120.7 -1.29014 0.848683
120.8 -1.81412 0.817296
120.9 -1.97857 0.779276
121 -2.01411 0.739688
121.1 -2.01442 0.699899
121.2 -2.00504 0.660243
121.3 -1.99295 0.620811
121.4 -1.98001 0.581628
121.5 -1.96673 0.542705
121.6 -1.95326 0.504046
121.7 -1.93961 0.465654
121.8 -1.92579 0.427534
121.9 -1.91181 0.389687
122 -1.89765 0.352118
122.1 -1.8833 0.31483
122.2 -1.86877 0.277827
122.3 -1.85404 0.241112
122.4 -1.8391 0.20469
122.5 -1.82394 0.168565
122.6 -1.80856 0.132741
122.7 -1.79293 0.0972228
122.8 -1.77706 0.0620152
122.9 -1.76093 0.0271232
123 -1.74451 -0.00744782
123.1 -1.72781 -0.0416922
123.2 -1.71079 -0.0756041
123.3 -1.69345 -0.109177
123.4 -1.67575 -0.142405
123.5 -1.65769 -0.17528
123.6 -1.63923 -0.207795
123.7 -1.62034 -0.239941
123.8 -1.601 -0.271711
123.9 -1.58117 -0.303094
124 -1.56081 -0.334081
124.1 -1.53987 -0.364661
124.2 -1.5183 -0.394821
124.3 -1.49604 -0.42455
124.4 -1.47302 -0.453832
124.5 -1.44916 -0.482652
124.6 -1.42437 -0.510992
124.7 -1.39853 -0.538833
124.8 -1.3715 -0.566153
124.9 -1.34311 -0.592927
125 -1.31316 -0.619126
125.1 -1.28139 -0.644717
125.2 -1.24747 -0.66966
125.3 -1.21097 -0.69391
125.4 -1.17132 -0.71741
125.5 -1.12776 -0.74009
125.6 -1.07919 -0.761865
125.7 -1.02408 -0.782619
125.8 -0.960076 -0.802204
125.9 -0.883526 -0.82041
126 -0.78838 -0.836936
126.1 -0.664019 -0.85132
126.2 -0.49057 -0.862812
126.3 -0.228849 -0.870103
126.4 0.195416 -0.870785
126.5 0.859836 -0.860752
126.6 1.57043 -0.836421
126.7 1.91328 -0.801232
126.8 2.0016 -0.762216
126.9 2.01634 -0.722467
127 2.01094 -0.682716
127.1 1.99998 -0.643151
127.2 1.98741 -0.603825
127.3 1.97429 -0.564754
127.4 1.96092 -0.525945
127.5 1.94737 -0.487401
127.6 1.93365 -0.449126
127.7 1.91976 -0.411124
127.8 1.9057 -0.373397
127.9 1.89146 -0.335949
128 1.87704 -0.298783
128.1 1.86242 -0.261905
128.2 1.8476 -0.225316
128.3 1.83257 -0.189022
128.4 1.81731 -0.153027
128.5 1.80183 -0.117335
128.6 1.7861 -0.0819501
128.7 1.77011 -0.0468784
128.8 1.75386 -0.0121247
128.9 1.73732 0.0223058
129 1.72048 0.056407
129.1 1.70333 0.0901731
129.2 1.68584 0.123598
129.3 1.66799 0.156673
129.4 1.64975 0.189394
129.5 1.63111 0.22175
129.6 1.61203 0.253735
129.7 1.59248 0.285338
129.8 1.57243 0.316551
129.9 1.55182 0.347364
130 1.53061 0.377764
130.1 1.50875 0.407739
130.2 1.48617 0.437276
130.3 1.46281 0.46636
130.4 1.43856 0.494975
130.5 1.41332 0.523102
130.6 1.38699 0.55072
130.7 1.35939 0.577807
130.8 1.33036 0.604336
130.9 1.29966 0.630276
131 1.267 0.655592
131.1 1.23203 0.680241
131.2 1.19424 0.704174
131.3 1.15301 0.727329
131.4 1.10743 0.749629
131.5 1.05626 0.770978
131.6 0.997651 0.791248
131.7 0.928776 0.810266
131.8 0.845121 0.827789
131.9 0.739029 0.843458
132 0.596684 0.856707
132.1 0.391536 0.86659
132.2 0.0710265 0.871408
132.3 -0.453433 0.868051
132.4 -1.19116 0.851981
132.5 -1.76956 0.822078
132.6 -1.96754 0.784539
132.7 -2.01236 0.74504
132.8 -2.0152 0.705249
132.9 -2.00654 0.665568
133 -1.99464 0.626103
133.1 -1.98177 0.586886
133.2 -1.96853 0.547928
133.3 -1.95508 0.509233
133.4 -1.94145 0.470805
133.5 -1.92766 0.432647
133.6 -1.9137 0.394764
133.7 -1.89956 0.357157
133.8 -1.88524 0.319831
133.9 -1.87074 0.282789
134 -1.85603 0.246036
134.1 -1.84112 0.209574
134.2 -1.82599 0.173409
134.3 -1.81064 0.137544
134.4 -1.79505 0.101984
134.5 -1.77921 0.0667346
134.6 -1.76311 0.0317998
134.7 -1.74674 -0.00281469
134.8 -1.73007 -0.0371034
134.9 -1.7131 -0.0710604
135 -1.6958 -0.104679
135.1 -1.67816 -0.137954
135.2 -1.66014 -0.170877
135.3 -1.64174 -0.203441
135.4 -1.62291 -0.235637
135.5 -1.60363 -0.267458
135.6 -1.58387 -0.298894
135.7 -1.56358 -0.329935
135.8 -1.54272 -0.36057
135.9 -1.52124 -0.390788
136 -1.49907 -0.420575
136.1 -1.47616 -0.449918
136.2 -1.45243 -0.478801
136.3 -1.42776 -0.507207
136.4 -1.40207 -0.535117
136.5 -1.37521 -0.562508
136.6 -1.34702 -0.589357
136.7 -1.31729 -0.615635
136.8 -1.28579 -0.64131
136.9 -1.25218 -0.666343
137 -1.21605 -0.690689
137.1 -1.17687 -0.714293
137.2 -1.13388 -0.737089
137.3 -1.08607 -0.758991
137.4 -1.03195 -0.779891
137.5 -0.96932 -0.799643
137.6 -0.894743 -0.81805
137.7 -0.802583 -0.834824
137.8 -0.683035 -0.849532
137.9 -0.517899 -0.861474
138 -0.271458 -0.869438
138.1 0.125222 -0.871209
138.2 0.758108 -0.862903
138.3 1.49094 -0.840487
138.4 1.88853 -0.806318
138.5 1.99612 -0.767539
138.6 2.0161 -0.727824
138.7 2.01215 -0.688057
138.8 2.00159 -0.648463
138.9 1.98914 -0.609103
139 1.97608 -0.569997
139.1 1.96273 -0.531152
139.2 1.9492 -0.492573
139.3 1.93551 -0.454261
139.4 1.92164 -0.416222
139.5 1.9076 -0.378458
139.6 1.89339 -0.340972
139.7 1.87899 -0.303769
139.8 1.8644 -0.266851
139.9 1.8496 -0.230223
140 1.8346 -0.193889
140.1 1.81938 -0.157853
140.2 1.80392 -0.12212
140.3 1.78823 -0.086694
140.4 1.77228 -0.05158
140.5 1.75606 -0.0167831
140.6 1.73956 0.0176912
140.7 1.72277 0.0518371
140.8 1.70566 0.0856486
140.9 1.68821 0.119119
141 1.67041 0.152243
141.1 1.65223 0.185011
141.2 1.63365 0.217417
141.3 1.61463 0.249452
141.4 1.59514 0.281108
141.5 1.57516 0.312374
141.6 1.55463 0.343241
141.7 1.5335 0.373697
141.8 1.51173 0.40373
141.9 1.48926 0.433327
142 1.466 0.462473
142.1 1.44187 0.491152
142.2 1.41678 0.519345
142.3 1.3906 0.547034
142.4 1.36319 0.574194
142.5 1.33436 0.600799
142.6 1.3039 0.62682
142.7 1.27152 0.652222
142.8 1.23688 0.676964
142.9 1.19951 0.700997
143 1.15879 0.72426
143.1 1.11386 0.746681
143.2 1.06354 0.768164
143.3 1.00606 0.788588
143.4 0.938782 0.807787
143.5 0.857472 0.82553
143.6 0.755023 0.841475
143.7 0.618722 0.855094
143.8 0.42433 0.865507
143.9 0.123815 0.871148
144 -0.367846 0.869141
144.1 -1.08911 0.855012
144.2 -1.71702 0.826722
144.3 -1.95407 0.789774
144.4 -2.00994 0.750388
144.5 -2.01581 0.710602
144.6 -2.00798 0.670896
144.7 -1.99632 0.6314
144.8 -1.98353 0.592149
144.9 -1.97033 0.553155
145 -1.9569 0.514424
145.1 -1.9433 0.47596
145.2 -1.92953 0.437766
145.3 -1.91559 0.399846
145.4 -1.90148 0.362202
145.5 -1.88718 0.324838
145.6 -1.8727 0.287757
145.7 -1.85802 0.250965
145.8 -1.84314 0.214464
145.9 -1.82804 0.178258
146 -1.81272 0.142353
146.1 -1.79716 0.106752
146.2 -1.78136 0.0714601
146.3 -1.76529 0.0364826
146.4 -1.74896 0.00182467
146.5 -1.73233 -0.0325082
146.6 -1.7154 -0.0665102
146.7 -1.69815 -0.100175
146.8 -1.68055 -0.133496
146.9 -1.66259 -0.166467
147 -1.64424 -0.19908
147.1 -1.62547 -0.231326
147.2 -1.60626 -0.263198
147.3 -1.58656 -0.294686
147.4 -1.56634 -0.325781
147.5 -1.54556 -0.356471
147.6 -1.52417 -0.386746
147.7 -1.5021 -0.416592
147.8 -1.47929 -0.445996
147.9 -1.45567 -0.474942
148 -1.43114 -0.503413
148.1 -1.40559 -0.531391
148.2 -1.3789 -0.558853
148.3 -1.3509 -0.585777
148.4 -1.32139 -0.612133
148.5 -1.29014 -0.637891
148.6 -1.25684 -0.663013
148.7 -1.22108 -0.687455
148.8 -1.18234 -0.711162
148.9 -1.13992 -0.734071
149 -1.09283 -0.756099
149.1 -1.03967 -0.777141
149.2 -0.978351 -0.797059
149.3 -0.905647 -0.815661
149.4 -0.816304 -0.832676
149.5 -0.701252 -0.847695
149.6 -0.543808 -0.860064
149.7 -0.311416 -0.868663
149.8 0.0595476 -0.871453
149.9 0.659109 -0.864786
150 1.40407 -0.844332
150.1 1.85867 -0.81133
150.2 1.98923 -0.772848
150.3 2.01549 -0.73318
150.4 2.01325 -0.693401
150.5 2.00317 -0.653778
150.6 1.99087 -0.614385
150.7 1.97785 -0.575245
150.8 1.96454 -0.536364
150.9 1.95104 -0.497749
151 1.93736 -0.459401
151.1 1.92352 -0.421325
151.2 1.9095 -0.383523
151.3 1.89531 -0.346
151.4 1.88094 -0.308758
151.5 1.86637 -0.271802
151.6 1.85161 -0.235135
151.7 1.83663 -0.198761
151.8 1.82144 -0.162685
151.9 1.80602 -0.126911
152 1.79035 -0.0914432
152.1 1.77444 -0.0562869
152.2 1.75826 -0.021447
152.3 1.7418 0.013071
152.4 1.72505 0.0472614
152.5 1.70798 0.0811184
152.6 1.69058 0.114635
152.7 1.67283 0.147806
152.8 1.6547 0.180622
152.9 1.63617 0.213078
153 1.61721 0.245163
153.1 1.59779 0.27687
153.2 1.57788 0.308189
153.3 1.55742 0.339111
153.4 1.53638 0.369623
153.5 1.5147 0.399713
153.6 1.49233 0.42937
153.7 1.46918 0.458578
153.8 1.44517 0.48732
153.9 1.42022 0.51558
154 1.39419 0.543338
154.1 1.36695 0.57057
154.2 1.33833 0.597252
154.3 1.3081 0.623354
154.4 1.276 0.648842
154.5 1.24169 0.673675
154.6 1.20472 0.697806
154.7 1.16449 0.721177
154.8 1.12019 0.743716
154.9 1.07068 0.765332
155 1.0143 0.785907
155.1 0.948538 0.805282
155.2 0.869447 0.823238
155.3 0.770418 0.83945
155.4 0.639739 0.853423
155.5 0.455262 0.864339
155.6 0.173152 0.870753
155.7 -0.28708 0.870009
155.8 -0.985553 0.857771
155.9 -1.65603 0.831209
156 -1.93775 0.794973
156.1 -2.00674 0.755731
156.2 -2.01621 0.715956
156.3 -2.00936 0.676229
156.4 -1.99799 0.636701
156.5 -1.98529 0.597416
156.6 -1.97212 0.558388
156.7 -1.95872 0.519622
156.8 -1.94514 0.481121
156.9 -1.93139 0.442891
157 -1.91747 0.404933
157.1 -1.90339 0.367252
157.2 -1.88912 0.32985
157.3 -1.87466 0.292731
157.4 -1.86001 0.2559
157.5 -1.84515 0.219359
157.6 -1.83009 0.183114
157.7 -1.81479 0.147167
157.8 -1.79927 0.111525
157.9 -1.7835 0.0761916
158 -1.76747 0.0411715
158.1 -1.75117 0.00647025
158.2 -1.73459 -0.0279067
158.3 -1.7177 -0.0619536
158.4 -1.70049 -0.0956642
158.5 -1.68294 -0.129032
158.6 -1.66503 -0.16205
158.7 -1.64673 -0.194712
158.8 -1.62802 -0.227008
158.9 -1.60887 -0.258931
159 -1.58924 -0.290471
159.1 -1.56909 -0.321619
159.2 -1.54839 -0.352365
159.3 -1.52708 -0.382696
159.4 -1.50511 -0.412601
159.5 -1.48241 -0.442065
159.6 -1.4589 -0.471073
159.7 -1.4345 -0.49961
159.8 -1.4091 -0.527655
159.9 -1.38256 -0.555188
160 -1.35475 -0.582186
160.1 -1.32546 -0.60862
160.2 -1.29446 -0.634461
160.3 -1.26145 -0.659671
160.4 -1.22605 -0.684207
160.5 -1.18775 -0.708017
160.6 -1.14588 -0.731037
160.7 -1.09949 -0.753189
160.8 -1.04725 -0.774371
160.9 -0.98718 -0.79445
161 -0.916257 -0.813242
161.1 -0.82957 -0.830491
161.2 -0.718724 -0.84581
161.3 -0.568407 -0.858587
161.4 -0.348935 -0.867786
161.5 -0.00183453 -0.871528
161.6 0.563698 -0.86641
161.7 1.3109 -0.847939
161.8 1.82275 -0.81625
161.9 1.98067 -0.778139
162 2.01441 -0.738535
162.1 2.01422 -0.698747
162.2 2.00472 -0.659097
162.3 1.99258 -0.619672
162.4 1.97963 -0.580496
162.5 1.96635 -0.541581
162.6 1.95286 -0.502929
162.7 1.93921 -0.464545
162.8 1.92539 -0.426433
162.9 1.9114 -0.388594
163 1.89723 -0.351033
163.1 1.88288 -0.313753
163.2 1.86834 -0.276758
163.3 1.85361 -0.240052
163.4 1.83866 -0.203639
163.5 1.8235 -0.167522
163.6 1.80811 -0.131707
163.7 1.79248 -0.0961978
163.8 1.7766 -0.0609993
163.9 1.76045 -0.0261165
164 1.74403 0.00844512
164.1 1.72732 0.04268
164.2 1.71029 0.0765822
164.3 1.69294 0.110145
164.4 1.67524 0.143363
164.5 1.65716 0.176227
164.6 1.63869 0.208732
164.7 1.61979 0.240867
164.8 1.60044 0.272626
164.9 1.58059 0.303998
165 1.56021 0.334973
165.1 1.53925 0.365541
165.2 1.51766 0.395689
165.3 1.49538 0.425405
165.4 1.47234 0.454674
165.5 1.44846 0.48348
165.6 1.42364 0.511806
165.7 1.39776 0.539633
165.8 1.37069 0.566937
165.9 1.34227 0.593695
166 1.31227 0.619877
166.1 1.28044 0.645449
166.2 1.24645 0.670373
166.3 1.20987 0.694602
166.4 1.17012 0.718079
166.5 1.12643 0.740735
166.6 1.0777 0.762481
166.7 1.02236 0.783204
166.8 0.958055 0.802752
166.9 0.881067 0.820915
167 0.785253 0.837386
167.1 0.659812 0.851699
167.2 0.484485 0.863091
167.3 0.2193 0.870231
167.4 -0.211148 0.870669
167.5 -0.882006 0.860253
167.6 -1.5865 0.835518
167.7 -1.91803 0.800128
167.8 -2.00263 0.761067
167.9 -2.01635 0.721313
168 -2.01067 0.681566
168.1 -1.99963 0.642008
168.2 -1.98703 0.602689
168.3 -1.97391 0.563625
168.4 -1.96053 0.524824
168.5 -1.94698 0.486287
168.6 -1.93325 0.44802
168.7 -1.91936 0.410026
168.8 -1.90529 0.372307
168.9 -1.89105 0.334867
169 -1.87662 0.29771
169.1 -1.86199 0.26084
169.2 -1.84717 0.22426
169.3 -1.83213 0.187974
169.4 -1.81687 0.151988
169.5 -1.80137 0.116304
169.6 -1.78564 0.0809289
169.7 -1.76964 0.0458663
169.8 -1.75338 0.0111218
169.9 -1.73684 -0.0232991
170 -1.71999 -0.0573908
170.1 -1.70283 -0.091147
170.2 -1.68532 -0.124561
170.3 -1.66746 -0.157627
170.4 -1.64922 -0.190337
170.5 -1.63057 -0.222683
170.6 -1.61147 -0.254656
170.7 -1.59191 -0.286249
170.8 -1.57184 -0.317451
170.9 -1.55121 -0.348251
171 -1.52999 -0.378639
171.1 -1.50811 -0.408601
171.2 -1.48551 -0.438126
171.3 -1.46211 -0.467196
171.4 -1.43784 -0.495797
171.5 -1.41258 -0.52391
171.6 -1.3862 -0.551513
171.7 -1.35857 -0.578584
171.8 -1.32949 -0.605096
171.9 -1.29874 -0.631019
172 -1.26602 -0.656316
172.1 -1.23097 -0.680945
172.2 -1.1931 -0.704857
172.3 -1.15175 -0.727988
172.4 -1.10604 -0.750262
172.5 -1.05468 -0.771582
172.6 -0.995815 -0.791818
172.7 -0.926586 -0.810796
172.8 -0.842409 -0.828272
172.9 -0.735501 -0.84388
173 -0.591795 -0.857047
173.1 -0.384212 -0.866812
173.2 -0.0591769 -0.871446
173.3 0.472489 -0.867786
173.4 1.2128 -0.851293
173.5 1.77981 -0.821058
173.6 1.97011 -0.783408
173.7 2.01279 -0.743887
173.8 2.01505 -0.704096
173.9 2.00622 -0.66442
174 1.99428 -0.624963
174.1 1.98139 -0.585753
174.2 1.96815 -0.546802
174.3 1.95469 -0.508115
174.4 1.94106 -0.469695
174.5 1.92726 -0.431545
174.6 1.91329 -0.39367
174.7 1.89915 -0.356071
174.8 1.88483 -0.318753
174.9 1.87031 -0.28172
175 1.8556 -0.244975
175.1 1.84068 -0.208521
175.2 1.82555 -0.172365
175.3 1.81019 -0.136509
175.4 1.79459 -0.100958
175.5 1.77875 -0.0657174
175.6 1.76264 -0.0307919
175.7 1.74626 0.00381331
175.8 1.72958 0.0380925
175.9 1.7126 0.0720398
176 1.69529 0.105649
176.1 1.67764 0.138913
176.2 1.65962 0.171826
176.3 1.6412 0.204379
176.4 1.62236 0.236565
176.5 1.60307 0.268375
176.6 1.58329 0.299799
176.7 1.56298 0.330829
176.8 1.54211 0.361452
176.9 1.5206 0.391657
177 1.49842 0.421432
177.1 1.47549 0.450762
177.2 1.45172 0.479632
177.3 1.42704 0.508023
177.4 1.40131 0.535918
177.5 1.37441 0.563294
177.6 1.34618 0.590127
177.7 1.31641 0.616388
177.8 1.28484 0.642045
177.9 1.25117 0.667059
178 1.21496 0.691384
178.1 1.17568 0.714966
178.2 1.13257 0.737737
178.3 1.0846 0.759612
178.4 1.03027 0.78048
178.5 0.967347 0.800197
178.6 0.892353 0.818561
178.7 0.799565 0.835282
178.8 0.679008 0.849922
178.9 0.512136 0.861768
179 0.262511 0.869591
179.1 -0.139954 0.871134
179.2 -0.779826 0.862462
179.3 -1.50872 0.839629
179.4 -1.89426 0.805228
179.5 -1.99741 0.766393
179.6 -2.01618 0.72667
179.7 -2.0119 0.686906
179.8 -2.00125 0.647318
179.9 -1.98877 0.607966
180 -1.97569 0.568867
180.1 -1.96234 0.53003
180.2 -1.94881 0.491458
180.3 -1.93511 0.453155
180.4 -1.92124 0.415123
180.5 -1.90719 0.377367
180.6 -1.89298 0.339889
180.7 -1.87857 0.302694
180.8 -1.86397 0.265785
180.9 -1.84917 0.229166
181 -1.83416 0.19284
181.1 -1.81893 0.156813
181.2 -1.80347 0.121089
181.3 -1.78777 0.0856716
181.4 -1.77181 0.0505667
181.5 -1.75559 0.0157791
181.6 -1.73908 -0.0186857
181.7 -1.72228 -0.0528221
181.8 -1.70515 -0.0866238
181.9 -1.6877 -0.120085
182 -1.66989 -0.153198
182.1 -1.6517 -0.185956
182.2 -1.6331 -0.218351
182.3 -1.61407 -0.250375
182.4 -1.59457 -0.28202
182.5 -1.57457 -0.313274
182.6 -1.55402 -0.344129
182.7 -1.53288 -0.374573
182.8 -1.51109 -0.404594
182.9 -1.48859 -0.434178
183 -1.46531 -0.463311
183.1 -1.44116 -0.491976
183.2 -1.41604 -0.520155
183.3 -1.38982 -0.547829
183.4 -1.36237 -0.574973
183.5 -1.3335 -0.601562
183.6 -1.30299 -0.627566
183.7 -1.27055 -0.652949
183.8 -1.23584 -0.677671
183.9 -1.19838 -0.701683
184 -1.15755 -0.724923
184.1 -1.11249 -0.747318
184.2 -1.06198 -0.768772
184.3 -1.00426 -0.789163
184.4 -0.936648 -0.808323
184.5 -0.854844 -0.826019
184.6 -0.751629 -0.841906
184.7 -0.614063 -0.855446
184.8 -0.417428 -0.865747
184.9 -0.112743 -0.871216
185 0.385879 -0.868925
185.1 1.11127 -0.854382
185.2 1.72904 -0.825734
185.3 1.9572 -0.788649
185.4 2.01052 -0.749236
185.5 2.0157 -0.709448
185.6 2.00767 -0.669748
185.7 1.99596 -0.630258
185.8 1.98316 -0.591015
185.9 1.96994 -0.552029
186 1.95651 -0.513306
186.1 1.9429 -0.474849
186.2 1.92913 -0.436663
186.3 1.91518 -0.39875
186.4 1.90106 -0.361114
186.5 1.88676 -0.323759
186.6 1.87228 -0.286687
186.7 1.85759 -0.249902
186.8 1.8427 -0.21341
186.9 1.8276 -0.177213
187 1.81227 -0.141316
187.1 1.79671 -0.105724
187.2 1.7809 -0.0704416
187.3 1.76482 -0.0354733
187.4 1.74848 -0.000824699
187.5 1.73185 0.0334987
187.6 1.71491 0.067491
187.7 1.69764 0.101146
187.8 1.68004 0.134457
187.9 1.66206 0.167418
188 1.6437 0.20002
188.1 1.62492 0.232255
188.2 1.60569 0.264116
188.3 1.58598 0.295593
188.4 1.56575 0.326676
188.5 1.54495 0.357355
188.6 1.52354 0.387617
188.7 1.50145 0.417451
188.8 1.47862 0.446842
188.9 1.45497 0.475774
189 1.43042 0.504231
189.1 1.40484 0.532194
189.2 1.37811 0.559641
189.3 1.35006 0.586549
189.4 1.32051 0.612889
189.5 1.28921 0.638629
189.6 1.25584 0.663731
189.7 1.22 0.688153
189.8 1.18117 0.711838
189.9 1.13863 0.734723
190 1.09139 0.756724
190.1 1.03802 0.777735
190.2 0.976423 0.797617
190.3 0.903324 0.816178
190.4 0.813387 0.833142
190.5 0.697392 0.848095
190.6 0.538341 0.860373
190.7 0.303021 0.868839
190.8 -0.0733245 0.871415
190.9 -0.680159 0.864402
191 -1.42336 0.843523
191.1 -1.86558 0.810257
191.2 -1.99085 0.771706
191.3 -2.01565 0.732026
191.4 -2.01302 0.692249
191.5 -2.00283 0.652633
191.6 -1.9905 0.613247
191.7 -1.97747 0.574114
191.8 -1.96415 0.535241
191.9 -1.95064 0.496633
192 -1.93696 0.458293
192.1 -1.92311 0.420225
192.2 -1.90909 0.382432
192.3 -1.8949 0.344917
192.4 -1.88052 0.307683
192.5 -1.86595 0.270735
192.6 -1.85118 0.234077
192.7 -1.8362 0.197711
192.8 -1.821 0.161644
192.9 -1.80557 0.125878
193 -1.7899 0.0904197
193.1 -1.77397 0.0552724
193.2 -1.75779 0.0204418
193.3 -1.74132 -0.0140668
193.4 -1.72455 -0.0482476
193.5 -1.70748 -0.0820948
193.6 -1.69007 -0.115602
193.7 -1.67231 -0.148762
193.8 -1.65417 -0.181568
193.9 -1.63563 -0.214013
194 -1.61666 -0.246088
194.1 -1.59722 -0.277784
194.2 -1.57729 -0.309091
194.3 -1.55682 -0.340001
194.4 -1.53576 -0.370501
194.5 -1.51407 -0.400579
194.6 -1.49167 -0.430223
194.7 -1.46849 -0.459417
194.8 -1.44447 -0.488146
194.9 -1.41948 -0.516392
195 -1.39342 -0.544135
195.1 -1.36614 -0.571352
195.2 -1.33747 -0.598017
195.3 -1.3072 -0.624102
195.4 -1.27504 -0.649571
195.5 -1.24066 -0.674385
195.6 -1.2036 -0.698495
195.7 -1.16327 -0.721843
195.8 -1.11884 -0.744356
195.9 -1.06915 -0.765944
196 -1.01254 -0.786486
196.1 -0.946457 -0.805824
196.2 -0.866898 -0.823734
196.3 -0.76715 -0.83989
196.4 -0.635294 -0.853788
196.5 -0.448748 -0.864597
196.6 -0.162802 -0.870849
196.7 0.304069 -0.86984
196.8 1.00791 -0.8572
196.9 1.6699 -0.830257
197 1.94153 -0.793856
197.1 2.0075 -0.754581
197.2 2.01614 -0.714803
197.3 2.00907 -0.67508
197.4 1.99763 -0.635559
197.5 1.98491 -0.596281
197.6 1.97174 -0.55726
197.7 1.95833 -0.518502
197.8 1.94474 -0.480009
197.9 1.93099 -0.441787
198 1.91707 -0.403837
198.1 1.90297 -0.366163
198.2 1.8887 -0.32877
198.3 1.87424 -0.291659
198.4 1.85958 -0.254836
198.5 1.84472 -0.218304
198.6 1.82965 -0.182067
198.7 1.81435 -0.14613
198.8 1.79882 -0.110496
198.9 1.78304 -0.0751718
199 1.767 -0.0401609
199.1 1.7507 -0.00546896
199.2 1.7341 0.0288985
199.3 1.7172 0.0629358
199.4 1.69999 0.0966366
199.5 1.68243 0.129994
199.6 1.6645 0.163002
199.7 1.6462 0.195653
199.8 1.62747 0.227939
199.9 1.60831 0.259851
200 1.58866 0.29138
