0 2 0
0.1 1.81103 0.0362632
0.2 1.7418 0.0704379
0.3 1.70656 0.103687
0.4 1.68252 0.136388
0.5 1.66229 0.16867
0.6 1.64324 0.200576
0.7 1.6244 0.232117
0.8 1.60537 0.263293
0.9 1.58597 0.294098
1 1.56611 0.324525
1.1 1.54573 0.354563
1.2 1.52476 0.384202
1.3 1.50315 0.41343
1.4 1.48083 0.442234
1.5 1.45772 0.4706
1.6 1.43375 0.498511
1.7 1.4088 0.525951
1.8 1.38275 0.552898
1.9 1.35547 0.579331
2 1.32675 0.605224
2.1 1.29638 0.630546
2.2 1.26407 0.655265
2.3 1.22945 0.679337
2.4 1.19204 0.702716
2.5 1.1512 0.72534
2.6 1.10603 0.747136
2.7 1.05527 0.768008
2.8 0.997069 0.787833
2.9 0.928565 0.806439
3 0.84517 0.823589
3.1 0.739053 0.838927
3.2 0.595964 0.85189
3.3 0.388214 0.861529
3.4 0.0602853 0.866121
3.5 -0.481573 0.862477
3.6 -1.23636 0.846005
3.7 -1.79612 0.815976
3.8 -1.97393 0.778923
3.9 -2.01281 0.740209
4 -2.01422 0.701272
4.1 -2.00534 0.662456
4.2 -1.99358 0.623851
4.3 -1.98094 0.585486
4.4 -1.96796 0.547368
4.5 -1.95478 0.509503
4.6 -1.94144 0.471894
4.7 -1.92794 0.434545
4.8 -1.91427 0.397457
4.9 -1.90044 0.360635
5 -1.88643 0.324082
5.1 -1.87224 0.287801
5.2 -1.85787 0.251795
5.3 -1.84329 0.216069
5.4 -1.82851 0.180627
5.5 -1.81352 0.145471
5.6 -1.7983 0.110608
5.7 -1.78284 0.0760402
5.8 -1.76714 0.0417734
5.9 -1.75117 0.00781231
6 -1.73493 -0.025838
6.1 -1.7184 -0.0591719
6.2 -1.70156 -0.0921838
6.3 -1.68439 -0.124867
6.4 -1.66688 -0.157216
6.5 -1.649 -0.189224
6.6 -1.63073 -0.220882
6.7 -1.61203 -0.252184
6.8 -1.59288 -0.28312
6.9 -1.57324 -0.313682
7 -1.55307 -0.343859
7.1 -1.53232 -0.373642
7.2 -1.51095 -0.403019
7.3 -1.4889 -0.431976
7.4 -1.46608 -0.4605
7.5 -1.44243 -0.488576
7.6 -1.41784 -0.516187
7.7 -1.39221 -0.543313
7.8 -1.36538 -0.569933
7.9 -1.3372 -0.596022
8 -1.30745 -0.621552
8.1 -1.27587 -0.646491
8.2 -1.24213 -0.6708
8.3 -1.20579 -0.694433
8.4 -1.16626 -0.717335
8.5 -1.12276 -0.739437
8.6 -1.07418 -0.760653
8.7 -1.0189 -0.780868
8.8 -0.954501 -0.799934
8.9 -0.877121 -0.817639
9 -0.780341 -0.833676
9.1 -0.652749 -0.847572
9.2 -0.472659 -0.858547
9.3 -0.196693 -0.865217
9.4 0.257078 -0.86501
9.5 0.95899 -0.853608
9.6 1.64803 -0.827946
9.7 1.9363 -0.792527
9.8 2.00586 -0.754123
9.9 2.01562 -0.715201
10 2.00905 -0.676325
10.1 1.99794 -0.637639
10.2 1.98552 -0.599187
10.3 1.97263 -0.56098
10.4 1.95952 -0.523024
10.5 1.94623 -0.485323
10.6 1.93279 -0.44788
10.7 1.91918 -0.410699
10.8 1.90541 -0.373781
10.9 1.89147 -0.337131
11 1.87734 -0.300753
11.1 1.86303 -0.264648
11.2 1.84853 -0.228822
11.3 1.83383 -0.193277
11.4 1.81891 -0.158018
11.5 1.80377 -0.12305
11.6 1.7884 -0.0883759
11.7 1.77279 -0.054001
11.8 1.75692 -0.0199299
11.9 1.74078 0.0138323
12 1.72435 0.04728
12.1 1.70762 0.0804078
12.2 1.69058 0.11321
12.3 1.67319 0.145679
12.4 1.65544 0.17781
12.5 1.63731 0.209594
12.6 1.61877 0.241024
12.7 1.59978 0.272092
12.8 1.58032 0.302789
12.9 1.56035 0.333105
13 1.53982 0.363031
13.1 1.51868 0.392554
13.2 1.49687 0.421663
13.3 1.47434 0.450344
13.4 1.451 0.478582
13.5 1.42676 0.506361
13.6 1.40151 0.533663
13.7 1.37513 0.560466
13.8 1.34746 0.586749
13.9 1.31829 0.612482
14 1.2874 0.637637
14.1 1.25448 0.662176
14.2 1.21912 0.686057
14.3 1.18081 0.709228
14.4 1.13884 0.731625
14.5 1.09224 0.753169
14.6 1.03958 0.773758
14.7 0.978799 0.793255
14.8 0.906632 0.811476
14.9 0.817773 0.828154
15 0.703001 0.842886
15.1 0.54521 0.855024
15.2 0.31065 0.863452
15.3 -0.0675182 0.866111
15.4 -0.683737 0.859284
15.5 -1.43854 0.838647
15.6 -1.87386 0.805818
15.7 -1.99226 0.767986
15.8 -2.0152 0.729141
15.9 -2.01224 0.690221
16 -2.00216 0.651459
16.1 -1.99004 0.612921
16.2 -1.97728 0.574625
16.3 -1.96423 0.536579
16.4 -1.95101 0.498787
16.5 -1.93762 0.461251
16.6 -1.92407 0.423976
16.7 -1.91036 0.386964
16.8 -1.89648 0.350218
16.9 -1.88242 0.313741
17 -1.86818 0.277538
17.1 -1.85375 0.241612
17.2 -1.83911 0.205966
17.3 -1.82427 0.170605
17.4 -1.80922 0.135532
17.5 -1.79393 0.100752
17.6 -1.7784 0.0662692
17.7 -1.76263 0.0320888
17.8 -1.74658 -0.00178452
17.9 -1.73026 -0.0353454
18 -1.71364 -0.0685884
18.1 -1.69671 -0.101508
18.2 -1.67945 -0.134097
18.3 -1.66184 -0.166349
18.4 -1.64385 -0.198258
18.5 -1.62546 -0.229816
18.6 -1.60663 -0.261015
18.7 -1.58735 -0.291846
18.8 -1.56756 -0.322299
18.9 -1.54723 -0.352366
19 -1.52632 -0.382034
19.1 -1.50476 -0.411293
19.2 -1.48249 -0.440129
19.3 -1.45945 -0.468527
19.4 -1.43554 -0.496473
19.5 -1.41067 -0.523948
19.6 -1.38471 -0.550932
19.7 -1.35752 -0.577404
19.8 -1.32892 -0.603337
19.9 -1.29868 -0.628703
20 -1.26652 -0.653467
20.1 -1.23209 -0.677589
20.2 -1.1949 -0.70102
20.3 -1.15434 -0.723702
20.4 -1.10953 -0.745562
20.5 -1.05924 -0.766506
20.6 -1.00166 -0.786413
20.7 -0.934044 -0.805116
20.8 -0.851959 -0.822384
20.9 -0.747894 -0.83787
21 -0.608244 -0.851034
21.1 -0.406691 -0.860964
21.2 -0.0904215 -0.866013
21.3 0.432532 -0.863127
21.4 1.18056 -0.847724
21.5 1.77063 -0.818522
21.6 1.9677 -0.781738
21.7 2.01179 -0.743072
21.8 2.01462 -0.704135
21.9 2.00613 -0.665306
22 1.99449 -0.626684
22.1 1.98189 -0.5883
22.2 1.96893 -0.550164
22.3 1.95576 -0.512281
22.4 1.94243 -0.474653
22.5 1.92894 -0.437284
22.6 1.91528 -0.400177
22.7 1.90146 -0.363336
22.8 1.88747 -0.326763
22.9 1.87329 -0.290461
23 1.85893 -0.254435
23.1 1.84437 -0.218689
23.2 1.82961 -0.183225
23.3 1.81463 -0.148048
23.4 1.79943 -0.113163
23.5 1.78399 -0.0785737
23.6 1.7683 -0.0442846
23.7 1.75236 -0.0103008
23.8 1.73614 0.0233725
23.9 1.71963 0.0567299
24 1.70281 0.0897657
24.1 1.68567 0.122474
24.2 1.66818 0.154848
24.3 1.65033 0.18688
24.4 1.63208 0.218565
24.5 1.61342 0.249893
24.6 1.5943 0.280856
24.7 1.5747 0.311446
24.8 1.55457 0.341652
24.9 1.53387 0.371464
25 1.51255 0.400871
25.1 1.49054 0.42986
25.2 1.46779 0.458417
25.3 1.4442 0.486526
25.4 1.41969 0.514172
25.5 1.39413 0.541334
25.6 1.3674 0.567992
25.7 1.33933 0.594121
25.8 1.3097 0.619693
25.9 1.27827 0.644677
26 1.2447 0.669034
26.1 1.20856 0.692718
26.2 1.16929 0.715676
26.3 1.12612 0.73784
26.4 1.07796 0.759124
26.5 1.02325 0.779418
26.6 0.959624 0.798574
26.7 0.883377 0.816388
26.8 0.788332 0.832562
26.9 0.663573 0.846637
27 0.488462 0.857864
27.1 0.221799 0.864919
27.2 -0.215302 0.865345
27.3 -0.901324 0.854931
27.4 -1.60983 0.830263
27.5 -1.9259 0.795293
27.6 -2.00372 0.756979
27.7 -2.01571 0.718067
27.8 -2.00975 0.67918
27.9 -1.99883 0.640479
28 -1.98645 0.602009
28.1 -1.97359 0.563783
28.2 -1.96049 0.525809
28.3 -1.94722 0.488089
28.4 -1.93378 0.450627
28.5 -1.92019 0.413426
28.6 -1.90643 0.376489
28.7 -1.8925 0.33982
28.8 -1.87839 0.303421
28.9 -1.86409 0.267296
29 -1.84961 0.231449
29.1 -1.83492 0.195884
29.2 -1.82002 0.160604
29.3 -1.80489 0.125614
29.4 -1.78954 0.0909179
29.5 -1.77395 0.0565208
29.6 -1.75809 0.0224271
29.7 -1.74197 -0.0113579
29.8 -1.72557 -0.044829
29.9 -1.70886 -0.0779806
30 -1.69184 -0.110807
30.1 -1.67448 -0.143301
30.2 -1.65676 -0.175456
30.3 -1.63866 -0.207266
30.4 -1.62015 -0.238723
30.5 -1.6012 -0.269818
30.6 -1.58177 -0.300542
30.7 -1.56184 -0.330887
30.8 -1.54135 -0.360842
30.9 -1.52025 -0.390395
31 -1.4985 -0.419535
31.1 -1.47602 -0.448248
31.2 -1.45274 -0.476519
31.3 -1.42857 -0.504333
31.4 -1.40341 -0.53167
31.5 -1.37711 -0.558511
31.6 -1.34954 -0.584832
31.7 -1.3205 -0.610608
31.8 -1.28974 -0.635806
31.9 -1.25698 -0.660392
32 -1.22182 -0.684323
32.1 -1.18375 -0.707548
32.2 -1.14208 -0.730004
32.3 -1.09585 -0.751614
32.4 -1.04371 -0.772277
32.5 -0.983612 -0.791861
32.6 -0.912432 -0.810184
32.7 -0.825052 -0.826987
32.8 -0.712638 -0.84188
32.9 -0.558884 -0.85424
33 -0.331733 -0.862995
33.1 0.0326105 -0.866181
33.2 0.629611 -0.860218
33.3 1.38869 -0.840657
33.4 1.8566 -0.80849
33.5 1.98829 -0.770826
33.6 2.01479 -0.732007
33.7 2.01281 -0.693081
33.8 2.003 -0.654305
33.9 1.99096 -0.615749
34 1.97823 -0.577435
34.1 1.9652 -0.539371
34.2 1.95199 -0.501559
34.3 1.93861 -0.464005
34.4 1.92507 -0.42671
34.5 1.91137 -0.389678
34.6 1.8975 -0.352913
34.7 1.88346 -0.316417
34.8 1.86923 -0.280193
34.9 1.85481 -0.244246
35 1.8402 -0.20858
35.1 1.82537 -0.173197
35.2 1.81033 -0.138103
35.3 1.79506 -0.103301
35.4 1.77956 -0.0687967
35.5 1.7638 -0.0345938
35.6 1.74777 -0.00069776
35.7 1.73147 0.0328863
35.8 1.71488 0.0661529
35.9 1.69797 0.0990962
36 1.68074 0.13171
36.1 1.66315 0.163987
36.2 1.64519 0.195922
36.3 1.62682 0.227506
36.4 1.60803 0.258731
36.5 1.58878 0.289589
36.6 1.56903 0.320071
36.7 1.54875 0.350167
36.8 1.52788 0.379865
36.9 1.50637 0.409154
37 1.48416 0.438021
37.1 1.46117 0.466453
37.2 1.43733 0.494432
37.3 1.41254 0.521942
37.4 1.38666 0.548963
37.5 1.35957 0.575474
37.6 1.33107 0.601447
37.7 1.30096 0.626856
37.8 1.26896 0.651666
37.9 1.23471 0.675836
38 1.19775 0.69932
38.1 1.15746 0.72206
38.2 1.11299 0.743983
38.3 1.06316 0.764999
38.4 1.0062 0.784986
38.5 0.939446 0.803785
38.6 0.858632 0.821169
38.7 0.756548 0.836802
38.8 0.620199 0.850161
38.9 0.424567 0.860373
39 0.119434 0.865864
39.1 -0.38496 0.863708
39.2 -1.12386 0.849364
39.3 -1.74264 0.821028
39.4 -1.96076 0.784545
39.5 -2.01058 0.745935
39.6 -2.01497 0.706999
39.7 -2.00691 0.668156
39.8 -1.99539 0.629518
39.9 -1.98283 0.591117
40 -1.96989 0.552962
40.1 -1.95673 0.51506
40.2 -1.94341 0.477413
40.3 -1.92993 0.440025
40.4 -1.91629 0.402899
40.5 -1.90249 0.366038
40.6 -1.8885 0.329445
40.7 -1.87434 0.293123
40.8 -1.86 0.257077
40.9 -1.84545 0.22131
41 -1.8307 0.185825
41.1 -1.81574 0.150627
41.2 -1.80055 0.11572
41.3 -1.78513 0.0811089
41.4 -1.76947 0.0467975
41.5 -1.75354 0.0127911
41.6 -1.73734 -0.0209053
41.7 -1.72085 -0.0542861
41.8 -1.70406 -0.0873458
41.9 -1.68694 -0.120078
42 -1.66948 -0.152477
42.1 -1.65166 -0.184535
42.2 -1.63344 -0.216245
42.3 -1.61481 -0.2476
42.4 -1.59572 -0.27859
42.5 -1.57616 -0.309208
42.6 -1.55607 -0.339443
42.7 -1.53541 -0.369284
42.8 -1.51414 -0.398721
42.9 -1.49219 -0.427741
43 -1.46949 -0.45633
43.1 -1.44597 -0.484473
43.2 -1.42153 -0.512153
43.3 -1.39605 -0.539352
43.4 -1.36941 -0.566048
43.5 -1.34144 -0.592217
43.6 -1.31194 -0.617831
43.7 -1.28065 -0.642859
43.8 -1.24725 -0.667264
43.9 -1.21132 -0.691
44 -1.1723 -0.714013
44.1 -1.12945 -0.736238
44.2 -1.0817 -0.75759
44.3 -1.02754 -0.777961
44.4 -0.96468 -0.797208
44.5 -0.889533 -0.815129
44.6 -0.796165 -0.831436
44.7 -0.674134 -0.845687
44.8 -0.503788 -0.857159
44.9 -0.246002 -0.864587
45 0.175002 -0.865622
45.1 0.844012 -0.856174
45.2 1.56901 -0.832522
45.3 1.91436 -0.798044
45.4 2.00127 -0.759834
45.5 2.01572 -0.720934
45.6 2.01044 -0.682037
45.7 1.9997 -0.64332
45.8 1.98739 -0.604832
45.9 1.97455 -0.566588
46 1.96146 -0.528595
46.1 1.9482 -0.490857
46.2 1.93478 -0.453376
46.3 1.92119 -0.416156
46.4 1.90745 -0.379199
46.5 1.89353 -0.34251
46.6 1.87943 -0.306091
46.7 1.86515 -0.269946
46.8 1.85068 -0.234078
46.9 1.836 -0.198492
47 1.82112 -0.163191
47.1 1.80602 -0.128179
47.2 1.79068 -0.0934616
47.3 1.7751 -0.0590423
47.4 1.75927 -0.0249261
47.5 1.74317 0.0088818
47.6 1.72679 0.0423762
47.7 1.7101 0.0755515
47.8 1.69311 0.108402
47.9 1.67577 0.140921
48 1.65808 0.173101
48.1 1.64001 0.204937
48.2 1.62153 0.23642
48.3 1.60261 0.267542
48.4 1.58322 0.298294
48.5 1.56332 0.328667
48.6 1.54287 0.35865
48.7 1.52183 0.388234
48.8 1.50013 0.417404
48.9 1.4777 0.446149
49 1.45449 0.474453
49.1 1.43039 0.502301
49.2 1.4053 0.529675
49.3 1.37909 0.556553
49.4 1.35162 0.582913
49.5 1.32269 0.60873
49.6 1.29207 0.633972
49.7 1.25947 0.658604
49.8 1.2245 0.682585
49.9 1.18666 0.705864
50 1.14529 0.728379
50.1 1.09944 0.750055
50.2 1.04779 0.770791
50.3 0.988366 0.79046
50.4 0.918145 0.808883
50.5 0.832198 0.825809
50.6 0.722058 0.84086
50.7 0.572175 0.853436
50.8 0.352095 0.862509
50.9 0.000997581 0.866203
51 -0.576673 0.861076
51.1 -1.33695 0.842595
51.2 -1.83744 0.811135
51.3 -1.98381 0.77366
51.4 -2.01425 0.734873
51.5 -2.01334 0.695942
51.6 -2.00383 0.657151
51.7 -1.99188 0.618578
51.8 -1.97918 0.580246
51.9 -1.96617 0.542163
52 -1.95296 0.504333
52.1 -1.9396 0.46676
52.2 -1.92607 0.429446
52.3 -1.91239 0.392395
52.4 -1.89853 0.355609
52.5 -1.8845 0.319093
52.6 -1.87029 0.282849
52.7 -1.85588 0.246882
52.8 -1.84128 0.211195
52.9 -1.82647 0.175791
53 -1.81145 0.140676
53.1 -1.7962 0.105852
53.2 -1.78071 0.0713256
53.3 -1.76497 0.0371004
53.4 -1.74896 0.00318158
53.5 -1.73268 -0.0304257
53.6 -1.71611 -0.0637158
53.7 -1.69923 -0.096683
53.8 -1.68202 -0.129321
53.9 -1.66445 -0.161624
54 -1.64652 -0.193584
54.1 -1.62819 -0.225194
54.2 -1.60943 -0.256446
54.3 -1.59021 -0.287331
54.4 -1.5705 -0.317841
54.5 -1.55026 -0.347965
54.6 -1.52943 -0.377693
54.7 -1.50797 -0.407013
54.8 -1.48582 -0.435912
54.9 -1.46289 -0.464376
55 -1.43912 -0.492389
55.1 -1.4144 -0.519934
55.2 -1.38861 -0.546992
55.3 -1.36161 -0.573541
55.4 -1.33322 -0.599555
55.5 -1.30324 -0.625006
55.6 -1.27139 -0.649861
55.7 -1.23731 -0.67408
55.8 -1.20057 -0.697617
55.9 -1.16055 -0.720414
56 -1.11643 -0.7424
56.1 -1.06704 -0.763485
56.2 -1.01069 -0.783554
56.3 -0.944773 -0.802447
56.4 -0.865192 -0.819944
56.5 -0.76502 -0.835721
56.6 -0.631844 -0.849272
56.7 -0.441869 -0.859757
56.8 -0.14737 -0.865674
56.9 0.338884 -0.864222
57 1.06653 -0.850922
57.1 1.71206 -0.82349
57.2 1.95303 -0.787343
57.3 2.00915 -0.748797
57.4 2.01525 -0.709864
57.5 2.00767 -0.671009
57.6 1.99629 -0.632354
57.7 1.98377 -0.593934
57.8 1.97085 -0.555761
57.9 1.95771 -0.51784
58 1.9444 -0.480175
58.1 1.93093 -0.442768
58.2 1.9173 -0.405622
58.3 1.90351 -0.368741
58.4 1.88954 -0.332128
58.5 1.87539 -0.295787
58.6 1.86106 -0.25972
58.7 1.84653 -0.223932
58.8 1.83179 -0.188427
58.9 1.81685 -0.153208
59 1.80168 -0.118279
59.1 1.78628 -0.0836458
59.2 1.77063 -0.0493122
59.3 1.75472 -0.0152831
59.4 1.73854 0.0184362
59.5 1.72207 0.0518405
59.6 1.7053 0.0849239
59.7 1.68821 0.117681
59.8 1.67078 0.150104
59.9 1.65298 0.182187
60 1.6348 0.213923
60.1 1.61619 0.245305
60.2 1.59715 0.276322
60.3 1.57762 0.306968
60.4 1.55757 0.337231
60.5 1.53695 0.367102
60.6 1.51573 0.396569
60.7 1.49383 0.42562
60.8 1.47119 0.454241
60.9 1.44773 0.482418
61 1.42336 0.510133
61.1 1.39797 0.537367
61.2 1.37142 0.564101
61.3 1.34355 0.590309
61.4 1.31417 0.615966
61.5 1.28302 0.641038
61.6 1.24979 0.66549
61.7 1.21406 0.689277
61.8 1.1753 0.712345
61.9 1.13276 0.734631
62 1.08541 0.75605
62.1 1.03179 0.776498
62.2 0.969671 0.795834
62.3 0.895593 0.813861
62.4 0.803848 0.8303
62.5 0.684441 0.844722
62.6 0.518658 0.856432
62.7 0.269342 0.86422
62.8 -0.136148 0.865843
62.9 -0.787268 0.857335
63 -1.52564 0.834722
63.1 -1.90157 0.800778
63.2 -1.99848 0.762685
63.3 -2.01564 0.723801
63.4 -2.0111 0.684895
63.5 -2.00057 0.646162
63.6 -1.98832 0.607657
63.7 -1.9755 0.569395
63.8 -1.96243 0.531383
63.9 -1.94918 0.493626
64 -1.93577 0.456126
64.1 -1.9222 0.418886
64.2 -1.90846 0.38191
64.3 -1.89456 0.345201
64.4 -1.88048 0.308762
64.5 -1.86621 0.272597
64.6 -1.85175 0.236708
64.7 -1.83709 0.201101
64.8 -1.82222 0.165779
64.9 -1.80713 0.130746
65 -1.79182 0.0960068
65.1 -1.77626 0.0615654
65.2 -1.76044 0.0274268
65.3 -1.74436 -0.00640402
65.4 -1.728 -0.0399217
65.5 -1.71134 -0.0731206
65.6 -1.69437 -0.105995
65.7 -1.67706 -0.138538
65.8 -1.65939 -0.170744
65.9 -1.64135 -0.202606
66 -1.6229 -0.234115
66.1 -1.60402 -0.265263
66.2 -1.58466 -0.296043
66.3 -1.56481 -0.326444
66.4 -1.5444 -0.356457
66.5 -1.5234 -0.38607
66.6 -1.50175 -0.415271
66.7 -1.47938 -0.444048
66.8 -1.45622 -0.472386
66.9 -1.43219 -0.500268
67 -1.40718 -0.527676
67.1 -1.38106 -0.554592
67.2 -1.35369 -0.580991
67.3 -1.32487 -0.606849
67.4 -1.29439 -0.632134
67.5 -1.26194 -0.656813
67.6 -1.22716 -0.680843
67.7 -1.18956 -0.704175
67.8 -1.14847 -0.72675
67.9 -1.10299 -0.74849
68 -1.05182 -0.7693
68.1 -0.993063 -0.789052
68.2 -0.923774 -0.807575
68.3 -0.839216 -0.824622
68.4 -0.731269 -0.839828
68.5 -0.585099 -0.852614
68.6 -0.37177 -0.861994
68.7 -0.0333502 -0.866178
68.8 0.525026 -0.86186
68.9 1.28356 -0.844458
69 1.81622 -0.813749
69.1 1.97876 -0.776489
69.2 2.01355 -0.737738
69.3 2.01383 -0.698803
69.4 2.00465 -0.659999
69.5 1.9928 -0.621409
69.6 1.98013 -0.583059
69.7 1.96713 -0.544957
69.8 1.95394 -0.507108
69.9 1.94059 -0.469516
70 1.92707 -0.432183
70.1 1.9134 -0.395112
70.2 1.89956 -0.358307
70.3 1.88554 -0.321771
70.4 1.87134 -0.285507
70.5 1.85695 -0.249519
70.6 1.84236 -0.213811
70.7 1.82757 -0.178387
70.8 1.81256 -0.14325
70.9 1.79733 -0.108405
71 1.78185 -0.0738561
71.1 1.76613 -0.0396085
71.2 1.75015 -0.00566698
71.3 1.73389 0.0279634
71.4 1.71734 0.061277
71.5 1.70048 0.0942682
71.6 1.68329 0.126931
71.7 1.66576 0.159258
71.8 1.64785 0.191244
71.9 1.62955 0.22288
72 1.61083 0.254158
72.1 1.59164 0.285071
72.2 1.57197 0.315609
72.3 1.55177 0.345762
72.4 1.53099 0.375519
72.5 1.50957 0.404869
72.6 1.48747 0.4338
72.7 1.46461 0.462296
72.8 1.4409 0.490343
72.9 1.41625 0.517923
73 1.39054 0.545018
73.1 1.36364 0.571605
73.2 1.33536 0.597659
73.3 1.30551 0.623153
73.4 1.2738 0.648053
73.5 1.23991 0.672321
73.6 1.20338 0.695909
73.7 1.16363 0.718763
73.8 1.11984 0.740811
73.9 1.07089 0.761967
74 1.01512 0.782115
74.1 0.950026 0.801101
74.2 0.871642 0.81871
74.3 0.773318 0.834628
74.4 0.64319 0.848366
74.5 0.458625 0.859117
74.6 0.174276 0.865445
74.7 -0.294315 0.864672
74.8 -1.00884 0.852399
74.9 -1.67884 0.825904
75 -1.94445 0.790131
75.1 -2.00749 0.751657
75.2 -2.01548 0.712729
75.3 -2.00842 0.673862
75.4 -1.99718 0.635191
75.5 -1.98471 0.596753
75.6 -1.97181 0.558562
75.7 -1.95868 0.520623
75.8 -1.94538 0.482938
75.9 -1.93193 0.445512
76 -1.91831 0.408347
76.1 -1.90453 0.371446
76.2 -1.89057 0.334814
76.3 -1.87644 0.298452
76.4 -1.86212 0.262365
76.5 -1.8476 0.226556
76.6 -1.83289 0.19103
76.7 -1.81796 0.15579
76.8 -1.8028 0.12084
76.9 -1.78742 0.0861845
77 -1.77179 0.0518287
77.1 -1.7559 0.017777
77.2 -1.73974 -0.0159653
77.3 -1.7233 -0.0493929
77.4 -1.70655 -0.0825002
77.5 -1.68948 -0.115281
77.6 -1.67207 -0.147729
77.7 -1.6543 -0.179838
77.8 -1.63615 -0.2116
77.9 -1.61758 -0.243007
78 -1.59856 -0.274052
78.1 -1.57907 -0.304725
78.2 -1.55906 -0.335017
78.3 -1.53849 -0.364917
78.4 -1.51731 -0.394414
78.5 -1.49546 -0.423497
78.6 -1.47288 -0.45215
78.7 -1.44949 -0.48036
78.8 -1.42519 -0.508109
78.9 -1.39987 -0.53538
79 -1.37341 -0.562151
79.1 -1.34565 -0.588399
79.2 -1.31639 -0.614097
79.3 -1.28538 -0.639214
79.4 -1.25231 -0.663712
79.5 -1.21678 -0.68755
79.6 -1.17827 -0.710673
79.7 -1.13604 -0.733019
79.8 -1.08909 -0.754506
79.9 -1.03599 -0.77503
80 -0.974598 -0.794452
80.1 -0.901559 -0.812584
80.2 -0.811385 -0.829152
80.3 -0.694506 -0.843742
80.4 -0.533093 -0.855685
80.5 -0.291858 -0.863821
80.6 0.098708 -0.866009
80.7 0.731286 -0.858415
80.8 1.47986 -0.836858
80.9 1.88737 -0.803493
81 1.99532 -0.765533
81.1 2.01545 -0.726668
81.2 2.01173 -0.687754
81.3 2.00142 -0.649006
81.4 1.98924 -0.610483
81.5 1.97646 -0.572202
81.6 1.9634 -0.534172
81.7 1.95016 -0.496396
81.8 1.93676 -0.458877
81.9 1.9232 -0.421618
82 1.90948 -0.384623
82.1 1.89559 -0.347894
82.2 1.88152 -0.311435
82.3 1.86727 -0.275249
82.4 1.85282 -0.23934
82.5 1.83818 -0.203712
82.6 1.82332 -0.168369
82.7 1.80825 -0.133315
82.8 1.79295 -0.0985536
82.9 1.77741 -0.0640901
83 1.76162 -0.029929
83.1 1.74556 0.00392462
83.2 1.72922 0.0374655
83.3 1.71258 0.0706881
83.4 1.69563 0.103587
83.5 1.67835 0.136155
83.6 1.66071 0.168386
83.7 1.64269 0.200272
83.8 1.62427 0.231808
83.9 1.60542 0.262983
84 1.5861 0.29379
84.1 1.56628 0.32422
84.2 1.54592 0.354261
84.3 1.52497 0.383904
84.4 1.50336 0.413136
84.5 1.48105 0.441945
84.6 1.45796 0.470315
84.7 1.43399 0.498231
84.8 1.40906 0.525676
84.9 1.38302 0.552628
85 1.35575 0.579066
85.1 1.32705 0.604965
85.2 1.29669 0.630293
85.3 1.26441 0.655018
85.4 1.22981 0.679097
85.5 1.19244 0.702483
85.6 1.15163 0.725116
85.7 1.10651 0.74692
85.8 1.05582 0.767802
85.9 0.997703 0.787638
86 0.929322 0.806258
86.1 0.846109 0.823424
86.2 0.740279 0.838782
86.3 0.59767 0.851773
86.4 0.390789 0.861452
86.5 0.0644929 0.866108
86.6 -0.474751 0.862571
86.7 -1.22876 0.846245
86.8 -1.79277 0.816328
86.9 -1.97311 0.77931
87 -2.01268 0.740602
87.1 -2.01428 0.701666
87.2 -2.00545 0.662847
87.3 -1.99371 0.62424
87.4 -1.98107 0.585872
87.5 -1.9681 0.547752
87.6 -1.95492 0.509885
87.7 -1.94158 0.472273
87.8 -1.92807 0.434921
87.9 -1.91441 0.397831
88 -1.90058 0.361006
88.1 -1.88657 0.32445
88.2 -1.87239 0.288166
88.3 -1.85801 0.252158
88.4 -1.84344 0.216429
88.5 -1.82866 0.180984
88.6 -1.81367 0.145825
88.7 -1.79845 0.110959
88.8 -1.783 0.0763881
88.9 -1.7673 0.0421182
89 -1.75134 0.00815401
89.1 -1.7351 -0.0254994
89.2 -1.71857 -0.0588366
89.3 -1.70173 -0.0918517
89.4 -1.68457 -0.124539
89.5 -1.66706 -0.156891
89.6 -1.64918 -0.188902
89.7 -1.63091 -0.220564
89.8 -1.61222 -0.251869
89.9 -1.59307 -0.282809
90 -1.57344 -0.313375
90.1 -1.55327 -0.343556
90.2 -1.53254 -0.373343
90.3 -1.51117 -0.402724
90.4 -1.48912 -0.431686
90.5 -1.46632 -0.460214
90.6 -1.44267 -0.488295
90.7 -1.4181 -0.51591
90.8 -1.39247 -0.543041
90.9 -1.36566 -0.569666
91 -1.33749 -0.595761
91.1 -1.30776 -0.621297
91.2 -1.2762 -0.646242
91.3 -1.24248 -0.670558
91.4 -1.20617 -0.694198
91.5 -1.16668 -0.717108
91.6 -1.12322 -0.739218
91.7 -1.0747 -0.760443
91.8 -1.0195 -0.78067
91.9 -0.955209 -0.799748
92 -0.877987 -0.817468
92.1 -0.781448 -0.833524
92.2 -0.654251 -0.847445
92.3 -0.474859 -0.858454
92.4 -0.200196 -0.865178
92.5 0.251251 -0.865059
92.6 0.951056 -0.853794
92.7 1.64294 -0.828267
92.8 1.93494 -0.792908
92.9 2.00558 -0.754515
93 2.01564 -0.715595
93.1 2.00914 -0.676717
93.2 1.99807 -0.638029
93.3 1.98565 -0.599574
93.4 1.97277 -0.561365
93.5 1.95965 -0.523406
93.6 1.94637 -0.485703
93.7 1.93292 -0.448258
93.8 1.91932 -0.411073
93.9 1.90555 -0.374153
94 1.89161 -0.337501
94.1 1.87749 -0.301119
94.2 1.86318 -0.265012
94.3 1.84868 -0.229182
94.4 1.83398 -0.193635
94.5 1.81906 -0.158373
94.6 1.80393 -0.123402
94.7 1.78856 -0.088725
94.8 1.77295 -0.054347
94.9 1.75708 -0.0202728
95 1.74094 0.0134925
95.1 1.72452 0.0469435
95.2 1.70779 0.0800746
95.3 1.69075 0.11288
95.4 1.67337 0.145353
95.5 1.65563 0.177486
95.6 1.6375 0.209274
95.7 1.61896 0.240708
95.8 1.59998 0.27178
95.9 1.58052 0.30248
96 1.56055 0.332801
96.1 1.54003 0.36273
96.2 1.51889 0.392257
96.3 1.4971 0.421371
96.4 1.47457 0.450056
96.5 1.45124 0.478299
96.6 1.42701 0.506083
96.7 1.40177 0.533389
96.8 1.3754 0.560198
96.9 1.34774 0.586486
97 1.3186 0.612225
97.1 1.28773 0.637386
97.2 1.25482 0.661931
97.3 1.21949 0.685819
97.4 1.18122 0.708997
97.5 1.13929 0.731403
97.6 1.09274 0.752956
97.7 1.04015 0.773555
97.8 0.979464 0.793064
97.9 0.907434 0.811299
98 0.818781 0.827994
98.1 0.704338 0.842748
98.2 0.547112 0.854918
98.3 0.31359 0.863391
98.4 -0.0626449 0.866123
98.5 -0.676237 0.859417
98.6 -1.43181 0.838927
98.7 -1.87159 0.806187
98.8 -1.99175 0.768377
98.9 -2.01515 0.729535
99 -2.01232 0.690614
99.1 -2.00227 0.65185
99.2 -1.99017 0.61331
99.3 -1.97741 0.575011
99.4 -1.96437 0.536963
99.5 -1.95114 0.499168
99.6 -1.93775 0.461629
99.7 -1.92421 0.424351
99.8 -1.9105 0.387336
99.9 -1.89662 0.350588
100 -1.88256 0.314109
100.1 -1.86832 0.277903
100.2 -1.85389 0.241974
100.3 -1.83926 0.206325
100.4 -1.82443 0.170961
100.5 -1.80937 0.135885
100.6 -1.79409 0.101102
100.7 -1.77856 0.0666163
100.8 -1.76279 0.0324328
100.9 -1.74675 -0.00144366
101 -1.73043 -0.0350078
101.1 -1.71381 -0.068254
101.2 -1.69689 -0.101177
101.3 -1.67963 -0.133769
101.4 -1.66202 -0.166025
101.5 -1.64403 -0.197938
101.6 -1.62564 -0.229499
101.7 -1.60682 -0.260701
101.8 -1.58754 -0.291536
101.9 -1.56776 -0.321993
102 -1.54744 -0.352064
102.1 -1.52653 -0.381736
102.2 -1.50498 -0.410999
102.3 -1.48272 -0.439839
102.4 -1.45969 -0.468242
102.5 -1.43579 -0.496193
102.6 -1.41093 -0.523672
102.7 -1.38498 -0.550662
102.8 -1.3578 -0.577139
102.9 -1.32921 -0.603078
103 -1.29899 -0.628449
103.1 -1.26686 -0.65322
103.2 -1.23245 -0.677348
103.3 -1.1953 -0.700787
103.4 -1.15477 -0.723477
103.5 -1.11001 -0.745346
103.6 -1.05978 -0.766299
103.7 -1.00229 -0.786217
103.8 -0.93479 -0.804934
103.9 -0.852883 -0.822217
104 -0.749094 -0.837724
104.1 -0.609905 -0.850915
104.2 -0.409181 -0.860884
104.3 -0.094472 -0.865995
104.4 0.42591 -0.863211
104.5 1.17282 -0.847954
104.6 1.76693 -0.818869
104.7 1.96679 -0.782124
104.8 2.01164 -0.743466
104.9 2.01467 -0.704529
105 2.00624 -0.665697
105.1 1.99461 -0.627073
105.2 1.98202 -0.588687
105.3 1.96906 -0.550549
105.4 1.95589 -0.512662
105.5 1.94256 -0.475032
105.6 1.92907 -0.437661
105.7 1.91542 -0.400551
105.8 1.9016 -0.363707
105.9 1.88761 -0.327131
106 1.87344 -0.290827
106.1 1.85908 -0.254798
106.2 1.84452 -0.219049
106.3 1.82976 -0.183582
106.4 1.81478 -0.148403
106.5 1.79958 -0.113514
106.6 1.78415 -0.0789218
106.7 1.76846 -0.0446296
106.8 1.75252 -0.0106427
106.9 1.7363 0.0230337
107 1.71979 0.0563944
107.1 1.70298 0.0894334
107.2 1.68584 0.122145
107.3 1.66836 0.154522
107.4 1.65051 0.186558
107.5 1.63227 0.218246
107.6 1.61361 0.249578
107.7 1.5945 0.280545
107.8 1.5749 0.311139
107.9 1.55478 0.341349
108 1.53408 0.371165
108.1 1.51277 0.400576
108.2 1.49077 0.429569
108.3 1.46802 0.45813
108.4 1.44444 0.486244
108.5 1.41994 0.513894
108.6 1.3944 0.541062
108.7 1.36768 0.567725
108.8 1.33962 0.593859
108.9 1.31001 0.619438
109 1.27859 0.644428
109.1 1.24505 0.668791
109.2 1.20894 0.692483
109.3 1.16971 0.715448
109.4 1.12658 0.73762
109.5 1.07848 0.758913
109.6 1.02384 0.779218
109.7 0.960323 0.798387
109.8 0.884228 0.816216
109.9 0.789417 0.832408
110 0.665039 0.846507
110.1 0.490595 0.857768
110.2 0.225176 0.864876
110.3 -0.20968 0.865386
110.4 -0.893426 0.855107
110.5 -1.60438 0.830576
110.6 -1.92438 0.795671
110.7 -2.0034 0.757372
110.8 -2.01572 0.718461
110.9 -2.00985 0.679573
111 -1.99895 0.640869
111.1 -1.98658 0.602396
111.2 -1.97372 0.564168
111.3 -1.96062 0.526192
111.4 -1.94735 0.488469
111.5 -1.93392 0.451005
111.6 -1.92033 0.413801
111.7 -1.90657 0.376862
111.8 -1.89264 0.340189
111.9 -1.87853 0.303787
112 -1.86424 0.26766
112.1 -1.84975 0.23181
112.2 -1.83507 0.196242
112.3 -1.82017 0.160959
112.4 -1.80505 0.125966
112.5 -1.7897 0.0912672
112.6 -1.7741 0.056867
112.7 -1.75826 0.0227703
112.8 -1.74214 -0.0110179
112.9 -1.72574 -0.0444922
113 -1.70903 -0.077647
113.1 -1.69202 -0.110476
113.2 -1.67466 -0.142974
113.3 -1.65694 -0.175133
113.4 -1.63885 -0.206946
113.5 -1.62034 -0.238407
113.6 -1.60139 -0.269505
113.7 -1.58197 -0.300234
113.8 -1.56204 -0.330582
113.9 -1.54156 -0.360541
114 -1.52047 -0.390098
114.1 -1.49872 -0.419242
114.2 -1.47625 -0.447959
114.3 -1.45298 -0.476235
114.4 -1.42882 -0.504054
114.5 -1.40367 -0.531396
114.6 -1.37739 -0.558242
114.7 -1.34983 -0.584569
114.8 -1.3208 -0.61035
114.9 -1.29006 -0.635554
115 -1.25732 -0.660147
115.1 -1.22219 -0.684084
115.2 -1.18415 -0.707317
115.3 -1.14252 -0.729781
115.4 -1.09635 -0.7514
115.5 -1.04427 -0.772074
115.6 -0.984269 -0.791669
115.7 -0.913221 -0.810006
115.8 -0.826041 -0.826826
115.9 -0.713945 -0.841741
116 -0.560732 -0.85413
116.1 -0.334571 -0.86293
116.2 0.0279183 -0.866187
116.3 0.622267 -0.860341
116.4 1.38169 -0.840927
116.5 1.85408 -0.808855
116.6 1.9877 -0.771216
116.7 2.01473 -0.732401
116.8 2.01289 -0.693474
116.9 2.00311 -0.654696
117 1.99109 -0.616138
117.1 1.97836 -0.577821
117.2 1.96533 -0.539754
117.3 1.95212 -0.50194
117.4 1.93875 -0.464383
117.5 1.92521 -0.427086
117.6 1.91151 -0.390051
117.7 1.89764 -0.353283
117.8 1.8836 -0.316784
117.9 1.86938 -0.280558
118 1.85496 -0.244608
118.1 1.84035 -0.208939
118.2 1.82552 -0.173553
118.3 1.81049 -0.138456
118.4 1.79522 -0.103652
118.5 1.77971 -0.0691439
118.6 1.76396 -0.034938
118.7 1.74794 -0.00103883
118.8 1.73164 0.0325484
118.9 1.71505 0.0658183
119 1.69814 0.0987648
119.1 1.68091 0.131382
119.2 1.66333 0.163663
119.3 1.64537 0.195601
119.4 1.62701 0.227188
119.5 1.60822 0.258417
119.6 1.58898 0.289279
119.7 1.56924 0.319765
119.8 1.54895 0.349864
119.9 1.52809 0.379567
120 1.50659 0.40886
120.1 1.48438 0.437732
120.2 1.46141 0.466167
120.3 1.43758 0.494151
120.4 1.41279 0.521666
120.5 1.38693 0.548693
120.6 1.35985 0.575208
120.7 1.33137 0.601188
120.8 1.30128 0.626602
120.9 1.26929 0.651418
121 1.23507 0.675595
121.1 1.19814 0.699087
121.2 1.15788 0.721834
121.3 1.11347 0.743766
121.4 1.0637 0.764791
121.5 1.00682 0.78479
121.6 0.940182 0.803602
121.7 0.85954 0.821001
121.8 0.757722 0.836654
121.9 0.621817 0.85004
122 0.426977 0.86029
122.1 0.123334 0.86584
122.2 -0.378542 0.863783
122.3 -1.11601 0.849583
122.4 -1.73859 0.821369
122.5 -1.95975 0.78493
122.6 -2.01039 0.746328
122.7 -2.01501 0.707393
122.8 -2.00702 0.668548
122.9 -1.99551 0.629908
123 -1.98296 0.591504
123.1 -1.97002 0.553347
123.2 -1.95687 0.515442
123.3 -1.94355 0.477792
123.4 -1.93007 0.440402
123.5 -1.91643 0.403273
123.6 -1.90263 0.366409
123.7 -1.88865 0.329813
123.8 -1.87449 0.293489
123.9 -1.86014 0.25744
124 -1.8456 0.22167
124.1 -1.83085 0.186182
124.2 -1.81589 0.150981
124.3 -1.80071 0.116072
124.4 -1.78529 0.0814572
124.5 -1.76963 0.0471428
124.6 -1.7537 0.0131333
124.7 -1.7375 -0.0205663
124.8 -1.72102 -0.0539503
124.9 -1.70423 -0.0870132
125 -1.68712 -0.119749
125.1 -1.66966 -0.152151
125.2 -1.65184 -0.184213
125.3 -1.63363 -0.215926
125.4 -1.615 -0.247285
125.5 -1.59592 -0.278279
125.6 -1.57636 -0.3089
125.7 -1.55628 -0.339139
125.8 -1.53563 -0.368985
125.9 -1.51436 -0.398426
126 -1.49241 -0.42745
126.1 -1.46972 -0.456043
126.2 -1.44621 -0.484191
126.3 -1.42178 -0.511876
126.4 -1.39632 -0.53908
126.5 -1.36969 -0.56578
126.6 -1.34173 -0.591955
126.7 -1.31225 -0.617575
126.8 -1.28097 -0.642609
126.9 -1.2476 -0.66702
127 -1.2117 -0.690763
127.1 -1.17272 -0.713784
127.2 -1.12991 -0.736017
127.3 -1.08222 -0.757379
127.4 -1.02813 -0.777761
127.5 -0.96537 -0.797019
127.6 -0.890371 -0.814955
127.7 -0.797229 -0.831281
127.8 -0.675564 -0.845555
127.9 -0.505857 -0.85706
128 -0.249258 -0.864538
128.1 0.16958 -0.865656
128.2 0.83618 -0.856338
128.3 1.5632 -0.832828
128.4 1.91268 -0.79842
128.5 2.00091 -0.760226
128.6 2.01572 -0.721328
128.7 2.01053 -0.68243
128.8 1.99982 -0.64371
128.9 1.98751 -0.60522
129 1.97468 -0.566974
129.1 1.96159 -0.528978
129.2 1.94833 -0.491237
129.3 1.93491 -0.453753
129.4 1.92133 -0.416531
129.5 1.90759 -0.379571
129.6 1.89367 -0.342879
129.7 1.87958 -0.306458
129.8 1.8653 -0.27031
129.9 1.85083 -0.234439
130 1.83615 -0.19885
130.1 1.82127 -0.163546
130.2 1.80617 -0.128532
130.3 1.79084 -0.0938111
130.4 1.77526 -0.0593887
130.5 1.75943 -0.0252695
130.6 1.74333 0.00854157
130.7 1.72695 0.0420392
130.8 1.71027 0.0752177
130.9 1.69328 0.108071
131 1.67595 0.140593
131.1 1.65826 0.172778
131.2 1.64019 0.204617
131.3 1.62172 0.236103
131.4 1.6028 0.267229
131.5 1.58342 0.297985
131.6 1.56353 0.328362
131.7 1.54308 0.358349
131.8 1.52204 0.387936
131.9 1.50035 0.417111
132 1.47793 0.445861
132.1 1.45473 0.47417
132.2 1.43063 0.502022
132.3 1.40555 0.5294
132.4 1.37936 0.556284
132.5 1.3519 0.58265
132.6 1.32299 0.608472
132.7 1.29239 0.63372
132.8 1.25981 0.658358
132.9 1.22487 0.682346
133 1.18706 0.705632
133.1 1.14573 0.728156
133.2 1.09993 0.74984
133.3 1.04834 0.770587
133.4 0.989015 0.790267
133.5 0.918923 0.808704
133.6 0.833169 0.825647
133.7 0.723336 0.840719
133.8 0.573971 0.853324
133.9 0.354837 0.86244
134 0.00551471 0.866203
134.1 -0.569501 0.861188
134.2 -1.32971 0.842855
134.3 -1.83465 0.811496
134.4 -1.98315 0.774049
134.5 -2.01416 0.735266
134.6 -2.01341 0.696335
134.7 -2.00394 0.657542
134.8 -1.99201 0.618967
134.9 -1.97931 0.580633
135 -1.9663 0.542547
135.1 -1.9531 0.504714
135.2 -1.93973 0.467138
135.3 -1.92621 0.429822
135.4 -1.91253 0.392768
135.5 -1.89867 0.35598
135.6 -1.88464 0.319461
135.7 -1.87043 0.283214
135.8 -1.85603 0.247244
135.9 -1.84143 0.211554
136 -1.82662 0.176148
136.1 -1.8116 0.141029
136.2 -1.79635 0.106203
136.3 -1.78086 0.0716731
136.4 -1.76513 0.0374448
136.5 -1.74913 0.00352287
136.6 -1.73285 -0.0300875
136.7 -1.71628 -0.0633809
136.8 -1.6994 -0.0963515
136.9 -1.68219 -0.128993
137 -1.66463 -0.161299
137.1 -1.6467 -0.193262
137.2 -1.62838 -0.224876
137.3 -1.60962 -0.256132
137.4 -1.59041 -0.287021
137.5 -1.57071 -0.317535
137.6 -1.55047 -0.347663
137.7 -1.52965 -0.377395
137.8 -1.50819 -0.406719
137.9 -1.48604 -0.435622
138 -1.46313 -0.46409
138.1 -1.43936 -0.492108
138.2 -1.41465 -0.519658
138.3 -1.38887 -0.546721
138.4 -1.36189 -0.573275
138.5 -1.33352 -0.599295
138.6 -1.30355 -0.624752
138.7 -1.27172 -0.649613
138.8 -1.23767 -0.673839
138.9 -1.20096 -0.697383
139 -1.16098 -0.720187
139.1 -1.1169 -0.742182
139.2 -1.06757 -0.763277
139.3 -1.0113 -0.783356
139.4 -0.945498 -0.802262
139.5 -0.866084 -0.819775
139.6 -0.76617 -0.835571
139.7 -0.63342 -0.849148
139.8 -0.444202 -0.859671
139.9 -0.151126 -0.865644
140 0.332673 -0.864288
140.1 1.05862 -0.85113
140.2 1.70766 -0.823825
140.3 1.95191 -0.787727
140.4 2.00894 -0.749189
140.5 2.01529 -0.710257
140.6 2.00778 -0.6714
140.7 1.99641 -0.632743
140.8 1.9839 -0.594321
140.9 1.97098 -0.556146
141 1.95784 -0.518222
141.1 1.94453 -0.480554
141.2 1.93107 -0.443145
141.3 1.91744 -0.405996
141.4 1.90365 -0.369113
141.5 1.88968 -0.332497
141.6 1.87554 -0.296153
141.7 1.8612 -0.260083
141.8 1.84668 -0.224293
141.9 1.83194 -0.188784
142 1.817 -0.153562
142.1 1.80183 -0.118631
142.2 1.78643 -0.0839944
142.3 1.77079 -0.0496577
142.4 1.75488 -0.0156256
142.5 1.73871 0.0180969
142.6 1.72224 0.0515044
142.7 1.70548 0.0845911
142.8 1.68839 0.117351
142.9 1.67096 0.149778
143 1.65316 0.181865
143.1 1.63498 0.213604
143.2 1.61638 0.244989
143.3 1.59734 0.27601
143.4 1.57782 0.30666
143.5 1.55777 0.336927
143.6 1.53717 0.366802
143.7 1.51595 0.396273
143.8 1.49405 0.425329
143.9 1.47142 0.453954
144 1.44797 0.482135
144.1 1.42361 0.509855
144.2 1.39823 0.537094
144.3 1.37169 0.563833
144.4 1.34384 0.590047
144.5 1.31447 0.615709
144.6 1.28334 0.640788
144.7 1.25013 0.665246
144.8 1.21443 0.68904
144.9 1.1757 0.712116
145 1.13321 0.73441
145.1 1.08592 0.755839
145.2 1.03237 0.776297
145.3 0.970352 0.795644
145.4 0.896418 0.813686
145.5 0.804892 0.830143
145.6 0.685838 0.844588
145.7 0.520666 0.856331
145.8 0.272482 0.864167
145.9 -0.130922 0.865869
146 -0.77953 0.857488
146.1 -1.51949 0.835019
146.2 -1.8997 0.801152
146.3 -1.99807 0.763076
146.4 -2.01562 0.724195
146.5 -2.01118 0.685288
146.6 -2.00068 0.646553
146.7 -1.98844 0.608045
146.8 -1.97563 0.56978
146.9 -1.96256 0.531766
147 -1.94932 0.494006
147.1 -1.93591 0.456504
147.2 -1.92234 0.419261
147.3 -1.9086 0.382283
147.4 -1.8947 0.345571
147.5 -1.88062 0.309129
147.6 -1.86636 0.272961
147.7 -1.8519 0.23707
147.8 -1.83724 0.20146
147.9 -1.82237 0.166135
148 -1.80729 0.131099
148.1 -1.79197 0.0963565
148.2 -1.77642 0.0619121
148.3 -1.76061 0.0277704
148.4 -1.74453 -0.00606356
148.5 -1.72817 -0.0395844
148.6 -1.71151 -0.0727866
148.7 -1.69454 -0.105664
148.8 -1.67724 -0.138211
148.9 -1.65958 -0.17042
149 -1.64154 -0.202285
149.1 -1.62309 -0.233798
149.2 -1.60421 -0.26495
149.3 -1.58486 -0.295734
149.4 -1.56501 -0.326139
149.5 -1.54461 -0.356155
149.6 -1.52361 -0.385773
149.7 -1.50197 -0.414978
149.8 -1.47961 -0.443759
149.9 -1.45646 -0.472101
150 -1.43244 -0.499988
150.1 -1.40744 -0.527402
150.2 -1.38133 -0.554322
150.3 -1.35397 -0.580727
150.4 -1.32517 -0.60659
150.5 -1.29471 -0.631881
150.6 -1.26228 -0.656566
150.7 -1.22753 -0.680603
150.8 -1.18996 -0.703943
150.9 -1.14891 -0.726525
151 -1.10348 -0.748275
151.1 -1.05238 -0.769094
151.2 -0.993703 -0.788858
151.3 -0.924541 -0.807394
151.4 -0.84017 -0.824458
151.5 -0.732519 -0.839685
151.6 -0.586846 -0.852499
151.7 -0.37442 -0.861922
151.8 -0.0376984 -0.866171
151.9 0.518038 -0.861962
152 1.27611 -0.844708
152.1 1.81313 -0.814105
152.2 1.97803 -0.776877
152.3 2.01344 -0.738131
152.4 2.0139 -0.699196
152.5 2.00476 -0.66039
152.6 1.99292 -0.621798
152.7 1.98026 -0.583445
152.8 1.96726 -0.545341
152.9 1.95408 -0.507489
153 1.94072 -0.469894
153.1 1.92721 -0.432559
153.2 1.91354 -0.395485
153.3 1.8997 -0.358678
153.4 1.88568 -0.322139
153.5 1.87148 -0.285872
153.6 1.85709 -0.249882
153.7 1.84251 -0.214171
153.8 1.82772 -0.178743
153.9 1.81271 -0.143603
154 1.79748 -0.108755
154.1 1.78201 -0.0742038
154.2 1.76629 -0.0399531
154.3 1.75031 -0.00600848
154.4 1.73406 0.027625
154.5 1.71751 0.0609419
154.6 1.70065 0.0939364
154.7 1.68347 0.126602
154.8 1.66594 0.158933
154.9 1.64804 0.190922
155 1.62974 0.222562
155.1 1.61102 0.253844
155.2 1.59184 0.284761
155.3 1.57217 0.315302
155.4 1.55197 0.345459
155.5 1.5312 0.375221
155.6 1.50979 0.404575
155.7 1.4877 0.43351
155.8 1.46484 0.46201
155.9 1.44114 0.490062
156 1.4165 0.517647
156.1 1.39081 0.544747
156.2 1.36392 0.571339
156.3 1.33566 0.597399
156.4 1.30582 0.622899
156.5 1.27413 0.647805
156.6 1.24026 0.672079
156.7 1.20376 0.695675
156.8 1.16405 0.718536
156.9 1.12031 0.740593
157 1.07142 0.761758
157.1 1.01572 0.781917
157.2 0.950742 0.800916
157.3 0.87252 0.81854
157.4 0.774445 0.834477
157.5 0.644726 0.848241
157.6 0.460885 0.859028
157.7 0.177894 0.86541
157.8 -0.288311 0.864729
157.9 -1.0009 0.852596
158 -1.67407 0.826232
158.1 -1.9432 0.790513
158.2 -2.00725 0.752049
158.3 -2.01551 0.713122
158.4 -2.00852 0.674254
158.5 -1.9973 0.635581
158.6 -1.98484 0.597141
158.7 -1.97194 0.558947
158.8 -1.95881 0.521005
158.9 -1.94552 0.483318
159 -1.93207 0.445889
159.1 -1.91845 0.408721
159.2 -1.90467 0.371818
159.3 -1.89072 0.335183
159.4 -1.87658 0.298818
159.5 -1.86227 0.262729
159.6 -1.84775 0.226917
159.7 -1.83304 0.191388
159.8 -1.81811 0.156144
159.9 -1.80296 0.121192
160 -1.78757 0.0865333
160.1 -1.77195 0.0521745
160.2 -1.75606 0.0181197
160.3 -1.73991 -0.0156257
160.4 -1.72346 -0.0490566
160.5 -1.70672 -0.0821671
160.6 -1.68966 -0.114951
160.7 -1.67225 -0.147403
160.8 -1.65449 -0.179515
160.9 -1.63633 -0.211281
161 -1.61777 -0.242692
161.1 -1.59876 -0.27374
161.2 -1.57927 -0.304417
161.3 -1.55927 -0.334713
161.4 -1.5387 -0.364617
161.5 -1.51753 -0.394118
161.6 -1.49569 -0.423205
161.7 -1.47311 -0.451862
161.8 -1.44973 -0.480077
161.9 -1.42544 -0.507831
162 -1.40013 -0.535106
162.1 -1.37369 -0.561883
162.2 -1.34594 -0.588136
162.3 -1.31669 -0.61384
162.4 -1.2857 -0.638963
162.5 -1.25266 -0.663468
162.6 -1.21716 -0.687312
162.7 -1.17867 -0.710444
162.8 -1.13648 -0.732797
162.9 -1.08959 -0.754293
163 -1.03657 -0.774827
163.1 -0.97527 -0.794262
163.2 -0.902371 -0.812408
163.3 -0.812409 -0.828994
163.4 -0.69587 -0.843606
163.5 -0.535043 -0.855581
163.6 -0.294889 -0.863764
163.7 0.0936739 -0.866028
163.8 0.723666 -0.858557
163.9 1.47339 -0.837146
164 1.8853 -0.803865
164.1 1.99486 -0.765924
164.2 2.01542 -0.727062
164.3 2.01181 -0.688147
164.4 2.00154 -0.649396
164.5 1.98937 -0.610871
164.6 1.97659 -0.572588
164.7 1.96353 -0.534555
164.8 1.9503 -0.496777
164.9 1.9369 -0.459255
165 1.92334 -0.421994
165.1 1.90962 -0.384995
165.2 1.89573 -0.348264
165.3 1.88166 -0.311802
165.4 1.86741 -0.275613
165.5 1.85297 -0.239702
165.6 1.83833 -0.204071
165.7 1.82348 -0.168725
165.8 1.80841 -0.133668
165.9 1.79311 -0.0989035
166 1.77757 -0.064437
166.1 1.76178 -0.0302728
166.2 1.74572 0.00358394
166.3 1.72938 0.037128
166.4 1.71275 0.0703539
166.5 1.6958 0.103256
166.6 1.67852 0.135827
166.7 1.66089 0.168061
166.8 1.64288 0.199952
166.9 1.62446 0.231491
167 1.60561 0.26267
167.1 1.5863 0.293481
167.2 1.56649 0.323914
167.3 1.54613 0.35396
167.4 1.52518 0.383607
167.5 1.50359 0.412843
167.6 1.48128 0.441656
167.7 1.4582 0.470031
167.8 1.43424 0.497951
167.9 1.40931 0.525401
168 1.38329 0.552358
168.1 1.35603 0.578802
168.2 1.32734 0.604706
168.3 1.29701 0.63004
168.4 1.26474 0.654771
168.5 1.23018 0.678857
168.6 1.19283 0.70225
168.7 1.15206 0.724891
168.8 1.10699 0.746704
168.9 1.05637 0.767596
169 0.998336 0.787443
169.1 0.930078 0.806077
169.2 0.847047 0.823259
169.3 0.741501 0.838638
169.4 0.59937 0.851656
169.5 0.393351 0.861376
169.6 0.0686786 0.866095
169.7 -0.467957 0.862663
169.8 -1.22113 0.846485
169.9 -1.78936 0.816679
170 -1.97229 0.779697
170.1 -2.01255 0.740996
170.2 -2.01433 0.702059
170.3 -2.00556 0.663239
170.4 -1.99383 0.624629
170.5 -1.9812 0.586259
170.6 -1.96823 0.548136
170.7 -1.95505 0.510266
170.8 -1.94171 0.472652
170.9 -1.92821 0.435297
171 -1.91455 0.398204
171.1 -1.90072 0.361377
171.2 -1.88672 0.324818
171.3 -1.87253 0.288532
171.4 -1.85816 0.25252
171.5 -1.84359 0.216789
171.6 -1.82881 0.18134
171.7 -1.81382 0.146179
171.8 -1.79861 0.11131
171.9 -1.78316 0.076736
172 -1.76746 0.0424631
172.1 -1.7515 0.00849575
172.2 -1.73526 -0.0251609
172.3 -1.71874 -0.0585012
172.4 -1.7019 -0.0915197
172.5 -1.68474 -0.12421
172.6 -1.66724 -0.156566
172.7 -1.64937 -0.18858
172.8 -1.6311 -0.220246
172.9 -1.61241 -0.251554
173 -1.59327 -0.282498
173.1 -1.57364 -0.313068
173.2 -1.55348 -0.343253
173.3 -1.53275 -0.373044
173.4 -1.51139 -0.402429
173.5 -1.48935 -0.431395
173.6 -1.46655 -0.459928
173.7 -1.44292 -0.488013
173.8 -1.41835 -0.515634
173.9 -1.39274 -0.54277
174 -1.36594 -0.5694
174.1 -1.33779 -0.5955
174.2 -1.30807 -0.621042
174.3 -1.27653 -0.645993
174.4 -1.24284 -0.670315
174.5 -1.20655 -0.693963
174.6 -1.16709 -0.71688
174.7 -1.12369 -0.738999
174.8 -1.07522 -0.760233
174.9 -1.0201 -0.780471
175 -0.955915 -0.799561
175.1 -0.87885 -0.817296
175.2 -0.782552 -0.833371
175.3 -0.655749 -0.847317
175.4 -0.477049 -0.858361
175.5 -0.203682 -0.865139
175.6 0.245453 -0.865108
175.7 0.943126 -0.853979
175.8 1.6378 -0.828588
175.9 1.93355 -0.793288
176 2.0053 -0.754908
176.1 2.01565 -0.715988
176.2 2.00924 -0.677109
176.3 1.99819 -0.638419
176.4 1.98578 -0.599962
176.5 1.9729 -0.56175
176.6 1.95979 -0.523789
176.7 1.9465 -0.486083
176.8 1.93306 -0.448635
176.9 1.91946 -0.411448
177 1.90569 -0.374525
177.1 1.89175 -0.33787
177.2 1.87763 -0.301485
177.3 1.86333 -0.265375
177.4 1.84883 -0.229543
177.5 1.83413 -0.193993
177.6 1.81921 -0.158729
177.7 1.80408 -0.123754
177.8 1.78872 -0.0890741
177.9 1.77311 -0.054693
178 1.75724 -0.0206157
178.1 1.7411 0.0131527
178.2 1.72468 0.0466069
178.3 1.70796 0.0797412
178.4 1.69092 0.11255
178.5 1.67355 0.145026
178.6 1.65581 0.177163
178.7 1.63768 0.208955
178.8 1.61915 0.240392
178.9 1.60017 0.271467
179 1.58072 0.302172
179.1 1.56076 0.332496
179.2 1.54024 0.362429
179.3 1.51911 0.391961
179.4 1.49732 0.421078
179.5 1.4748 0.449768
179.6 1.45148 0.478016
179.7 1.42726 0.505804
179.8 1.40203 0.533116
179.9 1.37568 0.55993
180 1.34803 0.586223
180.1 1.3189 0.611968
180.2 1.28805 0.637134
180.3 1.25517 0.661686
180.4 1.21987 0.685581
180.5 1.18162 0.708767
180.6 1.13974 0.73118
180.7 1.09323 0.752742
180.8 1.04072 0.773351
180.9 0.980127 0.792873
181 0.908234 0.811122
181.1 0.819786 0.827834
181.2 0.70567 0.842611
181.3 0.549006 0.854811
181.4 0.316515 0.863329
181.5 -0.0577969 0.866135
181.6 -0.668757 0.859548
181.7 -1.42505 0.839206
181.8 -1.8693 0.806555
181.9 -1.99122 0.768767
182 -2.0151 0.729928
182.1 -2.0124 0.691006
182.2 -2.00239 0.652241
182.3 -1.9903 0.613698
182.4 -1.97754 0.575397
182.5 -1.9645 0.537346
182.6 -1.95128 0.499548
182.7 -1.93789 0.462008
182.8 -1.92435 0.424727
182.9 -1.91064 0.387709
183 -1.89676 0.350958
183.1 -1.8827 0.314476
183.2 -1.86847 0.278267
183.3 -1.85404 0.242335
183.4 -1.83941 0.206684
183.5 -1.82458 0.171317
183.6 -1.80952 0.136238
183.7 -1.79424 0.101452
183.8 -1.77872 0.0669634
183.9 -1.76295 0.0327768
184 -1.74691 -0.00110277
184.1 -1.7306 -0.0346701
184.2 -1.71398 -0.0679195
184.3 -1.69706 -0.100845
184.4 -1.67981 -0.133441
184.5 -1.6622 -0.165701
184.6 -1.64422 -0.197617
184.7 -1.62583 -0.229182
184.8 -1.60702 -0.260388
184.9 -1.58774 -0.291226
185 -1.56796 -0.321687
185.1 -1.54765 -0.351762
185.2 -1.52674 -0.381439
185.3 -1.5052 -0.410706
185.4 -1.48295 -0.43955
185.5 -1.45992 -0.467958
185.6 -1.43603 -0.495912
185.7 -1.41118 -0.523397
185.8 -1.38525 -0.550391
185.9 -1.35808 -0.576874
186 -1.32951 -0.602818
186.1 -1.2993 -0.628196
186.2 -1.26719 -0.652972
186.3 -1.23281 -0.677108
186.4 -1.19569 -0.700554
186.5 -1.1552 -0.723252
186.6 -1.11048 -0.745129
186.7 -1.06032 -0.766093
186.8 -1.00291 -0.786021
186.9 -0.935536 -0.804751
187 -0.853804 -0.822051
187.1 -0.75029 -0.837578
187.2 -0.61156 -0.850796
187.3 -0.41166 -0.860804
187.4 -0.0985015 -0.865976
187.5 0.419315 -0.863293
187.6 1.16506 -0.848183
187.7 1.76319 -0.819215
187.8 1.96587 -0.78251
187.9 2.01148 -0.743859
188 2.01472 -0.704922
188.1 2.00635 -0.666089
188.2 1.99474 -0.627463
188.3 1.98215 -0.589074
188.4 1.96919 -0.550933
188.5 1.95603 -0.513044
188.6 1.9427 -0.475411
188.7 1.92921 -0.438037
188.8 1.91556 -0.400925
188.9 1.90174 -0.364078
189 1.88775 -0.327499
189.1 1.87358 -0.291192
189.2 1.85922 -0.255161
189.3 1.84467 -0.219409
189.4 1.82991 -0.183939
189.5 1.81494 -0.148757
189.6 1.79974 -0.113865
189.7 1.7843 -0.0792699
189.8 1.76862 -0.0449747
189.9 1.75268 -0.0109847
190 1.73647 0.0226949
190.1 1.71996 0.0560588
190.2 1.70315 0.0891011
190.3 1.68602 0.121816
190.4 1.66854 0.154196
190.5 1.65069 0.186236
190.6 1.63246 0.217928
190.7 1.6138 0.249263
190.8 1.59469 0.280234
190.9 1.5751 0.310831
191 1.55498 0.341045
191.1 1.53429 0.370866
191.2 1.51299 0.400281
191.3 1.491 0.429278
191.4 1.46826 0.457844
191.5 1.44469 0.485962
191.6 1.42019 0.513617
191.7 1.39466 0.54079
191.8 1.36796 0.567458
191.9 1.33991 0.593598
192 1.31032 0.619182
192.1 1.27892 0.644178
192.2 1.2454 0.668548
192.3 1.20932 0.692247
192.4 1.17012 0.71522
192.5 1.12704 0.7374
192.6 1.07899 0.758703
192.7 1.02443 0.779018
192.8 0.96102 0.7982
192.9 0.885078 0.816043
193 0.790499 0.832254
193.1 0.6665 0.846378
193.2 0.492719 0.857672
193.3 0.228536 0.864831
193.4 -0.204086 0.865427
193.5 -0.885535 0.855281
193.6 -1.59887 0.830889
193.7 -1.92285 0.79605
193.8 -2.00307 0.757764
193.9 -2.01572 0.718855
194 -2.00994 0.679965
194.1 -1.99907 0.641259
194.2 -1.98671 0.602784
194.3 -1.97385 0.564554
194.4 -1.96076 0.526574
194.5 -1.94749 0.488849
194.6 -1.93406 0.451382
194.7 -1.92046 0.414176
194.8 -1.90671 0.377234
194.9 -1.89278 0.340559
195 -1.87868 0.304154
195.1 -1.86438 0.268024
195.2 -1.8499 0.232171
195.3 -1.83522 0.1966
195.4 -1.82032 0.161314
195.5 -1.8052 0.126318
195.6 -1.78985 0.0916165
195.7 -1.77426 0.0572133
195.8 -1.75842 0.0231135
195.9 -1.7423 -0.0106779
196 -1.7259 -0.0441554
196.1 -1.70921 -0.0773135
196.2 -1.69219 -0.110146
196.3 -1.67484 -0.142647
196.4 -1.65712 -0.17481
196.5 -1.63903 -0.206627
196.6 -1.62053 -0.23809
196.7 -1.60159 -0.269193
196.8 -1.58217 -0.299925
196.9 -1.56225 -0.330277
197 -1.54177 -0.36024
197.1 -1.52069 -0.389801
197.2 -1.49895 -0.41895
197.3 -1.47649 -0.447671
197.4 -1.45322 -0.475952
197.5 -1.42907 -0.503775
197.6 -1.40393 -0.531122
197.7 -1.37766 -0.557973
197.8 -1.35011 -0.584306
197.9 -1.3211 -0.610092
198 -1.29038 -0.635302
198.1 -1.25766 -0.659901
198.2 -1.22256 -0.683846
198.3 -1.18455 -0.707086
198.4 -1.14296 -0.729558
198.5 -1.09684 -0.751186
198.6 -1.04483 -0.77187
198.7 -0.984924 -0.791477
198.8 -0.914009 -0.809827
198.9 -0.827028 -0.826664
199 -0.715247 -0.841601
199.1 -0.562573 -0.854021
199.2 -0.337397 -0.862864
199.3 0.0232505 -0.866192
199.4 0.614946 -0.860461
199.5 1.37466 -0.841196
199.6 1.85153 -0.80922
199.7 1.98711 -0.771605
199.8 2.01466 -0.732794
199.9 2.01296 -0.693867
200 2.00323 -0.655087
