0 2 0
0.1 1.81088 0.0361897
0.2 1.74172 0.0702961
0.3 1.70655 0.10348
0.4 1.68257 0.136119
0.5 1.66238 0.16834
0.6 1.64338 0.200186
0.7 1.62458 0.23167
0.8 1.60559 0.26279
0.9 1.58624 0.29354
1 1.56642 0.323914
1.1 1.54608 0.3539
1.2 1.52516 0.383489
1.3 1.5036 0.412669
1.4 1.48134 0.441427
1.5 1.45829 0.469749
1.6 1.43438 0.497618
1.7 1.40951 0.525018
1.8 1.38354 0.551928
1.9 1.35633 0.578326
2 1.32771 0.604186
2.1 1.29745 0.62948
2.2 1.26526 0.654172
2.3 1.23079 0.678223
2.4 1.19355 0.701583
2.5 1.1529 0.724195
2.6 1.10798 0.745984
2.7 1.05754 0.766857
2.8 0.999748 0.78669
2.9 0.931807 0.805318
3 0.849218 0.822504
3.1 0.744327 0.837901
3.2 0.603231 0.850958
3.3 0.398966 0.860749
3.4 0.0773636 0.865594
3.5 -0.454802 0.862378
3.6 -1.20745 0.846505
3.7 -1.78368 0.81695
3.8 -1.97088 0.780097
3.9 -2.01226 0.74148
4 -2.01437 0.702619
4.1 -2.00571 0.663871
4.2 -1.99403 0.625333
4.3 -1.98143 0.587032
4.4 -1.96848 0.548978
4.5 -1.95534 0.511176
4.6 -1.94203 0.473629
4.7 -1.92856 0.436339
4.8 -1.91492 0.399311
4.9 -1.90113 0.362547
5 -1.88715 0.326051
5.1 -1.873 0.289825
5.2 -1.85866 0.253874
5.3 -1.84413 0.218202
5.4 -1.82939 0.182811
5.5 -1.81443 0.147706
5.6 -1.79926 0.112891
5.7 -1.78385 0.0783715
5.8 -1.76819 0.044151
5.9 -1.75227 0.0102346
6 -1.73608 -0.0233724
6.1 -1.7196 -0.0566647
6.2 -1.70281 -0.0896366
6.3 -1.6857 -0.122282
6.4 -1.66825 -0.154594
6.5 -1.65043 -0.186567
6.6 -1.63222 -0.218193
6.7 -1.6136 -0.249463
6.8 -1.59452 -0.280371
6.9 -1.57496 -0.310906
7 -1.55487 -0.34106
7.1 -1.53422 -0.370821
7.2 -1.51295 -0.400178
7.3 -1.491 -0.429119
7.4 -1.4683 -0.45763
7.5 -1.44477 -0.485696
7.6 -1.42032 -0.5133
7.7 -1.39484 -0.540423
7.8 -1.36819 -0.567044
7.9 -1.3402 -0.593138
8 -1.31067 -0.618679
8.1 -1.27935 -0.643635
8.2 -1.24591 -0.667967
8.3 -1.20993 -0.69163
8.4 -1.17084 -0.714572
8.5 -1.12789 -0.736725
8.6 -1.08 -0.758004
8.7 -1.02564 -0.778302
8.8 -0.96249 -0.797472
8.9 -0.886905 -0.815313
9 -0.792838 -0.831532
9.1 -0.669621 -0.84568
9.2 -0.497123 -0.857025
9.3 -0.235163 -0.864274
9.4 0.193787 -0.865029
9.5 0.872148 -0.855138
9.6 1.59031 -0.831019
9.7 1.92055 -0.796345
9.8 2.00253 -0.758152
9.9 2.01567 -0.719321
10 2.01004 -0.680505
10.1 1.99922 -0.641871
10.2 1.98691 -0.603466
10.3 1.97408 -0.565306
10.4 1.96101 -0.527395
10.5 1.94777 -0.489738
10.6 1.93437 -0.452337
10.7 1.9208 -0.415196
10.8 1.90708 -0.378318
10.9 1.89318 -0.341706
11 1.87911 -0.305364
11.1 1.86485 -0.269295
11.2 1.8504 -0.233502
11.3 1.83575 -0.197989
11.4 1.82089 -0.162761
11.5 1.80581 -0.127821
11.6 1.7905 -0.0931739
11.7 1.77495 -0.0588241
11.8 1.75914 -0.0247764
11.9 1.74307 0.00896423
12 1.72672 0.0423925
12.1 1.71007 0.0755028
12.2 1.6931 0.108289
12.3 1.6758 0.140746
12.4 1.65814 0.172865
12.5 1.6401 0.204641
12.6 1.62166 0.236065
12.7 1.60278 0.26713
12.8 1.58343 0.297827
12.9 1.56357 0.328145
13 1.54317 0.358077
13.1 1.52217 0.387609
13.2 1.50052 0.41673
13.3 1.47815 0.445428
13.4 1.45499 0.473687
13.5 1.43095 0.501492
13.6 1.40593 0.528824
13.7 1.3798 0.555663
13.8 1.35241 0.581987
13.9 1.32357 0.60777
14 1.29306 0.632981
14.1 1.26057 0.657586
14.2 1.22574 0.681543
14.3 1.18806 0.704803
14.4 1.14688 0.727304
14.5 1.10127 0.74897
14.6 1.04993 0.769705
14.7 0.990907 0.789381
14.8 0.921234 0.807823
14.9 0.836078 0.824783
15 0.727147 0.83989
15.1 0.579245 0.852557
15.2 0.362648 0.861779
15.3 0.0178355 0.865724
15.4 -0.550918 0.861018
15.5 -1.31187 0.843094
15.6 -1.82806 0.812037
15.7 -1.98155 0.774727
15.8 -2.01389 0.73603
15.9 -2.01352 0.697173
16 -2.00417 0.658452
16.1 -1.99229 0.619946
16.2 -1.97963 0.581679
16.3 -1.96665 0.54366
16.4 -1.95348 0.505893
16.5 -1.94015 0.468382
16.6 -1.92665 0.431129
16.7 -1.913 0.394138
16.8 -1.89918 0.357411
16.9 -1.88518 0.320953
17 -1.871 0.284766
17.1 -1.85664 0.248853
17.2 -1.84207 0.21322
17.3 -1.8273 0.177869
17.4 -1.81232 0.142804
17.5 -1.79711 0.108031
17.6 -1.78166 0.0735529
17.7 -1.76597 0.0393747
17.8 -1.75001 0.00550141
17.9 -1.73378 -0.0280618
18 -1.71726 -0.0613095
18.1 -1.70043 -0.0942359
18.2 -1.68328 -0.126835
18.3 -1.66577 -0.1591
18.4 -1.6479 -0.191025
18.5 -1.62964 -0.222601
18.6 -1.61095 -0.253821
18.7 -1.59181 -0.284677
18.8 -1.57217 -0.31516
18.9 -1.55201 -0.345259
19 -1.53127 -0.374964
19.1 -1.50991 -0.404264
19.2 -1.48786 -0.433145
19.3 -1.46505 -0.461595
19.4 -1.4414 -0.489597
19.5 -1.41681 -0.517134
19.6 -1.39118 -0.544188
19.7 -1.36435 -0.570736
19.8 -1.33616 -0.596755
19.9 -1.3064 -0.622216
20 -1.2748 -0.647086
20.1 -1.24103 -0.671328
20.2 -1.20465 -0.694894
20.3 -1.16507 -0.717729
20.4 -1.12149 -0.739765
20.5 -1.07281 -0.760914
20.6 -1.01738 -0.781063
20.7 -0.952743 -0.80006
20.8 -0.875004 -0.817694
20.9 -0.777639 -0.833654
21 -0.649034 -0.847463
21.1 -0.467065 -0.858328
21.2 -0.187398 -0.864847
21.3 0.273338 -0.864399
21.4 0.982185 -0.852627
21.5 1.6634 -0.826615
21.6 1.94044 -0.791083
21.7 2.00664 -0.752716
21.8 2.0155 -0.713867
21.9 2.0087 -0.675071
22 1.99755 -0.636468
22.1 1.98513 -0.598097
22.2 1.97226 -0.559971
22.3 1.95916 -0.522096
22.4 1.9459 -0.484474
22.5 1.93247 -0.44711
22.6 1.91889 -0.410006
22.7 1.90514 -0.373165
22.8 1.89122 -0.336591
22.9 1.87712 -0.300286
23 1.86283 -0.264255
23.1 1.84836 -0.228502
23.2 1.83368 -0.193029
23.3 1.81879 -0.157841
23.4 1.80368 -0.122942
23.5 1.78833 -0.0883361
23.6 1.77275 -0.0540284
23.7 1.75691 -0.0200234
23.8 1.74079 0.0136737
23.9 1.7244 0.0470577
24 1.70771 0.080123
24.1 1.69069 0.112864
24.2 1.67334 0.145273
24.3 1.65563 0.177345
24.4 1.63754 0.209072
24.5 1.61903 0.240446
24.6 1.60009 0.27146
24.7 1.58067 0.302104
24.8 1.56074 0.332369
24.9 1.54026 0.362245
25 1.51917 0.39172
25.1 1.49743 0.420783
25.2 1.47495 0.44942
25.3 1.45167 0.477616
25.4 1.4275 0.505356
25.5 1.40233 0.53262
25.6 1.37604 0.559388
25.7 1.34845 0.585638
25.8 1.3194 0.611343
25.9 1.28862 0.636471
26 1.25584 0.660988
26.1 1.22064 0.68485
26.2 1.18252 0.708007
26.3 1.14078 0.730396
26.4 1.09445 0.751939
26.5 1.04216 0.772534
26.6 0.98186 0.792048
26.7 0.910362 0.810299
26.8 0.822479 0.827025
26.9 0.709221 0.841832
27 0.553952 0.854089
27.1 0.323887 0.862708
27.2 -0.0461825 0.865688
27.3 -0.651879 0.859391
27.4 -1.41067 0.83941
27.5 -1.86463 0.807006
27.6 -1.9901 0.769334
27.7 -2.01493 0.730578
27.8 -2.01252 0.69173
27.9 -2.0026 0.653036
28 -1.99055 0.614563
28.1 -1.97782 0.57633
28.2 -1.96481 0.538347
28.3 -1.95162 0.500616
28.4 -1.93826 0.46314
28.5 -1.92475 0.425924
28.6 -1.91107 0.38897
28.7 -1.89722 0.35228
28.8 -1.8832 0.31586
28.9 -1.869 0.279711
29 -1.8546 0.243837
29.1 -1.84001 0.208243
29.2 -1.82521 0.172932
29.3 -1.8102 0.137909
29.4 -1.79496 0.103176
29.5 -1.77948 0.0687399
29.6 -1.76375 0.0346042
29.7 -1.74775 0.000774124
29.8 -1.73148 -0.0327452
29.9 -1.71492 -0.0659482
30 -1.69805 -0.098829
30.1 -1.68084 -0.131382
30.2 -1.66329 -0.163599
30.3 -1.64536 -0.195475
30.4 -1.62704 -0.227002
30.5 -1.60829 -0.258172
30.6 -1.58908 -0.288976
30.7 -1.56938 -0.319405
30.8 -1.54914 -0.34945
30.9 -1.52832 -0.379099
31 -1.50686 -0.408341
31.1 -1.48471 -0.437163
31.2 -1.46178 -0.46555
31.3 -1.43801 -0.493488
31.4 -1.41328 -0.520959
31.5 -1.38749 -0.547943
31.6 -1.36048 -0.574419
31.7 -1.33208 -0.600361
31.8 -1.30208 -0.625742
31.9 -1.2702 -0.650526
32 -1.23609 -0.674675
32.1 -1.1993 -0.698143
32.2 -1.15922 -0.72087
32.3 -1.115 -0.742788
32.4 -1.06548 -0.763804
32.5 -1.00894 -0.783802
32.6 -0.942742 -0.802622
32.7 -0.862725 -0.820043
32.8 -0.761841 -0.835735
32.9 -0.627429 -0.849188
33 -0.435151 -0.859549
33.1 -0.136121 -0.865285
33.2 0.358354 -0.863547
33.3 1.09229 -0.849818
33.4 1.72675 -0.822021
33.5 1.95677 -0.785778
33.6 2.00979 -0.747274
33.7 2.01507 -0.708416
33.8 2.00728 -0.669642
33.9 1.99585 -0.63107
34 1.98334 -0.592733
34.1 1.97043 -0.554642
34.2 1.95731 -0.516802
34.3 1.94402 -0.479216
34.4 1.93058 -0.441888
34.5 1.91697 -0.404821
34.6 1.9032 -0.368017
34.7 1.88925 -0.331481
34.8 1.87513 -0.295214
34.9 1.86082 -0.259222
35 1.84631 -0.223508
35.1 1.8316 -0.188074
35.2 1.81668 -0.152927
35.3 1.80154 -0.118069
35.4 1.78616 -0.0835044
35.5 1.77054 -0.0492389
35.6 1.75466 -0.0152769
35.7 1.73851 0.0183767
35.8 1.72208 0.0517163
35.9 1.70534 0.0847364
36 1.68828 0.117431
36.1 1.67088 0.149793
36.2 1.65312 0.181817
36.3 1.63497 0.213495
36.4 1.6164 0.244819
36.5 1.5974 0.275782
36.6 1.57791 0.306373
36.7 1.55791 0.336584
36.8 1.53734 0.366405
36.9 1.51616 0.395823
37 1.49432 0.424827
37.1 1.47174 0.453403
37.2 1.44834 0.481536
37.3 1.42403 0.50921
37.4 1.39871 0.536406
37.5 1.37225 0.563103
37.6 1.34447 0.589278
37.7 1.31519 0.614904
37.8 1.28415 0.639949
37.9 1.25105 0.664376
38 1.21548 0.688143
38.1 1.1769 0.711197
38.2 1.13458 0.733472
38.3 1.08751 0.754888
38.4 1.03424 0.77534
38.5 0.972596 0.79469
38.6 0.899174 0.812745
38.7 0.808393 0.829229
38.8 0.690494 0.843725
38.9 0.527239 0.855551
39 0.282454 0.863529
39.1 -0.114998 0.865472
39.2 -0.75697 0.857484
39.3 -1.50226 0.83547
39.4 -1.8946 0.80188
39.5 -1.99689 0.763923
39.6 -2.0155 0.725124
39.7 -2.01137 0.686289
39.8 -2.00098 0.647624
39.9 -1.98879 0.609184
40 -1.97601 0.570986
40.1 -1.96297 0.533038
40.2 -1.94975 0.495342
40.3 -1.93638 0.457903
40.4 -1.92284 0.420723
40.5 -1.90914 0.383806
40.6 -1.89527 0.347154
40.7 -1.88122 0.310771
40.8 -1.86699 0.274661
40.9 -1.85257 0.238827
41 -1.83795 0.203272
41.1 -1.82312 0.168001
41.2 -1.80808 0.133018
41.3 -1.7928 0.0983269
41.4 -1.77729 0.0639324
41.5 -1.76152 0.0298393
41.6 -1.74549 -0.00394753
41.7 -1.72918 -0.0374228
41.8 -1.71257 -0.0705809
41.9 -1.69565 -0.103416
42 -1.6784 -0.135922
42.1 -1.6608 -0.168092
42.2 -1.64282 -0.19992
42.3 -1.62444 -0.231397
42.4 -1.60562 -0.262516
42.5 -1.58635 -0.293268
42.6 -1.56657 -0.323644
42.7 -1.54625 -0.353634
42.8 -1.52535 -0.383226
42.9 -1.50379 -0.41241
43 -1.48154 -0.441172
43.1 -1.4585 -0.469497
43.2 -1.4346 -0.497371
43.3 -1.40973 -0.524775
43.4 -1.38378 -0.551689
43.5 -1.35658 -0.578092
43.6 -1.32798 -0.603957
43.7 -1.29773 -0.629256
43.8 -1.26556 -0.653954
43.9 -1.23111 -0.67801
44 -1.19389 -0.701377
44.1 -1.15329 -0.723996
44.2 -1.10841 -0.745793
44.3 -1.05802 -0.766674
44.4 -1.00031 -0.786518
44.5 -0.932471 -0.805157
44.6 -0.850042 -0.822358
44.7 -0.745399 -0.837773
44.8 -0.60472 -0.850854
44.9 -0.401205 -0.86068
45 -0.0810172 -0.86558
45.1 0.448845 -0.862456
45.2 1.20064 -0.846713
45.3 1.78056 -0.817259
45.4 1.97012 -0.780438
45.5 2.01214 -0.741828
45.6 2.01442 -0.702967
45.7 2.0058 -0.664217
45.8 1.99414 -0.625677
45.9 1.98155 -0.587374
46 1.9686 -0.549318
46.1 1.95546 -0.511513
46.2 1.94215 -0.473964
46.3 1.92868 -0.436672
46.4 1.91505 -0.399642
46.5 1.90125 -0.362875
46.6 1.88728 -0.326376
46.7 1.87313 -0.290148
46.8 1.85879 -0.254195
46.9 1.84426 -0.21852
47 1.82952 -0.183126
47.1 1.81457 -0.148019
47.2 1.79939 -0.113202
47.3 1.78398 -0.0786792
47.4 1.76833 -0.044456
47.5 1.75241 -0.0105369
47.6 1.73622 0.023073
47.7 1.71975 0.0563681
47.8 1.70296 0.0893428
47.9 1.68586 0.121991
48 1.66841 0.154307
48.1 1.65059 0.186282
48.2 1.63239 0.217911
48.3 1.61376 0.249185
48.4 1.59469 0.280096
48.5 1.57514 0.310635
48.6 1.55506 0.340792
48.7 1.53441 0.370556
48.8 1.51314 0.399917
48.9 1.4912 0.428862
49 1.4685 0.457377
49.1 1.44499 0.485447
49.2 1.42055 0.513055
49.3 1.39507 0.540182
49.4 1.36843 0.566808
49.5 1.34046 0.592907
49.6 1.31095 0.618453
49.7 1.27964 0.643414
49.8 1.24622 0.667752
49.9 1.21026 0.691422
50 1.1712 0.71437
50.1 1.12829 0.73653
50.2 1.08045 0.757818
50.3 1.02616 0.778125
50.4 0.963104 0.797306
50.5 0.887652 0.81516
50.6 0.793788 0.831395
50.7 0.670902 0.845565
50.8 0.498982 0.856939
50.9 0.238099 0.864234
51 -0.188893 0.865062
51.1 -0.865168 0.855288
51.2 -1.58532 0.831293
51.3 -1.91914 0.796679
51.4 -2.00223 0.758498
51.5 -2.01567 0.719669
51.6 -2.01012 0.680852
51.7 -1.99933 0.642216
51.8 -1.98702 0.603809
51.9 -1.97419 0.565646
52 -1.96113 0.527733
52.1 -1.94789 0.490074
52.2 -1.93449 0.452671
52.3 -1.92093 0.415528
52.4 -1.9072 0.378647
52.5 -1.89331 0.342033
52.6 -1.87923 0.305688
52.7 -1.86498 0.269616
52.8 -1.85053 0.233821
52.9 -1.83588 0.198306
53 -1.82102 0.163075
53.1 -1.80595 0.128133
53.2 -1.79064 0.0934828
53.3 -1.77509 0.0591304
53.4 -1.75929 0.0250799
53.5 -1.74322 -0.0086635
53.6 -1.72687 -0.0420946
53.7 -1.71022 -0.0752078
53.8 -1.69325 -0.107997
53.9 -1.67595 -0.140457
54 -1.6583 -0.172579
54.1 -1.64026 -0.204358
54.2 -1.62182 -0.235785
54.3 -1.60295 -0.266853
54.4 -1.5836 -0.297553
54.5 -1.56375 -0.327876
54.6 -1.54336 -0.35781
54.7 -1.52236 -0.387346
54.8 -1.50072 -0.416472
54.9 -1.47835 -0.445173
55 -1.4552 -0.473436
55.1 -1.43117 -0.501245
55.2 -1.40616 -0.528581
55.3 -1.38004 -0.555425
55.4 -1.35266 -0.581754
55.5 -1.32384 -0.607542
55.6 -1.29334 -0.632758
55.7 -1.26087 -0.657369
55.8 -1.22606 -0.681332
55.9 -1.18842 -0.704598
56 -1.14727 -0.727106
56.1 -1.1017 -0.74878
56.2 -1.05042 -0.769524
56.3 -0.991478 -0.78921
56.4 -0.921918 -0.807664
56.5 -0.836929 -0.824638
56.6 -0.728265 -0.839765
56.7 -0.580813 -0.852457
56.8 -0.365037 -0.861716
56.9 -0.0217648 -0.865721
57 0.544634 -0.861113
57.1 1.30535 -0.84332
57.2 1.82548 -0.812354
57.3 1.98093 -0.77507
57.4 2.0138 -0.736378
57.5 2.01358 -0.697521
57.6 2.00427 -0.658797
57.7 1.9924 -0.620289
57.8 1.97974 -0.58202
57.9 1.96677 -0.543999
58 1.9536 -0.50623
58.1 1.94027 -0.468717
58.2 1.92677 -0.431462
58.3 1.91312 -0.394468
58.4 1.8993 -0.357739
58.5 1.88531 -0.321278
58.6 1.87113 -0.285088
58.7 1.85677 -0.249174
58.8 1.8422 -0.213537
58.9 1.82744 -0.178184
59 1.81245 -0.143117
59.1 1.79725 -0.108341
59.2 1.7818 -0.0738602
59.3 1.76611 -0.0396793
59.4 1.75016 -0.00580326
59.5 1.73393 0.0277628
59.6 1.71741 0.0610133
59.7 1.70058 0.0939426
59.8 1.68343 0.126545
59.9 1.66593 0.158813
60 1.64806 0.19074
60.1 1.6298 0.22232
60.2 1.61112 0.253543
60.3 1.59198 0.284403
60.4 1.57235 0.314888
60.5 1.55219 0.344991
60.6 1.53146 0.3747
60.7 1.5101 0.404003
60.8 1.48806 0.432888
60.9 1.46526 0.461342
61 1.44162 0.489348
61.1 1.41704 0.51689
61.2 1.39141 0.543948
61.3 1.36459 0.570501
61.4 1.33642 0.596525
61.5 1.30667 0.621991
61.6 1.27509 0.646867
61.7 1.24134 0.671114
61.8 1.20498 0.694686
61.9 1.16544 0.717528
62 1.12191 0.739571
62.1 1.07327 0.760729
62.2 1.01791 0.780888
62.3 0.953372 0.799896
62.4 0.875775 0.817543
62.5 0.778627 0.83352
62.6 0.650377 0.847351
62.7 0.469037 0.858248
62.8 0.190547 0.864814
62.9 -0.268099 0.864446
63 -0.975143 0.852796
63.1 -1.65902 0.826902
63.2 -1.93928 0.791421
63.3 -2.00641 0.753063
63.4 -2.01552 0.714215
63.5 -2.00879 0.675418
63.6 -1.99766 0.636813
63.7 -1.98524 0.598439
63.8 -1.97237 0.560311
63.9 -1.95928 0.522434
64 -1.94602 0.48481
64.1 -1.93259 0.447443
64.2 -1.91901 0.410337
64.3 -1.90526 0.373494
64.4 -1.89134 0.336917
64.5 -1.87725 0.30061
64.6 -1.86296 0.264577
64.7 -1.84849 0.228821
64.8 -1.83381 0.193345
64.9 -1.81892 0.158155
65 -1.80381 0.123253
65.1 -1.78847 0.0886446
65.2 -1.77289 0.0543342
65.3 -1.75705 0.0203265
65.4 -1.74094 -0.0133734
65.5 -1.72455 -0.0467602
65.6 -1.70786 -0.0798283
65.7 -1.69085 -0.112572
65.8 -1.6735 -0.144984
65.9 -1.65579 -0.177059
66 -1.6377 -0.208789
66.1 -1.6192 -0.240167
66.2 -1.60026 -0.271184
66.3 -1.58085 -0.301831
66.4 -1.56093 -0.3321
66.5 -1.54045 -0.361979
66.6 -1.51937 -0.391458
66.7 -1.49762 -0.420525
66.8 -1.47516 -0.449166
66.9 -1.45189 -0.477366
67 -1.42772 -0.505109
67.1 -1.40256 -0.532378
67.2 -1.37628 -0.559151
67.3 -1.34871 -0.585406
67.4 -1.31966 -0.611115
67.5 -1.28891 -0.636249
67.6 -1.25614 -0.660771
67.7 -1.22096 -0.68464
67.8 -1.18287 -0.707803
67.9 -1.14117 -0.730199
68 -1.09489 -0.75175
68.1 -1.04266 -0.772354
68.2 -0.982443 -0.791878
68.3 -0.911065 -0.810142
68.4 -0.823361 -0.826883
68.5 -0.710388 -0.84171
68.6 -0.555607 -0.853994
68.7 -0.326438 -0.862652
68.8 0.0419573 -0.865695
68.9 0.645304 -0.859503
69 1.40457 -0.839653
69.1 1.86251 -0.80733
69.2 1.98961 -0.769679
69.3 2.01488 -0.730926
69.4 2.01258 -0.692077
69.5 2.0027 -0.653381
69.6 1.99066 -0.614906
69.7 1.97794 -0.576672
69.8 1.96493 -0.538686
69.9 1.95174 -0.500952
70 1.93838 -0.463475
70.1 1.92487 -0.426256
70.2 1.91119 -0.389299
70.3 1.89735 -0.352608
70.4 1.88333 -0.316185
70.5 1.86913 -0.280033
70.6 1.85473 -0.244157
70.7 1.84014 -0.208561
70.8 1.82535 -0.173247
70.9 1.81034 -0.138221
71 1.7951 -0.103486
71.1 1.77962 -0.0690469
71.2 1.76389 -0.0349085
71.3 1.7479 -0.00107561
71.4 1.73163 0.0324465
71.5 1.71507 0.0656523
71.6 1.6982 0.0985361
71.7 1.681 0.131092
71.8 1.66345 0.163313
71.9 1.64553 0.195192
72 1.62721 0.226722
72.1 1.60846 0.257895
72.2 1.58926 0.288702
72.3 1.56956 0.319135
72.4 1.54932 0.349183
72.5 1.52851 0.378835
72.6 1.50705 0.408081
72.7 1.48491 0.436906
72.8 1.46199 0.465298
72.9 1.43823 0.49324
73 1.41351 0.520715
73.1 1.38772 0.547704
73.2 1.36073 0.574184
73.3 1.33234 0.600132
73.4 1.30236 0.625517
73.5 1.2705 0.650307
73.6 1.23641 0.674462
73.7 1.19964 0.697936
73.8 1.15959 0.72067
73.9 1.11542 0.742595
74 1.06595 0.76362
74.1 1.00948 0.783628
74.2 0.943388 0.80246
74.3 0.86352 0.819894
74.4 0.762868 0.835604
74.5 0.62884 0.84908
74.6 0.437246 0.859473
74.7 0.139504 0.865262
74.8 -0.352765 0.863608
74.9 -1.0853 0.850006
75 -1.723 0.822319
75.1 -1.95582 0.786118
75.2 -2.00962 0.747622
75.3 -2.01511 0.708763
75.4 -2.00737 0.669988
75.5 -1.99596 0.631414
75.6 -1.98345 0.593075
75.7 -1.97055 0.554982
75.8 -1.95743 0.517139
75.9 -1.94414 0.479551
76 -1.9307 0.442221
76.1 -1.91709 0.405151
76.2 -1.90332 0.368345
76.3 -1.88938 0.331806
76.4 -1.87525 0.295538
76.5 -1.86094 0.259543
76.6 -1.84644 0.223826
76.7 -1.83173 0.18839
76.8 -1.81682 0.15324
76.9 -1.80167 0.118379
77 -1.7863 0.0838126
77.1 -1.77068 0.0495443
77.2 -1.75481 0.0155795
77.3 -1.73866 -0.0180768
77.4 -1.72222 -0.0514192
77.5 -1.70549 -0.0844422
77.6 -1.68843 -0.11714
77.7 -1.67104 -0.149505
77.8 -1.65328 -0.181532
77.9 -1.63513 -0.213213
78 -1.61657 -0.24454
78.1 -1.59757 -0.275506
78.2 -1.57809 -0.306101
78.3 -1.55809 -0.336316
78.4 -1.53753 -0.36614
78.5 -1.51636 -0.395562
78.6 -1.49452 -0.424569
78.7 -1.47194 -0.453149
78.8 -1.44855 -0.481286
78.9 -1.42426 -0.508964
79 -1.39895 -0.536165
79.1 -1.37249 -0.562867
79.2 -1.34473 -0.589046
79.3 -1.31546 -0.614677
79.4 -1.28444 -0.639727
79.5 -1.25136 -0.664161
79.6 -1.21581 -0.687934
79.7 -1.17726 -0.710994
79.8 -1.13498 -0.733276
79.9 -1.08796 -0.7547
80 -1.03475 -0.775162
80.1 -0.973193 -0.794522
80.2 -0.899898 -0.81259
80.3 -0.809307 -0.82909
80.4 -0.691714 -0.843605
80.5 -0.528989 -0.85546
80.6 -0.285182 -0.86348
80.7 0.110458 -0.865491
80.8 0.750159 -0.857615
80.9 1.49665 -0.835728
81 1.89286 -0.802209
81.1 1.9965 -0.764269
81.2 2.01548 -0.725472
81.3 2.01145 -0.686636
81.4 2.00108 -0.647969
81.5 1.9889 -0.609527
81.6 1.97613 -0.571327
81.7 1.96309 -0.533376
81.8 1.94987 -0.495679
81.9 1.9365 -0.458237
82 1.92296 -0.421055
82.1 1.90926 -0.384135
82.2 1.89539 -0.347481
82.3 1.88135 -0.311096
82.4 1.86712 -0.274983
82.5 1.8527 -0.239146
82.6 1.83808 -0.203589
82.7 1.82326 -0.168316
82.8 1.80821 -0.13333
82.9 1.79294 -0.0986361
83 1.77743 -0.064239
83.1 1.76166 -0.0301432
83.2 1.74563 0.0036464
83.3 1.72933 0.0371245
83.4 1.71272 0.0702855
83.5 1.69581 0.103124
83.6 1.67856 0.135633
83.7 1.66096 0.167806
83.8 1.64298 0.199637
83.9 1.6246 0.231117
84 1.60579 0.262239
84.1 1.58652 0.292995
84.2 1.56675 0.323374
84.3 1.54644 0.353367
84.4 1.52554 0.382963
84.5 1.50399 0.412151
84.6 1.48174 0.440916
84.7 1.45871 0.469246
84.8 1.43482 0.497123
84.9 1.40996 0.524531
85 1.38401 0.55145
85.1 1.35683 0.577858
85.2 1.32824 0.603728
85.3 1.29801 0.629032
85.4 1.26586 0.653735
85.5 1.23143 0.677798
85.6 1.19424 0.701171
85.7 1.15367 0.723797
85.8 1.10883 0.745602
85.9 1.0585 0.766492
86 1.00086 0.786345
86.1 0.933135 0.804996
86.2 0.850864 0.822211
86.3 0.746468 0.837644
86.4 0.606204 0.85075
86.5 0.403436 0.86061
86.6 0.0846539 0.865566
86.7 -0.442909 0.862533
86.8 -1.19382 0.84692
86.9 -1.7774 0.817568
87 -1.96934 0.78078
87.1 -2.01201 0.742175
87.2 -2.01447 0.703314
87.3 -2.0059 0.664563
87.4 -1.99425 0.626021
87.5 -1.98166 0.587716
87.6 -1.96872 0.549657
87.7 -1.95557 0.511851
87.8 -1.94227 0.474299
87.9 -1.9288 0.437005
88 -1.91517 0.399972
88.1 -1.90137 0.363203
88.2 -1.88741 0.326702
88.3 -1.87326 0.290472
88.4 -1.85892 0.254516
88.5 -1.84439 0.218838
88.6 -1.82965 0.183442
88.7 -1.8147 0.148332
88.8 -1.79953 0.113512
88.9 -1.78412 0.0789869
89 -1.76847 0.044761
89.1 -1.75256 0.0108391
89.2 -1.73637 -0.0227735
89.3 -1.7199 -0.0560715
89.4 -1.70312 -0.0890491
89.5 -1.68601 -0.1217
89.6 -1.66857 -0.154019
89.7 -1.65076 -0.185998
89.8 -1.63255 -0.21763
89.9 -1.61393 -0.248907
90 -1.59486 -0.279821
90.1 -1.57531 -0.310363
90.2 -1.55524 -0.340523
90.3 -1.53459 -0.370292
90.4 -1.51333 -0.399656
90.5 -1.49139 -0.428605
90.6 -1.46871 -0.457124
90.7 -1.4452 -0.485198
90.8 -1.42077 -0.51281
90.9 -1.39531 -0.539941
91 -1.36868 -0.566571
91.1 -1.34072 -0.592676
91.2 -1.31122 -0.618227
91.3 -1.27993 -0.643193
91.4 -1.24653 -0.667537
91.5 -1.2106 -0.691213
91.6 -1.17157 -0.714168
91.7 -1.12869 -0.736336
91.8 -1.08091 -0.757632
91.9 -1.02668 -0.777948
92 -0.963717 -0.79714
92.1 -0.888397 -0.815007
92.2 -0.794736 -0.831258
92.3 -0.67218 -0.845449
92.4 -0.500834 -0.856853
92.5 -0.241021 -0.864192
92.6 0.184021 -0.865095
92.7 0.858195 -0.855437
92.8 1.5803 -0.831566
92.9 1.91772 -0.797013
93 2.00193 -0.758845
93.1 2.01567 -0.720017
93.2 2.01021 -0.681199
93.3 1.99944 -0.642561
93.4 1.98713 -0.604152
93.5 1.97431 -0.565987
93.6 1.96125 -0.528071
93.7 1.94801 -0.49041
93.8 1.93461 -0.453004
93.9 1.92105 -0.415859
94 1.90732 -0.378976
94.1 1.89343 -0.34236
94.2 1.87936 -0.306012
94.3 1.86511 -0.269938
94.4 1.85066 -0.23414
94.5 1.83601 -0.198623
94.6 1.82116 -0.163389
94.7 1.80608 -0.128444
94.8 1.79078 -0.0937918
94.9 1.77523 -0.0594366
95 1.75943 -0.0253834
95.1 1.74336 0.00836274
95.2 1.72701 0.0417967
95.3 1.71037 0.0749127
95.4 1.69341 0.107705
95.5 1.67611 0.140167
95.6 1.65846 0.172293
95.7 1.64043 0.204075
95.8 1.62199 0.235506
95.9 1.60312 0.266577
96 1.58378 0.29728
96.1 1.56393 0.327606
96.2 1.54354 0.357544
96.3 1.52255 0.387084
96.4 1.50091 0.416213
96.5 1.47856 0.444918
96.6 1.45541 0.473185
96.7 1.43139 0.500998
96.8 1.40639 0.528339
96.9 1.38028 0.555187
97 1.35291 0.581521
97.1 1.3241 0.607313
97.2 1.29362 0.632535
97.3 1.26117 0.657151
97.4 1.22639 0.68112
97.5 1.18877 0.704393
97.6 1.14766 0.726908
97.7 1.10214 0.74859
97.8 1.05091 0.769343
97.9 0.992047 0.789039
98 0.9226 0.807505
98.1 0.837779 0.824494
98.2 0.72938 0.839639
98.3 0.582376 0.852357
98.4 0.367415 0.861653
98.5 0.0256759 0.865717
98.6 -0.53837 0.861206
98.7 -1.29882 0.843545
98.8 -1.82286 0.812671
98.9 -1.98031 0.775413
99 -2.01371 0.736726
99.1 -2.01364 0.697868
99.2 -2.00437 0.659143
99.3 -1.99252 0.620633
99.4 -1.97986 0.582362
99.5 -1.96688 0.544339
99.6 -1.95372 0.506567
99.7 -1.94039 0.469051
99.8 -1.9269 0.431794
99.9 -1.91324 0.394798
100 -1.89943 0.358067
100.1 -1.88543 0.321603
100.2 -1.87126 0.285411
100.3 -1.85689 0.249494
100.4 -1.84234 0.213855
100.5 -1.82757 0.178499
100.6 -1.81259 0.14343
100.7 -1.79738 0.108651
100.8 -1.78194 0.0741675
100.9 -1.76625 0.0399839
101 -1.7503 0.00610514
101.1 -1.73408 -0.0274637
101.2 -1.71756 -0.0607171
101.3 -1.70074 -0.0936493
101.4 -1.68359 -0.126254
101.5 -1.66609 -0.158525
101.6 -1.64823 -0.190456
101.7 -1.62997 -0.222039
101.8 -1.61129 -0.253265
101.9 -1.59215 -0.284128
102 -1.57253 -0.314617
102.1 -1.55238 -0.344723
102.2 -1.53165 -0.374436
102.3 -1.5103 -0.403743
102.4 -1.48826 -0.432632
102.5 -1.46546 -0.461089
102.6 -1.44183 -0.489099
102.7 -1.41726 -0.516645
102.8 -1.39165 -0.543708
102.9 -1.36484 -0.570266
103 -1.33668 -0.596294
103.1 -1.30694 -0.621765
103.2 -1.27538 -0.646647
103.3 -1.24165 -0.670899
103.4 -1.20532 -0.694478
103.5 -1.16581 -0.717327
103.6 -1.12232 -0.739378
103.7 -1.07373 -0.760544
103.8 -1.01844 -0.780712
103.9 -0.954001 -0.799732
104 -0.876544 -0.817392
104.1 -0.779612 -0.833386
104.2 -0.651716 -0.847238
104.3 -0.471001 -0.858167
104.4 -0.193683 -0.864781
104.5 0.262883 -0.864492
104.6 0.968102 -0.852964
104.7 1.65461 -0.827188
104.8 1.93811 -0.791758
104.9 2.00617 -0.75341
105 2.01554 -0.714563
105.1 2.00887 -0.675764
105.2 1.99776 -0.637157
105.3 1.98535 -0.598782
105.4 1.97249 -0.560652
105.5 1.9594 -0.522772
105.6 1.94614 -0.485146
105.7 1.93271 -0.447777
105.8 1.91913 -0.410668
105.9 1.90539 -0.373822
106 1.89147 -0.337243
106.1 1.87737 -0.300934
106.2 1.86309 -0.264898
106.3 1.84862 -0.229139
106.4 1.83394 -0.193661
106.5 1.81906 -0.158468
106.6 1.80395 -0.123564
106.7 1.78861 -0.0889531
106.8 1.77303 -0.0546401
106.9 1.75719 -0.0206297
107 1.74109 0.013073
107.1 1.7247 0.0464627
107.2 1.70801 0.0795337
107.3 1.691 0.11228
107.4 1.67366 0.144696
107.5 1.65595 0.176773
107.6 1.63787 0.208507
107.7 1.61937 0.239887
107.8 1.60043 0.270908
107.9 1.58103 0.301558
108 1.56111 0.33183
108.1 1.54063 0.361713
108.2 1.51956 0.391196
108.3 1.49782 0.420266
108.4 1.47536 0.448911
108.5 1.4521 0.477115
108.6 1.42794 0.504863
108.7 1.40279 0.532136
108.8 1.37652 0.558914
108.9 1.34896 0.585173
109 1.31993 0.610887
109.1 1.28919 0.636027
109.2 1.25644 0.660555
109.3 1.22129 0.684429
109.4 1.18323 0.707599
109.5 1.14156 0.730003
109.6 1.09533 0.751561
109.7 1.04316 0.772174
109.8 0.983026 0.791709
109.9 0.911767 0.809984
110 0.824241 0.826741
110.1 0.711552 0.841587
110.2 0.557256 0.853898
110.3 0.328978 0.862596
110.4 -0.0377515 0.865702
110.5 -0.638746 0.859614
110.6 -1.39844 0.839895
110.7 -1.86036 0.807654
110.8 -1.98911 0.770023
110.9 -2.01483 0.731274
111 -2.01265 0.692424
111.1 -2.0028 0.653727
111.2 -1.99077 0.615249
111.3 -1.97805 0.577013
111.4 -1.96505 0.539025
111.5 -1.95186 0.501289
111.6 -1.9385 0.463809
111.7 -1.92499 0.426588
111.8 -1.91132 0.389629
111.9 -1.89747 0.352935
112 -1.88345 0.316509
112.1 -1.86925 0.280356
112.2 -1.85486 0.244477
112.3 -1.84028 0.208878
112.4 -1.82548 0.173562
112.5 -1.81047 0.138533
112.6 -1.79523 0.103796
112.7 -1.77976 0.0693538
112.8 -1.76403 0.0352127
112.9 -1.74804 0.00137711
113 -1.73178 -0.0321478
113.1 -1.71522 -0.0653565
113.2 -1.69835 -0.0982432
113.3 -1.68115 -0.130802
113.4 -1.66361 -0.163026
113.5 -1.64569 -0.194908
113.6 -1.62737 -0.226441
113.7 -1.60863 -0.257617
113.8 -1.58943 -0.288428
113.9 -1.56973 -0.318864
114 -1.54951 -0.348916
114.1 -1.52869 -0.378572
114.2 -1.50725 -0.407821
114.3 -1.48511 -0.43665
114.4 -1.4622 -0.465046
114.5 -1.43844 -0.492992
114.6 -1.41374 -0.520471
114.7 -1.38796 -0.547465
114.8 -1.36097 -0.57395
114.9 -1.3326 -0.599902
115 -1.30263 -0.625292
115.1 -1.27079 -0.650088
115.2 -1.23673 -0.674249
115.3 -1.19999 -0.697729
115.4 -1.15997 -0.72047
115.5 -1.11584 -0.742403
115.6 -1.06643 -0.763436
115.7 -1.01002 -0.783453
115.8 -0.944033 -0.802297
115.9 -0.864314 -0.819745
116 -0.763892 -0.835472
116.1 -0.630246 -0.848971
116.2 -0.439333 -0.859398
116.3 -0.142871 -0.865237
116.4 0.347198 -0.863669
116.5 1.07829 -0.850193
116.6 1.71921 -0.822617
116.7 1.95486 -0.786457
116.8 2.00944 -0.747969
116.9 2.01514 -0.709111
117 2.00747 -0.670335
117.1 1.99607 -0.631759
117.2 1.98357 -0.593417
117.3 1.97066 -0.555322
117.4 1.95755 -0.517477
117.5 1.94426 -0.479887
117.6 1.93082 -0.442554
117.7 1.91721 -0.405482
117.8 1.90344 -0.368674
117.9 1.8895 -0.332132
118 1.87538 -0.295861
118.1 1.86107 -0.259864
118.2 1.84657 -0.224145
118.3 1.83187 -0.188706
118.4 1.81695 -0.153553
118.5 1.80181 -0.11869
118.6 1.78644 -0.0841207
118.7 1.77082 -0.0498498
118.8 1.75495 -0.0158823
118.9 1.7388 0.0177768
119 1.72237 0.0511221
119.1 1.70564 0.084148
119.2 1.68859 0.116848
119.3 1.67119 0.149217
119.4 1.65344 0.181247
119.5 1.6353 0.212931
119.6 1.61674 0.244262
119.7 1.59774 0.275231
119.8 1.57826 0.305829
119.9 1.55827 0.336047
120 1.53771 0.365874
120.1 1.51655 0.3953
120.2 1.49471 0.424311
120.3 1.47215 0.452895
120.4 1.44876 0.481037
120.5 1.42448 0.508719
120.6 1.39918 0.535923
120.7 1.37273 0.56263
120.8 1.34498 0.588814
120.9 1.31573 0.61445
121 1.28473 0.639506
121.1 1.25167 0.663945
121.2 1.21614 0.687724
121.3 1.17762 0.71079
121.4 1.13537 0.73308
121.5 1.0884 0.754513
121.6 1.03526 0.774983
121.7 0.97379 0.794354
121.8 0.90062 0.812434
121.9 0.810219 0.82895
122 0.69293 0.843486
122.1 0.530732 0.855369
122.2 0.287899 0.86343
122.3 -0.105939 0.86551
122.4 -0.743361 0.857744
122.5 -1.49102 0.835986
122.6 -1.8911 0.802538
122.7 -1.99611 0.764615
122.8 -2.01545 0.72582
122.9 -2.01153 0.686984
123 -2.00119 0.648314
123.1 -1.98901 0.60987
123.2 -1.97624 0.571668
123.3 -1.96321 0.533715
123.4 -1.94999 0.496015
123.5 -1.93662 0.458571
123.6 -1.92308 0.421387
123.7 -1.90938 0.384465
123.8 -1.89552 0.347808
123.9 -1.88147 0.311421
124 -1.86725 0.275305
124.1 -1.85283 0.239466
124.2 -1.83821 0.203906
124.3 -1.82339 0.16863
124.4 -1.80835 0.133642
124.5 -1.79308 0.0989455
124.6 -1.77757 0.0645456
124.7 -1.7618 0.0304471
124.8 -1.74578 -0.00334526
124.9 -1.72947 -0.0368261
125 -1.71287 -0.06999
125.1 -1.69596 -0.102831
125.2 -1.67871 -0.135343
125.3 -1.66112 -0.167519
125.4 -1.64314 -0.199353
125.5 -1.62477 -0.230837
125.6 -1.60596 -0.261962
125.7 -1.5867 -0.292721
125.8 -1.56693 -0.323104
125.9 -1.54662 -0.3531
126 -1.52573 -0.3827
126.1 -1.50419 -0.411891
126.2 -1.48194 -0.440661
126.3 -1.45892 -0.468994
126.4 -1.43504 -0.496876
126.5 -1.41019 -0.524288
126.6 -1.38425 -0.551212
126.7 -1.35708 -0.577623
126.8 -1.3285 -0.603499
126.9 -1.29829 -0.628808
127 -1.26615 -0.653517
127.1 -1.23174 -0.677585
127.2 -1.19459 -0.700965
127.3 -1.15405 -0.723598
127.4 -1.10926 -0.74541
127.5 -1.05898 -0.766309
127.6 -1.00142 -0.786172
127.7 -0.933798 -0.804835
127.8 -0.851684 -0.822064
127.9 -0.747535 -0.837515
128 -0.607683 -0.850645
128.1 -0.405657 -0.860541
128.2 -0.0882738 -0.865551
128.3 0.436995 -0.862609
128.4 1.18698 -0.847126
128.5 1.77421 -0.817876
128.6 1.96856 -0.781122
128.7 2.01188 -0.742523
128.8 2.01452 -0.703662
128.9 2.006 -0.664909
129 1.99436 -0.626365
129.1 1.98177 -0.588058
129.2 1.96883 -0.549997
129.3 1.95569 -0.512188
129.4 1.94239 -0.474634
129.5 1.92892 -0.437337
129.6 1.91529 -0.400302
129.7 1.9015 -0.363531
129.8 1.88753 -0.327027
129.9 1.87338 -0.290795
130 1.85905 -0.254836
130.1 1.84452 -0.219156
130.2 1.82979 -0.183757
130.3 1.81484 -0.148645
130.4 1.79967 -0.113822
130.5 1.78426 -0.0792947
130.6 1.76861 -0.045066
130.7 1.7527 -0.0111414
130.8 1.73652 0.022474
130.9 1.72004 0.0557748
131 1.70327 0.0887553
131.1 1.68617 0.12141
131.2 1.66872 0.153731
131.3 1.65092 0.185713
131.4 1.63272 0.217348
131.5 1.6141 0.248628
131.6 1.59504 0.279546
131.7 1.57549 0.310091
131.8 1.55542 0.340255
131.9 1.53478 0.370027
132 1.51353 0.399395
132.1 1.49159 0.428348
132.2 1.46892 0.45687
132.3 1.44541 0.484948
132.4 1.42099 0.512565
132.5 1.39554 0.539701
132.6 1.36892 0.566335
132.7 1.34097 0.592445
132.8 1.31149 0.618001
132.9 1.28022 0.642972
133 1.24684 0.667322
133.1 1.21093 0.691004
133.2 1.17194 0.713966
133.3 1.1291 0.736141
133.4 1.08136 0.757445
133.5 1.0272 0.777771
133.6 0.964328 0.796973
133.7 0.889142 0.814853
133.8 0.795682 0.831121
133.9 0.673453 0.845333
134 0.502679 0.856766
134.1 0.243931 0.86415
134.2 -0.179171 0.865126
134.3 -0.851229 0.855585
134.4 -1.57523 0.831838
134.5 -1.91627 0.797346
134.6 -2.00162 0.759191
134.7 -2.01567 0.720365
134.8 -2.01029 0.681546
134.9 -1.99954 0.642906
135 -1.98724 0.604495
135.1 -1.97443 0.566328
135.2 -1.96136 0.52841
135.3 -1.94813 0.490746
135.4 -1.93473 0.453338
135.5 -1.92117 0.41619
135.6 -1.90745 0.379305
135.7 -1.89356 0.342686
135.8 -1.87949 0.306337
135.9 -1.86524 0.27026
136 -1.85079 0.234459
136.1 -1.83615 0.198939
136.2 -1.82129 0.163703
136.3 -1.80622 0.128756
136.4 -1.79091 0.0941007
136.5 -1.77537 0.0597429
136.6 -1.75957 0.025687
136.7 -1.74351 -0.00806196
136.8 -1.72716 -0.0414987
136.9 -1.71052 -0.0746176
137 -1.69356 -0.107413
137.1 -1.67627 -0.139878
137.2 -1.65862 -0.172007
137.3 -1.64059 -0.203792
137.4 -1.62216 -0.235226
137.5 -1.60329 -0.2663
137.6 -1.58395 -0.297007
137.7 -1.56411 -0.327336
137.8 -1.54373 -0.357278
137.9 -1.52274 -0.386821
138 -1.50111 -0.415954
138.1 -1.47876 -0.444663
138.2 -1.45562 -0.472934
138.3 -1.43161 -0.500751
138.4 -1.40662 -0.528096
138.5 -1.38052 -0.554949
138.6 -1.35316 -0.581287
138.7 -1.32437 -0.607085
138.8 -1.2939 -0.632312
138.9 -1.26147 -0.656934
139 -1.22671 -0.680909
139.1 -1.18912 -0.704188
139.2 -1.14804 -0.72671
139.3 -1.10257 -0.7484
139.4 -1.0514 -0.769162
139.5 -0.992616 -0.788868
139.6 -0.923281 -0.807345
139.7 -0.838628 -0.824349
139.8 -0.730492 -0.839513
139.9 -0.583934 -0.852256
140 -0.369783 -0.86159
140.1 -0.0295689 -0.865712
140.2 0.532126 -0.861299
140.3 1.29226 -0.843769
140.4 1.82021 -0.812988
140.5 1.97968 -0.775757
140.6 2.01362 -0.737074
140.7 2.0137 -0.698215
140.8 2.00447 -0.659489
140.9 1.99263 -0.620977
141 1.97998 -0.582703
141.1 1.967 -0.544678
141.2 1.95384 -0.506904
141.3 1.94051 -0.469386
141.4 1.92702 -0.432126
141.5 1.91337 -0.395128
141.6 1.89955 -0.358394
141.7 1.88556 -0.321928
141.8 1.87139 -0.285734
141.9 1.85702 -0.249814
142 1.84247 -0.214173
142.1 1.8277 -0.178814
142.2 1.81272 -0.143742
142.3 1.79752 -0.108961
142.4 1.78208 -0.0744748
142.5 1.76639 -0.0402886
142.6 1.75045 -0.00640704
142.7 1.73422 0.0271646
142.8 1.71771 0.0604208
142.9 1.70089 0.093356
143 1.68374 0.125964
143.1 1.66625 0.158238
143.2 1.64839 0.190172
143.3 1.63013 0.221758
143.4 1.61146 0.252988
143.5 1.59233 0.283853
143.6 1.57271 0.314346
143.7 1.55256 0.344456
143.8 1.53184 0.374171
143.9 1.51049 0.403482
144 1.48846 0.432375
144.1 1.46567 0.460836
144.2 1.44205 0.488851
144.3 1.41749 0.516401
144.4 1.39188 0.543468
144.5 1.36509 0.57003
144.6 1.33693 0.596064
144.7 1.30722 0.62154
144.8 1.27567 0.646427
144.9 1.24197 0.670685
145 1.20566 0.69427
145.1 1.16618 0.717126
145.2 1.12273 0.739184
145.3 1.07419 0.760358
145.4 1.01897 0.780536
145.5 0.954628 0.799567
145.6 0.877311 0.817241
145.7 0.780594 0.833251
145.8 0.653051 0.847126
145.9 0.472958 0.858085
146 0.196804 0.864747
146.1 -0.257689 0.864537
146.2 -0.961062 0.853131
146.3 -1.65016 0.827474
146.4 -1.93693 0.792094
146.5 -2.00593 0.753757
146.6 -2.01556 0.714911
146.7 -2.00896 0.676111
146.8 -1.99787 0.637502
146.9 -1.98547 0.599125
147 -1.97261 0.560992
147.1 -1.95952 0.52311
147.2 -1.94625 0.485481
147.3 -1.93283 0.44811
147.4 -1.91925 0.410999
147.5 -1.90551 0.374151
147.6 -1.89159 0.33757
147.7 -1.8775 0.301258
147.8 -1.86322 0.26522
147.9 -1.84875 0.229458
148 -1.83407 0.193978
148.1 -1.81919 0.158782
148.2 -1.80408 0.123875
148.3 -1.78875 0.0892617
148.4 -1.77317 0.054946
148.5 -1.75733 0.0209328
148.6 -1.74123 -0.0127727
148.7 -1.72484 -0.0461651
148.8 -1.70816 -0.079239
148.9 -1.69115 -0.111988
149 -1.67381 -0.144407
149.1 -1.65611 -0.176488
149.2 -1.63803 -0.208224
149.3 -1.61954 -0.239608
149.4 -1.60061 -0.270631
149.5 -1.5812 -0.301286
149.6 -1.56129 -0.331561
149.7 -1.54082 -0.361447
149.8 -1.51975 -0.390934
149.9 -1.49802 -0.420008
150 -1.47556 -0.448657
150.1 -1.45231 -0.476865
150.2 -1.42816 -0.504617
150.3 -1.40302 -0.531894
150.4 -1.37676 -0.558676
150.5 -1.34921 -0.58494
150.6 -1.3202 -0.61066
150.7 -1.28948 -0.635804
150.8 -1.25675 -0.660338
150.9 -1.22162 -0.684218
151 -1.18358 -0.707395
151.1 -1.14195 -0.729806
151.2 -1.09577 -0.751372
151.3 -1.04366 -0.771994
151.4 -0.983608 -0.791539
151.5 -0.912467 -0.809827
151.6 -0.825119 -0.826598
151.7 -0.712713 -0.841464
151.8 -0.5589 -0.853801
151.9 -0.331507 -0.862539
152 0.0335652 -0.865708
152.1 0.632206 -0.859724
152.2 1.39227 -0.840136
152.3 1.85818 -0.807977
152.4 1.98861 -0.770368
152.5 2.01477 -0.731622
152.6 2.01272 -0.692772
152.7 2.0029 -0.654072
152.8 1.99088 -0.615593
152.9 1.97817 -0.577354
153 1.96517 -0.539364
153.1 1.95198 -0.501626
153.2 1.93862 -0.464143
153.3 1.92511 -0.42692
153.4 1.91144 -0.389959
153.5 1.8976 -0.353262
153.6 1.88358 -0.316834
153.7 1.86938 -0.280678
153.8 1.85499 -0.244797
153.9 1.84041 -0.209196
154 1.82562 -0.173877
154.1 1.81061 -0.138845
154.2 1.79537 -0.104105
154.3 1.7799 -0.0696608
154.4 1.76417 -0.035517
154.5 1.74819 -0.00167864
154.6 1.73192 0.0318491
154.7 1.71537 0.0650606
154.8 1.6985 0.0979502
154.9 1.68131 0.130512
155 1.66377 0.162739
155.1 1.64585 0.194624
155.2 1.62754 0.22616
155.3 1.6088 0.25734
155.4 1.5896 0.288154
155.5 1.56991 0.318593
155.6 1.54969 0.348648
155.7 1.52888 0.378308
155.8 1.50744 0.407561
155.9 1.48531 0.436394
156 1.46241 0.464794
156.1 1.43866 0.492744
156.2 1.41396 0.520227
156.3 1.3882 0.547225
156.4 1.36122 0.573715
156.5 1.33286 0.599672
156.6 1.30291 0.625068
156.7 1.27108 0.649869
156.8 1.23704 0.674036
156.9 1.20033 0.697522
157 1.16034 0.72027
157.1 1.11625 0.74221
157.2 1.0669 0.763252
157.3 1.01057 0.783279
157.4 0.944677 0.802134
157.5 0.865106 0.819596
157.6 0.764914 0.83534
157.7 0.631647 0.848862
157.8 0.441412 0.859322
157.9 0.146223 0.865212
158 -0.341653 0.863728
158.1 -1.07129 0.850379
158.2 -1.71538 0.822914
158.3 -1.95389 0.786797
158.4 -2.00925 0.748317
158.5 -2.01517 0.709459
158.6 -2.00756 0.670681
158.7 -1.99618 0.632103
158.8 -1.98368 0.593759
158.9 -1.97078 0.555661
159 -1.95766 0.517815
159.1 -1.94438 0.480222
159.2 -1.93094 0.442887
159.3 -1.91734 0.405813
159.4 -1.90357 0.369002
159.5 -1.88963 0.332458
159.6 -1.87551 0.296185
159.7 -1.8612 0.260185
159.8 -1.8467 0.224463
159.9 -1.832 0.189022
160 -1.81708 0.153867
160.1 -1.80195 0.119001
160.2 -1.78658 0.0844289
160.3 -1.77096 0.0501553
160.4 -1.75509 0.016185
160.5 -1.73895 -0.0174769
160.6 -1.72252 -0.050825
160.7 -1.70579 -0.0838537
160.8 -1.68874 -0.116557
160.9 -1.67135 -0.148929
161 -1.6536 -0.180962
161.1 -1.63546 -0.212649
161.2 -1.61691 -0.243983
161.3 -1.59791 -0.274955
161.4 -1.57844 -0.305557
161.5 -1.55845 -0.335778
161.6 -1.5379 -0.365609
161.7 -1.51674 -0.395038
161.8 -1.49491 -0.424054
161.9 -1.47235 -0.452641
162 -1.44898 -0.480787
162.1 -1.4247 -0.508473
162.2 -1.39941 -0.535682
162.3 -1.37297 -0.562393
162.4 -1.34524 -0.588582
162.5 -1.316 -0.614223
162.6 -1.28501 -0.639284
162.7 -1.25197 -0.663729
162.8 -1.21647 -0.687514
162.9 -1.17798 -0.710587
163 -1.13577 -0.732884
163.1 -1.08885 -0.754325
163.2 -1.03577 -0.774805
163.3 -0.974386 -0.794186
163.4 -0.901341 -0.812279
163.5 -0.811129 -0.82881
163.6 -0.694144 -0.843366
163.7 -0.532469 -0.855277
163.8 -0.290604 -0.86338
163.9 0.10144 -0.865527
164 0.736576 -0.857871
164.1 1.48535 -0.836243
164.2 1.88932 -0.802867
164.3 1.99571 -0.76496
164.4 2.01542 -0.726168
164.5 2.0116 -0.687331
164.6 2.00129 -0.64866
164.7 1.98913 -0.610213
164.8 1.97636 -0.572009
164.9 1.96333 -0.534054
165 1.95011 -0.496351
165.1 1.93674 -0.458905
165.2 1.9232 -0.421719
165.3 1.90951 -0.384794
165.4 1.89564 -0.348135
165.5 1.8816 -0.311745
165.6 1.86738 -0.275627
165.7 1.85296 -0.239786
165.8 1.83835 -0.204223
165.9 1.82352 -0.168945
166 1.80848 -0.133954
166.1 1.79321 -0.0992548
166.2 1.77771 -0.0648523
166.3 1.76195 -0.030751
166.4 1.74592 0.00304408
166.5 1.72962 0.0365278
166.6 1.71302 0.0696945
166.7 1.69611 0.102538
166.8 1.67887 0.135053
166.9 1.66128 0.167233
167 1.64331 0.19907
167.1 1.62494 0.230556
167.2 1.60614 0.261685
167.3 1.58687 0.292447
167.4 1.56711 0.322833
167.5 1.54681 0.352834
167.6 1.52592 0.382437
167.7 1.50438 0.411632
167.8 1.48215 0.440405
167.9 1.45913 0.468742
168 1.43525 0.496628
168.1 1.41041 0.524045
168.2 1.38449 0.550973
168.3 1.35733 0.577389
168.4 1.32876 0.603269
168.5 1.29856 0.628584
168.6 1.26645 0.653298
168.7 1.23206 0.677373
168.8 1.19493 0.700759
168.9 1.15443 0.723399
169 1.10968 0.745219
169.1 1.05946 0.766126
169.2 1.00197 0.785999
169.3 0.934459 0.804674
169.4 0.852502 0.821917
169.5 0.748599 0.837386
169.6 0.609157 0.85054
169.7 0.407869 0.86047
169.8 0.091877 0.865536
169.9 -0.431103 0.862684
170 -1.18012 0.84733
170.1 -1.77097 0.818183
170.2 -1.96777 0.781463
170.3 -2.01175 0.742871
170.4 -2.01456 0.70401
170.5 -2.00609 0.665255
170.6 -1.99447 0.626709
170.7 -1.98189 0.588399
170.8 -1.96895 0.550337
170.9 -1.95581 0.512525
171 -1.94251 0.474969
171.1 -1.92904 0.43767
171.2 -1.91541 0.400633
171.3 -1.90162 0.363859
171.4 -1.88766 0.327353
171.5 -1.87351 0.291118
171.6 -1.85918 0.255157
171.7 -1.84465 0.219474
171.8 -1.82992 0.184073
171.9 -1.81497 0.148958
172 -1.79981 0.114133
172.1 -1.7844 0.0796024
172.2 -1.76875 0.0453711
172.3 -1.75284 0.0114438
172.4 -1.73666 -0.0221744
172.5 -1.72019 -0.0554781
172.6 -1.70342 -0.0884615
172.7 -1.68632 -0.121119
172.8 -1.66888 -0.153443
172.9 -1.65108 -0.185428
173 -1.63288 -0.217066
173.1 -1.61427 -0.24835
173.2 -1.59521 -0.279271
173.3 -1.57567 -0.30982
173.4 -1.5556 -0.339987
173.5 -1.53497 -0.369762
173.6 -1.51372 -0.399134
173.7 -1.49179 -0.42809
173.8 -1.46912 -0.456617
173.9 -1.44563 -0.484699
174 -1.42122 -0.512319
174.1 -1.39577 -0.53946
174.2 -1.36917 -0.566099
174.3 -1.34123 -0.592213
174.4 -1.31176 -0.617775
174.5 -1.28051 -0.642752
174.6 -1.24715 -0.667107
174.7 -1.21127 -0.690795
174.8 -1.1723 -0.713764
174.9 -1.1295 -0.735946
175 -1.08181 -0.757259
175.1 -1.02772 -0.777594
175.2 -0.964939 -0.796807
175.3 -0.889884 -0.8147
175.4 -0.796626 -0.830983
175.5 -0.674723 -0.845217
175.6 -0.504517 -0.856679
175.7 -0.246828 -0.864108
175.8 0.174342 -0.865156
175.9 0.844272 -0.855731
176 1.57013 -0.83211
176.1 1.91481 -0.797679
176.2 2.00131 -0.759538
176.3 2.01566 -0.720713
176.4 2.01037 -0.681892
176.5 1.99965 -0.643251
176.6 1.98736 -0.604838
176.7 1.97454 -0.566668
176.8 1.96148 -0.528748
176.9 1.94824 -0.491082
177 1.93485 -0.453672
177.1 1.92129 -0.416522
177.2 1.90757 -0.379634
177.3 1.89368 -0.343013
177.4 1.87962 -0.306661
177.5 1.86536 -0.270582
177.6 1.85092 -0.234779
177.7 1.83628 -0.199256
177.8 1.82143 -0.164018
177.9 1.80635 -0.129067
178 1.79105 -0.0944097
178.1 1.77551 -0.0600492
178.2 1.75971 -0.0259906
178.3 1.74365 0.00776116
178.4 1.72731 0.0412007
178.5 1.71067 0.0743225
178.6 1.69371 0.107121
178.7 1.67642 0.139589
178.8 1.65878 0.171721
178.9 1.64075 0.203509
179 1.62232 0.234946
179.1 1.60346 0.266024
179.2 1.58413 0.296734
179.3 1.56429 0.327066
179.4 1.54391 0.357011
179.5 1.52293 0.386558
179.6 1.50131 0.415695
179.7 1.47896 0.444408
179.8 1.45584 0.472683
179.9 1.43183 0.500504
180 1.40684 0.527853
180.1 1.38076 0.554711
180.2 1.35341 0.581054
180.3 1.32463 0.606856
180.4 1.29418 0.632089
180.5 1.26177 0.656716
180.6 1.22703 0.680697
180.7 1.18947 0.703982
180.8 1.14843 0.726512
180.9 1.103 0.74821
181 1.05188 0.76898
181.1 0.993183 0.788696
181.2 0.923961 0.807186
181.3 0.839474 0.824205
181.4 0.731601 0.839387
181.5 0.585487 0.852155
181.6 0.372142 0.861526
181.7 0.0334439 0.865707
181.8 -0.525902 0.86139
181.9 -1.28568 0.843992
182 -1.81752 0.813303
182.1 -1.97904 0.7761
182.2 -2.01353 0.737421
182.3 -2.01376 0.698563
182.4 -2.00457 0.659835
182.5 -1.99274 0.62132
182.6 -1.98009 0.583045
182.7 -1.96712 0.545017
182.8 -1.95395 0.507241
182.9 -1.94063 0.469721
183 -1.92714 0.432459
183.1 -1.91349 0.395458
183.2 -1.89967 0.358722
183.3 -1.88568 0.322253
183.4 -1.87151 0.286057
183.5 -1.85715 0.250134
183.6 -1.8426 0.214491
183.7 -1.82784 0.17913
183.8 -1.81286 0.144055
183.9 -1.79766 0.109271
184 -1.78222 0.0747822
184.1 -1.76654 0.0405932
184.2 -1.75059 0.00670896
184.3 -1.73437 -0.0268654
184.4 -1.71786 -0.0601245
184.5 -1.70104 -0.0930626
184.6 -1.6839 -0.125673
184.7 -1.66641 -0.157951
184.8 -1.64855 -0.189887
184.9 -1.6303 -0.221476
185 -1.61162 -0.25271
185.1 -1.5925 -0.283579
185.2 -1.57288 -0.314075
185.3 -1.55274 -0.344188
185.4 -1.53203 -0.373907
185.5 -1.51069 -0.403222
185.6 -1.48866 -0.432118
185.7 -1.46588 -0.460584
185.8 -1.44226 -0.488602
185.9 -1.41771 -0.516156
186 -1.39211 -0.543228
186.1 -1.36533 -0.569795
186.2 -1.33719 -0.595833
186.3 -1.30749 -0.621315
186.4 -1.27596 -0.646207
186.5 -1.24228 -0.670471
186.6 -1.206 -0.694062
186.7 -1.16655 -0.716925
186.8 -1.12313 -0.738991
186.9 -1.07466 -0.760173
187 -1.0195 -0.78036
187.1 -0.955255 -0.799402
187.2 -0.878077 -0.817089
187.3 -0.781574 -0.833117
187.4 -0.654382 -0.847013
187.5 -0.474907 -0.858003
187.6 -0.199911 -0.864713
187.7 0.252517 -0.864581
187.8 0.954024 -0.853296
187.9 1.64566 -0.827758
188 1.93573 -0.792431
188.1 2.00569 -0.754104
188.2 2.01557 -0.715259
188.3 2.00905 -0.676458
188.4 1.99798 -0.637847
188.5 1.98558 -0.599467
188.6 1.97272 -0.561332
188.7 1.95963 -0.523448
188.8 1.94637 -0.485817
188.9 1.93296 -0.448443
189 1.91938 -0.41133
189.1 1.90563 -0.37448
189.2 1.89172 -0.337896
189.3 1.87763 -0.301582
189.4 1.86335 -0.265541
189.5 1.84888 -0.229777
189.6 1.83421 -0.194294
189.7 1.81932 -0.159096
189.8 1.80422 -0.124187
189.9 1.78889 -0.0895703
190 1.77331 -0.0552519
190.1 1.75748 -0.021236
190.2 1.74138 0.0124722
190.3 1.72499 0.0458676
190.4 1.70831 0.0789443
190.5 1.69131 0.111697
190.6 1.67397 0.144118
190.7 1.65627 0.176202
190.8 1.63819 0.207941
190.9 1.6197 0.239329
191 1.60078 0.270355
191.1 1.58138 0.301013
191.2 1.56147 0.331292
191.3 1.541 0.361182
191.4 1.51994 0.390672
191.5 1.49822 0.41975
191.6 1.47577 0.448402
191.7 1.45252 0.476614
191.8 1.42839 0.50437
191.9 1.40325 0.531652
192 1.377 0.558439
192.1 1.34947 0.584707
192.2 1.32046 0.610432
192.3 1.28976 0.635582
192.4 1.25705 0.660121
192.5 1.22194 0.684008
192.6 1.18394 0.707191
192.7 1.14234 0.729609
192.8 1.0962 0.751183
192.9 1.04416 0.771814
193 0.984189 0.791369
193.1 0.913167 0.80967
193.2 0.825995 0.826456
193.3 0.71387 0.841341
193.4 0.560538 0.853705
193.5 0.334025 0.862481
193.6 -0.0293981 0.865714
193.7 -0.625683 0.859833
193.8 -1.38608 0.840376
193.9 -1.85598 0.8083
194 -1.9881 0.770712
194.1 -2.01472 0.73197
194.2 -2.01279 0.693119
194.3 -2.003 0.654418
194.4 -1.99099 0.615936
194.5 -1.97829 0.577695
194.6 -1.96528 0.539702
194.7 -1.95209 0.501962
194.8 -1.93874 0.464478
194.9 -1.92523 0.427252
195 -1.91156 0.390288
195.1 -1.89772 0.35359
195.2 -1.88371 0.317159
195.3 -1.86951 0.281001
195.4 -1.85512 0.245117
195.5 -1.84054 0.209513
195.6 -1.82575 0.174192
195.7 -1.81074 0.139158
195.8 -1.79551 0.104415
195.9 -1.78004 0.0699679
196 -1.76432 0.0358213
196.1 -1.74833 0.0019802
196.2 -1.73207 -0.0315503
196.3 -1.71552 -0.0647647
196.4 -1.69866 -0.0976572
196.5 -1.68146 -0.130222
196.6 -1.66393 -0.162452
196.7 -1.64601 -0.19434
196.8 -1.6277 -0.22588
196.9 -1.60897 -0.257062
197 -1.58978 -0.28788
197.1 -1.57009 -0.318322
197.2 -1.54987 -0.348381
197.3 -1.52907 -0.378044
197.4 -1.50764 -0.407301
197.5 -1.48551 -0.436138
197.6 -1.46262 -0.464541
197.7 -1.43888 -0.492496
197.8 -1.41419 -0.519984
197.9 -1.38843 -0.546986
198 -1.36147 -0.57348
198.1 -1.33313 -0.599442
198.2 -1.30319 -0.624843
198.3 -1.27138 -0.649649
198.4 -1.23736 -0.673822
198.5 -1.20067 -0.697315
198.6 -1.16072 -0.72007
198.7 -1.11667 -0.742018
198.8 -1.06737 -0.763068
198.9 -1.01111 -0.783105
199 -0.945319 -0.801971
199.1 -0.865896 -0.819446
199.2 -0.765933 -0.835208
199.3 -0.633045 -0.848753
199.4 -0.443483 -0.859245
199.5 -0.14956 -0.865187
199.6 0.336131 -0.863786
199.7 1.06428 -0.850563
199.8 1.71151 -0.82321
199.9 1.95291 -0.787136
200 2.00907 -0.748664
