0 2 0
0.1 1.95341 0.324208
0.2 1.8962 0.639884
0.3 1.82981 0.945414
0.4 1.75521 1.23938
0.5 1.67299 1.52048
0.6 1.58345 1.7875
0.7 1.48662 2.03924
0.8 1.38232 2.2745
0.9 1.2702 2.49204
1 1.14972 2.69051
1.1 1.02017 2.8685
1.2 0.880751 3.02445
1.3 0.730541 3.15668
1.4 0.568596 3.26333
1.5 0.394045 3.34241
1.6 0.206262 3.3918
1.7 0.0051287 3.40931
1.8 -0.208615 3.39279
1.9 -0.432935 3.34033
2 -0.664086 3.25047
2.1 -0.896383 3.12253
2.2 -1.12239 2.95691
2.3 -1.33372 2.75533
2.4 -1.5223 2.52087
2.5 -1.68184 2.25781
2.6 -1.8088 1.97124
2.7 -1.9026 1.66658
2.8 -1.96509 1.34915
2.9 -1.99962 1.02382
3 -2.01014 0.694847
3.1 -2.00055 0.365851
3.2 -1.97428 0.039837
3.3 -1.93416 -0.280701
3.4 -1.88239 -0.59368
3.5 -1.8206 -0.897332
3.6 -1.74994 -1.19011
3.7 -1.67116 -1.47064
3.8 -1.58469 -1.73762
3.9 -1.49068 -1.9898
4 -1.38903 -2.22595
4.1 -1.27946 -2.44479
4.2 -1.1615 -2.64498
4.3 -1.03452 -2.82511
4.4 -0.897747 -2.98364
4.5 -0.750313 -3.11887
4.6 -0.5913 -3.22901
4.7 -0.419839 -3.31206
4.8 -0.235277 -3.36594
4.9 -0.037406 -3.38847
5 0.173191 -3.37751
5.1 0.394728 -3.33109
5.2 0.623795 -3.24767
5.3 0.855084 -3.12644
5.4 1.0815 -2.96758
5.5 1.29481 -2.77257
5.6 1.48688 -2.54422
5.7 1.65109 -2.28659
5.8 1.78338 -2.00463
5.9 1.88267 -1.70368
6 1.95037 -1.38909
6.1 1.98958 -1.06578
6.2 2.00417 -0.738109
6.3 1.99802 -0.409802
6.4 1.97463 -0.0839604
6.5 1.93692 0.236838
6.6 1.88719 0.550442
6.7 1.82716 0.855029
6.8 1.75806 1.14902
6.9 1.6807 1.43099
7 1.59557 1.69964
7.1 1.50284 1.95371
7.2 1.40248 2.19196
7.3 1.29422 2.41311
7.4 1.17764 2.61584
7.5 1.05212 2.79874
7.6 0.91692 2.96027
7.7 0.771183 3.09879
7.8 0.613995 3.21249
7.9 0.444479 3.29942
8 0.26194 3.35751
8.1 0.0660916 3.38458
8.2 -0.142617 3.37847
8.3 -0.3626 3.3372
8.4 -0.590703 3.25914
8.5 -0.8219 3.14335
8.6 -1.04933 2.98987
8.7 -1.26488 2.79996
8.8 -1.46032 2.57625
8.9 -1.62874 2.32264
9 -1.76568 2.04397
9.1 -1.86963 1.74554
9.2 -1.94169 1.43272
9.3 -1.98478 1.1105
9.4 -2.00268 0.783345
9.5 -1.9993 0.455048
9.6 -1.97822 0.128802
9.7 -1.94243 -0.192747
9.8 -1.89433 -0.507391
9.9 -1.83571 -0.813266
10 -1.76786 -1.10876
10.1 -1.69166 -1.39244
10.2 -1.60762 -1.66297
10.3 -1.51597 -1.91911
10.4 -1.41671 -2.1596
10.5 -1.3096 -2.38318
10.6 -1.19423 -2.58853
10.7 -1.07002 -2.77424
10.8 -0.93623 -2.93883
10.9 -0.792031 -3.08064
11 -0.636509 -3.19789
11.1 -0.468774 -3.28866
11.2 -0.288095 -3.35088
11.3 -0.0941126 -3.38239
11.4 0.11285 -3.38102
11.5 0.33139 -3.34475
11.6 0.558596 -3.27189
11.7 0.789712 -3.16139
11.8 1.01811 -3.01311
11.9 1.2358 -2.82816
12 1.43449 -2.60897
12.1 1.60699 -2.35928
12.2 1.74847 -2.08379
12.3 1.857 -1.78781
12.4 1.93336 -1.4767
12.5 1.98027 -1.15554
12.6 2.00144 -0.82884
12.7 2.00081 -0.500514
12.8 1.982 -0.173828
12.9 1.94812 0.148501
13 1.90161 0.464211
13.1 1.84437 0.771396
13.2 1.77775 1.06841
13.3 1.70267 1.3538
13.4 1.61971 1.62623
13.5 1.52912 1.88444
13.6 1.43093 2.12717
13.7 1.32493 2.35317
13.8 1.21074 2.56113
13.9 1.08779 2.74965
14 0.955388 2.91726
14.1 0.81269 3.06233
14.2 0.658797 3.18311
14.3 0.492809 3.27767
14.4 0.313962 3.34398
14.5 0.121829 3.37988
14.6 -0.0833831 3.38321
14.7 -0.300449 3.35189
14.8 -0.526689 3.28419
14.9 -0.757615 3.17895
15 -0.986845 3.03588
15.1 -1.20652 2.85591
15.2 -1.40832 2.64128
15.3 -1.5848 2.39556
15.4 -1.73077 2.12335
15.5 -1.84388 1.82989
15.6 -1.92458 1.52057
15.7 -1.97537 1.20052
15.8 -1.99988 0.874345
15.9 -2.00205 0.546039
16 -1.98557 0.218953
16.1 -1.95361 -0.104124
16.2 -1.90873 -0.420872
16.3 -1.85289 -0.729341
16.4 -1.78751 -1.02786
16.5 -1.71357 -1.31494
16.6 -1.63167 -1.58925
16.7 -1.54214 -1.8495
16.8 -1.44501 -2.09445
16.9 -1.34011 -2.32285
17 -1.22709 -2.53339
17.1 -1.1054 -2.7247
17.2 -0.974355 -2.89531
17.3 -0.833139 -3.04361
17.4 -0.680854 -3.16786
17.5 -0.516596 -3.26618
17.6 -0.339569 -3.33654
17.7 -0.149286 -3.37679
17.8 0.0541565 -3.38476
17.9 0.2697 -3.35837
18 0.494891 -3.29581
18.1 0.725506 -3.19581
18.2 0.955415 -3.05797
18.3 1.17692 -2.88302
18.4 1.38167 -2.67301
18.5 1.56205 -2.43135
18.6 1.71245 -2.16251
18.7 1.83015 -1.87168
18.8 1.91524 -1.56425
18.9 1.96998 -1.24539
19 1.9979 -0.919815
19.1 2.00294 -0.591591
19.2 1.98884 -0.264158
19.3 1.95887 0.0596232
19.4 1.91565 0.377373
19.5 1.86124 0.687096
19.6 1.79711 0.987086
19.7 1.72431 1.27584
19.8 1.6435 1.552
19.9 1.55501 1.81427
20 1.45894 2.06142
20.1 1.35514 2.29219
20.2 1.24328 2.50529
20.3 1.12283 2.69936
20.4 0.993127 2.87293
20.5 0.853375 3.02442
20.6 0.702681 3.15212
20.7 0.540136 3.25416
20.8 0.36492 3.32852
20.9 0.176487 3.37308
21 -0.0251665 3.38566
21.1 -0.239141 3.36416
21.2 -0.463202 3.3067
21.3 -0.693389 3.21195
21.4 -0.923828 3.07934
21.5 -1.14699 2.90945
21.6 -1.35456 2.70413
21.7 -1.53871 2.46661
21.8 -1.69351 2.20125
21.9 -1.8158 1.91315
22 -1.90531 1.6077
22.1 -1.96407 1.29014
22.2 -1.99548 0.965237
22.3 -2.00346 0.63716
22.4 -1.99181 0.309434
22.5 -1.96387 -0.0150056
22.6 -1.92236 -0.333719
22.7 -1.8694 -0.644664
22.8 -1.80655 -0.946098
22.9 -1.7349 -1.23649
23 -1.65517 -1.51448
23.1 -1.56774 -1.77875
23.2 -1.47273 -2.02808
23.3 -1.37002 -2.2612
23.4 -1.2593 -2.47683
23.5 -1.14008 -2.67362
23.6 -1.01171 -2.85012
23.7 -0.8734 -3.00478
23.8 -0.724279 -3.13589
23.9 -0.563431 -3.24161
24 -0.390015 -3.31994
24.1 -0.203432 -3.36876
24.2 -0.00358412 -3.38591
24.3 0.208779 -3.36925
24.4 0.431635 -3.31688
24.5 0.66128 -3.22735
24.6 0.892102 -3.1
24.7 1.11677 -2.9352
24.8 1.32699 -2.73463
24.9 1.5148 -2.50135
25 1.67393 -2.23955
25.1 1.80081 -1.95429
25.2 1.8948 -1.65092
25.3 1.95764 -1.33474
25.4 1.99261 -1.0106
25.5 2.00361 -0.682737
25.6 1.99447 -0.354774
25.7 1.96862 -0.0297228
25.8 1.92885 0.289915
25.9 1.87737 0.602048
26 1.81581 0.904897
26.1 1.74534 1.19691
26.2 1.6667 1.47669
26.3 1.58033 1.74295
26.4 1.48637 1.99442
26.5 1.38474 2.22986
26.6 1.27516 2.448
26.7 1.15715 2.64749
26.8 1.03009 2.8269
26.9 0.893217 2.98469
27 0.745652 3.11917
27.1 0.586484 3.22853
27.2 0.414855 3.31078
27.3 0.23012 3.36383
27.4 0.0320917 3.3855
27.5 -0.178622 3.37366
27.6 -0.400202 3.32634
27.7 -0.629196 3.24203
27.8 -0.860259 3.11993
27.9 -1.08627 2.96025
28 -1.29899 2.7645
28.1 -1.49034 2.53553
28.2 -1.65373 2.2774
28.3 -1.78518 1.99507
28.4 -1.88367 1.6939
28.5 -1.95067 1.3792
28.6 -1.98928 1.05589
28.7 -2.00337 0.728313
28.8 -1.99681 0.400172
28.9 -1.97309 0.0745561
29 -1.93511 -0.245966
29.1 -1.88514 -0.559253
29.2 -1.82491 -0.863487
29.3 -1.75562 -1.15709
29.4 -1.67808 -1.43865
29.5 -1.59277 -1.70686
29.6 -1.49986 -1.96046
29.7 -1.39931 -2.1982
29.8 -1.29086 -2.41881
29.9 -1.17405 -2.62097
30 -1.04829 -2.80326
30.1 -0.912829 -2.96415
30.2 -0.766801 -3.10197
30.3 -0.609297 -3.21493
30.4 -0.439443 -3.30107
30.5 -0.256551 -3.35829
30.6 -0.0603531 -3.38445
30.7 0.148677 -3.37738
30.8 0.368914 -3.33509
30.9 0.597155 -3.25598
31 0.828321 -3.13914
31.1 1.05551 -2.98462
31.2 1.27058 -2.79373
31.3 1.46533 -2.56915
31.4 1.6329 -2.31478
31.5 1.76892 -2.0355
31.6 1.87195 -1.73662
31.7 1.94315 -1.42349
31.8 1.98548 -1.1011
31.9 2.00274 -0.773879
32 1.99882 -0.445619
32.1 1.97729 -0.119488
32.2 1.94114 0.201878
32.3 1.89272 0.516283
32.4 1.83383 0.821872
32.5 1.76574 1.11704
32.6 1.68931 1.40035
32.7 1.60506 1.67049
32.8 1.51321 1.92619
32.9 1.41373 2.1662
33 1.30639 2.38927
33.1 1.19078 2.59408
33.2 1.0663 2.77921
33.3 0.932237 2.94316
33.4 0.787729 3.08429
33.5 0.631872 3.20081
33.6 0.463779 3.29079
33.7 0.282725 3.35216
33.8 0.0883656 3.38276
33.9 -0.11895 3.38042
34 -0.337784 3.34313
34.1 -0.565173 3.2692
34.2 -0.796308 3.15761
34.3 -1.02451 3.00827
34.4 -1.24177 2.82231
34.5 -1.4398 2.60219
34.6 -1.61147 2.35169
34.7 -1.75201 2.07555
34.8 -1.8596 1.77906
34.9 -1.93508 1.4676
35 -1.9812 1.14622
35.1 -2.00169 0.819426
35.2 -2.00049 0.491107
35.3 -1.98122 0.164513
35.4 -1.94694 -0.157654
35.5 -1.9001 -0.473144
35.6 -1.84258 -0.780057
35.7 -1.7757 -1.07676
35.8 -1.7004 -1.36179
35.9 -1.61721 -1.63384
36 -1.52641 -1.89161
36.1 -1.42799 -2.13388
36.2 -1.32177 -2.35938
36.3 -1.20734 -2.5668
36.4 -1.08413 -2.75475
36.5 -0.951444 -2.92174
36.6 -0.808438 -3.06613
36.7 -0.654211 -3.18618
36.8 -0.487865 -3.27997
36.9 -0.308641 -3.34543
37 -0.116127 -3.38043
37.1 0.0894477 -3.38279
37.2 0.306821 -3.35046
37.3 0.533267 -3.28169
37.4 0.764241 -3.17536
37.5 0.993311 -3.03122
37.6 1.21259 -2.85022
37.7 1.41375 -2.63465
37.8 1.58943 -2.38809
37.9 1.73447 -2.1152
38 1.84663 -1.82122
38.1 1.92643 -1.51152
38.2 1.97642 -1.19123
38.3 2.00023 -0.864945
38.4 2.00182 -0.53663
38.5 1.98485 -0.209623
38.6 1.95249 0.113302
38.7 1.90728 0.429838
38.8 1.85114 0.738044
38.9 1.7855 1.03625
39 1.71133 1.32299
39.1 1.62921 1.59691
39.2 1.53946 1.85674
39.3 1.44211 2.10124
39.4 1.33699 2.32914
39.5 1.22373 2.53915
39.6 1.10178 2.72989
39.7 0.970453 2.89988
39.8 0.828932 3.04751
39.9 0.676317 3.17105
40 0.511702 3.2686
40.1 0.334301 3.33812
40.2 0.143635 3.37748
40.3 -0.0601746 3.38449
40.4 -0.276036 3.35709
40.5 -0.501451 3.29346
40.6 -0.73214 3.19238
40.7 -0.961921 3.05346
40.8 -1.18306 2.87747
40.9 -1.38721 2.6665
41 -1.56679 2.42399
41.1 -1.71629 2.15445
41.2 -1.83304 1.86307
41.3 -1.91722 1.55524
41.4 -1.97113 1.23613
41.5 -1.99834 0.910425
41.6 -2.00278 0.582179
41.7 -1.98819 0.254813
41.8 -1.9578 -0.068826
41.9 -1.91424 -0.386372
42 -1.85953 -0.695839
42.1 -1.79514 -0.995526
42.2 -1.7221 -1.28394
42.3 -1.64107 -1.55971
42.4 -1.55237 -1.82157
42.5 -1.45608 -2.06827
42.6 -1.35205 -2.29855
42.7 -1.23995 -2.51113
42.8 -1.11924 -2.70463
42.9 -0.989265 -2.87759
43 -0.849212 -3.02842
43.1 -0.698191 -3.15542
43.2 -0.535293 -3.25669
43.3 -0.359704 -3.33023
43.4 -0.170889 -3.3739
43.5 0.0311358 -3.38553
43.6 0.245438 -3.36302
43.7 0.469739 -3.30451
43.8 0.700024 -3.20867
43.9 0.930365 -3.07499
44 1.1532 -2.90404
44.1 1.3602 -2.69775
44.2 1.54358 -2.45937
44.3 1.69747 -2.19328
44.4 1.81882 -1.90461
44.5 1.90741 -1.59874
44.6 1.96534 -1.28091
44.7 1.99602 -0.955858
44.8 2.00338 -0.627746
44.9 1.99123 -0.300075
45 1.96286 0.0242321
45.1 1.92099 0.34275
45.2 1.86773 0.653445
45.3 1.80461 0.954583
45.4 1.73273 1.24464
45.5 1.65277 1.52225
45.6 1.56513 1.78612
45.7 1.46989 2.03499
45.8 1.36696 2.26763
45.9 1.256 2.48274
46 1.13653 2.67897
46.1 1.00788 2.85487
46.2 0.86928 3.00888
46.3 0.719836 3.13929
46.4 0.558639 3.24425
46.5 0.384851 3.32176
46.6 0.197887 3.36971
46.7 -0.00233544 3.38591
46.8 -0.215035 3.36825
46.9 -0.438146 3.31484
47 -0.667911 3.22423
47.1 -0.898666 3.09579
47.2 -1.12304 2.92993
47.3 -1.33272 2.72838
47.4 -1.51979 2.49422
47.5 -1.67802 2.23168
47.6 -1.80396 1.94582
47.7 -1.89702 1.64201
47.8 -1.95901 1.32554
47.9 -1.99324 1.00123
48 -2.00361 0.673322
48.1 -1.99395 0.345403
48.2 -1.96766 0.0204739
48.3 -1.92753 -0.298977
48.4 -1.87574 -0.610867
48.5 -1.81391 -0.913425
48.6 -1.7432 -1.20511
48.7 -1.66433 -1.48452
48.8 -1.57774 -1.75037
48.9 -1.48356 -2.0014
49 -1.38171 -2.23637
49.1 -1.2719 -2.45399
49.2 -1.15364 -2.65292
49.3 -1.02631 -2.83173
49.4 -0.88914 -2.98888
49.5 -0.741255 -3.12267
49.6 -0.581742 -3.23128
49.7 -0.409744 -3.31272
49.8 -0.224628 -3.3649
49.9 -0.0262226 -3.38564
50 0.184835 -3.3728
50.1 0.406684 -3.32444
50.2 0.635821 -3.23906
50.3 0.866846 -3.11587
50.4 1.09259 -2.95513
50.5 1.30481 -2.75838
50.6 1.49544 -2.52851
50.7 1.65795 -2.26962
50.8 1.78846 -1.98668
50.9 1.88602 -1.68504
51 1.95215 -1.37003
51.1 1.99001 -1.04654
51.2 2.00345 -0.718899
51.3 1.99636 -0.390789
51.4 1.97219 -0.0652861
51.5 1.93383 0.255057
51.6 1.88355 0.568108
51.7 1.82304 0.872058
51.8 1.75351 1.16534
51.9 1.67574 1.44653
52 1.59021 1.71434
52.1 1.49709 1.9675
52.2 1.39631 2.20477
52.3 1.28763 2.42487
52.4 1.17058 2.62648
52.5 1.04455 2.80818
52.6 0.908794 2.96843
52.7 0.76245 3.10556
52.8 0.604604 3.21778
52.9 0.434384 3.30312
53 0.251112 3.35949
53.1 0.0545351 3.38472
53.2 -0.154846 3.37667
53.3 -0.375365 3.33334
53.4 -0.60377 3.25316
53.5 -0.834925 3.13523
53.6 -1.06188 2.97964
53.7 -1.27648 2.78774
53.8 -1.47054 2.56225
53.9 -1.63725 2.3071
54 -1.77233 2.02718
54.1 -1.87442 1.72782
54.2 -1.94475 1.41435
54.3 -1.98631 1.09177
54.4 -2.0029 0.764468
54.5 -1.99843 0.436226
54.6 -1.97645 0.110198
54.7 -1.93991 -0.210997
54.8 -1.89117 -0.525174
54.9 -1.832 -0.830486
55 -1.76366 -1.12533
55.1 -1.68701 -1.40828
55.2 -1.60254 -1.67802
55.3 -1.51046 -1.93329
55.4 -1.41076 -2.17284
55.5 -1.3032 -2.39541
55.6 -1.18734 -2.59966
55.7 -1.0626 -2.78421
55.8 -0.928244 -2.94753
55.9 -0.783424 -3.08798
56 -0.627228 -3.20377
56.1 -0.458772 -3.29296
56.2 -0.277339 -3.35348
56.3 -0.0825993 -3.38316
56.4 0.125073 -3.37985
56.5 0.344201 -3.34152
56.6 0.571775 -3.26653
56.7 0.802926 -3.15386
56.8 1.03093 -3.00344
56.9 1.24775 -2.81646
57 1.44512 -2.59541
57.1 1.61595 -2.3441
57.2 1.75556 -2.0673
57.3 1.8622 -1.77032
57.4 1.93679 -1.4585
57.5 1.98212 -1.1369
57.6 2.00194 -0.810019
57.7 2.00018 -0.481707
57.8 1.98043 -0.155204
57.9 1.94576 0.166801
58 1.8986 0.482069
58.1 1.84078 0.788711
58.2 1.77366 1.0851
58.3 1.69812 1.36978
58.4 1.61471 1.64143
58.5 1.52369 1.89878
58.6 1.42506 2.14059
58.7 1.31861 2.36558
58.8 1.20393 2.57247
58.9 1.08046 2.75984
59 0.947492 2.9262
59.1 0.804178 3.06992
59.2 0.649616 3.18925
59.3 0.48291 3.28225
59.4 0.303308 3.34687
59.5 0.110413 3.38097
59.6 -0.0955238 3.38236
59.7 -0.313203 3.349
59.8 -0.539851 3.27917
59.9 -0.770869 3.17176
60 -0.999773 3.02654
60.1 -1.21865 2.84451
60.2 -1.41918 2.62799
60.3 -1.59403 2.38061
60.4 -1.73815 2.10704
60.5 -1.84936 1.81253
60.6 -1.92827 1.50246
60.7 -1.97745 1.18194
60.8 -2.00057 0.855544
60.9 -2.00157 0.527224
61 -1.98412 0.200297
61.1 -1.95137 -0.122475
61.2 -1.90581 -0.438798
61.3 -1.84939 -0.746739
61.4 -1.78349 -1.04464
61.5 -1.70908 -1.33103
61.6 -1.62674 -1.60456
61.7 -1.53677 -1.86397
61.8 -1.43921 -2.10801
61.9 -1.33386 -2.33542
62 -1.22035 -2.54489
62.1 -1.09815 -2.73506
62.2 -0.966542 -2.90443
62.3 -0.824716 -3.0514
62.4 -0.671769 -3.17422
62.5 -0.506798 -3.27099
62.6 -0.329021 -3.33968
62.7 -0.137973 -3.37814
62.8 0.0662028 -3.3842
62.9 0.282381 -3.35577
63 0.508015 -3.29109
63.1 0.738773 -3.18893
63.2 0.96842 -3.04893
63.3 1.18919 -2.8719
63.4 1.39274 -2.65997
63.5 1.57152 -2.41662
63.6 1.7201 -2.14638
63.7 1.8359 -1.85445
63.8 1.91917 -1.54623
63.9 1.97227 -1.22687
64 1.99877 -0.901034
64.1 2.00261 -0.572768
64.2 1.98753 -0.245471
64.3 1.95673 0.0780238
64.4 1.91282 0.395364
64.5 1.85781 0.704573
64.6 1.79316 1.00396
64.7 1.71989 1.29203
64.8 1.63863 1.56742
64.9 1.54971 1.82886
65 1.4532 2.07511
65.1 1.34895 2.3049
65.2 1.23661 2.51695
65.3 1.11565 2.70988
65.4 0.985395 2.88223
65.5 0.845039 3.0324
65.6 0.693691 3.15869
65.7 0.53044 3.25919
65.8 0.354477 3.33191
65.9 0.16528 3.37469
66 -0.0371152 3.38537
66.1 -0.251743 3.36185
66.2 -0.476281 3.30229
66.3 -0.706659 3.20537
66.4 -0.936896 3.0706
66.5 -1.1594 2.89861
66.6 -1.36582 2.69135
66.7 -1.54842 2.45211
66.8 -1.70141 2.1853
66.9 -1.82181 1.89605
67 -1.90949 1.58977
67.1 -1.96658 1.27167
67.2 -1.99654 0.946477
67.3 -2.00329 0.618331
67.4 -1.99062 0.290719
67.5 -1.96184 -0.0334538
67.6 -1.91962 -0.351774
67.7 -1.86605 -0.662218
67.8 -1.80267 -0.963058
67.9 -1.73054 -1.25278
68 -1.65037 -1.53001
68.1 -1.5625 -1.79346
68.2 -1.46705 -2.04189
68.3 -1.36389 -2.27405
68.4 -1.2527 -2.48863
68.5 -1.13297 -2.6843
68.6 -1.00405 -2.8596
68.7 -0.865152 -3.01295
68.8 -0.715383 -3.14266
68.9 -0.553836 -3.24686
69 -0.379677 -3.32355
69.1 -0.19233 -3.37062
69.2 0.00826533 -3.38589
69.3 0.221299 -3.36723
69.4 0.444662 -3.31276
69.5 0.674544 -3.22108
69.6 0.905225 -3.09155
69.7 1.12929 -2.92464
69.8 1.33844 -2.72211
69.9 1.52475 -2.48706
70 1.68209 -2.22378
70.1 1.80708 -1.93733
70.2 1.89921 -1.63309
70.3 1.96036 -1.31633
70.4 1.99385 -0.991864
70.5 2.0036 -0.663906
70.6 1.99341 -0.336034
70.7 1.96669 -0.0112295
70.8 1.92619 0.308031
70.9 1.8741 0.619677
71 1.812 0.921945
71.1 1.74105 1.21329
71.2 1.66196 1.49234
71.3 1.57515 1.75778
71.4 1.48075 2.00836
71.5 1.37868 2.24285
71.6 1.26863 2.45995
71.7 1.15012 2.65833
71.8 1.02252 2.83655
71.9 0.885054 2.99305
72 0.736849 3.12614
72.1 0.576989 3.234
72.2 0.404623 3.31463
72.3 0.219125 3.36594
72.4 0.020343 3.38575
72.5 -0.191057 3.37192
72.6 -0.413172 3.32252
72.7 -0.642448 3.23606
72.8 -0.873428 3.11178
72.9 -1.0989 2.94999
73 -1.31061 2.75224
73.1 -1.50051 2.52147
73.2 -1.66215 2.26182
73.3 -1.79172 1.97826
73.4 -1.88834 1.67618
73.5 -1.95361 1.36085
73.6 -1.99072 1.03719
73.7 -2.00352 0.709484
73.8 -1.99589 0.381409
73.9 -1.97127 0.0560203
74 -1.93255 -0.264142
74.1 -1.88195 -0.576956
74.2 -1.82117 -0.880621
74.3 -1.75139 -1.17357
74.4 -1.6734 -1.4544
74.5 -1.58765 -1.7218
74.6 -1.49431 -1.97453
74.7 -1.39331 -2.21132
74.8 -1.28439 -2.43092
74.9 -1.16709 -2.63198
75 -1.0408 -2.81308
75.1 -0.904751 -2.97269
75.2 -0.75809 -3.10914
75.3 -0.599901 -3.22061
75.4 -0.429315 -3.30515
75.5 -0.245662 -3.36065
75.6 -0.0487065 -3.38496
75.7 0.161023 -3.37592
75.8 0.381823 -3.33156
75.9 0.610387 -3.25031
76 0.841527 -3.13129
76.1 1.06824 -2.97463
76.2 1.28237 -2.78173
76.3 1.47573 -2.55532
76.4 1.64158 -2.2994
76.5 1.77572 -2.01884
76.6 1.87687 -1.719
76.7 1.94632 -1.40521
76.8 1.98711 -1.08243
76.9 2.00305 -0.755055
77 1.99803 -0.426836
77.1 1.97559 -0.100912
77.2 1.93868 0.22011
77.3 1.88962 0.534058
77.4 1.83017 0.839091
77.5 1.76158 1.13361
77.6 1.68469 1.41621
77.7 1.6 1.68555
77.8 1.50771 1.94038
77.9 1.40779 2.17946
78 1.29999 2.40152
78.1 1.18389 2.60524
78.2 1.05889 2.7892
78.3 0.924242 2.95188
78.4 0.779109 3.09165
78.5 0.622574 3.20671
78.6 0.453755 3.2951
78.7 0.271942 3.35477
78.8 0.0768222 3.38354
78.9 -0.131206 3.37925
79 -0.350626 3.33989
79.1 -0.578379 3.26383
79.2 -0.809542 3.15007
79.3 -1.03735 2.99858
79.4 -1.25372 2.81058
79.5 -1.45041 2.58861
79.6 -1.6204 2.3365
79.7 -1.75908 2.05905
79.8 -1.86478 1.76156
79.9 -1.93848 1.4494
80 -1.98303 1.12759
80.1 -2.00217 0.800611
80.2 -1.99984 0.472308
80.3 -1.97963 0.145899
80.4 -1.94457 -0.175942
80.5 -1.89708 -0.490988
80.6 -1.83898 -0.797358
80.7 -1.77161 -1.09343
80.8 -1.69584 -1.37775
80.9 -1.61221 -1.64901
81 -1.52097 -1.90593
81.1 -1.42212 -2.14727
81.2 -1.31544 -2.37177
81.3 -1.20052 -2.57812
81.4 -1.07679 -2.7649
81.5 -0.943532 -2.93064
81.6 -0.799908 -3.07369
81.7 -0.64501 -3.19229
81.8 -0.477944 -3.28451
81.9 -0.297965 -3.34828
82 -0.104688 -3.38147
82.1 0.10161 -3.38189
82.2 0.319593 -3.34751
82.3 0.546439 -3.27662
82.4 0.777495 -3.16812
82.5 1.00623 -3.02183
82.6 1.22469 -2.83877
82.7 1.42458 -2.62131
82.8 1.59861 -2.37311
82.9 1.7418 -2.09887
83 1.85207 -1.80384
83.1 1.93007 -1.4934
83.2 1.97845 -1.17265
83.3 2.00089 -0.846142
83.4 2.00131 -0.517818
83.5 1.98339 -0.190975
83.6 1.95023 0.131642
83.7 1.90434 0.44775
83.8 1.84763 0.755426
83.9 1.78147 1.05301
84 1.70683 1.33905
84.1 1.62427 1.6122
84.2 1.53408 1.87118
84.3 1.4363 2.11476
84.4 1.33072 2.34168
84.5 1.21697 2.55062
84.6 1.09451 2.74021
84.7 0.962623 2.90896
84.8 0.820491 3.05526
84.9 0.667212 3.17736
85 0.501883 3.27336
85.1 0.32373 3.34121
85.2 0.132301 3.37877
85.3 -0.0722411 3.38387
85.4 -0.288733 3.35443
85.5 -0.514584 3.28869
85.6 -0.745406 3.18544
85.7 -0.974912 3.04436
85.8 -1.1953 2.86629
85.9 -1.39824 2.65342
86 -1.57622 2.40922
86.1 -1.72388 2.13829
86.2 -1.83873 1.84582
86.3 -1.92109 1.5372
86.4 -1.97338 1.21759
86.5 -1.99918 0.89164
86.6 -2.00243 0.563357
86.7 -1.98685 0.236133
86.8 -1.95564 -0.0872166
86.9 -1.91139 -0.40435
87 -1.85609 -0.7133
87.1 -1.79118 -1.01238
87.2 -1.71767 -1.3001
87.3 -1.63619 -1.57511
87.4 -1.54705 -1.83614
87.5 -1.45032 -2.08193
87.6 -1.34585 -2.31123
87.7 -1.23327 -2.52275
87.8 -1.11205 -2.71511
87.9 -0.981516 -2.88685
88 -0.840858 -3.03637
88.1 -0.689181 -3.16194
88.2 -0.525576 -3.26167
88.3 -0.349239 -3.33356
88.4 -0.15966 -3.37545
88.5 0.0431049 -3.38518
88.6 0.258057 -3.36065
88.7 0.482828 -3.30003
88.8 0.713294 -3.20203
88.9 0.943421 -3.06618
89 1.16558 -2.89315
89.1 1.37142 -2.68492
89.2 1.55324 -2.44482
89.3 1.70532 -2.17729
89.4 1.82477 -1.88749
89.5 1.91153 -1.5808
89.6 1.96779 -1.26242
89.7 1.99703 -0.937093
89.8 2.00318 -0.608917
89.9 1.99001 -0.281366
90 1.9608 0.0426707
90.1 1.91823 0.360792
90.2 1.86436 0.670983
90.3 1.80072 0.971525
90.4 1.72836 1.26091
90.5 1.64795 1.53776
90.6 1.55987 1.8008
90.7 1.4642 2.04878
90.8 1.36082 2.28045
90.9 1.24939 2.49451
91 1.12941 2.68962
91.1 1.00021 2.86431
91.2 0.861014 3.01701
91.3 0.710921 3.14601
91.4 0.549023 3.24945
91.5 0.374492 3.32533
91.6 0.186763 3.37151
91.7 -0.0142055 3.38583
91.8 -0.227572 3.36617
91.9 -0.451184 3.31066
92 -0.681177 3.21789
92.1 -0.911779 3.08728
92.2 -1.13554 2.91932
92.3 -1.34413 2.71581
92.4 -1.52968 2.47988
92.5 -1.68614 2.21587
92.6 -1.81017 1.92883
92.7 -1.90138 1.62416
92.8 -1.96169 1.30712
92.9 -1.99445 0.982493
93 -2.00356 0.654491
93.1 -1.99286 0.326668
93.2 -1.96571 0.00198975
93.3 -1.92485 -0.31708
93.4 -1.87245 -0.628481
93.5 -1.81009 -0.930456
93.6 -1.73889 -1.22147
93.7 -1.65958 -1.50014
93.8 -1.57255 -1.76517
93.9 -1.47793 -2.01532
94 -1.37564 -2.24932
94.1 -1.26535 -2.46591
94.2 -1.14659 -2.66373
94.3 -1.01872 -2.84134
94.4 -0.88096 -2.99719
94.5 -0.732433 -3.12959
94.6 -0.572226 -3.2367
94.7 -0.39949 -3.31652
94.8 -0.213611 -3.36696
94.9 -0.014453 -3.38583
95 0.197287 -3.37101
95.1 0.419666 -3.32056
95.2 0.649076 -3.23302
95.3 0.880006 -3.10766
95.4 1.1052 -2.94481
95.5 1.3164 -2.74607
95.6 1.50556 -2.51441
95.7 1.66632 -2.254
95.8 1.79494 -1.96984
95.9 1.89064 -1.6673
96 1.95505 -1.35167
96.1 1.9914 -1.02783
96.2 2.00357 -0.700068
96.3 1.9954 -0.372031
96.4 1.97035 -0.0467588
96.5 1.93125 0.27322
96.6 1.88035 0.585796
96.7 1.81929 0.889175
96.8 1.74927 1.1818
96.9 1.67105 1.46226
97 1.58508 1.72926
97.1 1.49152 1.98154
97.2 1.3903 2.21786
97.3 1.28115 2.43694
97.4 1.1636 2.63745
97.5 1.03704 2.81796
97.6 0.900699 2.97693
97.7 0.75372 3.11269
97.8 0.595187 3.22342
97.9 0.424235 3.30715
98 0.240201 3.3618
98.1 0.0428673 3.38518
98.2 -0.16721 3.37515
98.3 -0.388287 3.32975
98.4 -0.617006 3.24742
98.5 -0.848124 3.12732
98.6 -1.0746 2.9696
98.7 -1.28824 2.77569
98.8 -1.48089 2.54838
98.9 -1.64588 2.29167
99 -1.77907 2.01049
99.1 -1.87929 1.71018
99.2 -1.94788 1.39606
99.3 -1.98789 1.07309
99.4 -2.00318 0.745642
99.5 -1.99762 0.417448
99.6 -1.97472 0.0916304
99.7 -1.93743 -0.229218
99.8 -1.88805 -0.542934
99.9 -1.82832 -0.847687
100 -1.75949 -1.14189
100.1 -1.68237 -1.42412
100.2 -1.59746 -1.69306
100.3 -1.50495 -1.94746
100.4 -1.40481 -2.18607
100.5 -1.29678 -2.40762
100.6 -1.18043 -2.61079
100.7 -1.05516 -2.79416
100.8 -0.920232 -2.95622
100.9 -0.774785 -3.0953
101 -0.617909 -3.20962
101.1 -0.448726 -3.29722
101.2 -0.266534 -3.35603
101.3 -0.0710344 -3.38388
101.4 0.137347 -3.37862
101.5 0.357058 -3.33823
101.6 0.584986 -3.26109
101.7 0.816155 -3.14625
101.8 1.04375 -2.99369
101.9 1.25967 -2.80467
102 1.45568 -2.58178
102.1 1.62482 -2.32887
102.2 1.76257 -2.05077
102.3 1.86732 -1.75279
102.4 1.94015 -1.44028
102.5 1.98391 -1.11827
102.6 2.00239 -0.791202
102.7 1.9995 -0.462911
102.8 1.97882 -0.136598
102.9 1.94337 0.185077
103 1.89555 0.499899
103.1 1.83718 0.805995
103.2 1.76955 1.10175
103.3 1.69355 1.38572
103.4 1.6097 1.65658
103.5 1.51824 1.91307
103.6 1.41917 2.15395
103.7 1.31226 2.37795
103.8 1.1971 2.58375
103.9 1.07311 2.76996
104 0.939564 2.93507
104.1 0.795629 3.07744
104.2 0.640394 3.19531
104.3 0.472967 3.28674
104.4 0.29261 3.34967
104.5 0.0989517 3.38195
104.6 -0.107705 3.3814
104.7 -0.32599 3.346
104.8 -0.553031 3.27404
104.9 -0.78412 3.16445
105 -1.01267 3.01708
105.1 -1.23072 2.833
105.2 -1.42995 2.6146
105.3 -1.60316 2.36559
105.4 -1.74542 2.09067
105.5 -1.85474 1.79513
105.6 -1.93186 1.48432
105.7 -1.97944 1.16335
105.8 -2.00119 0.836739
105.9 -2.00104 0.508414
106 -1.98263 0.181656
106.1 -1.94908 -0.140804
106.2 -1.90286 -0.456696
106.3 -1.84586 -0.764104
106.4 -1.77945 -1.06138
106.5 -1.70457 -1.34707
106.6 -1.62179 -1.61983
106.7 -1.53139 -1.87839
106.8 -1.43338 -2.12151
106.9 -1.32758 -2.34792
107 -1.21359 -2.55633
107.1 -1.09086 -2.74534
107.2 -0.958695 -2.91347
107.3 -0.816256 -3.05911
107.4 -0.662644 -3.18049
107.5 -0.496958 -3.27571
107.6 -0.318428 -3.34272
107.7 -0.126617 -3.37938
107.8 0.0782892 -3.38352
107.9 0.295094 -3.35306
108 0.521157 -3.28626
108.1 0.752037 -3.18192
108.2 0.981396 -3.03977
108.3 1.2014 -2.86066
108.4 1.40372 -2.64683
108.5 1.58089 -2.40181
108.6 1.72763 -2.13018
108.7 1.84154 -1.83717
108.8 1.923 -1.52817
108.9 1.97447 -1.20832
109 1.99957 -0.882244
109.1 2.00223 -0.553948
109.2 1.98616 -0.226798
109.3 1.95454 0.0964042
109.4 1.90995 0.413329
109.5 1.85435 0.722018
109.6 1.78919 1.02079
109.7 1.71544 1.30817
109.8 1.63374 1.5828
109.9 1.54438 1.8434
110 1.44744 2.08874
110.1 1.34274 2.31755
110.2 1.22991 2.52854
110.3 1.10844 2.72033
110.4 0.977629 2.89145
110.5 0.836668 3.04031
110.6 0.684661 3.16516
110.7 0.520702 3.26413
110.8 0.34399 3.33519
110.9 0.154029 3.37619
111 -0.0491046 3.38497
111.1 -0.264378 3.35942
111.2 -0.489379 3.29775
111.3 -0.719928 3.19866
111.4 -0.94994 3.06173
111.5 -1.17174 2.88765
111.6 -1.377 2.67846
111.7 -1.55803 2.43751
111.8 -1.70921 2.16927
111.9 -1.82771 1.8789
112 -1.91356 1.57181
112.1 -1.96899 1.25317
112.2 -1.99751 0.927708
112.3 -2.00306 0.599504
112.4 -1.98938 0.272016
112.5 -1.95976 -0.0518826
112.6 -1.91683 -0.369803
112.7 -1.86267 -0.67974
112.8 -1.79876 -0.979983
112.9 -1.72616 -1.26902
113 -1.64554 -1.5455
113.1 -1.55724 -1.80813
113.2 -1.46135 -2.05565
113.3 -1.35774 -2.28683
113.4 -1.24607 -2.50038
113.5 -1.12584 -2.69492
113.6 -0.996368 -2.869
113.7 -0.856867 -3.02104
113.8 -0.706448 -3.14934
113.9 -0.544199 -3.25202
114 -0.369296 -3.32707
114.1 -0.181185 -3.37238
114.2 0.020156 -3.38575
114.3 0.233853 -3.36509
114.4 0.457711 -3.30852
114.5 0.687811 -3.21468
114.6 0.918327 -3.08298
114.7 1.14177 -2.91397
114.8 1.3498 -2.70948
114.9 1.5346 -2.47268
115 1.69015 -2.20793
115.1 1.81324 -1.92032
115.2 1.90353 -1.61522
115.3 1.96299 -1.2979
115.4 1.99502 -0.973119
115.5 2.00352 -0.645075
115.6 1.9923 -0.317304
115.7 1.96471 0.0072454
115.8 1.9235 0.326122
115.9 1.87079 0.637276
116 1.80817 0.938957
116.1 1.73673 1.22964
116.2 1.65719 1.50793
116.3 1.56994 1.77256
116.4 1.47511 2.02226
116.5 1.37259 2.25578
116.6 1.26207 2.47185
116.7 1.14306 2.66911
116.8 1.01491 2.84612
116.9 0.876856 3.00133
117 0.728007 3.13302
117.1 0.567452 3.23938
117.2 0.394347 3.31839
117.3 0.208085 3.36795
117.4 0.00855258 3.38589
117.5 -0.203527 3.37006
117.6 -0.426166 3.31857
117.7 -0.655705 3.22996
117.8 -0.886579 3.10351
117.9 -1.11149 2.9396
118 -1.32216 2.73987
118.1 -1.51059 2.50732
118.2 -1.67046 2.24616
118.3 -1.79814 1.96139
118.4 -1.89291 1.65841
118.5 -1.95647 1.34248
118.6 -1.99207 1.01847
118.7 -2.0036 0.690653
118.8 -1.9949 0.362655
118.9 -1.96941 0.0375017
119 -1.92995 -0.282293
119.1 -1.87873 -0.594629
119.2 -1.8174 -0.89772
119.3 -1.74714 -1.19001
119.4 -1.66869 -1.47011
119.5 -1.5825 -1.7367
119.6 -1.48872 -1.98854
119.7 -1.38728 -2.22439
119.8 -1.2779 -2.44296
119.9 -1.1601 -2.64291
120 -1.03327 -2.82282
120.1 -0.896638 -2.98115
120.2 -0.749341 -3.11622
120.3 -0.590464 -3.22621
120.4 -0.419144 -3.30914
120.5 -0.234729 -3.36291
120.6 -0.0370176 -3.38537
120.7 0.173406 -3.37435
120.8 0.394757 -3.32791
120.9 0.623628 -3.24451
121 0.854718 -3.12332
121.1 1.08094 -2.96454
121.2 1.29409 -2.76962
121.3 1.48603 -2.54141
121.4 1.65015 -2.28393
121.5 1.7824 -2.00212
121.6 1.88168 -1.70134
121.7 1.9494 -1.3869
121.8 1.98866 -1.06375
121.9 2.00329 -0.736228
122 1.99719 -0.408061
122.1 1.97384 -0.0823526
122.2 1.93617 0.238319
122.3 1.88647 0.551803
122.4 1.82647 0.856274
122.5 1.75739 1.15015
122.6 1.68004 1.43202
122.7 1.59491 1.70056
122.8 1.50219 1.95453
122.9 1.40183 2.19267
123 1.29357 2.41371
123.1 1.17697 2.61633
123.2 1.05143 2.79911
123.3 0.916214 2.96053
123.4 0.770451 3.09893
123.5 0.613235 3.21251
123.6 0.443687 3.29932
123.7 0.261115 3.35727
123.8 0.065236 3.3842
123.9 -0.143499 3.37796
124 -0.363496 3.33653
124.1 -0.591596 3.25833
124.2 -0.822766 3.1424
124.3 -1.05014 2.98877
124.4 -1.2656 2.79874
124.5 -1.46094 2.57493
124.6 -1.62922 2.32123
124.7 -1.76603 2.04248
124.8 -1.86985 1.74401
124.9 -1.94179 1.43116
125 -1.98477 1.10894
125.1 -2.00258 0.781791
125.2 -1.99914 0.453516
125.3 -1.978 0.127301
125.4 -1.94216 -0.194207
125.5 -1.89402 -0.508803
125.6 -1.83536 -0.814625
125.7 -1.76748 -1.11006
125.8 -1.69125 -1.39367
125.9 -1.60718 -1.66414
126 -1.51551 -1.9202
126.1 -1.41622 -2.16061
126.2 -1.30907 -2.38411
126.3 -1.19367 -2.58937
126.4 -1.06941 -2.77499
126.5 -0.935587 -2.93947
126.6 -0.791341 -3.08117
126.7 -0.635769 -3.19831
126.8 -0.46798 -3.28895
126.9 -0.287244 -3.35103
127 -0.093205 -3.3824
127.1 0.11381 -3.38088
127.2 0.332394 -3.34445
127.3 0.559626 -3.27142
127.4 0.790742 -3.16075
127.5 1.01911 -3.01231
127.6 1.23673 -2.8272
127.7 1.43531 -2.60787
127.8 1.60768 -2.35805
127.9 1.74901 -2.08246
128 1.85739 -1.7864
128.1 1.93362 -1.47524
128.2 1.9804 -1.15404
128.3 2.00147 -0.827334
128.4 2.00075 -0.499011
128.5 1.98187 -0.172341
128.6 1.94792 0.149961
128.7 1.90136 0.465634
128.8 1.84408 0.772774
128.9 1.77742 1.06974
129 1.7023 1.35507
129.1 1.61931 1.62744
129.2 1.52868 1.88558
129.3 1.43046 2.12823
129.4 1.32442 2.35415
129.5 1.2102 2.56202
129.6 1.08721 2.75046
129.7 0.954759 2.91797
129.8 0.812013 3.06293
129.9 0.658067 3.18359
130 0.492022 3.27803
130.1 0.313116 3.34421
130.2 0.120923 3.37996
130.3 -0.0843472 3.38314
130.4 -0.301462 3.35166
130.5 -0.527734 3.28379
130.6 -0.758668 3.17837
130.7 -0.987873 3.03514
130.8 -1.20749 2.855
130.9 -1.40918 2.64022
131 -1.58554 2.39437
131.1 -1.73136 2.12205
131.2 -1.84432 1.82851
131.3 -1.92487 1.51913
131.4 -1.97554 1.19904
131.5 -1.99994 0.872847
131.6 -2.00201 0.544539
131.7 -1.98545 0.217466
131.8 -1.95343 -0.105587
131.9 -1.9085 -0.422301
132 -1.85261 -0.730728
132.1 -1.78719 -1.0292
132.2 -1.71321 -1.31623
132.3 -1.63128 -1.59047
132.4 -1.54171 -1.85065
132.5 -1.44455 -2.09553
132.6 -1.33962 -2.32385
132.7 -1.22655 -2.53431
132.8 -1.10482 -2.72553
132.9 -0.973734 -2.89604
133 -0.832469 -3.04423
133.1 -0.680132 -3.16837
133.2 -0.515817 -3.26657
133.3 -0.338731 -3.33679
133.4 -0.148387 -3.3769
133.5 0.0551145 -3.38472
133.6 0.270708 -3.35817
133.7 0.495935 -3.29543
133.8 0.726563 -3.19526
133.9 0.956452 -3.05725
134 1.1779 -2.88213
134.1 1.38256 -2.67198
134.2 1.5628 -2.43018
134.3 1.71307 -2.16123
134.4 1.83062 -1.87031
134.5 1.91555 -1.56281
134.6 1.97016 -1.24392
134.7 1.99797 -0.918319
134.8 2.00291 -0.590091
134.9 1.98874 -0.262669
135 1.9587 0.0610897
135.1 1.91543 0.378807
135.2 1.86097 0.68849
135.3 1.7968 0.988431
135.4 1.72396 1.27713
135.5 1.64311 1.55323
135.6 1.55459 1.81544
135.7 1.45849 2.06252
135.8 1.35465 2.29321
135.9 1.24275 2.50622
136 1.12226 2.7002
136.1 0.992512 2.87367
136.2 0.852712 3.02506
136.3 0.701966 3.15265
136.4 0.539365 3.25457
136.5 0.364089 3.3288
136.6 0.175596 3.37322
136.7 -0.0261168 3.38564
136.8 -0.240143 3.36398
136.9 -0.464243 3.30635
137 -0.694446 3.21143
137.1 -0.924869 3.07865
137.2 -1.14798 2.90859
137.3 -1.35546 2.70312
137.4 -1.53949 2.46546
137.5 -1.69414 2.19998
137.6 -1.81628 1.91179
137.7 -1.90565 1.60627
137.8 -1.96428 1.28867
137.9 -1.99557 0.963743
138 -2.00345 0.63566
138.1 -1.99172 0.307943
138.2 -1.96371 -0.0164759
138.3 -1.92214 -0.335158
138.4 -1.86913 -0.646063
138.5 -1.80624 -0.94745
138.6 -1.73456 -1.23779
138.7 -1.65479 -1.51572
138.8 -1.56733 -1.77993
138.9 -1.47228 -2.02918
139 -1.36953 -2.26222
139.1 -1.25878 -2.47777
139.2 -1.13951 -2.67447
139.3 -1.0111 -2.85088
139.4 -0.872744 -3.00544
139.5 -0.723572 -3.13644
139.6 -0.562668 -3.24203
139.7 -0.389193 -3.32023
139.8 -0.202549 -3.36891
139.9 -0.00264174 -3.38591
140 0.209775 -3.36909
140.1 0.432672 -3.31656
140.2 0.662336 -3.22686
140.3 0.893148 -3.09933
140.4 1.11777 -2.93436
140.5 1.32791 -2.73364
140.6 1.5156 -2.50021
140.7 1.67458 -2.2383
140.8 1.80131 -1.95294
140.9 1.89515 -1.64951
141 1.95786 -1.33328
141.1 1.99272 -1.00911
141.2 2.00361 -0.681237
141.3 1.99439 -0.353281
141.4 1.96846 -0.028249
141.5 1.92864 0.291359
141.6 1.87711 0.603454
141.7 1.81551 0.906256
141.8 1.745 1.19822
141.9 1.66633 1.47794
142 1.57992 1.74413
142.1 1.48592 1.99553
142.2 1.38426 2.2309
142.3 1.27464 2.44896
142.4 1.15659 2.64836
142.5 1.02949 2.82767
142.6 0.892568 2.98536
142.7 0.744952 3.11973
142.8 0.58573 3.22897
142.9 0.414042 3.31109
143 0.229246 3.364
143.1 0.0311574 3.38553
143.2 -0.179611 3.37352
143.3 -0.401234 3.32604
143.4 -0.630251 3.24156
143.5 -0.861309 3.11928
143.6 -1.08727 2.95944
143.7 -1.29992 2.76353
143.8 -1.49115 2.53441
143.9 -1.6544 2.27616
144 -1.78571 1.99374
144.1 -1.88405 1.69249
144.2 -1.95091 1.37774
144.3 -1.9894 1.0544
144.4 -2.00339 0.726814
144.5 -1.99674 0.398677
144.6 -1.97295 0.073079
144.7 -1.93491 -0.247415
144.8 -1.88489 -0.560664
144.9 -1.82461 -0.864853
145 -1.75528 -1.1584
145.1 -1.67771 -1.43991
145.2 -1.59236 -1.70805
145.3 -1.49942 -1.96158
145.4 -1.39883 -2.19925
145.5 -1.29034 -2.41978
145.6 -1.1735 -2.62185
145.7 -1.0477 -2.80405
145.8 -0.912186 -2.96483
145.9 -0.766108 -3.10255
146 -0.60855 -3.21539
146.1 -0.438638 -3.30139
146.2 -0.255685 -3.35849
146.3 -0.0594269 -3.3845
146.4 0.149659 -3.37727
146.5 0.369941 -3.33481
146.6 0.598209 -3.25553
146.7 0.829373 -3.13851
146.8 1.05652 -2.98382
146.9 1.27152 -2.79278
147 1.46616 -2.56805
147.1 1.6336 -2.31356
147.2 1.76946 -2.03417
147.3 1.87234 -1.73522
147.4 1.94341 -1.42203
147.5 1.98561 -1.09961
147.6 2.00276 -0.77238
147.7 1.99876 -0.444122
147.8 1.97716 -0.118008
147.9 1.94095 0.203331
148 1.89248 0.5177
148.1 1.83354 0.823245
148.2 1.76541 1.11836
148.3 1.68895 1.40161
148.4 1.60466 1.67169
148.5 1.51277 1.92732
148.6 1.41326 2.16726
148.7 1.30588 2.39025
148.8 1.19023 2.59497
148.9 1.06572 2.78001
149 0.931601 2.94386
149.1 0.787044 3.08488
149.2 0.631133 3.20128
149.3 0.462982 3.29114
149.4 0.281867 3.35237
149.5 0.0874477 3.38282
149.6 -0.119925 3.38033
149.7 -0.338806 3.34287
149.8 -0.566225 3.26878
149.9 -0.797362 3.15702
150 -1.02554 3.00751
150.1 -1.24273 2.82138
150.2 -1.44065 2.60111
150.3 -1.61218 2.35048
150.4 -1.75258 2.07423
150.5 -1.86002 1.77767
150.6 -1.93535 1.46615
150.7 -1.98134 1.14473
150.8 -2.00173 0.817928
150.9 -2.00044 0.48961
151 -1.98109 0.163029
151.1 -1.94675 -0.159112
151.2 -1.89986 -0.474566
151.3 -1.84229 -0.781436
151.4 -1.77538 -1.07809
151.5 -1.70003 -1.36307
151.6 -1.61681 -1.63505
151.7 -1.52597 -1.89275
151.8 -1.42753 -2.13495
151.9 -1.32127 -2.36037
152 -1.20679 -2.5677
152.1 -1.08355 -2.75556
152.2 -0.950815 -2.92245
152.3 -0.80776 -3.06674
152.4 -0.65348 -3.18667
152.5 -0.487076 -3.28033
152.6 -0.307792 -3.34566
152.7 -0.115217 -3.38052
152.8 0.090415 -3.38272
152.9 0.307837 -3.35023
153 0.534316 -3.2813
153.1 0.765297 -3.17479
153.2 0.994341 -3.03048
153.3 1.21356 -2.84931
153.4 1.41462 -2.63359
153.5 1.59016 -2.3869
153.6 1.73506 -2.1139
153.7 1.84707 -1.81984
153.8 1.92673 -1.51008
153.9 1.97658 -1.18975
154 2.00029 -0.863447
154.1 2.00178 -0.535131
154.2 1.98474 -0.208137
154.3 1.95231 0.114764
154.4 1.90704 0.431266
154.5 1.85086 0.73943
154.6 1.78518 1.03759
154.7 1.71097 1.32427
154.8 1.62882 1.59813
154.9 1.53903 1.85789
155 1.44165 2.10232
155.1 1.33649 2.33014
155.2 1.22319 2.54007
155.3 1.1012 2.73071
155.4 0.96983 2.9006
155.5 0.828261 3.04813
155.6 0.675593 3.17156
155.7 0.510922 3.26898
155.8 0.33346 3.33837
155.9 0.142734 3.37759
156 -0.0611343 3.38445
156.1 -0.277046 3.35688
156.2 -0.502496 3.29309
156.3 -0.733197 3.19183
156.4 -0.962957 3.05274
156.5 -1.18404 2.87658
156.6 -1.3881 2.66547
156.7 -1.56755 2.42282
156.8 -1.7169 2.15317
156.9 -1.8335 1.8617
157 -1.91753 1.5538
157.1 -1.97132 1.23466
157.2 -1.99841 0.908929
157.3 -2.00276 0.58068
157.4 -1.98809 0.253324
157.5 -1.95763 -0.0702917
157.6 -1.91402 -0.387805
157.7 -1.85925 -0.697231
157.8 -1.79483 -0.99687
157.9 -1.72175 -1.28523
158 -1.64068 -1.56094
158.1 -1.55194 -1.82274
158.2 -1.45562 -2.06936
158.3 -1.35156 -2.29957
158.4 -1.23942 -2.51206
158.5 -1.11867 -2.70546
158.6 -0.988649 -2.87833
158.7 -0.848547 -3.02906
158.8 -0.697475 -3.15594
158.9 -0.53452 -3.25709
159 -0.358872 -3.3305
159.1 -0.169996 -3.37403
159.2 0.0320877 -3.38551
159.3 0.246442 -3.36283
159.4 0.470781 -3.30416
159.5 0.701081 -3.20815
159.6 0.931406 -3.07429
159.7 1.15419 -2.90318
159.8 1.3611 -2.69674
159.9 1.54435 -2.45822
160 1.6981 -2.19201
160.1 1.8193 -1.90325
160.2 1.90774 -1.59731
160.3 1.96553 -1.27943
160.4 1.9961 -0.954364
160.5 2.00337 -0.626246
160.6 1.99113 -0.298584
160.7 1.9627 0.0257016
160.8 1.92077 0.344188
160.9 1.86746 0.654843
161 1.8043 0.955934
161.1 1.73238 1.24594
161.2 1.65239 1.52349
161.3 1.56471 1.78729
161.4 1.46944 2.03609
161.5 1.36647 2.26865
161.6 1.25548 2.48368
161.7 1.13596 2.67982
161.8 1.00727 2.85562
161.9 0.868623 3.00953
162 0.719127 3.13983
162.1 0.557874 3.24466
162.2 0.384028 3.32205
162.3 0.197002 3.36985
162.4 -0.00327947 3.38591
162.5 -0.216032 3.36809
162.6 -0.439184 3.31451
162.7 -0.668968 3.22373
162.8 -0.899711 3.09512
162.9 -1.12403 2.92909
163 -1.33364 2.72739
163.1 -1.52058 2.49308
163.2 -1.67867 2.23042
163.3 -1.80446 1.94446
163.4 -1.89737 1.64059
163.5 -1.95923 1.32408
163.6 -1.99334 0.99974
163.7 -2.00361 0.671822
163.8 -1.99387 0.34391
163.9 -1.9675 0.0190008
164 -1.92731 -0.30042
164.1 -1.87548 -0.612271
164.2 -1.81361 -0.914783
164.3 -1.74285 -1.20641
164.4 -1.66396 -1.48577
164.5 -1.57733 -1.75155
164.6 -1.48312 -2.00251
164.7 -1.38123 -2.2374
164.8 -1.27138 -2.45494
164.9 -1.15308 -2.65378
165 -1.02571 -2.8325
165.1 -0.88849 -2.98954
165.2 -0.740554 -3.12322
165.3 -0.580985 -3.23171
165.4 -0.408929 -3.31303
165.5 -0.223752 -3.36507
165.6 -0.0252866 -3.38566
165.7 0.185826 -3.37266
165.8 0.407717 -3.32414
165.9 0.636877 -3.23858
166 0.867895 -3.11522
166.1 1.0936 -2.95432
166.2 1.30574 -2.75741
166.3 1.49625 -2.52739
166.4 1.65862 -2.26838
166.5 1.78898 -1.98534
166.6 1.88639 -1.68363
166.7 1.95239 -1.36857
166.8 1.99012 -1.04505
166.9 2.00346 -0.717399
167 1.99628 -0.389295
167.1 1.97204 -0.0638096
167.2 1.93363 0.256505
167.3 1.8833 0.569518
167.4 1.82275 0.873423
167.5 1.75317 1.16665
167.6 1.67537 1.44779
167.7 1.5898 1.71553
167.8 1.49664 1.96862
167.9 1.39584 2.20581
168 1.28711 2.42584
168.1 1.17002 2.62736
168.2 1.04395 2.80896
168.3 0.90815 2.96911
168.4 0.761756 3.10614
168.5 0.603856 3.21823
168.6 0.433577 3.30344
168.7 0.250245 3.35968
168.8 0.0536072 3.38476
168.9 -0.155829 3.37655
169 -0.376393 3.33306
169.1 -0.604824 3.25271
169.2 -0.835977 3.1346
169.3 -1.0629 2.97884
169.4 -1.27742 2.78679
169.5 -1.47137 2.56115
169.6 -1.63795 2.30587
169.7 -1.77287 2.02585
169.8 -1.87481 1.72641
169.9 -1.945 1.4129
170 -1.98644 1.09028
170.1 -2.00292 0.762968
170.2 -1.99837 0.43473
170.3 -1.97631 0.108719
170.4 -1.93972 -0.212449
170.5 -1.89093 -0.52659
170.6 -1.83171 -0.831857
170.7 -1.76333 -1.12665
170.8 -1.68664 -1.40955
170.9 -1.60213 -1.67922
171 -1.51003 -1.93442
171.1 -1.41029 -2.1739
171.2 -1.30269 -2.39638
171.3 -1.18679 -2.60055
171.4 -1.06201 -2.78501
171.5 -0.927607 -2.94823
171.6 -0.782737 -3.08857
171.7 -0.626487 -3.20424
171.8 -0.457974 -3.2933
171.9 -0.27648 -3.35368
172 -0.0816796 -3.38322
172.1 0.126049 -3.37975
172.2 0.345224 -3.34127
172.3 0.572827 -3.2661
172.4 0.80398 -3.15325
172.5 1.03196 -3.00267
172.6 1.24871 -2.81552
172.7 1.44596 -2.59433
172.8 1.61666 -2.34289
172.9 1.75612 -2.06599
173 1.86261 -1.76892
173.1 1.93706 -1.45705
173.2 1.98227 -1.13542
173.3 2.00198 -0.80852
173.4 2.00012 -0.48021
173.5 1.9803 -0.153722
173.6 1.94557 0.168258
173.7 1.89835 0.483491
173.8 1.8405 0.790089
173.9 1.77333 1.08643
174 1.69776 1.37105
174.1 1.61431 1.64264
174.2 1.52326 1.89992
174.3 1.42459 2.14165
174.4 1.3181 2.36657
174.5 1.20339 2.57337
174.6 1.07988 2.76064
174.7 0.946862 2.92691
174.8 0.803498 3.07053
174.9 0.648882 3.18973
175 0.482119 3.28261
175.1 0.302458 3.3471
175.2 0.109501 3.38105
175.3 -0.0964927 3.38229
175.4 -0.314221 3.34877
175.5 -0.540901 3.27877
175.6 -0.771925 3.17118
175.7 -1.0008 3.02579
175.8 -1.21961 2.8436
175.9 -1.42004 2.62693
176 -1.59476 2.37942
176.1 -1.73873 2.10574
176.2 -1.8498 1.81115
176.3 -1.92855 1.50102
176.4 -1.97761 1.18046
176.5 -2.00062 0.854047
176.6 -2.00153 0.525725
176.7 -1.98401 0.198812
176.8 -1.95118 -0.123936
176.9 -1.90558 -0.440224
177 -1.84911 -0.748124
177.1 -1.78317 -1.04597
177.2 -1.70872 -1.33231
177.3 -1.62635 -1.60578
177.4 -1.53635 -1.86512
177.5 -1.43874 -2.10908
177.6 -1.33336 -2.33641
177.7 -1.21982 -2.54581
177.8 -1.09757 -2.73588
177.9 -0.965918 -2.90515
178 -0.824043 -3.05201
178.1 -0.671044 -3.17472
178.2 -0.506016 -3.27137
178.3 -0.328179 -3.33993
178.4 -0.13707 -3.37824
178.5 0.0671642 -3.38415
178.6 0.283392 -3.35556
178.7 0.509061 -3.29071
178.8 0.73983 -3.18837
178.9 0.969455 -3.0482
179 1.19016 -2.87101
179.1 1.39361 -2.65893
179.2 1.57227 -2.41544
179.3 1.7207 -2.14509
179.4 1.83635 -1.85308
179.5 1.91948 -1.54479
179.6 1.97245 -1.22539
179.7 1.99884 -0.899537
179.8 2.00258 -0.571268
179.9 1.98742 -0.243983
180 1.95655 0.0794887
180.1 1.91259 0.396796
180.2 1.85754 0.705964
180.3 1.79285 1.0053
180.4 1.71954 1.29331
180.5 1.63824 1.56865
180.6 1.54929 1.83002
180.7 1.45275 2.0762
180.8 1.34846 2.30591
180.9 1.23608 2.51787
181 1.11508 2.71071
181.1 0.984777 2.88296
181.2 0.844374 3.03304
181.3 0.692973 3.15921
181.4 0.529665 3.25959
181.5 0.353643 3.33217
181.6 0.164385 3.37481
181.7 -0.0380688 3.38534
181.8 -0.252748 3.36166
181.9 -0.477324 3.30193
182 -0.707716 3.20484
182.1 -0.937936 3.0699
182.2 -1.16038 2.89774
182.3 -1.36671 2.69033
182.4 -1.54919 2.45095
182.5 -1.70204 2.18402
182.6 -1.82228 1.89469
182.7 -1.90981 1.58834
182.8 -1.96677 1.27019
182.9 -1.99662 0.944982
183 -2.00327 0.616832
183.1 -1.99053 0.289229
183.2 -1.96167 -0.0349225
183.3 -1.9194 -0.353211
183.4 -1.86578 -0.663615
183.5 -1.80236 -0.964408
183.6 -1.7302 -1.25408
183.7 -1.64998 -1.53125
183.8 -1.56208 -1.79463
183.9 -1.4666 -2.04299
184 -1.3634 -2.27507
184.1 -1.25217 -2.48957
184.2 -1.13241 -2.68515
184.3 -1.00344 -2.86035
184.4 -0.864493 -3.0136
184.5 -0.714673 -3.14319
184.6 -0.55307 -3.24727
184.7 -0.378852 -3.32384
184.8 -0.191444 -3.37077
184.9 0.00921101 -3.38588
185 0.222298 -3.36706
185.1 0.445701 -3.31243
185.2 0.675601 -3.22057
185.3 0.90627 -3.09087
185.4 1.13029 -2.9238
185.5 1.33935 -2.72111
185.6 1.52554 -2.48592
185.7 1.68274 -2.22252
185.8 1.80758 -1.93598
185.9 1.89956 -1.63167
186 1.96057 -1.31486
186.1 1.99395 -0.990372
186.2 2.00359 -0.662406
186.3 1.99333 -0.334542
186.4 1.96653 -0.0097572
186.5 1.92598 0.309473
186.6 1.87384 0.62108
186.7 1.8117 0.923301
186.8 1.7407 1.2146
186.9 1.66158 1.49358
187 1.57473 1.75896
187.1 1.4803 2.00947
187.2 1.37819 2.24388
187.3 1.2681 2.4609
187.4 1.14956 2.65919
187.5 1.02192 2.83731
187.6 0.884403 2.99371
187.7 0.736146 3.12669
187.8 0.576231 3.23443
187.9 0.403806 3.31494
188 0.218247 3.36611
188.1 0.0194054 3.38576
188.2 -0.192049 3.37178
188.3 -0.414206 3.32221
188.4 -0.643504 3.23558
188.5 -0.874476 3.11113
188.6 -1.09991 2.94916
188.7 -1.31154 2.75126
188.8 -1.50132 2.52035
188.9 -1.66281 2.26057
189 -1.79223 1.97692
189.1 -1.88871 1.67476
189.2 -1.95385 1.35939
189.3 -1.99083 1.0357
189.4 -2.00353 0.707984
189.5 -1.99581 0.379915
189.6 -1.97113 0.0545445
189.7 -1.93234 -0.265589
189.8 -1.8817 -0.578365
189.9 -1.82087 -0.881984
190 -1.75105 -1.17488
190.1 -1.67303 -1.45565
190.2 -1.58724 -1.72299
190.3 -1.49386 -1.97564
190.4 -1.39283 -2.21237
190.5 -1.28387 -2.43188
190.6 -1.16653 -2.63285
190.7 -1.0402 -2.81386
190.8 -0.904106 -2.97337
190.9 -0.757394 -3.1097
191 -0.599151 -3.22106
191.1 -0.428506 -3.30547
191.2 -0.244793 -3.36084
191.3 -0.047777 -3.385
191.4 0.162008 -3.3758
191.5 0.382852 -3.33127
191.6 0.611441 -3.24985
191.7 0.842578 -3.13066
191.8 1.06926 -2.97383
191.9 1.2833 -2.78077
192 1.47655 -2.55422
192.1 1.64227 -2.29817
192.2 1.77625 -2.01751
192.3 1.87725 -1.7176
192.4 1.94657 -1.40375
192.5 1.98724 -1.08094
192.6 2.00307 -0.753555
192.7 1.99797 -0.42534
192.8 1.97545 -0.0994333
192.9 1.93848 0.221562
193 1.88937 0.535472
193.1 1.82987 0.840461
193.2 1.76125 1.13493
193.3 1.68432 1.41747
193.4 1.5996 1.68674
193.5 1.50727 1.94151
193.6 1.40732 2.18052
193.7 1.29948 2.4025
193.8 1.18334 2.60612
193.9 1.05829 2.78999
194 0.923604 2.95258
194.1 0.778421 3.09224
194.2 0.621831 3.20717
194.3 0.452954 3.29544
194.4 0.271081 3.35497
194.5 0.0759008 3.38359
194.6 -0.132183 3.37915
194.7 -0.35165 3.33963
194.8 -0.579431 3.26339
194.9 -0.810596 3.14946
195 -1.03837 2.99781
195.1 -1.25467 2.80964
195.2 -1.45125 2.58752
195.3 -1.6211 2.33529
195.4 -1.75963 2.05773
195.5 -1.86518 1.76016
195.6 -1.93875 1.44795
195.7 -1.98317 1.1261
195.8 -2.00221 0.799112
195.9 -1.99979 0.470811
196 -1.9795 0.144417
196.1 -1.94438 -0.177398
196.2 -1.89684 -0.492408
196.3 -1.8387 -0.798734
196.4 -1.77128 -1.09475
196.5 -1.69547 -1.37902
196.6 -1.61181 -1.65022
196.7 -1.52054 -1.90707
196.8 -1.42165 -2.14834
196.9 -1.31493 -2.37276
197 -1.19997 -2.57901
197.1 -1.0762 -2.76571
197.2 -0.942901 -2.93135
197.3 -0.799227 -3.07429
197.4 -0.644275 -3.19277
197.5 -0.477151 -3.28486
197.6 -0.297112 -3.34851
197.7 -0.103774 -3.38155
197.8 0.10258 -3.38182
197.9 0.320611 -3.34727
198 0.547489 -3.27621
198.1 0.778551 -3.16754
198.2 1.00725 -3.02107
198.3 1.22565 -2.83785
198.4 1.42543 -2.62024
198.5 1.59933 -2.37192
198.6 1.74237 -2.09756
198.7 1.85249 -1.80245
198.8 1.93036 -1.49195
198.9 1.97861 -1.17116
199 2.00094 -0.844644
199.1 2.00127 -0.51632
199.2 1.98327 -0.18949
199.3 1.95004 0.133102
199.4 1.9041 0.449176
199.5 1.84734 0.756809
199.6 1.78115 1.05435
199.7 1.70647 1.34033
199.8 1.62388 1.61342
199.9 1.53365 1.87233
200 1.43583 2.11584
