0 2 0
0.1 1.80776 0.0346428
0.2 1.74 0.0673122
0.3 1.70637 0.099129
0.4 1.68363 0.130449
0.5 1.66447 0.161389
0.6 1.64637 0.191987
0.7 1.62844 0.222254
0.8 1.61031 0.252187
0.9 1.59184 0.281783
1 1.57295 0.311033
1.1 1.55358 0.33993
1.2 1.53369 0.368464
1.3 1.51321 0.396625
1.4 1.49211 0.424401
1.5 1.47031 0.451782
1.6 1.44774 0.478752
1.7 1.42431 0.505297
1.8 1.39994 0.531401
1.9 1.37448 0.557045
2 1.34781 0.582207
2.1 1.31973 0.606863
2.2 1.29003 0.630986
2.3 1.25842 0.654542
2.4 1.22453 0.677494
2.5 1.18789 0.699794
2.6 1.14785 0.721387
2.7 1.10352 0.742202
2.8 1.05362 0.762149
2.9 0.996277 0.781107
3 0.928578 0.798916
3.1 0.845793 0.815343
3.2 0.739747 0.830042
3.3 0.595312 0.842458
3.4 0.382418 0.851637
3.5 0.0391402 0.855809
3.6 -0.539382 0.851627
3.7 -1.32571 0.834408
3.8 -1.84146 0.804279
3.9 -1.98347 0.768314
4 -2.01285 0.731177
4.1 -2.01213 0.69392
4.2 -2.00306 0.656796
4.3 -1.99163 0.619872
4.4 -1.97947 0.583169
4.5 -1.96701 0.546695
4.6 -1.95437 0.510452
4.7 -1.94159 0.474445
4.8 -1.92865 0.438675
4.9 -1.91557 0.403146
5 -1.90234 0.367859
5.1 -1.88894 0.332819
5.2 -1.87538 0.298029
5.3 -1.86165 0.26349
5.4 -1.84774 0.229207
5.5 -1.83364 0.195183
5.6 -1.81934 0.161421
5.7 -1.80485 0.127925
5.8 -1.79013 0.094699
5.9 -1.7752 0.0617472
6 -1.76003 0.0290736
6.1 -1.74461 -0.0033174
6.2 -1.72894 -0.035421
6.3 -1.71299 -0.0672323
6.4 -1.69675 -0.0987462
6.5 -1.6802 -0.129957
6.6 -1.66333 -0.160859
6.7 -1.64611 -0.191446
6.8 -1.62852 -0.221711
6.9 -1.61054 -0.251648
7 -1.59214 -0.281249
7.1 -1.57328 -0.310505
7.2 -1.55393 -0.339408
7.3 -1.53405 -0.367948
7.4 -1.51359 -0.396116
7.5 -1.4925 -0.4239
7.6 -1.47071 -0.451287
7.7 -1.44815 -0.478265
7.8 -1.42475 -0.504819
7.9 -1.40039 -0.530931
8 -1.37496 -0.556583
8.1 -1.34831 -0.581754
8.2 -1.32026 -0.606419
8.3 -1.29059 -0.630552
8.4 -1.25901 -0.654119
8.5 -1.22517 -0.677082
8.6 -1.18858 -0.699395
8.7 -1.14861 -0.721001
8.8 -1.10437 -0.741831
8.9 -1.05459 -0.761794
9 -0.997401 -0.780772
9.1 -0.929926 -0.798604
9.2 -0.847474 -0.815059
9.3 -0.741957 -0.829793
9.4 -0.598425 -0.842257
9.5 -0.387197 -0.851507
9.6 -0.0471323 -0.855795
9.7 0.526275 -0.851807
9.8 1.31209 -0.834852
9.9 1.83647 -0.804903
10 1.98232 -0.768984
10.1 2.01269 -0.731854
10.2 2.01224 -0.694597
10.3 2.00326 -0.657469
10.4 1.99185 -0.620541
10.5 1.97969 -0.583834
10.6 1.96724 -0.547356
10.7 1.9546 -0.511109
10.8 1.94182 -0.475097
10.9 1.92889 -0.439323
11 1.91581 -0.403789
11.1 1.90258 -0.368499
11.2 1.88919 -0.333454
11.3 1.87563 -0.298659
11.4 1.8619 -0.264116
11.5 1.84799 -0.229828
11.6 1.8339 -0.195799
11.7 1.81961 -0.162032
11.8 1.80511 -0.128531
11.9 1.7904 -0.0953006
12 1.77547 -0.0623437
12.1 1.76031 -0.029665
12.2 1.7449 0.00273112
12.3 1.72922 0.03484
12.4 1.71328 0.0666567
12.5 1.69704 0.098176
12.6 1.6805 0.129392
12.7 1.66364 0.1603
12.8 1.64643 0.190893
12.9 1.62885 0.221164
13 1.61087 0.251107
13.1 1.59248 0.280714
13.2 1.57363 0.309976
13.3 1.55429 0.338886
13.4 1.53442 0.367433
13.5 1.51397 0.395607
13.6 1.49288 0.423398
13.7 1.47111 0.450793
13.8 1.44857 0.477779
13.9 1.42518 0.50434
14 1.40084 0.53046
14.1 1.37543 0.556121
14.2 1.3488 0.5813
14.3 1.32078 0.605975
14.4 1.29114 0.630118
14.5 1.2596 0.653696
14.6 1.22581 0.67667
14.7 1.18928 0.698995
14.8 1.14937 0.720615
14.9 1.10522 0.74146
15 1.05555 0.76144
15.1 0.998522 0.780437
15.2 0.931268 0.798291
15.3 0.849147 0.814774
15.4 0.744154 0.829543
15.5 0.601515 0.842056
15.6 0.391933 0.851376
15.7 0.055043 0.855777
15.8 -0.513265 0.851982
15.9 -1.29836 0.835291
16 -1.83135 0.805524
16.1 -1.98114 0.769653
16.2 -2.01253 0.732531
16.3 -2.01236 0.695273
16.4 -2.00345 0.658142
16.5 -1.99207 0.62121
16.6 -1.97992 0.584499
16.7 -1.96747 0.548016
16.8 -1.95484 0.511765
16.9 -1.94205 0.475749
17 -1.92913 0.439971
17.1 -1.91605 0.404433
17.2 -1.90282 0.369138
17.3 -1.88943 0.334089
17.4 -1.87588 0.299289
17.5 -1.86215 0.264741
17.6 -1.84825 0.230448
17.7 -1.83415 0.196415
17.8 -1.81987 0.162643
17.9 -1.80538 0.129138
18 -1.79067 0.095902
18.1 -1.77575 0.0629402
18.2 -1.76059 0.0302563
18.3 -1.74518 -0.00214498
18.4 -1.72951 -0.0342591
18.5 -1.71357 -0.0660812
18.6 -1.69734 -0.0976059
18.7 -1.68081 -0.128828
18.8 -1.66395 -0.159741
18.9 -1.64674 -0.19034
19 -1.62917 -0.220617
19.1 -1.6112 -0.250566
19.2 -1.59282 -0.280179
19.3 -1.57397 -0.309447
19.4 -1.55464 -0.338363
19.5 -1.53478 -0.366917
19.6 -1.51434 -0.395099
19.7 -1.49327 -0.422897
19.8 -1.47151 -0.450299
19.9 -1.44899 -0.477292
20 -1.42561 -0.503861
20.1 -1.40129 -0.529989
20.2 -1.3759 -0.555658
20.3 -1.3493 -0.580847
20.4 -1.3213 -0.605532
20.5 -1.2917 -0.629684
20.6 -1.2602 -0.653272
20.7 -1.22644 -0.676258
20.8 -1.18997 -0.698596
20.9 -1.15013 -0.720229
21 -1.10606 -0.741089
21.1 -1.05651 -0.761085
21.2 -0.999638 -0.780101
21.3 -0.932605 -0.797978
21.4 -0.850811 -0.814488
21.5 -0.746338 -0.829293
21.6 -0.604582 -0.841853
21.7 -0.396626 -0.851244
21.8 -0.0628733 -0.855757
21.9 0.500352 -0.852152
22 1.28455 -0.835725
22.1 1.82609 -0.806144
22.2 1.97992 -0.770322
22.3 2.01235 -0.733208
22.4 2.01247 -0.695949
22.5 2.00364 -0.658815
22.6 1.99228 -0.621879
22.7 1.98014 -0.585164
22.8 1.96769 -0.548677
22.9 1.95507 -0.512422
23 1.94229 -0.476401
23.1 1.92936 -0.440619
23.2 1.91629 -0.405076
23.3 1.90306 -0.369777
23.4 1.88968 -0.334723
23.5 1.87613 -0.299919
23.6 1.8624 -0.265366
23.7 1.8485 -0.231069
23.8 1.83441 -0.197031
23.9 1.82013 -0.163254
24 1.80564 -0.129744
24.1 1.79094 -0.0965033
24.2 1.77602 -0.0635364
24.3 1.76086 -0.0308475
24.4 1.74546 0.00155899
24.5 1.7298 0.0336784
24.6 1.71386 0.0655058
24.7 1.69764 0.097036
24.8 1.68111 0.128264
24.9 1.66426 0.159183
25 1.64706 0.189787
25.1 1.62949 0.22007
25.2 1.61153 0.250025
25.3 1.59315 0.279644
25.4 1.57432 0.308919
25.5 1.555 0.337841
25.6 1.53515 0.366402
25.7 1.51472 0.39459
25.8 1.49366 0.422395
25.9 1.47191 0.449805
26 1.4494 0.476805
26.1 1.42605 0.503382
26.2 1.40174 0.529519
26.3 1.37637 0.555196
26.4 1.34979 0.580394
26.5 1.32183 0.605088
26.6 1.29225 0.62925
26.7 1.26079 0.652849
26.8 1.22708 0.675846
26.9 1.19066 0.698196
27 1.15089 0.719843
27.1 1.10691 0.740717
27.2 1.05747 0.76073
27.3 1.00075 0.779766
27.4 0.933937 0.797665
27.5 0.852468 0.814202
27.6 0.748509 0.829042
27.7 0.607627 0.84165
27.8 0.401277 0.85111
27.9 0.070624 0.855735
28 -0.487537 0.852318
28.1 -1.27065 0.836155
28.2 -1.82069 0.806761
28.3 -1.97867 0.77099
28.4 -2.01217 0.733884
28.5 -2.01258 0.696625
28.6 -2.00384 0.659487
28.7 -1.9925 0.622548
28.8 -1.98037 0.585829
28.9 -1.96792 0.549337
29 -1.9553 0.513078
29.1 -1.94252 0.477053
29.2 -1.9296 0.441266
29.3 -1.91653 0.405719
29.4 -1.9033 0.370415
29.5 -1.88992 0.335357
29.6 -1.87637 0.300548
29.7 -1.86265 0.265991
29.8 -1.84875 0.231689
29.9 -1.83467 0.197646
30 -1.82039 0.163865
30.1 -1.80591 0.13035
30.2 -1.79121 0.0971044
30.3 -1.77629 0.0641325
30.4 -1.76114 0.0314385
30.5 -1.74574 -0.000973152
30.6 -1.73008 -0.0330978
30.7 -1.71415 -0.0649306
30.8 -1.69794 -0.0964662
30.9 -1.68141 -0.127699
31 -1.66457 -0.158624
31.1 -1.64737 -0.189234
31.2 -1.62982 -0.219523
31.3 -1.61186 -0.249484
31.4 -1.59349 -0.279109
31.5 -1.57467 -0.30839
31.6 -1.55535 -0.337319
31.7 -1.53551 -0.365887
31.8 -1.5151 -0.394082
31.9 -1.49405 -0.421894
32 -1.47232 -0.449311
32.1 -1.44982 -0.476319
32.2 -1.42648 -0.502904
32.3 -1.40219 -0.529048
32.4 -1.37685 -0.554734
32.5 -1.35029 -0.579941
32.6 -1.32235 -0.604644
32.7 -1.2928 -0.628817
32.8 -1.26138 -0.652426
32.9 -1.22772 -0.675434
33 -1.19135 -0.697796
33.1 -1.15165 -0.719456
33.2 -1.10775 -0.740345
33.3 -1.05843 -0.760375
33.4 -1.00186 -0.77943
33.5 -0.935263 -0.797351
33.6 -0.854117 -0.813916
33.7 -0.750667 -0.828791
33.8 -0.61065 -0.841445
33.9 -0.405887 -0.850974
34 -0.078296 -0.85571
34.1 0.47482 -0.85248
34.2 1.25666 -0.836579
34.3 1.81515 -0.807375
34.4 1.97738 -0.771658
34.5 2.01197 -0.734561
34.6 2.01269 -0.6973
34.7 2.00403 -0.66016
34.8 1.99271 -0.623217
34.9 1.98059 -0.586493
35 1.96815 -0.549998
35.1 1.95553 -0.513734
35.2 1.94275 -0.477705
35.3 1.92983 -0.441914
35.4 1.91677 -0.406362
35.5 1.90355 -0.371054
35.6 1.89017 -0.335992
35.7 1.87662 -0.301178
35.8 1.8629 -0.266616
35.9 1.84901 -0.23231
36 1.83493 -0.198262
36.1 1.82065 -0.164476
36.2 1.80617 -0.130956
36.3 1.79148 -0.0977054
36.4 1.77657 -0.0647284
36.5 1.76142 -0.0320294
36.6 1.74602 0.00038745
36.7 1.73037 0.0325174
36.8 1.71445 0.0643554
36.9 1.69823 0.0958965
37 1.68172 0.127135
37.1 1.66487 0.158065
37.2 1.64769 0.188681
37.3 1.63014 0.218976
37.4 1.61219 0.248943
37.5 1.59383 0.278574
37.6 1.57501 0.307862
37.7 1.55571 0.336798
37.8 1.53588 0.365372
37.9 1.51547 0.393574
38 1.49444 0.421393
38.1 1.47272 0.448817
38.2 1.45024 0.475833
38.3 1.42691 0.502425
38.4 1.40264 0.528578
38.5 1.37732 0.554272
38.6 1.35078 0.579488
38.7 1.32287 0.604201
38.8 1.29336 0.628383
38.9 1.26197 0.652003
39 1.22835 0.675022
39.1 1.19203 0.697397
39.2 1.1524 0.71907
39.3 1.10859 0.739974
39.4 1.05938 0.76002
39.5 1.00297 0.779093
39.6 0.936584 0.797037
39.7 0.855758 0.813629
39.8 0.752813 0.828538
39.9 0.613651 0.84124
40 0.410456 0.850837
40.1 0.0858902 0.855682
40.2 -0.462203 0.852637
40.3 -1.2426 0.836999
40.4 -1.80946 0.807988
40.5 -1.97606 0.772325
40.6 -2.01177 0.735237
40.7 -2.01279 0.697975
40.8 -2.00422 0.660832
40.9 -1.99293 0.623885
41 -1.98081 0.587157
41.1 -1.96838 0.550658
41.2 -1.95576 0.51439
41.3 -1.94299 0.478357
41.4 -1.93007 0.442561
41.5 -1.91701 0.407005
41.6 -1.90379 0.371692
41.7 -1.89041 0.336625
41.8 -1.87687 0.301807
41.9 -1.86315 0.267241
42 -1.84926 0.23293
42.1 -1.83518 0.198877
42.2 -1.82091 0.165087
42.3 -1.80644 0.131562
42.4 -1.79175 0.0983062
42.5 -1.77684 0.0653243
42.6 -1.76169 0.0326201
42.7 -1.74631 0.000198121
42.8 -1.73066 -0.031937
42.9 -1.71474 -0.0637805
43 -1.69853 -0.095327
43.1 -1.68202 -0.126571
43.2 -1.66518 -0.157507
43.3 -1.648 -0.188129
43.4 -1.63046 -0.21843
43.5 -1.61252 -0.248402
43.6 -1.59417 -0.27804
43.7 -1.57536 -0.307334
43.8 -1.55606 -0.336276
43.9 -1.53624 -0.364856
44 -1.51585 -0.393065
44.1 -1.49483 -0.420891
44.2 -1.47312 -0.448323
44.3 -1.45065 -0.475346
44.4 -1.42734 -0.501946
44.5 -1.40309 -0.528107
44.6 -1.37779 -0.55381
44.7 -1.35128 -0.579035
44.8 -1.32339 -0.603757
44.9 -1.29391 -0.627949
45 -1.26256 -0.651579
45.1 -1.22898 -0.67461
45.2 -1.19272 -0.696997
45.3 -1.15316 -0.718683
45.4 -1.10943 -0.739602
45.5 -1.06033 -0.759665
45.6 -1.00407 -0.778757
45.7 -0.9379 -0.796723
45.8 -0.857391 -0.813342
45.9 -0.754946 -0.828286
46 -0.616631 -0.841033
46.1 -0.414986 -0.850699
46.2 -0.0934078 -0.855652
46.3 0.449686 -0.85279
46.4 1.22846 -0.837414
46.5 1.80362 -0.808598
46.6 1.97469 -0.772991
46.7 2.01156 -0.735912
46.8 2.01289 -0.698651
46.9 2.00441 -0.661504
47 1.99314 -0.624553
47.1 1.98104 -0.587821
47.2 1.9686 -0.551318
47.3 1.95599 -0.515045
47.4 1.94322 -0.479008
47.5 1.93031 -0.443208
47.6 1.91724 -0.407648
47.7 1.90403 -0.372331
47.8 1.89065 -0.337259
47.9 1.87711 -0.302436
48 1.8634 -0.267866
48.1 1.84952 -0.23355
48.2 1.83544 -0.199492
48.3 1.82117 -0.165697
48.4 1.8067 -0.132167
48.5 1.79202 -0.0989068
48.6 1.77711 -0.0659199
48.7 1.76197 -0.0332107
48.8 1.74659 -0.000783572
48.9 1.73094 0.0313568
49 1.71503 0.0632056
49.1 1.69883 0.0947575
49.2 1.68232 0.126007
49.3 1.66549 0.156949
49.4 1.64832 0.187576
49.5 1.63078 0.217883
49.6 1.61285 0.247862
49.7 1.5945 0.277505
49.8 1.5757 0.306806
49.9 1.55642 0.335754
50 1.53661 0.364341
50.1 1.51622 0.392557
50.2 1.49521 0.42039
50.3 1.47352 0.447829
50.4 1.45107 0.47486
50.5 1.42777 0.501468
50.6 1.40354 0.527637
50.7 1.37825 0.553349
50.8 1.35177 0.578582
50.9 1.32391 0.603313
51 1.29446 0.627515
51.1 1.26314 0.651156
51.2 1.22961 0.674198
51.3 1.19341 0.696597
51.4 1.15391 0.718297
51.5 1.11027 0.73923
51.6 1.06128 0.759309
51.7 1.00517 0.77842
51.8 0.939211 0.796408
51.9 0.859017 0.813054
52 0.757067 0.828032
52.1 0.619589 0.840826
52.2 0.419475 0.850559
52.3 0.10085 0.855619
52.4 -0.437269 0.852939
52.5 -1.21426 0.837824
52.6 -1.79763 0.809205
52.7 -1.97329 0.773656
52.8 -2.01133 0.736588
52.9 -2.01299 0.699325
53 -2.00459 0.662176
53.1 -1.99336 0.625221
53.2 -1.98126 0.588485
53.3 -1.96883 0.551977
53.4 -1.95622 0.515701
53.5 -1.94345 0.479659
53.6 -1.93054 0.443855
53.7 -1.91748 0.40829
53.8 -1.90427 0.372969
53.9 -1.8909 0.337893
54 -1.87736 0.303066
54.1 -1.86365 0.26849
54.2 -1.84977 0.23417
54.3 -1.8357 0.200108
54.4 -1.82143 0.166307
54.5 -1.80696 0.132773
54.6 -1.79228 0.0995074
54.7 -1.77738 0.0665155
54.8 -1.76225 0.0338012
54.9 -1.74687 0.00136892
55 -1.73123 -0.0307767
55.1 -1.71532 -0.0626308
55.2 -1.69912 -0.0941882
55.3 -1.68262 -0.125443
55.4 -1.6658 -0.156391
55.5 -1.64863 -0.187024
55.6 -1.6311 -0.217336
55.7 -1.61318 -0.247321
55.8 -1.59484 -0.276971
55.9 -1.57605 -0.306278
56 -1.55677 -0.335233
56.1 -1.53697 -0.363826
56.2 -1.5166 -0.392049
56.3 -1.4956 -0.419889
56.4 -1.47392 -0.447335
56.5 -1.45148 -0.474373
56.6 -1.4282 -0.500989
56.7 -1.40399 -0.527166
56.8 -1.37872 -0.552887
56.9 -1.35226 -0.578129
57 -1.32443 -0.602869
57.1 -1.29501 -0.627081
57.2 -1.26373 -0.650733
57.3 -1.23024 -0.673786
57.4 -1.19409 -0.696197
57.5 -1.15466 -0.71791
57.6 -1.1111 -0.738858
57.7 -1.06222 -0.758953
57.8 -1.00626 -0.778083
57.9 -0.940517 -0.796093
58 -0.860635 -0.812766
58.1 -0.759176 -0.827778
58.2 -0.622527 -0.840618
58.3 -0.423925 -0.850418
58.4 -0.108217 -0.855584
58.5 0.424952 -0.853084
58.6 1.19999 -0.83823
58.7 1.79149 -0.80981
58.8 1.97185 -0.774321
58.9 2.0111 -0.737263
59 2.01309 -0.7
59.1 2.00478 -0.662847
59.2 1.99357 -0.625889
59.3 1.98148 -0.589149
59.4 1.96906 -0.552637
59.5 1.95645 -0.516356
59.6 1.94369 -0.48031
59.7 1.93078 -0.444502
59.8 1.91772 -0.408933
59.9 1.90451 -0.373607
60 1.89114 -0.338526
60.1 1.87761 -0.303695
60.2 1.8639 -0.269114
60.3 1.85002 -0.234789
60.4 1.83595 -0.200723
60.5 1.82169 -0.166918
60.6 1.80723 -0.133378
60.7 1.79255 -0.100108
60.8 1.77765 -0.067111
60.9 1.76252 -0.0343916
61 1.74715 -0.00195418
61.1 1.73152 0.0301967
61.2 1.71561 0.0620561
61.3 1.69942 0.0936189
61.4 1.68292 0.12488
61.5 1.66611 0.155833
61.6 1.64895 0.186471
61.7 1.63142 0.21679
61.8 1.61351 0.246781
61.9 1.59518 0.276437
62 1.57639 0.30575
62.1 1.55713 0.334711
62.2 1.53733 0.363311
62.3 1.51697 0.391541
62.4 1.49599 0.419388
62.5 1.47432 0.446841
62.6 1.45189 0.473887
62.7 1.42863 0.500511
62.8 1.40444 0.526696
62.9 1.37919 0.552425
63 1.35275 0.577676
63.1 1.32494 0.602426
63.2 1.29556 0.626647
63.3 1.26431 0.650309
63.4 1.23087 0.673374
63.5 1.19477 0.695797
63.6 1.15541 0.717523
63.7 1.11193 0.738485
63.8 1.06316 0.758597
63.9 1.00735 0.777746
64 0.941817 0.795778
64.1 0.862246 0.812478
64.2 0.761273 0.827523
64.3 0.625444 0.840409
64.4 0.428337 0.850275
64.5 0.115511 0.855547
64.6 -0.412736 0.853224
64.7 -1.18565 0.83863
64.8 -1.78519 0.810413
64.9 -1.97037 0.774986
65 -2.01085 0.737938
65.1 -2.01318 0.700675
65.2 -2.00497 0.663519
65.3 -1.99379 0.626557
65.4 -1.9817 0.589813
65.5 -1.96929 0.553296
65.6 -1.95668 0.517012
65.7 -1.94392 0.480961
65.8 -1.93101 0.445148
65.9 -1.91796 0.409575
66 -1.90475 0.374245
66.1 -1.89139 0.33916
66.2 -1.87786 0.304323
66.3 -1.86415 0.269739
66.4 -1.85028 0.235409
66.5 -1.83621 0.201338
66.6 -1.82195 0.167528
66.7 -1.80749 0.133983
66.8 -1.79282 0.100708
66.9 -1.77793 0.0677064
67 -1.7628 0.034982
67.1 -1.74743 0.00253937
67.2 -1.7318 -0.0296167
67.3 -1.7159 -0.0614815
67.4 -1.69972 -0.0930497
67.5 -1.68323 -0.124316
67.6 -1.66642 -0.155275
67.7 -1.64926 -0.185919
67.8 -1.63174 -0.216243
67.9 -1.61384 -0.24624
68 -1.59551 -0.275902
68.1 -1.57674 -0.305222
68.2 -1.55748 -0.334189
68.3 -1.5377 -0.362796
68.4 -1.51735 -0.391033
68.5 -1.49637 -0.418887
68.6 -1.47472 -0.446347
68.7 -1.45231 -0.473401
68.8 -1.42906 -0.500032
68.9 -1.40489 -0.526226
69 -1.37966 -0.551963
69.1 -1.35324 -0.577223
69.2 -1.32546 -0.601982
69.3 -1.2961 -0.626213
69.4 -1.2649 -0.649886
69.5 -1.2315 -0.672962
69.6 -1.19545 -0.695396
69.7 -1.15615 -0.717136
69.8 -1.11276 -0.738113
69.9 -1.0641 -0.758241
70 -1.00844 -0.777408
70.1 -0.943113 -0.795462
70.2 -0.863849 -0.812188
70.3 -0.763359 -0.827268
70.4 -0.628341 -0.840199
70.5 -0.432711 -0.850131
70.6 -0.122732 -0.855507
70.7 0.400621 -0.85336
70.8 1.17126 -0.839025
70.9 1.77873 -0.811013
71 1.96885 -0.77565
71.1 2.01059 -0.738612
71.2 2.01327 -0.701349
71.3 2.00515 -0.66419
71.4 1.994 -0.627224
71.5 1.98193 -0.590476
71.6 1.96951 -0.553956
71.7 1.95691 -0.517667
71.8 1.94415 -0.481612
71.9 1.93125 -0.445795
72 1.9182 -0.410217
72.1 1.90499 -0.374882
72.2 1.89163 -0.339793
72.3 1.8781 -0.304952
72.4 1.8644 -0.270363
72.5 1.85053 -0.236029
72.6 1.83647 -0.201952
72.7 1.82221 -0.168138
72.8 1.80776 -0.134589
72.9 1.79309 -0.101309
73 1.7782 -0.0683018
73.1 1.76308 -0.0355723
73.2 1.74771 -0.00312451
73.3 1.73209 0.0290368
73.4 1.71619 0.0609069
73.5 1.70001 0.0924806
73.6 1.68353 0.123752
73.7 1.66672 0.154716
73.8 1.64958 0.185367
73.9 1.63206 0.215697
74 1.61416 0.2457
74.1 1.59585 0.275368
74.2 1.57708 0.304694
74.3 1.55783 0.333668
74.4 1.53806 0.362282
74.5 1.51772 0.390525
74.6 1.49676 0.418386
74.7 1.47512 0.445854
74.8 1.45272 0.472914
74.9 1.42949 0.499554
75 1.40533 0.525755
75.1 1.38013 0.551501
75.2 1.35373 0.576769
75.3 1.32598 0.601538
75.4 1.29665 0.625779
75.5 1.26548 0.649462
75.6 1.23213 0.672549
75.7 1.19613 0.694996
75.8 1.1569 0.716749
75.9 1.11359 0.73774
76 1.06504 0.757884
76.1 1.00952 0.77707
76.2 0.944404 0.795146
76.3 0.865445 0.811899
76.4 0.765433 0.827012
76.5 0.631218 0.839988
76.6 0.437048 0.849985
76.7 0.129882 0.855464
76.8 -0.388605 0.853492
76.9 -1.15682 0.839416
77 -1.77211 0.811611
77.1 -1.96729 0.776313
77.2 -2.01033 0.739287
77.3 -2.01335 0.702024
77.4 -2.00534 0.664862
77.5 -1.99421 0.627892
77.6 -1.98215 0.59114
77.7 -1.96974 0.554615
77.8 -1.95714 0.518322
77.9 -1.94438 0.482263
78 -1.93148 0.446441
78.1 -1.91843 0.410859
78.2 -1.90523 0.37552
78.3 -1.89187 0.340426
78.4 -1.87835 0.305581
78.5 -1.86465 0.270987
78.6 -1.85078 0.236648
78.7 -1.83672 0.202567
78.8 -1.82247 0.168748
78.9 -1.80802 0.135194
79 -1.79336 0.101909
79.1 -1.77847 0.0688971
79.2 -1.76335 0.0361625
79.3 -1.74799 0.00370964
79.4 -1.73237 -0.0284569
79.5 -1.71648 -0.0603323
79.6 -1.70031 -0.0919114
79.7 -1.68383 -0.123189
79.8 -1.66703 -0.154158
79.9 -1.64989 -0.184815
80 -1.63239 -0.215151
80.1 -1.61449 -0.245159
80.2 -1.59618 -0.274834
80.3 -1.57743 -0.304166
80.4 -1.55819 -0.333146
80.5 -1.53842 -0.361767
80.6 -1.51809 -0.390016
80.7 -1.49714 -0.417885
80.8 -1.47551 -0.44536
80.9 -1.45313 -0.472428
81 -1.42992 -0.499075
81.1 -1.40578 -0.525285
81.2 -1.38059 -0.551038
81.3 -1.35422 -0.576316
81.4 -1.32649 -0.601094
81.5 -1.2972 -0.625345
81.6 -1.26606 -0.649038
81.7 -1.23275 -0.672137
81.8 -1.19681 -0.694595
81.9 -1.15764 -0.716361
82 -1.11442 -0.737367
82.1 -1.06598 -0.757528
82.2 -1.01061 -0.776732
82.3 -0.945691 -0.79483
82.4 -0.867034 -0.811609
82.5 -0.767495 -0.826756
82.6 -0.634076 -0.839776
82.7 -0.441349 -0.849838
82.8 -0.136961 -0.85542
82.9 0.37669 -0.853621
83 1.14233 -0.839801
83.1 1.76532 -0.812206
83.2 1.96569 -0.776976
83.3 2.01005 -0.739961
83.4 2.01344 -0.702698
83.5 2.00552 -0.665533
83.6 1.99442 -0.628559
83.7 1.98237 -0.591803
83.8 1.96997 -0.555275
83.9 1.95737 -0.518977
84 1.94461 -0.482914
84.1 1.93172 -0.447088
84.2 1.91867 -0.411502
84.3 1.90547 -0.376158
84.4 1.89212 -0.34106
84.5 1.87859 -0.30621
84.6 1.8649 -0.271611
84.7 1.85103 -0.237268
84.8 1.83698 -0.203182
84.9 1.82273 -0.169358
85 1.80828 -0.135799
85.1 1.79362 -0.102509
85.2 1.77874 -0.0694924
85.3 1.76363 -0.0367528
85.4 1.74827 -0.00429476
85.5 1.73266 0.027877
85.6 1.71677 0.0597578
85.7 1.7006 0.0913422
85.8 1.68413 0.122625
85.9 1.66734 0.1536
86 1.6502 0.184262
86.1 1.63271 0.214604
86.2 1.61482 0.244619
86.3 1.59652 0.274299
86.4 1.57777 0.303638
86.5 1.55854 0.332625
86.6 1.53879 0.361252
86.7 1.51847 0.389508
86.8 1.49753 0.417384
86.9 1.47591 0.444866
87 1.45355 0.471942
87.1 1.43035 0.498596
87.2 1.40623 0.524814
87.3 1.38106 0.550576
87.4 1.35471 0.575863
87.5 1.32701 0.60065
87.6 1.29774 0.624911
87.7 1.26665 0.648615
87.8 1.23338 0.671724
87.9 1.19749 0.694195
88 1.15838 0.715974
88.1 1.11524 0.736994
88.2 1.06691 0.757171
88.3 1.01168 0.776394
88.4 0.946972 0.794513
88.5 0.868616 0.811319
88.6 0.769547 0.826498
88.7 0.636914 0.839564
88.8 0.445614 0.849689
88.9 0.143971 0.855372
89 -0.364875 0.853745
89.1 -1.1278 0.840182
89.2 -1.75838 0.812798
89.3 -1.96404 0.777638
89.4 -2.00975 0.740635
89.5 -2.01352 0.703372
89.6 -2.0057 0.666205
89.7 -1.99464 0.629227
89.8 -1.98259 0.592467
89.9 -1.97019 0.555934
90 -1.9576 0.519632
90.1 -1.94485 0.483565
90.2 -1.93195 0.447734
90.3 -1.91891 0.412144
90.4 -1.90571 0.376796
90.5 -1.89236 0.341693
90.6 -1.87884 0.306839
90.7 -1.86515 0.272236
90.8 -1.85129 0.237887
90.9 -1.83724 0.203797
91 -1.82299 0.169968
91.1 -1.80855 0.136404
91.2 -1.79389 0.10311
91.3 -1.77901 0.0700878
91.4 -1.7639 0.0373431
91.5 -1.74855 0.00487991
91.6 -1.73294 -0.0272971
91.7 -1.71706 -0.0591831
91.8 -1.7009 -0.090773
91.9 -1.68443 -0.122061
92 -1.66764 -0.153042
92.1 -1.65052 -0.18371
92.2 -1.63303 -0.214058
92.3 -1.61515 -0.244079
92.4 -1.59685 -0.273765
92.5 -1.57811 -0.303109
92.6 -1.55889 -0.332103
92.7 -1.53915 -0.360737
92.8 -1.51884 -0.389
92.9 -1.49791 -0.416882
93 -1.47631 -0.444372
93.1 -1.45396 -0.471455
93.2 -1.43078 -0.498118
93.3 -1.40667 -0.524343
93.4 -1.38152 -0.550114
93.5 -1.3552 -0.575409
93.6 -1.32752 -0.600206
93.7 -1.29829 -0.624476
93.8 -1.26723 -0.64819
93.9 -1.234 -0.671311
94 -1.19816 -0.693794
94.1 -1.15912 -0.715586
94.2 -1.11607 -0.73662
94.3 -1.06784 -0.756814
94.4 -1.01276 -0.776055
94.5 -0.948249 -0.794196
94.6 -0.870192 -0.811028
94.7 -0.771587 -0.82624
94.8 -0.639733 -0.83935
94.9 -0.449843 -0.84954
95 -0.150913 -0.855323
95.1 0.35316 -0.853865
95.2 1.11322 -0.840558
95.3 1.75126 -0.813388
95.4 1.96235 -0.778299
95.5 2.00945 -0.741309
95.6 2.01359 -0.704046
95.7 2.00589 -0.666876
95.8 1.99485 -0.629894
95.9 1.98282 -0.59313
96 1.97042 -0.556593
96.1 1.95783 -0.520287
96.2 1.94508 -0.484216
96.3 1.93219 -0.448381
96.4 1.91915 -0.412786
96.5 1.90595 -0.377433
96.6 1.8926 -0.342326
96.7 1.87909 -0.307467
96.8 1.8654 -0.27286
96.9 1.85154 -0.238507
97 1.83749 -0.204412
97.1 1.82325 -0.170578
97.2 1.80881 -0.13701
97.3 1.79416 -0.10371
97.4 1.77928 -0.0706832
97.5 1.76418 -0.0379334
97.6 1.74883 -0.00546512
97.7 1.73323 0.0267171
97.8 1.71735 0.0586085
97.9 1.70119 0.0902038
98 1.68473 0.121498
98.1 1.66795 0.152484
98.2 1.65083 0.183158
98.3 1.63335 0.213511
98.4 1.61548 0.243538
98.5 1.59719 0.273231
98.6 1.57846 0.302581
98.7 1.55925 0.331581
98.8 1.53951 0.360221
98.9 1.51921 0.388492
99 1.4983 0.416381
99.1 1.47671 0.443878
99.2 1.45437 0.470968
99.3 1.4312 0.497639
99.4 1.40712 0.523872
99.5 1.38199 0.549652
99.6 1.35569 0.574956
99.7 1.32804 0.599761
99.8 1.29883 0.624042
99.9 1.26781 0.647766
100 1.23462 0.670898
100.1 1.19884 0.693393
100.2 1.15986 0.715198
100.3 1.11689 0.736247
100.4 1.06877 0.756456
100.5 1.01383 0.775716
100.6 0.949522 0.793878
100.7 0.87176 0.810736
100.8 0.773617 0.825982
100.9 0.642534 0.839135
101 0.454038 0.849388
101.1 0.157789 0.855271
101.2 -0.341544 0.853981
101.3 -1.09861 0.840929
101.4 -1.74397 0.813976
101.5 -1.96062 0.778961
101.6 -2.00914 0.741983
101.7 -2.01366 0.704721
101.8 -2.00607 0.667547
101.9 -1.99506 0.630562
102 -1.98304 0.593794
102.1 -1.97065 0.557253
102.2 -1.95806 0.520943
102.3 -1.94531 0.484867
102.4 -1.93242 0.449028
102.5 -1.91938 0.413428
102.6 -1.90619 0.378071
102.7 -1.89285 0.34296
102.8 -1.87933 0.308096
102.9 -1.86565 0.273484
103 -1.85179 0.239126
103.1 -1.83775 0.205027
103.2 -1.82351 0.171188
103.3 -1.80907 0.137615
103.4 -1.79443 0.10431
103.5 -1.77956 0.0712786
103.6 -1.76446 0.0385238
103.7 -1.74911 0.00605041
103.8 -1.73351 -0.0261371
103.9 -1.71764 -0.0580337
104 -1.70149 -0.0896344
104.1 -1.68503 -0.120934
104.2 -1.66826 -0.151926
104.3 -1.65114 -0.182605
104.4 -1.63367 -0.212964
104.5 -1.6158 -0.242997
104.6 -1.59752 -0.272696
104.7 -1.5788 -0.302053
104.8 -1.5596 -0.331059
104.9 -1.53987 -0.359706
105 -1.51959 -0.387983
105.1 -1.49868 -0.41588
105.2 -1.4771 -0.443383
105.3 -1.45478 -0.470482
105.4 -1.43163 -0.49716
105.5 -1.40756 -0.523402
105.6 -1.38245 -0.549189
105.7 -1.35617 -0.574502
105.8 -1.32855 -0.599317
105.9 -1.29938 -0.623607
106 -1.26839 -0.647342
106.1 -1.23525 -0.670485
106.2 -1.19951 -0.692991
106.3 -1.1606 -0.71481
106.4 -1.11771 -0.735873
106.5 -1.06969 -0.756098
106.6 -1.0149 -0.775376
106.7 -0.95079 -0.793561
106.8 -0.873322 -0.810444
106.9 -0.775637 -0.825723
107 -0.645317 -0.83892
107.1 -0.458198 -0.849236
107.2 -0.164598 -0.855217
107.3 0.330027 -0.854094
107.4 1.08397 -0.841295
107.5 1.73652 -0.81456
107.6 1.95884 -0.779621
107.7 2.00881 -0.742657
107.8 2.01373 -0.705395
107.9 2.00625 -0.668219
108 1.99527 -0.63123
108.1 1.98326 -0.594458
108.2 1.97087 -0.557912
108.3 1.95828 -0.521598
108.4 1.94554 -0.485518
108.5 1.93266 -0.449674
108.6 1.91962 -0.414071
108.7 1.90643 -0.378709
108.8 1.89309 -0.343593
108.9 1.87958 -0.308725
109 1.8659 -0.274108
109.1 1.85204 -0.239746
109.2 1.838 -0.205642
109.3 1.82377 -0.171799
109.4 1.80934 -0.13822
109.5 1.79469 -0.104911
109.6 1.77983 -0.0718742
109.7 1.76473 -0.0391144
109.8 1.74939 -0.00663581
109.9 1.7338 0.0255569
110 1.71793 0.0574588
110.1 1.70178 0.089065
110.2 1.68533 0.12037
110.3 1.66856 0.151368
110.4 1.65146 0.182052
110.5 1.63399 0.212418
110.6 1.61613 0.242456
110.7 1.59786 0.272161
110.8 1.57914 0.301525
110.9 1.55995 0.330537
111 1.54024 0.359191
111.1 1.51996 0.387475
111.2 1.49907 0.415378
111.3 1.4775 0.442889
111.4 1.45519 0.469995
111.5 1.43206 0.496681
111.6 1.40801 0.52293
111.7 1.38292 0.548726
111.8 1.35666 0.574048
111.9 1.32907 0.598872
112 1.29992 0.623172
112.1 1.26897 0.646917
112.2 1.23587 0.670071
112.3 1.20019 0.69259
112.4 1.16134 0.714421
112.5 1.11853 0.735499
112.6 1.07062 0.75574
112.7 1.01596 0.775037
112.8 0.952055 0.793242
112.9 0.874878 0.810152
113 0.777645 0.825463
113.1 0.648082 0.838703
113.2 0.462326 0.849082
113.3 0.171342 0.855161
113.4 -0.318608 0.854202
113.5 -1.06929 0.841656
113.6 -1.72889 0.815142
113.7 -1.95701 0.780281
113.8 -2.00847 0.743331
113.9 -2.0138 0.70607
114 -2.00642 0.66889
114.1 -1.99548 0.631898
114.2 -1.98348 0.595122
114.3 -1.9711 0.558572
114.4 -1.95851 0.522253
114.5 -1.94578 0.486169
114.6 -1.93289 0.450321
114.7 -1.91986 0.414713
114.8 -1.90667 0.379347
114.9 -1.89333 0.344227
115 -1.87983 0.309354
115.1 -1.86615 0.274733
115.2 -1.8523 0.240366
115.3 -1.83826 0.206257
115.4 -1.82403 0.172409
115.5 -1.8096 0.138826
115.6 -1.79496 0.105512
115.7 -1.7801 0.0724699
115.8 -1.76501 0.0397051
115.9 -1.74967 0.00722135
116 -1.73408 -0.0249766
116.1 -1.71822 -0.0568838
116.2 -1.70208 -0.0884953
116.3 -1.68563 -0.119806
116.4 -1.66887 -0.150809
116.5 -1.65177 -0.1815
116.6 -1.63431 -0.211871
116.7 -1.61646 -0.241916
116.8 -1.59819 -0.271627
116.9 -1.57949 -0.300996
117 -1.5603 -0.330015
117.1 -1.5406 -0.358675
117.2 -1.52033 -0.386966
117.3 -1.49945 -0.414876
117.4 -1.4779 -0.442394
117.5 -1.4556 -0.469508
117.6 -1.43249 -0.496201
117.7 -1.40845 -0.522459
117.8 -1.38338 -0.548263
117.9 -1.35715 -0.573594
118 -1.32958 -0.598427
118.1 -1.30046 -0.622737
118.2 -1.26955 -0.646493
118.3 -1.23649 -0.669657
118.4 -1.20086 -0.692188
118.5 -1.16208 -0.714032
118.6 -1.11934 -0.735124
118.7 -1.07154 -0.755382
118.8 -1.01703 -0.774696
118.9 -0.953314 -0.792923
119 -0.876427 -0.809858
119.1 -0.779644 -0.825202
119.2 -0.650829 -0.838486
119.3 -0.46642 -0.848926
119.4 -0.178023 -0.855102
119.5 0.307287 -0.854307
119.6 1.05459 -0.842012
119.7 1.72109 -0.815721
119.8 1.95514 -0.780941
119.9 2.00812 -0.744005
120 2.01386 -0.706744
120.1 2.0066 -0.669562
120.2 1.99569 -0.632566
120.3 1.9837 -0.595785
120.4 1.97132 -0.559232
120.5 1.95874 -0.522909
120.6 1.94601 -0.48682
120.7 1.93312 -0.450968
120.8 1.9201 -0.415356
120.9 1.90691 -0.379986
121 1.89357 -0.344861
121.1 1.88007 -0.309984
121.2 1.8664 -0.275358
121.3 1.85255 -0.240986
121.4 1.83852 -0.206872
121.5 1.82429 -0.17302
121.6 1.80986 -0.139432
121.7 1.79523 -0.106113
121.8 1.78037 -0.0730658
121.9 1.76528 -0.0402959
122 1.74995 -0.00780705
122.1 1.73437 0.0243961
122.2 1.71851 0.0563087
122.3 1.70237 0.0879256
122.4 1.68594 0.119241
122.5 1.66918 0.150251
122.6 1.65208 0.180947
122.7 1.63462 0.211324
122.8 1.61678 0.241374
122.9 1.59853 0.271092
123 1.57983 0.300467
123.1 1.56065 0.329493
123.2 1.54096 0.358159
123.3 1.5207 0.386457
123.4 1.49984 0.414374
123.5 1.47829 0.4419
123.6 1.45601 0.46902
123.7 1.43291 0.495722
123.8 1.40889 0.521988
123.9 1.38385 0.5478
124 1.35763 0.573139
124.1 1.33009 0.597982
124.2 1.30101 0.622302
124.3 1.27012 0.646068
124.4 1.23711 0.669243
124.5 1.20153 0.691786
124.6 1.16281 0.713643
124.7 1.12016 0.734749
124.8 1.07246 0.755023
124.9 1.01809 0.774356
125 0.95457 0.792604
125.1 0.87797 0.809565
125.2 0.781633 0.824941
125.3 0.653559 0.838268
125.4 0.470482 0.848769
125.5 0.184641 0.855042
125.6 -0.296063 0.854408
125.7 -1.03987 0.842363
125.8 -1.71311 0.816298
125.9 -1.95321 0.781601
126 -2.00775 0.744679
126.1 -2.01392 0.707419
126.2 -2.00678 0.670234
126.3 -1.99591 0.633234
126.4 -1.98392 0.59645
126.5 -1.97155 0.559892
126.6 -1.95897 0.523565
126.7 -1.94624 0.487472
126.8 -1.93336 0.451615
126.9 -1.92033 0.415999
127 -1.90715 0.380624
127.1 -1.89382 0.345495
127.2 -1.88032 0.310613
127.3 -1.86665 0.275983
127.4 -1.8528 0.241606
127.5 -1.83877 0.207488
127.6 -1.82455 0.17363
127.7 -1.81013 0.140038
127.8 -1.79549 0.106714
127.9 -1.78064 0.0736619
128 -1.76556 0.0408869
128.1 -1.75023 0.00839294
128.2 -1.73465 -0.0238154
128.3 -1.7188 -0.0557333
128.4 -1.70267 -0.0873556
128.5 -1.68624 -0.118677
128.6 -1.66948 -0.149692
128.7 -1.65239 -0.180394
128.8 -1.63494 -0.210776
128.9 -1.61711 -0.240833
129 -1.59886 -0.270556
129.1 -1.58017 -0.299938
129.2 -1.56101 -0.32897
129.3 -1.54132 -0.357644
129.4 -1.52108 -0.385948
129.5 -1.50022 -0.413872
129.6 -1.47869 -0.441405
129.7 -1.45642 -0.468533
129.8 -1.43334 -0.495242
129.9 -1.40934 -0.521516
130 -1.38431 -0.547337
130.1 -1.35812 -0.572685
130.2 -1.3306 -0.597537
130.3 -1.30155 -0.621866
130.4 -1.2707 -0.645642
130.5 -1.23773 -0.668829
130.6 -1.2022 -0.691384
130.7 -1.16354 -0.713254
130.8 -1.12097 -0.734374
130.9 -1.07338 -0.754664
131 -1.01914 -0.774015
131.1 -0.955822 -0.792284
131.2 -0.879507 -0.809271
131.3 -0.783612 -0.824679
131.4 -0.656272 -0.838049
131.5 -0.474513 -0.848611
131.6 -0.191197 -0.854979
131.7 0.284936 -0.854505
131.8 1.02513 -0.84271
131.9 1.70495 -0.816871
132 1.95124 -0.78226
132.1 2.00737 -0.745353
132.2 2.01398 -0.708094
132.3 2.00696 -0.670906
132.4 1.99612 -0.633902
132.5 1.98415 -0.597114
132.6 1.97178 -0.560552
132.7 1.9592 -0.524221
132.8 1.94647 -0.488123
132.9 1.93359 -0.452263
133 1.92057 -0.416642
133.1 1.90739 -0.381263
133.2 1.89406 -0.346129
133.3 1.88056 -0.311243
133.4 1.8669 -0.276608
133.5 1.85305 -0.242227
133.6 1.83903 -0.208104
133.7 1.82481 -0.174241
133.8 1.81039 -0.140644
133.9 1.79576 -0.107315
134 1.78091 -0.0742582
134.1 1.76583 -0.0414781
134.2 1.75051 -0.00897905
134.3 1.73494 0.0232345
134.4 1.71909 0.0551577
134.5 1.70296 0.0867854
134.6 1.68654 0.118112
134.7 1.66979 0.149133
134.8 1.65271 0.17984
134.9 1.63526 0.210229
135 1.61744 0.240292
135.1 1.5992 0.270021
135.2 1.58052 0.299409
135.3 1.56136 0.328448
135.4 1.54168 0.357127
135.5 1.52145 0.385438
135.6 1.5006 0.41337
135.7 1.47909 0.44091
135.8 1.45683 0.468045
135.9 1.43376 0.494762
136 1.40978 0.521044
136.1 1.38477 0.546873
136.2 1.35861 0.57223
136.3 1.33111 0.597091
136.4 1.30209 0.62143
136.5 1.27128 0.645217
136.6 1.23835 0.668415
136.7 1.20287 0.690981
136.8 1.16428 0.712864
136.9 1.12178 0.733999
137 1.07429 0.754304
137.1 1.0202 0.773673
137.2 0.95707 0.791964
137.3 0.881038 0.808976
137.4 0.785581 0.824416
137.5 0.658968 0.837828
137.6 0.478512 0.848451
137.7 0.197692 0.854913
137.8 -0.273905 0.854599
137.9 -1.01038 0.843052
138 -1.69662 0.817442
138.1 -1.94921 0.782918
138.2 -2.00698 0.746027
138.3 -2.01403 0.708769
138.4 -2.00713 0.671579
138.5 -1.99633 0.634571
138.6 -1.98437 0.597779
138.7 -1.972 0.561212
138.8 -1.95943 0.524877
138.9 -1.9467 0.488775
139 -1.93383 0.452911
139.1 -1.92081 0.417285
139.2 -1.90763 0.381902
139.3 -1.8943 0.346763
139.4 -1.88081 0.311873
139.5 -1.86715 0.277233
139.6 -1.85331 0.242848
139.7 -1.83928 0.20872
139.8 -1.82507 0.174853
139.9 -1.81065 0.14125
140 -1.79603 0.107916
140.1 -1.78118 0.0748547
140.2 -1.76611 0.0420696
140.3 -1.75079 0.00956539
140.4 -1.73522 -0.0226534
140.5 -1.71938 -0.0545819
140.6 -1.70326 -0.086215
140.7 -1.68684 -0.117547
140.8 -1.6701 -0.148573
140.9 -1.65302 -0.179287
141 -1.63558 -0.209681
141.1 -1.61776 -0.23975
141.2 -1.59953 -0.269485
141.3 -1.58086 -0.29888
141.4 -1.56171 -0.327925
141.5 -1.54204 -0.356611
141.6 -1.52182 -0.384929
141.7 -1.50099 -0.412867
141.8 -1.47948 -0.440414
141.9 -1.45724 -0.467557
142 -1.43419 -0.494282
142.1 -1.41022 -0.520572
142.2 -1.38524 -0.546409
142.3 -1.35909 -0.571775
142.4 -1.33162 -0.596645
142.5 -1.30263 -0.620994
142.6 -1.27185 -0.644791
142.7 -1.23896 -0.668
142.8 -1.20354 -0.690578
142.9 -1.16501 -0.712474
143 -1.12259 -0.733623
143.1 -1.0752 -0.753944
143.2 -1.02125 -0.773331
143.3 -0.958314 -0.791643
143.4 -0.882563 -0.808681
143.5 -0.787541 -0.824153
143.6 -0.661648 -0.837607
143.7 -0.48248 -0.848291
143.8 -0.204127 -0.854846
143.9 0.262969 -0.854689
144 0.995616 -0.843388
144.1 1.6881 -0.818011
144.2 1.94714 -0.783576
144.3 2.00658 -0.746701
144.4 2.01408 -0.709444
144.5 2.0073 -0.672251
144.6 1.99654 -0.63524
144.7 1.98459 -0.598443
144.8 1.97223 -0.561873
144.9 1.95966 -0.525533
145 1.94694 -0.489428
145.1 1.93406 -0.453558
145.2 1.92104 -0.417929
145.3 1.90787 -0.382541
145.4 1.89455 -0.347398
145.5 1.88106 -0.312503
145.6 1.8674 -0.277859
145.7 1.85356 -0.243468
145.8 1.83954 -0.209336
145.9 1.82533 -0.175464
146 1.81092 -0.141857
146.1 1.79629 -0.108518
146.2 1.78145 -0.0754515
146.3 1.76638 -0.0426614
146.4 1.75107 -0.010152
146.5 1.7355 0.022072
146.6 1.71967 0.0540058
146.7 1.70355 0.0856443
146.8 1.68714 0.116982
146.9 1.6704 0.148014
147 1.65333 0.178733
147.1 1.6359 0.209133
147.2 1.61809 0.239208
147.3 1.59987 0.268949
147.4 1.5812 0.29835
147.5 1.56206 0.327401
147.6 1.54241 0.356094
147.7 1.52219 0.384419
147.8 1.50137 0.412364
147.9 1.47988 0.439918
148 1.45766 0.467069
148.1 1.43462 0.493801
148.2 1.41067 0.520099
148.3 1.3857 0.545945
148.4 1.35958 0.57132
148.5 1.33214 0.596199
148.6 1.30317 0.620557
148.7 1.27243 0.644365
148.8 1.23958 0.667585
148.9 1.20421 0.690175
149 1.16574 0.712083
149.1 1.1234 0.733247
149.2 1.07612 0.753584
149.3 1.0223 0.772989
149.4 0.959554 0.791322
149.5 0.884083 0.808385
149.6 0.789492 0.823888
149.7 0.664312 0.837385
149.8 0.486418 0.848128
149.9 0.210504 0.854777
150 -0.252129 0.854775
150.1 -0.980847 0.84372
150.2 -1.67941 0.818576
150.3 -1.945 0.784234
150.4 -2.00616 0.747375
150.5 -2.01412 0.710119
150.6 -2.00748 0.672924
150.7 -1.99675 0.635909
150.8 -1.98481 0.599109
150.9 -1.97246 0.562534
151 -1.95989 0.52619
151.1 -1.94717 0.49008
151.2 -1.9343 0.454207
151.3 -1.92128 0.418572
151.4 -1.90811 0.38318
151.5 -1.89479 0.348033
151.6 -1.8813 0.313133
151.7 -1.86765 0.278484
151.8 -1.85381 0.24409
151.9 -1.8398 0.209952
152 -1.82559 0.176076
152.1 -1.81118 0.142464
152.2 -1.79656 0.10912
152.3 -1.78173 0.0760486
152.4 -1.76666 0.0432534
152.5 -1.75135 0.0107389
152.6 -1.73579 -0.0214903
152.7 -1.71996 -0.0534294
152.8 -1.70385 -0.0850734
152.9 -1.68744 -0.116417
153 -1.67071 -0.147454
153.1 -1.65365 -0.178179
153.2 -1.63622 -0.208585
153.3 -1.61842 -0.238665
153.4 -1.6002 -0.268413
153.5 -1.58154 -0.29782
153.6 -1.56241 -0.326878
153.7 -1.54277 -0.355577
153.8 -1.52256 -0.383909
153.9 -1.50175 -0.411861
154 -1.48028 -0.439422
154.1 -1.45806 -0.46658
154.2 -1.43504 -0.49332
154.3 -1.41111 -0.519626
154.4 -1.38616 -0.545481
154.5 -1.36006 -0.570864
154.6 -1.33265 -0.595752
154.7 -1.30371 -0.620121
154.8 -1.273 -0.643938
154.9 -1.2402 -0.667169
155 -1.20487 -0.689771
155.1 -1.16647 -0.711693
155.2 -1.12421 -0.73287
155.3 -1.07703 -0.753223
155.4 -1.02334 -0.772646
155.5 -0.96079 -0.791
155.6 -0.885596 -0.808088
155.7 -0.791433 -0.823624
155.8 -0.666959 -0.837162
155.9 -0.490327 -0.847964
156 -0.216822 -0.854705
156.1 0.241383 -0.854858
156.2 0.966075 -0.844047
156.3 1.67054 -0.819138
156.4 1.94282 -0.784891
156.5 2.00572 -0.74805
156.6 2.01416 -0.710795
156.7 2.00765 -0.673597
156.8 1.99696 -0.636578
156.9 1.98503 -0.599774
157 1.97268 -0.563195
157.1 1.96012 -0.526847
157.2 1.9474 -0.490733
157.3 1.93453 -0.454855
157.4 1.92152 -0.419217
157.5 1.90835 -0.38382
157.6 1.89503 -0.348668
157.7 1.88155 -0.313764
157.8 1.86789 -0.279111
157.9 1.85406 -0.244711
158 1.84005 -0.210569
158.1 1.82585 -0.176688
158.2 1.81144 -0.143071
158.3 1.79683 -0.109722
158.4 1.782 -0.0766459
158.5 1.76693 -0.0438457
158.6 1.75163 -0.0113261
158.7 1.73607 0.0209084
158.8 1.72025 0.0528528
158.9 1.70414 0.0845021
159 1.68774 0.115851
159.1 1.67102 0.146894
159.2 1.65396 0.177624
159.3 1.63654 0.208036
159.4 1.61874 0.238123
159.5 1.60053 0.267877
159.6 1.58189 0.29729
159.7 1.56276 0.326354
159.8 1.54313 0.35506
159.9 1.52294 0.383398
160 1.50214 0.411357
160.1 1.48067 0.438926
160.2 1.45847 0.466091
160.3 1.43547 0.492839
160.4 1.41155 0.519153
160.5 1.38662 0.545016
160.6 1.36055 0.570408
160.7 1.33316 0.595306
160.8 1.30425 0.619683
160.9 1.27358 0.643511
161 1.24081 0.666753
161.1 1.20554 0.689367
161.2 1.16719 0.711301
161.3 1.12502 0.732493
161.4 1.07793 0.752862
161.5 1.02439 0.772303
161.6 0.962023 0.790678
161.7 0.887105 0.807791
161.8 0.793366 0.823358
161.9 0.669592 0.836938
162 0.494206 0.847799
162.1 0.223083 0.854631
162.2 -0.230732 0.854937
162.3 -0.951303 0.844369
162.4 -1.66148 0.819698
162.5 -1.94058 0.785548
162.6 -2.00527 0.748725
162.7 -2.0142 0.711471
162.8 -2.00782 0.674271
162.9 -1.99716 0.637248
163 -1.98525 0.60044
163.1 -1.97291 0.563857
163.2 -1.96035 0.527505
163.3 -1.94763 0.491386
163.4 -1.93477 0.455504
163.5 -1.92176 0.419861
163.6 -1.90859 0.38446
163.7 -1.89528 0.349304
163.8 -1.88179 0.314395
163.9 -1.86814 0.279737
164 -1.85432 0.245333
164.1 -1.84031 0.211186
164.2 -1.82611 0.1773
164.3 -1.81171 0.143679
164.4 -1.7971 0.110325
164.5 -1.78227 0.0772436
164.6 -1.76721 0.0444383
164.7 -1.75191 0.0119136
164.8 -1.73636 -0.0203261
164.9 -1.72054 -0.0522758
165 -1.70444 -0.0839305
165.1 -1.68804 -0.115285
165.2 -1.67132 -0.146333
165.3 -1.65427 -0.17707
165.4 -1.63686 -0.207487
165.5 -1.61907 -0.23758
165.6 -1.60087 -0.26734
165.7 -1.58223 -0.296759
165.8 -1.56311 -0.32583
165.9 -1.54349 -0.354542
166 -1.52331 -0.382887
166.1 -1.50252 -0.410853
166.2 -1.48107 -0.438429
166.3 -1.45888 -0.465602
166.4 -1.43589 -0.492357
166.5 -1.412 -0.51868
166.6 -1.38709 -0.544551
166.7 -1.36103 -0.569951
166.8 -1.33367 -0.594858
166.9 -1.30479 -0.619246
167 -1.27415 -0.643084
167.1 -1.24143 -0.666337
167.2 -1.20621 -0.688963
167.3 -1.16792 -0.71091
167.4 -1.12582 -0.732116
167.5 -1.07884 -0.7525
167.6 -1.02543 -0.771959
167.7 -0.963252 -0.790355
167.8 -0.888607 -0.807493
167.9 -0.795289 -0.823092
168 -0.672208 -0.836713
168.1 -0.498057 -0.847633
168.2 -0.229287 -0.854555
168.3 0.220174 -0.855012
168.4 0.936537 -0.844687
168.5 1.65225 -0.820254
168.6 1.93827 -0.786205
168.7 2.00481 -0.749399
168.8 2.01423 -0.712148
168.9 2.00799 -0.674944
169 1.99737 -0.637918
169.1 1.98547 -0.601106
169.2 1.97313 -0.564519
169.3 1.96058 -0.528162
169.4 1.94786 -0.49204
169.5 1.935 -0.456153
169.6 1.92199 -0.420506
169.7 1.90883 -0.3851
169.8 1.89552 -0.34994
169.9 1.88204 -0.315026
170 1.86839 -0.280364
170.1 1.85457 -0.245955
170.2 1.84056 -0.211804
170.3 1.82637 -0.177913
170.4 1.81197 -0.144287
170.5 1.79736 -0.110928
170.6 1.78254 -0.0778416
170.7 1.76748 -0.0450313
170.8 1.75219 -0.0125014
170.9 1.73664 0.0197435
171 1.72083 0.0516985
171.1 1.70473 0.0833586
171.2 1.68834 0.114719
171.3 1.67163 0.145772
171.4 1.65458 0.176514
171.5 1.63718 0.206938
171.6 1.6194 0.237037
171.7 1.6012 0.266803
171.8 1.58257 0.296228
171.9 1.56347 0.325305
172 1.54385 0.354025
172.1 1.52368 0.382376
172.2 1.5029 0.410349
172.3 1.48146 0.437932
172.4 1.45929 0.465113
172.5 1.43632 0.491876
172.6 1.41244 0.518206
172.7 1.38755 0.544085
172.8 1.36151 0.569495
172.9 1.33418 0.594411
173 1.30533 0.618808
173.1 1.27473 0.642656
173.2 1.24204 0.66592
173.3 1.20687 0.688558
173.4 1.16865 0.710518
173.5 1.12663 0.731738
173.6 1.07974 0.752138
173.7 1.02647 0.771615
173.8 0.964478 0.790032
173.9 0.890104 0.807195
174 0.797204 0.822824
174.1 0.67481 0.836487
174.2 0.501879 0.847465
174.3 0.235436 0.854477
174.4 -0.209709 0.855085
174.5 -0.921779 0.844999
174.6 -1.64283 0.820808
174.7 -1.93591 0.786861
174.8 -2.00433 0.750074
174.9 -2.01426 0.712824
175 -2.00816 0.675619
175.1 -1.99758 0.638589
175.2 -1.9857 0.601772
175.3 -1.97336 0.565181
175.4 -1.96081 0.528821
175.5 -1.9481 0.492693
175.6 -1.93524 0.456803
175.7 -1.92223 0.421151
175.8 -1.90908 0.385741
175.9 -1.89576 0.350576
176 -1.88229 0.315658
176.1 -1.86864 0.280991
176.2 -1.85482 0.246578
176.3 -1.84082 0.212422
176.4 -1.82663 0.178526
176.5 -1.81223 0.144895
176.6 -1.79763 0.111531
176.7 -1.78281 0.0784399
176.8 -1.76776 0.0456245
176.9 -1.75247 0.0130895
177 -1.73693 -0.0191606
177.1 -1.72112 -0.0511209
177.2 -1.70503 -0.0827864
177.3 -1.68864 -0.114152
177.4 -1.67193 -0.145211
177.5 -1.6549 -0.175959
177.6 -1.6375 -0.206389
177.7 -1.61972 -0.236493
177.8 -1.60154 -0.266265
177.9 -1.58291 -0.295697
178 -1.56382 -0.324781
178.1 -1.54421 -0.353506
178.2 -1.52405 -0.381865
178.3 -1.50329 -0.409845
178.4 -1.48186 -0.437435
178.5 -1.4597 -0.464623
178.6 -1.43674 -0.491394
178.7 -1.41288 -0.517732
178.8 -1.38801 -0.54362
178.9 -1.362 -0.569038
179 -1.33468 -0.593963
179.1 -1.30587 -0.61837
179.2 -1.2753 -0.642228
179.3 -1.24266 -0.665503
179.4 -1.20753 -0.688153
179.5 -1.16937 -0.710126
179.6 -1.12743 -0.73136
179.7 -1.08065 -0.751775
179.8 -1.0275 -0.771271
179.9 -0.9657 -0.789708
180 -0.891596 -0.806896
180.1 -0.79911 -0.822556
180.2 -0.677396 -0.83626
180.3 -0.505673 -0.847296
180.4 -0.24153 -0.854397
180.5 0.199337 -0.855153
180.6 0.907034 -0.845307
180.7 1.63324 -0.821358
180.8 1.93349 -0.787517
180.9 2.00383 -0.750749
181 2.01428 -0.713501
181.1 2.00833 -0.676293
181.2 1.99779 -0.63926
181.3 1.98592 -0.602439
181.4 1.97359 -0.565844
181.5 1.96104 -0.529479
181.6 1.94833 -0.493348
181.7 1.93547 -0.457453
181.8 1.92247 -0.421796
181.9 1.90932 -0.386382
182 1.89601 -0.351212
182.1 1.88253 -0.31629
182.2 1.86889 -0.281618
182.3 1.85507 -0.247201
182.4 1.84108 -0.21304
182.5 1.82688 -0.179139
182.6 1.8125 -0.145503
182.7 1.7979 -0.112135
182.8 1.78308 -0.0790386
182.9 1.76804 -0.0462182
183 1.75275 -0.013678
183.1 1.73721 0.0185773
183.2 1.72141 0.0505429
183.3 1.70532 0.0822139
183.4 1.68894 0.113585
183.5 1.67224 0.14465
183.6 1.65521 0.175403
183.7 1.63782 0.205839
183.8 1.62005 0.235949
183.9 1.60187 0.265727
184 1.58326 0.295166
184.1 1.56417 0.324255
184.2 1.54457 0.352988
184.3 1.52442 0.381353
184.4 1.50367 0.40934
184.5 1.48225 0.436937
184.6 1.46011 0.464133
184.7 1.43717 0.490911
184.8 1.41332 0.517257
184.9 1.38847 0.543154
185 1.36248 0.56858
185.1 1.33519 0.593515
185.2 1.30641 0.617931
185.3 1.27587 0.6418
185.4 1.24327 0.665086
185.5 1.2082 0.687747
185.6 1.1701 0.709733
185.7 1.12823 0.730981
185.8 1.08155 0.751412
185.9 1.02854 0.770925
186 0.966919 0.789383
186.1 0.893083 0.806596
186.2 0.801007 0.822288
186.3 0.679968 0.836032
186.4 0.509439 0.847126
186.5 0.247569 0.854315
186.6 -0.189057 0.855218
186.7 -0.892305 0.84561
186.8 -1.62346 0.821905
186.9 -1.93101 0.788172
187 -2.00332 0.751425
187.1 -2.0143 0.714178
187.2 -2.00849 0.676968
187.3 -1.998 0.639931
187.4 -1.98614 0.603106
187.5 -1.97381 0.566507
187.6 -1.96127 0.530138
187.7 -1.94856 0.494002
187.8 -1.93571 0.458103
187.9 -1.92271 0.422442
188 -1.90956 0.387024
188.1 -1.89625 0.351849
188.2 -1.88278 0.316923
188.3 -1.86914 0.282246
188.4 -1.85533 0.247824
188.5 -1.84133 0.213658
188.6 -1.82714 0.179753
188.7 -1.81276 0.146112
188.8 -1.79816 0.112739
188.9 -1.78335 0.0796376
189 -1.76831 0.0468121
189.1 -1.75303 0.0142668
189.2 -1.7375 -0.0179937
189.3 -1.7217 -0.0499646
189.4 -1.70562 -0.081641
189.5 -1.68924 -0.113017
189.6 -1.67255 -0.144088
189.7 -1.65552 -0.174847
189.8 -1.63814 -0.205288
189.9 -1.62037 -0.235405
190 -1.6022 -0.265189
190.1 -1.5836 -0.294634
190.2 -1.56452 -0.32373
190.3 -1.54493 -0.352469
190.4 -1.52479 -0.380841
190.5 -1.50405 -0.408835
190.6 -1.48265 -0.436439
190.7 -1.46052 -0.463642
190.8 -1.43759 -0.490428
190.9 -1.41376 -0.516782
191 -1.38893 -0.542687
191.1 -1.36297 -0.568122
191.2 -1.3357 -0.593066
191.3 -1.30694 -0.617492
191.4 -1.27644 -0.641371
191.5 -1.24389 -0.664668
191.6 -1.20886 -0.687341
191.7 -1.17082 -0.70934
191.8 -1.12903 -0.730602
191.9 -1.08245 -0.751049
192 -1.02957 -0.77058
192.1 -0.968134 -0.789058
192.2 -0.894564 -0.806296
192.3 -0.802896 -0.822018
192.4 -0.682525 -0.835803
192.5 -0.513178 -0.846954
192.6 -0.253554 -0.854231
192.7 0.178869 -0.85528
192.8 0.877596 -0.845908
192.9 1.61351 -0.822449
193 1.92846 -0.788827
193.1 2.00279 -0.7521
193.2 2.01431 -0.714856
193.3 2.00866 -0.677643
193.4 1.99821 -0.640602
193.5 1.98636 -0.603774
193.6 1.97404 -0.56717
193.7 1.9615 -0.530797
193.8 1.94879 -0.494657
193.9 1.93594 -0.458753
194 1.92294 -0.423088
194.1 1.9098 -0.387665
194.2 1.89649 -0.352487
194.3 1.88303 -0.317555
194.4 1.86939 -0.282874
194.5 1.85558 -0.248447
194.6 1.84159 -0.214277
194.7 1.8274 -0.180367
194.8 1.81302 -0.146721
194.9 1.79843 -0.113343
195 1.78362 -0.080237
195.1 1.76859 -0.0474064
195.2 1.75331 -0.014856
195.3 1.73778 0.0174098
195.4 1.72199 0.049386
195.5 1.70591 0.0810677
195.6 1.68954 0.11245
195.7 1.67285 0.143526
195.8 1.65583 0.174291
195.9 1.63846 0.204738
196 1.6207 0.23486
196.1 1.60254 0.264651
196.2 1.58394 0.294101
196.3 1.56487 0.323204
196.4 1.54529 0.35195
196.5 1.52516 0.380328
196.6 1.50443 0.408329
196.7 1.48305 0.435941
196.8 1.46093 0.463151
196.9 1.43802 0.489945
197 1.41421 0.516307
197.1 1.38939 0.54222
197.2 1.36345 0.567664
197.3 1.33621 0.592617
197.4 1.30748 0.617053
197.5 1.27702 0.640942
197.6 1.2445 0.66425
197.7 1.20952 0.686935
197.8 1.17154 0.708946
197.9 1.12983 0.730222
198 1.08334 0.750685
198.1 1.0306 0.770234
198.2 0.969346 0.788733
198.3 0.89604 0.805995
198.4 0.804777 0.821748
198.5 0.685067 0.835573
198.6 0.516889 0.846781
198.7 0.259487 0.854144
198.8 -0.168772 0.855338
198.9 -0.86291 0.846201
199 -1.60337 0.82299
199.1 -1.92584 0.789481
199.2 -2.00224 0.752776
199.3 -2.01432 0.715534
199.4 -2.00882 0.678319
199.5 -1.99841 0.641274
199.6 -1.98658 0.604442
199.7 -1.97427 0.567834
199.8 -1.96173 0.531456
199.9 -1.94902 0.495312
200 -1.93618 0.459404
