0 2 0
0.1 1.80748 0.0345084
0.2 1.73986 0.0670531
0.3 1.70635 0.0987512
0.4 1.68372 0.129956
0.5 1.66465 0.160785
0.6 1.64664 0.191275
0.7 1.62878 0.221435
0.8 1.61073 0.251266
0.9 1.59233 0.280761
1 1.57352 0.309913
1.1 1.55424 0.338714
1.2 1.53443 0.367156
1.3 1.51405 0.395228
1.4 1.49304 0.422919
1.5 1.47135 0.450216
1.6 1.44889 0.477107
1.7 1.42559 0.503577
1.8 1.40135 0.52961
1.9 1.37605 0.555186
2 1.34954 0.580286
2.1 1.32165 0.604885
2.2 1.29215 0.628956
2.3 1.26078 0.652466
2.4 1.22716 0.675379
2.5 1.19085 0.697649
2.6 1.1512 0.719221
2.7 1.10736 0.740025
2.8 1.05808 0.759974
2.9 1.00156 0.778953
3 0.934982 0.796803
3.1 0.853821 0.813302
3.2 0.750275 0.828115
3.3 0.609972 0.840714
3.4 0.404463 0.85019
3.5 0.0749685 0.854867
3.6 -0.482327 0.851552
3.7 -1.26734 0.835532
3.8 -1.82021 0.806277
3.9 -1.97843 0.770638
4 -2.012 0.733671
4.1 -2.01249 0.69655
4.2 -2.0038 0.65955
4.3 -1.99251 0.622747
4.4 -1.98042 0.586163
4.5 -1.96802 0.549804
4.6 -1.95545 0.513676
4.7 -1.94272 0.477781
4.8 -1.92985 0.442121
4.9 -1.91683 0.4067
5 -1.90365 0.371521
5.1 -1.89032 0.336585
5.2 -1.87683 0.301896
5.3 -1.86317 0.267457
5.4 -1.84933 0.233272
5.5 -1.8353 0.199343
5.6 -1.82108 0.165674
5.7 -1.80666 0.132269
5.8 -1.79203 0.0991316
5.9 -1.77718 0.0662655
6 -1.76209 0.033675
6.1 -1.74677 0.00136454
6.2 -1.73118 -0.0306613
6.3 -1.71533 -0.0623977
6.4 -1.69919 -0.0938396
6.5 -1.68275 -0.124981
6.6 -1.66599 -0.155818
6.7 -1.64889 -0.186342
6.8 -1.63143 -0.216548
6.9 -1.61358 -0.246429
7 -1.59531 -0.275978
7.1 -1.5766 -0.305186
7.2 -1.5574 -0.334045
7.3 -1.53769 -0.362546
7.4 -1.51741 -0.390679
7.5 -1.49651 -0.418432
7.6 -1.47493 -0.445795
7.7 -1.45261 -0.472753
7.8 -1.42945 -0.499293
7.9 -1.40537 -0.525398
8 -1.38025 -0.55105
8.1 -1.35395 -0.576229
8.2 -1.32629 -0.600911
8.3 -1.29708 -0.62507
8.4 -1.26603 -0.648674
8.5 -1.23281 -0.671688
8.6 -1.19698 -0.694066
8.7 -1.15792 -0.715756
8.8 -1.11483 -0.736691
8.9 -1.06655 -0.756786
9 -1.01136 -0.775932
9.1 -0.946678 -0.793979
9.2 -0.868313 -0.810717
9.3 -0.769161 -0.825835
9.4 -0.636279 -0.838843
9.5 -0.444327 -0.848915
9.6 -0.141022 -0.85454
9.7 0.37165 -0.852833
9.8 1.13863 -0.839151
9.9 1.76469 -0.811694
10 1.96544 -0.776594
10.1 2.00987 -0.739717
10.2 2.01333 -0.702593
10.3 2.00547 -0.665566
10.4 1.99442 -0.628729
10.5 1.98242 -0.592108
10.6 1.97006 -0.555712
10.7 1.95751 -0.519546
10.8 1.9448 -0.483613
10.9 1.93195 -0.447915
11 1.91896 -0.412455
11.1 1.90581 -0.377236
11.2 1.89251 -0.34226
11.3 1.87904 -0.307531
11.4 1.8654 -0.273051
11.5 1.85159 -0.238824
11.6 1.8376 -0.204853
11.7 1.82341 -0.171142
11.8 1.80902 -0.137694
11.9 1.79443 -0.104512
12 1.77961 -0.0716015
12.1 1.76457 -0.0389658
12.2 1.74928 -0.00660942
12.3 1.73374 0.0254631
12.4 1.71793 0.0572471
12.5 1.70184 0.0887373
12.6 1.68545 0.119928
12.7 1.66874 0.150815
12.8 1.6517 0.18139
12.9 1.6343 0.211649
13 1.61651 0.241584
13.1 1.59832 0.271187
13.2 1.57968 0.300451
13.3 1.56057 0.329367
13.4 1.54094 0.357927
13.5 1.52075 0.386121
13.6 1.49996 0.413937
13.7 1.4785 0.441364
13.8 1.4563 0.468389
13.9 1.43328 0.494998
14 1.40936 0.521175
14.1 1.38442 0.546902
14.2 1.35832 0.57216
14.3 1.3309 0.596925
14.4 1.30195 0.621171
14.5 1.27123 0.644868
14.6 1.23839 0.66798
14.7 1.20302 0.690465
14.8 1.16454 0.712271
14.9 1.12217 0.733334
15 1.07483 0.753573
15.1 1.02092 0.772883
15.2 0.958013 0.791122
15.3 0.88226 0.808091
15.4 0.787171 0.8235
15.5 0.661064 0.836896
15.6 0.481333 0.847525
15.7 0.201543 0.854024
15.8 -0.268978 0.853792
15.9 -1.00624 0.842376
16 -1.69568 0.816907
16.1 -1.94896 0.782513
16.2 -2.00679 0.745759
16.3 -2.01391 0.708639
16.4 -2.00707 0.671587
16.5 -1.99632 0.634717
16.6 -1.98441 0.59806
16.7 -1.97209 0.561627
16.8 -1.95956 0.525423
16.9 -1.94688 0.489452
17 -1.93406 0.453715
17.1 -1.92109 0.418216
17.2 -1.90796 0.382958
17.3 -1.89469 0.347942
17.4 -1.88125 0.313173
17.5 -1.86764 0.278652
17.6 -1.85386 0.244384
17.7 -1.83989 0.210371
17.8 -1.82574 0.176617
17.9 -1.81138 0.143125
18 -1.79682 0.1099
18.1 -1.78204 0.0769453
18.2 -1.76703 0.0442645
18.3 -1.75179 0.0118623
18.4 -1.73629 -0.0202568
18.5 -1.72053 -0.0520881
18.6 -1.70448 -0.0836266
18.7 -1.68814 -0.114867
18.8 -1.67149 -0.145803
18.9 -1.6545 -0.17643
19 -1.63716 -0.206741
19.1 -1.61944 -0.236728
19.2 -1.60131 -0.266386
19.3 -1.58275 -0.295706
19.4 -1.56371 -0.32468
19.5 -1.54417 -0.353299
19.6 -1.52408 -0.381552
19.7 -1.50339 -0.409431
19.8 -1.48204 -0.436922
19.9 -1.45997 -0.464014
20 -1.43709 -0.490692
20.1 -1.41333 -0.51694
20.2 -1.38856 -0.542742
20.3 -1.36266 -0.568077
20.4 -1.33547 -0.592924
20.5 -1.30678 -0.617257
20.6 -1.27637 -0.641046
20.7 -1.2439 -0.664256
20.8 -1.20897 -0.686847
20.9 -1.17105 -0.708767
21 -1.12938 -0.729956
21.1 -1.08294 -0.750336
21.2 -1.03024 -0.769806
21.3 -0.969014 -0.78823
21.4 -0.895706 -0.805423
21.5 -0.80438 -0.821112
21.6 -0.684474 -0.834877
21.7 -0.515787 -0.846028
21.8 -0.257098 -0.853334
21.9 0.174275 -0.854455
22 0.873369 -0.845203
22.1 1.61234 -0.821882
22.2 1.92825 -0.788388
22.3 2.0026 -0.751796
22.4 2.01419 -0.714691
22.5 2.00859 -0.677616
22.6 1.99819 -0.640713
22.7 1.98638 -0.60402
22.8 1.97411 -0.56755
22.9 1.96162 -0.531309
23 1.94896 -0.495299
23.1 1.93616 -0.459524
23.2 1.92321 -0.423987
23.3 1.91011 -0.388689
23.4 1.89686 -0.353633
23.5 1.88345 -0.318823
23.6 1.86987 -0.284262
23.7 1.85611 -0.249952
23.8 1.84218 -0.215897
23.9 1.82806 -0.182101
24 1.81373 -0.148567
24.1 1.79921 -0.115298
24.2 1.78447 -0.0822984
24.3 1.7695 -0.0495726
24.4 1.75429 -0.0171247
24.5 1.73883 0.0150409
24.6 1.72311 0.0469194
24.7 1.70712 0.0785059
24.8 1.69083 0.109795
24.9 1.67423 0.140782
25 1.65729 0.171459
25.1 1.64001 0.201822
25.2 1.62235 0.231863
25.3 1.60429 0.261575
25.4 1.5858 0.29095
25.5 1.56685 0.319981
25.6 1.54739 0.348658
25.7 1.5274 0.376972
25.8 1.50681 0.404913
25.9 1.48557 0.432468
26 1.46362 0.459626
26.1 1.44088 0.486372
26.2 1.41727 0.512691
26.3 1.39267 0.538567
26.4 1.36696 0.56398
26.5 1.33999 0.588908
26.6 1.31157 0.613327
26.7 1.28146 0.637207
26.8 1.24935 0.660514
26.9 1.21486 0.683209
27 1.17746 0.705242
27.1 1.13647 0.726555
27.2 1.09089 0.747073
27.3 1.03934 0.766699
27.4 0.979702 0.785305
27.5 0.908687 0.802715
27.6 0.820857 0.818672
27.7 0.70664 0.832789
27.8 0.547954 0.844431
27.9 0.308206 0.852484
28 -0.0872471 0.854845
28.1 -0.742895 0.847634
28.2 -1.51493 0.826581
28.3 -1.90219 0.794201
28.4 -1.99702 0.757825
28.5 -2.01407 0.720746
28.6 -2.00999 0.683652
28.7 -2.00002 0.646716
28.8 -1.98835 0.609988
28.9 -1.97613 0.573481
29 -1.96366 0.537202
29.1 -1.95103 0.501155
29.2 -1.93825 0.465342
29.3 -1.92533 0.429765
29.4 -1.91226 0.394428
29.5 -1.89903 0.359332
29.6 -1.88565 0.324482
29.7 -1.87209 0.28988
29.8 -1.85837 0.255529
29.9 -1.84446 0.221433
30 -1.83037 0.187594
30.1 -1.81608 0.154016
30.2 -1.80159 0.120704
30.3 -1.78688 0.0876605
30.4 -1.77195 0.0548899
30.5 -1.75679 0.0223963
30.6 -1.74137 -0.00981559
30.7 -1.7257 -0.0417413
30.8 -1.70975 -0.0733757
30.9 -1.6935 -0.104714
31 -1.67695 -0.13575
31.1 -1.66008 -0.166478
31.2 -1.64285 -0.196893
31.3 -1.62526 -0.226987
31.4 -1.60727 -0.256753
31.5 -1.58885 -0.286184
31.6 -1.56997 -0.315271
31.7 -1.5506 -0.344007
31.8 -1.5307 -0.372381
31.9 -1.51021 -0.400383
32 -1.48908 -0.428002
32.1 -1.46725 -0.455225
32.2 -1.44465 -0.482039
32.3 -1.42118 -0.50843
32.4 -1.39675 -0.534379
32.5 -1.37124 -0.559869
32.6 -1.34449 -0.584878
32.7 -1.31631 -0.609381
32.8 -1.28649 -0.633351
32.9 -1.25473 -0.656754
33 -1.22066 -0.679552
33.1 -1.18378 -0.701697
33.2 -1.14343 -0.723132
33.3 -1.09869 -0.743786
33.4 -1.04823 -0.763565
33.5 -0.990097 -0.782348
33.6 -0.921234 -0.799967
33.7 -0.836654 -0.816183
33.8 -0.727668 -0.830635
33.9 -0.578058 -0.84274
34 -0.355318 -0.851486
34.1 0.00746567 -0.854985
34.2 0.617168 -0.849678
34.3 1.40481 -0.83097
34.4 1.86909 -0.799927
34.5 1.98964 -0.763839
34.6 2.01347 -0.726801
34.7 2.01126 -0.689691
34.8 2.00182 -0.652725
34.9 1.99031 -0.615961
35 1.97814 -0.579418
35.1 1.96571 -0.543102
35.2 1.9531 -0.507016
35.3 1.94035 -0.471165
35.4 1.92745 -0.435549
35.5 1.9144 -0.400173
35.6 1.9012 -0.365038
35.7 1.88784 -0.330148
35.8 1.87432 -0.295505
35.9 1.86062 -0.261113
36 1.84674 -0.226974
36.1 1.83268 -0.193093
36.2 1.81843 -0.159473
36.3 1.80397 -0.126117
36.4 1.7893 -0.0930296
36.5 1.7744 -0.0602142
36.6 1.75928 -0.0276752
36.7 1.7439 0.00458299
36.8 1.72827 0.0365557
36.9 1.71237 0.068238
37 1.69617 0.0996247
37.1 1.67967 0.130711
37.2 1.66285 0.16149
37.3 1.64569 0.191956
37.4 1.62815 0.222102
37.5 1.61023 0.251922
37.6 1.59188 0.281408
37.7 1.57308 0.310553
37.8 1.5538 0.339346
37.9 1.53398 0.36778
38 1.51359 0.395843
38.1 1.49257 0.423525
38.2 1.47086 0.450814
38.3 1.44839 0.477696
38.4 1.42507 0.504157
38.5 1.40081 0.530179
38.6 1.37548 0.555745
38.7 1.34894 0.580834
38.8 1.32101 0.605422
38.9 1.29148 0.62948
39 1.26006 0.652979
39.1 1.22639 0.675878
39.2 1.19001 0.698133
39.3 1.15028 0.719689
39.4 1.10633 0.740475
39.5 1.05692 0.760404
39.6 1.00021 0.779359
39.7 0.93337 0.797182
39.8 0.851816 0.813648
39.9 0.747647 0.82842
40 0.606286 0.840961
40.1 0.398831 0.850353
40.2 0.065572 0.854895
40.3 -0.497906 0.851353
40.4 -1.28429 0.835013
40.5 -1.82677 0.80553
40.6 -1.97994 0.76983
40.7 -2.01223 0.732852
40.8 -2.01236 0.695732
40.9 -2.00356 0.658737
41 -1.99225 0.621938
41.1 -1.98015 0.585358
41.2 -1.96775 0.549005
41.3 -1.95517 0.512882
41.4 -1.94244 0.476992
41.5 -1.92956 0.441338
41.6 -1.91654 0.405922
41.7 -1.90336 0.370748
41.8 -1.89003 0.335817
41.9 -1.87653 0.301134
42 -1.86286 0.266701
42.1 -1.84902 0.232521
42.2 -1.83499 0.198598
42.3 -1.82076 0.164935
42.4 -1.80634 0.131536
42.5 -1.7917 0.0984039
42.6 -1.77685 0.0655438
42.7 -1.76176 0.0329594
42.8 -1.74642 0.0006552
42.9 -1.73084 -0.0313643
43 -1.71498 -0.0630943
43.1 -1.69883 -0.0945296
43.2 -1.68238 -0.125665
43.3 -1.66562 -0.156494
43.4 -1.64851 -0.187012
43.5 -1.63104 -0.217211
43.6 -1.61318 -0.247085
43.7 -1.5949 -0.276626
43.8 -1.57618 -0.305826
43.9 -1.55697 -0.334678
44 -1.53725 -0.36317
44.1 -1.51695 -0.391295
44.2 -1.49604 -0.41904
44.3 -1.47445 -0.446394
44.4 -1.4521 -0.473343
44.5 -1.42893 -0.499873
44.6 -1.40483 -0.525969
44.7 -1.37968 -0.55161
44.8 -1.35335 -0.576779
44.9 -1.32567 -0.60145
45 -1.29641 -0.625597
45.1 -1.26532 -0.649189
45.2 -1.23205 -0.672188
45.3 -1.19615 -0.694552
45.4 -1.15702 -0.716226
45.5 -1.11383 -0.737143
45.6 -1.06541 -0.757219
45.7 -1.01005 -0.776342
45.8 -0.945117 -0.794363
45.9 -0.866385 -0.811069
46 -0.766658 -0.826147
46.1 -0.632811 -0.839101
46.2 -0.439106 -0.849094
46.3 -0.132419 -0.854596
46.4 0.386164 -0.852679
46.5 1.15634 -0.838684
46.6 1.77297 -0.810972
46.7 1.96739 -0.77579
46.8 2.01021 -0.738899
46.9 2.01323 -0.701775
47 2.00525 -0.664752
47.1 1.99417 -0.627919
47.2 1.98215 -0.591303
47.3 1.96978 -0.554912
47.4 1.95723 -0.518752
47.5 1.94452 -0.482823
47.6 1.93167 -0.447131
47.7 1.91867 -0.411676
47.8 1.90552 -0.376462
47.9 1.89221 -0.341492
48 1.87874 -0.306768
48.1 1.8651 -0.272294
48.2 1.85129 -0.238072
48.3 1.83729 -0.204107
48.4 1.8231 -0.170401
48.5 1.8087 -0.136959
48.6 1.7941 -0.103784
48.7 1.77928 -0.0708789
48.8 1.76423 -0.0382494
48.9 1.74894 -0.00589917
49 1.73339 0.0261671
49.1 1.71758 0.0579446
49.2 1.70148 0.0894282
49.3 1.68509 0.120613
49.4 1.66837 0.151492
49.5 1.65132 0.182061
49.6 1.63391 0.212313
49.7 1.61612 0.24224
49.8 1.59791 0.271836
49.9 1.57926 0.301092
50 1.56014 0.330001
50.1 1.5405 0.358553
50.2 1.5203 0.386738
50.3 1.49949 0.414546
50.4 1.47801 0.441964
50.5 1.4558 0.46898
50.6 1.43277 0.49558
50.7 1.40882 0.521747
50.8 1.38386 0.547464
50.9 1.35773 0.572711
51 1.33028 0.597465
51.1 1.3013 0.621699
51.2 1.27053 0.645384
51.3 1.23764 0.668483
51.4 1.2022 0.690954
51.5 1.16365 0.712744
51.6 1.12119 0.73379
51.7 1.07372 0.75401
51.8 1.01964 0.773297
51.9 0.956499 0.79151
52 0.880403 0.808449
52.1 0.784782 0.823819
52.2 0.657793 0.837164
52.3 0.476481 0.84772
52.4 0.193655 0.854105
52.5 -0.282403 0.85368
52.6 -1.02425 0.841963
52.7 -1.70585 0.816215
52.8 -1.95142 0.781715
52.9 -2.00727 0.744941
53 -2.01385 0.707821
53.1 -2.00686 0.670772
53.2 -1.99606 0.633906
53.3 -1.98414 0.597254
53.4 -1.97181 0.560826
53.5 -1.95928 0.524628
53.6 -1.9466 0.488661
53.7 -1.93377 0.45293
53.8 -1.9208 0.417436
53.9 -1.90767 0.382183
54 -1.89439 0.347173
54.1 -1.88095 0.312409
54.2 -1.86734 0.277893
54.3 -1.85355 0.243631
54.4 -1.83958 0.209624
54.5 -1.82542 0.175875
54.6 -1.81106 0.14239
54.7 -1.7965 0.109171
54.8 -1.78171 0.0762215
54.9 -1.7667 0.0435468
55 -1.75145 0.0111508
55.1 -1.73594 -0.020962
55.2 -1.72018 -0.0527869
55.3 -1.70413 -0.0843188
55.4 -1.68778 -0.115552
55.5 -1.67112 -0.146482
55.6 -1.65412 -0.177102
55.7 -1.63677 -0.207406
55.8 -1.61904 -0.237386
55.9 -1.6009 -0.267037
56 -1.58233 -0.296349
56.1 -1.56329 -0.325315
56.2 -1.54374 -0.353926
56.3 -1.52363 -0.382171
56.4 -1.50293 -0.410041
56.5 -1.48156 -0.437524
56.6 -1.45947 -0.464607
56.7 -1.43658 -0.491275
56.8 -1.41279 -0.517514
56.9 -1.388 -0.543306
57 -1.36207 -0.568631
57.1 -1.33485 -0.593466
57.2 -1.30613 -0.617787
57.3 -1.27568 -0.641564
57.4 -1.24316 -0.664761
57.5 -1.20817 -0.687337
57.6 -1.17017 -0.709243
57.7 -1.12841 -0.730415
57.8 -1.08186 -0.750776
57.9 -1.02899 -0.770224
58 -0.967544 -0.788623
58.1 -0.893914 -0.805786
58.2 -0.802096 -0.821438
58.3 -0.681382 -0.835154
58.4 -0.511263 -0.846237
58.5 -0.24985 -0.853437
58.6 0.186635 -0.854382
58.7 0.89127 -0.844844
58.8 1.62446 -0.821224
58.9 1.93133 -0.787596
59 2.00324 -0.750979
59.1 2.01417 -0.713871
59.2 2.00839 -0.6768
59.3 1.99793 -0.639901
59.4 1.98612 -0.603213
59.5 1.97384 -0.566748
59.6 1.96134 -0.530512
59.7 1.94868 -0.494508
59.8 1.93587 -0.458738
59.9 1.92292 -0.423205
60 1.90982 -0.387912
60.1 1.89657 -0.352862
60.2 1.88315 -0.318058
60.3 1.86957 -0.283502
60.4 1.85581 -0.249198
60.5 1.84187 -0.215149
60.6 1.82774 -0.181358
60.7 1.81342 -0.14783
60.8 1.79889 -0.114567
60.9 1.78414 -0.0815733
61 1.76916 -0.0488537
61.1 1.75395 -0.0164119
61.2 1.73849 0.0157474
61.3 1.72276 0.0476195
61.4 1.70676 0.0791995
61.5 1.69046 0.110482
61.6 1.67386 0.141462
61.7 1.65692 0.172133
61.8 1.63963 0.202488
61.9 1.62196 0.232522
62 1.60389 0.262227
62.1 1.58539 0.291595
62.2 1.56643 0.320618
62.3 1.54696 0.349287
62.4 1.52695 0.377593
62.5 1.50634 0.405525
62.6 1.48509 0.433071
62.7 1.46313 0.46022
62.8 1.44037 0.486957
62.9 1.41673 0.513267
63 1.39212 0.539133
63.1 1.36638 0.564536
63.2 1.33938 0.589453
63.3 1.31093 0.61386
63.4 1.28077 0.637727
63.5 1.24861 0.661021
63.6 1.21406 0.683702
63.7 1.1766 0.705721
63.8 1.13551 0.727017
63.9 1.08983 0.747516
64 1.03812 0.767121
64.1 0.978273 0.785703
64.2 0.906956 0.803083
64.3 0.818668 0.819005
64.4 0.703709 0.833075
64.5 0.543726 0.844653
64.6 0.301532 0.852608
64.7 -0.0985909 0.854808
64.8 -0.760321 0.847327
64.9 -1.5289 0.825962
65 -1.90608 0.793419
65.1 -1.99787 0.75701
65.2 -2.01412 0.719926
65.3 -2.00981 0.682834
65.4 -1.99978 0.645903
65.5 -1.98809 0.609179
65.6 -1.97586 0.572678
65.7 -1.96339 0.536404
65.8 -1.95075 0.500362
65.9 -1.93797 0.464554
66 -1.92504 0.428982
66.1 -1.91197 0.39365
66.2 -1.89874 0.358561
66.3 -1.88535 0.323716
66.4 -1.87179 0.289119
66.5 -1.85806 0.254774
66.6 -1.84416 0.220683
66.7 -1.83006 0.18685
66.8 -1.81577 0.153278
66.9 -1.80127 0.119972
67 -1.78656 0.0869344
67.1 -1.77162 0.0541698
67.2 -1.75645 0.0216824
67.3 -1.74103 -0.0105233
67.4 -1.72535 -0.0424426
67.5 -1.70939 -0.0740706
67.6 -1.69314 -0.105402
67.7 -1.67659 -0.136431
67.8 -1.6597 -0.167153
67.9 -1.64247 -0.19756
68 -1.62487 -0.227647
68.1 -1.60686 -0.257406
68.2 -1.58844 -0.286829
68.3 -1.56955 -0.315909
68.4 -1.55017 -0.344637
68.5 -1.53025 -0.373003
68.6 -1.50975 -0.400996
68.7 -1.4886 -0.428607
68.8 -1.46676 -0.455821
68.9 -1.44414 -0.482626
69 -1.42065 -0.509007
69.1 -1.3962 -0.534947
69.2 -1.37066 -0.560426
69.3 -1.34388 -0.585424
69.4 -1.31567 -0.609916
69.5 -1.28581 -0.633874
69.6 -1.25401 -0.657264
69.7 -1.21988 -0.680048
69.8 -1.18293 -0.702178
69.9 -1.1425 -0.723597
70 -1.09764 -0.744232
70.1 -1.04704 -0.763991
70.2 -0.988707 -0.78275
70.3 -0.919561 -0.800341
70.4 -0.834554 -0.816523
70.5 -0.724885 -0.83093
70.6 -0.574097 -0.842974
70.7 -0.34916 -0.85163
70.8 0.0178569 -0.85498
70.9 0.633836 -0.849423
71 1.42038 -0.830395
71.1 1.87406 -0.799158
71.2 1.99076 -0.763027
71.3 2.01358 -0.725981
71.4 2.0111 -0.688874
71.5 2.00158 -0.651911
71.6 1.99004 -0.615152
71.7 1.97787 -0.578614
71.8 1.96543 -0.542303
71.9 1.95282 -0.506223
72 1.94007 -0.470376
72.1 1.92716 -0.434766
72.2 1.91411 -0.399395
72.3 1.90091 -0.364265
72.4 1.88754 -0.32938
72.5 1.87401 -0.294743
72.6 1.86031 -0.260357
72.7 1.84644 -0.226224
72.8 1.83237 -0.192349
72.9 1.81811 -0.158734
73 1.80365 -0.125384
73.1 1.78897 -0.0923026
73.2 1.77407 -0.0594933
73.3 1.75894 -0.0269604
73.4 1.74356 0.00529151
73.5 1.72792 0.0372578
73.6 1.71201 0.0689337
73.7 1.69581 0.100314
73.8 1.67931 0.131393
73.9 1.66248 0.162165
74 1.6453 0.192624
74.1 1.62776 0.222764
74.2 1.60983 0.252576
74.3 1.59147 0.282055
74.4 1.57266 0.311192
74.5 1.55336 0.339977
74.6 1.53354 0.368403
74.7 1.51313 0.396458
74.8 1.4921 0.424132
74.9 1.47037 0.451411
75 1.44788 0.478284
75.1 1.42454 0.504735
75.2 1.40026 0.530748
75.3 1.37491 0.556304
75.4 1.34834 0.581382
75.5 1.32038 0.605958
75.6 1.29081 0.630005
75.7 1.25934 0.65349
75.8 1.22562 0.676376
75.9 1.18918 0.698616
76 1.14936 0.720156
76.1 1.10531 0.740924
76.2 1.05576 0.760833
76.3 0.998856 0.779766
76.4 0.931751 0.797561
76.5 0.849799 0.813994
76.6 0.745001 0.828723
76.7 0.602569 0.841206
76.8 0.393139 0.850514
76.9 0.0560621 0.85492
77 -0.513623 0.851147
77.1 -1.3011 0.834487
77.2 -1.83312 0.80478
77.3 -1.98141 0.769021
77.4 -2.01244 0.732033
77.5 -2.01222 0.694915
77.6 -2.00333 0.657923
77.7 -1.99199 0.621129
77.8 -1.97988 0.584554
77.9 -1.96747 0.548206
78 -1.95489 0.512088
78.1 -1.94215 0.476203
78.2 -1.92928 0.440554
78.3 -1.91625 0.405144
78.4 -1.90307 0.369975
78.5 -1.88973 0.33505
78.6 -1.87623 0.300372
78.7 -1.86256 0.265944
78.8 -1.84871 0.23177
78.9 -1.83468 0.197853
79 -1.82045 0.164195
79.1 -1.80602 0.130802
79.2 -1.79138 0.0976762
79.3 -1.77652 0.0648222
79.4 -1.76142 0.032244
79.5 -1.74608 -5.40406e-05
79.6 -1.73049 -0.0320672
79.7 -1.71462 -0.0637908
79.8 -1.69847 -0.0952195
79.9 -1.68202 -0.126348
80 -1.66524 -0.157171
80.1 -1.64813 -0.187681
80.2 -1.63065 -0.217873
80.3 -1.61278 -0.24774
80.4 -1.59449 -0.277273
80.5 -1.57576 -0.306466
80.6 -1.55655 -0.33531
80.7 -1.53681 -0.363795
80.8 -1.5165 -0.391911
80.9 -1.49557 -0.419647
81 -1.47396 -0.446992
81.1 -1.4516 -0.473933
81.2 -1.42841 -0.500454
81.3 -1.40429 -0.526539
81.4 -1.37912 -0.552171
81.5 -1.35276 -0.577328
81.6 -1.32504 -0.601988
81.7 -1.29575 -0.626123
81.8 -1.26461 -0.649702
81.9 -1.23129 -0.672689
82 -1.19533 -0.695038
82.1 -1.15612 -0.716696
82.2 -1.11282 -0.737595
82.3 -1.06428 -0.757651
82.4 -1.00873 -0.776752
82.5 -0.943549 -0.794747
82.6 -0.864446 -0.811421
82.7 -0.764139 -0.826458
82.8 -0.629315 -0.839357
82.9 -0.433832 -0.849272
83 -0.123713 -0.854648
83.1 0.400825 -0.852519
83.2 1.17397 -0.83821
83.3 1.78099 -0.810246
83.4 1.96928 -0.774985
83.5 2.01053 -0.738081
83.6 2.01313 -0.700957
83.7 2.00502 -0.663937
83.8 1.99391 -0.627109
83.9 1.98188 -0.590498
84 1.96951 -0.554113
84.1 1.95695 -0.517957
84.2 1.94424 -0.482034
84.3 1.93138 -0.446346
84.4 1.91838 -0.410897
84.5 1.90523 -0.375688
84.6 1.89192 -0.340723
84.7 1.87844 -0.306005
84.8 1.8648 -0.271536
84.9 1.85098 -0.237321
85 1.83698 -0.203361
85.1 1.82278 -0.169661
85.2 1.80838 -0.136225
85.3 1.79378 -0.103055
85.4 1.77895 -0.0701565
85.5 1.7639 -0.037533
85.6 1.7486 -0.00518906
85.7 1.73305 0.0268709
85.8 1.71723 0.0586419
85.9 1.70112 0.0901191
86 1.68472 0.121297
86.1 1.668 0.15217
86.2 1.65094 0.182732
86.3 1.63352 0.212976
86.4 1.61572 0.242896
86.5 1.5975 0.272484
86.6 1.57885 0.301733
86.7 1.55971 0.330635
86.8 1.54006 0.359178
86.9 1.51985 0.387355
87 1.49903 0.415155
87.1 1.47753 0.442564
87.2 1.4553 0.469571
87.3 1.43225 0.496162
87.4 1.40829 0.522319
87.5 1.38329 0.548026
87.6 1.35714 0.573262
87.7 1.32966 0.598005
87.8 1.30064 0.622228
87.9 1.26983 0.6459
88 1.23689 0.668986
88.1 1.20139 0.691442
88.2 1.16276 0.713217
88.3 1.1202 0.734245
88.4 1.07261 0.754445
88.5 1.01836 0.773711
88.6 0.954979 0.791898
88.7 0.878536 0.808806
88.8 0.782378 0.824137
88.9 0.654497 0.83743
89 0.47158 0.847912
89.1 0.185674 0.854182
89.2 -0.295975 0.853563
89.3 -1.04225 0.841543
89.4 -1.71576 0.815518
89.5 -1.9538 0.780915
89.6 -2.00773 0.744124
89.7 -2.01378 0.707002
89.8 -2.00665 0.669957
89.9 -1.99581 0.633095
90 -1.98387 0.596448
90.1 -1.97154 0.560025
90.2 -1.95901 0.523832
90.3 -1.94632 0.487871
90.4 -1.93349 0.452145
90.5 -1.92051 0.416656
90.6 -1.90738 0.381408
90.7 -1.8941 0.346403
90.8 -1.88065 0.311645
90.9 -1.86703 0.277135
91 -1.85324 0.242878
91.1 -1.83927 0.208876
91.2 -1.82511 0.175134
91.3 -1.81074 0.141654
91.4 -1.79617 0.108441
91.5 -1.78138 0.0754979
91.6 -1.76637 0.0428294
91.7 -1.75111 0.0104395
91.8 -1.7356 -0.021667
91.9 -1.71982 -0.0534855
92 -1.70377 -0.0850108
92.1 -1.68741 -0.116238
92.2 -1.67075 -0.147161
92.3 -1.65374 -0.177774
92.4 -1.63639 -0.20807
92.5 -1.61865 -0.238044
92.6 -1.6005 -0.267687
92.7 -1.58192 -0.296991
92.8 -1.56286 -0.32595
92.9 -1.5433 -0.354553
93 -1.52318 -0.38279
93.1 -1.50246 -0.410652
93.2 -1.48108 -0.438126
93.3 -1.45898 -0.465199
93.4 -1.43607 -0.491859
93.5 -1.41226 -0.518088
93.6 -1.38744 -0.543869
93.7 -1.36149 -0.569184
93.8 -1.33423 -0.594008
93.9 -1.30548 -0.618318
94 -1.27498 -0.642082
94.1 -1.24241 -0.665266
94.2 -1.20737 -0.687828
94.3 -1.16929 -0.709718
94.4 -1.12744 -0.730873
94.5 -1.08077 -0.751215
94.6 -1.02774 -0.770641
94.7 -0.966068 -0.789016
94.8 -0.892114 -0.806149
94.9 -0.799797 -0.821763
95 -0.678266 -0.835431
95.1 -0.506697 -0.846444
95.2 -0.24252 -0.853537
95.3 0.199136 -0.854304
95.4 0.90921 -0.844477
95.5 1.63632 -0.820561
95.6 1.93432 -0.786803
95.7 2.00386 -0.750162
95.8 2.01415 -0.713052
95.9 2.00819 -0.675984
96 1.99768 -0.639089
96.1 1.98585 -0.602406
96.2 1.97356 -0.565946
96.3 1.96106 -0.529715
96.4 1.9484 -0.493716
96.5 1.93559 -0.457951
96.6 1.92264 -0.422424
96.7 1.90953 -0.387136
96.8 1.89627 -0.352092
96.9 1.88285 -0.317293
97 1.86926 -0.282742
97.1 1.8555 -0.248444
97.2 1.84156 -0.214401
97.3 1.82743 -0.180616
97.4 1.8131 -0.147093
97.5 1.79856 -0.113836
97.6 1.78381 -0.0808485
97.7 1.76883 -0.0481349
97.8 1.75361 -0.0156993
97.9 1.73815 0.0164537
98 1.72241 0.0483195
98.1 1.7064 0.079893
98.2 1.6901 0.111169
98.3 1.67349 0.142142
98.4 1.65654 0.172806
98.5 1.63924 0.203154
98.6 1.62156 0.233181
98.7 1.60349 0.262878
98.8 1.58498 0.292239
98.9 1.566 0.321254
99 1.54652 0.349915
99.1 1.5265 0.378213
99.2 1.50588 0.406137
99.3 1.48462 0.433675
99.4 1.46263 0.460815
99.5 1.43986 0.487542
99.6 1.4162 0.513843
99.7 1.39156 0.539699
99.8 1.3658 0.565091
99.9 1.33877 0.589997
100 1.31028 0.614392
100.1 1.28008 0.638247
100.2 1.24788 0.661529
100.3 1.21327 0.684195
100.4 1.17573 0.706198
100.5 1.13456 0.727478
100.6 1.08876 0.747959
100.7 1.0369 0.767543
100.8 0.976839 0.7861
100.9 0.905217 0.803452
101 0.816466 0.819337
101.1 0.700757 0.833361
101.2 0.53946 0.844873
101.3 0.294784 0.852729
101.4 -0.110069 0.854765
101.5 -0.77783 0.847014
101.6 -1.54263 0.825338
101.7 -1.90985 0.792635
101.8 -1.99869 0.756195
101.9 -2.01415 0.719107
102 -2.00962 0.682017
102.1 -1.99953 0.64509
102.2 -1.98782 0.608372
102.3 -1.97559 0.571875
102.4 -1.96311 0.535606
102.5 -1.95047 0.499569
102.6 -1.93769 0.463766
102.7 -1.92476 0.4282
102.8 -1.91168 0.392873
102.9 -1.89844 0.357789
103 -1.88505 0.32295
103.1 -1.87149 0.288359
103.2 -1.85776 0.254019
103.3 -1.84385 0.219934
103.4 -1.82975 0.186106
103.5 -1.81545 0.152541
103.6 -1.80095 0.11924
103.7 -1.78623 0.0862083
103.8 -1.77129 0.0534498
103.9 -1.75611 0.0209686
104 -1.74069 -0.0112308
104.1 -1.725 -0.0431437
104.2 -1.70903 -0.0747652
104.3 -1.69278 -0.10609
104.4 -1.67622 -0.137113
104.5 -1.65933 -0.167827
104.6 -1.64209 -0.198228
104.7 -1.62447 -0.228307
104.8 -1.60646 -0.258059
104.9 -1.58803 -0.287475
105 -1.56913 -0.316547
105.1 -1.54974 -0.345267
105.2 -1.5298 -0.373625
105.3 -1.50929 -0.40161
105.4 -1.48813 -0.429212
105.5 -1.46627 -0.456417
105.6 -1.44363 -0.483213
105.7 -1.42012 -0.509585
105.8 -1.39565 -0.535514
105.9 -1.37008 -0.560983
106 -1.34327 -0.58597
106.1 -1.31503 -0.610451
106.2 -1.28514 -0.634396
106.3 -1.25328 -0.657773
106.4 -1.2191 -0.680543
106.5 -1.18208 -0.702659
106.6 -1.14156 -0.724061
106.7 -1.0966 -0.744678
106.8 -1.04585 -0.764416
106.9 -0.987311 -0.783151
107 -0.917879 -0.800714
107.1 -0.832442 -0.816862
107.2 -0.722083 -0.831224
107.3 -0.570102 -0.843206
107.4 -0.342936 -0.85177
107.5 0.028373 -0.854971
107.6 0.650621 -0.849162
107.7 1.43575 -0.829814
107.8 1.87886 -0.798388
107.9 1.99184 -0.762214
108 2.01369 -0.725162
108.1 2.01094 -0.688056
108.2 2.00134 -0.651098
108.3 1.98978 -0.614344
108.4 1.9776 -0.57781
108.5 1.96516 -0.541505
108.6 1.95254 -0.505429
108.7 1.93978 -0.469588
108.8 1.92688 -0.433983
108.9 1.91382 -0.398617
109 1.90061 -0.363493
109.1 1.88725 -0.328614
109.2 1.87371 -0.293982
109.3 1.86001 -0.259601
109.4 1.84613 -0.225474
109.5 1.83206 -0.191604
109.6 1.81779 -0.157996
109.7 1.80333 -0.124651
109.8 1.78864 -0.0915758
109.9 1.77374 -0.0587724
110 1.7586 -0.0262457
110.1 1.74322 0.00599993
110.2 1.72757 0.0379599
110.3 1.71166 0.0696293
110.4 1.69545 0.101003
110.5 1.67894 0.132075
110.6 1.6621 0.162841
110.7 1.64492 0.193293
110.8 1.62737 0.223425
110.9 1.60943 0.253231
111 1.59106 0.282702
111.1 1.57224 0.311831
111.2 1.55293 0.340609
111.3 1.53309 0.369026
111.4 1.51267 0.397073
111.5 1.49163 0.424738
111.6 1.46988 0.452009
111.7 1.44738 0.478873
111.8 1.42402 0.505314
111.9 1.39971 0.531317
112 1.37433 0.556863
112.1 1.34774 0.58193
112.2 1.31975 0.606495
112.3 1.29014 0.630529
112.4 1.25862 0.654002
112.5 1.22485 0.676874
112.6 1.18834 0.699099
112.7 1.14844 0.720623
112.8 1.10428 0.741373
112.9 1.05459 0.761262
113 0.997499 0.780171
113.1 0.930124 0.79794
113.2 0.847772 0.814339
113.3 0.742338 0.829025
113.4 0.598821 0.841451
113.5 0.387387 0.850672
113.6 0.0464373 0.854941
113.7 -0.529477 0.850935
113.8 -1.31778 0.833955
113.9 -1.83926 0.804028
114 -1.98283 0.768211
114.1 -2.01264 0.731215
114.2 -2.01208 0.694097
114.3 -2.0031 0.657109
114.4 -1.99172 0.62032
114.5 -1.97961 0.58375
114.6 -1.9672 0.547407
114.7 -1.95461 0.511294
114.8 -1.94187 0.475414
114.9 -1.92899 0.439771
115 -1.91596 0.404365
115.1 -1.90278 0.369202
115.2 -1.88944 0.334282
115.3 -1.87593 0.29961
115.4 -1.86226 0.265188
115.5 -1.8484 0.231019
115.6 -1.83436 0.197107
115.7 -1.82013 0.163456
115.8 -1.8057 0.130068
115.9 -1.79105 0.0969487
116 -1.77619 0.0641007
116.1 -1.76109 0.0315286
116.2 -1.74574 -0.000763181
116.3 -1.73014 -0.03277
116.4 -1.71427 -0.0644871
116.5 -1.69811 -0.0959093
116.6 -1.68165 -0.127031
116.7 -1.66487 -0.157847
116.8 -1.64775 -0.188351
116.9 -1.63026 -0.218535
117 -1.61238 -0.248395
117.1 -1.59409 -0.277921
117.2 -1.57534 -0.307106
117.3 -1.55612 -0.335942
117.4 -1.53637 -0.364419
117.5 -1.51604 -0.392527
117.6 -1.4951 -0.420255
117.7 -1.47348 -0.447591
117.8 -1.4511 -0.474522
117.9 -1.42789 -0.501034
118 -1.40374 -0.527109
118.1 -1.37855 -0.552731
118.2 -1.35216 -0.577877
118.3 -1.32441 -0.602526
118.4 -1.29508 -0.626649
118.5 -1.2639 -0.650216
118.6 -1.23053 -0.673189
118.7 -1.1945 -0.695523
118.8 -1.15521 -0.717165
118.9 -1.11182 -0.738047
119 -1.06313 -0.758084
119.1 -1.00741 -0.777162
119.2 -0.941974 -0.79513
119.3 -0.862497 -0.811772
119.4 -0.761603 -0.826767
119.5 -0.62579 -0.839612
119.6 -0.428505 -0.849447
119.7 -0.114903 -0.854697
119.8 0.415632 -0.852353
119.9 1.19152 -0.837728
120 1.78878 -0.809517
120.1 1.9711 -0.77418
120.2 2.01084 -0.737263
120.3 2.01302 -0.700139
120.4 2.0048 -0.663123
120.5 1.99365 -0.6263
120.6 1.98161 -0.589693
120.7 1.96923 -0.553313
120.8 1.95667 -0.517162
120.9 1.94396 -0.481244
121 1.9311 -0.445562
121.1 1.91809 -0.410118
121.2 1.90494 -0.374915
121.3 1.89162 -0.339955
121.4 1.87814 -0.305242
121.5 1.8645 -0.270779
121.6 1.85067 -0.236569
121.7 1.83666 -0.202615
121.8 1.82246 -0.168921
121.9 1.80806 -0.13549
122 1.79345 -0.102327
122.1 1.77862 -0.0694342
122.2 1.76356 -0.0368169
122.3 1.74826 -0.00447908
122.4 1.7327 0.0275745
122.5 1.71688 0.0593392
122.6 1.70077 0.0908098
122.7 1.68436 0.121981
122.8 1.66763 0.152847
122.9 1.65056 0.183402
123 1.63313 0.213639
123.1 1.61532 0.243552
123.2 1.5971 0.273133
123.3 1.57843 0.302374
123.4 1.55928 0.331268
123.5 1.53962 0.359804
123.6 1.5194 0.387973
123.7 1.49856 0.415763
123.8 1.47705 0.443164
123.9 1.4548 0.470162
124 1.43173 0.496743
124.1 1.40775 0.522891
124.2 1.38273 0.548588
124.3 1.35655 0.573813
124.4 1.32904 0.598545
124.5 1.29998 0.622756
124.6 1.26912 0.646415
124.7 1.23613 0.669488
124.8 1.20057 0.691929
124.9 1.16186 0.713688
125 1.11921 0.7347
125.1 1.07149 0.754881
125.2 1.01707 0.774124
125.3 0.953453 0.792286
125.4 0.87666 0.809162
125.5 0.779959 0.824454
125.6 0.651174 0.837696
125.7 0.466632 0.848103
125.8 0.1776 0.854256
125.9 -0.309694 0.85344
126 -1.06023 0.841115
126.1 -1.72541 0.814818
126.2 -1.95611 0.780115
126.3 -2.00817 0.743306
126.4 -2.01371 0.706184
126.5 -2.00643 0.669142
126.6 -1.99555 0.632285
126.7 -1.9836 0.595642
126.8 -1.97126 0.559225
126.9 -1.95873 0.523036
127 -1.94604 0.48708
127.1 -1.9332 0.451359
127.2 -1.92022 0.415876
127.3 -1.90709 0.380634
127.4 -1.8938 0.345634
127.5 -1.88035 0.310881
127.6 -1.86673 0.276377
127.7 -1.85294 0.242125
127.8 -1.83896 0.20813
127.9 -1.82479 0.174393
128 -1.81042 0.140919
128.1 -1.79585 0.107712
128.2 -1.78106 0.0747745
128.3 -1.76603 0.0421121
128.4 -1.75077 0.00972844
128.5 -1.73525 -0.0223718
128.6 -1.71947 -0.0541839
128.7 -1.70341 -0.0857027
128.8 -1.68705 -0.116923
128.9 -1.67038 -0.147839
129 -1.65337 -0.178445
129.1 -1.636 -0.208735
129.2 -1.61825 -0.238701
129.3 -1.6001 -0.268337
129.4 -1.5815 -0.297634
129.5 -1.56244 -0.326584
129.6 -1.54286 -0.355179
129.7 -1.52273 -0.383409
129.8 -1.502 -0.411262
129.9 -1.4806 -0.438727
130 -1.45848 -0.465792
130.1 -1.43555 -0.492442
130.2 -1.41172 -0.518661
130.3 -1.38688 -0.544433
130.4 -1.3609 -0.569737
130.5 -1.33362 -0.59455
130.6 -1.30483 -0.618848
130.7 -1.27429 -0.6426
130.8 -1.24167 -0.66577
130.9 -1.20656 -0.688318
131 -1.16842 -0.710193
131.1 -1.12647 -0.731331
131.2 -1.07967 -0.751653
131.3 -1.02648 -0.771059
131.4 -0.964586 -0.789408
131.5 -0.890305 -0.806511
131.6 -0.797485 -0.822088
131.7 -0.675126 -0.835705
131.8 -0.502088 -0.846648
131.9 -0.235106 -0.853634
132 0.21178 -0.85422
132.1 0.92718 -0.844103
132.2 1.64792 -0.819893
132.3 1.93722 -0.786009
132.4 2.00445 -0.749345
132.5 2.01412 -0.712233
132.6 2.00798 -0.675168
132.7 1.99743 -0.638277
132.8 1.98558 -0.601599
132.9 1.97329 -0.565144
133 1.96078 -0.528918
133.1 1.94812 -0.492924
133.2 1.93531 -0.457165
133.3 1.92235 -0.421643
133.4 1.90924 -0.386361
133.5 1.89598 -0.351321
133.6 1.88255 -0.316528
133.7 1.86896 -0.281983
133.8 1.8552 -0.24769
133.9 1.84125 -0.213652
134 1.82711 -0.179873
134.1 1.81278 -0.146356
134.2 1.79824 -0.113105
134.3 1.78348 -0.0801238
134.4 1.7685 -0.0474163
134.5 1.75327 -0.0149869
134.6 1.7378 0.0171598
134.7 1.72206 0.0490192
134.8 1.70605 0.0805862
134.9 1.68974 0.111856
135 1.67312 0.142822
135.1 1.65616 0.173479
135.2 1.63885 0.20382
135.3 1.62117 0.23384
135.4 1.60308 0.26353
135.5 1.58456 0.292883
135.6 1.56558 0.32189
135.7 1.54609 0.350544
135.8 1.52605 0.378833
135.9 1.50542 0.406749
136 1.48414 0.434278
136.1 1.46214 0.461409
136.2 1.43935 0.488127
136.3 1.41567 0.514418
136.4 1.391 0.540264
136.5 1.36522 0.565646
136.6 1.33816 0.590541
136.7 1.30963 0.614924
136.8 1.2794 0.638767
136.9 1.24714 0.662035
137 1.21248 0.684688
137.1 1.17487 0.706676
137.2 1.1336 0.727939
137.3 1.08769 0.748401
137.4 1.03567 0.767964
137.5 0.975399 0.786497
137.6 0.90347 0.803819
137.7 0.814252 0.819669
137.8 0.697783 0.833645
137.9 0.535154 0.845091
138 0.287961 0.852848
138.1 -0.121682 0.854718
138.2 -0.795417 0.846694
138.3 -1.55611 0.824708
138.4 -1.91351 0.79185
138.5 -1.99947 0.755379
138.6 -2.01417 0.718287
138.7 -2.00944 0.6812
138.8 -1.99928 0.644278
138.9 -1.98756 0.607564
139 -1.97531 0.571072
139.1 -1.96283 0.534809
139.2 -1.95019 0.498777
139.3 -1.9374 0.462979
139.4 -1.92447 0.427418
139.5 -1.91139 0.392097
139.6 -1.89815 0.357017
139.7 -1.88475 0.322184
139.8 -1.87119 0.287598
139.9 -1.85745 0.253264
140 -1.84354 0.219184
140.1 -1.82943 0.185363
140.2 -1.81513 0.151803
140.3 -1.80062 0.118508
140.4 -1.7859 0.0854824
140.5 -1.77096 0.05273
140.6 -1.75577 0.020255
140.7 -1.74034 -0.0119381
140.8 -1.72465 -0.0438447
140.9 -1.70868 -0.0754597
141 -1.69242 -0.106778
141.1 -1.67585 -0.137794
141.2 -1.65895 -0.168502
141.3 -1.6417 -0.198895
141.4 -1.62408 -0.228968
141.5 -1.60606 -0.258712
141.6 -1.58761 -0.28812
141.7 -1.56871 -0.317185
141.8 -1.5493 -0.345897
141.9 -1.52936 -0.374246
142 -1.50883 -0.402223
142.1 -1.48766 -0.429816
142.2 -1.46578 -0.457013
142.3 -1.44312 -0.4838
142.4 -1.41959 -0.510162
142.5 -1.3951 -0.536081
142.6 -1.36951 -0.56154
142.7 -1.34267 -0.586516
142.8 -1.31439 -0.610985
142.9 -1.28445 -0.634918
143 -1.25255 -0.658283
143.1 -1.21831 -0.681039
143.2 -1.18123 -0.703139
143.3 -1.14062 -0.724525
143.4 -1.09554 -0.745123
143.5 -1.04465 -0.764841
143.6 -0.985911 -0.783552
143.7 -0.916191 -0.801087
143.8 -0.830319 -0.817199
143.9 -0.719262 -0.831517
144 -0.566071 -0.843437
144.1 -0.336645 -0.851909
144.2 0.0390153 -0.854957
144.3 0.667517 -0.848894
144.4 1.45092 -0.829228
144.5 1.88351 -0.797615
144.6 1.99288 -0.7614
144.7 2.01378 -0.724342
144.8 2.01077 -0.687239
144.9 2.00109 -0.650285
145 1.98952 -0.613535
145.1 1.97733 -0.577007
145.2 1.96488 -0.540706
145.3 1.95226 -0.504636
145.4 1.9395 -0.4688
145.5 1.92659 -0.4332
145.6 1.91353 -0.397839
145.7 1.90032 -0.362721
145.8 1.88695 -0.327847
145.9 1.87341 -0.29322
146 1.85971 -0.258845
146.1 1.84582 -0.224724
146.2 1.83175 -0.19086
146.3 1.81748 -0.157257
146.4 1.803 -0.123919
146.5 1.78832 -0.090849
146.6 1.77341 -0.0580517
146.7 1.75827 -0.0255312
146.8 1.74288 0.00670825
146.9 1.72723 0.0386619
147 1.7113 0.0703248
147.1 1.69509 0.101692
147.2 1.67857 0.132757
147.3 1.66173 0.163516
147.4 1.64454 0.193961
147.5 1.62698 0.224086
147.6 1.60903 0.253884
147.7 1.59065 0.283348
147.8 1.57182 0.312469
147.9 1.5525 0.341239
148 1.53265 0.369649
148.1 1.51222 0.397687
148.2 1.49115 0.425344
148.3 1.4694 0.452606
148.4 1.44687 0.479461
148.5 1.42349 0.505893
148.6 1.39916 0.531886
148.7 1.37376 0.557421
148.8 1.34714 0.582477
148.9 1.31911 0.607031
149 1.28946 0.631054
149.1 1.2579 0.654513
149.2 1.22408 0.677372
149.3 1.18749 0.699582
149.4 1.14752 0.721089
149.5 1.10325 0.741822
149.6 1.05342 0.76169
149.7 0.996136 0.780576
149.8 0.928491 0.798317
149.9 0.845734 0.814683
150 0.739656 0.829326
150.1 0.59504 0.841693
150.2 0.381574 0.850829
150.3 0.0366962 0.854958
150.4 -0.545466 0.850716
150.5 -1.3343 0.833415
150.6 -1.84521 0.803272
150.7 -1.98419 0.767401
150.8 -2.01282 0.730396
150.9 -2.01194 0.693279
151 -2.00286 0.656295
151.1 -1.99146 0.619511
151.2 -1.97934 0.582946
151.3 -1.96692 0.546608
151.4 -1.95433 0.5105
151.5 -1.94159 0.474626
151.6 -1.9287 0.438987
151.7 -1.91567 0.403587
151.8 -1.90248 0.368429
151.9 -1.88914 0.333515
152 -1.87563 0.298848
152.1 -1.86195 0.264431
152.2 -1.8481 0.230268
152.3 -1.83405 0.196362
152.4 -1.81982 0.162717
152.5 -1.80538 0.129335
152.6 -1.79073 0.0962213
152.7 -1.77586 0.0633793
152.8 -1.76075 0.0308133
152.9 -1.7454 -0.00147222
153 -1.7298 -0.0334728
153.1 -1.71392 -0.0651834
153.2 -1.69775 -0.096599
153.3 -1.68129 -0.127714
153.4 -1.6645 -0.158523
153.5 -1.64736 -0.18902
153.6 -1.62987 -0.219198
153.7 -1.61198 -0.24905
153.8 -1.59368 -0.278568
153.9 -1.57492 -0.307746
154 -1.55569 -0.336574
154.1 -1.53592 -0.365043
154.2 -1.51559 -0.393142
154.3 -1.49463 -0.420862
154.4 -1.47299 -0.448189
154.5 -1.4506 -0.475112
154.6 -1.42737 -0.501614
154.7 -1.4032 -0.527679
154.8 -1.37798 -0.553291
154.9 -1.35157 -0.578427
155 -1.32378 -0.603064
155.1 -1.29442 -0.627175
155.2 -1.26319 -0.650729
155.3 -1.22976 -0.673688
155.4 -1.19367 -0.696008
155.5 -1.1543 -0.717634
155.6 -1.1108 -0.738498
155.7 -1.06199 -0.758515
155.8 -1.00609 -0.777571
155.9 -0.940393 -0.795512
156 -0.860538 -0.812121
156.1 -0.759051 -0.827076
156.2 -0.622237 -0.839865
156.3 -0.423122 -0.84962
156.4 -0.105988 -0.854742
156.5 0.430585 -0.852181
156.6 1.20898 -0.83724
156.7 1.79633 -0.808784
156.8 1.97287 -0.773374
156.9 2.01113 -0.736444
157 2.0129 -0.699321
157.1 2.00457 -0.662309
157.2 1.99339 -0.62549
157.3 1.98134 -0.588889
157.4 1.96896 -0.552513
157.5 1.95639 -0.516368
157.6 1.94368 -0.480455
157.7 1.93081 -0.444778
157.8 1.9178 -0.409339
157.9 1.90464 -0.374141
158 1.89133 -0.339187
158.1 1.87784 -0.30448
158.2 1.86419 -0.270022
158.3 1.85037 -0.235818
158.4 1.83635 -0.20187
158.5 1.82215 -0.168181
158.6 1.80774 -0.134756
158.7 1.79313 -0.101599
158.8 1.77829 -0.068712
158.9 1.76323 -0.0361008
159 1.74792 -0.00376924
159.1 1.73236 0.0282781
159.2 1.71652 0.0600363
159.3 1.70041 0.0915003
159.4 1.68399 0.122665
159.5 1.66725 0.153524
159.6 1.65018 0.184072
159.7 1.63274 0.214302
159.8 1.61492 0.244208
159.9 1.59669 0.273782
160 1.57801 0.303015
160.1 1.55886 0.331901
160.2 1.53918 0.360429
160.3 1.51894 0.388589
160.4 1.49809 0.416372
160.5 1.47657 0.443764
160.6 1.4543 0.470753
160.7 1.43121 0.497324
160.8 1.40721 0.523463
160.9 1.38217 0.549149
161 1.35596 0.574364
161.1 1.32841 0.599084
161.2 1.29932 0.623283
161.3 1.26842 0.646931
161.4 1.23538 0.669989
161.5 1.19976 0.692417
161.6 1.16097 0.71416
161.7 1.11822 0.735154
161.8 1.07037 0.755316
161.9 1.01578 0.774537
162 0.95192 0.792673
162.1 0.874775 0.809518
162.2 0.777525 0.82477
162.3 0.647826 0.837959
162.4 0.461635 0.848291
162.5 0.169431 0.854326
162.6 -0.323561 0.853311
162.7 -1.07817 0.84068
162.8 -1.73479 0.814113
162.9 -1.95835 0.779314
163 -2.00859 0.742488
163.1 -2.01363 0.705365
163.2 -2.00622 0.668327
163.3 -1.99529 0.631474
163.4 -1.98333 0.594837
163.5 -1.97099 0.558424
163.6 -1.95845 0.522241
163.7 -1.94576 0.48629
163.8 -1.93292 0.450574
163.9 -1.91993 0.415097
164 -1.9068 0.379859
164.1 -1.89351 0.344865
164.2 -1.88005 0.310117
164.3 -1.86643 0.275619
164.4 -1.85263 0.241373
164.5 -1.83865 0.207383
164.6 -1.82448 0.173652
164.7 -1.81011 0.140184
164.8 -1.79553 0.106982
164.9 -1.78073 0.0740513
165 -1.7657 0.0413949
165.1 -1.75043 0.0090175
165.2 -1.73491 -0.0230764
165.3 -1.71912 -0.0548821
165.4 -1.70305 -0.0863944
165.5 -1.68669 -0.117608
165.6 -1.67 -0.148518
165.7 -1.65299 -0.179117
165.8 -1.63561 -0.209399
165.9 -1.61785 -0.239358
166 -1.59969 -0.268986
166.1 -1.58109 -0.298276
166.2 -1.56201 -0.327219
166.3 -1.54242 -0.355806
166.4 -1.52228 -0.384027
166.5 -1.50153 -0.411872
166.6 -1.48012 -0.439328
166.7 -1.45798 -0.466384
166.8 -1.43503 -0.493025
166.9 -1.41118 -0.519234
167 -1.38632 -0.544996
167.1 -1.36031 -0.570289
167.2 -1.333 -0.595092
167.3 -1.30418 -0.619378
167.4 -1.27359 -0.643117
167.5 -1.24092 -0.666274
167.6 -1.20576 -0.688808
167.7 -1.16753 -0.710667
167.8 -1.1255 -0.731788
167.9 -1.07857 -0.752092
168 -1.02522 -0.771475
168.1 -0.963099 -0.7898
168.2 -0.888487 -0.806872
168.3 -0.795159 -0.822411
168.4 -0.671963 -0.835979
168.5 -0.497435 -0.846851
168.6 -0.227607 -0.853729
168.7 0.224567 -0.854132
168.8 0.945175 -0.843722
168.9 1.65925 -0.819221
169 1.94004 -0.785214
169.1 2.00502 -0.748528
169.2 2.01408 -0.711414
169.3 2.00778 -0.674352
169.4 1.99718 -0.637466
169.5 1.98531 -0.600792
169.6 1.97302 -0.564342
169.7 1.9605 -0.528122
169.8 1.94784 -0.492133
169.9 1.93502 -0.456379
170 1.92206 -0.420862
170.1 1.90895 -0.385585
170.2 1.89568 -0.350551
170.3 1.88226 -0.315763
170.4 1.86866 -0.281224
170.5 1.85489 -0.246936
170.6 1.84094 -0.212904
170.7 1.8268 -0.179131
170.8 1.81246 -0.14562
170.9 1.79792 -0.112375
171 1.78315 -0.0793993
171.1 1.76816 -0.0466978
171.2 1.75294 -0.0142747
171.3 1.73746 0.0178658
171.4 1.72171 0.0497188
171.5 1.70569 0.0812793
171.6 1.68937 0.112542
171.7 1.67274 0.143501
171.8 1.65578 0.174151
171.9 1.63847 0.204486
172 1.62078 0.234498
172.1 1.60268 0.264181
172.2 1.58415 0.293526
172.3 1.56515 0.322526
172.4 1.54565 0.351172
172.5 1.5256 0.379453
172.6 1.50496 0.40736
172.7 1.48366 0.434881
172.8 1.46164 0.462003
172.9 1.43883 0.488712
173 1.41514 0.514993
173.1 1.39045 0.540829
173.2 1.36464 0.5662
173.3 1.33755 0.591084
173.4 1.30899 0.615456
173.5 1.27871 0.639287
173.6 1.24641 0.662542
173.7 1.21168 0.68518
173.8 1.174 0.707153
173.9 1.13265 0.728399
174 1.08661 0.748843
174.1 1.03444 0.768384
174.2 0.973954 0.786893
174.3 0.901715 0.804186
174.4 0.812025 0.819999
174.5 0.694788 0.833928
174.6 0.53081 0.845308
174.7 0.281062 0.852963
174.8 -0.133431 0.854667
174.9 -0.813075 0.846366
175 -1.56935 0.824073
175.1 -1.91705 0.791063
175.2 -2.00023 0.754563
175.3 -2.01419 0.717467
175.4 -2.00925 0.680384
175.5 -1.99903 0.643465
175.6 -1.98729 0.606756
175.7 -1.97504 0.570269
175.8 -1.96256 0.534011
175.9 -1.94991 0.497984
176 -1.93712 0.462192
176.1 -1.92418 0.426636
176.2 -1.9111 0.39132
176.3 -1.89786 0.356246
176.4 -1.88446 0.321418
176.5 -1.87089 0.286838
176.6 -1.85715 0.252509
176.7 -1.84323 0.218435
176.8 -1.82912 0.184619
176.9 -1.81481 0.151065
177 -1.8003 0.117776
177.1 -1.78558 0.0847567
177.2 -1.77062 0.0520103
177.3 -1.75544 0.0195415
177.4 -1.74 -0.0126454
177.5 -1.7243 -0.0445455
177.6 -1.70832 -0.0761541
177.7 -1.69206 -0.107466
177.8 -1.67548 -0.138475
177.9 -1.65857 -0.169176
178 -1.64132 -0.199562
178.1 -1.62369 -0.229628
178.2 -1.60566 -0.259364
178.3 -1.5872 -0.288765
178.4 -1.56828 -0.317822
178.5 -1.54887 -0.346526
178.6 -1.52891 -0.374868
178.7 -1.50837 -0.402836
178.8 -1.48718 -0.430421
178.9 -1.46529 -0.457609
179 -1.44261 -0.484386
179.1 -1.41906 -0.510738
179.2 -1.39455 -0.536648
179.3 -1.36893 -0.562096
179.4 -1.34206 -0.587062
179.5 -1.31375 -0.611519
179.6 -1.28377 -0.63544
179.7 -1.25183 -0.658792
179.8 -1.21753 -0.681534
179.9 -1.18037 -0.703619
180 -1.13968 -0.724988
180.1 -1.09449 -0.745568
180.2 -1.04344 -0.765265
180.3 -0.984505 -0.783953
180.4 -0.914494 -0.801459
180.5 -0.828183 -0.817536
180.6 -0.71642 -0.831809
180.7 -0.562005 -0.843666
180.8 -0.330284 -0.852044
180.9 0.0497851 -0.854939
181 0.684522 -0.848618
181.1 1.46588 -0.828635
181.2 1.888 -0.79684
181.3 1.99388 -0.760586
181.4 2.01387 -0.723523
181.5 2.0106 -0.686421
181.6 2.00085 -0.649471
181.7 1.98925 -0.612727
181.8 1.97706 -0.576203
181.9 1.9646 -0.539908
182 1.95198 -0.503843
182.1 1.93922 -0.468012
182.2 1.9263 -0.432417
182.3 1.91324 -0.397062
182.4 1.90003 -0.361949
182.5 1.88665 -0.32708
182.6 1.87311 -0.292459
182.7 1.8594 -0.258089
182.8 1.84551 -0.223974
182.9 1.83143 -0.190116
183 1.81716 -0.156518
183.1 1.80268 -0.123186
183.2 1.78799 -0.0901223
183.3 1.77308 -0.0573311
183.4 1.75793 -0.0248167
183.5 1.74253 0.00741645
183.6 1.72688 0.0393637
183.7 1.71095 0.0710201
183.8 1.69473 0.102381
183.9 1.6782 0.13344
184 1.66135 0.164191
184.1 1.64415 0.194629
184.2 1.62659 0.224747
184.3 1.60863 0.254538
184.4 1.59024 0.283995
184.5 1.5714 0.313108
184.6 1.55207 0.34187
184.7 1.5322 0.370272
184.8 1.51176 0.398302
184.9 1.49068 0.42595
185 1.46891 0.453203
185.1 1.44636 0.480049
185.2 1.42297 0.506471
185.3 1.39862 0.532454
185.4 1.37319 0.557979
185.5 1.34653 0.583025
185.6 1.31847 0.607567
185.7 1.28879 0.631577
185.8 1.25718 0.655024
185.9 1.2233 0.677869
186 1.18665 0.700065
186.1 1.14659 0.721555
186.2 1.10221 0.74227
186.3 1.05224 0.762118
186.4 0.994769 0.780981
186.5 0.92685 0.798694
186.6 0.843684 0.815026
186.7 0.736956 0.829626
186.8 0.591227 0.841934
186.9 0.375699 0.850983
187 0.0268375 0.854971
187.1 -0.561587 0.850491
187.2 -1.35066 0.832869
187.3 -1.85096 0.802514
187.4 -1.98551 0.76659
187.5 -2.01299 0.729577
187.6 -2.01179 0.692462
187.7 -2.00263 0.655482
187.8 -1.9912 0.618702
187.9 -1.97907 0.582142
188 -1.96665 0.545809
188.1 -1.95405 0.509706
188.2 -1.94131 0.473837
188.3 -1.92842 0.438204
188.4 -1.91538 0.402809
188.5 -1.90219 0.367656
188.6 -1.88884 0.332747
188.7 -1.87533 0.298086
188.8 -1.86165 0.263675
188.9 -1.84779 0.229518
189 -1.83374 0.195617
189.1 -1.8195 0.161978
189.2 -1.80506 0.128602
189.3 -1.7904 0.0954939
189.4 -1.77552 0.062658
189.5 -1.76041 0.0300981
189.6 -1.74506 -0.00218117
189.7 -1.72945 -0.0341754
189.8 -1.71356 -0.0658795
189.9 -1.69739 -0.0972886
190 -1.68092 -0.128397
190.1 -1.66412 -0.159199
190.2 -1.64698 -0.189689
190.3 -1.62948 -0.21986
190.4 -1.61158 -0.249704
190.5 -1.59327 -0.279216
190.6 -1.57451 -0.308386
190.7 -1.55526 -0.337206
190.8 -1.53548 -0.365667
190.9 -1.51513 -0.393758
191 -1.49416 -0.421469
191.1 -1.47251 -0.448788
191.2 -1.4501 -0.475701
191.3 -1.42684 -0.502193
191.4 -1.40266 -0.528249
191.5 -1.37741 -0.55385
191.6 -1.35097 -0.578975
191.7 -1.32315 -0.603601
191.8 -1.29375 -0.627701
191.9 -1.26248 -0.651242
192 -1.229 -0.674188
192.1 -1.19284 -0.696493
192.2 -1.15339 -0.718103
192.3 -1.10979 -0.738949
192.4 -1.06084 -0.758946
192.5 -1.00476 -0.777979
192.6 -0.938804 -0.795894
192.7 -0.858569 -0.812471
192.8 -0.756481 -0.827384
192.9 -0.618654 -0.840117
193 -0.417684 -0.849791
193.1 -0.0969649 -0.854783
193.2 0.445682 -0.852003
193.3 1.22633 -0.836744
193.4 1.80364 -0.808048
193.5 1.97458 -0.772568
193.6 2.01141 -0.735626
193.7 2.01279 -0.698503
193.8 2.00435 -0.661495
193.9 1.99313 -0.624681
194 1.98107 -0.588084
194.1 1.96868 -0.551714
194.2 1.95611 -0.515573
194.3 1.94339 -0.479666
194.4 1.93053 -0.443994
194.5 1.91752 -0.40856
194.6 1.90435 -0.373368
194.7 1.89103 -0.338419
194.8 1.87755 -0.303717
194.9 1.86389 -0.269265
195 1.85006 -0.235066
195.1 1.83604 -0.201124
195.2 1.82183 -0.167441
195.3 1.80742 -0.134022
195.4 1.7928 -0.10087
195.5 1.77796 -0.06799
195.6 1.76289 -0.0353848
195.7 1.74758 -0.00305951
195.8 1.73201 0.0289815
195.9 1.71617 0.0607333
196 1.70005 0.0921908
196.1 1.68362 0.123349
196.2 1.66688 0.154201
196.3 1.6498 0.184742
196.4 1.63236 0.214965
196.5 1.61453 0.244864
196.6 1.59628 0.27443
196.7 1.57759 0.303656
196.8 1.55843 0.332534
196.9 1.53874 0.361054
197 1.51849 0.389206
197.1 1.49763 0.41698
197.2 1.47609 0.444363
197.3 1.4538 0.471343
197.4 1.43069 0.497906
197.5 1.40667 0.524034
197.6 1.3816 0.54971
197.7 1.35537 0.574915
197.8 1.32779 0.599624
197.9 1.29866 0.623811
198 1.26772 0.647445
198.1 1.23462 0.670491
198.2 1.19894 0.692904
198.3 1.16007 0.714631
198.4 1.11722 0.735608
198.5 1.06925 0.75575
198.6 1.01448 0.774949
198.7 0.950381 0.793059
198.8 0.87288 0.809872
198.9 0.775076 0.825086
199 0.644451 0.838222
199.1 0.456588 0.848478
199.2 0.161166 0.854393
199.3 -0.337575 0.853177
199.4 -1.09607 0.840237
199.5 -1.74392 0.813404
199.6 -1.96053 0.778512
199.7 -2.00899 0.741671
199.8 -2.01355 0.704547
199.9 -2.006 0.667512
200 -1.99504 0.630664
