0 2 0
0.1 1.80735 0.0344416
0.2 1.73978 0.0669243
0.3 1.70635 0.0985634
0.4 1.68377 0.129712
0.5 1.66474 0.160485
0.6 1.64677 0.190921
0.7 1.62895 0.221029
0.8 1.61093 0.250807
0.9 1.59258 0.280252
1 1.57381 0.309356
1.1 1.55456 0.33811
1.2 1.5348 0.366506
1.3 1.51446 0.394533
1.4 1.49351 0.422181
1.5 1.47186 0.449437
1.6 1.44947 0.476289
1.7 1.42623 0.502722
1.8 1.40206 0.528719
1.9 1.37683 0.554262
2 1.3504 0.57933
2.1 1.32259 0.6039
2.2 1.2932 0.627945
2.3 1.26194 0.651433
2.4 1.22847 0.674327
2.5 1.19232 0.696581
2.6 1.15286 0.718142
2.7 1.10926 0.738941
2.8 1.06029 0.758891
2.9 1.00416 0.777878
3 0.938139 0.795748
3.1 0.857771 0.812282
3.2 0.755439 0.827151
3.3 0.617137 0.839838
3.4 0.415191 0.849458
3.5 0.0923601 0.854378
3.6 -0.454344 0.851484
3.7 -1.23738 0.836061
3.8 -1.80865 0.807259
3.9 -1.97568 0.771793
4 -2.01152 0.734912
4.1 -2.01265 0.697859
4.2 -2.00416 0.660921
4.3 -1.99294 0.624178
4.4 -1.98089 0.587653
4.5 -1.96853 0.551352
4.6 -1.95598 0.515281
4.7 -1.94328 0.479441
4.8 -1.93044 0.443837
4.9 -1.91745 0.40847
5 -1.90431 0.373343
5.1 -1.89101 0.338459
5.2 -1.87755 0.303821
5.3 -1.86392 0.269432
5.4 -1.85011 0.235295
5.5 -1.83612 0.201414
5.6 -1.82194 0.167792
5.7 -1.80756 0.134432
5.8 -1.79297 0.101338
5.9 -1.77816 0.0685148
6 -1.76312 0.0359658
6.1 -1.74784 0.00369546
6.2 -1.7323 -0.0282916
6.3 -1.71649 -0.0599906
6.4 -1.70041 -0.0913965
6.5 -1.68402 -0.122504
6.6 -1.66731 -0.153307
6.7 -1.65027 -0.1838
6.8 -1.63287 -0.213977
6.9 -1.61508 -0.24383
7 -1.59688 -0.273353
7.1 -1.57824 -0.302537
7.2 -1.55913 -0.331374
7.3 -1.53949 -0.359855
7.4 -1.5193 -0.38797
7.5 -1.4985 -0.415708
7.6 -1.47702 -0.443057
7.7 -1.45481 -0.470006
7.8 -1.43178 -0.496538
7.9 -1.40784 -0.522639
8 -1.38287 -0.548291
8.1 -1.35673 -0.573473
8.2 -1.32927 -0.598163
8.3 -1.30028 -0.622334
8.4 -1.26949 -0.645956
8.5 -1.23657 -0.668994
8.6 -1.2011 -0.691403
8.7 -1.16249 -0.713133
8.8 -1.11995 -0.734118
8.9 -1.07238 -0.754277
9 -1.01814 -0.773503
9.1 -0.95477 -0.791653
9.2 -0.878311 -0.808525
9.3 -0.782095 -0.823824
9.4 -0.654066 -0.837086
9.5 -0.470791 -0.847538
9.6 -0.184008 -0.853775
9.7 0.299645 -0.85311
9.8 1.04833 -0.841019
9.9 1.71972 -0.814942
10 1.95472 -0.780358
10.1 2.00783 -0.743627
10.2 2.01369 -0.706574
10.3 2.00652 -0.669599
10.4 1.99569 -0.632807
10.5 1.98377 -0.596229
10.6 1.97146 -0.559875
10.7 1.95895 -0.52375
10.8 1.94628 -0.487856
10.9 1.93348 -0.452196
11 1.92052 -0.416772
11.1 1.90742 -0.381589
11.2 1.89416 -0.346647
11.3 1.88073 -0.311951
11.4 1.86714 -0.277503
11.5 1.85338 -0.243307
11.6 1.83943 -0.209365
11.7 1.8253 -0.175682
11.8 1.81096 -0.14226
11.9 1.79642 -0.109103
12 1.78166 -0.0762156
12.1 1.76668 -0.0436016
12.2 1.75145 -0.0112653
12.3 1.73598 0.0207889
12.4 1.72024 0.0525561
12.5 1.70422 0.0840315
12.6 1.6879 0.11521
12.7 1.67127 0.146085
12.8 1.65431 0.176652
12.9 1.637 0.206903
13 1.6193 0.236833
13.1 1.6012 0.266434
13.2 1.58267 0.295699
13.3 1.56367 0.324618
13.4 1.54416 0.353184
13.5 1.52411 0.381386
13.6 1.50345 0.409214
13.7 1.48214 0.436656
13.8 1.46011 0.4637
13.9 1.43728 0.490332
14 1.41356 0.516536
14.1 1.38884 0.542295
14.2 1.363 0.56759
14.3 1.33587 0.592398
14.4 1.30725 0.616693
14.5 1.27691 0.640448
14.6 1.24453 0.663626
14.7 1.2097 0.686188
14.8 1.17189 0.708083
14.9 1.13037 0.72925
15 1.08411 0.749612
15.1 1.03162 0.769069
15.2 0.970684 0.787487
15.3 0.897775 0.804683
15.4 0.807031 0.820385
15.5 0.68803 0.834182
15.6 0.52086 0.845391
15.7 0.264901 0.852799
15.8 -0.161678 0.854102
15.9 -0.856173 0.845149
16 -1.6013 0.822149
16.1 -1.92546 0.788835
16.2 -2.00194 0.752332
16.3 -2.01413 0.715298
16.4 -2.00872 0.67829
16.5 -1.99839 0.641451
16.6 -1.98662 0.604821
16.7 -1.97438 0.568414
16.8 -1.96191 0.532235
16.9 -1.94928 0.496286
17 -1.9365 0.46057
17.1 -1.92358 0.425091
17.2 -1.91051 0.389851
17.3 -1.89729 0.354852
17.4 -1.88391 0.320098
17.5 -1.87036 0.285592
17.6 -1.85664 0.251336
17.7 -1.84273 0.217334
17.8 -1.82864 0.183589
17.9 -1.81436 0.150105
18 -1.79987 0.116885
18.1 -1.78516 0.0839344
18.2 -1.77023 0.0512556
18.3 -1.75506 0.0188536
18.4 -1.73965 -0.0132675
18.5 -1.72397 -0.0451027
18.6 -1.70802 -0.0766473
18.7 -1.69177 -0.107896
18.8 -1.67522 -0.138843
18.9 -1.65834 -0.169483
19 -1.64111 -0.19981
19.1 -1.6235 -0.229816
19.2 -1.6055 -0.259495
19.3 -1.58708 -0.288839
19.4 -1.56819 -0.317841
19.5 -1.5488 -0.346491
19.6 -1.52888 -0.374779
19.7 -1.50837 -0.402696
19.8 -1.48722 -0.43023
19.9 -1.46536 -0.457369
20 -1.44273 -0.484099
20.1 -1.41923 -0.510406
20.2 -1.39476 -0.536271
20.3 -1.36919 -0.561677
20.4 -1.34238 -0.586602
20.5 -1.31414 -0.611021
20.6 -1.28423 -0.634905
20.7 -1.25236 -0.658223
20.8 -1.21815 -0.680934
20.9 -1.1811 -0.702991
21 -1.14053 -0.724335
21.1 -1.09549 -0.744895
21.2 -1.04464 -0.764575
21.3 -0.98595 -0.783253
21.4 -0.916277 -0.800757
21.5 -0.830448 -0.816841
21.6 -0.71942 -0.831135
21.7 -0.566208 -0.843036
21.8 -0.336611 -0.851493
21.9 0.0396624 -0.854531
22 0.669668 -0.848454
22.1 1.45389 -0.828773
22.2 1.8846 -0.797177
22.3 1.99305 -0.761017
22.4 2.01373 -0.724027
22.5 2.01068 -0.686993
22.6 2.00101 -0.650108
22.7 1.98945 -0.613428
22.8 1.97729 -0.576968
22.9 1.96486 -0.540734
23 1.95227 -0.504731
23.1 1.93953 -0.46896
23.2 1.92664 -0.433425
23.3 1.91361 -0.398128
23.4 1.90042 -0.363072
23.5 1.88707 -0.32826
23.6 1.87357 -0.293695
23.7 1.85988 -0.25938
23.8 1.84602 -0.225318
23.9 1.83198 -0.191512
24 1.81774 -0.157967
24.1 1.8033 -0.124684
24.2 1.78864 -0.0916698
24.3 1.77377 -0.0589266
24.4 1.75865 -0.026459
24.5 1.7433 0.00572866
24.6 1.72768 0.0376316
24.7 1.7118 0.0692451
24.8 1.69562 0.100564
24.9 1.67915 0.131583
25 1.66234 0.162296
25.1 1.6452 0.192696
25.2 1.62768 0.222779
25.3 1.60978 0.252536
25.4 1.59146 0.281959
25.5 1.57268 0.311042
25.6 1.55341 0.339776
25.7 1.53362 0.36815
25.8 1.51326 0.396156
25.9 1.49226 0.423781
26 1.47058 0.451014
26.1 1.44814 0.477842
26.2 1.42485 0.50425
26.3 1.40061 0.530221
26.4 1.37532 0.555737
26.5 1.34882 0.580777
26.6 1.32093 0.605317
26.7 1.29143 0.62933
26.8 1.26006 0.652785
26.9 1.22644 0.675643
27 1.19011 0.697858
27.1 1.15045 0.719376
27.2 1.10656 0.740128
27.3 1.05723 0.760026
27.4 1.00062 0.778953
27.5 0.933902 0.796752
27.6 0.852504 0.813198
27.7 0.748546 0.827957
27.8 0.607483 0.840494
27.9 0.400461 0.849895
28 0.0678071 0.854464
28.1 -0.495209 0.850975
28.2 -1.28256 0.834708
28.3 -1.8265 0.805296
28.4 -1.97981 0.769661
28.5 -2.01215 0.732752
28.6 -2.01231 0.695701
28.7 -2.00355 0.658774
28.8 -1.99225 0.622044
28.9 -1.98018 0.585531
29 -1.9678 0.549243
29.1 -1.95524 0.513186
29.2 -1.94254 0.47736
29.3 -1.92969 0.441769
29.4 -1.91669 0.406416
29.5 -1.90354 0.371303
29.6 -1.89023 0.336434
29.7 -1.87676 0.30181
29.8 -1.86312 0.267436
29.9 -1.8493 0.233314
30 -1.8353 0.199447
30.1 -1.82111 0.16584
30.2 -1.80672 0.132496
30.3 -1.79211 0.0994178
30.4 -1.77729 0.0666103
30.5 -1.76223 0.0340774
30.6 -1.74694 0.00182343
30.7 -1.73138 -0.030147
30.8 -1.71556 -0.0618291
30.9 -1.69946 -0.0932177
31 -1.68305 -0.124308
31.1 -1.66633 -0.155093
31.2 -1.64927 -0.185568
31.3 -1.63184 -0.215726
31.4 -1.61403 -0.24556
31.5 -1.59581 -0.275063
31.6 -1.57714 -0.304227
31.7 -1.558 -0.333043
31.8 -1.53833 -0.361503
31.9 -1.51811 -0.389597
32 -1.49726 -0.417312
32.1 -1.47575 -0.444639
32.2 -1.45349 -0.471564
32.3 -1.43041 -0.498071
32.4 -1.40641 -0.524147
32.5 -1.38138 -0.549772
32.6 -1.35517 -0.574926
32.7 -1.32763 -0.599586
32.8 -1.29854 -0.623726
32.9 -1.26763 -0.647315
33 -1.23458 -0.670317
33.1 -1.19894 -0.692689
33.2 -1.16013 -0.714377
33.3 -1.11733 -0.735316
33.4 -1.06942 -0.755424
33.5 -1.01473 -0.774592
33.6 -0.950721 -0.792674
33.7 -0.87333 -0.809463
33.8 -0.775663 -0.824658
33.9 -0.645214 -0.837782
34 -0.457573 -0.848035
34.1 -0.162381 -0.853961
34.2 0.336386 -0.85277
34.3 1.09581 -0.839868
34.4 1.7444 -0.813079
34.5 1.9606 -0.778244
34.6 2.00893 -0.741469
34.7 2.01349 -0.704415
34.8 2.00595 -0.667449
34.9 1.99501 -0.630669
35 1.98306 -0.594104
35.1 1.97073 -0.557763
35.2 1.95821 -0.521651
35.3 1.94554 -0.485771
35.4 1.93272 -0.450124
35.5 1.91976 -0.414715
35.6 1.90665 -0.379545
35.7 1.89338 -0.344618
35.8 1.87995 -0.309937
35.9 1.86635 -0.275503
36 1.85257 -0.241322
36.1 1.83862 -0.207395
36.2 1.82447 -0.173726
36.3 1.81012 -0.14032
36.4 1.79557 -0.107179
36.5 1.7808 -0.0743071
36.6 1.7658 -0.0417092
36.7 1.75056 -0.00938923
36.8 1.73507 0.0226483
36.9 1.71931 0.0543987
37 1.70328 0.0858569
37.1 1.68694 0.117018
37.2 1.67029 0.147875
37.3 1.65331 0.178424
37.4 1.63598 0.208657
37.5 1.61826 0.238568
37.6 1.60014 0.268149
37.7 1.58158 0.297394
37.8 1.56255 0.326293
37.9 1.54301 0.354838
38 1.52292 0.383018
38.1 1.50223 0.410824
38.2 1.48088 0.438243
38.3 1.4588 0.465264
38.4 1.43592 0.491871
38.5 1.41215 0.51805
38.6 1.38737 0.543782
38.7 1.36145 0.569049
38.8 1.33424 0.593828
38.9 1.30553 0.618093
39 1.27508 0.641815
39.1 1.24257 0.664959
39.2 1.20759 0.687483
39.3 1.16958 0.709337
39.4 1.12782 0.730459
39.5 1.08124 0.750772
39.6 1.02833 0.770172
39.7 0.966806 0.788525
39.8 0.893049 0.805642
39.9 0.801005 0.821247
40 0.679873 0.834915
40.1 0.50893 0.845942
40.2 0.245783 0.853073
40.3 -0.19431 0.853912
40.4 -0.903534 0.844204
40.5 -1.63343 0.820414
40.6 -1.93362 0.786746
40.7 -2.00364 0.750178
40.8 -2.01409 0.713137
40.9 -2.00819 0.676137
41 -1.99772 0.639309
41.1 -1.98592 0.602692
41.2 -1.97366 0.566298
41.3 -1.96118 0.530132
41.4 -1.94854 0.494197
41.5 -1.93575 0.458495
41.6 -1.92283 0.42303
41.7 -1.90975 0.387803
41.8 -1.89652 0.352819
41.9 -1.88312 0.318079
42 -1.86956 0.283587
42.1 -1.85583 0.249346
42.2 -1.84192 0.215359
42.3 -1.82782 0.181629
42.4 -1.81352 0.148161
42.5 -1.79901 0.114957
42.6 -1.7843 0.0820213
42.7 -1.76935 0.0493586
42.8 -1.75417 0.0169728
42.9 -1.73874 -0.0151317
43 -1.72305 -0.0469501
43.1 -1.70708 -0.0784776
43.2 -1.69081 -0.109709
43.3 -1.67424 -0.140638
43.4 -1.65734 -0.17126
43.5 -1.64009 -0.201568
43.6 -1.62247 -0.231556
43.7 -1.60444 -0.261215
43.8 -1.58599 -0.29054
43.9 -1.56707 -0.319521
44 -1.54766 -0.34815
44.1 -1.5277 -0.376417
44.2 -1.50716 -0.404312
44.3 -1.48597 -0.431824
44.4 -1.46407 -0.458939
44.5 -1.44138 -0.485645
44.6 -1.41783 -0.511926
44.7 -1.3933 -0.537765
44.8 -1.36766 -0.563144
44.9 -1.34077 -0.58804
45 -1.31244 -0.612428
45.1 -1.28243 -0.636281
45.2 -1.25043 -0.659564
45.3 -1.21607 -0.682238
45.4 -1.17884 -0.704255
45.5 -1.13804 -0.725556
45.6 -1.0927 -0.746067
45.7 -1.04146 -0.765693
45.8 -0.982228 -0.784308
45.9 -0.91178 -0.801736
46 -0.824782 -0.817728
46.1 -0.711868 -0.831902
46.2 -0.555381 -0.843637
46.3 -0.319633 -0.851845
46.4 0.0684608 -0.854474
46.5 0.714929 -0.847711
46.6 1.49289 -0.827193
46.7 1.89607 -0.795128
46.8 1.9956 -0.75887
46.9 2.01393 -0.721866
47 2.01022 -0.684837
47.1 2.00037 -0.647964
47.2 1.98876 -0.611296
47.3 1.97657 -0.574849
47.4 1.96413 -0.538628
47.5 1.95153 -0.502638
47.6 1.93878 -0.466881
47.7 1.92588 -0.43136
47.8 1.91284 -0.396077
47.9 1.89965 -0.361036
48 1.88629 -0.326238
48.1 1.87277 -0.291687
48.2 1.85908 -0.257387
48.3 1.84521 -0.22334
48.4 1.83115 -0.189549
48.5 1.8169 -0.156019
48.6 1.80245 -0.122752
48.7 1.78778 -0.089753
48.8 1.77289 -0.0570258
48.9 1.75777 -0.0245744
49 1.7424 0.00759679
49.1 1.72677 0.039483
49.2 1.71086 0.0710795
49.3 1.69467 0.102381
49.4 1.67817 0.133382
49.5 1.66135 0.164077
49.6 1.64419 0.194459
49.7 1.62665 0.224523
49.8 1.60872 0.254261
49.9 1.59037 0.283665
50 1.57157 0.312728
50.1 1.55228 0.34144
50.2 1.53245 0.369794
50.3 1.51205 0.397777
50.4 1.49102 0.42538
50.5 1.46929 0.45259
50.6 1.4468 0.479394
50.7 1.42346 0.505776
50.8 1.39917 0.531721
50.9 1.37381 0.55721
51 1.34723 0.582222
51.1 1.31925 0.606732
51.2 1.28966 0.630714
51.3 1.25816 0.654134
51.4 1.2244 0.676956
51.5 1.1879 0.699133
51.6 1.14801 0.720608
51.7 1.10385 0.741313
51.8 1.05415 0.761157
51.9 0.997041 0.780023
52 0.929615 0.79775
52.1 0.847162 0.814109
52.2 0.74153 0.828756
52.3 0.597612 0.84114
52.4 0.385319 0.850316
52.5 0.0424629 0.854524
52.6 -0.537044 0.850421
52.7 -1.3268 0.833308
52.8 -1.84286 0.803312
52.9 -1.98358 0.767526
53 -2.01267 0.730593
53.1 -2.01194 0.693545
53.2 -2.00293 0.656628
53.3 -1.99156 0.619909
53.4 -1.97947 0.58341
53.5 -1.96707 0.547136
53.6 -1.95451 0.511091
53.7 -1.94179 0.475279
53.8 -1.92893 0.439702
53.9 -1.91593 0.404363
54 -1.90277 0.369264
54.1 -1.88945 0.334409
54.2 -1.87597 0.2998
54.3 -1.86232 0.26544
54.4 -1.84849 0.231333
54.5 -1.83448 0.197481
54.6 -1.82028 0.163889
54.7 -1.80587 0.13056
54.8 -1.79125 0.0974981
54.9 -1.77642 0.0647065
55 -1.76135 0.0321898
55.1 -1.74604 -4.77768e-05
55.2 -1.73047 -0.0320015
55.3 -1.71463 -0.0636666
55.4 -1.69851 -0.095038
55.5 -1.68209 -0.12611
55.6 -1.66534 -0.156878
55.7 -1.64826 -0.187334
55.8 -1.63081 -0.217474
55.9 -1.61298 -0.247289
56 -1.59473 -0.276772
56.1 -1.57604 -0.305916
56.2 -1.55686 -0.334712
56.3 -1.53717 -0.363151
56.4 -1.51691 -0.391222
56.5 -1.49603 -0.418916
56.6 -1.47447 -0.44622
56.7 -1.45217 -0.47312
56.8 -1.42904 -0.499603
56.9 -1.40498 -0.525653
57 -1.37988 -0.551251
57.1 -1.35361 -0.576377
57.2 -1.32598 -0.601008
57.3 -1.29679 -0.625117
57.4 -1.26577 -0.648673
57.5 -1.23258 -0.671639
57.6 -1.19677 -0.693972
57.7 -1.15775 -0.715618
57.8 -1.11469 -0.736512
57.9 -1.06644 -0.756568
58 -1.01129 -0.775677
58.1 -0.946628 -0.79369
58.2 -0.868281 -0.810396
58.3 -0.769123 -0.825486
58.4 -0.636175 -0.838469
58.5 -0.444003 -0.848519
58.6 -0.14007 -0.854123
58.7 0.374161 -0.852389
58.8 1.14296 -0.838666
58.9 1.76729 -0.811189
59 1.966 -0.776125
59.1 2.0099 -0.739312
59.2 2.01324 -0.702257
59.3 2.00537 -0.6653
59.4 1.99433 -0.628532
59.5 1.98235 -0.59198
59.6 1.97001 -0.555652
59.7 1.95748 -0.519554
59.8 1.9448 -0.483687
59.9 1.93197 -0.448054
60 1.919 -0.412659
60.1 1.90588 -0.377503
60.2 1.8926 -0.34259
60.3 1.87916 -0.307923
60.4 1.86555 -0.273504
60.5 1.85176 -0.239337
60.6 1.8378 -0.205425
60.7 1.82364 -0.171772
60.8 1.80928 -0.138381
60.9 1.79471 -0.105255
61 1.77993 -0.0723998
61.1 1.76492 -0.0398179
61.2 1.74966 -0.00751427
61.3 1.73416 0.0245067
61.4 1.71839 0.0562402
61.5 1.70233 0.0876812
61.6 1.68598 0.118824
61.7 1.66931 0.149664
61.8 1.65231 0.180194
61.9 1.63495 0.210409
62 1.61721 0.240301
62.1 1.59907 0.269863
62.2 1.58048 0.299088
62.3 1.56142 0.327966
62.4 1.54185 0.35649
62.5 1.52173 0.384649
62.6 1.501 0.412433
62.7 1.47961 0.439829
62.8 1.45749 0.466826
62.9 1.43456 0.493409
63 1.41073 0.519562
63.1 1.38589 0.545268
63.2 1.3599 0.570507
63.3 1.33261 0.595256
63.4 1.30381 0.619491
63.5 1.27325 0.64318
63.6 1.24061 0.666289
63.7 1.20546 0.688775
63.8 1.16726 0.710589
63.9 1.12524 0.731666
64 1.07834 0.751928
64.1 1.02501 0.771272
64.2 0.962887 0.789559
64.3 0.888263 0.806596
64.4 0.794883 0.822102
64.5 0.671553 0.835639
64.6 0.4967 0.846481
64.7 0.22608 0.853326
64.8 -0.227941 0.853686
64.9 -0.951132 0.843208
65 -1.66372 0.818646
65.1 -1.94115 0.78465
65.2 -2.00517 0.748022
65.3 -2.014 0.710977
65.4 -2.00765 0.673984
65.5 -1.99706 0.637168
65.6 -1.98521 0.600564
65.7 -1.97293 0.564183
65.8 -1.96044 0.52803
65.9 -1.9478 0.492109
66 -1.935 0.456421
66.1 -1.92207 0.420969
66.2 -1.90898 0.385757
66.3 -1.89574 0.350787
66.4 -1.88234 0.316061
66.5 -1.86877 0.281584
66.6 -1.85502 0.247357
66.7 -1.8411 0.213385
66.8 -1.82699 0.179671
66.9 -1.81268 0.146217
67 -1.79816 0.113029
67.1 -1.78343 0.0801094
67.2 -1.76847 0.0474627
67.3 -1.75328 0.0150932
67.4 -1.73783 -0.0169948
67.5 -1.72212 -0.0487964
67.6 -1.70614 -0.0803067
67.7 -1.68986 -0.11152
67.8 -1.67327 -0.142432
67.9 -1.65635 -0.173036
68 -1.63907 -0.203325
68.1 -1.62143 -0.233294
68.2 -1.60338 -0.262934
68.3 -1.5849 -0.292239
68.4 -1.56595 -0.3212
68.5 -1.54651 -0.349808
68.6 -1.52652 -0.378054
68.7 -1.50594 -0.405927
68.8 -1.48471 -0.433416
68.9 -1.46277 -0.460508
69 -1.44004 -0.487189
69.1 -1.41643 -0.513445
69.2 -1.39184 -0.539258
69.3 -1.36613 -0.564609
69.4 -1.33916 -0.589476
69.5 -1.31074 -0.613834
69.6 -1.28062 -0.637655
69.7 -1.2485 -0.660904
69.8 -1.21399 -0.683541
69.9 -1.17657 -0.705518
70 -1.13553 -0.726775
70.1 -1.0899 -0.747237
70.2 -1.03825 -0.766808
70.3 -0.978467 -0.785358
70.4 -0.907228 -0.802711
70.5 -0.81903 -0.818609
70.6 -0.704174 -0.832661
70.7 -0.544296 -0.844227
70.8 -0.302156 -0.852179
70.9 0.0981757 -0.854385
71 0.760862 -0.846918
71.1 1.5303 -0.825572
71.2 1.90659 -0.793067
71.3 1.9979 -0.75672
71.4 2.01405 -0.719704
71.5 2.00974 -0.682682
71.6 1.99972 -0.64582
71.7 1.98805 -0.609164
71.8 1.97585 -0.57273
71.9 1.9634 -0.536523
72 1.95079 -0.500547
72.1 1.93803 -0.464804
72.2 1.92513 -0.429296
72.3 1.91208 -0.394027
72.4 1.89887 -0.359
72.5 1.88551 -0.324216
72.6 1.87198 -0.28968
72.7 1.85828 -0.255394
72.8 1.8444 -0.221362
72.9 1.83033 -0.187587
73 1.81607 -0.154071
73.1 1.8016 -0.12082
73.2 1.78692 -0.0878371
73.3 1.77202 -0.0551258
73.4 1.75688 -0.0226906
73.5 1.74149 0.00946408
73.6 1.72585 0.0413336
73.7 1.70993 0.0729129
73.8 1.69372 0.104197
73.9 1.6772 0.13518
74 1.66036 0.165857
74.1 1.64317 0.196221
74.2 1.62562 0.226266
74.3 1.60766 0.255984
74.4 1.58929 0.285369
74.5 1.57046 0.314412
74.6 1.55113 0.343104
74.7 1.53128 0.371436
74.8 1.51084 0.399397
74.9 1.48977 0.426978
75 1.468 0.454164
75.1 1.44546 0.480944
75.2 1.42207 0.507301
75.3 1.39772 0.53322
75.4 1.37229 0.558682
75.5 1.34564 0.583665
75.6 1.31758 0.608145
75.7 1.28788 0.632095
75.8 1.25626 0.655482
75.9 1.22235 0.678267
76 1.18567 0.700405
76.1 1.14556 0.721838
76.2 1.10112 0.742495
76.3 1.05105 0.762286
76.4 0.993427 0.78109
76.5 0.925278 0.798745
76.6 0.841743 0.815014
76.7 0.734387 0.829547
76.8 0.587516 0.841775
76.9 0.369748 0.850721
77 0.0163017 0.854555
77.1 -0.579813 0.849821
77.2 -1.36993 0.831861
77.3 -1.85786 0.801309
77.4 -1.98701 0.765387
77.5 -2.01311 0.728432
77.6 -2.01155 0.691388
77.7 -2.00231 0.654482
77.8 -1.99087 0.617776
77.9 -1.97875 0.581289
78 -1.96635 0.545028
78.1 -1.95377 0.508997
78.2 -1.94105 0.473199
78.3 -1.92818 0.437636
78.4 -1.91516 0.40231
78.5 -1.902 0.367226
78.6 -1.88867 0.332385
78.7 -1.87518 0.29779
78.8 -1.86152 0.263445
78.9 -1.84768 0.229353
79 -1.83366 0.195516
79.1 -1.81944 0.161939
79.2 -1.80502 0.128626
79.3 -1.7904 0.0955792
79.4 -1.77555 0.0628035
79.5 -1.76046 0.0303029
79.6 -1.74514 -0.00191822
79.7 -1.72955 -0.0338553
79.8 -1.7137 -0.0655034
79.9 -1.69756 -0.0968575
80 -1.68112 -0.127912
80.1 -1.66436 -0.158662
80.2 -1.64725 -0.1891
80.3 -1.62979 -0.219221
80.4 -1.61193 -0.249016
80.5 -1.59366 -0.27848
80.6 -1.57494 -0.307604
80.7 -1.55573 -0.33638
80.8 -1.536 -0.364797
80.9 -1.51571 -0.392847
81 -1.49479 -0.420518
81.1 -1.47319 -0.447799
81.2 -1.45084 -0.474676
81.3 -1.42766 -0.501134
81.4 -1.40355 -0.527158
81.5 -1.37839 -0.552729
81.6 -1.35203 -0.577826
81.7 -1.32432 -0.602428
81.8 -1.29503 -0.626505
81.9 -1.2639 -0.650028
82 -1.23057 -0.672959
82.1 -1.19459 -0.695253
82.2 -1.15536 -0.716858
82.3 -1.11204 -0.737705
82.4 -1.06343 -0.757709
82.5 -1.00781 -0.776759
82.6 -0.942488 -0.794702
82.7 -0.863162 -0.811324
82.8 -0.76247 -0.826306
82.9 -0.62694 -0.839146
83 -0.430067 -0.848987
83.1 -0.117048 -0.854261
83.2 0.412968 -0.851967
83.3 1.18961 -0.837414
83.4 1.78844 -0.809274
83.5 1.97096 -0.774002
83.6 2.01075 -0.737153
83.7 2.01297 -0.700099
83.8 2.00478 -0.663152
83.9 1.99365 -0.626396
84 1.98163 -0.589857
84.1 1.96928 -0.553542
84.2 1.95674 -0.517457
84.3 1.94405 -0.481604
84.4 1.93122 -0.445985
84.5 1.91824 -0.410603
84.6 1.90511 -0.375462
84.7 1.89182 -0.340563
84.8 1.87837 -0.30591
84.9 1.86475 -0.271506
85 1.85095 -0.237354
85.1 1.83698 -0.203457
85.2 1.82281 -0.169819
85.3 1.80844 -0.136443
85.4 1.79386 -0.103333
85.5 1.77906 -0.0704934
85.6 1.76403 -0.0379277
85.7 1.74877 -0.00564036
85.8 1.73325 0.026364
85.9 1.71746 0.0580806
86 1.70139 0.0895044
86.1 1.68502 0.12063
86.2 1.66833 0.151452
86.3 1.65131 0.181964
86.4 1.63393 0.21216
86.5 1.61617 0.242033
86.6 1.598 0.271576
86.7 1.57938 0.30078
86.8 1.5603 0.329639
86.9 1.5407 0.358141
87 1.52054 0.386279
87.1 1.49977 0.41404
87.2 1.47834 0.441414
87.3 1.45618 0.468387
87.4 1.4332 0.494945
87.5 1.40931 0.521072
87.6 1.38441 0.546752
87.7 1.35835 0.571963
87.8 1.33098 0.596683
87.9 1.30208 0.620887
88 1.27141 0.644543
88.1 1.23863 0.667617
88.2 1.20333 0.690066
88.3 1.16493 0.711838
88.4 1.12266 0.73287
88.5 1.07543 0.753082
88.6 1.02166 0.772368
88.7 0.958927 0.790588
88.8 0.883414 0.807545
88.9 0.788663 0.82295
89 0.663065 0.836354
89.1 0.484159 0.847007
89.2 0.205769 0.853558
89.3 -0.262585 0.853423
89.4 -0.998834 0.842161
89.5 -1.69215 0.816845
89.6 -1.94808 0.782547
89.7 -2.00655 0.745866
89.8 -2.01387 0.708816
89.9 -2.0071 0.671832
90 -1.99639 0.635028
90.1 -1.9845 0.598437
90.2 -1.97221 0.562069
90.3 -1.95971 0.52593
90.4 -1.94705 0.490022
90.5 -1.93425 0.454347
90.6 -1.92131 0.41891
90.7 -1.90821 0.383712
90.8 -1.89496 0.348755
90.9 -1.88155 0.314044
91 -1.86797 0.279581
91.1 -1.85422 0.24537
91.2 -1.84028 0.211412
91.3 -1.82616 0.177713
91.4 -1.81184 0.144275
91.5 -1.79731 0.111102
91.6 -1.78256 0.0781986
91.7 -1.76759 0.0455679
91.8 -1.75238 0.0132147
91.9 -1.73692 -0.0188567
92 -1.7212 -0.0506414
92.1 -1.7052 -0.0821346
92.2 -1.6889 -0.113331
92.3 -1.67229 -0.144225
92.4 -1.65535 -0.17481
92.5 -1.63806 -0.205081
92.6 -1.62038 -0.235031
92.7 -1.60231 -0.264652
92.8 -1.58381 -0.293937
92.9 -1.56483 -0.322878
93 -1.54536 -0.351465
93.1 -1.52534 -0.379689
93.2 -1.50472 -0.40754
93.3 -1.48345 -0.435006
93.4 -1.46146 -0.462075
93.5 -1.43868 -0.488732
93.6 -1.41502 -0.514962
93.7 -1.39037 -0.540749
93.8 -1.3646 -0.566072
93.9 -1.33755 -0.59091
94 -1.30903 -0.615238
94.1 -1.2788 -0.639026
94.2 -1.24656 -0.66224
94.3 -1.21189 -0.684841
94.4 -1.17428 -0.706777
94.5 -1.13301 -0.72799
94.6 -1.08707 -0.748404
94.7 -1.03501 -0.767919
94.8 -0.974669 -0.786405
94.9 -0.902621 -0.803681
95 -0.81319 -0.819484
95.1 -0.696333 -0.833412
95.2 -0.532943 -0.844804
95.3 -0.28416 -0.852493
95.4 0.128829 -0.854263
95.5 0.807372 -0.846076
95.6 1.56604 -0.823912
95.7 1.91625 -0.790996
95.8 1.99999 -0.754568
95.9 2.01412 -0.717543
96 2.00925 -0.680527
96.1 1.99907 -0.643676
96.2 1.98735 -0.607033
96.3 1.97513 -0.570612
96.4 1.96267 -0.534419
96.5 1.95005 -0.498456
96.6 1.93728 -0.462726
96.7 1.92437 -0.427233
96.8 1.91131 -0.391978
96.9 1.8981 -0.356965
97 1.88472 -0.322196
97.1 1.87118 -0.287674
97.2 1.85747 -0.253403
97.3 1.84358 -0.219385
97.4 1.8295 -0.185625
97.5 1.81523 -0.152125
97.6 1.80075 -0.118889
97.7 1.78606 -0.085922
97.8 1.77114 -0.0532267
97.9 1.75599 -0.0208077
98 1.74059 0.0113304
98.1 1.72493 0.0431831
98.2 1.70899 0.0747454
98.3 1.69276 0.106012
98.4 1.67623 0.136978
98.5 1.65937 0.167637
98.6 1.64216 0.197982
98.7 1.62458 0.228008
98.8 1.60661 0.257707
98.9 1.5882 0.287072
99 1.56935 0.316095
99.1 1.54999 0.344766
99.2 1.5301 0.373077
99.3 1.50963 0.401016
99.4 1.48852 0.428574
99.5 1.46671 0.455737
99.6 1.44412 0.482493
99.7 1.42068 0.508825
99.8 1.39627 0.534718
99.9 1.37077 0.560152
100 1.34404 0.585106
100.1 1.31589 0.609557
100.2 1.28609 0.633475
100.3 1.25435 0.656828
100.4 1.2203 0.679577
100.5 1.18344 0.701675
100.6 1.1431 0.723064
100.7 1.09837 0.743674
100.8 1.04792 0.763411
100.9 0.989778 0.782153
101 0.92089 0.799734
101.1 0.836244 0.815914
101.2 0.727114 0.83033
101.3 0.577188 0.8424
101.4 0.353732 0.851109
101.5 -0.0107022 0.854559
101.6 -0.623465 0.849175
101.7 -1.41183 0.830369
101.8 -1.87158 0.79929
101.9 -1.99013 0.763245
102 -2.01346 0.726271
102.1 -2.01114 0.689232
102.2 -2.00168 0.652336
102.3 -1.99018 0.615642
102.4 -1.97803 0.579169
102.5 -1.96562 0.542921
102.6 -1.95303 0.506904
102.7 -1.9403 0.471119
102.8 -1.92742 0.43557
102.9 -1.9144 0.400258
103 -1.90122 0.365188
103.1 -1.88789 0.330361
103.2 -1.87439 0.295781
103.3 -1.86072 0.26145
103.4 -1.84687 0.227373
103.5 -1.83284 0.193552
103.6 -1.81861 0.15999
103.7 -1.80418 0.126692
103.8 -1.78954 0.093661
103.9 -1.77467 0.0609012
104 -1.75958 0.0284168
104.1 -1.74424 -0.00378791
104.2 -1.72864 -0.0357083
104.3 -1.71277 -0.0673394
104.4 -1.69661 -0.0986762
104.5 -1.68015 -0.129713
104.6 -1.66337 -0.160445
104.7 -1.64625 -0.190865
104.8 -1.62876 -0.220967
104.9 -1.61088 -0.250743
105 -1.59258 -0.280188
105.1 -1.57383 -0.309291
105.2 -1.5546 -0.338046
105.3 -1.53484 -0.366443
105.4 -1.51451 -0.394471
105.5 -1.49355 -0.42212
105.6 -1.47191 -0.449377
105.7 -1.44952 -0.47623
105.8 -1.42628 -0.502663
105.9 -1.40211 -0.528661
106 -1.37688 -0.554205
106.1 -1.35046 -0.579274
106.2 -1.32266 -0.603846
106.3 -1.29327 -0.627892
106.4 -1.26202 -0.651381
106.5 -1.22855 -0.674276
106.6 -1.1924 -0.696532
106.7 -1.15296 -0.718095
106.8 -1.10936 -0.738895
106.9 -1.0604 -0.758847
107 -1.0043 -0.777837
107.1 -0.938301 -0.79571
107.2 -0.857972 -0.812246
107.3 -0.755701 -0.82712
107.4 -0.617504 -0.839813
107.5 -0.415749 -0.84944
107.6 -0.0932881 -0.854374
107.7 0.452794 -0.851503
107.8 1.23563 -0.836112
107.9 1.80793 -0.807334
108 1.97551 -0.771875
108.1 2.01149 -0.734995
108.2 2.01266 -0.697941
108.3 2.00418 -0.661004
108.4 1.99297 -0.62426
108.5 1.98092 -0.587734
108.6 1.96856 -0.551433
108.7 1.95601 -0.515361
108.8 1.94331 -0.479521
108.9 1.93047 -0.443916
109 1.91748 -0.408549
109.1 1.90434 -0.373421
109.2 1.89104 -0.338537
109.3 1.87758 -0.303898
109.4 1.86395 -0.269509
109.5 1.85015 -0.235372
109.6 1.83616 -0.20149
109.7 1.82197 -0.167867
109.8 1.80759 -0.134506
109.9 1.793 -0.101412
110 1.77819 -0.068588
110.1 1.76315 -0.0360384
110.2 1.74787 -0.00376741
110.3 1.73233 0.0282203
110.4 1.71653 0.05992
110.5 1.70044 0.0913265
110.6 1.68405 0.122435
110.7 1.66735 0.153239
110.8 1.65031 0.183733
110.9 1.63291 0.21391
111 1.61512 0.243764
111.1 1.59692 0.273287
111.2 1.57828 0.302472
111.3 1.55917 0.33131
111.4 1.53954 0.359791
111.5 1.51935 0.387907
111.6 1.49854 0.415646
111.7 1.47707 0.442997
111.8 1.45486 0.469946
111.9 1.43183 0.496479
112 1.40789 0.522581
112.1 1.38292 0.548234
112.2 1.35679 0.573417
112.3 1.32934 0.598108
112.4 1.30034 0.622281
112.5 1.26956 0.645904
112.6 1.23665 0.668943
112.7 1.20118 0.691354
112.8 1.16258 0.713085
112.9 1.12005 0.734072
113 1.07249 0.754233
113.1 1.01827 0.773461
113.2 0.954924 0.791613
113.3 0.878501 0.808489
113.4 0.78234 0.823792
113.5 0.654402 0.837059
113.6 0.471292 0.847519
113.7 0.184826 0.853767
113.8 -0.298253 0.853123
113.9 -1.0465 0.841063
114 -1.71873 0.815013
114.1 -1.95448 0.780439
114.2 -2.00779 0.74371
114.3 -2.0137 0.706657
114.4 -2.00654 0.669682
114.5 -1.99571 0.632889
114.6 -1.98379 0.596311
114.7 -1.97149 0.559956
114.8 -1.95898 0.52383
114.9 -1.94631 0.487936
115 -1.9335 0.452275
115.1 -1.92055 0.416851
115.2 -1.90745 0.381667
115.3 -1.89419 0.346725
115.4 -1.88076 0.312029
115.5 -1.86717 0.27758
115.6 -1.85341 0.243383
115.7 -1.83947 0.209441
115.8 -1.82533 0.175757
115.9 -1.811 0.142334
116 -1.79646 0.109177
116.1 -1.7817 0.0762889
116.2 -1.76671 0.0436744
116.3 -1.75149 0.0113374
116.4 -1.73601 -0.0207174
116.5 -1.72027 -0.0524853
116.6 -1.70425 -0.0839613
116.7 -1.68794 -0.11514
116.8 -1.67131 -0.146016
116.9 -1.65435 -0.176584
117 -1.63704 -0.206836
117.1 -1.61934 -0.236767
117.2 -1.60125 -0.266369
117.3 -1.58271 -0.295634
117.4 -1.56371 -0.324554
117.5 -1.54421 -0.35312
117.6 -1.52415 -0.381323
117.7 -1.5035 -0.409152
117.8 -1.48219 -0.436595
117.9 -1.46016 -0.46364
118 -1.43733 -0.490273
118.1 -1.41361 -0.516478
118.2 -1.3889 -0.542238
118.3 -1.36306 -0.567533
118.4 -1.33593 -0.592343
118.5 -1.30732 -0.61664
118.6 -1.27698 -0.640395
118.7 -1.24461 -0.663575
118.8 -1.20979 -0.686138
118.9 -1.17198 -0.708034
119 -1.13047 -0.729203
119.1 -1.08422 -0.749567
119.2 -1.03175 -0.769026
119.3 -0.970832 -0.787447
119.4 -0.897956 -0.804646
119.5 -0.807261 -0.820352
119.6 -0.68834 -0.834154
119.7 -0.521313 -0.845369
119.8 -0.265625 -0.852788
119.9 0.160444 -0.854109
120 0.854359 -0.845184
120.1 1.60003 -0.822215
120.2 1.92513 -0.788915
120.3 2.00188 -0.752415
120.4 2.01413 -0.715381
120.5 2.00874 -0.678373
120.6 1.99841 -0.641533
120.7 1.98665 -0.604903
120.8 1.97441 -0.568496
120.9 1.96194 -0.532315
121 1.94931 -0.496366
121.1 1.93653 -0.46065
121.2 1.92361 -0.42517
121.3 1.91054 -0.38993
121.4 1.89732 -0.35493
121.5 1.88394 -0.320176
121.6 1.87039 -0.285669
121.7 1.85667 -0.251412
121.8 1.84277 -0.217409
121.9 1.82868 -0.183664
122 1.81439 -0.15018
122.1 1.7999 -0.11696
122.2 1.78519 -0.0840079
122.3 1.77026 -0.0513286
122.4 1.7551 -0.0189259
122.5 1.73968 0.0131958
122.6 1.724 0.0450317
122.7 1.70805 0.0765769
122.8 1.69181 0.107826
122.9 1.67526 0.138774
123 1.65837 0.169415
123.1 1.64115 0.199742
123.2 1.62354 0.229749
123.3 1.60554 0.259429
123.4 1.58712 0.288774
123.5 1.56823 0.317776
123.6 1.54885 0.346427
123.7 1.52893 0.374716
123.8 1.50842 0.402634
123.9 1.48727 0.430169
124 1.46541 0.457309
124.1 1.44278 0.48404
124.2 1.41928 0.510347
124.3 1.39481 0.536214
124.4 1.36925 0.561621
124.5 1.34244 0.586546
124.6 1.3142 0.610966
124.7 1.2843 0.634853
124.8 1.25243 0.658171
124.9 1.21823 0.680884
125 1.18119 0.702942
125.1 1.14062 0.724288
125.2 1.0956 0.74485
125.3 1.04476 0.764532
125.4 0.986093 0.783212
125.5 0.916448 0.800719
125.6 0.830664 0.816807
125.7 0.719707 0.831106
125.8 0.566619 0.843013
125.9 0.337253 0.85148
126 -0.0385738 0.854533
126.1 -0.667944 0.848482
126.2 -1.45237 0.828833
126.3 -1.88414 0.797255
126.4 -1.99295 0.7611
126.5 -2.01373 0.72411
126.6 -2.0107 0.687076
126.7 -2.00104 0.650191
126.8 -1.98948 0.61351
126.9 -1.97731 0.577049
127 -1.96489 0.540815
127.1 -1.95229 0.504811
127.2 -1.93955 0.46904
127.3 -1.92667 0.433504
127.4 -1.91364 0.398207
127.5 -1.90045 0.363151
127.6 -1.88711 0.328338
127.7 -1.8736 0.293772
127.8 -1.85992 0.259457
127.9 -1.84606 0.225394
128 -1.83201 0.191588
128.1 -1.81777 0.158041
128.2 -1.80333 0.124759
128.3 -1.78868 0.0917435
128.4 -1.7738 0.0589996
128.5 -1.75869 0.0265314
128.6 -1.74333 -0.00565686
128.7 -1.72772 -0.0375605
128.8 -1.71183 -0.0691746
128.9 -1.69566 -0.100494
129 -1.67918 -0.131513
129.1 -1.66238 -0.162227
129.2 -1.64524 -0.192629
129.3 -1.62772 -0.222712
129.4 -1.60982 -0.252469
129.5 -1.5915 -0.281894
129.6 -1.57272 -0.310978
129.7 -1.55346 -0.339712
129.8 -1.53367 -0.368087
129.9 -1.5133 -0.396093
130 -1.49231 -0.42372
130.1 -1.47063 -0.450954
130.2 -1.44819 -0.477782
130.3 -1.4249 -0.504191
130.4 -1.40067 -0.530163
130.5 -1.37538 -0.55568
130.6 -1.34888 -0.580721
130.7 -1.32099 -0.605263
130.8 -1.2915 -0.629277
130.9 -1.26013 -0.652733
131 -1.22652 -0.675592
131.1 -1.1902 -0.697809
131.2 -1.15054 -0.719329
131.3 -1.10667 -0.740083
131.4 -1.05735 -0.759982
131.5 -1.00076 -0.778912
131.6 -0.934066 -0.796713
131.7 -0.852708 -0.813163
131.8 -0.748813 -0.827926
131.9 -0.607858 -0.840469
132 -0.401035 -0.849878
132.1 -0.068765 -0.854461
132.2 0.49362 -0.850995
132.3 1.28084 -0.834761
132.4 1.82584 -0.805371
132.5 1.97966 -0.769743
132.6 2.01212 -0.732835
132.7 2.01232 -0.695784
132.8 2.00357 -0.658857
132.9 1.99228 -0.622126
133 1.98021 -0.585612
133.1 1.96783 -0.549324
133.2 1.95527 -0.513266
133.3 1.94257 -0.47744
133.4 1.92972 -0.441849
133.5 1.91672 -0.406495
133.6 1.90357 -0.371382
133.7 1.89026 -0.336511
133.8 1.87679 -0.301887
133.9 1.86315 -0.267512
134 1.84934 -0.23339
134.1 1.83533 -0.199523
134.2 1.82114 -0.165915
134.3 1.80675 -0.13257
134.4 1.79215 -0.0994915
134.5 1.77732 -0.0666834
134.6 1.76227 -0.0341499
134.7 1.74697 -0.00189535
134.8 1.73142 0.0300757
134.9 1.7156 0.0617584
135 1.69949 0.0931478
135.1 1.68309 0.124238
135.2 1.66637 0.155024
135.3 1.6493 0.1855
135.4 1.63188 0.215659
135.5 1.61407 0.245494
135.6 1.59585 0.274997
135.7 1.57718 0.304162
135.8 1.55804 0.332979
135.9 1.53838 0.36144
136 1.51815 0.389534
136.1 1.49731 0.417251
136.2 1.4758 0.444578
136.3 1.45354 0.471504
136.4 1.43046 0.498013
136.5 1.40647 0.524089
136.6 1.38143 0.549715
136.7 1.35523 0.57487
136.8 1.32769 0.599531
136.9 1.2986 0.623673
137 1.2677 0.647263
137.1 1.23466 0.670267
137.2 1.19902 0.692639
137.3 1.16022 0.714329
137.4 1.11743 0.73527
137.5 1.06954 0.75538
137.6 1.01486 0.77455
137.7 0.950877 0.792634
137.8 0.873522 0.809427
137.9 0.775912 0.824626
138 0.645558 0.837756
138.1 0.458087 0.848017
138.2 0.163225 0.853954
138.3 -0.334955 0.852783
138.4 -1.09399 0.839913
138.5 -1.74348 0.813151
138.6 -1.96038 0.778325
138.7 -2.00889 0.741552
138.8 -2.01349 0.704498
138.9 -2.00597 0.667532
139 -1.99504 0.630751
139.1 -1.98309 0.594186
139.2 -1.97076 0.557844
139.3 -1.95824 0.521732
139.4 -1.94557 0.485851
139.5 -1.93275 0.450204
139.6 -1.91979 0.414794
139.7 -1.90668 0.379624
139.8 -1.89341 0.344696
139.9 -1.87998 0.310014
140 -1.86638 0.27558
140.1 -1.8526 0.241398
140.2 -1.83865 0.207471
140.3 -1.8245 0.173801
140.4 -1.81015 0.140394
140.5 -1.7956 0.107253
140.6 -1.78083 0.0743804
140.7 -1.76583 0.0417819
140.8 -1.75059 0.0094613
140.9 -1.7351 -0.0225769
141 -1.71935 -0.0543279
141.1 -1.70331 -0.0857868
141.2 -1.68698 -0.116948
141.3 -1.67033 -0.147806
141.4 -1.65335 -0.178356
141.5 -1.63602 -0.20859
141.6 -1.6183 -0.238501
141.7 -1.60018 -0.268084
141.8 -1.58162 -0.297329
141.9 -1.56259 -0.326229
142 -1.54305 -0.354774
142.1 -1.52296 -0.382955
142.2 -1.50227 -0.410762
142.3 -1.48093 -0.438182
142.4 -1.45885 -0.465204
142.5 -1.43597 -0.491812
142.6 -1.4122 -0.517992
142.7 -1.38743 -0.543725
142.8 -1.36151 -0.568993
142.9 -1.3343 -0.593773
143 -1.3056 -0.618039
143.1 -1.27515 -0.641763
143.2 -1.24265 -0.664908
143.3 -1.20767 -0.687433
143.4 -1.16967 -0.709289
143.5 -1.12791 -0.730413
143.6 -1.08135 -0.750727
143.7 -1.02846 -0.77013
143.8 -0.966956 -0.788485
143.9 -0.893232 -0.805605
144 -0.801238 -0.821214
144.1 -0.680189 -0.834887
144.2 -0.509394 -0.845921
144.3 -0.246528 -0.853063
144.4 0.193038 -0.85392
144.5 0.901709 -0.844241
144.6 1.63223 -0.820482
144.7 1.93332 -0.786826
144.8 2.00358 -0.750261
144.9 2.01409 -0.71322
145 2.00821 -0.676219
145.1 1.99775 -0.639391
145.2 1.98594 -0.602774
145.3 1.97368 -0.56638
145.4 1.9612 -0.530213
145.5 1.94857 -0.494277
145.6 1.93578 -0.458575
145.7 1.92286 -0.423109
145.8 1.90978 -0.387882
145.9 1.89655 -0.352897
146 1.88315 -0.318157
146.1 1.86959 -0.283664
146.2 1.85586 -0.249422
146.3 1.84195 -0.215435
146.4 1.82785 -0.181704
146.5 1.81355 -0.148235
146.6 1.79905 -0.115031
146.7 1.78433 -0.0820948
146.8 1.76938 -0.0494315
146.9 1.7542 -0.017045
147 1.73877 0.0150601
147.1 1.72308 0.0468792
147.2 1.70711 0.0784073
147.3 1.69085 0.109639
147.4 1.67428 0.140569
147.5 1.65738 0.171192
147.6 1.64013 0.201501
147.7 1.62251 0.231489
147.8 1.60448 0.261149
147.9 1.58603 0.290475
148 1.56711 0.319457
148.1 1.5477 0.348086
148.2 1.52775 0.376354
148.3 1.5072 0.40425
148.4 1.48601 0.431762
148.5 1.46412 0.458879
148.6 1.44144 0.485586
148.7 1.41788 0.511868
148.8 1.39335 0.537708
148.9 1.36772 0.563087
149 1.34084 0.587984
149.1 1.3125 0.612374
149.2 1.28249 0.636228
149.3 1.25051 0.659513
149.4 1.21615 0.682188
149.5 1.17893 0.704207
149.6 1.13813 0.72551
149.7 1.09281 0.746022
149.8 1.04158 0.76565
149.9 0.982371 0.784267
150 0.911954 0.801699
150.1 0.825001 0.817695
150.2 0.712161 0.831873
150.3 0.555802 0.843615
150.4 0.320295 0.851832
150.5 -0.0673374 0.854476
150.6 -0.713177 0.84774
150.7 -1.49142 0.827254
150.8 -1.89565 0.795207
150.9 -1.9955 0.758952
151 -2.01392 0.721949
151.1 -2.01024 0.68492
151.2 -2.0004 0.648046
151.3 -1.98878 0.611378
151.4 -1.9766 0.57493
151.5 -1.96416 0.538709
151.6 -1.95156 0.502719
151.7 -1.93881 0.466961
151.8 -1.92591 0.43144
151.9 -1.91287 0.396156
152 -1.89968 0.361114
152.1 -1.88632 0.326316
152.2 -1.8728 0.291765
152.3 -1.85911 0.257463
152.4 -1.84524 0.223416
152.5 -1.83119 0.189624
152.6 -1.81694 0.156093
152.7 -1.80248 0.122826
152.8 -1.78781 0.0898267
152.9 -1.77292 0.0570988
153 -1.7578 0.0246468
153.1 -1.74243 -0.00752502
153.2 -1.7268 -0.0394119
153.3 -1.7109 -0.071009
153.4 -1.69471 -0.102311
153.5 -1.67821 -0.133313
153.6 -1.66139 -0.164008
153.7 -1.64422 -0.194392
153.8 -1.62669 -0.224456
153.9 -1.60876 -0.254194
154 -1.59041 -0.283599
154.1 -1.57161 -0.312663
154.2 -1.55232 -0.341376
154.3 -1.5325 -0.36973
154.4 -1.5121 -0.397715
154.5 -1.49107 -0.425319
154.6 -1.46934 -0.452529
154.7 -1.44685 -0.479334
154.8 -1.42351 -0.505718
154.9 -1.39923 -0.531663
155 -1.37387 -0.557153
155.1 -1.34729 -0.582166
155.2 -1.31932 -0.606678
155.3 -1.28973 -0.630661
155.4 -1.25824 -0.654083
155.5 -1.22448 -0.676906
155.6 -1.18798 -0.699084
155.7 -1.14811 -0.720561
155.8 -1.10396 -0.741267
155.9 -1.05427 -0.761114
156 -0.997179 -0.779982
156.1 -0.929781 -0.797712
156.2 -0.847369 -0.814074
156.3 -0.741802 -0.828725
156.4 -0.597995 -0.841116
156.5 -0.385909 -0.8503
156.6 -0.0434518 -0.854522
156.7 0.535419 -0.850443
156.8 1.32512 -0.833363
156.9 1.84226 -0.803388
157 1.98344 -0.767608
157.1 2.01266 -0.730676
157.2 2.01196 -0.693628
157.3 2.00295 -0.65671
157.4 1.99159 -0.619991
157.5 1.97949 -0.583491
157.6 1.9671 -0.547217
157.7 1.95454 -0.511172
157.8 1.94182 -0.475359
157.9 1.92896 -0.439782
158 1.91596 -0.404442
158.1 1.9028 -0.369343
158.2 1.88948 -0.334487
158.3 1.876 -0.299877
158.4 1.86235 -0.265517
158.5 1.84852 -0.231409
158.6 1.83451 -0.197557
158.7 1.82031 -0.163964
158.8 1.8059 -0.130635
158.9 1.79129 -0.0975719
159 1.77645 -0.0647797
159.1 1.76138 -0.0322623
159.2 1.74607 -2.41142e-05
159.3 1.73051 0.0319303
159.4 1.71467 0.063596
159.5 1.69855 0.0949681
159.6 1.68212 0.126041
159.7 1.66538 0.156809
159.8 1.6483 0.187267
159.9 1.63085 0.217407
160 1.61302 0.247222
160.1 1.59477 0.276706
160.2 1.57608 0.305851
160.3 1.55691 0.334648
160.4 1.53721 0.363088
160.5 1.51695 0.39116
160.6 1.49608 0.418854
160.7 1.47452 0.446159
160.8 1.45222 0.47306
160.9 1.42909 0.499544
161 1.40504 0.525595
161.1 1.37994 0.551194
161.2 1.35367 0.576321
161.3 1.32604 0.600953
161.4 1.29685 0.625063
161.5 1.26584 0.648621
161.6 1.23266 0.671588
161.7 1.19685 0.693923
161.8 1.15784 0.715571
161.9 1.11479 0.736466
162 1.06655 0.756524
162.1 1.01142 0.775636
162.2 0.946786 0.793651
162.3 0.868476 0.810361
162.4 0.769376 0.825454
162.5 0.636526 0.838443
162.6 0.444531 0.8485
162.7 0.14094 0.854117
162.8 -0.372691 0.852404
162.9 -1.14115 0.838713
163 -1.76644 0.811262
163.1 -1.9658 0.776207
163.2 -2.00987 0.739395
163.3 -2.01325 0.70234
163.4 -2.00539 0.665383
163.5 -1.99436 0.628614
163.6 -1.98237 0.592062
163.7 -1.97004 0.555734
163.8 -1.95751 0.519634
163.9 -1.94483 0.483767
164 -1.932 0.448134
164.1 -1.91903 0.412738
164.2 -1.90591 0.377582
164.3 -1.89263 0.342668
164.4 -1.87919 0.308
164.5 -1.86558 0.273581
164.6 -1.85179 0.239414
164.7 -1.83783 0.205501
164.8 -1.82367 0.171847
164.9 -1.80931 0.138455
165 -1.79475 0.105329
165.1 -1.77996 0.072473
165.2 -1.76495 0.0398906
165.3 -1.7497 0.0075863
165.4 -1.73419 -0.0244353
165.5 -1.71842 -0.0561695
165.6 -1.70237 -0.0876111
165.7 -1.68602 -0.118755
165.8 -1.66935 -0.149595
165.9 -1.65235 -0.180126
166 -1.63499 -0.210342
166.1 -1.61725 -0.240234
166.2 -1.59911 -0.269797
166.3 -1.58052 -0.299023
166.4 -1.56147 -0.327902
166.5 -1.5419 -0.356427
166.6 -1.52178 -0.384586
166.7 -1.50105 -0.412371
166.8 -1.47966 -0.439768
166.9 -1.45754 -0.466766
167 -1.43461 -0.49335
167.1 -1.41079 -0.519504
167.2 -1.38595 -0.545211
167.3 -1.35996 -0.570451
167.4 -1.33267 -0.595202
167.5 -1.30388 -0.619437
167.6 -1.27332 -0.643128
167.7 -1.24068 -0.666238
167.8 -1.20554 -0.688726
167.9 -1.16735 -0.710541
168 -1.12534 -0.73162
168.1 -1.07845 -0.751884
168.2 -1.02513 -0.77123
168.3 -0.963039 -0.789519
168.4 -0.888448 -0.80656
168.5 -0.79512 -0.822069
168.6 -0.671876 -0.835611
168.7 -0.497176 -0.846461
168.8 -0.226848 -0.853317
168.9 0.22663 -0.853695
169 0.9493 -0.843247
169.1 1.66259 -0.818714
169.2 1.94087 -0.78473
169.3 2.00512 -0.748105
169.4 2.014 -0.71106
169.5 2.00768 -0.674067
169.6 1.99708 -0.637251
169.7 1.98524 -0.600646
169.8 1.97296 -0.564265
169.9 1.96047 -0.528111
170 1.94782 -0.492189
170.1 1.93503 -0.4565
170.2 1.9221 -0.421048
170.3 1.90901 -0.385836
170.4 1.89577 -0.350865
170.5 1.88237 -0.316139
170.6 1.8688 -0.281661
170.7 1.85506 -0.247434
170.8 1.84113 -0.213461
170.9 1.82702 -0.179746
171 1.81271 -0.146292
171.1 1.79819 -0.113103
171.2 1.78346 -0.0801828
171.3 1.76851 -0.0475355
171.4 1.75331 -0.0151654
171.5 1.73787 0.0169232
171.6 1.72216 0.0487255
171.7 1.70617 0.0802364
171.8 1.68989 0.111451
171.9 1.6733 0.142363
172 1.65638 0.172968
172.1 1.63911 0.203258
172.2 1.62147 0.233227
172.3 1.60342 0.262868
172.4 1.58494 0.292174
172.5 1.566 0.321136
172.6 1.54655 0.349745
172.7 1.52657 0.377991
172.8 1.50599 0.405865
172.9 1.48476 0.433354
173 1.46282 0.460447
173.1 1.44009 0.48713
173.2 1.41648 0.513387
173.3 1.39189 0.539201
173.4 1.36619 0.564553
173.5 1.33923 0.589421
173.6 1.3108 0.61378
173.7 1.28069 0.637602
173.8 1.24857 0.660852
173.9 1.21407 0.683491
174 1.17665 0.705469
174.1 1.13563 0.726728
174.2 1.09 0.747192
174.3 1.03837 0.766765
174.4 0.978612 0.785318
174.5 0.907404 0.802674
174.6 0.819252 0.818576
174.7 0.704473 0.832632
174.8 0.544727 0.844204
174.9 0.302837 0.852166
175 -0.0970166 0.854389
175.1 -0.759085 0.84695
175.2 -1.5289 0.825635
175.3 -1.9062 0.793147
175.4 -1.99782 0.756803
175.5 -2.01405 0.719787
175.6 -2.00976 0.682765
175.7 -1.99975 0.645902
175.8 -1.98808 0.609246
175.9 -1.97588 0.572812
176 -1.96343 0.536604
176.1 -1.95082 0.500627
176.2 -1.93806 0.464883
176.3 -1.92516 0.429375
176.4 -1.91211 0.394106
176.5 -1.8989 0.359078
176.6 -1.88554 0.324294
176.7 -1.87201 0.289757
176.8 -1.85831 0.255471
176.9 -1.84443 0.221438
177 -1.83036 0.187662
177.1 -1.8161 0.154146
177.2 -1.80163 0.120895
177.3 -1.78695 0.0879107
177.4 -1.77205 0.0551988
177.5 -1.75691 0.022763
177.6 -1.74153 -0.00939234
177.7 -1.72588 -0.0412625
177.8 -1.70996 -0.0728425
177.9 -1.69375 -0.104127
178 -1.67724 -0.135111
178.1 -1.6604 -0.165789
178.2 -1.64321 -0.196154
178.3 -1.62566 -0.226199
178.4 -1.60771 -0.255918
178.5 -1.58933 -0.285304
178.6 -1.5705 -0.314347
178.7 -1.55118 -0.34304
178.8 -1.53132 -0.371373
178.9 -1.51089 -0.399335
179 -1.48982 -0.426916
179.1 -1.46805 -0.454104
179.2 -1.44552 -0.480884
179.3 -1.42213 -0.507243
179.4 -1.39778 -0.533163
179.5 -1.37235 -0.558625
179.6 -1.3457 -0.583609
179.7 -1.31764 -0.608091
179.8 -1.28795 -0.632042
179.9 -1.25633 -0.65543
180 -1.22243 -0.678217
180.1 -1.18576 -0.700356
180.2 -1.14566 -0.72179
180.3 -1.10123 -0.742449
180.4 -1.05117 -0.762242
180.5 -0.993566 -0.781049
180.6 -0.925446 -0.798706
180.7 -0.841952 -0.81498
180.8 -0.734664 -0.829516
180.9 -0.587908 -0.841751
181 -0.370355 -0.850706
181.1 -0.0173224 -0.854555
181.2 0.578152 -0.849845
181.3 1.36829 -0.831918
181.4 1.8573 -0.801387
181.5 1.98689 -0.765469
181.6 2.01309 -0.728515
181.7 2.01157 -0.691471
181.8 2.00233 -0.654564
181.9 1.9909 -0.617858
182 1.97878 -0.58137
182.1 1.96637 -0.545109
182.2 1.9538 -0.509078
182.3 1.94108 -0.473279
182.4 1.92821 -0.437715
182.5 1.91519 -0.402389
182.6 1.90202 -0.367304
182.7 1.8887 -0.332462
182.8 1.87521 -0.297867
182.9 1.86155 -0.263522
183 1.84771 -0.229429
183.1 1.83369 -0.195592
183.2 1.81947 -0.162014
183.3 1.80506 -0.1287
183.4 1.79043 -0.0956529
183.5 1.77558 -0.0628766
183.6 1.7605 -0.0303754
183.7 1.74517 0.00184636
183.8 1.72959 0.0337841
183.9 1.71374 0.0654329
184 1.6976 0.0967876
184.1 1.68116 0.127843
184.2 1.6644 0.158593
184.3 1.64729 0.189032
184.4 1.62982 0.219153
184.5 1.61197 0.24895
184.6 1.5937 0.278415
184.7 1.57498 0.307539
184.8 1.55577 0.336316
184.9 1.53605 0.364734
185 1.51575 0.392785
185.1 1.49484 0.420457
185.2 1.47324 0.447738
185.3 1.4509 0.474616
185.4 1.42771 0.501075
185.5 1.4036 0.5271
185.6 1.37844 0.552672
185.7 1.35209 0.577771
185.8 1.32438 0.602373
185.9 1.2951 0.626452
186 1.26397 0.649976
186.1 1.23064 0.672908
186.2 1.19468 0.695204
186.3 1.15545 0.71681
186.4 1.11214 0.737659
186.5 1.06355 0.757665
186.6 1.00794 0.776717
186.7 0.942648 0.794663
186.8 0.86336 0.811289
186.9 0.762728 0.826275
187 0.627299 0.83912
187.1 0.430609 0.848969
187.2 0.117946 0.854256
187.3 -0.411458 0.851984
187.4 -1.18783 0.837463
187.5 -1.78766 0.809348
187.6 -1.97078 0.774084
187.7 -2.01072 0.737236
187.8 -2.01298 0.700182
187.9 -2.0048 0.663234
188 -1.99368 0.626478
188.1 -1.98166 0.589938
188.2 -1.96931 0.553623
188.3 -1.95677 0.517538
188.4 -1.94408 0.481684
188.5 -1.93125 0.446064
188.6 -1.91827 0.410682
188.7 -1.90514 0.37554
188.8 -1.89185 0.340641
188.9 -1.8784 0.305988
189 -1.86478 0.271583
189.1 -1.85099 0.23743
189.2 -1.83701 0.203533
189.3 -1.82284 0.169894
189.4 -1.80847 0.136518
189.5 -1.79389 0.103407
189.6 -1.77909 0.0705666
189.7 -1.76407 0.0380003
189.8 -1.7488 0.00571235
189.9 -1.73328 -0.0262926
190 -1.71749 -0.0580099
190.1 -1.70142 -0.0894343
190.2 -1.68506 -0.120561
190.3 -1.66837 -0.151383
190.4 -1.65135 -0.181896
190.5 -1.63397 -0.212093
190.6 -1.61621 -0.241966
190.7 -1.59804 -0.27151
190.8 -1.57943 -0.300715
190.9 -1.56034 -0.329574
191 -1.54074 -0.358078
191.1 -1.52059 -0.386216
191.2 -1.49982 -0.413978
191.3 -1.47839 -0.441353
191.4 -1.45623 -0.468327
191.5 -1.43325 -0.494886
191.6 -1.40937 -0.521014
191.7 -1.38447 -0.546695
191.8 -1.35841 -0.571907
191.9 -1.33104 -0.596628
192 -1.30215 -0.620833
192.1 -1.27148 -0.644491
192.2 -1.23871 -0.667566
192.3 -1.20341 -0.690016
192.4 -1.16502 -0.71179
192.5 -1.12276 -0.732824
192.6 -1.07554 -0.753038
192.7 -1.02178 -0.772326
192.8 -0.95908 -0.790549
192.9 -0.883601 -0.807509
193 -0.788904 -0.822918
193.1 -0.663395 -0.836326
193.2 -0.484646 -0.846987
193.3 -0.206561 -0.853549
193.4 0.261234 -0.853434
193.5 0.997001 -0.842202
193.6 1.69109 -0.816914
193.7 1.94783 -0.782628
193.8 2.0065 -0.745949
193.9 2.01388 -0.708899
194 2.00713 -0.671915
194.1 1.99641 -0.635111
194.2 1.98453 -0.598519
194.3 1.97224 -0.562151
194.4 1.95974 -0.526011
194.5 1.94708 -0.490102
194.6 1.93428 -0.454427
194.7 1.92134 -0.418989
194.8 1.90824 -0.38379
194.9 1.89499 -0.348834
195 1.88158 -0.314122
195.1 1.868 -0.279658
195.2 1.85425 -0.245446
195.3 1.84031 -0.211488
195.4 1.82619 -0.177788
195.5 1.81187 -0.14435
195.6 1.79734 -0.111176
195.7 1.7826 -0.078272
195.8 1.76763 -0.0456407
195.9 1.75242 -0.0132869
196 1.73696 0.0187851
196.1 1.72123 0.0505706
196.2 1.70523 0.0820644
196.3 1.68894 0.113261
196.4 1.67233 0.144156
196.5 1.65539 0.174742
196.6 1.63809 0.205014
196.7 1.62043 0.234964
196.8 1.60235 0.264586
196.9 1.58385 0.293872
197 1.56488 0.322813
197.1 1.5454 0.351401
197.2 1.52538 0.379626
197.3 1.50477 0.407478
197.4 1.4835 0.434945
197.5 1.46151 0.462014
197.6 1.43874 0.488672
197.7 1.41508 0.514904
197.8 1.39043 0.540692
197.9 1.36466 0.566016
198 1.33761 0.590855
198.1 1.3091 0.615184
198.2 1.27887 0.638973
198.3 1.24663 0.662189
198.4 1.21197 0.684791
198.5 1.17437 0.706729
198.6 1.1331 0.727944
198.7 1.08717 0.748359
198.8 1.03514 0.767876
198.9 0.974816 0.786365
199 0.902799 0.803644
199.1 0.813416 0.819451
199.2 0.696637 0.833383
199.3 0.533385 0.844782
199.4 0.284861 0.852482
199.5 -0.127634 0.854269
199.6 -0.805576 0.84611
199.7 -1.5647 0.823977
199.8 -1.91589 0.791076
199.9 -1.99991 0.754651
200 -2.01412 0.717626
