0 2 0
0.1 1.80721 0.034375
0.2 1.73971 0.066796
0.3 1.70634 0.0983763
0.4 1.68382 0.129468
0.5 1.66484 0.160186
0.6 1.6469 0.190568
0.7 1.62911 0.220623
0.8 1.61114 0.250351
0.9 1.59282 0.279746
1 1.57409 0.308801
1.1 1.55488 0.337508
1.2 1.53516 0.365858
1.3 1.51488 0.393841
1.4 1.49397 0.421446
1.5 1.47238 0.448661
1.6 1.45004 0.475474
1.7 1.42686 0.501869
1.8 1.40276 0.52783
1.9 1.3776 0.55334
2 1.35125 0.578377
2.1 1.32354 0.602919
2.2 1.29425 0.626938
2.3 1.26311 0.650403
2.4 1.22977 0.673278
2.5 1.19378 0.695516
2.6 1.15452 0.717066
2.7 1.11115 0.737859
2.8 1.06248 0.75781
2.9 1.00675 0.776806
3 0.941267 0.794695
3.1 0.861679 0.811262
3.2 0.760538 0.826186
3.3 0.624194 0.83896
3.4 0.425728 0.84872
3.5 0.109411 0.853878
3.6 -0.426744 0.851396
3.7 -1.20697 0.836567
3.8 -1.79642 0.808229
3.9 -1.97277 0.772942
4 -2.01099 0.736149
4.1 -2.01279 0.699163
4.2 -2.00451 0.662288
4.3 -1.99337 0.625605
4.4 -1.98137 0.589138
4.5 -1.96903 0.552895
4.6 -1.95651 0.51688
4.7 -1.94384 0.481097
4.8 -1.93103 0.445547
4.9 -1.91807 0.410234
5 -1.90496 0.37516
5.1 -1.8917 0.340328
5.2 -1.87827 0.30574
5.3 -1.86467 0.271401
5.4 -1.8509 0.237313
5.5 -1.83695 0.203479
5.6 -1.8228 0.169903
5.7 -1.80846 0.136588
5.8 -1.79391 0.103538
5.9 -1.77914 0.0707576
6 -1.76414 0.03825
6.1 -1.7489 0.00601974
6.2 -1.73341 -0.0259286
6.3 -1.71765 -0.0575903
6.4 -1.70161 -0.0889603
6.5 -1.68528 -0.120033
6.6 -1.66863 -0.150804
6.7 -1.65164 -0.181266
6.8 -1.6343 -0.211412
6.9 -1.61658 -0.241238
7 -1.59845 -0.270734
7.1 -1.57988 -0.299894
7.2 -1.56084 -0.328709
7.3 -1.54129 -0.35717
7.4 -1.52118 -0.385267
7.5 -1.50047 -0.412989
7.6 -1.4791 -0.440326
7.7 -1.457 -0.467264
7.8 -1.43409 -0.493789
7.9 -1.41028 -0.519886
8 -1.38546 -0.545537
8.1 -1.3595 -0.570722
8.2 -1.33223 -0.595419
8.3 -1.30345 -0.619602
8.4 -1.27291 -0.643241
8.5 -1.24029 -0.666302
8.6 -1.20517 -0.688741
8.7 -1.16699 -0.71051
8.8 -1.125 -0.731544
8.9 -1.07812 -0.751764
9 -1.02479 -0.771068
9.1 -0.962682 -0.789318
9.2 -0.888045 -0.80632
9.3 -0.794616 -0.821793
9.4 -0.671154 -0.835299
9.5 -0.495981 -0.846112
9.6 -0.224574 -0.852925
9.7 0.231284 -0.853241
9.8 0.957035 -0.842696
9.9 1.66811 -0.818075
10 1.94222 -0.784091
10.1 2.00532 -0.747522
10.2 2.01392 -0.710544
10.3 2.00753 -0.673622
10.4 1.99694 -0.636876
10.5 1.98511 -0.600341
10.6 1.97285 -0.564028
10.7 1.96038 -0.527943
10.8 1.94776 -0.492088
10.9 1.93499 -0.456466
11 1.92208 -0.42108
11.1 1.90901 -0.385932
11.2 1.8958 -0.351025
11.3 1.88242 -0.316362
11.4 1.86888 -0.281946
11.5 1.85516 -0.24778
11.6 1.84126 -0.213867
11.7 1.82718 -0.180211
11.8 1.8129 -0.146816
11.9 1.79841 -0.113684
12 1.78371 -0.0808201
12.1 1.76878 -0.0482279
12.2 1.75362 -0.0159118
12.3 1.73821 0.0161238
12.4 1.72253 0.0478742
12.5 1.70658 0.0793345
12.6 1.69034 0.1105
12.7 1.67379 0.141364
12.8 1.65691 0.171921
12.9 1.63968 0.202166
13 1.62208 0.232091
13.1 1.60407 0.261689
13.2 1.58564 0.290954
13.3 1.56675 0.319876
13.4 1.54736 0.348446
13.5 1.52743 0.376656
13.6 1.50692 0.404496
13.7 1.48575 0.431952
13.8 1.46389 0.459015
13.9 1.44124 0.485668
14 1.41771 0.511899
14.1 1.39322 0.537689
14.2 1.36762 0.56302
14.3 1.34077 0.587869
14.4 1.31248 0.612214
14.5 1.28252 0.636024
14.6 1.25058 0.659267
14.7 1.21628 0.681902
14.8 1.17911 0.703883
14.9 1.13839 0.725151
15 1.09315 0.745632
15.1 1.04202 0.765231
15.2 0.982928 0.783822
15.3 0.912664 0.801234
15.4 0.825918 0.817215
15.5 0.713368 0.831386
15.6 0.557442 0.843132
15.7 0.322611 0.851371
15.8 -0.0640174 0.854061
15.9 -0.709142 0.847407
16 -1.48905 0.827021
16.1 -1.89512 0.795056
16.2 -1.99531 0.758871
16.3 -2.01384 0.721936
16.4 -2.01022 0.684976
16.5 -2.00041 0.64817
16.6 -1.98882 0.611568
16.7 -1.97665 0.575187
16.8 -1.96424 0.539031
16.9 -1.95166 0.503105
17 -1.93894 0.467411
17.1 -1.92607 0.431952
17.2 -1.91305 0.39673
17.3 -1.89988 0.361748
17.4 -1.88656 0.32701
17.5 -1.87306 0.292518
17.6 -1.8594 0.258274
17.7 -1.84556 0.224283
17.8 -1.83153 0.190548
17.9 -1.81731 0.157072
18 -1.80289 0.123859
18.1 -1.78826 0.0909118
18.2 -1.7734 0.0582355
18.3 -1.75831 0.0258339
18.4 -1.74298 -0.00628855
18.5 -1.72739 -0.0381273
18.6 -1.71152 -0.0696775
18.7 -1.69537 -0.100934
18.8 -1.67892 -0.131892
18.9 -1.66214 -0.162544
19 -1.64502 -0.192886
19.1 -1.62754 -0.22291
19.2 -1.60966 -0.25261
19.3 -1.59137 -0.281978
19.4 -1.57262 -0.311006
19.5 -1.55339 -0.339686
19.6 -1.53363 -0.368008
19.7 -1.5133 -0.395963
19.8 -1.49234 -0.423539
19.9 -1.4707 -0.450724
20 -1.4483 -0.477505
20.1 -1.42506 -0.503867
20.2 -1.40087 -0.529795
20.3 -1.37563 -0.555269
20.4 -1.34919 -0.58027
20.5 -1.32136 -0.604772
20.6 -1.29194 -0.62875
20.7 -1.26064 -0.652172
20.8 -1.22712 -0.674999
20.9 -1.1909 -0.697187
21 -1.15136 -0.718682
21.1 -1.10764 -0.739414
21.2 -1.0585 -0.759296
21.3 -1.00214 -0.778214
21.4 -0.935756 -0.796011
21.5 -0.854838 -0.812465
21.6 -0.751601 -0.827246
21.7 -0.611703 -0.839826
21.8 -0.406716 -0.849303
21.9 -0.0777683 -0.85401
22 0.479659 -0.85076
22.1 1.2668 -0.834831
22.2 1.82081 -0.805675
22.3 1.97843 -0.770158
22.4 2.01188 -0.733326
22.5 2.01237 -0.696343
22.6 2.00372 -0.659481
22.7 1.99247 -0.622813
22.8 1.98043 -0.586363
22.9 1.96808 -0.550138
23 1.95555 -0.51414
23.1 1.94287 -0.478375
23.2 1.93005 -0.442843
23.3 1.91708 -0.407548
23.4 1.90395 -0.372492
23.5 1.89068 -0.337679
23.6 1.87724 -0.30311
23.7 1.86363 -0.26879
23.8 1.84984 -0.234721
23.9 1.83587 -0.200906
24 1.82171 -0.16735
24.1 1.80735 -0.134056
24.2 1.79279 -0.101026
24.3 1.778 -0.0682662
24.4 1.76298 -0.0357796
24.5 1.74773 -0.00357071
24.6 1.73222 0.0283559
24.7 1.71644 0.0599955
24.8 1.70038 0.091343
24.9 1.68402 0.122393
25 1.66734 0.15314
25.1 1.65033 0.183578
25.2 1.63296 0.213701
25.3 1.61521 0.243501
25.4 1.59705 0.272972
25.5 1.57844 0.302106
25.6 1.55936 0.330894
25.7 1.53977 0.359328
25.8 1.51962 0.387396
25.9 1.49887 0.41509
26 1.47744 0.442397
26.1 1.45528 0.469304
26.2 1.43231 0.495797
26.3 1.40842 0.52186
26.4 1.38352 0.547476
26.5 1.35746 0.572625
26.6 1.33009 0.597283
26.7 1.30118 0.621426
26.8 1.2705 0.645023
26.9 1.2377 0.668037
27 1.20237 0.690428
27.1 1.16393 0.712142
27.2 1.12161 0.733117
27.3 1.0743 0.753272
27.4 1.0204 0.772501
27.5 0.957485 0.790663
27.6 0.881678 0.80756
27.7 0.78644 0.8229
27.8 0.659984 0.836231
27.9 0.479447 0.846795
28 0.197746 0.853221
28.1 -0.277073 0.852885
28.2 -1.01962 0.841308
28.3 -1.70466 0.815708
28.4 -1.95108 0.781339
28.5 -2.00707 0.744702
28.6 -2.01374 0.70772
28.7 -2.00681 0.670808
28.8 -1.99606 0.634078
28.9 -1.98418 0.59756
29 -1.97191 0.561264
29.1 -1.95942 0.525197
29.2 -1.94679 0.489359
29.3 -1.93401 0.453755
29.4 -1.92108 0.418387
29.5 -1.90801 0.383257
29.6 -1.89478 0.348369
29.7 -1.88139 0.313725
29.8 -1.86783 0.279328
29.9 -1.8541 0.245181
30 -1.84019 0.211288
30.1 -1.82609 0.177652
30.2 -1.8118 0.144276
30.3 -1.79729 0.111165
30.4 -1.78258 0.0783214
30.5 -1.76763 0.0457502
30.6 -1.75245 0.0134554
30.7 -1.73702 -0.0185586
30.8 -1.72132 -0.0502871
30.9 -1.70535 -0.0817251
31 -1.68909 -0.112867
31.1 -1.67251 -0.143708
31.2 -1.6556 -0.174242
31.3 -1.63835 -0.204463
31.4 -1.62072 -0.234363
31.5 -1.60268 -0.263936
31.6 -1.58422 -0.293175
31.7 -1.56529 -0.32207
31.8 -1.54586 -0.350614
31.9 -1.52589 -0.378796
32 -1.50532 -0.406606
32.1 -1.48411 -0.434033
32.2 -1.46218 -0.461065
32.3 -1.43947 -0.487687
32.4 -1.41588 -0.513884
32.5 -1.3913 -0.53964
32.6 -1.36562 -0.564935
32.7 -1.33867 -0.589747
32.8 -1.31026 -0.614051
32.9 -1.28015 -0.637819
33 -1.24805 -0.661017
33.1 -1.21355 -0.683605
33.2 -1.17614 -0.705533
33.3 -1.13511 -0.726744
33.4 -1.08947 -0.747161
33.5 -1.03782 -0.766688
33.6 -0.978007 -0.785196
33.7 -0.906708 -0.802508
33.8 -0.818389 -0.818367
33.9 -0.703295 -0.832379
34 -0.542923 -0.843903
34.1 -0.299706 -0.851807
34.2 0.102997 -0.853945
34.3 0.769417 -0.846369
34.4 1.53801 -0.8249
34.5 1.9088 -0.79236
34.6 1.99831 -0.75606
34.7 2.01401 -0.71911
34.8 2.00959 -0.682158
34.9 1.99956 -0.645367
35 1.9879 -0.608781
35.1 1.97571 -0.572417
35.2 1.96329 -0.536279
35.3 1.9507 -0.50037
35.4 1.93796 -0.464694
35.5 1.92508 -0.429253
35.6 1.91205 -0.394049
35.7 1.89887 -0.359086
35.8 1.88553 -0.324367
35.9 1.87203 -0.289893
36 1.85835 -0.255669
36.1 1.8445 -0.221698
36.2 1.83046 -0.187982
36.3 1.81622 -0.154526
36.4 1.80178 -0.121333
36.5 1.78713 -0.0884063
36.6 1.77226 -0.0557509
36.7 1.75715 -0.0233705
36.8 1.7418 0.00873049
36.9 1.72619 0.0405474
37 1.7103 0.0720754
37.1 1.69413 0.103309
37.2 1.67765 0.134244
37.3 1.66085 0.164873
37.4 1.6437 0.19519
37.5 1.62619 0.22519
37.6 1.60828 0.254865
37.7 1.58995 0.284207
37.8 1.57117 0.313209
37.9 1.5519 0.341862
38 1.5321 0.370156
38.1 1.51172 0.398082
38.2 1.49072 0.425629
38.3 1.46902 0.452784
38.4 1.44655 0.479533
38.5 1.42324 0.505863
38.6 1.39898 0.531757
38.7 1.37366 0.557196
38.8 1.34711 0.582159
38.9 1.31917 0.606623
39 1.28962 0.630559
39.1 1.25817 0.653937
39.2 1.22446 0.676717
39.3 1.18801 0.698854
39.4 1.14818 0.720293
39.5 1.10409 0.740964
39.6 1.05448 0.760777
39.7 0.997463 0.779615
39.8 0.930162 0.797318
39.9 0.84787 0.813658
40 0.742455 0.828293
40.1 0.598845 0.840674
40.2 0.387006 0.84986
40.3 0.0447835 0.854096
40.4 -0.534264 0.850049
40.5 -1.32509 0.833012
40.6 -1.84259 0.803086
40.7 -1.98345 0.767366
40.8 -2.01259 0.730502
40.9 -2.0119 0.693523
41 -2.00292 0.656674
41.1 -1.99157 0.620023
41.2 -1.9795 0.58359
41.3 -1.96713 0.547381
41.4 -1.95459 0.511402
41.5 -1.9419 0.475654
41.6 -1.92906 0.44014
41.7 -1.91608 0.404863
41.8 -1.90295 0.369826
41.9 -1.88966 0.335031
42 -1.8762 0.300481
42.1 -1.86258 0.26618
42.2 -1.84878 0.23213
42.3 -1.8348 0.198335
42.4 -1.82062 0.164799
42.5 -1.80625 0.131524
42.6 -1.79167 0.0985155
42.7 -1.77686 0.0657763
42.8 -1.76183 0.0333107
42.9 -1.74655 0.00112321
43 -1.73102 -0.0307817
43.1 -1.71522 -0.0623991
43.2 -1.69914 -0.0937241
43.3 -1.68276 -0.124751
43.4 -1.66606 -0.155475
43.5 -1.64902 -0.185889
43.6 -1.63162 -0.215987
43.7 -1.61384 -0.245763
43.8 -1.59564 -0.275209
43.9 -1.577 -0.304316
44 -1.55789 -0.333078
44.1 -1.53825 -0.361483
44.2 -1.51806 -0.389524
44.3 -1.49725 -0.417189
44.4 -1.47578 -0.444465
44.5 -1.45356 -0.471341
44.6 -1.43052 -0.497802
44.7 -1.40656 -0.523832
44.8 -1.38158 -0.549413
44.9 -1.35542 -0.574525
45 -1.32794 -0.599145
45.1 -1.29891 -0.623247
45.2 -1.26807 -0.646801
45.3 -1.2351 -0.669769
45.4 -1.19956 -0.69211
45.5 -1.16085 -0.71377
45.6 -1.11819 -0.734686
45.7 -1.07044 -0.754774
45.8 -1.01595 -0.773927
45.9 -0.952215 -0.792
46 -0.8752 -0.80879
46.1 -0.778087 -0.823996
46.2 -0.648509 -0.837148
46.3 -0.462346 -0.847455
46.4 -0.169811 -0.853479
46.5 0.324634 -0.852464
46.6 1.08205 -0.839833
46.7 1.73804 -0.813288
46.8 1.95905 -0.778578
46.9 2.00858 -0.741882
47 2.01349 -0.704897
47.1 2.00607 -0.667997
47.2 1.99518 -0.631282
47.3 1.98326 -0.59478
47.4 1.97096 -0.558502
47.5 1.95846 -0.522452
47.6 1.94582 -0.486632
47.7 1.93303 -0.451046
47.8 1.92009 -0.415696
47.9 1.907 -0.380585
48 1.89376 -0.345715
48.1 1.88036 -0.311089
48.2 1.86679 -0.276711
48.3 1.85305 -0.242584
48.4 1.83912 -0.20871
48.5 1.82501 -0.175094
48.6 1.8107 -0.141738
48.7 1.79618 -0.108647
48.8 1.78144 -0.0758247
48.9 1.76648 -0.0432744
49 1.75128 -0.0110009
49.1 1.73583 0.0209915
49.2 1.72011 0.052698
49.3 1.70412 0.0841135
49.4 1.68783 0.115233
49.5 1.67123 0.146051
49.6 1.6543 0.176561
49.7 1.63701 0.206757
49.8 1.61935 0.236633
49.9 1.60129 0.266181
50 1.58279 0.295393
50.1 1.56382 0.324262
50.2 1.54435 0.352778
50.3 1.52434 0.380933
50.4 1.50373 0.408714
50.5 1.48246 0.436111
50.6 1.46048 0.463112
50.7 1.4377 0.489702
50.8 1.41404 0.515867
50.9 1.38938 0.541588
51 1.36361 0.566847
51.1 1.33655 0.591621
51.2 1.30802 0.615885
51.3 1.27778 0.639611
51.4 1.2455 0.662764
51.5 1.2108 0.685303
51.6 1.17314 0.707179
51.7 1.1318 0.728332
51.8 1.08576 0.748685
51.9 1.03357 0.768139
52 0.973022 0.786563
52.1 0.900654 0.803774
52.2 0.810709 0.819508
52.3 0.692967 0.833357
52.4 0.527942 0.844654
52.5 0.275902 0.852211
52.6 -0.1436 0.853773
52.7 -0.830658 0.845246
52.8 -1.58405 0.822711
52.9 -1.92105 0.789647
53 -2.00094 0.753246
53.1 -2.01407 0.716284
53.2 -2.00894 0.679341
53.3 -1.9987 0.642565
53.4 -1.98698 0.605996
53.5 -1.97477 0.569649
53.6 -1.96233 0.533528
53.7 -1.94973 0.497637
53.8 -1.93698 0.461979
53.9 -1.92409 0.426556
54 -1.91105 0.39137
54.1 -1.89786 0.356426
54.2 -1.88451 0.321725
54.3 -1.87099 0.28727
54.4 -1.8573 0.253065
54.5 -1.84343 0.219113
54.6 -1.82938 0.185417
54.7 -1.81512 0.151981
54.8 -1.80067 0.118808
54.9 -1.786 0.0859024
55 -1.77111 0.0532678
55.1 -1.75599 0.0209086
55.2 -1.74061 -0.0111709
55.3 -1.72498 -0.0429659
55.4 -1.70908 -0.0744716
55.5 -1.69288 -0.105683
55.6 -1.67638 -0.136594
55.7 -1.65955 -0.1672
55.8 -1.64238 -0.197493
55.9 -1.62483 -0.227468
56 -1.60689 -0.257118
56.1 -1.58853 -0.286434
56.2 -1.56972 -0.31541
56.3 -1.55041 -0.344036
56.4 -1.53056 -0.372303
56.5 -1.51014 -0.4002
56.6 -1.48908 -0.427717
56.7 -1.46733 -0.454841
56.8 -1.4448 -0.48156
56.9 -1.42143 -0.507857
57 -1.39709 -0.533716
57.1 -1.37167 -0.55912
57.2 -1.34503 -0.584046
57.3 -1.31698 -0.60847
57.4 -1.28729 -0.632365
57.5 -1.25568 -0.655698
57.6 -1.22178 -0.678431
57.7 -1.18509 -0.700517
57.8 -1.14498 -0.7219
57.9 -1.10052 -0.742508
58 -1.05041 -0.762252
58.1 -0.992731 -0.78101
58.2 -0.924481 -0.798618
58.3 -0.840769 -0.814842
58.4 -0.733092 -0.829327
58.5 -0.585603 -0.841504
58.6 -0.366563 -0.850388
58.7 -0.0103978 -0.854135
58.8 0.590476 -0.84926
58.9 1.38149 -0.831113
59 1.86199 -0.800465
59.1 1.98788 -0.764569
59.2 2.01315 -0.727677
59.3 2.01138 -0.690703
59.4 2.0021 -0.653868
59.5 1.99067 -0.617233
59.6 1.97856 -0.580817
59.7 1.96618 -0.544626
59.8 1.95362 -0.508664
59.9 1.94092 -0.472934
60 1.92807 -0.437438
60.1 1.91508 -0.402179
60.2 1.90194 -0.36716
60.3 1.88863 -0.332384
60.4 1.87517 -0.297853
60.5 1.86153 -0.263571
60.6 1.84772 -0.229541
60.7 1.83372 -0.195766
60.8 1.81953 -0.162249
60.9 1.80514 -0.128995
61 1.79054 -0.0960062
61.1 1.77572 -0.0632877
61.2 1.76067 -0.0308432
61.3 1.74537 0.00132287
61.4 1.72982 0.033206
61.5 1.714 0.0648013
61.6 1.6979 0.0961037
61.7 1.68149 0.127108
61.8 1.66477 0.157808
61.9 1.6477 0.188199
62 1.63028 0.218272
62.1 1.61246 0.248023
62.2 1.59423 0.277443
62.3 1.57556 0.306525
62.4 1.55641 0.335259
62.5 1.53673 0.363638
62.6 1.51649 0.39165
62.7 1.49564 0.419285
62.8 1.47411 0.446532
62.9 1.45183 0.473376
63 1.42872 0.499805
63.1 1.40469 0.525801
63.2 1.37962 0.551347
63.3 1.35337 0.576422
63.4 1.32578 0.601004
63.5 1.29662 0.625065
63.6 1.26564 0.648576
63.7 1.23249 0.671498
63.8 1.19672 0.693789
63.9 1.15774 0.715395
64 1.11474 0.73625
64.1 1.06654 0.756271
64.2 1.01145 0.775347
64.3 0.946867 0.793331
64.4 0.868606 0.810012
64.5 0.769549 0.82508
64.6 0.636714 0.838048
64.7 0.444648 0.848091
64.8 0.140714 0.853697
64.9 -0.373977 0.851975
65 -1.14397 0.83827
65.1 -1.76831 0.810821
65.2 -1.96619 0.775808
65.3 -2.00987 0.73906
65.4 -2.01317 0.702074
65.5 -2.00531 0.665186
65.6 -1.99429 0.628487
65.7 -1.98233 0.592002
65.8 -1.97001 0.555742
65.9 -1.9575 0.519709
66 -1.94485 0.483907
66.1 -1.93204 0.448339
66.2 -1.9191 0.413007
66.3 -1.906 0.377914
66.4 -1.89275 0.343063
66.5 -1.87933 0.308456
66.6 -1.86575 0.274097
66.7 -1.85199 0.239989
66.8 -1.83805 0.206135
66.9 -1.82392 0.172538
67 -1.8096 0.139203
67.1 -1.79506 0.106132
67.2 -1.78031 0.0733298
67.3 -1.76533 0.0408005
67.4 -1.75011 0.00854827
67.5 -1.73464 -0.0234224
67.6 -1.7189 -0.0551069
67.7 -1.70289 -0.0865
67.8 -1.68658 -0.117597
67.9 -1.66995 -0.148391
68 -1.65299 -0.178877
68.1 -1.63568 -0.209049
68.2 -1.61799 -0.2389
68.3 -1.59989 -0.268423
68.4 -1.58136 -0.29761
68.5 -1.56236 -0.326452
68.6 -1.54285 -0.354941
68.7 -1.52279 -0.383067
68.8 -1.50213 -0.41082
68.9 -1.48081 -0.438187
69 -1.45877 -0.465157
69.1 -1.43593 -0.491715
69.2 -1.41219 -0.517846
69.3 -1.38746 -0.543533
69.4 -1.36159 -0.568755
69.5 -1.33443 -0.593492
69.6 -1.30578 -0.617716
69.7 -1.27539 -0.6414
69.8 -1.24295 -0.664507
69.9 -1.20804 -0.686997
70 -1.17013 -0.708821
70.1 -1.12847 -0.729915
70.2 -1.08202 -0.750203
70.3 -1.02928 -0.769584
70.4 -0.967968 -0.787923
70.5 -0.894501 -0.805032
70.6 -0.802872 -0.820638
70.7 -0.682375 -0.834321
70.8 -0.512475 -0.845383
70.9 -0.251153 -0.85258
71 0.185873 -0.853542
71.1 0.892625 -0.844036
71.2 1.62705 -0.82046
71.3 1.93204 -0.786919
71.4 2.00324 -0.750429
71.5 2.01404 -0.713459
71.6 2.00826 -0.676525
71.7 1.99784 -0.639764
71.8 1.98606 -0.603212
71.9 1.97383 -0.566881
72 1.96137 -0.530778
72.1 1.94876 -0.494905
72.2 1.936 -0.459265
72.3 1.9231 -0.42386
72.4 1.91005 -0.388693
72.5 1.89684 -0.353767
72.6 1.88348 -0.319084
72.7 1.86995 -0.284649
72.8 1.85625 -0.250463
72.9 1.84236 -0.21653
73 1.82829 -0.182854
73.1 1.81403 -0.149438
73.2 1.79956 -0.116285
73.3 1.78487 -0.0834
73.4 1.76996 -0.0507863
73.5 1.75482 -0.0184483
73.6 1.73943 0.0136096
73.7 1.72378 0.0453827
73.8 1.70785 0.0768661
73.9 1.69163 0.108055
74 1.6751 0.138943
74.1 1.65825 0.169525
74.2 1.64105 0.199794
74.3 1.62348 0.229745
74.4 1.60551 0.259369
74.5 1.58711 0.28866
74.6 1.56826 0.317609
74.7 1.54891 0.346208
74.8 1.52902 0.374447
74.9 1.50856 0.402316
75 1.48745 0.429803
75.1 1.46564 0.456897
75.2 1.44305 0.483583
75.3 1.4196 0.509848
75.4 1.39519 0.535673
75.5 1.36968 0.561041
75.6 1.34294 0.585929
75.7 1.31477 0.610314
75.8 1.28495 0.634168
75.9 1.25317 0.657456
76 1.21908 0.680142
76.1 1.18216 0.702176
76.2 1.14175 0.723503
76.3 1.09691 0.744048
76.4 1.0463 0.763721
76.5 0.987938 0.782398
76.6 0.918712 0.79991
76.7 0.833532 0.816015
76.8 0.723505 0.830348
76.9 0.571959 0.842316
77 0.345349 0.850887
77.1 -0.0254466 0.854125
77.2 -0.648184 0.84839
77.3 -1.4357 0.829137
77.4 -1.87927 0.797815
77.5 -1.99178 0.761767
77.6 -2.01356 0.724852
77.7 -2.01083 0.687884
77.8 -2.00127 0.651063
77.9 -1.98976 0.614444
78 -1.97762 0.578045
78.1 -1.96523 0.541872
78.2 -1.95266 0.505927
78.3 -1.93995 0.470215
78.4 -1.92709 0.434737
78.5 -1.91408 0.399497
78.6 -1.90093 0.364496
78.7 -1.88761 0.329738
78.8 -1.87413 0.295227
78.9 -1.86048 0.260964
79 -1.84666 0.226953
79.1 -1.83265 0.193197
79.2 -1.81844 0.1597
79.3 -1.80404 0.126466
79.4 -1.78942 0.0934981
79.5 -1.77458 0.0608004
79.6 -1.75951 0.028377
79.7 -1.7442 -0.00376762
79.8 -1.72863 -0.0356289
79.9 -1.71278 -0.0672021
80 -1.69666 -0.0984819
80.1 -1.68023 -0.129463
80.2 -1.66348 -0.16014
80.3 -1.64638 -0.190506
80.4 -1.62893 -0.220556
80.5 -1.61108 -0.250281
80.6 -1.59282 -0.279676
80.7 -1.57412 -0.308731
80.8 -1.55492 -0.337439
80.9 -1.53521 -0.36579
81 -1.51492 -0.393774
81.1 -1.49402 -0.42138
81.2 -1.47243 -0.448596
81.3 -1.45009 -0.475409
81.4 -1.42692 -0.501806
81.5 -1.40282 -0.527768
81.6 -1.37766 -0.553279
81.7 -1.35132 -0.578317
81.8 -1.32361 -0.60286
81.9 -1.29432 -0.626881
82 -1.26319 -0.650347
82.1 -1.22985 -0.673223
82.2 -1.19387 -0.695463
82.3 -1.15461 -0.717015
82.4 -1.11126 -0.73781
82.5 -1.0626 -0.757763
82.6 -1.0069 -0.776761
82.7 -0.941441 -0.794654
82.8 -0.861894 -0.811224
82.9 -0.760818 -0.826152
83 -0.624585 -0.838932
83.1 -0.42632 -0.848701
83.2 -0.110394 -0.853873
83.3 0.425093 -0.851415
83.4 1.20504 -0.836621
83.5 1.7956 -0.808309
83.6 1.97257 -0.773031
83.7 2.01095 -0.736238
83.8 2.01281 -0.699253
83.9 2.00453 -0.662377
84 1.9934 -0.625694
84.1 1.9814 -0.589226
84.2 1.96906 -0.552983
84.3 1.95654 -0.516967
84.4 1.94387 -0.481183
84.5 1.93106 -0.445633
84.6 1.9181 -0.410319
84.7 1.90499 -0.375245
84.8 1.89173 -0.340412
84.9 1.8783 -0.305824
85 1.8647 -0.271484
85.1 1.85093 -0.237395
85.2 1.83698 -0.203561
85.3 1.82284 -0.169984
85.4 1.80849 -0.136668
85.5 1.79394 -0.103618
85.6 1.77917 -0.0708367
85.7 1.76417 -0.0383284
85.8 1.74894 -0.00609751
85.9 1.73345 0.0258515
86 1.71769 0.0575139
86.1 1.70165 0.0888846
86.2 1.68532 0.119958
86.3 1.66867 0.150729
86.4 1.65168 0.181192
86.5 1.63434 0.21134
86.6 1.61662 0.241166
86.7 1.59849 0.270663
86.8 1.57992 0.299824
86.9 1.56088 0.328639
87 1.54134 0.357101
87.1 1.52123 0.385199
87.2 1.50052 0.412923
87.3 1.47915 0.44026
87.4 1.45705 0.467199
87.5 1.43415 0.493725
87.6 1.41034 0.519823
87.7 1.38552 0.545475
87.8 1.35956 0.570661
87.9 1.3323 0.59536
88 1.30352 0.619544
88.1 1.27299 0.643185
88.2 1.24037 0.666246
88.3 1.20526 0.688688
88.4 1.16709 0.710458
88.5 1.12511 0.731494
88.6 1.07824 0.751716
88.7 1.02493 0.771023
88.8 0.962846 0.789275
88.9 0.888245 0.806281
89 0.794872 0.821757
89.1 0.671504 0.835269
89.2 0.496496 0.84609
89.3 0.225408 0.852915
89.4 -0.229859 0.853251
89.5 -0.95505 0.842739
89.6 -1.66689 0.818149
89.7 -1.94193 0.784178
89.8 -2.00526 0.747611
89.9 -2.01393 0.710634
90 -2.00755 0.673711
90.1 -1.99697 0.636964
90.2 -1.98514 0.600429
90.3 -1.97288 0.564116
90.4 -1.96041 0.52803
90.5 -1.94779 0.492175
90.6 -1.93502 0.456552
90.7 -1.92211 0.421165
90.8 -1.90905 0.386017
90.9 -1.89583 0.351109
91 -1.88245 0.316445
91.1 -1.86891 0.282029
91.2 -1.85519 0.247862
91.3 -1.8413 0.213949
91.4 -1.82721 0.180293
91.5 -1.81293 0.146896
91.6 -1.79844 0.113764
91.7 -1.78374 0.0808994
91.8 -1.76882 0.0483066
91.9 -1.75365 0.0159899
92 -1.73824 -0.0160464
92.1 -1.72257 -0.0477976
92.2 -1.70662 -0.0792586
92.3 -1.69038 -0.110424
92.4 -1.67383 -0.141289
92.5 -1.65695 -0.171848
92.6 -1.63972 -0.202093
92.7 -1.62212 -0.232019
92.8 -1.60412 -0.261618
92.9 -1.58569 -0.290883
93 -1.5668 -0.319806
93.1 -1.54741 -0.348378
93.2 -1.52748 -0.376589
93.3 -1.50697 -0.404429
93.4 -1.48581 -0.431886
93.5 -1.46394 -0.458949
93.6 -1.44129 -0.485604
93.7 -1.41777 -0.511836
93.8 -1.39328 -0.537627
93.9 -1.36769 -0.562959
94 -1.34084 -0.58781
94.1 -1.31255 -0.612155
94.2 -1.28259 -0.635967
94.3 -1.25066 -0.659211
94.4 -1.21637 -0.681848
94.5 -1.17921 -0.703831
94.6 -1.13849 -0.7251
94.7 -1.09327 -0.745583
94.8 -1.04215 -0.765184
94.9 -0.983083 -0.783779
95 -0.912852 -0.801193
95.1 -0.826154 -0.817178
95.2 -0.713683 -0.831355
95.3 -0.557895 -0.843108
95.4 -0.323324 -0.851356
95.5 0.0628061 -0.854064
95.6 0.707247 -0.847439
95.7 1.48745 -0.827088
95.8 1.89466 -0.795141
95.9 1.99521 -0.75896
96 2.01384 -0.722026
96.1 2.01024 -0.685066
96.2 2.00043 -0.648259
96.3 1.98885 -0.611657
96.4 1.97668 -0.575275
96.5 1.96427 -0.539118
96.6 1.95169 -0.503192
96.7 1.93897 -0.467497
96.8 1.9261 -0.432037
96.9 1.91308 -0.396815
97 1.89992 -0.361833
97.1 1.88659 -0.327094
97.2 1.8731 -0.292601
97.3 1.85944 -0.258357
97.4 1.84559 -0.224366
97.5 1.83157 -0.19063
97.6 1.81735 -0.157153
97.7 1.80293 -0.123939
97.8 1.78829 -0.0909913
97.9 1.77344 -0.0583144
98 1.75835 -0.0259121
98.1 1.74302 0.00621101
98.2 1.72743 0.0380505
98.3 1.71156 0.0696014
98.4 1.69541 0.100859
98.5 1.67896 0.131817
98.6 1.66218 0.16247
98.7 1.64506 0.192813
98.8 1.62758 0.222838
98.9 1.60971 0.252538
99 1.59141 0.281907
99.1 1.57267 0.310936
99.2 1.55344 0.339617
99.3 1.53368 0.36794
99.4 1.51335 0.395895
99.5 1.49239 0.423472
99.6 1.47075 0.450658
99.7 1.44835 0.47744
99.8 1.42511 0.503804
99.9 1.40093 0.529733
100 1.37569 0.555208
100.1 1.34925 0.58021
100.2 1.32143 0.604714
100.3 1.29201 0.628693
100.4 1.26072 0.652116
100.5 1.2272 0.674944
100.6 1.19099 0.697134
100.7 1.15146 0.71863
100.8 1.10775 0.739364
100.9 1.05863 0.759249
101 1.00228 0.778169
101.1 0.935933 0.795969
101.2 0.855057 0.812427
101.3 0.751887 0.827212
101.4 0.612105 0.839799
101.5 0.40733 0.849285
101.6 0.0787931 0.854006
101.7 -0.477953 0.850781
101.8 -1.26492 0.834887
101.9 -1.82007 0.805757
102 -1.97826 0.770246
102.1 -2.01185 0.733415
102.2 -2.01239 0.696432
102.3 -2.00375 0.65957
102.4 -1.9925 0.622902
102.5 -1.98046 0.586451
102.6 -1.96811 0.550225
102.7 -1.95558 0.514227
102.8 -1.9429 0.478461
102.9 -1.93008 0.442929
103 -1.91711 0.407633
103.1 -1.90399 0.372577
103.2 -1.89071 0.337763
103.3 -1.87727 0.303194
103.4 -1.86366 0.268873
103.5 -1.84988 0.234803
103.6 -1.83591 0.200988
103.7 -1.82175 0.167431
103.8 -1.80739 0.134136
103.9 -1.79282 0.101106
104 -1.77804 0.0683452
104.1 -1.76302 0.035858
104.2 -1.74776 0.00364842
104.3 -1.73225 -0.0282789
104.4 -1.71648 -0.0599192
104.5 -1.70042 -0.0912674
104.6 -1.68406 -0.122318
104.7 -1.66738 -0.153066
104.8 -1.65037 -0.183505
104.9 -1.633 -0.213628
105 -1.61525 -0.24343
105.1 -1.59709 -0.272901
105.2 -1.57849 -0.302036
105.3 -1.55941 -0.330825
105.4 -1.53982 -0.359259
105.5 -1.51967 -0.387329
105.6 -1.49892 -0.415023
105.7 -1.47749 -0.442331
105.8 -1.45534 -0.469239
105.9 -1.43236 -0.495733
106 -1.40848 -0.521798
106.1 -1.38358 -0.547415
106.2 -1.35753 -0.572564
106.3 -1.33015 -0.597224
106.4 -1.30126 -0.621368
106.5 -1.27058 -0.644966
106.6 -1.23779 -0.667982
106.7 -1.20246 -0.690374
106.8 -1.16403 -0.71209
106.9 -1.12172 -0.733067
107 -1.07442 -0.753224
107.1 -1.02054 -0.772455
107.2 -0.957651 -0.79062
107.3 -0.881882 -0.80752
107.4 -0.786702 -0.822865
107.5 -0.660343 -0.836202
107.6 -0.479981 -0.846774
107.7 -0.198614 -0.853212
107.8 0.275592 -0.852898
107.9 1.01764 -0.841354
108 1.70355 -0.815783
108.1 1.95081 -0.781427
108.2 2.00702 -0.744792
108.3 2.01374 -0.707809
108.4 2.00683 -0.670898
108.5 1.99609 -0.634167
108.6 1.98421 -0.597648
108.7 1.97194 -0.561352
108.8 1.95945 -0.525284
108.9 1.94682 -0.489446
109 1.93404 -0.453841
109.1 1.92112 -0.418472
109.2 1.90804 -0.383342
109.3 1.89481 -0.348453
109.4 1.88142 -0.313808
109.5 1.86787 -0.279411
109.6 1.85414 -0.245263
109.7 1.84023 -0.21137
109.8 1.82613 -0.177733
109.9 1.81183 -0.144357
110 1.79733 -0.111245
110.1 1.78261 -0.0784007
110.2 1.76767 -0.0458288
110.3 1.75249 -0.0135333
110.4 1.73706 0.0184814
110.5 1.72136 0.0502105
110.6 1.70539 0.0816492
110.7 1.68913 0.112792
110.8 1.67255 0.143634
110.9 1.65565 0.174168
111 1.63839 0.20439
111.1 1.62076 0.234291
111.2 1.60273 0.263865
111.3 1.58426 0.293104
111.4 1.56534 0.322
111.5 1.54591 0.350545
111.6 1.52594 0.378728
111.7 1.50537 0.406539
111.8 1.48416 0.433967
111.9 1.46224 0.461
112 1.43953 0.487623
112.1 1.41594 0.513821
112.2 1.39137 0.539578
112.3 1.36568 0.564874
112.4 1.33873 0.589687
112.5 1.31033 0.613993
112.6 1.28023 0.637762
112.7 1.24813 0.660962
112.8 1.21364 0.683551
112.9 1.17623 0.705481
113 1.13521 0.726693
113.1 1.08959 0.747112
113.2 1.03795 0.766642
113.3 0.978165 0.785153
113.4 0.906898 0.802468
113.5 0.81863 0.81833
113.6 0.703618 0.832348
113.7 0.543391 0.843879
113.8 0.300447 0.851794
113.9 -0.101735 0.853949
114 -0.767488 0.846404
114.1 -1.5365 0.824968
114.2 -1.90839 0.792446
114.3 -1.99822 0.756149
114.4 -2.014 0.7192
114.5 -2.00961 0.682248
114.6 -1.99958 0.645456
114.7 -1.98793 0.60887
114.8 -1.97574 0.572505
114.9 -1.96332 0.536366
115 -1.95073 0.500457
115.1 -1.93799 0.46478
115.2 -1.92511 0.429339
115.3 -1.91208 0.394135
115.4 -1.8989 0.359171
115.5 -1.88556 0.324451
115.6 -1.87206 0.289977
115.7 -1.85838 0.255752
115.8 -1.84453 0.22178
115.9 -1.83049 0.188063
116 -1.81626 0.154607
116.1 -1.80182 0.121413
116.2 -1.78717 0.0884858
116.3 -1.77229 0.0558297
116.4 -1.75719 0.0234487
116.5 -1.74183 -0.008653
116.6 -1.72622 -0.0404706
116.7 -1.71034 -0.0719993
116.8 -1.69417 -0.103234
116.9 -1.67769 -0.134169
117 -1.66089 -0.164799
117.1 -1.64374 -0.195117
117.2 -1.62623 -0.225118
117.3 -1.60832 -0.254793
117.4 -1.59 -0.284136
117.5 -1.57122 -0.313139
117.6 -1.55195 -0.341793
117.7 -1.53215 -0.370088
117.8 -1.51177 -0.398015
117.9 -1.49077 -0.425563
118 -1.46907 -0.452718
118.1 -1.44661 -0.479469
118.2 -1.4233 -0.5058
118.3 -1.39904 -0.531695
118.4 -1.37372 -0.557135
118.5 -1.34718 -0.582099
118.6 -1.31924 -0.606564
118.7 -1.28969 -0.630502
118.8 -1.25825 -0.653881
118.9 -1.22454 -0.676662
119 -1.1881 -0.698801
119.1 -1.14828 -0.720242
119.2 -1.10421 -0.740914
119.3 -1.0546 -0.76073
119.4 -0.997612 -0.779571
119.5 -0.930341 -0.797277
119.6 -0.848093 -0.813621
119.7 -0.742748 -0.82826
119.8 -0.599259 -0.840648
119.9 -0.387643 -0.849843
120 -0.0458518 -0.854094
120.1 0.532505 -0.850073
120.2 1.32326 -0.833071
120.3 1.84193 -0.803169
120.4 1.9833 -0.767455
120.5 2.01257 -0.730591
120.6 2.01192 -0.693612
120.7 2.00294 -0.656763
120.8 1.9916 -0.620111
120.9 1.97953 -0.583678
121 1.96716 -0.547469
121.1 1.95462 -0.511489
121.2 1.94193 -0.47574
121.3 1.92909 -0.440226
121.4 1.91611 -0.404948
121.5 1.90298 -0.36991
121.6 1.88969 -0.335115
121.7 1.87624 -0.300565
121.8 1.86261 -0.266263
121.9 1.84882 -0.232212
122 1.83483 -0.198417
122.1 1.82066 -0.16488
122.2 1.80628 -0.131605
122.3 1.7917 -0.0985952
122.4 1.7769 -0.0658553
122.5 1.76186 -0.0333891
122.6 1.74659 -0.00120088
122.7 1.73106 0.0307047
122.8 1.71526 0.0623229
122.9 1.69918 0.0936486
123 1.6828 0.124676
123.1 1.6661 0.155401
123.2 1.64906 0.185816
123.3 1.63166 0.215915
123.4 1.61388 0.245691
123.5 1.59569 0.275138
123.6 1.57705 0.304246
123.7 1.55793 0.333008
123.8 1.5383 0.361415
123.9 1.51811 0.389457
124 1.4973 0.417122
124.1 1.47583 0.4444
124.2 1.45361 0.471277
124.3 1.43057 0.497738
124.4 1.40662 0.523769
124.5 1.38164 0.549351
124.6 1.35549 0.574465
124.7 1.328 0.599086
124.8 1.29898 0.62319
124.9 1.26815 0.646744
125 1.23519 0.669714
125.1 1.19965 0.692057
125.2 1.16095 0.713719
125.3 1.1183 0.734636
125.4 1.07056 0.754726
125.5 1.01609 0.773882
125.6 0.952383 0.791958
125.7 0.875407 0.808751
125.8 0.778355 0.823961
125.9 0.648878 0.837119
126 0.462898 0.847434
126.1 0.170716 0.853471
126.2 -0.323097 0.852478
126.3 -1.08007 0.839881
126.4 -1.73703 0.813366
126.5 -1.95881 0.778666
126.6 -2.00853 0.741971
126.7 -2.01349 0.704986
126.8 -2.00609 0.668086
126.9 -1.99521 0.63137
127 -1.98329 0.594868
127.1 -1.97099 0.55859
127.2 -1.9585 0.522539
127.3 -1.94585 0.486719
127.4 -1.93306 0.451132
127.5 -1.92012 0.415781
127.6 -1.90704 0.380669
127.7 -1.8938 0.345799
127.8 -1.88039 0.311173
127.9 -1.86683 0.276794
128 -1.85308 0.242666
128.1 -1.83916 0.208792
128.2 -1.82504 0.175175
128.3 -1.81073 0.141819
128.4 -1.79621 0.108727
128.5 -1.78148 0.0759039
128.6 -1.76652 0.043353
128.7 -1.75132 0.0110787
128.8 -1.73587 -0.0209143
128.9 -1.72015 -0.0526215
129 -1.70416 -0.0840378
129.1 -1.68787 -0.115158
129.2 -1.67127 -0.145976
129.3 -1.65434 -0.176487
129.4 -1.63706 -0.206684
129.5 -1.6194 -0.236561
129.6 -1.60133 -0.266109
129.7 -1.58283 -0.295323
129.8 -1.56387 -0.324193
129.9 -1.5444 -0.35271
130 -1.52439 -0.380865
130.1 -1.50378 -0.408647
130.2 -1.48251 -0.436045
130.3 -1.46053 -0.463047
130.4 -1.43776 -0.489638
130.5 -1.4141 -0.515804
130.6 -1.38944 -0.541526
130.7 -1.36367 -0.566786
130.8 -1.33662 -0.591561
130.9 -1.30809 -0.615827
131 -1.27785 -0.639554
131.1 -1.24558 -0.662709
131.2 -1.21089 -0.685249
131.3 -1.17324 -0.707127
131.4 -1.13191 -0.728282
131.5 -1.08588 -0.748636
131.6 -1.03371 -0.768093
131.7 -0.973181 -0.78652
131.8 -0.900848 -0.803734
131.9 -0.810955 -0.819472
132 -0.693299 -0.833326
132.1 -0.528425 -0.84463
132.2 -0.276672 -0.852198
132.3 0.142285 -0.853779
132.4 0.828701 -0.845283
132.5 1.58264 -0.822782
132.6 1.92069 -0.789733
132.7 2.00086 -0.753335
132.8 2.01407 -0.716374
132.9 2.00896 -0.679431
133 1.99873 -0.642654
133.1 1.98701 -0.606084
133.2 1.9748 -0.569736
133.3 1.96236 -0.533615
133.4 1.94976 -0.497724
133.5 1.93701 -0.462065
133.6 1.92412 -0.426641
133.7 1.91108 -0.391455
133.8 1.89789 -0.35651
133.9 1.88454 -0.321809
134 1.87102 -0.287353
134.1 1.85733 -0.253148
134.2 1.84346 -0.219195
134.3 1.82941 -0.185499
134.4 1.81516 -0.152062
134.5 1.80071 -0.118888
134.6 1.78604 -0.0859818
134.7 1.77115 -0.0533466
134.8 1.75602 -0.0209867
134.9 1.74065 0.0110934
135 1.72502 0.0428892
135.1 1.70911 0.0743955
135.2 1.69292 0.105607
135.3 1.67642 0.136519
135.4 1.65959 0.167126
135.5 1.64242 0.19742
135.6 1.62488 0.227396
135.7 1.60694 0.257046
135.8 1.58858 0.286364
135.9 1.56976 0.31534
136 1.55045 0.343967
136.1 1.53061 0.372235
136.2 1.51019 0.400133
136.3 1.48913 0.427651
136.4 1.46738 0.454776
136.5 1.44486 0.481495
136.6 1.42148 0.507793
136.7 1.39715 0.533654
136.8 1.37174 0.559059
136.9 1.3451 0.583986
137 1.31705 0.608411
137.1 1.28736 0.632308
137.2 1.25576 0.655643
137.3 1.22186 0.678377
137.4 1.18519 0.700465
137.5 1.14508 0.721849
137.6 1.10063 0.742459
137.7 1.05054 0.762205
137.8 0.992882 0.780965
137.9 0.924663 0.798577
138 0.840997 0.814804
138.1 0.733393 0.829294
138.2 0.586029 0.841478
138.3 0.367224 0.850372
138.4 0.0115114 0.854135
138.5 -0.588668 0.849286
138.6 -1.37973 0.831174
138.7 -1.86141 0.800548
138.8 -1.98775 0.764658
138.9 -2.01313 0.727767
139 -2.0114 0.690793
139.1 -2.00213 0.653957
139.2 -1.9907 0.617322
139.3 -1.97859 0.580905
139.4 -1.96621 0.544713
139.5 -1.95365 0.508751
139.6 -1.94095 0.47302
139.7 -1.92811 0.437524
139.8 -1.91511 0.402264
139.9 -1.90197 0.367245
140 -1.88867 0.332468
140.1 -1.8752 0.297937
140.2 -1.86157 0.263654
140.3 -1.84775 0.229623
140.4 -1.83376 0.195847
140.5 -1.81957 0.16233
140.6 -1.80518 0.129075
140.7 -1.79058 0.0960858
140.8 -1.77576 0.0633667
140.9 -1.76071 0.0309215
141 -1.74541 -0.00124525
141.1 -1.72986 -0.033129
141.2 -1.71404 -0.0647251
141.3 -1.69794 -0.0960282
141.4 -1.68153 -0.127033
141.5 -1.66481 -0.157734
141.6 -1.64774 -0.188125
141.7 -1.63032 -0.2182
141.8 -1.61251 -0.247951
141.9 -1.59428 -0.277372
142 -1.57561 -0.306455
142.1 -1.55645 -0.33519
142.2 -1.53678 -0.363569
142.3 -1.51654 -0.391582
142.4 -1.49569 -0.419219
142.5 -1.47416 -0.446466
142.6 -1.45188 -0.473312
142.7 -1.42878 -0.499741
142.8 -1.40475 -0.525739
142.9 -1.37968 -0.551286
143 -1.35344 -0.576362
143.1 -1.32585 -0.600945
143.2 -1.29669 -0.625008
143.3 -1.26571 -0.648519
143.4 -1.23257 -0.671443
143.5 -1.19681 -0.693735
143.6 -1.15784 -0.715343
143.7 -1.11485 -0.736201
143.8 -1.06667 -0.756223
143.9 -1.0116 -0.775302
144 -0.947038 -0.793289
144.1 -0.868818 -0.809973
144.2 -0.769823 -0.825046
144.3 -0.637093 -0.83802
144.4 -0.445219 -0.848071
144.5 -0.141656 -0.85369
144.6 0.372383 -0.851991
144.7 1.14201 -0.838321
144.8 1.7674 -0.8109
144.9 1.96597 -0.775896
145 2.00983 -0.73915
145.1 2.01318 -0.702164
145.2 2.00533 -0.665276
145.3 1.99432 -0.628576
145.4 1.98236 -0.592091
145.5 1.97004 -0.555829
145.6 1.95753 -0.519796
145.7 1.94488 -0.483994
145.8 1.93208 -0.448425
145.9 1.91913 -0.413092
146 1.90603 -0.377999
146.1 1.89278 -0.343147
146.2 1.87936 -0.308539
146.3 1.86578 -0.27418
146.4 1.85203 -0.240071
146.5 1.83809 -0.206216
146.6 1.82396 -0.172619
146.7 1.80963 -0.139283
146.8 1.7951 -0.106212
146.9 1.78034 -0.073409
147 1.76536 -0.040879
147.1 1.75015 -0.0086261
147.2 1.73468 0.0233453
147.3 1.71894 0.0550304
147.4 1.70293 0.0864243
147.5 1.68662 0.117522
147.6 1.66999 0.148317
147.7 1.65303 0.178804
147.8 1.63572 0.208977
147.9 1.61803 0.238828
148 1.59993 0.268352
148.1 1.5814 0.297539
148.2 1.5624 0.326382
148.3 1.54289 0.354872
148.4 1.52284 0.382999
148.5 1.50218 0.410753
148.6 1.48086 0.438121
148.7 1.45882 0.465092
148.8 1.43598 0.491651
148.9 1.41225 0.517783
149 1.38752 0.543471
149.1 1.36165 0.568695
149.2 1.33449 0.593432
149.3 1.30585 0.617658
149.4 1.27546 0.641343
149.5 1.24303 0.664452
149.6 1.20813 0.686944
149.7 1.17022 0.708769
149.8 1.12857 0.729865
149.9 1.08214 0.750155
150 1.02941 0.769538
150.1 0.96813 0.78788
150.2 0.894698 0.804992
150.3 0.803124 0.820603
150.4 0.682715 0.83429
150.5 0.512973 0.84536
150.6 0.251954 0.852569
150.7 -0.184505 0.85355
150.8 -0.890649 0.844076
150.9 -1.62573 0.820532
151 -1.93171 0.787006
151.1 -2.00318 0.750519
151.2 -2.01404 0.713548
151.3 -2.00828 0.676615
151.4 -1.99786 0.639853
151.5 -1.98609 0.6033
151.6 -1.97386 0.566969
151.7 -1.9614 0.530865
151.8 -1.94879 0.494992
151.9 -1.93603 0.459351
152 -1.92313 0.423945
152.1 -1.91008 0.388778
152.2 -1.89688 0.353851
152.3 -1.88351 0.319168
152.4 -1.86998 0.284732
152.5 -1.85628 0.250546
152.6 -1.8424 0.216612
152.7 -1.82833 0.182935
152.8 -1.81406 0.149519
152.9 -1.79959 0.116365
153 -1.78491 0.0834794
153.1 -1.77 0.0508651
153.2 -1.75486 0.0185264
153.3 -1.73947 -0.0135322
153.4 -1.72381 -0.045306
153.5 -1.70789 -0.0767901
153.6 -1.69167 -0.107979
153.7 -1.67514 -0.138868
153.8 -1.65829 -0.169451
153.9 -1.64109 -0.199721
154 -1.62352 -0.229672
154.1 -1.60555 -0.259298
154.2 -1.58716 -0.288589
154.3 -1.5683 -0.317539
154.4 -1.54896 -0.346139
154.5 -1.52907 -0.374379
154.6 -1.50861 -0.402248
154.7 -1.4875 -0.429737
154.8 -1.46569 -0.456831
154.9 -1.44311 -0.483519
155 -1.41966 -0.509784
155.1 -1.39525 -0.535611
155.2 -1.36975 -0.56098
155.3 -1.343 -0.585869
155.4 -1.31484 -0.610256
155.5 -1.28502 -0.634111
155.6 -1.25325 -0.657401
155.7 -1.21916 -0.680087
155.8 -1.18225 -0.702124
155.9 -1.14185 -0.723452
156 -1.09702 -0.744
156.1 -1.04643 -0.763674
156.2 -0.988091 -0.782354
156.3 -0.918897 -0.799869
156.4 -0.833764 -0.815978
156.5 -0.723813 -0.830315
156.6 -0.572399 -0.84229
156.7 -0.346035 -0.850872
156.8 0.0242858 -0.854127
156.9 0.646331 -0.848419
157 1.43402 -0.829201
157.1 1.87875 -0.797899
157.2 1.99166 -0.761856
157.3 2.01355 -0.724942
157.4 2.01085 -0.687973
157.5 2.0013 -0.651152
157.6 1.98979 -0.614533
157.7 1.97765 -0.578133
157.8 1.96526 -0.541959
157.9 1.95269 -0.506014
158 1.93998 -0.470301
158.1 1.92712 -0.434823
158.2 1.91412 -0.399582
158.3 1.90096 -0.364581
158.4 1.88764 -0.329822
158.5 1.87417 -0.29531
158.6 1.86052 -0.261046
158.7 1.84669 -0.227035
158.8 1.83268 -0.193279
158.9 1.81848 -0.159781
159 1.80407 -0.126546
159.1 1.78945 -0.0935777
159.2 1.77462 -0.0608793
159.3 1.75955 -0.0284553
159.4 1.74423 0.00369003
159.5 1.72866 0.035552
159.6 1.71282 0.0671259
159.7 1.6967 0.0984065
159.8 1.68027 0.129388
159.9 1.66352 0.160066
160 1.64643 0.190433
160.1 1.62897 0.220483
160.2 1.61113 0.25021
160.3 1.59287 0.279605
160.4 1.57416 0.308661
160.5 1.55497 0.33737
160.6 1.53526 0.365721
160.7 1.51497 0.393706
160.8 1.49407 0.421313
160.9 1.47249 0.44853
161 1.45015 0.475345
161.1 1.42698 0.501742
161.2 1.40287 0.527706
161.3 1.37772 0.553218
161.4 1.35138 0.578257
161.5 1.32368 0.602801
161.6 1.2944 0.626823
161.7 1.26326 0.650291
161.8 1.22994 0.673168
161.9 1.19396 0.69541
162 1.15471 0.716963
162.1 1.11137 0.73776
162.2 1.06273 0.757715
162.3 1.00704 0.776717
162.4 0.941614 0.794612
162.5 0.862109 0.811186
162.6 0.761098 0.826119
162.7 0.624975 0.838904
162.8 0.426912 0.848682
162.9 0.111376 0.853868
163 -0.423443 0.851434
163.1 -1.20312 0.836674
163.2 -1.79478 0.808389
163.3 -1.97238 0.773119
163.4 -2.01092 0.736328
163.5 -2.01282 0.699342
163.6 -2.00456 0.662467
163.7 -1.99343 0.625782
163.8 -1.98143 0.589314
163.9 -1.96909 0.55307
164 -1.95657 0.517054
164.1 -1.9439 0.48127
164.2 -1.93109 0.445719
164.3 -1.91813 0.410405
164.4 -1.90503 0.375329
164.5 -1.89176 0.340496
164.6 -1.87833 0.305907
164.7 -1.86474 0.271567
164.8 -1.85097 0.237477
164.9 -1.83701 0.203642
165 -1.82287 0.170065
165.1 -1.80853 0.136749
165.2 -1.79398 0.103698
165.3 -1.77921 0.0709158
165.4 -1.76421 0.0384069
165.5 -1.74897 0.00617527
165.6 -1.73348 -0.0257744
165.7 -1.71773 -0.0574375
165.8 -1.70169 -0.0888089
165.9 -1.68536 -0.119883
166 -1.66871 -0.150655
166.1 -1.65173 -0.181119
166.2 -1.63439 -0.211267
166.3 -1.61666 -0.241094
166.4 -1.59854 -0.270592
166.5 -1.57997 -0.299753
166.6 -1.56093 -0.32857
166.7 -1.54138 -0.357033
166.8 -1.52128 -0.385131
166.9 -1.50057 -0.412856
167 -1.47921 -0.440194
167.1 -1.45711 -0.467134
167.2 -1.4342 -0.493662
167.3 -1.4104 -0.519761
167.4 -1.38559 -0.545413
167.5 -1.35963 -0.570601
167.6 -1.33236 -0.5953
167.7 -1.30359 -0.619486
167.8 -1.27306 -0.643128
167.9 -1.24045 -0.666191
168 -1.20535 -0.688634
168.1 -1.16719 -0.710406
168.2 -1.12521 -0.731444
168.3 -1.07836 -0.751668
168.4 -1.02507 -0.770977
168.5 -0.963009 -0.789232
168.6 -0.888445 -0.806241
168.7 -0.795129 -0.821722
168.8 -0.671854 -0.835239
168.9 -0.497012 -0.846068
169 -0.226241 -0.852905
169.1 0.228436 -0.853262
169.2 0.953064 -0.842781
169.3 1.66568 -0.818224
169.4 1.94163 -0.784265
169.5 2.0052 -0.747701
169.6 2.01393 -0.710723
169.7 2.00758 -0.6738
169.8 1.99699 -0.637053
169.9 1.98517 -0.600517
170 1.97291 -0.564204
170.1 1.96044 -0.528117
170.2 1.94782 -0.492261
170.3 1.93505 -0.456638
170.4 1.92214 -0.421251
170.5 1.90908 -0.386101
170.6 1.89586 -0.351193
170.7 1.88248 -0.316529
170.8 1.86894 -0.282112
170.9 1.85523 -0.247945
171 1.84133 -0.214031
171.1 1.82725 -0.180374
171.2 1.81296 -0.146977
171.3 1.79848 -0.113844
171.4 1.78378 -0.0809788
171.5 1.76885 -0.0483853
171.6 1.75369 -0.0160679
171.7 1.73828 0.0159691
171.8 1.72261 0.047721
171.9 1.70666 0.0791827
172 1.69042 0.110349
172.1 1.67387 0.141215
172.2 1.65699 0.171774
172.3 1.63976 0.20202
172.4 1.62216 0.231947
172.5 1.60416 0.261547
172.6 1.58573 0.290813
172.7 1.56684 0.319736
172.8 1.54746 0.348309
172.9 1.52753 0.376521
173 1.50702 0.404362
173.1 1.48586 0.43182
173.2 1.46399 0.458884
173.3 1.44135 0.48554
173.4 1.41783 0.511773
173.5 1.39334 0.537565
173.6 1.36775 0.562898
173.7 1.34091 0.58775
173.8 1.31262 0.612097
173.9 1.28267 0.63591
174 1.25074 0.659155
174.1 1.21645 0.681794
174.2 1.1793 0.703778
174.3 1.1386 0.72505
174.4 1.09338 0.745534
174.5 1.04228 0.765138
174.6 0.983238 0.783735
174.7 0.913039 0.801152
174.8 0.82639 0.817141
174.9 0.713999 0.831323
175 0.558348 0.843083
175.1 0.324036 0.851342
175.2 -0.0615964 0.854067
175.3 -0.705353 0.84747
175.4 -1.48585 0.827154
175.5 -1.8942 0.795226
175.6 -1.99511 0.759049
175.7 -2.01383 0.722116
175.8 -2.01025 0.685155
175.9 -2.00046 0.648348
176 -1.98888 0.611745
176.1 -1.97671 0.575362
176.2 -1.9643 0.539206
176.3 -1.95172 0.503278
176.4 -1.939 0.467583
176.5 -1.92613 0.432123
176.6 -1.91312 0.3969
176.7 -1.89995 0.361917
176.8 -1.88662 0.327178
176.9 -1.87313 0.292684
177 -1.85947 0.25844
177.1 -1.84563 0.224448
177.2 -1.8316 0.190711
177.3 -1.81738 0.157234
177.4 -1.80296 0.124019
177.5 -1.78833 0.0910709
177.6 -1.77347 0.0583933
177.7 -1.75839 0.0259904
177.8 -1.74305 -0.00613348
177.9 -1.72746 -0.0379736
178 -1.7116 -0.0695253
178.1 -1.69545 -0.100783
178.2 -1.679 -0.131742
178.3 -1.66222 -0.162396
178.4 -1.64511 -0.192739
178.5 -1.62762 -0.222765
178.6 -1.60975 -0.252467
178.7 -1.59146 -0.281836
178.8 -1.57271 -0.310866
178.9 -1.55348 -0.339548
179 -1.53373 -0.367872
179.1 -1.5134 -0.395828
179.2 -1.49245 -0.423406
179.3 -1.47081 -0.450593
179.4 -1.44841 -0.477376
179.5 -1.42517 -0.50374
179.6 -1.40099 -0.52967
179.7 -1.37576 -0.555147
179.8 -1.34932 -0.58015
179.9 -1.3215 -0.604655
180 -1.29209 -0.628635
180.1 -1.2608 -0.65206
180.2 -1.22729 -0.67489
180.3 -1.19108 -0.697081
180.4 -1.15156 -0.718579
180.5 -1.10786 -0.739315
180.6 -1.05875 -0.759202
180.7 -1.00243 -0.778125
180.8 -0.936109 -0.795927
180.9 -0.855276 -0.812389
181 -0.752174 -0.827179
181.1 -0.612507 -0.839771
181.2 -0.407943 -0.849267
181.3 -0.0798164 -0.854003
181.4 0.476249 -0.850803
181.5 1.26305 -0.834943
181.6 1.81934 -0.805839
181.7 1.97809 -0.770335
181.8 2.01183 -0.733505
181.9 2.0124 -0.696522
182 2.00377 -0.659659
182.1 1.99253 -0.622991
182.2 1.98049 -0.586539
182.3 1.96814 -0.550313
182.4 1.95561 -0.514314
182.5 1.94293 -0.478547
182.6 1.93011 -0.443015
182.7 1.91714 -0.407718
182.8 1.90402 -0.372661
182.9 1.89074 -0.337847
183 1.8773 -0.303277
183.1 1.86369 -0.268956
183.2 1.84991 -0.234885
183.3 1.83594 -0.20107
183.4 1.82178 -0.167512
183.5 1.80742 -0.134216
183.6 1.79286 -0.101186
183.7 1.77807 -0.0684243
183.8 1.76306 -0.0359364
183.9 1.7478 -0.00372614
184 1.73229 0.0282019
184.1 1.71651 0.0598428
184.2 1.70046 0.0911918
184.3 1.6841 0.122243
184.4 1.66742 0.152992
184.5 1.65041 0.183431
184.6 1.63305 0.213556
184.7 1.6153 0.243358
184.8 1.59713 0.27283
184.9 1.57853 0.301966
185 1.55946 0.330755
185.1 1.53987 0.359191
185.2 1.51972 0.387261
185.3 1.49897 0.414957
185.4 1.47755 0.442265
185.5 1.45539 0.469174
185.6 1.43242 0.495669
185.7 1.40854 0.521735
185.8 1.38365 0.547353
185.9 1.35759 0.572504
186 1.33022 0.597165
186.1 1.30133 0.62131
186.2 1.27065 0.64491
186.3 1.23787 0.667927
186.4 1.20255 0.690321
186.5 1.16413 0.712039
186.6 1.12182 0.733017
186.7 1.07454 0.753176
186.8 1.02068 0.77241
186.9 0.957817 0.790578
187 0.882085 0.807481
187.1 0.786964 0.82283
187.2 0.660702 0.836173
187.3 0.480513 0.846752
187.4 0.199481 0.853203
187.5 -0.274114 0.85291
187.6 -1.01565 0.841399
187.7 -1.70244 0.815859
187.8 -1.95055 0.781514
187.9 -2.00696 0.744881
188 -2.01375 0.707899
188.1 -2.00686 0.670987
188.2 -1.99612 0.634255
188.3 -1.98424 0.597736
188.4 -1.97197 0.56144
188.5 -1.95949 0.525371
188.6 -1.94685 0.489532
188.7 -1.93407 0.453927
188.8 -1.92115 0.418558
188.9 -1.90807 0.383427
189 -1.89484 0.348537
189.1 -1.88146 0.313892
189.2 -1.8679 0.279494
189.3 -1.85417 0.245346
189.4 -1.84026 0.211452
189.5 -1.82616 0.177814
189.6 -1.81187 0.144437
189.7 -1.79736 0.111325
189.8 -1.78265 0.07848
189.9 -1.7677 0.0459075
190 -1.75252 0.0136113
190.1 -1.73709 -0.0184041
190.2 -1.7214 -0.050134
190.3 -1.70543 -0.0815734
190.4 -1.68917 -0.112717
190.5 -1.67259 -0.143559
190.6 -1.65569 -0.174095
190.7 -1.63843 -0.204317
190.8 -1.6208 -0.234219
190.9 -1.60277 -0.263794
191 -1.58431 -0.293034
191.1 -1.56538 -0.321931
191.2 -1.54596 -0.350476
191.3 -1.52599 -0.37866
191.4 -1.50542 -0.406472
191.5 -1.48421 -0.433901
191.6 -1.46229 -0.460935
191.7 -1.43958 -0.487559
191.8 -1.416 -0.513758
191.9 -1.39143 -0.539516
192 -1.36575 -0.564813
192.1 -1.3388 -0.589628
192.2 -1.3104 -0.613935
192.3 -1.2803 -0.637705
192.4 -1.24821 -0.660906
192.5 -1.21372 -0.683497
192.6 -1.17633 -0.705429
192.7 -1.13532 -0.726643
192.8 -1.08971 -0.747064
192.9 -1.03808 -0.766596
193 -0.978322 -0.785109
193.1 -0.907089 -0.802428
193.2 -0.818871 -0.818294
193.3 -0.703941 -0.832317
193.4 -0.543858 -0.843855
193.5 -0.301186 -0.85178
193.6 0.100475 -0.853954
193.7 0.76556 -0.846438
193.8 1.53498 -0.825036
193.9 1.90798 -0.792532
194 1.99813 -0.756238
194.1 2.014 -0.71929
194.2 2.00963 -0.682337
194.3 1.99961 -0.645545
194.4 1.98796 -0.608958
194.5 1.97577 -0.572593
194.6 1.96335 -0.536453
194.7 1.95076 -0.500544
194.8 1.93802 -0.464867
194.9 1.92514 -0.429424
195 1.91212 -0.39422
195.1 1.89894 -0.359255
195.2 1.8856 -0.324534
195.3 1.87209 -0.29006
195.4 1.85842 -0.255835
195.5 1.84456 -0.221862
195.6 1.83052 -0.188145
195.7 1.81629 -0.154687
195.8 1.80185 -0.121493
195.9 1.7872 -0.0885654
196 1.77233 -0.0559086
196.1 1.75722 -0.0235268
196.2 1.74187 0.00857551
196.3 1.72626 0.0403938
196.4 1.71038 0.0719232
196.5 1.69421 0.103159
196.6 1.67773 0.134094
196.7 1.66093 0.164725
196.8 1.64378 0.195044
196.9 1.62627 0.225045
197 1.60837 0.254722
197.1 1.59004 0.284066
197.2 1.57126 0.313069
197.3 1.55199 0.341724
197.4 1.5322 0.37002
197.5 1.51182 0.397948
197.6 1.49082 0.425496
197.7 1.46912 0.452653
197.8 1.44667 0.479405
197.9 1.42336 0.505737
198 1.3991 0.531632
198.1 1.37378 0.557073
198.2 1.34724 0.582039
198.3 1.31931 0.606505
198.4 1.28977 0.630445
198.5 1.25833 0.653825
198.6 1.22463 0.676608
198.7 1.18819 0.698749
198.8 1.14838 0.720191
198.9 1.10432 0.740865
199 1.05473 0.760683
199.1 0.997761 0.779526
199.2 0.93052 0.797235
199.3 0.848316 0.813583
199.4 0.743042 0.828227
199.5 0.599672 0.840621
199.6 0.388279 0.849825
199.7 0.0469186 0.854092
199.8 -0.530748 0.850096
199.9 -1.32144 0.83313
200 -1.84128 0.803252
