0 2 0
0.1 1.80681 0.0341766
0.2 1.7395 0.0664138
0.3 1.70633 0.0978191
0.4 1.68397 0.128742
0.5 1.66511 0.159295
0.6 1.64729 0.189517
0.7 1.62961 0.219416
0.8 1.61175 0.248991
0.9 1.59354 0.278237
1 1.57493 0.307148
1.1 1.55585 0.335714
1.2 1.53626 0.363927
1.3 1.51611 0.391779
1.4 1.49535 0.419256
1.5 1.47391 0.446349
1.6 1.45174 0.473045
1.7 1.42875 0.499328
1.8 1.40484 0.525183
1.9 1.3799 0.550593
2 1.35379 0.575538
2.1 1.32635 0.599994
2.2 1.29736 0.623935
2.3 1.26656 0.647332
2.4 1.23362 0.670147
2.5 1.1981 0.692339
2.6 1.15941 0.713855
2.7 1.11674 0.734629
2.8 1.06895 0.754581
2.9 1.01438 0.773601
3 0.95048 0.791545
3.1 0.873155 0.808209
3.2 0.775459 0.82329
3.3 0.644744 0.836313
3.4 0.456234 0.846476
3.5 0.158578 0.852315
3.6 -0.346347 0.851014
3.7 -1.11339 0.837946
3.8 -1.75545 0.811062
3.9 -1.96301 0.77636
4 -2.0091 0.739835
4.1 -2.01314 0.703054
4.2 -2.00554 0.666365
4.3 -1.99465 0.62986
4.4 -1.98277 0.593568
4.5 -1.97053 0.557497
4.6 -1.9581 0.521652
4.7 -1.94551 0.486034
4.8 -1.93279 0.450648
4.9 -1.91992 0.415495
5 -1.9069 0.380578
5.1 -1.89373 0.3459
5.2 -1.8804 0.311464
5.3 -1.86691 0.277273
5.4 -1.85324 0.24333
5.5 -1.83939 0.209637
5.6 -1.82536 0.1762
5.7 -1.81113 0.143019
5.8 -1.79669 0.110101
5.9 -1.78205 0.0774476
6 -1.76717 0.0450638
6.1 -1.75207 0.0129534
6.2 -1.73671 -0.0188791
6.3 -1.7211 -0.0504289
6.4 -1.70521 -0.0816914
6.5 -1.68902 -0.112661
6.6 -1.67254 -0.143333
6.7 -1.65572 -0.173701
6.8 -1.63856 -0.203759
6.9 -1.62102 -0.2335
7 -1.60309 -0.262918
7.1 -1.58473 -0.292005
7.2 -1.56592 -0.320753
7.3 -1.54661 -0.349153
7.4 -1.52676 -0.377195
7.5 -1.50633 -0.40487
7.6 -1.48526 -0.432167
7.7 -1.46348 -0.459073
7.8 -1.44093 -0.485574
7.9 -1.41752 -0.511657
8 -1.39314 -0.537303
8.1 -1.36766 -0.562495
8.2 -1.34094 -0.58721
8.3 -1.31279 -0.611426
8.4 -1.28298 -0.635112
8.5 -1.25122 -0.658238
8.6 -1.21711 -0.680763
8.7 -1.18017 -0.702641
8.8 -1.13971 -0.723814
8.9 -1.09478 -0.744209
9 -1.04402 -0.763734
9.1 -0.985414 -0.782265
9.2 -0.915781 -0.799632
9.3 -0.829908 -0.81559
9.4 -0.718642 -0.829768
9.5 -0.564738 -0.841562
9.6 -0.333306 -0.849917
9.7 0.0476481 -0.852836
9.8 0.686832 -0.846578
9.9 1.47312 -0.826679
10 1.89099 -0.795061
10.1 1.99417 -0.759105
10.2 2.01357 -0.72238
10.3 2.01025 -0.685622
10.4 2.00058 -0.649015
10.5 1.98908 -0.61261
10.6 1.97699 -0.576422
10.7 1.96465 -0.540457
10.8 1.95214 -0.50472
10.9 1.93949 -0.469211
11 1.9267 -0.433936
11.1 1.91376 -0.398894
11.2 1.90067 -0.364091
11.3 1.88743 -0.329527
11.4 1.87402 -0.295207
11.5 1.86044 -0.261133
11.6 1.84669 -0.227309
11.7 1.83276 -0.193736
11.8 1.81863 -0.16042
11.9 1.8043 -0.127364
12 1.78977 -0.0945709
12.1 1.77502 -0.062045
12.2 1.76003 -0.0297903
12.3 1.74481 0.00218869
12.4 1.72933 0.0338876
12.5 1.71359 0.0653017
12.6 1.69756 0.096426
12.7 1.68124 0.127255
12.8 1.6646 0.157783
12.9 1.64762 0.188005
13 1.63028 0.217914
13.1 1.61256 0.247502
13.2 1.59443 0.276764
13.3 1.57586 0.305691
13.4 1.55682 0.334275
13.5 1.53726 0.362506
13.6 1.51714 0.390376
13.7 1.49641 0.417873
13.8 1.47502 0.444986
13.9 1.45288 0.471701
14 1.42993 0.498006
14.1 1.40607 0.523883
14.2 1.38119 0.549316
14.3 1.35515 0.574285
14.4 1.32777 0.598766
14.5 1.29887 0.622735
14.6 1.26817 0.64616
14.7 1.23535 0.669006
14.8 1.19997 0.69123
14.9 1.16146 0.712781
15 1.11901 0.733595
15.1 1.07152 0.753591
15.2 1.01735 0.772662
15.3 0.953998 0.790665
15.4 0.877489 0.8074
15.5 0.781063 0.82257
15.6 0.652475 0.835713
15.7 0.467818 0.846048
15.8 0.177615 0.852159
15.9 -0.313911 0.851319
16 -1.07195 0.838958
16.1 -1.73474 0.812683
16.2 -1.95813 0.778187
16.3 -2.0082 0.741697
16.4 -2.01333 0.704917
16.5 -2.00604 0.66822
16.6 -1.99523 0.631706
16.7 -1.98338 0.595402
16.8 -1.97115 0.55932
16.9 -1.95873 0.523463
17 -1.94616 0.487834
17.1 -1.93344 0.452436
17.2 -1.92058 0.417271
17.3 -1.90757 0.382342
17.4 -1.8944 0.347652
17.5 -1.88108 0.313204
17.6 -1.8676 0.279
17.7 -1.85394 0.245044
17.8 -1.8401 0.211339
17.9 -1.82607 0.177888
18 -1.81185 0.144695
18.1 -1.79743 0.111763
18.2 -1.78279 0.0790961
18.3 -1.76793 0.0466985
18.4 -1.75284 0.0145741
18.5 -1.7375 -0.0172725
18.6 -1.72189 -0.0488368
18.7 -1.70602 -0.080114
18.8 -1.68985 -0.111099
18.9 -1.67338 -0.141786
19 -1.65658 -0.172169
19.1 -1.63944 -0.202243
19.2 -1.62192 -0.232001
19.3 -1.60401 -0.261435
19.4 -1.58568 -0.290539
19.5 -1.56688 -0.319304
19.6 -1.5476 -0.347722
19.7 -1.52778 -0.375783
19.8 -1.50738 -0.403477
19.9 -1.48634 -0.430793
20 -1.46461 -0.457719
20.1 -1.4421 -0.484241
20.2 -1.41873 -0.510345
20.3 -1.3944 -0.536014
20.4 -1.36898 -0.561229
20.5 -1.34233 -0.585969
20.6 -1.31426 -0.610211
20.7 -1.28454 -0.633925
20.8 -1.25288 -0.65708
20.9 -1.21891 -0.679637
21 -1.18212 -0.701549
21.1 -1.14186 -0.722759
21.2 -1.09718 -0.743196
21.3 -1.04676 -0.762767
21.4 -0.988616 -0.781352
21.5 -0.919645 -0.798783
21.6 -0.83477 -0.81482
21.7 -0.725111 -0.8291
21.8 -0.573999 -0.841036
21.9 -0.347811 -0.849602
22 0.0229978 -0.852868
22.1 0.64761 -0.847197
22.2 1.43842 -0.828026
22.3 1.88071 -0.796825
22.4 1.99187 -0.760957
22.5 2.01338 -0.724244
22.6 2.01064 -0.687482
22.7 2.00113 -0.650865
22.8 1.98968 -0.614449
22.9 1.97761 -0.57825
23 1.96528 -0.542274
23.1 1.95278 -0.506525
23.2 1.94014 -0.471005
23.3 1.92735 -0.435718
23.4 1.91442 -0.400665
23.5 1.90134 -0.365849
23.6 1.8881 -0.331273
23.7 1.8747 -0.296941
23.8 1.86114 -0.262854
23.9 1.84739 -0.229017
24 1.83347 -0.195432
24.1 1.81935 -0.162103
24.2 1.80503 -0.129033
24.3 1.79051 -0.0962263
24.4 1.77577 -0.0636868
24.5 1.7608 -0.0314183
24.6 1.74559 0.000574813
24.7 1.73012 0.0322881
24.8 1.71439 0.0637167
24.9 1.69838 0.0948558
25 1.68207 0.1257
25.1 1.66545 0.156244
25.2 1.64849 0.186481
25.3 1.63117 0.216406
25.4 1.61347 0.246011
25.5 1.59536 0.275289
25.6 1.57682 0.304233
25.7 1.5578 0.332835
25.8 1.53826 0.361084
25.9 1.51817 0.388972
26 1.49748 0.416489
26.1 1.47612 0.443621
26.2 1.45402 0.470357
26.3 1.43112 0.496683
26.4 1.40731 0.522583
26.5 1.38248 0.548039
26.6 1.3565 0.573031
26.7 1.3292 0.597538
26.8 1.30038 0.621533
26.9 1.26978 0.644986
27 1.23707 0.667863
27.1 1.20184 0.69012
27.2 1.1635 0.711706
27.3 1.12127 0.73256
27.4 1.07407 0.752599
27.5 1.02029 0.771719
27.6 0.957483 0.789781
27.7 0.881772 0.806586
27.8 0.786587 0.821845
27.9 0.660066 0.835106
28 0.47914 0.84561
28.1 0.196142 0.851986
28.2 -0.282269 0.851595
28.3 -1.03032 0.839933
28.4 -1.71264 0.814282
28.5 -1.9529 0.78001
28.6 -2.0072 0.743559
28.7 -2.0135 0.70678
28.8 -2.00653 0.670076
28.9 -1.99581 0.633551
29 -1.98399 0.597237
29.1 -1.97178 0.561143
29.2 -1.95936 0.525275
29.3 -1.9468 0.489634
29.4 -1.93409 0.454224
29.5 -1.92123 0.419048
29.6 -1.90823 0.384107
29.7 -1.89508 0.349405
29.8 -1.88176 0.314944
29.9 -1.86828 0.280728
30 -1.85463 0.246759
30.1 -1.8408 0.213041
30.2 -1.82679 0.179577
30.3 -1.81258 0.146371
30.4 -1.79817 0.113426
30.5 -1.78354 0.0807454
30.6 -1.76869 0.048334
30.7 -1.75361 0.0161957
30.8 -1.73828 -0.0156651
30.9 -1.72269 -0.0472439
31 -1.70683 -0.0785357
31.1 -1.69068 -0.109535
31.2 -1.67422 -0.140238
31.3 -1.65744 -0.170637
31.4 -1.64031 -0.200726
31.5 -1.62282 -0.2305
31.6 -1.60493 -0.259951
31.7 -1.58662 -0.289072
31.8 -1.56785 -0.317854
31.9 -1.54859 -0.34629
32 -1.5288 -0.374369
32.1 -1.50843 -0.402082
32.2 -1.48743 -0.429418
32.3 -1.46573 -0.456364
32.4 -1.44326 -0.482907
32.5 -1.41993 -0.509032
32.6 -1.39565 -0.534724
32.7 -1.3703 -0.559962
32.8 -1.34371 -0.584727
32.9 -1.31572 -0.608995
33 -1.28609 -0.632736
33.1 -1.25454 -0.655921
33.2 -1.22069 -0.678509
33.3 -1.18406 -0.700455
33.4 -1.14399 -0.721702
33.5 -1.09957 -0.74218
33.6 -1.04949 -0.761798
33.7 -0.991792 -0.780436
33.8 -0.923469 -0.797931
33.9 -0.839571 -0.814046
34 -0.731479 -0.828426
34.1 -0.583075 -0.840501
34.2 -0.361959 -0.849273
34.3 -0.000981248 -0.852878
34.4 0.60899 -0.847779
34.5 1.40261 -0.82934
34.6 1.8696 -0.798579
34.7 1.98937 -0.762807
34.8 2.01312 -0.726109
34.9 2.01101 -0.689342
35 2.00168 -0.652716
35.1 1.99028 -0.616289
35.2 1.97823 -0.580079
35.3 1.96591 -0.544092
35.4 1.95342 -0.508331
35.5 1.94078 -0.4728
35.6 1.928 -0.4375
35.7 1.91508 -0.402435
35.8 1.90201 -0.367607
35.9 1.88878 -0.333019
36 1.87539 -0.298674
36.1 1.86183 -0.264575
36.2 1.84809 -0.230725
36.3 1.83418 -0.197127
36.4 1.82007 -0.163785
36.5 1.80576 -0.130702
36.6 1.79125 -0.0978823
36.7 1.77652 -0.0653291
36.8 1.76156 -0.0330468
36.9 1.74636 -0.00103968
37 1.73091 0.0306879
37.1 1.7152 0.0621311
37.2 1.6992 0.0932849
37.3 1.68291 0.124144
37.4 1.6663 0.154703
37.5 1.64936 0.184956
37.6 1.63206 0.214897
37.7 1.61438 0.244518
37.8 1.59629 0.273814
37.9 1.57777 0.302775
38 1.55877 0.331394
38.1 1.53927 0.359661
38.2 1.51921 0.387568
38.3 1.49854 0.415103
38.4 1.47722 0.442256
38.5 1.45516 0.469012
38.6 1.4323 0.495359
38.7 1.40854 0.521281
38.8 1.38376 0.54676
38.9 1.35784 0.571776
39 1.33061 0.596308
39.1 1.30188 0.62033
39.2 1.27137 0.643811
39.3 1.23879 0.666718
39.4 1.20369 0.689007
39.5 1.16552 0.71063
39.6 1.12352 0.731522
39.7 1.07661 0.751604
39.8 1.02321 0.770775
39.9 0.960935 0.788894
40 0.886006 0.805769
40.1 0.792032 0.821115
40.2 0.667522 0.834492
40.3 0.49021 0.845162
40.4 0.214175 0.851796
40.5 -0.251417 0.851842
40.6 -0.988589 0.840869
40.7 -1.68913 0.815859
40.8 -1.94728 0.78183
40.9 -2.00611 0.74542
41 -2.01364 0.708644
41.1 -2.00701 0.671933
41.2 -1.99639 0.635398
41.3 -1.98461 0.599072
41.4 -1.9724 0.562967
41.5 -1.96 0.527087
41.6 -1.94744 0.491435
41.7 -1.93473 0.456013
41.8 -1.92189 0.420825
41.9 -1.90889 0.385872
42 -1.89575 0.351158
42.1 -1.88244 0.316685
42.2 -1.86897 0.282456
42.3 -1.85533 0.248475
42.4 -1.84151 0.214744
42.5 -1.8275 0.181267
42.6 -1.8133 0.148048
42.7 -1.7989 0.115089
42.8 -1.78429 0.0823954
42.9 -1.76945 0.0499703
43 -1.75438 0.0178181
43.1 -1.73906 -0.0140569
43.2 -1.72349 -0.0456501
43.3 -1.70764 -0.0769565
43.4 -1.6915 -0.107971
43.5 -1.67506 -0.138689
43.6 -1.6583 -0.169103
43.7 -1.64119 -0.199209
43.8 -1.62371 -0.228999
43.9 -1.60584 -0.258466
44 -1.58755 -0.287604
44.1 -1.56881 -0.316404
44.2 -1.54958 -0.344857
44.3 -1.52982 -0.372955
44.4 -1.50948 -0.400686
44.5 -1.48851 -0.428041
44.6 -1.46684 -0.455008
44.7 -1.44442 -0.481571
44.8 -1.42114 -0.507718
44.9 -1.39691 -0.533432
45 -1.37161 -0.558694
45.1 -1.34509 -0.583484
45.2 -1.31717 -0.607777
45.3 -1.28763 -0.631546
45.4 -1.25619 -0.654759
45.5 -1.22247 -0.677379
45.6 -1.186 -0.699358
45.7 -1.14612 -0.720643
45.8 -1.10195 -0.741162
45.9 -1.05219 -0.760826
46 -0.99494 -0.779517
46.1 -0.927255 -0.797075
46.2 -0.844311 -0.813267
46.3 -0.737746 -0.827747
46.4 -0.591972 -0.839957
46.5 -0.375761 -0.848932
46.6 -0.0243061 -0.852866
46.7 0.571015 -0.848325
46.8 1.36579 -0.830622
46.9 1.8576 -0.800321
47 1.98665 -0.764656
47.1 2.01281 -0.727973
47.2 2.01136 -0.691202
47.3 2.00222 -0.654568
47.4 1.99088 -0.61813
47.5 1.97885 -0.581909
47.6 1.96654 -0.54591
47.7 1.95405 -0.510138
47.8 1.94143 -0.474594
47.9 1.92865 -0.439283
48 1.91574 -0.404206
48.1 1.90267 -0.369366
48.2 1.88945 -0.334766
48.3 1.87607 -0.300409
48.4 1.86252 -0.266297
48.5 1.84879 -0.232434
48.6 1.83489 -0.198824
48.7 1.82079 -0.165468
48.8 1.80649 -0.132372
48.9 1.79199 -0.0995389
49 1.77727 -0.0669721
49.1 1.76233 -0.034676
49.2 1.74714 -0.00265479
49.3 1.7317 0.029087
49.4 1.716 0.0605447
49.5 1.70002 0.0917134
49.6 1.68374 0.122588
49.7 1.66715 0.153162
49.8 1.65022 0.183431
49.9 1.63294 0.213387
50 1.61528 0.243025
50.1 1.59722 0.272337
50.2 1.57872 0.301315
50.3 1.55975 0.329952
50.4 1.54027 0.358238
50.5 1.52024 0.386163
50.6 1.49961 0.413717
50.7 1.47831 0.440889
50.8 1.4563 0.467666
50.9 1.43348 0.494034
51 1.40976 0.519978
51.1 1.38504 0.54548
51.2 1.35919 0.57052
51.3 1.33203 0.595077
51.4 1.30337 0.619125
51.5 1.27297 0.642635
51.6 1.24049 0.665572
51.7 1.20554 0.687894
51.8 1.16754 0.709551
51.9 1.12576 0.730482
52 1.07912 0.750608
52.1 1.0261 0.769827
52.2 0.964355 0.788004
52.3 0.890192 0.804948
52.4 0.797401 0.82038
52.5 0.674847 0.833871
52.6 0.501035 0.844704
52.7 0.23173 0.851589
52.8 -0.221351 0.85206
52.9 -0.94686 0.841766
53 -1.66419 0.817412
53.1 -1.94126 0.783645
53.2 -2.00491 0.747281
53.3 -2.01374 0.710509
53.4 -2.00748 0.67379
53.5 -1.99697 0.637245
53.6 -1.98522 0.600909
53.7 -1.97303 0.564792
53.8 -1.96063 0.528901
53.9 -1.94808 0.493237
54 -1.93538 0.457803
54.1 -1.92254 0.422603
54.2 -1.90956 0.387638
54.3 -1.89642 0.352912
54.4 -1.88312 0.318426
54.5 -1.86966 0.284185
54.6 -1.85603 0.250191
54.7 -1.84221 0.216448
54.8 -1.82822 0.182958
54.9 -1.81403 0.149725
55 -1.79964 0.116754
55.1 -1.78503 0.0840463
55.2 -1.77021 0.0516074
55.3 -1.75515 0.0194413
55.4 -1.73984 -0.0124479
55.5 -1.72428 -0.0440555
55.6 -1.70845 -0.0753766
55.7 -1.69233 -0.106406
55.8 -1.6759 -0.137139
55.9 -1.65916 -0.167569
56 -1.64207 -0.19769
56.1 -1.62461 -0.227496
56.2 -1.60676 -0.25698
56.3 -1.58849 -0.286135
56.4 -1.56977 -0.314952
56.5 -1.55057 -0.343423
56.6 -1.53083 -0.371539
56.7 -1.51052 -0.39929
56.8 -1.48958 -0.426664
56.9 -1.46796 -0.45365
57 -1.44557 -0.480235
57.1 -1.42234 -0.506403
57.2 -1.39816 -0.532139
57.3 -1.37292 -0.557425
57.4 -1.34647 -0.582239
57.5 -1.31863 -0.606558
57.6 -1.28918 -0.630354
57.7 -1.25783 -0.653597
57.8 -1.22424 -0.676247
57.9 -1.18792 -0.698261
58 -1.14824 -0.719582
58.1 -1.10431 -0.740141
58.2 -1.05487 -0.759851
58.3 -0.998063 -0.778596
58.4 -0.931001 -0.796215
58.5 -0.848993 -0.812484
58.6 -0.743916 -0.827062
58.7 -0.600695 -0.839405
58.8 -0.389229 -0.848578
58.9 -0.046994 -0.852833
59 0.533724 -0.848837
59.1 1.32802 -0.831869
59.2 1.84462 -0.80205
59.3 1.98369 -0.766501
59.4 2.01243 -0.729837
59.5 2.0117 -0.693063
59.6 2.00276 -0.656419
59.7 1.99148 -0.619971
59.8 1.97947 -0.583739
59.9 1.96716 -0.547728
60 1.95469 -0.511945
60.1 1.94207 -0.47639
60.2 1.92931 -0.441067
60.3 1.9164 -0.405978
60.4 1.90334 -0.371126
60.5 1.89013 -0.336513
60.6 1.87675 -0.302144
60.7 1.86321 -0.26802
60.8 1.84949 -0.234144
60.9 1.8356 -0.200521
61 1.82151 -0.167152
61.1 1.80722 -0.134043
61.2 1.79273 -0.101196
61.3 1.77802 -0.0686158
61.4 1.76309 -0.0363058
61.5 1.74792 -0.00427057
61.6 1.73249 0.0274855
61.7 1.7168 0.0589577
61.8 1.70084 0.0901412
61.9 1.68457 0.121031
62 1.668 0.15162
62.1 1.65109 0.181905
62.2 1.63383 0.211877
62.3 1.61619 0.241531
62.4 1.59814 0.27086
62.5 1.57967 0.299855
62.6 1.56072 0.328509
62.7 1.54127 0.356813
62.8 1.52127 0.384757
62.9 1.50067 0.41233
63 1.47941 0.439522
63.1 1.45743 0.466319
63.2 1.43466 0.492708
63.3 1.41099 0.518674
63.4 1.38632 0.544198
63.5 1.36053 0.569263
63.6 1.33344 0.593845
63.7 1.30486 0.61792
63.8 1.27455 0.641457
63.9 1.2422 0.664424
64 1.20738 0.686778
64.1 1.16955 0.708471
64.2 1.12798 0.72944
64.3 1.08163 0.749609
64.4 1.02897 0.768877
64.5 0.967743 0.787111
64.6 0.894331 0.804123
64.7 0.802695 0.819641
64.8 0.682044 0.833244
64.9 0.511625 0.844235
65 0.248824 0.851367
65.1 -0.19206 0.852251
65.2 -0.905224 0.842624
65.3 -1.63784 0.818941
65.4 -1.93479 0.785455
65.5 -2.00359 0.749141
65.6 -2.01382 0.712373
65.7 -2.00794 0.675647
65.8 -1.99755 0.639092
65.9 -1.98583 0.602745
66 -1.97365 0.566618
66.1 -1.96126 0.530715
66.2 -1.94872 0.495039
66.3 -1.93603 0.459594
66.4 -1.9232 0.424382
66.5 -1.91022 0.389405
66.6 -1.89709 0.354666
66.7 -1.8838 0.320169
66.8 -1.87034 0.285915
66.9 -1.85672 0.251909
67 -1.84292 0.218152
67.1 -1.82893 0.18465
67.2 -1.81475 0.151404
67.3 -1.80037 0.118419
67.4 -1.78578 0.0856978
67.5 -1.77096 0.0532453
67.6 -1.75592 0.0210652
67.7 -1.74063 -0.0108381
67.8 -1.72508 -0.0424601
67.9 -1.70926 -0.0737958
68 -1.69315 -0.10484
68.1 -1.67674 -0.135588
68.2 -1.66001 -0.166034
68.3 -1.64294 -0.196171
68.4 -1.6255 -0.225993
68.5 -1.60768 -0.255494
68.6 -1.58943 -0.284665
68.7 -1.57073 -0.3135
68.8 -1.55155 -0.341988
68.9 -1.53184 -0.370123
69 -1.51157 -0.397892
69.1 -1.49066 -0.425286
69.2 -1.46907 -0.452292
69.3 -1.44673 -0.478897
69.4 -1.42354 -0.505087
69.5 -1.39941 -0.530846
69.6 -1.37423 -0.556154
69.7 -1.34784 -0.580993
69.8 -1.32007 -0.605337
69.9 -1.29071 -0.629161
70 -1.25947 -0.652432
70.1 -1.226 -0.675114
70.2 -1.18984 -0.697161
70.3 -1.15034 -0.718518
70.4 -1.10665 -0.739119
70.5 -1.05753 -0.758874
70.6 -1.00116 -0.777671
70.7 -0.934711 -0.795352
70.8 -0.853616 -0.811696
70.9 -0.749991 -0.826371
71 -0.60925 -0.838846
71.1 -0.402374 -0.848212
71.2 -0.069062 -0.852779
71.3 0.497147 -0.849314
71.4 1.28941 -0.833081
71.5 1.8306 -0.803765
71.6 1.98047 -0.768345
71.7 2.01198 -0.731701
71.8 2.01202 -0.694924
71.9 2.00329 -0.658272
72 1.99207 -0.621813
72.1 1.98008 -0.585569
72.2 1.96779 -0.549548
72.3 1.95533 -0.513752
72.4 1.94271 -0.478186
72.5 1.92996 -0.442851
72.6 1.91705 -0.40775
72.7 1.904 -0.372886
72.8 1.8908 -0.338261
72.9 1.87743 -0.303879
73 1.8639 -0.269743
73.1 1.85019 -0.235854
73.2 1.8363 -0.202218
73.3 1.82223 -0.168837
73.4 1.80795 -0.135714
73.5 1.79347 -0.102854
73.6 1.77878 -0.0702601
73.7 1.76385 -0.0379363
73.8 1.74869 -0.00588704
73.9 1.73328 0.0258833
74 1.7176 0.05737
74.1 1.70165 0.0885682
74.2 1.6854 0.119473
74.3 1.66884 0.150078
74.4 1.65195 0.180378
74.5 1.63471 0.210366
74.6 1.61709 0.240037
74.7 1.59907 0.269382
74.8 1.58061 0.298394
74.9 1.56169 0.327066
75 1.54227 0.355388
75.1 1.52229 0.38335
75.2 1.50173 0.410942
75.3 1.4805 0.438154
75.4 1.45857 0.464971
75.5 1.43583 0.491381
75.6 1.41221 0.517369
75.7 1.3876 0.542916
75.8 1.36186 0.568004
75.9 1.33484 0.592611
76 1.30635 0.616712
76.1 1.27614 0.640278
76.2 1.24389 0.663275
76.3 1.20921 0.685661
76.4 1.17155 0.707388
76.5 1.13019 0.728396
76.6 1.08411 0.748608
76.7 1.03182 0.767924
76.8 0.971101 0.786214
76.9 0.898424 0.803294
77 0.807916 0.818896
77.1 0.689118 0.83261
77.2 0.521987 0.843758
77.3 0.265472 0.851129
77.4 -0.163536 0.852415
77.5 -0.86377 0.843444
77.6 -1.61007 0.820444
77.7 -1.92786 0.78726
77.8 -2.00215 0.751001
77.9 -2.01386 0.714238
78 -2.0084 0.677505
78.1 -1.99812 0.640941
78.2 -1.98643 0.604583
78.3 -1.97428 0.568444
78.4 -1.96189 0.532529
78.5 -1.94936 0.496842
78.6 -1.93667 0.461385
78.7 -1.92385 0.426161
78.8 -1.91088 0.391172
78.9 -1.89776 0.356421
79 -1.88447 0.321912
79.1 -1.87103 0.287646
79.2 -1.85742 0.253627
79.3 -1.84362 0.219858
79.4 -1.82965 0.186342
79.5 -1.81548 0.153083
79.6 -1.80111 0.120084
79.7 -1.78652 0.0873501
79.8 -1.77172 0.0548839
79.9 -1.75669 0.0226898
80 -1.74141 -0.00922761
80.1 -1.72587 -0.0408639
80.2 -1.71007 -0.0722143
80.3 -1.69398 -0.103274
80.4 -1.67758 -0.134037
80.5 -1.66087 -0.164498
80.6 -1.64381 -0.194651
80.7 -1.6264 -0.224489
80.8 -1.60859 -0.254006
80.9 -1.59036 -0.283194
81 -1.57169 -0.312046
81.1 -1.55254 -0.340553
81.2 -1.53286 -0.368705
81.3 -1.51261 -0.396493
81.4 -1.49174 -0.423906
81.5 -1.47018 -0.450932
81.6 -1.44788 -0.477558
81.7 -1.42474 -0.50377
81.8 -1.40066 -0.52955
81.9 -1.37553 -0.554882
82 -1.34921 -0.579745
82.1 -1.32152 -0.604116
82.2 -1.29224 -0.627966
82.3 -1.26111 -0.651267
82.4 -1.22776 -0.673979
82.5 -1.19174 -0.696059
82.6 -1.15244 -0.717453
82.7 -1.10899 -0.738094
82.8 -1.06018 -0.757895
82.9 -1.00423 -0.776743
83 -0.938383 -0.794486
83.1 -0.858183 -0.810904
83.2 -0.755973 -0.825674
83.3 -0.617641 -0.838278
83.4 -0.415207 -0.847833
83.5 -0.0905276 -0.852705
83.6 0.46131 -0.849758
83.7 1.25005 -0.834258
83.8 1.81546 -0.805465
83.9 1.97698 -0.770185
84 2.01146 -0.733564
84.1 2.01231 -0.696786
84.2 2.00382 -0.660124
84.3 1.99266 -0.623655
84.4 1.9807 -0.5874
84.5 1.96842 -0.551367
84.6 1.95596 -0.51556
84.7 1.94335 -0.479982
84.8 1.93061 -0.444636
84.9 1.91771 -0.409523
85 1.90467 -0.374647
85.1 1.89147 -0.34001
85.2 1.87811 -0.305615
85.3 1.86459 -0.271466
85.4 1.85089 -0.237565
85.5 1.83701 -0.203916
85.6 1.82294 -0.170522
85.7 1.80868 -0.137386
85.8 1.79421 -0.104513
85.9 1.77953 -0.0719051
86 1.76461 -0.0395675
86.1 1.74946 -0.00750424
86.2 1.73407 0.0242803
86.3 1.71841 0.0557816
86.4 1.70247 0.0869945
86.5 1.68623 0.117914
86.6 1.66969 0.148534
86.7 1.65282 0.17885
86.8 1.63559 0.208854
86.9 1.61799 0.238541
87 1.59999 0.267903
87.1 1.58156 0.296932
87.2 1.56266 0.325621
87.3 1.54326 0.353961
87.4 1.52332 0.381942
87.5 1.50278 0.409553
87.6 1.4816 0.436784
87.7 1.4597 0.463622
87.8 1.437 0.490053
87.9 1.41343 0.516062
88 1.38887 0.541632
88.1 1.3632 0.566744
88.2 1.33625 0.591377
88.3 1.30783 0.615504
88.4 1.27771 0.639098
88.5 1.24558 0.662124
88.6 1.21103 0.684542
88.7 1.17354 0.706304
88.8 1.13239 0.72735
88.9 1.08658 0.747604
89 1.03465 0.766969
89.1 0.974428 0.785315
89.2 0.902472 0.802461
89.3 0.813067 0.818147
89.4 0.696071 0.83197
89.5 0.532128 0.84327
89.6 0.28169 0.850876
89.7 -0.135766 0.852553
89.8 -0.822579 0.844225
89.9 -1.58092 0.82192
90 -1.92042 0.789059
90.1 -2.00058 0.752859
90.2 -2.01387 0.716103
90.3 -2.00884 0.679364
90.4 -1.99869 0.642789
90.5 -1.98704 0.60642
90.6 -1.9749 0.57027
90.7 -1.96253 0.534344
90.8 -1.95 0.498646
90.9 -1.93732 0.463177
91 -1.9245 0.427941
91.1 -1.91154 0.39294
91.2 -1.89842 0.358177
91.3 -1.88515 0.323655
91.4 -1.87172 0.289377
91.5 -1.85811 0.255345
91.6 -1.84433 0.221563
91.7 -1.83036 0.188035
91.8 -1.8162 0.154763
91.9 -1.80184 0.121751
92 -1.78727 0.089003
92.1 -1.77248 0.0565231
92.2 -1.75745 0.0243152
92.3 -1.74219 -0.00761642
92.4 -1.72667 -0.0392671
92.5 -1.71088 -0.0706321
92.6 -1.6948 -0.101706
92.7 -1.67842 -0.132485
92.8 -1.66173 -0.162961
92.9 -1.64469 -0.19313
93 -1.62729 -0.222984
93.1 -1.6095 -0.252518
93.2 -1.5913 -0.281723
93.3 -1.57265 -0.310592
93.4 -1.55352 -0.339116
93.5 -1.53387 -0.367287
93.6 -1.51365 -0.395094
93.7 -1.49281 -0.422526
93.8 -1.47129 -0.449572
93.9 -1.44903 -0.476218
94 -1.42593 -0.502451
94.1 -1.4019 -0.528254
94.2 -1.37683 -0.55361
94.3 -1.35057 -0.578497
94.4 -1.32296 -0.602892
94.5 -1.29377 -0.62677
94.6 -1.26273 -0.650099
94.7 -1.22951 -0.672842
94.8 -1.19364 -0.694956
94.9 -1.15452 -0.716386
95 -1.11131 -0.737067
95.1 -1.06281 -0.756913
95.2 -1.00728 -0.775813
95.3 -0.942019 -0.793616
95.4 -0.862695 -0.810108
95.5 -0.761865 -0.824972
95.6 -0.625873 -0.837703
95.7 -0.427737 -0.847443
95.8 -0.111408 -0.852611
95.9 0.426232 -0.850169
96 1.21004 -0.835398
96.1 1.79913 -0.807149
96.2 1.9732 -0.772023
96.3 2.01086 -0.735427
96.4 2.01259 -0.698647
96.5 2.00434 -0.661978
96.6 1.99326 -0.625498
96.7 1.98131 -0.589232
96.8 1.96905 -0.553188
96.9 1.9566 -0.517369
97 1.944 -0.481779
97.1 1.93125 -0.446421
97.2 1.91837 -0.411296
97.3 1.90533 -0.376408
97.4 1.89214 -0.341759
97.5 1.87879 -0.307352
97.6 1.86528 -0.273191
97.7 1.85159 -0.239277
97.8 1.83772 -0.205615
97.9 1.82366 -0.172208
98 1.80941 -0.139059
98.1 1.79495 -0.106172
98.2 1.78027 -0.0735508
98.3 1.76537 -0.0411995
98.4 1.75024 -0.00912221
98.5 1.73485 0.0226766
98.6 1.71921 0.0541923
98.7 1.70328 0.0854199
98.8 1.68706 0.116354
98.9 1.67054 0.14699
99 1.65368 0.177321
99.1 1.63647 0.207342
99.2 1.61889 0.237045
99.3 1.60091 0.266423
99.4 1.5825 0.29547
99.5 1.56363 0.324176
99.6 1.54426 0.352534
99.7 1.52434 0.380533
99.8 1.50384 0.408163
99.9 1.48269 0.435414
100 1.46082 0.462272
100.1 1.43817 0.488724
100.2 1.41465 0.514755
100.3 1.39014 0.540348
100.4 1.36453 0.565483
100.5 1.33765 0.59014
100.6 1.30931 0.614294
100.7 1.27929 0.637915
100.8 1.24726 0.660971
100.9 1.21285 0.683421
101 1.17552 0.705218
101.1 1.13458 0.726302
101.2 1.08903 0.746598
101.3 1.03746 0.766011
101.4 0.977726 0.784412
101.5 0.906476 0.801625
101.6 0.818149 0.817393
101.7 0.702909 0.831323
101.8 0.542056 0.842773
101.9 0.297493 0.850608
102 -0.108737 0.852666
102.1 -0.781728 0.844969
102.2 -1.55042 0.823369
102.3 -1.91243 0.790851
102.4 -1.99886 0.754717
102.5 -2.01383 0.717968
102.6 -2.00928 0.681223
102.7 -1.99925 0.644638
102.8 -1.98765 0.608259
102.9 -1.97552 0.572097
103 -1.96316 0.53616
103.1 -1.95063 0.50045
103.2 -1.93797 0.464969
103.3 -1.92516 0.429721
103.4 -1.9122 0.394709
103.5 -1.89909 0.359934
103.6 -1.88583 0.325399
103.7 -1.8724 0.291108
103.8 -1.8588 0.257064
103.9 -1.84503 0.223269
104 -1.83107 0.189728
104.1 -1.81692 0.156443
104.2 -1.80257 0.123418
104.3 -1.78801 0.0906565
104.4 -1.77323 0.0581629
104.5 -1.75822 0.0259411
104.6 -1.74297 -0.00600458
104.7 -1.72746 -0.0376696
104.8 -1.71168 -0.0690492
104.9 -1.69562 -0.100138
105 -1.67926 -0.130932
105.1 -1.66258 -0.161424
105.2 -1.64556 -0.191608
105.3 -1.62818 -0.221479
105.4 -1.61041 -0.251029
105.5 -1.59223 -0.280251
105.6 -1.57361 -0.309137
105.7 -1.5545 -0.337679
105.8 -1.53488 -0.365867
105.9 -1.51469 -0.393693
106 -1.49388 -0.421145
106.1 -1.4724 -0.44821
106.2 -1.45018 -0.474878
106.3 -1.42712 -0.501132
106.4 -1.40315 -0.526957
106.5 -1.37813 -0.552335
106.6 -1.35194 -0.577247
106.7 -1.32439 -0.601668
106.8 -1.29529 -0.625573
106.9 -1.26436 -0.648931
107 -1.23125 -0.671704
107.1 -1.19553 -0.693851
107.2 -1.15659 -0.715318
107.3 -1.11361 -0.736038
107.4 -1.06542 -0.755929
107.5 -1.0103 -0.77488
107.6 -0.945619 -0.792743
107.7 -0.867152 -0.809308
107.8 -0.767669 -0.824265
107.9 -0.633951 -0.83712
108 -0.439974 -0.847042
108.1 -0.13172 -0.852498
108.2 0.39193 -0.850548
108.3 1.16948 -0.8365
108.4 1.78156 -0.808816
108.5 1.96911 -0.773858
108.6 2.01017 -0.73729
108.7 2.01284 -0.700509
108.8 2.00485 -0.663831
108.9 1.99385 -0.627341
109 1.98193 -0.591064
109.1 1.96967 -0.555009
109.2 1.95723 -0.519179
109.3 1.94464 -0.483577
109.4 1.9319 -0.448207
109.5 1.91902 -0.41307
109.6 1.906 -0.37817
109.7 1.89282 -0.343509
109.8 1.87947 -0.30909
109.9 1.86597 -0.274916
110 1.85229 -0.24099
110.1 1.83843 -0.207315
110.2 1.82438 -0.173894
110.3 1.81014 -0.140732
110.4 1.79569 -0.107832
110.5 1.78102 -0.0751974
110.6 1.76614 -0.0428323
110.7 1.75101 -0.010741
110.8 1.73564 0.0210721
110.9 1.72 0.0526022
111 1.70409 0.0838446
111.1 1.68789 0.114794
111.2 1.67138 0.145445
111.3 1.65454 0.175792
111.4 1.63736 0.205828
111.5 1.61979 0.235547
111.6 1.60183 0.264942
111.7 1.58345 0.294006
111.8 1.5646 0.32273
111.9 1.54525 0.351105
112 1.52537 0.379123
112.1 1.50489 0.406772
112.2 1.48377 0.434042
112.3 1.46195 0.460921
112.4 1.43934 0.487394
112.5 1.41586 0.513446
112.6 1.39141 0.539062
112.7 1.36585 0.564221
112.8 1.33904 0.588903
112.9 1.31079 0.613083
113 1.28085 0.636732
113.1 1.24894 0.659817
113.2 1.21466 0.682299
113.3 1.17749 0.70413
113.4 1.13676 0.725252
113.5 1.09147 0.74559
113.6 1.04025 0.765051
113.7 0.980995 0.783507
113.8 0.910438 0.800785
113.9 0.823163 0.816634
114 0.709633 0.83067
114.1 0.551779 0.842268
114.2 0.312894 0.850325
114.3 -0.0824324 0.852754
114.4 -0.741288 0.845675
114.5 -1.5186 0.824788
114.6 -1.90383 0.792636
114.7 -1.997 0.756572
114.8 -2.01375 0.719833
114.9 -2.0097 0.683082
115 -1.99982 0.646488
115.1 -1.98825 0.610097
115.2 -1.97614 0.573925
115.3 -1.96379 0.537976
115.4 -1.95127 0.502254
115.5 -1.93861 0.466762
115.6 -1.92581 0.431502
115.7 -1.91286 0.396477
115.8 -1.89976 0.36169
115.9 -1.8865 0.327144
116 -1.87309 0.29284
116.1 -1.8595 0.258784
116.2 -1.84573 0.224976
116.3 -1.83178 0.191422
116.4 -1.81764 0.158124
116.5 -1.8033 0.125085
116.6 -1.78875 0.0923106
116.7 -1.77399 0.0598034
116.8 -1.75899 0.0275677
116.9 -1.74375 -0.00439212
117 -1.72825 -0.0360715
117.1 -1.71249 -0.0674657
117.2 -1.69644 -0.0985697
117.3 -1.6801 -0.129378
117.4 -1.66343 -0.159885
117.5 -1.64643 -0.190086
117.6 -1.62907 -0.219972
117.7 -1.61132 -0.249539
117.8 -1.59316 -0.278777
117.9 -1.57456 -0.307681
118 -1.55548 -0.336241
118.1 -1.53589 -0.364447
118.2 -1.51573 -0.392292
118.3 -1.49495 -0.419762
118.4 -1.47351 -0.446848
118.5 -1.45132 -0.473536
118.6 -1.42831 -0.499811
118.7 -1.40439 -0.525659
118.8 -1.37943 -0.55106
118.9 -1.3533 -0.575996
119 -1.32583 -0.600443
119.1 -1.29681 -0.624374
119.2 -1.26597 -0.64776
119.3 -1.23299 -0.670565
119.4 -1.19742 -0.692744
119.5 -1.15866 -0.714247
119.6 -1.1159 -0.735007
119.7 -1.06801 -0.754942
119.8 -1.01329 -0.773944
119.9 -0.949184 -0.791867
120 -0.871557 -0.808504
120.1 -0.773387 -0.823552
120.2 -0.64188 -0.83653
120.3 -0.451929 -0.846629
120.4 -0.151482 -0.852367
120.5 0.358413 -0.850895
120.6 1.12848 -0.837565
120.7 1.76269 -0.810464
120.8 1.9647 -0.77569
120.9 2.0094 -0.739153
121 2.01307 -0.702372
121.1 2.00536 -0.665686
121.2 1.99443 -0.629185
121.3 1.98254 -0.592897
121.4 1.9703 -0.55683
121.5 1.95786 -0.520989
121.6 1.94528 -0.485376
121.7 1.93255 -0.449994
121.8 1.91968 -0.414845
121.9 1.90666 -0.379933
122 1.89349 -0.34526
122.1 1.88015 -0.310828
122.2 1.86666 -0.276642
122.3 1.85298 -0.242703
122.4 1.83913 -0.209015
122.5 1.8251 -0.175582
122.6 1.81086 -0.142407
122.7 1.79642 -0.109493
122.8 1.78177 -0.0768447
122.9 1.7669 -0.0444658
123 1.75178 -0.0123606
123.1 1.73642 0.0194667
123.2 1.7208 0.0510113
123.3 1.70491 0.0822683
123.4 1.68872 0.113233
123.5 1.67223 0.143899
123.6 1.65541 0.174261
123.7 1.63824 0.204313
123.8 1.62069 0.234049
123.9 1.60276 0.263461
124 1.58439 0.292541
124.1 1.56557 0.321283
124.2 1.54625 0.349676
124.3 1.52639 0.377712
124.4 1.50594 0.40538
124.5 1.48486 0.43267
124.6 1.46307 0.459568
124.7 1.44051 0.486062
124.8 1.41708 0.512136
124.9 1.39267 0.537774
125 1.36718 0.562957
125.1 1.34043 0.587664
125.2 1.31226 0.61187
125.3 1.28241 0.635547
125.4 1.25061 0.658661
125.5 1.21646 0.681175
125.6 1.17946 0.70304
125.7 1.13892 0.7242
125.8 1.0939 0.74458
125.9 1.04302 0.764087
126 0.984235 0.782598
126.1 0.914357 0.799941
126.2 0.828113 0.81587
126.3 0.716248 0.83001
126.4 0.561302 0.841753
126.5 0.327907 0.850029
126.6 -0.0568384 0.852818
126.7 -0.701324 0.846343
126.8 -1.48552 0.826178
126.9 -1.89456 0.794413
127 -1.99496 0.758427
127.1 -2.01363 0.721697
127.2 -2.0101 0.684942
127.3 -2.00037 0.648338
127.4 -1.98886 0.611937
127.5 -1.97676 0.575753
127.6 -1.96442 0.539792
127.7 -1.95191 0.504059
127.8 -1.93926 0.468555
127.9 -1.92646 0.433284
128 -1.91352 0.398247
128.1 -1.90043 0.363448
128.2 -1.88718 0.328889
128.3 -1.87377 0.294573
128.4 -1.86019 0.260504
128.5 -1.84643 0.226684
128.6 -1.8325 0.193116
128.7 -1.81837 0.159805
128.8 -1.80404 0.126754
128.9 -1.7895 0.0939653
129 -1.77474 0.0614444
129.1 -1.75975 0.0291948
129.2 -1.74453 -0.00277905
129.3 -1.72904 -0.0344728
129.4 -1.71329 -0.0658815
129.5 -1.69726 -0.0970003
129.6 -1.68093 -0.127824
129.7 -1.66429 -0.158347
129.8 -1.6473 -0.188563
129.9 -1.62996 -0.218465
130 -1.61223 -0.248048
130.1 -1.59409 -0.277304
130.2 -1.57552 -0.306224
130.3 -1.55646 -0.334801
130.4 -1.53689 -0.363026
130.5 -1.51676 -0.390889
130.6 -1.49602 -0.418379
130.7 -1.47461 -0.445485
130.8 -1.45247 -0.472193
130.9 -1.4295 -0.49849
131 -1.40562 -0.524359
131.1 -1.38072 -0.549784
131.2 -1.35465 -0.574743
131.3 -1.32725 -0.599216
131.4 -1.29832 -0.623174
131.5 -1.26759 -0.646589
131.6 -1.23472 -0.669424
131.7 -1.19929 -0.691636
131.8 -1.16071 -0.713174
131.9 -1.11818 -0.733974
132 -1.07058 -0.753953
132.1 -1.01627 -0.773006
132.2 -0.952715 -0.790987
132.3 -0.875909 -0.807696
132.4 -0.779022 -0.822834
132.5 -0.649663 -0.835933
132.6 -0.46361 -0.846206
132.7 -0.17071 -0.852218
132.8 0.325687 -0.851211
132.9 1.08714 -0.838592
133 1.74248 -0.812092
133.1 1.95996 -0.777519
133.2 2.00854 -0.741015
133.3 2.01327 -0.704235
133.4 2.00586 -0.667541
133.5 1.99502 -0.63103
133.6 1.98316 -0.594731
133.7 1.97093 -0.558653
133.8 1.9585 -0.5228
133.9 1.94592 -0.487175
134 1.9332 -0.451781
134.1 1.92034 -0.416621
134.2 1.90732 -0.381697
134.3 1.89416 -0.347011
134.4 1.88083 -0.312567
134.5 1.86734 -0.278368
134.6 1.85368 -0.244417
134.7 1.83984 -0.210716
134.8 1.82581 -0.17727
134.9 1.81159 -0.144082
135 1.79716 -0.111155
135.1 1.78252 -0.0784929
135.2 1.76765 -0.0461002
135.3 1.75256 -0.013981
135.4 1.73721 0.0178604
135.5 1.7216 0.0494195
135.6 1.70572 0.0806912
135.7 1.68955 0.111671
135.8 1.67307 0.142352
135.9 1.65627 0.17273
136 1.63911 0.202798
136.1 1.62159 0.23255
136.2 1.60367 0.261978
136.3 1.58533 0.291075
136.4 1.56653 0.319834
136.5 1.54724 0.348245
136.6 1.52741 0.3763
136.7 1.507 0.403987
136.8 1.48595 0.431296
136.9 1.4642 0.458214
137 1.44167 0.484729
137.1 1.41829 0.510825
137.2 1.39394 0.536486
137.3 1.3685 0.561692
137.4 1.34182 0.586424
137.5 1.31372 0.610655
137.6 1.28397 0.63436
137.7 1.25227 0.657504
137.8 1.21825 0.680049
137.9 1.18141 0.701949
138 1.14107 0.723145
138.1 1.0963 0.743567
138.2 1.04576 0.763121
138.3 0.987448 0.781686
138.4 0.918236 0.799094
138.5 0.832998 0.815102
138.6 0.722756 0.829345
138.7 0.570632 0.841229
138.8 0.342546 0.849719
138.9 -0.0319384 0.852859
139 -0.661893 0.846975
139.1 -1.45125 0.827537
139.2 -1.88456 0.796181
139.3 -1.99273 0.76028
139.4 -2.01345 0.723562
139.5 -2.0105 0.686801
139.6 -2.00093 0.650188
139.7 -1.98946 0.613776
139.8 -1.97738 0.577581
139.9 -1.96505 0.541609
140 -1.95255 0.505864
140.1 -1.9399 0.470349
140.2 -1.92711 0.435066
140.3 -1.91418 0.400017
140.4 -1.9011 0.365205
140.5 -1.88786 0.330634
140.6 -1.87445 0.296306
140.7 -1.86088 0.262224
140.8 -1.84714 0.228392
140.9 -1.83321 0.194811
141 -1.81909 0.161487
141.1 -1.80477 0.128422
141.2 -1.79024 0.0956205
141.3 -1.77549 0.063086
141.4 -1.76052 0.0308226
141.5 -1.7453 -0.00116539
141.6 -1.72983 -0.0328734
141.7 -1.7141 -0.0642967
141.8 -1.69808 -0.0954304
141.9 -1.68177 -0.126269
142 -1.66514 -0.156807
142.1 -1.64817 -0.187039
142.2 -1.63085 -0.216957
142.3 -1.61314 -0.246557
142.4 -1.59502 -0.275829
142.5 -1.57647 -0.304767
142.6 -1.55744 -0.333362
142.7 -1.5379 -0.361605
142.8 -1.5178 -0.389486
142.9 -1.49709 -0.416995
143 -1.47572 -0.444121
143.1 -1.45361 -0.470849
143.2 -1.43069 -0.497167
143.3 -1.40686 -0.523059
143.4 -1.38201 -0.548506
143.5 -1.356 -0.57349
143.6 -1.32868 -0.597988
143.7 -1.29982 -0.621973
143.8 -1.26919 -0.645416
143.9 -1.23644 -0.668281
144 -1.20116 -0.690526
144.1 -1.16275 -0.7121
144.2 -1.12045 -0.732939
144.3 -1.07314 -0.752962
144.4 -1.01921 -0.772065
144.5 -0.956212 -0.790105
144.6 -0.88021 -0.806884
144.7 -0.784575 -0.822111
144.8 -0.657304 -0.835329
144.9 -0.475027 -0.845772
145 -0.189421 -0.852051
145.1 0.293755 -0.851498
145.2 1.04557 -0.839581
145.3 1.72089 -0.8137
145.4 1.95486 -0.779344
145.5 2.00758 -0.742878
145.6 2.01344 -0.706099
145.7 2.00635 -0.669397
145.8 1.9956 -0.632876
145.9 1.98377 -0.596566
146 1.97155 -0.560476
146.1 1.95913 -0.524612
146.2 1.94656 -0.488975
146.3 1.93385 -0.45357
146.4 1.92099 -0.418397
146.5 1.90799 -0.383461
146.6 1.89483 -0.348763
146.7 1.88151 -0.314307
146.8 1.86803 -0.280096
146.9 1.85438 -0.246132
147 1.84055 -0.212418
147.1 1.82653 -0.178959
147.2 1.81231 -0.145758
147.3 1.7979 -0.112817
147.4 1.78327 -0.0801418
147.5 1.76841 -0.0477355
147.6 1.75333 -0.0156023
147.7 1.73799 0.0162533
147.8 1.7224 0.0478268
147.9 1.70653 0.0791133
148 1.69038 0.110108
148.1 1.67391 0.140804
148.2 1.65713 0.171198
148.3 1.63999 0.201281
148.4 1.62249 0.231049
148.5 1.60459 0.260494
148.6 1.58627 0.289609
148.7 1.5675 0.318385
148.8 1.54823 0.346814
148.9 1.52843 0.374887
149 1.50805 0.402593
149.1 1.48703 0.429921
149.2 1.46532 0.45686
149.3 1.44283 0.483395
149.4 1.41949 0.509513
149.5 1.39519 0.535196
149.6 1.36981 0.560426
149.7 1.34321 0.585182
149.8 1.31518 0.60944
149.9 1.28552 0.633172
150 1.25393 0.656345
150.1 1.22004 0.678922
150.2 1.18335 0.700855
150.3 1.14321 0.722089
150.4 1.0987 0.742552
150.5 1.04849 0.762153
150.6 0.990633 0.780772
150.7 0.922075 0.798243
150.8 0.837822 0.814329
150.9 0.729161 0.828673
151 0.579775 0.840697
151.1 0.356823 0.849395
151.2 -0.00771567 0.852877
151.3 -0.623047 0.84757
151.4 -1.41584 0.828863
151.5 -1.87377 0.797938
151.6 -1.99031 0.762131
151.7 -2.01322 0.725427
151.8 -2.01087 0.688661
151.9 -2.00148 0.652039
152 -1.99006 0.615616
152.1 -1.978 0.57941
152.2 -1.96568 0.543427
152.3 -1.95318 0.50767
152.4 -1.94055 0.472143
152.5 -1.92777 0.436848
152.6 -1.91484 0.401787
152.7 -1.90176 0.366964
152.8 -1.88853 0.33238
152.9 -1.87514 0.29804
153 -1.86157 0.263945
153.1 -1.84784 0.2301
153.2 -1.83392 0.196507
153.3 -1.81981 0.163169
153.4 -1.8055 0.130091
153.5 -1.79098 0.0972763
153.6 -1.77625 0.0647281
153.7 -1.76128 0.0324509
153.8 -1.74608 0.00044888
153.9 -1.73063 -0.0312734
154 -1.7149 -0.0627113
154.1 -1.6989 -0.0938597
154.2 -1.6826 -0.124713
154.3 -1.66599 -0.155267
154.4 -1.64904 -0.185514
154.5 -1.63173 -0.215449
154.6 -1.61405 -0.245064
154.7 -1.59595 -0.274354
154.8 -1.57742 -0.303309
154.9 -1.55842 -0.331921
155 -1.5389 -0.360182
155.1 -1.51883 -0.388082
155.2 -1.49815 -0.41561
155.3 -1.47682 -0.442755
155.4 -1.45475 -0.469505
155.5 -1.43187 -0.495844
155.6 -1.40809 -0.521757
155.7 -1.38329 -0.547228
155.8 -1.35735 -0.572236
155.9 -1.3301 -0.596758
156 -1.30133 -0.62077
156.1 -1.27079 -0.644241
156.2 -1.23816 -0.667137
156.3 -1.20301 -0.689415
156.4 -1.16478 -0.711024
156.5 -1.1227 -0.731902
156.6 -1.07568 -0.751968
156.7 -1.02214 -0.771121
156.8 -0.959676 -0.789219
156.9 -0.884462 -0.806068
157 -0.790049 -0.821383
157.1 -0.664809 -0.834717
157.2 -0.486188 -0.845327
157.3 -0.207633 -0.851867
157.4 0.262614 -0.851755
157.5 1.00386 -0.840531
157.6 1.69789 -0.815285
157.7 1.94938 -0.781165
157.8 2.00652 -0.744739
157.9 2.01359 -0.707962
158 2.00683 -0.671253
158.1 1.99618 -0.634722
158.2 1.98438 -0.598401
158.3 1.97218 -0.5623
158.4 1.95977 -0.526424
158.5 1.9472 -0.490776
158.6 1.9345 -0.455359
158.7 1.92165 -0.420175
158.8 1.90865 -0.385226
158.9 1.8955 -0.350516
159 1.88219 -0.316048
159.1 1.86872 -0.281824
159.2 1.85507 -0.247847
159.3 1.84125 -0.214121
159.4 1.82724 -0.180649
159.5 1.81304 -0.147434
159.6 1.79863 -0.11448
159.7 1.78401 -0.0817916
159.8 1.76917 -0.0493715
159.9 1.7541 -0.0172244
160 1.73878 0.0146454
160.1 1.7232 0.0462333
160.2 1.70734 0.0775344
160.3 1.6912 0.108544
160.4 1.67476 0.139256
160.5 1.65798 0.169664
160.6 1.64087 0.199764
160.7 1.62339 0.229548
160.8 1.60551 0.25901
160.9 1.58721 0.288141
161 1.56846 0.316935
161.1 1.54922 0.345381
161.2 1.52944 0.373472
161.3 1.50909 0.401197
161.4 1.48811 0.428545
161.5 1.46643 0.455504
161.6 1.44399 0.48206
161.7 1.4207 0.508199
161.8 1.39645 0.533905
161.9 1.37113 0.559158
162 1.34459 0.583939
162.1 1.31664 0.608223
162.2 1.28707 0.631982
162.3 1.25558 0.655184
162.4 1.22182 0.677792
162.5 1.18529 0.69976
162.6 1.14534 0.721031
162.7 1.10108 0.741535
162.8 1.0512 0.761182
162.9 0.993791 0.779854
163 0.925874 0.797388
163.1 0.842584 0.813552
163.2 0.735464 0.827996
163.3 0.588737 0.840157
163.4 0.370751 0.849058
163.5 0.0158466 0.852873
163.6 -0.584832 0.848129
163.7 -1.37937 0.830157
163.8 -1.8621 0.799685
163.9 -1.98767 0.76398
164 -2.01293 0.727291
164.1 -2.01124 0.690522
164.2 -2.00202 0.65389
164.3 -1.99066 0.617457
164.4 -1.97862 0.581239
164.5 -1.96631 0.545245
164.6 -1.95382 0.509477
164.7 -1.94119 0.473938
164.8 -1.92842 0.438631
164.9 -1.9155 0.403558
165 -1.90243 0.368723
165.1 -1.8892 0.334127
165.2 -1.87582 0.299774
165.3 -1.86227 0.265667
165.4 -1.84854 0.231809
165.5 -1.83463 0.198203
165.6 -1.82053 0.164853
165.7 -1.80623 0.131761
165.8 -1.79172 0.0989327
165.9 -1.777 0.0663709
166 -1.76205 0.0340798
166.1 -1.74686 0.00206376
166.2 -1.73141 -0.0296728
166.3 -1.71571 -0.0611252
166.4 -1.69972 -0.0922885
166.5 -1.68344 -0.123157
166.6 -1.66684 -0.153726
166.7 -1.64991 -0.183989
166.8 -1.63262 -0.21394
166.9 -1.61495 -0.243572
167 -1.59688 -0.272877
167.1 -1.57837 -0.301849
167.2 -1.55939 -0.33048
167.3 -1.5399 -0.358759
167.4 -1.51986 -0.386677
167.5 -1.49922 -0.414225
167.6 -1.47791 -0.441389
167.7 -1.45588 -0.468159
167.8 -1.43305 -0.494519
167.9 -1.40932 -0.520455
168 -1.38458 -0.545948
168.1 -1.35869 -0.57098
168.2 -1.33151 -0.595528
168.3 -1.30283 -0.619566
168.4 -1.27239 -0.643066
168.5 -1.23987 -0.665991
168.6 -1.20486 -0.688301
168.7 -1.16681 -0.709946
168.8 -1.12494 -0.730863
168.9 -1.07821 -0.750973
169 -1.02504 -0.770174
169.1 -0.963108 -0.78833
169.2 -0.888666 -0.805249
169.3 -0.795445 -0.82065
169.4 -0.672182 -0.834099
169.5 -0.497102 -0.844873
169.6 -0.225361 -0.851667
169.7 0.232261 -0.851983
169.8 0.962122 -0.841442
169.9 1.67348 -0.816847
170 1.94351 -0.782981
170.1 2.00536 -0.7466
170.2 2.01371 -0.709827
170.3 2.00731 -0.67311
170.4 1.99676 -0.636569
170.5 1.98499 -0.600237
170.6 1.9728 -0.564125
170.7 1.9604 -0.528237
170.8 1.94784 -0.492578
170.9 1.93514 -0.457148
171 1.9223 -0.421952
171.1 1.90931 -0.386992
171.2 1.89617 -0.35227
171.3 1.88287 -0.317789
171.4 1.86941 -0.283553
171.5 1.85577 -0.249563
171.6 1.84196 -0.215825
171.7 1.82796 -0.182339
171.8 1.81376 -0.149112
171.9 1.79937 -0.116145
172 1.78476 -0.0834422
172.1 1.76993 -0.0510083
172.2 1.75487 -0.0188473
172.3 1.73956 0.0130367
172.4 1.72399 0.044639
172.5 1.70815 0.0759548
172.6 1.69203 0.106979
172.7 1.6756 0.137706
172.8 1.65884 0.16813
172.9 1.64175 0.198246
173 1.62428 0.228046
173.1 1.60643 0.257524
173.2 1.58815 0.286673
173.3 1.56942 0.315483
173.4 1.5502 0.343948
173.5 1.53046 0.372057
173.6 1.51014 0.399801
173.7 1.48919 0.427168
173.8 1.46755 0.454147
173.9 1.44515 0.480724
174 1.4219 0.506885
174.1 1.3977 0.532613
174.2 1.37244 0.55789
174.3 1.34596 0.582695
174.4 1.3181 0.607004
174.5 1.28861 0.630791
174.6 1.25723 0.654022
174.7 1.22359 0.676661
174.8 1.18722 0.698662
174.9 1.14746 0.71997
175 1.10345 0.740515
175.1 1.05389 0.760208
175.2 0.996923 0.778933
175.3 0.929635 0.79653
175.4 0.847287 0.812771
175.5 0.741669 0.827313
175.6 0.597523 0.839608
175.7 0.38434 0.848709
175.8 0.0387656 0.852847
175.9 -0.547287 0.848654
176 -1.34194 0.831417
176.1 -1.84949 0.801419
176.2 -1.9848 0.765826
176.3 -2.01258 0.729155
176.4 -2.01158 0.692382
176.5 -2.00256 0.655742
176.6 -1.99126 0.619297
176.7 -1.97924 0.583069
176.8 -1.96694 0.547063
176.9 -1.95446 0.511283
177 -1.94183 0.475733
177.1 -1.92907 0.440414
177.2 -1.91616 0.405329
177.3 -1.90309 0.370482
177.4 -1.88988 0.335874
177.5 -1.8765 0.301509
177.6 -1.86296 0.267389
177.7 -1.84924 0.233518
177.8 -1.83534 0.1999
177.9 -1.82125 0.166536
178 -1.80696 0.133432
178.1 -1.79246 0.10059
178.2 -1.77775 0.0680143
178.3 -1.76281 0.0357094
178.4 -1.74763 0.00367929
178.5 -1.7322 -0.0280716
178.6 -1.71651 -0.0595385
178.7 -1.70054 -0.0907165
178.8 -1.68427 -0.1216
178.9 -1.66769 -0.152185
179 -1.65077 -0.182463
179.1 -1.6335 -0.21243
179.2 -1.61586 -0.242078
179.3 -1.59781 -0.2714
179.4 -1.57932 -0.30039
179.5 -1.56036 -0.329037
179.6 -1.5409 -0.357334
179.7 -1.52089 -0.385271
179.8 -1.50028 -0.412838
179.9 -1.47901 -0.440022
180 -1.45702 -0.466812
180.1 -1.43423 -0.493194
180.2 -1.41054 -0.519151
180.3 -1.38585 -0.544667
180.4 -1.36004 -0.569723
180.5 -1.33292 -0.594296
180.6 -1.30432 -0.618361
180.7 -1.27397 -0.641888
180.8 -1.24157 -0.664844
180.9 -1.2067 -0.687186
181 -1.16882 -0.708866
181.1 -1.12717 -0.729821
181.2 -1.08071 -0.749975
181.3 -1.02792 -0.769225
181.4 -0.966507 -0.787438
181.5 -0.892822 -0.804425
181.6 -0.800766 -0.819912
181.7 -0.679425 -0.833474
181.8 -0.507777 -0.844408
181.9 -0.242622 -0.85145
182 0.202688 -0.852184
182.1 0.920442 -0.842314
182.2 1.64764 -0.818385
182.3 1.93721 -0.784793
182.4 2.00409 -0.748461
182.5 2.0138 -0.711691
182.6 2.00778 -0.674968
182.7 1.99734 -0.638416
182.8 1.9856 -0.602073
182.9 1.97342 -0.56595
183 1.96103 -0.530051
183.1 1.94848 -0.49438
183.2 1.93579 -0.458939
183.3 1.92296 -0.423731
183.4 1.90998 -0.388758
183.5 1.89684 -0.354024
183.6 1.88355 -0.319531
183.7 1.87009 -0.285282
183.8 1.85647 -0.25128
183.9 1.84266 -0.217529
184 1.82867 -0.184031
184.1 1.81449 -0.15079
184.2 1.8001 -0.117809
184.3 1.78551 -0.0850935
184.4 1.77069 -0.0526459
184.5 1.75564 -0.0204709
184.6 1.74034 0.0114272
184.7 1.72479 0.0430439
184.8 1.70896 0.0743743
184.9 1.69285 0.105413
185 1.67644 0.136156
185.1 1.6597 0.166596
185.2 1.64262 0.196727
185.3 1.62518 0.226543
185.4 1.60734 0.256038
185.5 1.58909 0.285203
185.6 1.57038 0.314031
185.7 1.55119 0.342514
185.8 1.53147 0.370641
185.9 1.51118 0.398403
186 1.49027 0.42579
186.1 1.46867 0.452789
186.2 1.4463 0.479387
186.3 1.4231 0.505569
186.4 1.39896 0.531319
186.5 1.37375 0.556619
186.6 1.34734 0.581449
186.7 1.31954 0.605784
186.8 1.29015 0.629598
186.9 1.25887 0.652859
187 1.22536 0.675529
187.1 1.18914 0.697563
187.2 1.14957 0.718908
187.3 1.1058 0.739493
187.4 1.05656 0.759232
187.5 1.00003 0.77801
187.6 0.933358 0.795668
187.7 0.851931 0.811985
187.8 0.747779 0.826624
187.9 0.606139 0.839051
188 0.397602 0.848347
188.1 0.0610584 0.852801
188.2 -0.510446 0.849144
188.3 -1.30363 0.832642
188.4 -1.83585 0.803139
188.5 -1.98168 0.767671
188.6 -2.01216 0.731019
188.7 -2.0119 0.694243
188.8 -2.0031 0.657594
188.9 -1.99185 0.621139
189 -1.97986 0.584899
189.1 -1.96756 0.548882
189.2 -1.95509 0.513091
189.3 -1.94248 0.477529
189.4 -1.92972 0.442198
189.5 -1.91681 0.407101
189.6 -1.90376 0.372242
189.7 -1.89055 0.337622
189.8 -1.87718 0.303244
189.9 -1.86365 0.269112
190 -1.84994 0.235229
190.1 -1.83604 0.201597
190.2 -1.82196 0.16822
190.3 -1.80769 0.135103
190.4 -1.7932 0.102247
190.5 -1.7785 0.0696583
190.6 -1.76357 0.0373396
190.7 -1.74841 0.00529551
190.8 -1.73299 -0.0264696
190.9 -1.71731 -0.057951
191 -1.70135 -0.0891438
191.1 -1.6851 -0.120043
191.2 -1.66853 -0.150642
191.3 -1.65164 -0.180936
191.4 -1.63439 -0.210919
191.5 -1.61676 -0.240584
191.6 -1.59873 -0.269923
191.7 -1.58027 -0.298929
191.8 -1.56134 -0.327594
191.9 -1.5419 -0.355909
192 -1.52192 -0.383865
192.1 -1.50134 -0.41145
192.2 -1.4801 -0.438654
192.3 -1.45815 -0.465465
192.4 -1.4354 -0.491867
192.5 -1.41176 -0.517846
192.6 -1.38713 -0.543385
192.7 -1.36137 -0.568465
192.8 -1.33433 -0.593063
192.9 -1.30581 -0.617154
193 -1.27556 -0.64071
193.1 -1.24327 -0.663695
193.2 -1.20854 -0.68607
193.3 -1.17082 -0.707784
193.4 -1.12939 -0.728778
193.5 -1.0832 -0.748974
193.6 -1.03078 -0.768273
193.7 -0.969876 -0.786543
193.8 -0.896931 -0.803598
193.9 -0.806014 -0.819169
194 -0.686544 -0.832843
194.1 -0.518221 -0.843933
194.2 -0.259432 -0.851218
194.3 0.173885 -0.852358
194.4 0.878911 -0.843148
194.5 1.62039 -0.819897
194.6 1.93046 -0.7866
194.7 2.00269 -0.750321
194.8 2.01385 -0.713556
194.9 2.00823 -0.676826
195 1.99791 -0.640264
195.1 1.98621 -0.60391
195.2 1.97405 -0.567776
195.3 1.96166 -0.531865
195.4 1.94912 -0.496182
195.5 1.93644 -0.46073
195.6 1.92361 -0.42551
195.7 1.91064 -0.390526
195.8 1.89751 -0.355779
195.9 1.88423 -0.321274
196 1.87078 -0.287012
196.1 1.85716 -0.252998
196.2 1.84337 -0.219234
196.3 1.82939 -0.185723
196.4 1.81521 -0.152468
196.5 1.80084 -0.119475
196.6 1.78625 -0.0867455
196.7 1.77144 -0.0542842
196.8 1.7564 -0.0220953
196.9 1.74112 0.00981696
197 1.72558 0.041448
197.1 1.70977 0.0727931
197.2 1.69368 0.103847
197.3 1.67728 0.134605
197.4 1.66056 0.16506
197.5 1.6435 0.195207
197.6 1.62607 0.225039
197.7 1.60825 0.25455
197.8 1.59002 0.283733
197.9 1.57134 0.312578
198 1.55218 0.341078
198.1 1.53249 0.369224
198.2 1.51223 0.397005
198.3 1.49134 0.424411
198.4 1.46978 0.45143
198.5 1.44746 0.478048
198.6 1.4243 0.504252
198.7 1.4002 0.530024
198.8 1.37505 0.555348
198.9 1.34871 0.580202
199 1.32099 0.604563
199.1 1.29168 0.628404
199.2 1.26051 0.651693
199.3 1.22712 0.674394
199.4 1.19105 0.696463
199.5 1.15167 0.717843
199.6 1.10813 0.738469
199.7 1.05921 0.758254
199.8 1.00311 0.777083
199.9 0.937044 0.794803
200 0.856519 0.811195
