0 2 0
0.1 1.80589 0.0337221
0.2 1.73902 0.0655383
0.3 1.70631 0.0965429
0.4 1.68431 0.127078
0.5 1.66575 0.157256
0.6 1.64819 0.18711
0.7 1.63076 0.21665
0.8 1.61315 0.245875
0.9 1.5952 0.27478
1 1.57686 0.303358
1.1 1.55806 0.331601
1.2 1.53876 0.359502
1.3 1.51893 0.387049
1.4 1.4985 0.414234
1.5 1.47743 0.441046
1.6 1.45564 0.467471
1.7 1.43306 0.493497
1.8 1.4096 0.519108
1.9 1.38515 0.544287
2 1.35959 0.569017
2.1 1.33275 0.593274
2.2 1.30444 0.617035
2.3 1.27443 0.640271
2.4 1.24238 0.662948
2.5 1.20792 0.685027
2.6 1.17049 0.706459
2.7 1.12937 0.727185
2.8 1.08353 0.747129
2.9 1.0315 0.766194
3 0.97103 0.78425
3.1 0.89858 0.801115
3.2 0.808217 0.816524
3.3 0.689334 0.830071
3.4 0.521492 0.841076
3.5 0.26251 0.848328
3.6 -0.173632 0.849491
3.7 -0.88711 0.840332
3.8 -1.63175 0.817172
3.9 -1.93337 0.784145
4 -2.00275 0.748295
4.1 -2.01337 0.711997
4.2 -2.00774 0.675739
4.3 -1.99753 0.639646
4.4 -1.98597 0.603756
4.5 -1.97396 0.56808
4.6 -1.96173 0.532623
4.7 -1.94935 0.497388
4.8 -1.93682 0.462377
4.9 -1.92416 0.427593
5 -1.91136 0.393038
5.1 -1.8984 0.358716
5.2 -1.88529 0.324628
5.3 -1.87203 0.290778
5.4 -1.8586 0.257168
5.5 -1.84499 0.223802
5.6 -1.83121 0.190683
5.7 -1.81723 0.157813
5.8 -1.80307 0.125198
5.9 -1.78869 0.0928388
6 -1.77411 0.060741
6.1 -1.7593 0.0289081
6.2 -1.74425 -0.00265596
6.3 -1.72896 -0.0339466
6.4 -1.7134 -0.0649594
6.5 -1.69757 -0.0956894
6.6 -1.68144 -0.126132
6.7 -1.66501 -0.15628
6.8 -1.64825 -0.18613
6.9 -1.63114 -0.215675
7 -1.61366 -0.244908
7.1 -1.59577 -0.273823
7.2 -1.57746 -0.302411
7.3 -1.55869 -0.330665
7.4 -1.53941 -0.358577
7.5 -1.5196 -0.386137
7.6 -1.49919 -0.413334
7.7 -1.47814 -0.440158
7.8 -1.45638 -0.466596
7.9 -1.43382 -0.492636
8 -1.4104 -0.518261
8.1 -1.38598 -0.543455
8.2 -1.36046 -0.5682
8.3 -1.33367 -0.592473
8.4 -1.30541 -0.616251
8.5 -1.27546 -0.639505
8.6 -1.24349 -0.662202
8.7 -1.20911 -0.684301
8.8 -1.17179 -0.705756
8.9 -1.13081 -0.726506
9 -1.08515 -0.746478
9.1 -1.03336 -0.765574
9.2 -0.973215 -0.783666
9.3 -0.901242 -0.800574
9.4 -0.811612 -0.816038
9.5 -0.693932 -0.829655
9.6 -0.528231 -0.840761
9.7 -0.273364 -0.848167
9.8 0.154917 -0.849589
9.9 0.859578 -0.840858
10 1.61324 -0.818147
10.1 1.92884 -0.785319
10.2 2.00181 -0.749503
10.3 2.01339 -0.713209
10.4 2.00803 -0.676946
10.5 1.9979 -0.640847
10.6 1.98637 -0.60495
10.7 1.97436 -0.569267
10.8 1.96214 -0.533802
10.9 1.94976 -0.49856
11 1.93724 -0.463541
11.1 1.92459 -0.428749
11.2 1.91178 -0.394187
11.3 1.89884 -0.359857
11.4 1.88573 -0.325761
11.5 1.87247 -0.291903
11.6 1.85905 -0.258285
11.7 1.84545 -0.224911
11.8 1.83167 -0.191783
11.9 1.8177 -0.158906
12 1.80354 -0.126281
12.1 1.78918 -0.0939141
12.2 1.7746 -0.0618075
12.3 1.7598 -0.0299656
12.4 1.74476 0.00160745
12.5 1.72947 0.0329073
12.6 1.71392 0.0639294
12.7 1.6981 0.094669
12.8 1.68199 0.125121
12.9 1.66556 0.15528
13 1.64881 0.185139
13.1 1.63172 0.214694
13.2 1.61424 0.243938
13.3 1.59638 0.272863
13.4 1.57808 0.301463
13.5 1.55932 0.329728
13.6 1.54006 0.357652
13.7 1.52027 0.385223
13.8 1.49988 0.412433
13.9 1.47885 0.439269
14 1.45711 0.465721
14.1 1.43459 0.491774
14.2 1.41119 0.517413
14.3 1.38682 0.542622
14.4 1.36133 0.567382
14.5 1.33458 0.591671
14.6 1.30638 0.615466
14.7 1.27649 0.638738
14.8 1.24459 0.661454
14.9 1.2103 0.683574
15 1.17309 0.705051
15.1 1.13224 0.725826
15.2 1.08676 0.745825
15.3 1.0352 0.764952
15.4 0.975388 0.78308
15.5 0.903886 0.800032
15.6 0.814978 0.815549
15.7 0.698481 0.829237
15.8 0.534879 0.840442
15.9 0.284036 0.847999
16 -0.136525 0.849677
16.1 -0.832152 0.841368
16.2 -1.59411 0.819112
16.3 -1.9241 0.78649
16.4 -2.00081 0.750711
16.5 -2.01339 0.714421
16.6 -2.00832 0.678154
16.7 -1.99827 0.642049
16.8 -1.98676 0.606145
16.9 -1.97477 0.570454
17 -1.96255 0.534982
17.1 -1.95018 0.499732
17.2 -1.93766 0.464706
17.3 -1.92501 0.429907
17.4 -1.91221 0.395337
17.5 -1.89927 0.360999
17.6 -1.88617 0.326895
17.7 -1.87292 0.293029
17.8 -1.8595 0.259403
17.9 -1.8459 0.226021
18 -1.83213 0.192885
18.1 -1.81817 0.159999
18.2 -1.80402 0.127366
18.3 -1.78966 0.0949901
18.4 -1.77509 0.0628748
18.5 -1.76029 0.031024
18.6 -1.74526 -0.000558075
18.7 -1.72998 -0.0318671
18.8 -1.71445 -0.0628986
18.9 -1.69863 -0.0936476
19 -1.68253 -0.124109
19.1 -1.66612 -0.154278
19.2 -1.64938 -0.184148
19.3 -1.63229 -0.213713
19.4 -1.61483 -0.242967
19.5 -1.59698 -0.271903
19.6 -1.5787 -0.300514
19.7 -1.55995 -0.328791
19.8 -1.54071 -0.356725
19.9 -1.52094 -0.384309
20 -1.50057 -0.411531
20.1 -1.47957 -0.43838
20.2 -1.45785 -0.464844
20.3 -1.43536 -0.490911
20.4 -1.41199 -0.516564
20.5 -1.38765 -0.541787
20.6 -1.3622 -0.566563
20.7 -1.3355 -0.590868
20.8 -1.30735 -0.61468
20.9 -1.27752 -0.63797
21 -1.24569 -0.660705
21.1 -1.21149 -0.682846
21.2 -1.17439 -0.704345
21.3 -1.13367 -0.725145
21.4 -1.08837 -0.745171
21.5 -1.03704 -0.764329
21.6 -0.977549 -0.782493
21.7 -0.906513 -0.799487
21.8 -0.818316 -0.815058
21.9 -0.702982 -0.828815
22 -0.541438 -0.840118
22.1 -0.294531 -0.847825
22.2 0.118452 -0.849753
22.3 0.804855 -0.841861
22.4 1.57435 -0.820065
22.5 1.91913 -0.78766
22.6 1.99975 -0.75192
22.7 2.01338 -0.715633
22.8 2.00861 -0.679363
22.9 1.99864 -0.643251
23 1.98716 -0.60734
23.1 1.97517 -0.571643
23.2 1.96296 -0.536163
23.3 1.95059 -0.500906
23.4 1.93808 -0.465872
23.5 1.92544 -0.431065
23.6 1.91264 -0.396487
23.7 1.89971 -0.362142
23.8 1.88661 -0.32803
23.9 1.87336 -0.294156
24 1.85995 -0.260522
24.1 1.84636 -0.227132
24.2 1.83259 -0.193987
24.3 1.81864 -0.161093
24.4 1.80449 -0.128452
24.5 1.79014 -0.096067
24.6 1.77558 -0.0639429
24.7 1.76079 -0.0320832
24.8 1.74577 -0.000492106
24.9 1.7305 0.0308261
25 1.71497 0.061867
25.1 1.69917 0.0926255
25.2 1.68307 0.123097
25.3 1.66667 0.153275
25.4 1.64994 0.183155
25.5 1.63287 0.212731
25.6 1.61542 0.241995
25.7 1.59758 0.270942
25.8 1.57931 0.299564
25.9 1.56059 0.327852
26 1.54137 0.355798
26.1 1.52161 0.383394
26.2 1.50126 0.410628
26.3 1.48028 0.43749
26.4 1.45859 0.463967
26.5 1.43612 0.490047
26.6 1.41278 0.515714
26.7 1.38848 0.540952
26.8 1.36307 0.565743
26.9 1.33641 0.590065
27 1.30832 0.613893
27.1 1.27854 0.637201
27.2 1.24679 0.659955
27.3 1.21268 0.682117
27.4 1.17568 0.703638
27.5 1.1351 0.724462
27.6 1.08997 0.744516
27.7 1.03887 0.763705
27.8 0.979698 0.781904
27.9 0.909122 0.798941
28 0.821626 0.814565
28.1 0.707436 0.828391
28.2 0.547908 0.83979
28.3 0.304851 0.847645
28.4 -0.100695 0.849819
28.5 -0.777712 0.842339
28.6 -1.55399 0.821006
28.7 -1.91391 0.788827
28.8 -1.99862 0.753128
28.9 -2.01336 0.716847
29 -2.00889 0.680572
29.1 -1.99901 0.644454
29.2 -1.98755 0.608536
29.3 -1.97558 0.572832
29.4 -1.96337 0.537345
29.5 -1.95101 0.50208
29.6 -1.9385 0.467039
29.7 -1.92586 0.432224
29.8 -1.91307 0.397639
29.9 -1.90014 0.363285
30 -1.88705 0.329166
30.1 -1.87381 0.295284
30.2 -1.8604 0.261642
30.3 -1.84682 0.228243
30.4 -1.83306 0.195091
30.5 -1.81911 0.162188
30.6 -1.80497 0.129538
30.7 -1.79063 0.0971447
30.8 -1.77607 0.0650118
30.9 -1.76129 0.0331432
31 -1.74627 0.00154302
31.1 -1.73101 -0.0297844
31.2 -1.71549 -0.0608346
31.3 -1.6997 -0.0916026
31.4 -1.68361 -0.122084
31.5 -1.66722 -0.152272
31.6 -1.65051 -0.182162
31.7 -1.63345 -0.211748
31.8 -1.61601 -0.241023
31.9 -1.59818 -0.26998
32 -1.57993 -0.298613
32.1 -1.56122 -0.326912
32.2 -1.54202 -0.35487
32.3 -1.52228 -0.382478
32.4 -1.50195 -0.409724
32.5 -1.48099 -0.436598
32.6 -1.45933 -0.463089
32.7 -1.43688 -0.489182
32.8 -1.41358 -0.514863
32.9 -1.38931 -0.540116
33 -1.36394 -0.564922
33.1 -1.33733 -0.58926
33.2 -1.30928 -0.613106
33.3 -1.27957 -0.636431
33.4 -1.24789 -0.659205
33.5 -1.21386 -0.681386
33.6 -1.17697 -0.70293
33.7 -1.13652 -0.723778
33.8 -1.09156 -0.743859
33.9 -1.0407 -0.763079
34 -0.981836 -0.781314
34.1 -0.911713 -0.798393
34.2 -0.824908 -0.814069
34.3 -0.711842 -0.827964
34.4 -0.554291 -0.839458
34.5 -0.315 -0.847458
34.6 0.0832523 -0.849874
34.7 0.750744 -0.8428
34.8 1.53304 -0.821936
34.9 1.90844 -0.789992
35 1.99744 -0.754337
35.1 2.01331 -0.718061
35.2 2.00916 -0.681782
35.3 1.99937 -0.645658
35.4 1.98795 -0.609733
35.5 1.97598 -0.574021
35.6 1.96378 -0.538527
35.7 1.95142 -0.503255
35.8 1.93892 -0.468206
35.9 1.92628 -0.433384
36 1.9135 -0.398791
36.1 1.90057 -0.364429
36.2 1.88749 -0.330302
36.3 1.87425 -0.296412
36.4 1.86085 -0.262762
36.5 1.84727 -0.229355
36.6 1.83352 -0.196194
36.7 1.81958 -0.163283
36.8 1.80545 -0.130625
36.9 1.79111 -0.0982229
37 1.77656 -0.0660813
37.1 1.76179 -0.0342038
37.2 1.74678 -0.00259459
37.3 1.73153 0.028742
37.4 1.71602 0.0598015
37.5 1.70023 0.0905791
37.6 1.68416 0.12107
37.7 1.66778 0.151268
37.8 1.65107 0.181168
37.9 1.63402 0.210764
38 1.6166 0.24005
38.1 1.59879 0.269018
38.2 1.58055 0.297661
38.3 1.56185 0.325972
38.4 1.54267 0.353942
38.5 1.52294 0.381561
38.6 1.50264 0.408819
38.7 1.4817 0.435706
38.8 1.46006 0.46221
38.9 1.43765 0.488317
39 1.41437 0.514012
39.1 1.39013 0.53928
39.2 1.36481 0.564101
39.3 1.33824 0.588455
39.4 1.31024 0.612317
39.5 1.28059 0.635661
39.6 1.24898 0.658453
39.7 1.21504 0.680655
39.8 1.17825 0.702221
39.9 1.13794 0.723094
40 1.09315 0.743201
40.1 1.04251 0.762452
40.2 0.983962 0.780722
40.3 0.914287 0.797843
40.4 0.828163 0.813571
40.5 0.716202 0.827534
40.6 0.560589 0.839123
40.7 0.324981 0.847265
40.8 -0.0661205 0.849919
40.9 -0.723974 0.843245
41 -1.5115 0.822853
41.1 -1.90269 0.791153
41.2 -1.99618 0.755545
41.3 -2.01325 0.719275
41.4 -2.00943 0.682993
41.5 -1.99974 0.646863
41.6 -1.98834 0.610931
41.7 -1.97639 0.575211
41.8 -1.96419 0.53971
41.9 -1.95184 0.50443
42 -1.93934 0.469374
42.1 -1.92671 0.434544
42.2 -1.91393 0.399943
42.3 -1.90101 0.365574
42.4 -1.88793 0.331439
42.5 -1.8747 0.297541
42.6 -1.8613 0.263883
42.7 -1.84773 0.230468
42.8 -1.83398 0.197299
42.9 -1.82005 0.164379
43 -1.80592 0.131712
43.1 -1.79159 0.0993017
43.2 -1.77705 0.0671513
43.3 -1.76228 0.0352649
43.4 -1.74728 0.00364669
43.5 -1.73204 -0.0276991
43.6 -1.71654 -0.0587679
43.7 -1.70076 -0.089555
43.8 -1.6847 -0.120055
43.9 -1.66833 -0.150263
44 -1.65164 -0.180174
44.1 -1.6346 -0.20978
44.2 -1.61719 -0.239076
44.3 -1.59939 -0.268055
44.4 -1.58116 -0.296709
44.5 -1.56249 -0.325031
44.6 -1.54332 -0.353012
44.7 -1.52361 -0.380643
44.8 -1.50333 -0.407914
44.9 -1.48241 -0.434814
45 -1.4608 -0.46133
45.1 -1.43841 -0.487451
45.2 -1.41517 -0.51316
45.3 -1.39096 -0.538442
45.4 -1.36567 -0.563279
45.5 -1.33915 -0.587648
45.6 -1.3112 -0.611528
45.7 -1.28161 -0.634889
45.8 -1.25007 -0.6577
45.9 -1.21622 -0.679923
46 -1.17954 -0.701511
46.1 -1.13936 -0.722408
46.2 -1.09474 -0.742543
46.3 -1.04432 -0.761823
46.4 -0.986076 -0.780129
46.5 -0.916844 -0.797292
46.6 -0.831391 -0.813072
46.7 -0.720515 -0.827101
46.8 -0.566803 -0.838783
46.9 -0.334797 -0.847067
47 0.049297 -0.849954
47.1 0.697423 -0.843674
47.2 1.48941 -0.823757
47.3 1.89664 -0.792311
47.4 1.99485 -0.756753
47.5 2.01316 -0.720489
47.6 2.0097 -0.684203
47.7 2.0001 -0.648067
47.8 1.98873 -0.612128
47.9 1.97679 -0.576402
48 1.9646 -0.540893
48.1 1.95225 -0.505606
48.2 1.93976 -0.470542
48.3 1.92713 -0.435705
48.4 1.91436 -0.401096
48.5 1.90144 -0.366719
48.6 1.88837 -0.332576
48.7 1.87514 -0.29867
48.8 1.86175 -0.265004
48.9 1.84819 -0.231581
49 1.83445 -0.198403
49.1 1.82052 -0.165475
49.2 1.8064 -0.1328
49.3 1.79207 -0.100381
49.4 1.77754 -0.0682218
49.5 1.76278 -0.0363265
49.6 1.74779 -0.00469922
49.7 1.73255 0.0266558
49.8 1.71706 0.0577339
49.9 1.70129 0.0885305
50 1.68524 0.11904
50.1 1.66888 0.149258
50.2 1.6522 0.179179
50.3 1.63517 0.208795
50.4 1.61778 0.238102
50.5 1.59999 0.267091
50.6 1.58178 0.295757
50.7 1.56312 0.32409
50.8 1.54397 0.352083
50.9 1.52428 0.379726
51 1.50402 0.407009
51.1 1.48312 0.433921
51.2 1.46153 0.46045
51.3 1.43917 0.486584
51.4 1.41596 0.512308
51.5 1.39179 0.537604
51.6 1.36654 0.562456
51.7 1.34006 0.586842
51.8 1.31216 0.610738
51.9 1.28263 0.634117
52 1.25116 0.656947
52.1 1.21739 0.67919
52.2 1.18081 0.7008
52.3 1.14076 0.721721
52.4 1.09631 0.741883
52.5 1.04612 0.761194
52.6 0.988179 0.779534
52.7 0.919383 0.796739
52.8 0.834591 0.81257
52.9 0.724783 0.826666
53 0.572933 0.83844
53.1 0.34445 0.846862
53.2 -0.0327788 0.849978
53.3 -0.67111 0.844087
53.4 -1.46678 0.824647
53.5 -1.89028 0.793466
53.6 -1.99344 0.75796
53.7 -2.01305 0.721703
53.8 -2.00995 0.685414
53.9 -2.00046 0.649272
54 -1.98913 0.613326
54.1 -1.9772 0.577592
54.2 -1.96501 0.542076
54.3 -1.95267 0.506782
54.4 -1.94018 0.47171
54.5 -1.92756 0.436865
54.6 -1.91479 0.402249
54.7 -1.90188 0.367864
54.8 -1.88881 0.333714
54.9 -1.87559 0.2998
55 -1.8622 0.266126
55.1 -1.84864 0.232694
55.2 -1.83491 0.199508
55.3 -1.82099 0.166572
55.4 -1.80687 0.133888
55.5 -1.79256 0.10146
55.6 -1.77803 0.0692925
55.7 -1.76328 0.0373884
55.8 -1.7483 0.00575205
55.9 -1.73307 -0.0256121
56 -1.71758 -0.0566996
56.1 -1.70183 -0.0875057
56.2 -1.68578 -0.118025
56.3 -1.66943 -0.148253
56.4 -1.65276 -0.178183
56.5 -1.63575 -0.20781
56.6 -1.61837 -0.237127
56.7 -1.60059 -0.266128
56.8 -1.5824 -0.294804
56.9 -1.56375 -0.323148
57 -1.54461 -0.351153
57.1 -1.52495 -0.378807
57.2 -1.5047 -0.406102
57.3 -1.48383 -0.433027
57.4 -1.46226 -0.45957
57.5 -1.43993 -0.485717
57.6 -1.41675 -0.511455
57.7 -1.39261 -0.536766
57.8 -1.3674 -0.561632
57.9 -1.34096 -0.586034
58 -1.31312 -0.609947
58.1 -1.28365 -0.633344
58.2 -1.25225 -0.656193
58.3 -1.21856 -0.678457
58.4 -1.18209 -0.700089
58.5 -1.14217 -0.721034
58.6 -1.09788 -0.741222
58.7 -1.0479 -0.760563
58.8 -0.990269 -0.778939
58.9 -0.921905 -0.796185
59 -0.837764 -0.812066
59.1 -0.729005 -0.826228
59.2 -0.578981 -0.838093
59.3 -0.353942 -0.846651
59.4 0.016563 -0.849993
59.5 0.645054 -0.844484
59.6 1.44363 -0.825524
59.7 1.88359 -0.794616
59.8 1.99194 -0.759166
59.9 2.01292 -0.722917
60 2.0102 -0.686625
60.1 2.00082 -0.650477
60.2 1.98952 -0.614524
60.3 1.9776 -0.578783
60.4 1.96542 -0.54326
60.5 1.95308 -0.507958
60.6 1.9406 -0.472879
60.7 1.92798 -0.438026
60.8 1.91522 -0.403403
60.9 1.90231 -0.36901
61 1.88925 -0.334851
61.1 1.87603 -0.300929
61.2 1.86265 -0.267247
61.3 1.8491 -0.233807
61.4 1.83537 -0.200614
61.5 1.82145 -0.167669
61.6 1.80735 -0.134976
61.7 1.79304 -0.10254
61.8 1.77852 -0.0703634
61.9 1.76377 -0.0384504
62 1.7488 -0.00680505
62.1 1.73358 0.0245683
62.2 1.7181 0.0556651
62.3 1.70236 0.0864806
62.4 1.68632 0.11701
62.5 1.66999 0.147248
62.6 1.65332 0.177188
62.7 1.63632 0.206825
62.8 1.61895 0.236152
62.9 1.60119 0.265164
63 1.58301 0.293851
63.1 1.56438 0.322207
63.2 1.54526 0.350222
63.3 1.52561 0.377889
63.4 1.50539 0.405196
63.5 1.48454 0.432134
63.6 1.463 0.458689
63.7 1.44069 0.48485
63.8 1.41754 0.510601
63.9 1.39343 0.535927
64 1.36826 0.560809
64.1 1.34187 0.585226
64.2 1.31408 0.609156
64.3 1.28466 0.632571
64.4 1.25333 0.655439
64.5 1.21973 0.677722
64.6 1.18336 0.699377
64.7 1.14357 0.720346
64.8 1.09944 0.74056
64.9 1.04969 0.759932
65 0.992348 0.778342
65.1 0.924409 0.795629
65.2 0.840909 0.811561
65.3 0.733182 0.825788
65.4 0.584947 0.837743
65.5 0.363277 0.846435
65.6 -0.000646263 0.849998
65.7 -0.619272 0.844865
65.8 -1.41999 0.826387
65.9 -1.87655 0.795762
66 -1.99036 0.760371
66.1 -2.01277 0.724131
66.2 -2.01045 0.687836
66.3 -2.00118 0.651682
66.4 -1.98991 0.615722
66.5 -1.978 0.579974
66.6 -1.96583 0.544443
66.7 -1.9535 0.509134
66.8 -1.94102 0.474047
66.9 -1.92841 0.439187
67 -1.91565 0.404556
67.1 -1.90275 0.370155
67.2 -1.88969 0.335989
67.3 -1.87648 0.302059
67.4 -1.8631 0.268369
67.5 -1.84955 0.234921
67.6 -1.83583 0.201719
67.7 -1.82192 0.168766
67.8 -1.80782 0.136065
67.9 -1.79352 0.10362
68 -1.77901 0.0714344
68.1 -1.76427 0.0395125
68.2 -1.7493 0.00785813
68.3 -1.73409 -0.0235244
68.4 -1.71863 -0.0546305
68.5 -1.70289 -0.0854555
68.6 -1.68686 -0.115994
68.7 -1.67054 -0.146242
68.8 -1.65389 -0.176192
68.9 -1.6369 -0.20584
69 -1.61954 -0.235178
69.1 -1.60179 -0.264199
69.2 -1.58363 -0.292898
69.3 -1.56501 -0.321265
69.4 -1.54591 -0.349292
69.5 -1.52628 -0.37697
69.6 -1.50608 -0.40429
69.7 -1.48525 -0.43124
69.8 -1.46373 -0.457808
69.9 -1.44145 -0.483982
70 -1.41833 -0.509747
70.1 -1.39426 -0.535088
70.2 -1.36912 -0.559985
70.3 -1.34277 -0.584418
70.4 -1.31503 -0.608365
70.5 -1.28567 -0.631797
70.6 -1.25442 -0.654684
70.7 -1.22089 -0.676988
70.8 -1.18462 -0.698664
70.9 -1.14496 -0.719657
71 -1.101 -0.739898
71.1 -1.05146 -0.759299
71.2 -0.994414 -0.777743
71.3 -0.926896 -0.795071
71.4 -0.844028 -0.811054
71.5 -0.737314 -0.825345
71.6 -0.590833 -0.837389
71.7 -0.372457 -0.846214
71.8 -0.014975 -0.849993
71.9 0.59378 -0.845231
72 1.39588 -0.827235
72.1 1.86913 -0.796903
72.2 1.98869 -0.761575
72.3 2.01259 -0.725344
72.4 2.01069 -0.689047
72.5 2.00154 -0.652887
72.6 1.9903 -0.61692
72.7 1.97841 -0.581165
72.8 1.96624 -0.545627
72.9 1.95391 -0.51031
73 1.94144 -0.475216
73.1 1.92883 -0.440348
73.2 1.91608 -0.405709
73.3 1.90318 -0.371301
73.4 1.89013 -0.337126
73.5 1.87692 -0.303189
73.6 1.86355 -0.26949
73.7 1.85001 -0.236034
73.8 1.83629 -0.202824
73.9 1.82239 -0.169862
74 1.8083 -0.137153
74.1 1.794 -0.104699
74.2 1.77949 -0.0725053
74.3 1.76477 -0.0405745
74.4 1.74981 -0.00891115
74.5 1.73461 0.0224805
74.6 1.71915 0.0535959
74.7 1.70342 0.0844304
74.8 1.6874 0.114979
74.9 1.67109 0.145236
75 1.65445 0.175197
75.1 1.63747 0.204854
75.2 1.62013 0.234203
75.3 1.60239 0.263235
75.4 1.58424 0.291944
75.5 1.56564 0.320322
75.6 1.54656 0.348361
75.7 1.52694 0.376051
75.8 1.50676 0.403383
75.9 1.48595 0.430345
76 1.46446 0.456927
76.1 1.44221 0.483114
76.2 1.41911 0.508893
76.3 1.39508 0.534248
76.4 1.36998 0.55916
76.5 1.34367 0.58361
76.6 1.31598 0.607573
76.7 1.28668 0.631023
76.8 1.25549 0.653929
76.9 1.22205 0.676253
77 1.18589 0.69795
77.1 1.14635 0.718967
77.2 1.10255 0.739235
77.3 1.05322 0.758666
77.4 0.996468 0.777144
77.5 0.929365 0.794513
77.6 0.84712 0.810545
77.7 0.741402 0.8249
77.8 0.596641 0.837031
77.9 0.381484 0.845987
78 0.0303046 0.84998
78.1 -0.568592 0.845581
78.2 -1.37133 0.828069
78.3 -1.86132 0.798038
78.4 -1.98692 0.762778
78.5 -2.01238 0.726557
78.6 -2.01092 0.690257
78.7 -2.00189 0.654091
78.8 -1.99069 0.618118
78.9 -1.97881 0.582355
79 -1.96665 0.54681
79.1 -1.95433 0.511485
79.2 -1.94186 0.476384
79.3 -1.92925 0.441509
79.4 -1.91651 0.406862
79.5 -1.90361 0.372446
79.6 -1.89057 0.338264
79.7 -1.87736 0.304318
79.8 -1.864 0.270612
79.9 -1.85046 0.237147
80 -1.83675 0.203929
80.1 -1.82286 0.170959
80.2 -1.80877 0.138241
80.3 -1.79448 0.105779
80.4 -1.77998 0.073576
80.5 -1.76526 0.0416364
80.6 -1.75031 0.00996405
80.7 -1.73512 -0.0214367
80.8 -1.71967 -0.0525615
80.9 -1.70395 -0.0834054
81 -1.68794 -0.113964
81.1 -1.67164 -0.144231
81.2 -1.65501 -0.174201
81.3 -1.63804 -0.203869
81.4 -1.62071 -0.233228
81.5 -1.60299 -0.262271
81.6 -1.58485 -0.290991
81.7 -1.56627 -0.31938
81.8 -1.5472 -0.34743
81.9 -1.52761 -0.375132
82 -1.50745 -0.402476
82.1 -1.48666 -0.429451
82.2 -1.46519 -0.456046
82.3 -1.44296 -0.482246
82.4 -1.4199 -0.508039
82.5 -1.3959 -0.533409
82.6 -1.37083 -0.558336
82.7 -1.34457 -0.582801
82.8 -1.31693 -0.606781
82.9 -1.28769 -0.630249
83 -1.25657 -0.653173
83.1 -1.22321 -0.675517
83.2 -1.18714 -0.697236
83.3 -1.14773 -0.718277
83.4 -1.10409 -0.738571
83.5 -1.05497 -0.758032
83.6 -0.99851 -0.776544
83.7 -0.931816 -0.793953
83.8 -0.850184 -0.810034
83.9 -0.745446 -0.824453
84 -0.60237 -0.83667
84.1 -0.390361 -0.845754
84.2 -0.0453469 -0.849957
84.3 0.543719 -0.845917
84.4 1.34638 -0.828887
84.5 1.85309 -0.799167
84.6 1.98505 -0.763979
84.7 2.01215 -0.727769
84.8 2.01114 -0.691467
84.9 2.00224 -0.655295
85 1.99108 -0.619315
85.1 1.97921 -0.583545
85.2 1.96706 -0.547993
85.3 1.95474 -0.512661
85.4 1.94228 -0.477552
85.5 1.92968 -0.442669
85.6 1.91693 -0.408014
85.7 1.90404 -0.373591
85.8 1.891 -0.339401
85.9 1.87781 -0.305447
86 1.86445 -0.271733
86.1 1.85092 -0.23826
86.2 1.83721 -0.205033
86.3 1.82332 -0.172055
86.4 1.80924 -0.139329
86.5 1.79496 -0.106858
86.6 1.78047 -0.0746465
86.7 1.76576 -0.0426981
86.8 1.75081 -0.0110167
86.9 1.73563 0.0203932
87 1.72019 0.0515272
87.1 1.70448 0.0823806
87.2 1.68848 0.112948
87.3 1.67219 0.143225
87.4 1.65557 0.173206
87.5 1.63861 0.202884
87.6 1.62129 0.232253
87.7 1.60359 0.261307
87.8 1.58547 0.290038
87.9 1.5669 0.318438
88 1.54785 0.3465
88.1 1.52827 0.374213
88.2 1.50813 0.401569
88.3 1.48736 0.428557
88.4 1.46592 0.455164
88.5 1.44372 0.481379
88.6 1.42068 0.507185
88.7 1.39671 0.532569
88.8 1.37169 0.557511
88.9 1.34547 0.581992
89 1.31788 0.605989
89.1 1.28869 0.629474
89.2 1.25764 0.652417
89.3 1.22437 0.674781
89.4 1.1884 0.696522
89.5 1.14911 0.717586
89.6 1.10563 0.737907
89.7 1.05672 0.757397
89.8 1.00054 0.775943
89.9 0.934249 0.793392
90 0.853222 0.809522
90.1 0.749446 0.824003
90.2 0.608023 0.836306
90.3 0.399092 0.845517
90.4 0.0601064 0.849925
90.5 -0.519172 0.846237
90.6 -1.32104 0.82969
90.7 -1.84443 0.800291
90.8 -1.98308 0.765179
90.9 -2.01189 0.728981
91 -2.01135 0.692676
91.1 -2.00259 0.656499
91.2 -1.99147 0.620512
91.3 -1.97961 0.584735
91.4 -1.96747 0.549175
91.5 -1.95515 0.513836
91.6 -1.9427 0.478719
91.7 -1.9301 0.443829
91.8 -1.91736 0.409167
91.9 -1.90448 0.374735
92 -1.89144 0.340537
92.1 -1.87825 0.306576
92.2 -1.8649 0.272853
92.3 -1.85137 0.239373
92.4 -1.83767 0.206138
92.5 -1.82379 0.173151
92.6 -1.80972 0.140416
92.7 -1.79544 0.107937
92.8 -1.78096 0.0757168
92.9 -1.76625 0.0437595
93 -1.75132 0.0120692
93.1 -1.73614 -0.0193499
93.2 -1.72071 -0.0504932
93.3 -1.70501 -0.081356
93.4 -1.68902 -0.111933
93.5 -1.67273 -0.14222
93.6 -1.65613 -0.172211
93.7 -1.63919 -0.201899
93.8 -1.62188 -0.231278
93.9 -1.60419 -0.260343
94 -1.58608 -0.289085
94.1 -1.56752 -0.317496
94.2 -1.54849 -0.345569
94.3 -1.52893 -0.373295
94.4 -1.50881 -0.400663
94.5 -1.48807 -0.427663
94.6 -1.46664 -0.454283
94.7 -1.44447 -0.480511
94.8 -1.42147 -0.506331
94.9 -1.39753 -0.531729
95 -1.37254 -0.556687
95.1 -1.34637 -0.581183
95.2 -1.31882 -0.605196
95.3 -1.28969 -0.628699
95.4 -1.25871 -0.651661
95.5 -1.22552 -0.674045
95.6 -1.18965 -0.695808
95.7 -1.15048 -0.716895
95.8 -1.10716 -0.737242
95.9 -1.05846 -0.756761
96 -1.00256 -0.775341
96.1 -0.936666 -0.79283
96.2 -0.856234 -0.809008
96.3 -0.753404 -0.823552
96.4 -0.6136 -0.835939
96.5 -0.407679 -0.845274
96.6 -0.0745882 -0.849884
96.7 0.49496 -0.846542
96.8 1.29534 -0.830478
96.9 1.8353 -0.801407
97 1.98099 -0.766377
97.1 2.01159 -0.730191
97.2 2.01155 -0.693885
97.3 2.00293 -0.657702
97.4 1.99185 -0.621708
97.5 1.98001 -0.585924
97.6 1.96788 -0.550357
97.7 1.95557 -0.51501
97.8 1.94311 -0.479886
97.9 1.93052 -0.444988
98 1.91779 -0.410319
98.1 1.90491 -0.375879
98.2 1.89188 -0.341674
98.3 1.87869 -0.307704
98.4 1.86534 -0.273974
98.5 1.85183 -0.240485
98.6 1.83813 -0.207242
98.7 1.82426 -0.174247
98.8 1.81019 -0.141504
98.9 1.79592 -0.109016
99 1.78144 -0.0767867
99.1 1.76675 -0.0448206
99.2 1.75182 -0.0131213
99.3 1.73665 0.0183068
99.4 1.72123 0.0494594
99.5 1.70553 0.0803317
99.6 1.68956 0.110919
99.7 1.67328 0.141215
99.8 1.65669 0.171216
99.9 1.63976 0.200914
100 1.62246 0.230304
100.1 1.60478 0.259379
100.2 1.58669 0.288132
100.3 1.56815 0.316554
100.4 1.54913 0.344639
100.5 1.52959 0.372376
100.6 1.50949 0.399756
100.7 1.48877 0.426769
100.8 1.46737 0.453402
100.9 1.44522 0.479643
101 1.42225 0.505477
101.1 1.39834 0.530889
101.2 1.37339 0.555862
101.3 1.34726 0.580374
101.4 1.31976 0.604404
101.5 1.29069 0.627924
101.6 1.25978 0.650904
101.7 1.22666 0.673308
101.8 1.19089 0.695093
101.9 1.15185 0.716204
102 1.10868 0.736576
102.1 1.06018 0.756125
102.2 1.00456 0.774738
102.3 0.939065 0.792266
102.4 0.85922 0.808493
102.5 0.75732 0.823098
102.6 0.619104 0.835569
102.7 0.416125 0.845027
102.8 0.0887977 0.849835
102.9 -0.471089 0.846832
103 -1.26933 0.831249
103.1 -1.8257 0.802517
103.2 -1.97879 0.767573
103.3 -2.01127 0.731401
103.4 -2.01175 0.695094
103.5 -2.00327 0.658905
103.6 -1.99224 0.622904
103.7 -1.98041 0.587113
103.8 -1.96828 0.551538
103.9 -1.95598 0.516184
104 -1.94353 0.481053
104.1 -1.93094 0.446148
104.2 -1.91821 0.41147
104.3 -1.90534 0.377023
104.4 -1.89232 0.34281
104.5 -1.87914 0.308832
104.6 -1.86579 0.275094
104.7 -1.85228 0.241597
104.8 -1.83859 0.208345
104.9 -1.82472 0.175342
105 -1.81066 0.142591
105.1 -1.7964 0.110094
105.2 -1.78193 0.0778564
105.3 -1.76724 0.0458814
105.4 -1.75232 0.0141732
105.5 -1.73716 -0.0172641
105.6 -1.72174 -0.0484259
105.7 -1.70606 -0.0793076
105.8 -1.6901 -0.109904
105.9 -1.67383 -0.14021
106 -1.65725 -0.170221
106.1 -1.64033 -0.199929
106.2 -1.62304 -0.22933
106.3 -1.60538 -0.258415
106.4 -1.5873 -0.287179
106.5 -1.56878 -0.315613
106.6 -1.54977 -0.343709
106.7 -1.53025 -0.371458
106.8 -1.51017 -0.39885
106.9 -1.48947 -0.425875
107 -1.4681 -0.452521
107.1 -1.44598 -0.478775
107.2 -1.42303 -0.504623
107.3 -1.39916 -0.53005
107.4 -1.37424 -0.555037
107.5 -1.34815 -0.579565
107.6 -1.3207 -0.603611
107.7 -1.29169 -0.627149
107.8 -1.26084 -0.650148
107.9 -1.22781 -0.672572
108 -1.19213 -0.694377
108.1 -1.15321 -0.715512
108.2 -1.1102 -0.73591
108.3 -1.0619 -0.755488
108.4 -1.00656 -0.774135
108.5 -0.941447 -0.791702
108.6 -0.86218 -0.807976
108.7 -0.761194 -0.822642
108.8 -0.624535 -0.835196
108.9 -0.424434 -0.844775
109 -0.10274 -0.849777
109.1 0.447566 -0.847108
109.2 1.24301 -0.832005
109.3 1.81559 -0.803619
109.4 1.97647 -0.768767
109.5 2.01091 -0.73261
109.6 2.01193 -0.696301
109.7 2.00361 -0.660107
109.8 1.99262 -0.6241
109.9 1.98081 -0.588302
110 1.96869 -0.55272
110.1 1.95639 -0.517358
110.2 1.94395 -0.482219
110.3 1.93136 -0.447306
110.4 1.91864 -0.412621
110.5 1.90577 -0.378167
110.6 1.89275 -0.343945
110.7 1.87958 -0.30996
110.8 1.86624 -0.276213
110.9 1.85273 -0.242709
111 1.83905 -0.209449
111.1 1.82519 -0.176437
111.2 1.81113 -0.143677
111.3 1.79688 -0.111172
111.4 1.78241 -0.0789258
111.5 1.76773 -0.046942
111.6 1.75282 -0.0152248
111.7 1.73767 0.0162216
111.8 1.72226 0.0473926
111.9 1.70659 0.0782837
112 1.69063 0.10889
112.1 1.67438 0.139206
112.2 1.6578 0.169226
112.3 1.64089 0.198945
112.4 1.62363 0.228356
112.5 1.60597 0.257452
112.6 1.58791 0.286226
112.7 1.5694 0.314671
112.8 1.55041 0.342779
112.9 1.53091 0.370539
113 1.51085 0.397943
113.1 1.49017 0.424981
113.2 1.46882 0.451639
113.3 1.44672 0.477907
113.4 1.42381 0.503769
113.5 1.39997 0.52921
113.6 1.37509 0.554212
113.7 1.34904 0.578756
113.8 1.32164 0.602818
113.9 1.29268 0.626373
114 1.2619 0.649391
114.1 1.22895 0.671835
114.2 1.19337 0.693662
114.3 1.15457 0.71482
114.4 1.11171 0.735243
114.5 1.06361 0.75485
114.6 1.00854 0.77353
114.7 0.943812 0.791136
114.8 0.865115 0.807458
114.9 0.765028 0.822184
115 0.629896 0.834819
115.1 0.432609 0.844517
115.2 0.116423 0.849711
115.3 -0.424393 0.84737
115.4 -1.21644 0.832744
115.5 -1.80497 0.804714
115.6 -1.97402 0.76996
115.7 -2.01051 0.733819
115.8 -2.01211 0.697509
115.9 -2.00395 0.661309
116 -1.99301 0.625295
116.1 -1.98121 0.58949
116.2 -1.9691 0.553901
116.3 -1.9568 0.518532
116.4 -1.94436 0.483385
116.5 -1.93179 0.448465
116.6 -1.91907 0.413772
116.7 -1.9062 0.37931
116.8 -1.89319 0.345081
116.9 -1.88002 0.311087
117 -1.86669 0.277333
117.1 -1.85319 0.24382
117.2 -1.83951 0.210552
117.3 -1.82565 0.177532
117.4 -1.8116 0.144764
117.5 -1.79735 0.11225
117.6 -1.7829 0.0799949
117.7 -1.76822 0.0480023
117.8 -1.75332 0.0162762
117.9 -1.73818 -0.0151792
118 -1.72278 -0.0463595
118.1 -1.70711 -0.07726
118.2 -1.69117 -0.107876
118.3 -1.67492 -0.138202
118.4 -1.65836 -0.168232
118.5 -1.64146 -0.197961
118.6 -1.62421 -0.227382
118.7 -1.60657 -0.256488
118.8 -1.58852 -0.285274
118.9 -1.57002 -0.31373
119 -1.55105 -0.341849
119.1 -1.53157 -0.369621
119.2 -1.51153 -0.397037
119.3 -1.49087 -0.424087
119.4 -1.46954 -0.450758
119.5 -1.44747 -0.477039
119.6 -1.42458 -0.502915
119.7 -1.40078 -0.52837
119.8 -1.37594 -0.553387
119.9 -1.34993 -0.577947
120 -1.32258 -0.602025
120.1 -1.29368 -0.625598
120.2 -1.26296 -0.648634
120.3 -1.23008 -0.671097
120.4 -1.1946 -0.692945
120.5 -1.15592 -0.714127
120.6 -1.11321 -0.734576
120.7 -1.06531 -0.754212
120.8 -1.01051 -0.772925
120.9 -0.946162 -0.790569
121 -0.868025 -0.806938
121.1 -0.768823 -0.821724
121.2 -0.635188 -0.83444
121.3 -0.440654 -0.844255
121.4 -0.12985 -0.849637
121.5 0.401573 -0.847618
121.6 1.18962 -0.833467
121.7 1.79381 -0.805801
121.8 1.97145 -0.771151
121.9 2.01009 -0.735026
122 2.01228 -0.698716
122.1 2.00428 -0.662511
122.2 1.99339 -0.62649
122.3 1.98161 -0.590678
122.4 1.9695 -0.555081
122.5 1.95722 -0.519705
122.6 1.94478 -0.484551
122.7 1.93221 -0.449623
122.8 1.91949 -0.414923
122.9 1.90663 -0.380453
123 1.89362 -0.346216
123.1 1.88046 -0.312214
123.2 1.86713 -0.278452
123.3 1.85364 -0.244931
123.4 1.83997 -0.211655
123.5 1.82612 -0.178627
123.6 1.81207 -0.14585
123.7 1.79783 -0.113328
123.8 1.78338 -0.0810639
123.9 1.76872 -0.0490626
124 1.75382 -0.0173275
124.1 1.73868 0.014137
124.2 1.72329 0.0453266
124.3 1.70764 0.0762364
124.4 1.6917 0.106862
124.5 1.67547 0.137197
124.6 1.65892 0.167237
124.7 1.64203 0.196976
124.8 1.62479 0.226408
124.9 1.60716 0.255525
125 1.58912 0.284321
125.1 1.57065 0.312788
125.2 1.55169 0.340918
125.3 1.53223 0.368702
125.4 1.5122 0.396131
125.5 1.49157 0.423193
125.6 1.47026 0.449877
125.7 1.44822 0.476171
125.8 1.42536 0.502061
125.9 1.40158 0.52753
126 1.37678 0.552562
126.1 1.35081 0.577137
126.2 1.32351 0.601232
126.3 1.29467 0.624822
126.4 1.26401 0.647876
126.5 1.23122 0.670359
126.6 1.19583 0.692229
126.7 1.15727 0.713433
126.8 1.11471 0.733908
126.9 1.06701 0.753572
127 1.01247 0.772318
127.1 0.948495 0.790001
127.2 0.870912 0.806417
127.3 0.772578 0.821262
127.4 0.640413 0.834058
127.5 0.448572 0.843989
127.6 0.14303 0.849555
127.7 -0.379107 0.847852
127.8 -1.1626 0.834174
127.9 -1.78209 0.80688
128 -1.96875 0.77234
128.1 -2.00962 0.736234
128.2 -2.01243 0.699923
128.3 -2.00461 0.663712
128.4 -1.99377 0.627685
128.5 -1.98201 0.591865
128.6 -1.96991 0.556262
128.7 -1.95763 0.520878
128.8 -1.9452 0.485717
128.9 -1.93263 0.450781
129 -1.91992 0.416073
129.1 -1.90706 0.381595
129.2 -1.89406 0.347351
129.3 -1.8809 0.313342
129.4 -1.86758 0.279571
129.5 -1.85409 0.246042
129.6 -1.84043 0.212758
129.7 -1.82658 0.179721
129.8 -1.81254 0.146936
129.9 -1.79831 0.114405
130 -1.78387 0.0821329
130.1 -1.76921 0.0501227
130.2 -1.75432 0.0183787
130.3 -1.73919 -0.0130949
130.4 -1.72381 -0.0442936
130.5 -1.70816 -0.0752129
130.6 -1.69224 -0.105848
130.7 -1.67601 -0.136193
130.8 -1.65947 -0.166243
130.9 -1.6426 -0.195992
131 -1.62537 -0.225434
131.1 -1.60775 -0.254562
131.2 -1.58973 -0.283369
131.3 -1.57127 -0.311847
131.4 -1.55233 -0.339988
131.5 -1.53288 -0.367784
131.6 -1.51288 -0.395224
131.7 -1.49226 -0.422299
131.8 -1.47098 -0.448996
131.9 -1.44897 -0.475303
132 -1.42613 -0.501206
132.1 -1.40239 -0.52669
132.2 -1.37762 -0.551737
132.3 -1.3517 -0.576327
132.4 -1.32444 -0.600439
132.5 -1.29565 -0.624046
132.6 -1.26506 -0.647118
132.7 -1.23234 -0.669621
132.8 -1.19705 -0.691512
132.9 -1.15861 -0.712739
133 -1.1162 -0.73324
133.1 -1.06869 -0.752932
133.2 -1.01442 -0.771711
133.3 -0.950812 -0.789432
133.4 -0.873775 -0.805894
133.5 -0.776297 -0.820798
133.6 -0.645572 -0.833672
133.7 -0.456366 -0.843718
133.8 -0.155967 -0.849465
133.9 0.356995 -0.848073
134 1.1354 -0.834864
134.1 1.7698 -0.80795
134.2 1.96591 -0.773527
134.3 2.00912 -0.73744
134.4 2.01258 -0.701129
134.5 2.00494 -0.664914
134.6 1.99415 -0.62888
134.7 1.98241 -0.593053
134.8 1.97032 -0.557442
134.9 1.95804 -0.522051
135 1.94561 -0.486883
135.1 1.93305 -0.451939
135.2 1.92034 -0.417224
135.3 1.90749 -0.382738
135.4 1.89449 -0.348486
135.5 1.88134 -0.314469
135.6 1.86802 -0.28069
135.7 1.85454 -0.247153
135.8 1.84088 -0.213861
135.9 1.82704 -0.180816
136 1.81301 -0.148022
136.1 1.79879 -0.115483
136.2 1.78435 -0.0832019
136.3 1.7697 -0.0511829
136.4 1.75482 -0.01943
136.5 1.7397 0.0120526
136.6 1.72433 0.0432606
136.7 1.70869 0.0741892
136.8 1.69277 0.104834
136.9 1.67656 0.135189
137 1.66003 0.165248
137.1 1.64317 0.195008
137.2 1.62595 0.22446
137.3 1.60834 0.253598
137.4 1.59034 0.282416
137.5 1.57189 0.310905
137.6 1.55297 0.339058
137.7 1.53354 0.366865
137.8 1.51355 0.394318
137.9 1.49296 0.421404
138 1.4717 0.448114
138.1 1.44971 0.474434
138.2 1.42691 0.500351
138.3 1.4032 0.525849
138.4 1.37847 0.550911
138.5 1.35258 0.575517
138.6 1.32537 0.599645
138.7 1.29664 0.623269
138.8 1.26611 0.64636
138.9 1.23347 0.668882
139 1.19827 0.690794
139.1 1.15994 0.712045
139.2 1.11768 0.732571
139.3 1.07037 0.752292
139.4 1.01635 0.771103
139.5 0.953115 0.788862
139.6 0.876615 0.80537
139.7 0.779979 0.820332
139.8 0.650668 0.833284
139.9 0.464041 0.843442
140 0.16867 0.849368
140.1 -0.335235 0.84828
140.2 -1.10805 0.835538
140.3 -1.75693 0.809012
140.4 -1.96293 0.774713
140.5 -2.00858 0.738647
140.6 -2.01271 0.702336
140.7 -2.00527 0.666115
140.8 -1.99453 0.630075
140.9 -1.98281 0.594241
141 -1.97072 0.558623
141.1 -1.95845 0.523224
141.2 -1.94603 0.488048
141.3 -1.93347 0.453098
141.4 -1.92077 0.418374
141.5 -1.90792 0.383881
141.6 -1.89493 0.349621
141.7 -1.88178 0.315596
141.8 -1.86847 0.28181
141.9 -1.85499 0.248264
142 -1.84134 0.214964
142.1 -1.82751 0.181911
142.2 -1.81348 0.149108
142.3 -1.79926 0.116561
142.4 -1.78483 0.0842711
142.5 -1.77019 0.0522433
142.6 -1.75532 0.0204815
142.7 -1.7402 -0.0110102
142.8 -1.72484 -0.0422274
142.9 -1.70921 -0.0731654
143 -1.69331 -0.103819
143.1 -1.6771 -0.134184
143.2 -1.66058 -0.164254
143.3 -1.64373 -0.194023
143.4 -1.62652 -0.223485
143.5 -1.60894 -0.252634
143.6 -1.59094 -0.281463
143.7 -1.57251 -0.309963
143.8 -1.55361 -0.338127
143.9 -1.53419 -0.365946
144 -1.51423 -0.393411
144.1 -1.49365 -0.42051
144.2 -1.47242 -0.447232
144.3 -1.45045 -0.473566
144.4 -1.42768 -0.499496
144.5 -1.404 -0.525008
144.6 -1.37931 -0.550085
144.7 -1.35346 -0.574706
144.8 -1.3263 -0.598851
144.9 -1.29762 -0.622492
145 -1.26716 -0.645601
145.1 -1.2346 -0.668143
145.2 -1.19949 -0.690076
145.3 -1.16128 -0.711349
145.4 -1.11916 -0.731901
145.5 -1.07204 -0.75165
145.6 -1.01828 -0.770493
145.7 -0.955402 -0.78829
145.8 -0.879434 -0.804844
145.9 -0.783625 -0.819863
146 -0.655703 -0.832892
146.1 -0.4716 -0.843161
146.2 -0.181144 -0.849263
146.3 0.313826 -0.848475
146.4 1.08057 -0.836195
146.5 1.74346 -0.810065
146.6 1.9598 -0.775898
146.7 2.00801 -0.739853
146.8 2.01284 -0.703543
146.9 2.00559 -0.667317
147 1.99491 -0.63127
147.1 1.9832 -0.595429
147.2 1.97113 -0.559803
147.3 1.95886 -0.524398
147.4 1.94644 -0.489214
147.5 1.93389 -0.454256
147.6 1.92119 -0.419525
147.7 1.90835 -0.385024
147.8 1.89536 -0.350756
147.9 1.88222 -0.316724
148 1.86891 -0.282929
148.1 1.85544 -0.249376
148.2 1.8418 -0.216067
148.3 1.82797 -0.183006
148.4 1.81395 -0.150195
148.5 1.79974 -0.117639
148.6 1.78532 -0.0853405
148.7 1.77068 -0.053304
148.8 1.75581 -0.0215333
148.9 1.74071 0.00996745
149 1.72536 0.0411938
149.1 1.70974 0.0721412
149.2 1.69384 0.102805
149.3 1.67765 0.133179
149.4 1.66114 0.163259
149.5 1.6443 0.193038
149.6 1.6271 0.222511
149.7 1.60953 0.25167
149.8 1.59155 0.28051
149.9 1.57313 0.309021
150 1.55424 0.337196
150.1 1.53485 0.365027
150.2 1.5149 0.392503
150.3 1.49435 0.419615
150.4 1.47314 0.44635
150.5 1.4512 0.472696
150.6 1.42845 0.498641
150.7 1.4048 0.524167
150.8 1.38015 0.549258
150.9 1.35434 0.573895
151 1.32723 0.598056
151.1 1.2986 0.621714
151.2 1.26821 0.644842
151.3 1.23572 0.667403
151.4 1.20071 0.689357
151.5 1.16261 0.710653
151.6 1.12064 0.73123
151.7 1.0737 0.751007
151.8 1.0202 0.769882
151.9 0.957676 0.787717
152 0.88223 0.804316
152.1 0.787236 0.819393
152.2 0.660677 0.832498
152.3 0.479045 0.842877
152.4 0.193396 0.849151
152.5 -0.292766 0.848656
152.6 -1.053 0.836836
152.7 -1.72937 0.81111
152.8 -1.95652 0.777081
152.9 -2.00739 0.741059
153 -2.01295 0.70475
153.1 -2.00591 0.668519
153.2 -1.99529 0.632465
153.3 -1.9836 0.596617
153.4 -1.97153 0.560985
153.5 -1.95927 0.525572
153.6 -1.94686 0.490381
153.7 -1.93431 0.455415
153.8 -1.92162 0.420676
153.9 -1.90878 0.386168
154 -1.8958 0.351892
154.1 -1.88266 0.317851
154.2 -1.86936 0.284049
154.3 -1.85589 0.250488
154.4 -1.84225 0.217171
154.5 -1.82843 0.184101
154.6 -1.81442 0.151282
154.7 -1.80021 0.118717
154.8 -1.7858 0.0864104
154.9 -1.77117 0.0543652
155 -1.75631 0.0225855
155.1 -1.74122 -0.00892428
155.2 -1.72587 -0.0401599
155.3 -1.71026 -0.0711166
155.4 -1.69437 -0.10179
155.5 -1.67819 -0.132174
155.6 -1.66169 -0.162263
155.7 -1.64486 -0.192053
155.8 -1.62768 -0.221536
155.9 -1.61012 -0.250706
156 -1.59215 -0.279556
156.1 -1.57375 -0.308078
156.2 -1.55488 -0.336265
156.3 -1.5355 -0.364107
156.4 -1.51557 -0.391595
156.5 -1.49504 -0.418719
156.6 -1.47385 -0.445467
156.7 -1.45194 -0.471827
156.8 -1.42922 -0.497784
156.9 -1.40561 -0.523325
157 -1.38098 -0.548431
157.1 -1.35522 -0.573083
157.2 -1.32815 -0.59726
157.3 -1.29958 -0.620936
157.4 -1.26925 -0.644081
157.5 -1.23683 -0.666662
157.6 -1.20192 -0.688637
157.7 -1.16393 -0.709956
157.8 -1.12211 -0.730558
157.9 -1.07536 -0.750363
158 -1.0221 -0.769271
158.1 -0.959936 -0.787143
158.2 -0.885006 -0.803787
158.3 -0.790815 -0.81892
158.4 -0.665593 -0.832101
158.5 -0.486381 -0.842587
158.6 -0.205431 -0.849031
158.7 0.272051 -0.848826
158.8 1.02536 -0.83746
158.9 1.71467 -0.812145
159 1.95309 -0.778262
159.1 2.00673 -0.742266
159.2 2.01305 -0.705957
159.3 2.00622 -0.669721
159.4 1.99566 -0.633661
159.5 1.984 -0.597806
159.6 1.97194 -0.562166
159.7 1.95968 -0.526746
159.8 1.94727 -0.491548
159.9 1.93473 -0.456574
160 1.92204 -0.421828
160.1 1.90921 -0.387312
160.2 1.89623 -0.353028
160.3 1.8831 -0.31898
160.4 1.8698 -0.28517
160.5 1.85634 -0.2516
160.6 1.84271 -0.218275
160.7 1.82889 -0.185197
160.8 1.81489 -0.15237
160.9 1.80069 -0.119796
161 1.78628 -0.0874808
161.1 1.77166 -0.0554268
161.2 1.75681 -0.0236383
161.3 1.74172 0.00788058
161.4 1.72639 0.0391253
161.5 1.71079 0.0700914
161.6 1.69491 0.100774
161.7 1.67873 0.131168
161.8 1.66225 0.161267
161.9 1.64543 0.191067
162 1.62826 0.22056
162.1 1.61071 0.249741
162.2 1.59276 0.278601
162.3 1.57437 0.307135
162.4 1.55552 0.335333
162.5 1.53615 0.363187
162.6 1.51624 0.390687
162.7 1.49574 0.417823
162.8 1.47457 0.444583
162.9 1.45268 0.470956
163 1.42999 0.496928
163.1 1.40641 0.522482
163.2 1.38182 0.547603
163.3 1.3561 0.572271
163.4 1.32908 0.596464
163.5 1.30056 0.620157
163.6 1.27029 0.64332
163.7 1.23795 0.665921
163.8 1.20312 0.687916
163.9 1.16525 0.709258
164 1.12357 0.729885
164.1 1.07701 0.749718
164.2 1.024 0.768657
164.3 0.962182 0.786567
164.4 0.887762 0.803255
164.5 0.79436 0.818445
164.6 0.670453 0.8317
164.7 0.493611 0.842293
164.8 0.217256 0.848904
164.9 -0.251678 0.848983
165 -0.997667 0.838068
165.1 -1.69934 0.813171
165.2 -1.9495 0.779443
165.3 -2.00603 0.743472
165.4 -2.01314 0.707165
165.5 -2.00653 0.670924
165.6 -1.99604 0.634858
165.7 -1.98439 0.598996
165.8 -1.97234 0.563349
165.9 -1.96009 0.527921
166 -1.94769 0.492715
166.1 -1.93515 0.457734
166.2 -1.92246 0.422981
166.3 -1.90964 0.388457
166.4 -1.89667 0.354165
166.5 -1.88354 0.320109
166.6 -1.87025 0.286291
166.7 -1.85679 0.252713
166.8 -1.84317 0.21938
166.9 -1.82936 0.186294
167 -1.81536 0.153458
167.1 -1.80117 0.120876
167.2 -1.78677 0.0885519
167.3 -1.77215 0.0564891
167.4 -1.75731 0.0246917
167.5 -1.74223 -0.00683623
167.6 -1.7269 -0.0380902
167.7 -1.71131 -0.0690656
167.8 -1.69544 -0.0997576
167.9 -1.67928 -0.130161
168 -1.6628 -0.16027
168.1 -1.64599 -0.19008
168.2 -1.62883 -0.219584
168.3 -1.6113 -0.248775
168.4 -1.59336 -0.277646
168.5 -1.57499 -0.306191
168.6 -1.55615 -0.3344
168.7 -1.53681 -0.362266
168.8 -1.51692 -0.389778
168.9 -1.49643 -0.416926
169 -1.47529 -0.443699
169.1 -1.45342 -0.470085
169.2 -1.43076 -0.49607
169.3 -1.40721 -0.521639
169.4 -1.38265 -0.546775
169.5 -1.35697 -0.571458
169.6 -1.33 -0.595667
169.7 -1.30153 -0.619377
169.8 -1.27133 -0.642559
169.9 -1.23906 -0.665178
170 -1.20433 -0.687195
170.1 -1.16657 -0.708559
170.2 -1.12503 -0.729211
170.3 -1.07865 -0.749072
170.4 -1.02589 -0.768043
170.5 -0.964415 -0.785989
170.6 -0.890498 -0.802722
170.7 -0.797874 -0.817968
170.8 -0.675258 -0.831297
170.9 -0.500738 -0.841995
171 -0.228877 -0.84877
171.1 0.231644 -0.849127
171.2 0.969959 -0.838659
171.3 1.68338 -0.814187
171.4 1.94573 -0.780622
171.5 2.00528 -0.744679
171.6 2.01322 -0.708373
171.7 2.00684 -0.672128
171.8 1.99641 -0.636055
171.9 1.98479 -0.600186
172 1.97275 -0.564532
172.1 1.9605 -0.529097
172.2 1.9481 -0.493884
172.3 1.93557 -0.458895
172.4 1.92289 -0.424134
172.5 1.91007 -0.389602
172.6 1.8971 -0.355303
172.7 1.88398 -0.321239
172.8 1.87069 -0.287413
172.9 1.85725 -0.253827
173 1.84362 -0.220485
173.1 1.82982 -0.187391
173.2 1.81583 -0.154547
173.3 1.80164 -0.121957
173.4 1.78725 -0.0896237
173.5 1.77264 -0.0575521
173.6 1.75781 -0.0257458
173.7 1.74274 0.00579114
173.8 1.72742 0.0370543
173.9 1.71183 0.0680391
174 1.69597 0.0987406
174.1 1.67982 0.129154
174.2 1.66335 0.159273
174.3 1.64656 0.189093
174.4 1.62941 0.218607
174.5 1.61189 0.247808
174.6 1.59396 0.276691
174.7 1.57561 0.305246
174.8 1.55679 0.333467
174.9 1.53746 0.361344
175 1.51759 0.388868
175.1 1.49712 0.416028
175.2 1.476 0.442814
175.3 1.45416 0.469213
175.4 1.43153 0.495212
175.5 1.40801 0.520795
175.6 1.38349 0.545945
175.7 1.35785 0.570644
175.8 1.33092 0.594869
175.9 1.30251 0.618596
176 1.27236 0.641796
176.1 1.24017 0.664435
176.2 1.20553 0.686472
176.3 1.16788 0.707859
176.4 1.12648 0.728536
176.5 1.08029 0.748425
176.6 1.02777 0.767427
176.7 0.966636 0.78541
176.8 0.893215 0.802188
176.9 0.801357 0.817488
177 0.680009 0.83089
177.1 0.507764 0.841693
177.2 0.240298 0.848629
177.3 -0.211945 0.84926
177.4 -0.942258 0.839234
177.5 -1.66678 0.815194
177.6 -1.94179 0.7818
177.7 -2.00448 0.745886
177.8 -2.01328 0.709582
177.9 -2.00714 0.673333
178 -1.99679 0.637253
178.1 -1.98518 0.601377
178.2 -1.97315 0.565716
178.3 -1.96091 0.530273
178.4 -1.94852 0.495053
178.5 -1.93599 0.460057
178.6 -1.92331 0.425288
178.7 -1.9105 0.390749
178.8 -1.89753 0.356442
178.9 -1.88442 0.322369
179 -1.87114 0.288535
179.1 -1.8577 0.254942
179.2 -1.84408 0.221592
179.3 -1.83028 0.188489
179.4 -1.8163 0.155637
179.5 -1.80212 0.123038
179.6 -1.78773 0.0906963
179.7 -1.77313 0.058616
179.8 -1.7583 0.0268007
179.9 -1.74324 -0.00474524
180 -1.72793 -0.0360176
180.1 -1.71236 -0.0670117
180.2 -1.6965 -0.0977227
180.3 -1.68036 -0.128146
180.4 -1.66391 -0.158275
180.5 -1.64712 -0.188104
180.6 -1.62999 -0.217629
180.7 -1.61248 -0.246841
180.8 -1.59457 -0.275734
180.9 -1.57623 -0.3043
181 -1.55742 -0.332532
181.1 -1.53811 -0.360421
181.2 -1.51826 -0.387957
181.3 -1.49781 -0.41513
181.4 -1.47671 -0.441928
181.5 -1.4549 -0.46834
181.6 -1.43229 -0.494353
181.7 -1.4088 -0.51995
181.8 -1.38432 -0.545115
181.9 -1.35872 -0.569829
182 -1.33184 -0.59407
182.1 -1.30348 -0.617814
182.2 -1.2734 -0.641032
182.3 -1.24128 -0.66369
182.4 -1.20673 -0.685748
182.5 -1.16919 -0.707158
182.6 -1.12793 -0.727859
182.7 -1.08192 -0.747776
182.8 -1.02965 -0.76681
182.9 -0.968845 -0.784829
183 -0.895913 -0.801651
183.1 -0.80481 -0.817006
183.2 -0.684708 -0.830481
183.3 -0.514692 -0.841386
183.4 -0.251526 -0.848482
183.5 0.192578 -0.849382
183.6 0.914588 -0.839793
183.7 1.64954 -0.81619
183.8 1.93766 -0.782976
183.9 2.00364 -0.747093
184 2.01333 -0.710792
184.1 2.00745 -0.674538
184.2 1.99716 -0.638452
184.3 1.98558 -0.602569
184.4 1.97356 -0.5669
184.5 1.96132 -0.531451
184.6 1.94893 -0.496223
184.7 1.93641 -0.461219
184.8 1.92374 -0.426443
184.9 1.91093 -0.391896
185 1.89797 -0.357581
185.1 1.88486 -0.323501
185.2 1.87158 -0.289659
185.3 1.85815 -0.256057
185.4 1.84454 -0.222699
185.5 1.83075 -0.189588
185.6 1.81677 -0.156727
185.7 1.80259 -0.12412
185.8 1.78821 -0.0917697
185.9 1.77362 -0.0596807
186 1.7588 -0.0278565
186.1 1.74375 0.00369849
186.2 1.72844 0.03498
186.3 1.71288 0.0659835
186.4 1.69704 0.096704
186.5 1.6809 0.127137
186.6 1.66446 0.157276
186.7 1.64769 0.187115
186.8 1.63057 0.21665
186.9 1.61307 0.245873
187 1.59517 0.274776
187.1 1.57684 0.303354
187.2 1.55805 0.331597
187.3 1.53876 0.359497
187.4 1.51893 0.387045
187.5 1.4985 0.41423
187.6 1.47743 0.441041
187.7 1.45564 0.467467
187.8 1.43306 0.493492
187.9 1.4096 0.519104
188 1.38516 0.544283
188.1 1.35959 0.569013
188.2 1.33276 0.59327
188.3 1.30445 0.617031
188.4 1.27443 0.640267
188.5 1.24239 0.662945
188.6 1.20792 0.685024
188.7 1.17049 0.706456
188.8 1.12937 0.727182
188.9 1.08354 0.747126
189 1.03151 0.766191
189.1 0.971041 0.784247
189.2 0.898593 0.801112
189.3 0.808234 0.816522
189.4 0.689356 0.830068
189.5 0.521525 0.841075
189.6 0.262563 0.848327
189.7 -0.17354 0.849491
189.8 -0.886975 0.840335
189.9 -1.63166 0.817176
190 -1.93334 0.784151
190.1 -2.00275 0.748301
190.2 -2.01337 0.712003
190.3 -2.00774 0.675745
190.4 -1.99753 0.639652
190.5 -1.98598 0.603762
190.6 -1.97396 0.568086
190.7 -1.96173 0.532629
190.8 -1.94935 0.497393
190.9 -1.93683 0.462382
191 -1.92416 0.427598
191.1 -1.91136 0.393044
191.2 -1.8984 0.358721
191.3 -1.8853 0.324633
191.4 -1.87203 0.290783
191.5 -1.8586 0.257173
191.6 -1.84499 0.223807
191.7 -1.83121 0.190688
191.8 -1.81724 0.157819
191.9 -1.80307 0.125203
192 -1.7887 0.0928441
192.1 -1.77411 0.0607462
192.2 -1.7593 0.0289132
192.3 -1.74425 -0.00265086
192.4 -1.72896 -0.0339416
192.5 -1.7134 -0.0649544
192.6 -1.69757 -0.0956845
192.7 -1.68145 -0.126127
192.8 -1.66501 -0.156276
192.9 -1.64825 -0.186125
193 -1.63114 -0.21567
193.1 -1.61366 -0.244903
193.2 -1.59577 -0.273818
193.3 -1.57746 -0.302406
193.4 -1.55869 -0.330661
193.5 -1.53942 -0.358573
193.6 -1.5196 -0.386132
193.7 -1.49919 -0.41333
193.8 -1.47814 -0.440154
193.9 -1.45638 -0.466592
194 -1.43383 -0.492631
194.1 -1.4104 -0.518257
194.2 -1.38599 -0.543451
194.3 -1.36046 -0.568196
194.4 -1.33367 -0.592469
194.5 -1.30542 -0.616247
194.6 -1.27546 -0.639501
194.7 -1.2435 -0.662198
194.8 -1.20912 -0.684298
194.9 -1.1718 -0.705752
195 -1.13081 -0.726503
195.1 -1.08516 -0.746474
195.2 -1.03336 -0.765571
195.3 -0.973225 -0.783663
195.4 -0.901255 -0.800571
195.5 -0.811628 -0.816036
195.6 -0.693954 -0.829653
195.7 -0.528264 -0.84076
195.8 -0.273416 -0.848166
195.9 0.154827 -0.84959
196 0.859444 -0.840861
196.1 1.61315 -0.818152
196.2 1.92882 -0.785324
196.3 2.0018 -0.749509
196.4 2.01339 -0.713214
196.5 2.00804 -0.676952
196.6 1.9979 -0.640853
196.7 1.98637 -0.604956
196.8 1.97437 -0.569273
196.9 1.96214 -0.533808
197 1.94976 -0.498565
197.1 1.93725 -0.463547
197.2 1.92459 -0.428755
197.3 1.91179 -0.394193
197.4 1.89884 -0.359862
197.5 1.88574 -0.325767
197.6 1.87247 -0.291908
197.7 1.85905 -0.258291
197.8 1.84545 -0.224916
197.9 1.83167 -0.191789
198 1.81771 -0.158911
198.1 1.80354 -0.126287
198.2 1.78918 -0.0939193
198.3 1.7746 -0.0618127
198.4 1.7598 -0.0299708
198.5 1.74476 0.00160234
198.6 1.72947 0.0329023
198.7 1.71393 0.0639244
198.8 1.6981 0.094664
198.9 1.68199 0.125116
199 1.66557 0.155275
199.1 1.64882 0.185135
199.2 1.63172 0.21469
199.3 1.61425 0.243933
199.4 1.59638 0.272859
199.5 1.57808 0.301458
199.6 1.55932 0.329724
199.7 1.54007 0.357647
199.8 1.52027 0.385219
199.9 1.49989 0.412428
200 1.47886 0.439265
