0 2 0
0.1 1.95123 0.304077
0.2 1.89273 0.599882
0.3 1.82583 0.886027
0.4 1.75137 1.16129
0.5 1.66987 1.42455
0.6 1.58152 1.67474
0.7 1.48629 1.91082
0.8 1.38394 2.1317
0.9 1.27405 2.33626
1 1.15601 2.5233
1.1 1.02908 2.6915
1.2 0.892353 2.83943
1.3 0.744816 2.96552
1.4 0.585397 3.068
1.5 0.41306 3.14497
1.6 0.226975 3.19439
1.7 0.0267832 3.21409
1.8 -0.187023 3.20193
1.9 -0.412612 3.15593
2 -0.646318 3.07455
2.1 -0.882317 2.95694
2.2 -1.11276 2.80335
2.3 -1.32863 2.6153
2.4 -1.52114 2.39574
2.5 -1.68349 2.14881
2.6 -1.81191 1.87949
2.7 -1.90595 1.59307
2.8 -1.96782 1.2947
2.9 -2.00128 0.989046
3 -2.01067 0.680152
3.1 -2.00015 0.371395
3.2 -1.97332 0.0655544
3.3 -1.93308 -0.235094
3.4 -1.88167 -0.528669
3.5 -1.82072 -0.813582
3.6 -1.75135 -1.08846
3.7 -1.6743 -1.35207
3.8 -1.58994 -1.60325
3.9 -1.4984 -1.84091
4 -1.39956 -2.06393
4.1 -1.2931 -2.27115
4.2 -1.17852 -2.46139
4.3 -1.05515 -2.63333
4.4 -0.922153 -2.78555
4.5 -0.778589 -2.91652
4.6 -0.623419 -3.02452
4.7 -0.455616 -3.1077
4.8 -0.274304 -3.16402
4.9 -0.0789903 -3.19138
5 0.130083 -3.18762
5.1 0.351492 -3.15071
5.2 0.582124 -3.07899
5.3 0.816796 -2.97139
5.4 1.04824 -2.82783
5.5 1.26773 -2.64946
5.6 1.46636 -2.43883
5.7 1.6367 -2.19973
5.8 1.77411 -1.93693
5.9 1.87724 -1.65562
6 1.94759 -1.361
6.1 1.98855 -1.05787
6.2 2.00432 -0.750427
6.3 1.9991 -0.442227
6.4 1.97664 -0.136201
6.5 1.94002 0.165245
6.6 1.89164 0.460127
6.7 1.8333 0.74678
6.8 1.76623 1.02377
6.9 1.69127 1.28983
7 1.60889 1.54378
7.1 1.51928 1.7845
7.2 1.42239 2.01088
7.3 1.31795 2.22178
7.4 1.20551 2.416
7.5 1.08444 2.59226
7.6 0.953947 2.74919
7.7 0.813114 2.88525
7.8 0.660925 2.99879
7.9 0.496343 3.08798
8 0.318441 3.15083
8.1 0.126612 3.18524
8.2 -0.0791129 3.18907
8.3 -0.297637 3.16024
8.4 -0.526296 3.09697
8.5 -0.760429 2.99802
8.6 -0.993244 2.86305
8.7 -1.21628 2.69291
8.8 -1.42054 2.48978
8.9 -1.59811 2.25719
9 -1.74359 1.9997
9.1 -1.85487 1.72246
9.2 -1.93282 1.43069
9.3 -1.98048 1.1293
9.4 -2.00191 0.822654
9.5 -2.00139 0.514451
9.6 -1.98278 0.207767
9.7 -1.94934 -0.0948763
9.8 -1.90362 -0.391401
9.9 -1.84754 -0.680075
10 -1.78248 -0.959417
10.1 -1.70937 -1.22812
10.2 -1.62874 -1.48499
10.3 -1.54086 -1.7289
10.4 -1.44573 -1.95873
10.5 -1.34312 -2.17336
10.6 -1.23264 -2.3716
10.7 -1.11368 -2.5522
10.8 -0.9855 -2.71379
10.9 -0.847207 -2.85491
11 -0.697803 -2.9739
11.1 -0.536246 -3.06899
11.2 -0.361569 -3.13823
11.3 -0.173066 -3.17953
11.4 0.0294186 -3.19076
11.5 0.245082 -3.1698
11.6 0.471674 -3.11479
11.7 0.705032 -3.02432
11.8 0.938854 -2.89783
11.9 1.16499 -2.73583
12 1.37445 -2.54022
12.1 1.55889 -2.31422
12.2 1.71226 -2.06216
12.3 1.83162 -1.78912
12.4 1.91722 -1.50032
12.5 1.97168 -1.2008
12.6 1.99891 -0.89505
12.7 2.0032 -0.586928
12.8 1.98854 -0.279651
12.9 1.95834 0.0241363
13 1.91532 0.322261
13.1 1.86155 0.612917
13.2 1.79852 0.894573
13.3 1.72724 1.16589
13.4 1.64835 1.42564
13.5 1.56218 1.6727
13.6 1.46876 1.90594
13.7 1.36795 2.12425
13.8 1.25937 2.32645
13.9 1.14247 2.51132
14 1.01654 2.67752
14.1 0.880712 2.82359
14.2 0.734018 2.94795
14.3 0.575416 3.04883
14.4 0.403907 3.12434
14.5 0.2187 3.17241
14.6 0.0194789 3.19091
14.7 -0.193221 3.17771
14.8 -0.417535 3.13085
14.9 -0.649786 3.04882
15 -0.884173 2.93081
15.1 -1.11292 2.77705
15.2 -1.3271 2.58912
15.3 -1.51808 2.36991
15.4 -1.67915 2.12355
15.5 -1.8066 1.85498
15.6 -1.89999 1.56943
15.7 -1.96145 1.27201
15.8 -1.99471 0.967351
15.9 -2.00402 0.659475
16 -1.99349 0.351743
16.1 -1.96669 0.0469241
16.2 -1.92648 -0.252707
16.3 -1.87508 -0.545267
16.4 -1.81412 -0.829167
16.5 -1.74471 -1.10303
16.6 -1.66758 -1.36561
16.7 -1.5831 -1.61575
16.8 -1.4914 -1.85235
16.9 -1.39236 -2.07427
17 -1.28565 -2.28037
17.1 -1.17076 -2.46943
17.2 -1.04703 -2.64015
17.3 -0.913618 -2.7911
17.4 -0.769576 -2.92072
17.5 -0.61387 -3.02729
17.6 -0.445481 -3.10895
17.7 -0.263549 -3.16367
17.8 -0.0676175 -3.18932
17.9 0.142019 -3.18377
18 0.363857 -3.145
18.1 0.594681 -3.07135
18.2 0.829199 -2.96182
18.3 1.06005 -2.81639
18.4 1.27848 -2.63629
18.5 1.47562 -2.42411
18.6 1.64418 -2.18372
18.7 1.7797 -1.91991
18.8 1.88099 -1.63788
18.9 1.94968 -1.34282
19 1.9892 -1.03948
19.1 2.00376 -0.732035
19.2 1.99756 -0.424
19.3 1.9743 -0.118274
19.4 1.93702 0.18276
19.5 1.88809 0.477136
19.6 1.82926 0.763205
19.7 1.76177 1.03954
19.8 1.6864 1.30488
19.9 1.60364 1.55806
20 1.51364 1.79794
20.1 1.41634 2.02342
20.2 1.31147 2.23335
20.3 1.19857 2.42654
20.4 1.07699 2.6017
20.5 0.945936 2.75743
20.6 0.804487 2.89222
20.7 0.651621 3.00438
20.8 0.486303 3.09208
20.9 0.30762 3.15333
21 0.114991 3.18601
21.1 -0.0915026 3.18799
21.2 -0.310687 3.15721
21.3 -0.539792 3.09189
21.4 -0.774031 2.99085
21.5 -1.0065 2.85381
21.6 -1.22867 2.68168
21.7 -1.43156 2.47675
21.8 -1.60737 2.2426
21.9 -1.75089 1.98383
22 -1.86018 1.70562
22.1 -1.93628 1.41318
22.2 -1.9823 1.11138
22.3 -2.00235 0.804566
22.4 -2.00068 0.496387
22.5 -1.98113 0.189886
22.6 -1.94692 -0.112442
22.7 -1.90055 -0.408544
22.8 -1.84393 -0.696703
22.9 -1.77838 -0.97545
23 -1.70482 -1.24349
23.1 -1.62377 -1.49963
23.2 -1.53547 -1.74274
23.3 -1.43991 -1.97171
23.4 -1.33686 -2.1854
23.5 -1.2259 -2.38264
23.6 -1.10642 -2.56217
23.7 -0.977679 -2.72261
23.8 -0.838766 -2.86247
23.9 -0.688681 -2.98011
24 -0.526383 -3.07374
24.1 -0.350915 -3.1414
24.2 -0.161592 -3.18101
24.3 0.0416958 -3.1904
24.4 0.258075 -3.1675
24.5 0.485196 -3.11044
24.6 0.718773 -3.01787
24.7 0.952381 -2.88927
24.8 1.17779 -2.72525
24.9 1.38599 -2.52776
25 1.56876 -2.3001
25.1 1.72018 -2.04668
25.2 1.83753 -1.77257
25.3 1.92122 -1.48302
25.4 1.97397 -1.18301
25.5 1.99974 -0.877025
25.6 2.00282 -0.56887
25.7 1.98716 -0.261731
25.8 1.95615 0.0417786
25.9 1.91245 0.339511
26 1.8581 0.62968
26.1 1.79456 0.910764
26.2 1.72282 1.18143
26.3 1.6435 1.44047
26.4 1.5569 1.68675
26.5 1.46306 1.91915
26.6 1.36181 2.13655
26.7 1.25275 2.33777
26.8 1.13534 2.52158
26.9 1.00886 2.68664
27 0.872427 2.83149
27.1 0.725065 2.95452
27.2 0.565733 3.05397
27.3 0.39344 3.12792
27.4 0.207415 3.17432
27.5 0.00737938 3.19102
27.6 -0.206067 3.1759
27.7 -0.430968 3.12703
27.8 -0.663525 3.0429
27.9 -0.897811 2.92277
28 -1.12595 2.76696
28.1 -1.339 2.5771
28.2 -1.5284 2.35618
28.3 -1.68756 2.10838
28.4 -1.813 1.83867
28.5 -1.90443 1.55228
28.6 -1.96414 1.25431
28.7 -1.99588 0.949366
28.8 -2.00392 0.641412
28.9 -1.99234 0.33378
29 -1.96467 0.0292067
29.1 -1.92376 -0.270058
29.2 -1.87176 -0.562152
29.3 -1.81028 -0.8455
29.4 -1.7404 -1.11873
29.5 -1.66283 -1.38062
29.6 -1.57793 -1.63
29.7 -1.48581 -1.86576
29.8 -1.38632 -2.08679
29.9 -1.27915 -2.29193
30 -1.16376 -2.47995
30.1 -1.03949 -2.64955
30.2 -0.905482 -2.7993
30.3 -0.760785 -2.92762
30.4 -0.604364 -3.03278
30.5 -0.435202 -3.11292
30.6 -0.252458 -3.16599
30.7 -0.0557058 -3.18988
30.8 0.154702 -3.18243
30.9 0.377173 -3.14166
31 0.608381 -3.06593
31.1 0.842906 -2.95429
31.2 1.07328 -2.80678
31.3 1.29069 -2.62471
31.4 1.48634 -2.41076
31.5 1.65306 -2.16886
31.6 1.78658 -1.90384
31.7 1.88589 -1.62091
31.8 1.95276 -1.32523
31.9 1.9907 -1.02154
32 2.00393 -0.713974
32.1 1.99663 -0.405999
32.2 1.97247 -0.100488
32.3 1.93445 0.200207
32.4 1.8849 0.49414
32.5 1.82554 0.779676
32.6 1.75756 1.0554
32.7 1.68176 1.32006
32.8 1.59856 1.57249
32.9 1.50814 1.81156
33 1.41041 2.03616
33.1 1.30509 2.24514
33.2 1.19169 2.43731
33.3 1.06958 2.61137
33.4 0.937946 2.76592
33.5 0.795856 2.89943
33.6 0.642288 3.01021
33.7 0.476211 3.09642
33.8 0.296722 3.15605
33.9 0.10327 3.187
34 -0.104012 3.18711
34.1 -0.323872 3.15435
34.2 -0.553431 3.08696
34.3 -0.787777 2.98381
34.4 -1.01989 2.84468
34.5 -1.24117 2.67055
34.6 -1.44267 2.46379
34.7 -1.61671 2.22807
34.8 -1.75824 1.96802
34.9 -1.86554 1.68883
35 -1.93977 1.39571
35.1 -1.98415 1.09351
35.2 -2.00281 0.786516
35.3 -1.99999 0.478358
35.4 -1.9795 0.172037
35.5 -1.94451 -0.12998
35.6 -1.8975 -0.425661
35.7 -1.84032 -0.713307
35.8 -1.77429 -0.991461
35.9 -1.70027 -1.25883
36 -1.61879 -1.51424
36.1 -1.53007 -1.75655
36.2 -1.43408 -1.98466
36.3 -1.33058 -2.19742
36.4 -1.21914 -2.39366
36.5 -1.09914 -2.57211
36.6 -0.96983 -2.73138
36.7 -0.830292 -2.86999
36.8 -0.679519 -2.98628
36.9 -0.516475 -3.07844
37 -0.340209 -3.14452
37.1 -0.150064 -3.18241
37.2 0.0540265 -3.18997
37.3 0.271117 -3.16512
37.4 0.498755 -3.10601
37.5 0.732531 -3.01133
37.6 0.9659 -2.88063
37.7 1.19055 -2.71458
37.8 1.39747 -2.51522
37.9 1.57854 -2.28592
38 1.728 -2.03114
38.1 1.84334 -1.75598
38.2 1.92513 -1.46568
38.3 1.97618 -1.16521
38.4 2.00051 -0.858997
38.5 2.00238 -0.55082
38.6 1.98574 -0.243827
38.7 1.95391 0.0593998
38.8 1.90954 0.356736
38.9 1.85462 0.646412
39 1.79057 0.926921
39.1 1.71838 1.19694
39.2 1.63863 1.45527
39.3 1.5516 1.70076
39.4 1.45734 1.93231
39.5 1.35564 2.14879
39.6 1.24611 2.34903
39.7 1.12819 2.53178
39.8 1.00115 2.6957
39.9 0.864105 2.83931
40 0.71607 2.96101
40.1 0.556005 3.05903
40.2 0.382926 3.13142
40.3 0.196081 3.17614
40.4 -0.00476743 3.19103
40.5 -0.218955 3.17399
40.6 -0.444429 3.12308
40.7 -0.677271 3.03686
40.8 -0.911431 2.91462
40.9 -1.13894 2.75676
41 -1.35083 2.56498
41.1 -1.5386 2.34236
41.2 -1.69586 2.09313
41.3 -1.81928 1.8223
41.4 -1.90878 1.5351
41.5 -1.96673 1.2366
41.6 -1.99696 0.931371
41.7 -2.00374 0.623351
41.8 -1.99113 0.315827
41.9 -1.96262 0.0115078
42 -1.921 -0.287385
42.1 -1.86841 -0.579008
42.2 -1.80641 -0.861799
42.3 -1.73607 -1.1344
42.4 -1.65806 -1.39558
42.5 -1.57273 -1.6442
42.6 -1.48018 -1.87913
42.7 -1.38026 -2.09926
42.8 -1.27262 -2.30343
42.9 -1.15674 -2.49041
43 -1.03191 -2.65889
43.1 -0.897309 -2.80742
43.2 -0.751955 -2.93443
43.3 -0.594814 -3.03819
43.4 -0.424877 -3.1168
43.5 -0.241318 -3.16822
43.6 -0.0437467 -3.19033
43.7 0.167426 -3.18098
43.8 0.39052 -3.1382
43.9 0.622093 -3.06038
44 0.856598 -2.94663
44.1 1.08646 -2.79705
44.2 1.30284 -2.61302
44.3 1.49696 -2.39732
44.4 1.66182 -2.15393
44.5 1.79333 -1.8877
44.6 1.89067 -1.60389
44.7 1.95574 -1.30762
44.8 1.99211 -1.00359
44.9 2.00403 -0.695912
45 1.99565 -0.388007
45.1 1.9706 -0.0827176
45.2 1.93185 0.217631
45.3 1.88168 0.511114
45.4 1.82178 0.796113
45.5 1.75333 1.07123
45.6 1.67708 1.3352
45.7 1.59346 1.58687
45.8 1.50262 1.82513
45.9 1.40445 2.04884
46 1.29867 2.25688
46.1 1.18479 2.44802
46.2 1.06214 2.62098
46.3 0.929919 2.77434
46.4 0.787186 2.90657
46.5 0.632913 3.01596
46.6 0.466073 3.10066
46.7 0.285776 3.15868
46.8 0.091502 3.18788
46.9 -0.116565 3.18612
47 -0.337091 3.15137
47.1 -0.567087 3.08191
47.2 -0.801515 2.97665
47.3 -1.03324 2.83542
47.4 -1.25361 2.65931
47.5 -1.45369 2.45074
47.6 -1.62593 2.21345
47.7 -1.76548 1.95214
47.8 -1.87077 1.67199
47.9 -1.94316 1.37821
48 -1.98591 1.07562
48.1 -2.0032 0.768463
48.2 -1.99925 0.460335
48.3 -1.97783 0.154203
48.4 -1.94207 -0.147495
48.5 -1.89442 -0.44275
48.6 -1.83669 -0.729878
48.7 -1.77016 -1.00743
48.8 -1.6957 -1.27414
48.9 -1.6138 -1.52881
49 -1.52465 -1.77032
49.1 -1.42823 -1.99756
49.2 -1.32428 -2.20939
49.3 -1.21235 -2.40462
49.4 -1.09183 -2.58198
49.5 -0.961947 -2.74009
49.6 -0.821778 -2.87744
49.7 -0.670316 -2.99236
49.8 -0.506521 -3.08305
49.9 -0.329457 -3.14753
50 -0.138488 -3.18371
50.1 0.0664023 -3.18943
50.2 0.284195 -3.16261
50.3 0.512335 -3.10145
50.4 0.746289 -3.00467
50.5 0.979389 -2.87186
50.6 1.20325 -2.70379
50.7 1.40886 -2.50257
50.8 1.58821 -2.27165
50.9 1.73571 -2.01553
51 1.84904 -1.73934
51.1 1.92893 -1.44831
51.2 1.9783 -1.14739
51.3 2.0012 -0.840963
51.4 2.00188 -0.532775
51.5 1.98426 -0.225936
51.6 1.95164 0.0770007
51.7 1.9066 0.373934
51.8 1.8511 0.663112
51.9 1.78656 0.943042
52 1.71391 1.21241
52.1 1.63373 1.47001
52.2 1.54628 1.71472
52.3 1.45159 1.94542
52.4 1.34944 2.16098
52.5 1.23944 2.36023
52.6 1.12101 2.54192
52.7 0.993405 2.70469
52.8 0.855745 2.84706
52.9 0.707035 2.96743
53 0.546233 3.06399
53.1 0.372364 3.13483
53.2 0.184699 3.17786
53.3 -0.0169604 3.19094
53.4 -0.231882 3.17195
53.5 -0.457915 3.11901
53.6 -0.691023 3.03069
53.7 -0.925028 2.90634
53.8 -1.15187 2.74643
53.9 -1.36257 2.55275
54 -1.54871 2.32844
54.1 -1.70404 2.07781
54.2 -1.82545 1.80587
54.3 -1.91301 1.51787
54.4 -1.96922 1.21886
54.5 -1.99796 0.913368
54.6 -2.0035 0.605292
54.7 -1.98987 0.297886
54.8 -1.96052 -0.00617243
54.9 -1.9182 -0.304687
55 -1.86502 -0.595833
55.1 -1.80251 -0.878064
55.2 -1.7317 -1.15003
55.3 -1.65326 -1.4105
55.4 -1.56751 -1.65835
55.5 -1.47453 -1.89245
55.6 -1.37417 -2.11167
55.7 -1.26606 -2.31487
55.8 -1.14968 -2.50081
55.9 -1.02431 -2.66816
56 -0.8891 -2.81547
56.1 -0.743084 -2.94117
56.2 -0.58522 -3.04351
56.3 -0.414506 -3.12058
56.4 -0.23013 -3.17034
56.5 -0.0317407 -3.19067
56.6 0.180192 -3.17941
56.7 0.403897 -3.13462
56.8 0.635816 -3.05471
56.9 0.870276 -2.93885
57 1.0996 -2.78719
57.1 1.3149 -2.60123
57.2 1.50749 -2.38378
57.3 1.67047 -2.13891
57.4 1.79997 -1.87151
57.5 1.89534 -1.58683
57.6 1.95862 -1.28998
57.7 1.99344 -0.985633
57.8 2.00406 -0.677848
57.9 1.99461 -0.370025
58 1.96868 -0.0649646
58.1 1.92921 0.235031
58.2 1.87843 0.52806
58.3 1.818 0.812516
58.4 1.74907 1.08701
58.5 1.67238 1.3503
58.6 1.58834 1.60121
58.7 1.49707 1.83865
58.8 1.39847 2.06148
58.9 1.29223 2.26855
59 1.17785 2.45867
59.1 1.05466 2.63052
59.2 0.921857 2.78269
59.3 0.778476 2.91362
59.4 0.623495 3.02162
59.5 0.455888 3.10482
59.6 0.274782 3.1612
59.7 0.0796859 3.18865
59.8 -0.129162 3.18501
59.9 -0.350343 3.14827
60 -0.580759 3.07674
60.1 -0.815244 2.96936
60.2 -1.04655 2.82605
60.3 -1.26597 2.64795
60.4 -1.46461 2.43759
60.5 -1.63504 2.19876
60.6 -1.77259 1.93619
60.7 -1.8759 1.65511
60.8 -1.94644 1.36068
60.9 -1.98758 1.05771
61 -2.00352 0.750406
61.1 -1.99844 0.442318
61.2 -1.9761 0.136384
61.3 -1.93959 -0.164988
61.4 -1.8913 -0.45981
61.5 -1.83302 -0.746416
61.6 -1.76601 -1.02337
61.7 -1.6911 -1.2894
61.8 -1.60877 -1.54333
61.9 -1.5192 -1.78404
62 -1.42235 -2.01041
62.1 -1.31794 -2.2213
62.2 -1.20553 -2.41552
62.3 -1.08449 -2.59179
62.4 -0.954028 -2.74872
62.5 -0.813226 -2.8848
62.6 -0.66107 -2.99836
62.7 -0.496522 -3.08757
62.8 -0.318656 -3.15046
62.9 -0.126864 -3.18491
63 0.0788227 -3.18878
63.1 0.29731 -3.15999
63.2 0.525936 -3.09677
63.3 0.760044 -2.99788
63.4 0.992847 -2.86297
63.5 1.21588 -2.69289
63.6 1.42016 -2.48982
63.7 1.59776 -2.25729
63.8 1.7433 -1.99985
63.9 1.85462 -1.72265
64 1.93263 -1.43091
64.1 1.98033 -1.12955
64.2 2.00181 -0.822922
64.3 2.00132 -0.514733
64.4 1.98274 -0.208058
64.5 1.94932 0.094581
64.6 1.90362 0.391105
64.7 1.84756 0.679781
64.8 1.78252 0.959126
64.9 1.70942 1.22784
65 1.6288 1.48472
65.1 1.54093 1.72864
65.2 1.44581 1.95848
65.3 1.34322 2.17312
65.4 1.23274 2.37137
65.5 1.11379 2.55199
65.6 0.985627 2.71361
65.7 0.847348 2.85474
65.8 0.697957 2.97376
65.9 0.536416 3.06887
66 0.361755 3.13814
66.1 0.173269 3.17947
66.2 -0.0291993 3.19073
66.3 -0.244847 3.16981
66.4 -0.471427 3.11483
66.5 -0.704778 3.0244
66.6 -0.938601 2.89794
66.7 -1.16475 2.73599
66.8 -1.37422 2.54041
66.9 -1.5587 2.31444
67 -1.7121 2.06241
67.1 -1.8315 1.78939
67.2 -1.91713 1.50061
67.3 -1.97162 1.2011
67.4 -1.99888 0.895355
67.5 -2.00319 0.587235
67.6 -1.98855 0.279957
67.7 -1.95837 -0.0238335
67.8 -1.91537 -0.321964
67.9 -1.86161 -0.612628
68 -1.79858 -0.894292
68.1 -1.72731 -1.16562
68.2 -1.64843 -1.42538
68.3 -1.56226 -1.67245
68.4 -1.46886 -1.90571
68.5 -1.36805 -2.12403
68.6 -1.25948 -2.32625
68.7 -1.14259 -2.51114
68.8 -1.01667 -2.67735
68.9 -0.880854 -2.82345
69 -0.734172 -2.94783
69.1 -0.575582 -3.04874
69.2 -0.404087 -3.12427
69.3 -0.218894 -3.17237
69.4 -0.0196877 -3.1909
69.5 0.192998 -3.17773
69.6 0.417303 -3.13091
69.7 0.649548 -3.04892
69.8 0.883935 -2.93094
69.9 1.11269 -2.77722
70 1.32689 -2.58932
70.1 1.5179 -2.37014
70.2 1.679 -2.12381
70.3 1.80649 -1.85526
70.4 1.89991 -1.56972
70.5 1.96141 -1.27231
70.6 1.99469 -0.967659
70.7 2.00402 -0.659785
70.8 1.99351 -0.352052
70.9 1.96672 -0.0472291
71 1.92652 0.252408
71.1 1.87514 0.544976
71.2 1.81419 0.828885
71.3 1.74479 1.10276
71.4 1.66766 1.36535
71.5 1.58319 1.61551
71.6 1.4915 1.85211
71.7 1.39246 2.07405
71.8 1.28576 2.28017
71.9 1.17088 2.46925
72 1.04716 2.63999
72.1 0.913758 2.79096
72.2 0.769727 2.9206
72.3 0.614033 3.0272
72.4 0.445657 3.10888
72.5 0.26374 3.16363
72.6 0.0678223 3.18931
72.7 -0.141801 3.18379
72.8 -0.363628 3.14505
72.9 -0.594445 3.07144
73 -0.828963 2.96195
73.1 -1.05982 2.81656
73.2 -1.27827 2.63649
73.3 -1.47544 2.42434
73.4 -1.64403 2.18398
73.5 -1.77958 1.92019
73.6 -1.88091 1.63818
73.7 -1.94962 1.34312
73.8 -1.98917 1.03979
73.9 -2.00376 0.732346
74 -1.99757 0.42431
74.1 -1.97433 0.118581
74.2 -1.93706 -0.182459
74.3 -1.88815 -0.476843
74.4 -1.82933 -0.762921
74.5 -1.76184 -1.03927
74.6 -1.68648 -1.30462
74.7 -1.60372 -1.55781
74.8 -1.51373 -1.79771
74.9 -1.41644 -2.0232
75 -1.31158 -2.23315
75.1 -1.19869 -2.42635
75.2 -1.07711 -2.60153
75.3 -0.946073 -2.75729
75.4 -0.804635 -2.8921
75.5 -0.651781 -3.00428
75.6 -0.486476 -3.092
75.7 -0.307807 -3.15328
75.8 -0.115192 -3.186
75.9 0.0912876 -3.18801
76 0.31046 -3.15725
76.1 0.539557 -3.09197
76.2 0.773795 -2.99097
76.3 1.00627 -2.85397
76.4 1.22845 -2.68187
76.5 1.43137 -2.47697
76.6 1.60721 -2.24285
76.7 1.75077 -1.98411
76.8 1.86009 -1.70591
76.9 1.93622 -1.41348
77 1.98227 -1.11169
77.1 2.00234 -0.804877
77.2 2.00069 -0.496698
77.3 1.98116 -0.190194
77.4 1.94696 0.11214
77.5 1.9006 0.408249
77.6 1.84399 0.696417
77.7 1.77845 0.975174
77.8 1.7049 1.24322
77.9 1.62385 1.49937
78 1.53556 1.7425
78.1 1.44001 1.97148
78.2 1.33697 2.1852
78.3 1.22601 2.38245
78.4 1.10655 2.56199
78.5 0.977814 2.72245
78.6 0.838912 2.86234
78.7 0.688838 2.98001
78.8 0.526554 3.07366
78.9 0.351099 3.14135
79 0.16179 3.18098
79.1 -0.0414839 3.19041
79.2 -0.257851 3.16754
79.3 -0.484963 3.11052
79.4 -0.718536 3.01799
79.5 -0.952148 2.88942
79.6 -1.17757 2.72543
79.7 -1.38579 2.52798
79.8 -1.56859 2.30035
79.9 -1.72004 2.04695
80 -1.83743 1.77286
80.1 -1.92115 1.48332
80.2 -1.97393 1.18332
80.3 -1.99973 0.877335
80.4 -2.00282 0.569181
80.5 -1.98718 0.26204
80.6 -1.95618 -0.041475
80.7 -1.9125 -0.339215
80.8 -1.85816 -0.629391
80.9 -1.79463 -0.910486
81 -1.7229 -1.18116
81.1 -1.64358 -1.44022
81.2 -1.55699 -1.68651
81.3 -1.46316 -1.91892
81.4 -1.36191 -2.13633
81.5 -1.25287 -2.33757
81.6 -1.13547 -2.5214
81.7 -1.00899 -2.68648
81.8 -0.87257 -2.83135
81.9 -0.725219 -2.95441
82 -0.5659 -3.05388
82.1 -0.393621 -3.12786
82.2 -0.207609 -3.17429
82.3 -0.00758812 -3.19102
82.4 0.205846 -3.17593
82.5 0.430736 -3.12709
82.6 0.663288 -3.043
82.7 0.897576 -2.92291
82.8 1.12573 -2.76714
82.9 1.3388 -2.57731
83 1.52822 -2.35642
83.1 1.68742 -2.10864
83.2 1.81289 -1.83895
83.3 1.90436 -1.55258
83.4 1.96409 -1.25462
83.5 1.99586 -0.949675
83.6 2.00392 -0.641723
83.7 1.99236 -0.334089
83.8 1.96471 -0.0295116
83.9 1.9238 0.26976
84 1.87182 0.561862
84.1 1.81035 0.845219
84.2 1.74048 1.11846
84.3 1.66291 1.38036
84.4 1.57802 1.62975
84.5 1.4859 1.86553
84.6 1.38643 2.08658
84.7 1.27926 2.29173
84.8 1.16388 2.47977
84.9 1.03962 2.64939
85 0.905622 2.79916
85.1 0.760937 2.9275
85.2 0.604528 3.03269
85.3 0.43538 3.11285
85.4 0.252649 3.16596
85.5 0.0559113 3.18987
85.6 -0.154483 3.18246
85.7 -0.376944 3.14171
85.8 -0.608145 3.06602
85.9 -0.84267 2.95442
86 -1.07305 2.80695
86.1 -1.29049 2.62491
86.2 -1.48616 2.41099
86.3 -1.65291 2.16912
86.4 -1.78646 1.90412
86.5 -1.8858 1.6212
86.6 -1.95271 1.32553
86.7 -1.99067 1.02185
86.8 -2.00393 0.714285
86.9 -1.99665 0.406309
87 -1.9725 0.100794
87.1 -1.9345 -0.199907
87.2 -1.88496 -0.493847
87.3 -1.8256 -0.779392
87.4 -1.75763 -1.05513
87.5 -1.68184 -1.3198
87.6 -1.59865 -1.57224
87.7 -1.50824 -1.81132
87.8 -1.41051 -2.03594
87.9 -1.3052 -2.24494
88 -1.19181 -2.43712
88.1 -1.06971 -2.6112
88.2 -0.938083 -2.76578
88.3 -0.796005 -2.89931
88.4 -0.642449 -3.01011
88.5 -0.476385 -3.09634
88.6 -0.29691 -3.156
88.7 -0.103473 -3.18698
88.8 0.103796 -3.18713
88.9 0.323644 -3.1544
89 0.553196 -3.08704
89.1 0.78754 -2.98393
89.2 1.01966 -2.84483
89.3 1.24096 -2.67074
89.4 1.44248 -2.46402
89.5 1.61655 -2.22832
89.6 1.75812 -1.96829
89.7 1.86544 -1.68912
89.8 1.93971 -1.39601
89.9 1.98412 -1.09382
90 2.00281 -0.786827
90.1 2.00001 -0.478668
90.2 1.97953 -0.172344
90.3 1.94456 0.129678
90.4 1.89756 0.425366
90.5 1.84038 0.713021
90.6 1.77436 0.991186
90.7 1.70035 1.25857
90.8 1.61888 1.51399
90.9 1.53017 1.75632
91 1.43418 1.98444
91.1 1.33069 2.19722
91.2 1.21925 2.39347
91.3 1.09927 2.57194
91.4 0.969966 2.73123
91.5 0.830438 2.86986
91.6 0.679677 2.98618
91.7 0.516646 3.07836
91.8 0.340394 3.14446
91.9 0.150263 3.18239
92 -0.0538138 3.18998
92.1 -0.270892 3.16516
92.2 -0.498521 3.10608
92.3 -0.732294 3.01145
92.4 -0.965668 2.88078
92.5 -1.19033 2.71476
92.6 -1.39728 2.51543
92.7 -1.57837 2.28616
92.8 -1.72787 2.03141
92.9 -1.84324 1.75627
93 -1.92506 1.46598
93.1 -1.97614 1.16552
93.2 -2.00049 0.859307
93.3 -2.00239 0.551131
93.4 -1.98576 0.244135
93.5 -1.95395 -0.0590966
93.6 -1.90959 -0.356439
93.7 -1.85468 -0.646124
93.8 -1.79064 -0.926643
93.9 -1.71845 -1.19667
94 -1.63871 -1.45501
94.1 -1.55169 -1.70052
94.2 -1.45744 -1.93209
94.3 -1.35574 -2.14858
94.4 -1.24623 -2.34884
94.5 -1.12832 -2.53161
94.6 -1.00128 -2.69554
94.7 -0.864248 -2.83918
94.8 -0.716226 -2.9609
94.9 -0.556173 -3.05894
95 -0.383107 -3.13136
95.1 -0.196277 -3.17611
95.2 0.00455789 -3.19104
95.3 0.218732 -3.17402
95.4 0.444197 -3.12315
95.5 0.677035 -3.03696
95.6 0.911197 -2.91476
95.7 1.13872 -2.75693
95.8 1.35062 -2.56519
95.9 1.53843 -2.3426
96 1.69572 -2.0934
96.1 1.81918 -1.82258
96.2 1.9087 -1.53539
96.3 1.96668 -1.2369
96.4 1.99694 -0.931681
96.5 2.00374 -0.623662
96.6 1.99115 -0.316136
96.7 1.96265 -0.0118123
96.8 1.92105 0.287087
96.9 1.86847 0.578718
97 1.80647 0.861519
97.1 1.73614 1.13413
97.2 1.65814 1.39532
97.3 1.57282 1.64395
97.4 1.48028 1.8789
97.5 1.38036 2.09905
97.6 1.27273 2.30323
97.7 1.15686 2.49023
97.8 1.03205 2.65873
97.9 0.897451 2.80728
98 0.752107 2.93432
98.1 0.594979 3.0381
98.2 0.425056 3.11673
98.3 0.241511 3.16818
98.4 0.0439531 3.19032
98.5 -0.167207 3.18101
98.6 -0.39029 3.13826
98.7 -0.621857 3.06048
98.8 -0.856363 2.94676
98.9 -1.08624 2.79722
99 -1.30263 2.61323
99.1 -1.49678 2.39755
99.2 -1.66167 2.15418
99.3 -1.79322 1.88798
99.4 -1.89059 1.60418
99.5 -1.95569 1.30792
99.6 -1.99209 1.0039
99.7 -2.00403 0.696223
99.8 -1.99567 0.388317
99.9 -1.97063 0.0830234
100 -1.93189 -0.217331
100.1 -1.88174 -0.510822
100.2 -1.82185 -0.79583
100.3 -1.7534 -1.07095
100.4 -1.67716 -1.33494
100.5 -1.59355 -1.58663
100.6 -1.50271 -1.82489
100.7 -1.40456 -2.04863
100.8 -1.29878 -2.25668
100.9 -1.1849 -2.44784
101 -1.06227 -2.62081
101.1 -0.930058 -2.7742
101.2 -0.787336 -2.90644
101.3 -0.633075 -3.01586
101.4 -0.466248 -3.10059
101.5 -0.285965 -3.15863
101.6 -0.0917051 -3.18786
101.7 0.116349 -3.18614
101.8 0.336863 -3.15142
101.9 0.566851 -3.082
102 0.801278 -2.97677
102.1 1.03301 -2.83558
102.2 1.25339 -2.6595
102.3 1.4535 -2.45097
102.4 1.62577 -2.21371
102.5 1.76535 -1.95241
102.6 1.87068 -1.67228
102.7 1.9431 -1.37851
102.8 1.98588 -1.07593
102.9 2.0032 -0.768774
103 1.99926 -0.460645
103.1 1.97786 -0.15451
103.2 1.94211 0.147194
103.3 1.89447 0.442456
103.4 1.83675 0.729593
103.5 1.77024 1.00716
103.6 1.69578 1.27387
103.7 1.61388 1.52856
103.8 1.52474 1.77008
103.9 1.42833 1.99734
104 1.32439 2.20918
104.1 1.21247 2.40443
104.2 1.09196 2.58181
104.3 0.962083 2.73994
104.4 0.821925 2.87731
104.5 0.670474 2.99226
104.6 0.506693 3.08298
104.7 0.329642 3.14748
104.8 0.138688 3.18369
104.9 -0.0661888 3.18944
105 -0.28397 3.16266
105.1 -0.512101 3.10153
105.2 -0.746052 3.00478
105.3 -0.979157 2.87201
105.4 -1.20303 2.70398
105.5 -1.40867 2.50279
105.6 -1.58804 2.27189
105.7 -1.73558 2.0158
105.8 -1.84894 1.73963
105.9 -1.92887 1.44861
106 -1.97826 1.1477
106.1 -2.00118 0.841273
106.2 -2.00189 0.533085
106.3 -1.98429 0.226244
106.4 -1.95168 -0.0766979
106.5 -1.90665 -0.373638
106.6 -1.85117 -0.662825
106.7 -1.78663 -0.942765
106.8 -1.71399 -1.21214
106.9 -1.63381 -1.46976
107 -1.54637 -1.71448
107.1 -1.45169 -1.9452
107.2 -1.34955 -2.16077
107.3 -1.23955 -2.36004
107.4 -1.12113 -2.54174
107.5 -0.993539 -2.70453
107.6 -0.855889 -2.84693
107.7 -0.707191 -2.96732
107.8 -0.546402 -3.06391
107.9 -0.372547 -3.13477
108 -0.184895 -3.17783
108.1 0.0167501 -3.19094
108.2 0.231659 -3.17199
108.3 0.457683 -3.11909
108.4 0.690786 -3.0308
108.5 0.924794 -2.90649
108.6 1.15165 -2.74661
108.7 1.36237 -2.55296
108.8 1.54853 -2.32868
108.9 1.7039 -2.07807
109 1.82534 -1.80615
109.1 1.91294 -1.51817
109.2 1.96918 -1.21917
109.3 1.99794 -0.913678
109.4 2.00351 -0.605603
109.5 1.98989 -0.298195
109.6 1.96055 0.00586816
109.7 1.91825 0.30439
109.8 1.86508 0.595544
109.9 1.80258 0.877784
110 1.73178 1.14976
110.1 1.65334 1.41025
110.2 1.5676 1.65811
110.3 1.47463 1.89222
110.4 1.37427 2.11146
110.5 1.26618 2.31467
110.6 1.1498 2.50063
110.7 1.02444 2.668
110.8 0.889242 2.81534
110.9 0.743237 2.94106
111 0.585386 3.04342
111.1 0.414685 3.12051
111.2 0.230323 3.17031
111.3 0.0319478 3.19066
111.4 -0.179972 3.17944
111.5 -0.403666 3.13468
111.6 -0.63558 3.05481
111.7 -0.87004 2.93898
111.8 -1.09938 2.78737
111.9 -1.3147 2.60143
112 -1.50731 2.38401
112.1 -1.67032 2.13917
112.2 -1.79986 1.87179
112.3 -1.89527 1.58712
112.4 -1.95857 1.29028
112.5 -1.99342 0.985942
112.6 -2.00406 0.67816
112.7 -1.99463 0.370334
112.8 -1.96872 0.0652701
112.9 -1.92925 -0.234732
113 -1.87848 -0.527768
113.1 -1.81807 -0.812234
113.2 -1.74915 -1.08674
113.3 -1.67247 -1.35004
113.4 -1.58843 -1.60097
113.5 -1.49717 -1.83841
113.6 -1.39857 -2.06126
113.7 -1.29234 -2.26835
113.8 -1.17797 -2.45848
113.9 -1.05479 -2.63035
114 -0.921996 -2.78254
114.1 -0.778627 -2.9135
114.2 -0.623657 -3.02152
114.3 -0.456064 -3.10475
114.4 -0.274972 -3.16116
114.5 -0.0798898 -3.18864
114.6 0.128945 -3.18503
114.7 0.350115 -3.14832
114.8 0.580523 -3.07683
114.9 0.815008 -2.96949
115 1.04632 -2.82621
115.1 1.26576 -2.64815
115.2 1.46443 -2.43782
115.3 1.63488 -2.19901
115.4 1.77247 -1.93647
115.5 1.87581 -1.6554
115.6 1.94638 -1.36098
115.7 1.98756 -1.05802
115.8 2.00351 -0.750717
115.9 1.99845 -0.442628
116 1.97613 -0.136691
116.1 1.93963 0.164687
116.2 1.89135 0.459517
116.3 1.83309 0.746131
116.4 1.76609 1.0231
116.5 1.69118 1.28914
116.6 1.60886 1.54308
116.7 1.5193 1.7838
116.8 1.42245 2.01018
116.9 1.31805 2.22109
117 1.20565 2.41533
117.1 1.08462 2.59162
117.2 0.954164 2.74857
117.3 0.813374 2.88468
117.4 0.661229 2.99826
117.5 0.496694 3.0875
117.6 0.318842 3.15041
117.7 0.127065 3.18489
117.8 -0.0786085 3.18879
117.9 -0.297084 3.16004
118 -0.525702 3.09685
118.1 -0.759807 2.998
118.2 -0.992615 2.86313
118.3 -1.21567 2.69308
118.4 -1.41997 2.49004
118.5 -1.5976 2.25754
118.6 -1.74317 2.00012
118.7 -1.85453 1.72294
118.8 -1.93257 1.43121
118.9 -1.9803 1.12986
119 -2.0018 0.823233
119.1 -2.00133 0.515044
119.2 -1.98276 0.208365
119.3 -1.94936 -0.0942784
119.4 -1.90367 -0.39081
119.5 -1.84762 -0.679494
119.6 -1.78259 -0.95885
119.7 -1.70949 -1.22757
119.8 -1.62889 -1.48446
119.9 -1.54103 -1.7284
120 -1.44591 -1.95825
120.1 -1.34332 -2.17291
120.2 -1.23286 -2.37118
120.3 -1.11392 -2.55182
120.4 -0.985761 -2.71345
120.5 -0.847492 -2.85461
120.6 -0.698114 -2.97365
120.7 -0.536585 -3.06879
120.8 -0.361938 -3.13808
120.9 -0.173466 -3.17944
121 0.0289882 -3.19073
121.1 0.244624 -3.16984
121.2 0.471194 -3.1149
121.3 0.704542 -3.02451
121.4 0.938368 -2.89809
121.5 1.16453 -2.73617
121.6 1.37402 -2.54063
121.7 1.55853 -2.31468
121.8 1.71196 -2.06268
121.9 1.83139 -1.78967
122 1.91706 -1.50091
122.1 1.97158 -1.20141
122.2 1.99887 -0.895665
122.3 2.0032 -0.587546
122.4 1.98858 -0.280266
122.5 1.95841 0.0235295
122.6 1.91542 0.321666
122.7 1.86167 0.612339
122.8 1.79865 0.894013
122.9 1.72739 1.16535
123 1.64852 1.42513
123.1 1.56235 1.67221
123.2 1.46896 1.90548
123.3 1.36816 2.12382
123.4 1.25959 2.32606
123.5 1.14271 2.51096
123.6 1.0168 2.6772
123.7 0.880996 2.82331
123.8 0.734326 2.94771
123.9 0.575749 3.04865
124 0.404266 3.12421
124.1 0.219088 3.17233
124.2 0.0198956 3.1909
124.3 -0.192778 3.17776
124.4 -0.417072 3.13098
124.5 -0.649311 3.04902
124.6 -0.8837 2.93108
124.7 -1.11247 2.7774
124.8 -1.32669 2.58953
124.9 -1.51773 2.37038
125 -1.67886 2.12407
125.1 -1.80638 1.85554
125.2 -1.89983 1.57002
125.3 -1.96136 1.27261
125.4 -1.99467 0.967969
125.5 -2.00403 0.660096
125.6 -1.99353 0.352361
125.7 -1.96675 0.0475344
125.8 -1.92657 -0.252109
125.9 -1.8752 -0.544685
126 -1.81425 -0.828603
126.1 -1.74486 -1.10248
126.2 -1.66774 -1.36509
126.3 -1.58328 -1.61526
126.4 -1.4916 -1.85188
126.5 -1.39257 -2.07384
126.6 -1.28587 -2.27997
126.7 -1.171 -2.46907
126.8 -1.04729 -2.63983
126.9 -0.913898 -2.79082
127 -0.769878 -2.92048
127.1 -0.614197 -3.0271
127.2 -0.445834 -3.10881
127.3 -0.26393 -3.16359
127.4 -0.068027 -3.1893
127.5 0.141583 -3.18381
127.6 0.363399 -3.14511
127.7 0.594209 -3.07153
127.8 0.828727 -2.96208
127.9 1.0596 -2.81672
128 1.27805 -2.63669
128.1 1.47525 -2.42457
128.2 1.64388 -2.18423
128.3 1.77946 -1.92046
128.4 1.88082 -1.63847
128.5 1.94957 -1.34342
128.6 1.98914 -1.0401
128.7 2.00375 -0.732657
128.8 1.99759 -0.42462
128.9 1.97436 -0.118887
129 1.93711 0.182158
129.1 1.8882 0.47655
129.2 1.82939 0.762637
129.3 1.76191 1.039
129.4 1.68656 1.30436
129.5 1.60381 1.55756
129.6 1.51383 1.79747
129.7 1.41655 2.02298
129.8 1.31169 2.23294
129.9 1.1988 2.42617
130 1.07724 2.60136
130.1 0.946211 2.75714
130.2 0.804784 2.89197
130.3 0.651941 3.00418
130.4 0.48665 3.09193
130.5 0.307994 3.15323
130.6 0.115394 3.18598
130.7 -0.0910726 3.18802
130.8 -0.310233 3.1573
130.9 -0.539322 3.09205
131 -0.773558 2.99109
131.1 -1.00604 2.85412
131.2 -1.22824 2.68206
131.3 -1.43118 2.47719
131.4 -1.60705 2.24309
131.5 -1.75064 1.98438
131.6 -1.86 1.7062
131.7 -1.93616 1.41378
131.8 -1.98224 1.112
131.9 -2.00234 0.805188
132 -2.0007 0.497008
132.1 -1.98119 0.190501
132.2 -1.947 -0.111838
132.3 -1.90066 -0.407954
132.4 -1.84405 -0.696131
132.5 -1.77852 -0.974898
132.6 -1.70497 -1.24296
132.7 -1.62394 -1.49912
132.8 -1.53566 -1.74226
132.9 -1.44011 -1.97126
133 -1.33707 -2.18499
133.1 -1.22613 -2.38226
133.2 -1.10667 -2.56182
133.3 -0.977949 -2.7223
133.4 -0.839057 -2.86221
133.5 -0.688996 -2.9799
133.6 -0.526724 -3.07358
133.7 -0.351282 -3.14129
133.8 -0.161988 -3.18096
133.9 0.041272 -3.19042
134 0.257627 -3.16758
134.1 0.484729 -3.11059
134.2 0.718299 -3.0181
134.3 0.951915 -2.88957
134.4 1.17735 -2.72562
134.5 1.3856 -2.52819
134.6 1.56842 -2.30059
134.7 1.71991 -2.04721
134.8 1.83733 -1.77314
134.9 1.92108 -1.48361
135 1.97389 -1.18363
135.1 1.99971 -0.877645
135.2 2.00283 -0.569492
135.3 1.98721 -0.262348
135.4 1.95622 0.0411714
135.5 1.91255 0.338918
135.6 1.85822 0.629103
135.7 1.79469 0.910207
135.8 1.72297 1.1809
135.9 1.64367 1.43996
136 1.55708 1.68627
136.1 1.46326 1.9187
136.2 1.36202 2.13612
136.3 1.25298 2.33738
136.4 1.13559 2.52123
136.5 1.00912 2.68633
136.6 0.872713 2.83122
136.7 0.725374 2.95429
136.8 0.566067 3.05379
136.9 0.393801 3.1278
137 0.207804 3.17426
137.1 0.00779685 3.19102
137.2 -0.205624 3.17597
137.3 -0.430505 3.12716
137.4 -0.663051 3.0431
137.5 -0.897342 2.92305
137.6 -1.12551 2.76731
137.7 -1.33859 2.57751
137.8 -1.52804 2.35665
137.9 -1.68727 2.1089
138 -1.81278 1.83923
138.1 -1.90428 1.55287
138.2 -1.96405 1.25492
138.3 -1.99584 0.949985
138.4 -2.00392 0.642034
138.5 -1.99238 0.334398
138.6 -1.96474 0.0298165
138.7 -1.92385 -0.269461
138.8 -1.87188 -0.561571
138.9 -1.81041 -0.844938
139 -1.74055 -1.11819
139.1 -1.66299 -1.3801
139.2 -1.57811 -1.62951
139.3 -1.486 -1.8653
139.4 -1.38653 -2.08636
139.5 -1.27937 -2.29153
139.6 -1.16401 -2.47959
139.7 -1.03975 -2.64923
139.8 -0.905763 -2.79902
139.9 -0.761089 -2.92738
140 -0.604692 -3.0326
140.1 -0.435557 -3.11278
140.2 -0.252841 -3.16592
140.3 -0.0561168 -3.18986
140.4 0.154264 -3.18248
140.5 0.376714 -3.14177
140.6 0.607909 -3.06611
140.7 0.842434 -2.95455
140.8 1.07283 -2.80711
140.9 1.29028 -2.62511
141 1.48598 -2.41122
141.1 1.65276 -2.16938
141.2 1.78634 -1.90439
141.3 1.88572 -1.62149
141.4 1.95265 -1.32584
141.5 1.99065 -1.02216
141.6 2.00393 -0.714596
141.7 1.99667 -0.406619
141.8 1.97254 -0.1011
141.9 1.93454 0.199606
142 1.88501 0.493555
142.1 1.82567 0.779109
142.2 1.75771 1.05486
142.3 1.68192 1.31954
142.4 1.59874 1.57199
142.5 1.50833 1.81109
142.6 1.41062 2.03572
142.7 1.30531 2.24474
142.8 1.19193 2.43694
142.9 1.06983 2.61104
143 0.938221 2.76563
143.1 0.796154 2.89919
143.2 0.64261 3.01001
143.3 0.476559 3.09627
143.4 0.297098 3.15596
143.5 0.103675 3.18697
143.6 -0.103581 3.18715
143.7 -0.323417 3.15445
143.8 -0.552961 3.08713
143.9 -0.787303 2.98405
144 -1.01943 2.84499
144.1 -1.24074 2.67094
144.2 -1.44229 2.46424
144.3 -1.61639 2.22857
144.4 -1.75799 1.96857
144.5 -1.86535 1.68941
144.6 -1.93965 1.39631
144.7 -1.98409 1.09412
144.8 -2.0028 0.787138
144.9 -2.00002 0.478978
145 -1.97956 0.172652
145.1 -1.9446 -0.129376
145.2 -1.89761 -0.425072
145.3 -1.84045 -0.712736
145.4 -1.77443 -0.99091
145.5 -1.70043 -1.25831
145.6 -1.61897 -1.51374
145.7 -1.53026 -1.75608
145.8 -1.43428 -1.98421
145.9 -1.3308 -2.19701
146 -1.21937 -2.39328
146.1 -1.09939 -2.57176
146.2 -0.970101 -2.73108
146.3 -0.830584 -2.86973
146.4 -0.679836 -2.98607
146.5 -0.516817 -3.07828
146.6 -0.340579 -3.14441
146.7 -0.150462 -3.18236
146.8 0.0536011 -3.18999
146.9 0.270667 -3.1652
147 0.498287 -3.10616
147.1 0.732057 -3.01156
147.2 0.965435 -2.88093
147.3 1.19011 -2.71495
147.4 1.39708 -2.51565
147.5 1.5782 -2.28641
147.6 1.72774 -2.03168
147.7 1.84314 -1.75655
147.8 1.92499 -1.46628
147.9 1.97611 -1.16583
148 2.00048 -0.859618
148.1 2.00239 -0.551442
148.2 1.98579 -0.244443
148.3 1.95399 0.0587933
148.4 1.90964 0.356143
148.5 1.85474 0.645836
148.6 1.79071 0.926365
148.7 1.71853 1.19641
148.8 1.63879 1.45476
148.9 1.55179 1.70028
149 1.45754 1.93186
149.1 1.35585 2.14837
149.2 1.24634 2.34864
149.3 1.12844 2.53143
149.4 1.00142 2.69539
149.5 0.864392 2.83905
149.6 0.716381 2.96079
149.7 0.556341 3.05885
149.8 0.383289 3.1313
149.9 0.196472 3.17608
150 -0.00434836 3.19104
150.1 -0.21851 3.17405
150.2 -0.443965 3.12322
150.3 -0.676798 3.03707
150.4 -0.910962 2.9149
150.5 -1.13849 2.75711
150.6 -1.35042 2.5654
150.7 -1.53825 2.34283
150.8 -1.69557 2.09366
150.9 -1.81907 1.82286
151 -1.90863 1.53569
151.1 -1.96664 1.23721
151.2 -1.99692 0.931991
151.3 -2.00375 0.623973
151.4 -1.99118 0.316445
151.5 -1.96269 0.0121169
151.6 -1.92109 -0.286789
151.7 -1.86853 -0.578428
151.8 -1.80654 -0.861239
151.9 -1.73622 -1.13386
152 -1.65822 -1.39507
152.1 -1.57291 -1.64371
152.2 -1.48038 -1.87867
152.3 -1.38047 -2.09883
152.4 -1.27284 -2.30303
152.5 -1.15698 -2.49005
152.6 -1.03218 -2.65857
152.7 -0.897592 -2.80714
152.8 -0.752259 -2.9342
152.9 -0.595144 -3.038
153 -0.425234 -3.11666
153.1 -0.241703 -3.16815
153.2 -0.0441594 -3.19031
153.3 0.166987 -3.18103
153.4 0.39006 -3.13832
153.5 0.621621 -3.06057
153.6 0.856127 -2.94689
153.7 1.08601 -2.79738
153.8 1.30242 -2.61343
153.9 1.4966 -2.39778
154 1.66152 -2.15444
154.1 1.7931 -1.88826
154.2 1.89051 -1.60448
154.3 1.95564 -1.30822
154.4 1.99206 -1.00421
154.5 2.00403 -0.696534
154.6 1.99568 -0.388627
154.7 1.97067 -0.0833292
154.8 1.93194 0.217031
154.9 1.88179 0.51053
155 1.82191 0.795547
155.1 1.75348 1.07068
155.2 1.67724 1.33468
155.3 1.59364 1.58638
155.4 1.50281 1.82466
155.5 1.40466 2.04841
155.6 1.29889 2.25647
155.7 1.18502 2.44765
155.8 1.0624 2.62065
155.9 0.930196 2.77405
156 0.787485 2.90632
156.1 0.633237 3.01576
156.2 0.466423 3.10052
156.3 0.286154 3.15859
156.4 0.0919081 3.18785
156.5 -0.116132 3.18616
156.6 -0.336635 3.15147
156.7 -0.566616 3.08208
156.8 -0.801042 2.9769
156.9 -1.03278 2.83574
157 -1.25318 2.6597
157.1 -1.45331 2.45119
157.2 -1.62561 2.21396
157.3 -1.76523 1.95269
157.4 -1.87059 1.67257
157.5 -1.94304 1.37881
157.6 -1.98585 1.07623
157.7 -2.00319 0.769084
157.8 -1.99927 0.460955
157.9 -1.97789 0.154817
158 -1.94216 -0.146892
158.1 -1.89452 -0.442162
158.2 -1.83681 -0.729308
158.3 -1.77031 -1.00689
158.4 -1.69586 -1.27361
158.5 -1.61397 -1.52831
158.6 -1.52484 -1.76985
158.7 -1.42843 -1.99712
158.8 -1.32449 -2.20898
158.9 -1.21258 -2.40424
159 -1.09208 -2.58164
159.1 -0.962219 -2.73979
159.2 -0.822072 -2.87718
159.3 -0.670633 -2.99216
159.4 -0.506865 -3.0829
159.5 -0.329828 -3.14743
159.6 -0.138888 -3.18367
159.7 0.0659753 -3.18945
159.8 0.283744 -3.1627
159.9 0.511867 -3.10161
160 0.745815 -3.0049
160.1 0.978925 -2.87217
160.2 1.20281 -2.70416
160.3 1.40847 -2.50301
160.4 1.58787 -2.27214
160.5 1.73545 -2.01607
160.6 1.84885 -1.73992
160.7 1.9288 -1.44891
160.8 1.97823 -1.148
160.9 2.00117 -0.841584
161 2.0019 -0.533396
161.1 1.98431 -0.226551
161.2 1.95172 0.076395
161.3 1.9067 0.373342
161.4 1.85123 0.662537
161.5 1.7867 0.942487
161.6 1.71406 1.21188
161.7 1.6339 1.46951
161.8 1.54646 1.71424
161.9 1.45179 1.94497
162 1.34965 2.16056
162.1 1.23967 2.35985
162.2 1.12126 2.54157
162.3 0.993672 2.70438
162.4 0.856034 2.8468
162.5 0.707346 2.96721
162.6 0.54657 3.06382
162.7 0.372729 3.13471
162.8 0.185092 3.1778
162.9 -0.0165398 3.19094
163 -0.231436 3.17203
163.1 -0.457451 3.11916
163.2 -0.690549 3.0309
163.3 -0.924561 2.90663
163.4 -1.15143 2.74679
163.5 -1.36217 2.55317
163.6 -1.54836 2.32892
163.7 -1.70376 2.07834
163.8 -1.82524 1.80644
163.9 -1.91286 1.51847
164 -1.96914 1.21947
164.1 -1.99793 0.913988
164.2 -2.00351 0.605914
164.3 -1.98991 0.298504
164.4 -1.96059 -0.00556389
164.5 -1.9183 -0.304092
164.6 -1.86514 -0.595254
164.7 -1.80264 -0.877504
164.8 -1.73185 -1.14949
164.9 -1.65342 -1.40999
165 -1.56769 -1.65786
165.1 -1.47473 -1.89199
165.2 -1.37438 -2.11125
165.3 -1.26629 -2.31448
165.4 -1.14992 -2.50045
165.5 -1.02457 -2.66784
165.6 -0.889383 -2.8152
165.7 -0.74339 -2.94094
165.8 -0.585551 -3.04332
165.9 -0.414864 -3.12045
166 -0.230516 -3.17027
166.1 -0.0321549 -3.19066
166.2 0.179751 -3.17947
166.3 0.403436 -3.13474
166.4 0.635343 -3.05491
166.5 0.869805 -2.93912
166.6 1.09915 -2.78754
166.7 1.31449 -2.60163
166.8 1.50713 -2.38425
166.9 1.67017 -2.13943
167 1.79974 -1.87207
167.1 1.89519 -1.58741
167.2 1.95852 -1.29058
167.3 1.9934 -0.986251
167.4 2.00406 -0.678471
167.5 1.99465 -0.370644
167.6 1.96875 -0.0655757
167.7 1.9293 0.234433
167.8 1.87854 0.527477
167.9 1.81813 0.811952
168 1.74922 1.08647
168.1 1.67255 1.34978
168.2 1.58852 1.60072
168.3 1.49726 1.83818
168.4 1.39868 2.06104
168.5 1.29245 2.26815
168.6 1.17809 2.4583
168.7 1.05492 2.63019
168.8 0.922135 2.7824
168.9 0.778777 2.91338
169 0.62382 3.02143
169.1 0.45624 3.10468
169.2 0.275161 3.16112
169.3 0.0800936 3.18862
169.4 -0.128727 3.18505
169.5 -0.349886 3.14838
169.6 -0.580288 3.07692
169.7 -0.814771 2.96961
169.8 -1.0461 2.82638
169.9 -1.26555 2.64835
170 -1.46424 2.43804
170.1 -1.63472 2.19926
170.2 -1.77234 1.93674
170.3 -1.87572 1.65569
170.4 -1.94633 1.36128
170.5 -1.98753 1.05833
170.6 -2.00351 0.751028
170.7 -1.99847 0.442939
170.8 -1.97616 0.136997
170.9 -1.93967 -0.164386
171 -1.89141 -0.459223
171.1 -1.83315 -0.745847
171.2 -1.76616 -1.02282
171.3 -1.69126 -1.28888
171.4 -1.60895 -1.54283
171.5 -1.51939 -1.78357
171.6 -1.42255 -2.00996
171.7 -1.31816 -2.22089
171.8 -1.20577 -2.41514
171.9 -1.08474 -2.59145
172 -0.954301 -2.74843
172.1 -0.813521 -2.88455
172.2 -0.661389 -2.99816
172.3 -0.496867 -3.08742
172.4 -0.319028 -3.15036
172.5 -0.127265 -3.18487
172.6 0.0783943 -3.1888
172.7 0.296858 -3.16009
172.8 0.525468 -3.09693
172.9 0.75957 -2.99812
173 0.992384 -2.86328
173.1 1.21545 -2.69327
173.2 1.41978 -2.49026
173.3 1.59744 -2.25779
173.4 1.74304 -2.00039
173.5 1.85443 -1.72323
173.6 1.9325 -1.43151
173.7 1.98026 -1.13016
173.8 2.00179 -0.823544
173.9 2.00134 -0.515355
174 1.98279 -0.208673
174.1 1.9494 0.0939759
174.2 1.90372 0.390514
174.3 1.84768 0.679207
174.4 1.78266 0.958573
174.5 1.70957 1.22731
174.6 1.62897 1.48421
174.7 1.54112 1.72816
174.8 1.44601 1.95803
174.9 1.34343 2.1727
175 1.23297 2.37099
175.1 1.11404 2.55164
175.2 0.985895 2.7133
175.3 0.847637 2.85448
175.4 0.698271 2.97354
175.5 0.536755 3.06871
175.6 0.362121 3.13802
175.7 0.173663 3.17942
175.8 -0.0287771 3.19074
175.9 -0.2444 3.16988
176 -0.470961 3.11497
176.1 -0.704305 3.02462
176.2 -0.938134 2.89823
176.3 -1.16431 2.73635
176.4 -1.37382 2.54084
176.5 -1.55836 2.31492
176.6 -1.71182 2.06295
176.7 -1.83129 1.78996
176.8 -1.91699 1.50121
176.9 -1.97154 1.20171
177 -1.99885 0.895976
177.1 -2.00321 0.587857
177.2 -1.9886 0.280574
177.3 -1.95845 -0.0232256
177.4 -1.91547 -0.321369
177.5 -1.86172 -0.61205
177.6 -1.79872 -0.893734
177.7 -1.72746 -1.16508
177.8 -1.6486 -1.42487
177.9 -1.56244 -1.67197
178 -1.46906 -1.90525
178.1 -1.36826 -2.12361
178.2 -1.25971 -2.32586
178.3 -1.14283 -2.51078
178.4 -1.01693 -2.67704
178.5 -0.881138 -2.82318
178.6 -0.734479 -2.9476
178.7 -0.575915 -3.04856
178.8 -0.404446 -3.12414
178.9 -0.219282 -3.1723
179 -0.0201036 -3.19089
179.1 0.192557 -3.17779
179.2 0.416841 -3.13104
179.3 0.649075 -3.04912
179.4 0.883465 -2.93121
179.5 1.11224 -2.77757
179.6 1.32648 -2.58973
179.7 1.51755 -2.37061
179.8 1.67871 -2.12433
179.9 1.80627 -1.85582
180 1.89975 -1.57031
180.1 1.96131 -1.27292
180.2 1.99465 -0.968279
180.3 2.00403 -0.660407
180.4 1.99355 -0.35267
180.5 1.96679 -0.0478396
180.6 1.92662 0.25181
180.7 1.87525 0.544394
180.8 1.81432 0.828322
180.9 1.74494 1.10221
181 1.66782 1.36483
181.1 1.58337 1.61501
181.2 1.49169 1.85165
181.3 1.39267 2.07362
181.4 1.28598 2.27977
181.5 1.17112 2.46889
181.6 1.04742 2.63966
181.7 0.914037 2.79067
181.8 0.770029 2.92036
181.9 0.61436 3.02701
182 0.44601 3.10874
182.1 0.264121 3.16355
182.2 0.0682316 3.18929
182.3 -0.141365 3.18383
182.4 -0.36317 3.14516
182.5 -0.593974 3.07162
182.6 -0.828491 2.96221
182.7 -1.05937 2.81689
182.8 -1.27784 2.63688
182.9 -1.47506 2.4248
183 -1.64372 2.18449
183.1 -1.77934 1.92074
183.2 -1.88074 1.63876
183.3 -1.94952 1.34373
183.4 -1.98912 1.04041
183.5 -2.00375 0.732968
183.6 -1.9976 0.42493
183.7 -1.97439 0.119194
183.8 -1.93715 -0.181858
183.9 -1.88825 -0.476257
184 -1.82945 -0.762353
184.1 -1.76198 -1.03872
184.2 -1.68664 -1.3041
184.3 -1.6039 -1.55731
184.4 -1.51392 -1.79724
184.5 -1.41665 -2.02276
184.6 -1.3118 -2.23274
184.7 -1.19892 -2.42598
184.8 -1.07737 -2.60119
184.9 -0.946348 -2.75699
185 -0.804932 -2.89185
185.1 -0.652101 -3.00408
185.2 -0.486823 -3.09185
185.3 -0.308181 -3.15318
185.4 -0.115595 -3.18596
185.5 0.0908576 -3.18804
185.6 0.310006 -3.15735
185.7 0.539087 -3.09214
185.8 0.773321 -2.99121
185.9 1.00581 -2.85428
186 1.22802 -2.68225
186.1 1.43099 -2.47741
186.2 1.60689 -2.24334
186.3 1.75051 -1.98465
186.4 1.8599 -1.70649
186.5 1.9361 -1.41408
186.6 1.9822 -1.11231
186.7 2.00233 -0.805499
186.8 2.00071 -0.497319
186.9 1.98122 -0.190809
187 1.94704 0.111536
187.1 1.90071 0.407659
187.2 1.84411 0.695845
187.3 1.77859 0.974622
187.4 1.70505 1.24269
187.5 1.62402 1.49887
187.6 1.53575 1.74202
187.7 1.44021 1.97104
187.8 1.33718 2.18478
187.9 1.22624 2.38207
188 1.1068 2.56165
188.1 0.978083 2.72215
188.2 0.839203 2.86208
188.3 0.689153 2.97979
188.4 0.526894 3.0735
188.5 0.351466 3.14124
188.6 0.162186 3.18093
188.7 -0.0410601 3.19042
188.8 -0.257402 3.16762
188.9 -0.484496 3.11067
189 -0.718062 3.01821
189.1 -0.951682 2.88972
189.2 -1.17713 2.7258
189.3 -1.3854 2.52841
189.4 -1.56825 2.30083
189.5 -1.71977 2.04748
189.6 -1.83723 1.77343
189.7 -1.92101 1.48391
189.8 -1.97385 1.18393
189.9 -1.9997 0.877956
190 -2.00284 0.569803
190.1 -1.98723 0.262657
190.2 -1.95626 -0.0408678
190.3 -1.9126 -0.338621
190.4 -1.85828 -0.628815
190.5 -1.79476 -0.909929
190.6 -1.72305 -1.18063
190.7 -1.64375 -1.43971
190.8 -1.55717 -1.68603
190.9 -1.46336 -1.91847
191 -1.36212 -2.13591
191.1 -1.25309 -2.33718
191.2 -1.13571 -2.52105
191.3 -1.00926 -2.68617
191.4 -0.872856 -2.83108
191.5 -0.725528 -2.95418
191.6 -0.566234 -3.05371
191.7 -0.393982 -3.12774
191.8 -0.207999 -3.17423
191.9 -0.00800557 -3.19102
192 0.205402 -3.176
192.1 0.430273 -3.12723
192.2 0.662815 -3.04321
192.3 0.897107 -2.92319
192.4 1.12528 -2.76749
192.5 1.33839 -2.57772
192.6 1.52787 -2.35689
192.7 1.68713 -2.10917
192.8 1.81267 -1.83951
192.9 1.90421 -1.55317
193 1.964 -1.25523
193.1 1.99582 -0.950295
193.2 2.00392 -0.642345
193.3 1.9924 -0.334707
193.4 1.96478 -0.0301214
193.5 1.9239 0.269163
193.6 1.87193 0.561281
193.7 1.81048 0.844657
193.8 1.74063 1.11792
193.9 1.66308 1.37984
194 1.5782 1.62926
194.1 1.48609 1.86507
194.2 1.38663 2.08615
194.3 1.27948 2.29133
194.4 1.16413 2.47941
194.5 1.03988 2.64907
194.6 0.905903 2.79888
194.7 0.76124 2.92726
194.8 0.604856 3.0325
194.9 0.435735 3.11272
195 0.253032 3.16588
195.1 0.0563223 3.18985
195.2 -0.154046 3.1825
195.3 -0.376484 3.14183
195.4 -0.607673 3.06621
195.5 -0.842198 2.95468
195.6 -1.0726 2.80728
195.7 -1.29007 2.62531
195.8 -1.48579 2.41145
195.9 -1.6526 2.16963
196 -1.78622 1.90467
196.1 -1.88564 1.62179
196.2 -1.9526 1.32614
196.3 -1.99062 1.02247
196.4 -2.00393 0.714907
196.5 -1.99668 0.406929
196.6 -1.97257 0.101406
196.7 -1.93459 -0.199306
196.8 -1.88507 -0.493262
196.9 -1.82573 -0.778826
197 -1.75778 -1.05459
197.1 -1.682 -1.31928
197.2 -1.59883 -1.57174
197.3 -1.50843 -1.81086
197.4 -1.41072 -2.0355
197.5 -1.30542 -2.24453
197.6 -1.19205 -2.43675
197.7 -1.06996 -2.61087
197.8 -0.938359 -2.76549
197.9 -0.796303 -2.89906
198 -0.642771 -3.00991
198.1 -0.476733 -3.0962
198.2 -0.297286 -3.15591
198.3 -0.103877 -3.18695
198.4 0.103365 -3.18716
198.5 0.32319 -3.1545
198.6 0.552726 -3.08722
198.7 0.787067 -2.98418
198.8 1.0192 -2.84515
198.9 1.24053 -2.67113
199 1.4421 -2.46447
199.1 1.61623 -2.22882
199.2 1.75787 -1.96884
199.3 1.86526 -1.6897
199.4 1.93959 -1.39661
199.5 1.98406 -1.09443
199.6 2.00279 -0.787449
199.7 2.00003 -0.479289
199.8 1.97959 -0.172959
199.9 1.94464 0.129074
200 1.89766 0.424777
