0 2 0
0.1 1.80499 0.0332788
0.2 1.73856 0.064685
0.3 1.7063 0.095299
0.4 1.68465 0.125457
0.5 1.66637 0.155267
0.6 1.64907 0.184763
0.7 1.63189 0.213954
0.8 1.61452 0.242837
0.9 1.59683 0.271408
1 1.57874 0.299661
1.1 1.56022 0.327589
1.2 1.54121 0.355182
1.3 1.52168 0.382433
1.4 1.50157 0.409331
1.5 1.48085 0.435866
1.6 1.45943 0.462027
1.7 1.43725 0.487799
1.8 1.41422 0.51317
1.9 1.39025 0.538122
2 1.36521 0.562639
2.1 1.33895 0.586699
2.2 1.3113 0.61028
2.3 1.28202 0.633355
2.4 1.25083 0.655892
2.5 1.21736 0.677855
2.6 1.18112 0.699198
2.7 1.14144 0.719867
2.8 1.09741 0.739793
2.9 1.04771 0.758888
3 0.990355 0.777033
3.1 0.922272 0.794068
3.2 0.838376 0.809761
3.3 0.729737 0.823759
3.4 0.579452 0.835488
3.5 0.353029 0.843938
3.6 -0.0221285 0.847188
3.7 -0.661861 0.841558
3.8 -1.46601 0.822452
3.9 -1.89111 0.791631
4 -1.993 0.756551
4.1 -2.01255 0.720749
4.2 -2.00959 0.684919
4.3 -2.00026 0.649231
4.4 -1.98908 0.613735
4.5 -1.9773 0.578446
4.6 -1.96527 0.543369
4.7 -1.95308 0.508508
4.8 -1.94076 0.473865
4.9 -1.92829 0.439442
5 -1.91569 0.405242
5.1 -1.90295 0.371268
5.2 -1.89006 0.337522
5.3 -1.87701 0.304007
5.4 -1.86381 0.270725
5.5 -1.85044 0.23768
5.6 -1.83689 0.204874
5.7 -1.82317 0.172311
5.8 -1.80926 0.139993
5.9 -1.79515 0.107925
6 -1.78084 0.0761099
6.1 -1.76632 0.044551
6.2 -1.75156 0.0132527
6.3 -1.73658 -0.0177811
6.4 -1.72134 -0.0485461
6.5 -1.70584 -0.0790376
6.6 -1.69007 -0.109251
6.7 -1.674 -0.139181
6.8 -1.65762 -0.168822
6.9 -1.64091 -0.198169
7 -1.62385 -0.227216
7.1 -1.60642 -0.255956
7.2 -1.58858 -0.284381
7.3 -1.57031 -0.312486
7.4 -1.55157 -0.340262
7.5 -1.53233 -0.3677
7.6 -1.51255 -0.39479
7.7 -1.49217 -0.421524
7.8 -1.47113 -0.447889
7.9 -1.44937 -0.473873
8 -1.42682 -0.499463
8.1 -1.40337 -0.524644
8.2 -1.37893 -0.5494
8.3 -1.35335 -0.57371
8.4 -1.32648 -0.597554
8.5 -1.29811 -0.620907
8.6 -1.268 -0.64374
8.7 -1.23582 -0.66602
8.8 -1.20115 -0.687705
8.9 -1.16343 -0.708747
9 -1.12189 -0.729086
9.1 -1.07546 -0.748643
9.2 -1.02256 -0.76732
9.3 -0.960767 -0.784981
9.4 -0.886249 -0.801436
9.5 -0.79248 -0.816407
9.6 -0.667615 -0.829456
9.7 -0.488427 -0.839849
9.8 -0.206264 -0.846242
9.9 0.276316 -0.846017
10 1.03983 -0.834626
10.1 1.727 -0.809352
10.2 1.95555 -0.775749
10.3 2.00667 -0.74018
10.4 2.01252 -0.704329
10.5 2.0057 -0.668554
10.6 1.99526 -0.632951
10.7 1.98373 -0.597548
10.8 1.97182 -0.562356
10.9 1.95971 -0.527377
11 1.94746 -0.492616
11.1 1.93507 -0.458073
11.2 1.92254 -0.423753
11.3 1.90988 -0.389656
11.4 1.89706 -0.355786
11.5 1.8841 -0.322145
11.6 1.87098 -0.288737
11.7 1.8577 -0.255563
11.8 1.84426 -0.222627
11.9 1.83063 -0.189932
12 1.81682 -0.15748
12.1 1.80282 -0.125277
12.2 1.78863 -0.0933239
12.3 1.77422 -0.0616255
12.4 1.75959 -0.0301855
12.5 1.74473 0.000992257
12.6 1.72963 0.0319035
12.7 1.71428 0.0625438
12.8 1.69865 0.0929085
12.9 1.68275 0.122993
13 1.66654 0.152791
13.1 1.65001 0.182298
13.2 1.63314 0.211509
13.3 1.61591 0.240416
13.4 1.5983 0.269012
13.5 1.58027 0.297292
13.6 1.56179 0.325247
13.7 1.54283 0.352869
13.8 1.52334 0.380149
13.9 1.50329 0.407078
14 1.48262 0.433644
14.1 1.46126 0.459836
14.2 1.43915 0.485642
14.3 1.4162 0.511047
14.4 1.39231 0.536035
14.5 1.36737 0.560589
14.6 1.34122 0.584689
14.7 1.31369 0.608311
14.8 1.28456 0.63143
14.9 1.25354 0.654014
15 1.22028 0.676027
15.1 1.18429 0.697424
15.2 1.14494 0.718153
15.3 1.10132 0.738144
15.4 1.05216 0.757313
15.5 0.995551 0.775544
15.6 0.928532 0.79268
15.7 0.846242 0.808498
15.8 0.740187 0.822656
15.9 0.5944 0.834607
16 0.376479 0.843391
16.1 0.0180733 0.847191
16.2 -0.596243 0.842503
16.3 -1.406 0.824607
16.4 -1.87378 0.794491
16.5 -1.98911 0.759554
16.6 -2.01216 0.723772
16.7 -2.0102 0.687934
16.8 -2.00115 0.652232
16.9 -1.99005 0.616719
17 -1.97831 0.581412
17.1 -1.96629 0.546317
17.2 -1.95412 0.511437
17.3 -1.9418 0.476776
17.4 -1.92935 0.442335
17.5 -1.91676 0.408116
17.6 -1.90403 0.374123
17.7 -1.89115 0.340358
17.8 -1.87812 0.306823
17.9 -1.86493 0.273521
18 -1.85157 0.240456
18.1 -1.83804 0.20763
18.2 -1.82433 0.175046
18.3 -1.81044 0.142708
18.4 -1.79635 0.110618
18.5 -1.78206 0.0787815
18.6 -1.76755 0.0472009
18.7 -1.75282 0.0158804
18.8 -1.73785 -0.0151759
18.9 -1.72263 -0.0459636
19 -1.70716 -0.0764784
19.1 -1.69141 -0.106715
19.2 -1.67536 -0.136669
19.3 -1.65901 -0.166335
19.4 -1.64233 -0.195707
19.5 -1.6253 -0.224779
19.6 -1.6079 -0.253545
19.7 -1.5901 -0.281998
19.8 -1.57187 -0.31013
19.9 -1.55317 -0.337934
20 -1.53398 -0.3654
20.1 -1.51424 -0.392521
20.2 -1.49391 -0.419285
20.3 -1.47293 -0.445681
20.4 -1.45124 -0.471698
20.5 -1.42875 -0.497322
20.6 -1.40539 -0.522538
20.7 -1.38103 -0.54733
20.8 -1.35556 -0.571679
20.9 -1.3288 -0.595563
21 -1.30057 -0.618959
21.1 -1.27061 -0.641837
21.2 -1.23862 -0.664164
21.3 -1.20418 -0.685901
21.4 -1.16674 -0.707
21.5 -1.12557 -0.7274
21.6 -1.0796 -0.747027
21.7 -1.02732 -0.765783
21.8 -0.966399 -0.783536
21.9 -0.893156 -0.800102
22 -0.801365 -0.815212
22.1 -0.679796 -0.828446
22.2 -0.506567 -0.839103
22.3 -0.236023 -0.84591
22.4 0.224684 -0.846393
22.5 0.968917 -0.836136
22.6 1.6879 -0.811921
22.7 1.94652 -0.778704
22.8 2.00488 -0.743199
22.9 2.01273 -0.707351
23 2.00648 -0.671564
23.1 1.9962 -0.635945
23.2 1.98472 -0.600525
23.3 1.97283 -0.565315
23.4 1.96074 -0.530318
23.5 1.94849 -0.495538
23.6 1.93612 -0.460977
23.7 1.9236 -0.426638
23.8 1.91095 -0.392522
23.9 1.89815 -0.358633
24 1.8852 -0.324973
24.1 1.8721 -0.291544
24.2 1.85883 -0.258351
24.3 1.8454 -0.225394
24.4 1.83179 -0.192679
24.5 1.818 -0.160207
24.6 1.80401 -0.127982
24.7 1.78983 -0.0960082
24.8 1.77544 -0.0642882
24.9 1.76083 -0.0328263
25 1.74599 -0.00162625
25.1 1.73091 0.0293076
25.2 1.71558 0.0599709
25.3 1.69998 0.090359
25.4 1.6841 0.120467
25.5 1.66792 0.15029
25.6 1.65142 0.179822
25.7 1.63458 0.209057
25.8 1.61738 0.23799
25.9 1.5998 0.266613
26 1.5818 0.29492
26.1 1.56336 0.322903
26.2 1.54445 0.350553
26.3 1.52501 0.377863
26.4 1.50501 0.404821
26.5 1.48439 0.431418
26.6 1.46309 0.457642
26.7 1.44104 0.483481
26.8 1.41817 0.50892
26.9 1.39436 0.533945
27 1.36951 0.558536
27.1 1.34347 0.582675
27.2 1.31607 0.606339
27.3 1.28708 0.629501
27.4 1.25624 0.652131
27.5 1.22318 0.674194
27.6 1.18745 0.695645
27.7 1.14841 0.716432
27.8 1.10519 0.736489
27.9 1.05656 0.755731
28 1.00067 0.774046
28.1 0.934687 0.791283
28.2 0.853944 0.807222
28.3 0.750366 0.821538
28.4 0.608857 0.833704
28.5 0.398972 0.842809
28.6 0.0564234 0.847134
28.7 -0.532529 0.843351
28.8 -1.343 0.826672
28.9 -1.85396 0.797321
29 -1.98462 0.762551
29.1 -2.01162 0.726794
29.2 -2.01076 0.69095
29.3 -2.00203 0.655234
29.4 -1.99102 0.619704
29.5 -1.97931 0.584379
29.6 -1.96731 0.549266
29.7 -1.95515 0.514368
29.8 -1.94284 0.479688
29.9 -1.9304 0.445228
30 -1.91783 0.410991
30.1 -1.90511 0.376979
30.2 -1.89224 0.343194
30.3 -1.87922 0.30964
30.4 -1.86604 0.276319
30.5 -1.8527 0.243233
30.6 -1.83919 0.210387
30.7 -1.8255 0.177782
30.8 -1.81162 0.145423
30.9 -1.79755 0.113313
31 -1.78327 0.0814546
31.1 -1.76878 0.0498522
31.2 -1.75407 0.0185097
31.3 -1.73912 -0.012569
31.4 -1.72393 -0.0433796
31.5 -1.70847 -0.0739175
31.6 -1.69275 -0.104178
31.7 -1.67673 -0.134156
31.8 -1.6604 -0.163847
31.9 -1.64375 -0.193244
32 -1.62675 -0.222341
32.1 -1.60938 -0.251133
32.2 -1.59161 -0.279612
32.3 -1.57342 -0.307772
32.4 -1.55477 -0.335604
32.5 -1.53561 -0.363099
32.6 -1.51592 -0.390249
32.7 -1.49565 -0.417043
32.8 -1.47472 -0.443471
32.9 -1.45309 -0.46952
33 -1.43068 -0.495178
33.1 -1.40739 -0.520429
33.2 -1.38313 -0.545258
33.3 -1.35775 -0.569645
33.4 -1.33111 -0.593569
33.5 -1.30301 -0.617006
33.6 -1.27321 -0.639929
33.7 -1.2414 -0.662305
33.8 -1.20719 -0.684093
33.9 -1.17003 -0.705248
34 -1.1292 -0.72571
34.1 -1.08369 -0.745405
34.2 -1.03202 -0.764239
34.3 -0.971944 -0.782082
34.4 -0.899933 -0.798757
34.5 -0.810044 -0.814003
34.6 -0.691622 -0.827418
34.7 -0.524043 -0.83833
34.8 -0.264461 -0.845534
34.9 0.175304 -0.846692
35 0.898139 -0.83754
35.1 1.64467 -0.814424
35.2 1.93641 -0.781648
35.3 2.00282 -0.746216
35.4 2.01286 -0.710374
35.5 2.00723 -0.674576
35.6 1.99713 -0.638941
35.7 1.98571 -0.603504
35.8 1.97384 -0.568276
35.9 1.96176 -0.533261
36 1.94953 -0.498463
36.1 1.93717 -0.463883
36.2 1.92466 -0.429525
36.3 1.91202 -0.39539
36.4 1.89923 -0.361482
36.5 1.8863 -0.327802
36.6 1.87321 -0.294354
36.7 1.85996 -0.26114
36.8 1.84654 -0.228164
36.9 1.83294 -0.195428
37 1.81917 -0.162936
37.1 1.8052 -0.13069
37.2 1.79103 -0.0986945
37.3 1.77666 -0.066953
37.4 1.76207 -0.0354691
37.5 1.74725 -0.00424686
37.6 1.7322 0.0267096
37.7 1.71688 0.0573959
37.8 1.70131 0.0878074
37.9 1.68545 0.117939
38 1.66929 0.147786
38.1 1.65282 0.177343
38.2 1.63601 0.206604
38.3 1.61885 0.235562
38.4 1.6013 0.264212
38.5 1.58334 0.292546
38.6 1.56494 0.320556
38.7 1.54606 0.348235
38.8 1.52667 0.375573
38.9 1.50672 0.402562
39 1.48615 0.42919
39.1 1.46491 0.455446
39.2 1.44293 0.481318
39.3 1.42013 0.506791
39.4 1.39641 0.531851
39.5 1.37165 0.55648
39.6 1.34572 0.580657
39.7 1.31844 0.604362
39.8 1.28959 0.627568
39.9 1.25892 0.650244
40 1.22606 0.672356
40.1 1.19058 0.693861
40.2 1.15184 0.714707
40.3 1.10902 0.734828
40.4 1.06091 0.754142
40.5 1.00573 0.772541
40.6 0.940739 0.789876
40.7 0.861489 0.805935
40.8 0.760284 0.820405
40.9 0.622848 0.83278
41 0.420562 0.842194
41.1 0.0930066 0.847021
41.2 -0.470883 0.844104
41.3 -1.27745 0.828641
41.4 -1.83129 0.800115
41.5 -1.97945 0.765542
41.6 -2.01088 0.729816
41.7 -2.01126 0.693967
41.8 -2.00289 0.658237
41.9 -1.99199 0.62269
42 -1.98031 0.587348
42.1 -1.96833 0.552217
42.2 -1.95618 0.517301
42.3 -1.94389 0.482602
42.4 -1.93146 0.448124
42.5 -1.91889 0.413868
42.6 -1.90618 0.379836
42.7 -1.89333 0.346032
42.8 -1.88032 0.312458
42.9 -1.86716 0.279117
43 -1.85383 0.246012
43.1 -1.84033 0.213145
43.2 -1.82666 0.18052
43.3 -1.81279 0.148141
43.4 -1.79874 0.116009
43.5 -1.78448 0.0841294
43.6 -1.77001 0.0525053
43.7 -1.75532 0.0211407
43.8 -1.74039 -0.00996035
43.9 -1.72522 -0.0407937
44 -1.70979 -0.0713547
44.1 -1.69408 -0.101639
44.2 -1.67809 -0.131641
44.3 -1.66179 -0.161356
44.4 -1.64517 -0.190778
44.5 -1.6282 -0.219901
44.6 -1.61086 -0.248719
44.7 -1.59313 -0.277225
44.8 -1.57497 -0.305411
44.9 -1.55636 -0.333271
45 -1.53725 -0.360795
45.1 -1.51761 -0.387974
45.2 -1.49738 -0.414799
45.3 -1.47651 -0.441258
45.4 -1.45495 -0.46734
45.5 -1.4326 -0.493032
45.6 -1.40939 -0.518318
45.7 -1.38521 -0.543182
45.8 -1.35993 -0.567607
45.9 -1.33341 -0.591571
46 -1.30544 -0.615051
46.1 -1.27579 -0.638018
46.2 -1.24417 -0.660441
46.3 -1.21018 -0.682281
46.4 -1.17329 -0.703491
46.5 -1.13281 -0.724014
46.6 -1.08774 -0.743777
46.7 -1.03666 -0.762688
46.8 -0.977406 -0.780621
46.9 -0.906586 -0.797403
47 -0.818525 -0.812782
47.1 -0.70311 -0.826372
47.2 -0.540891 -0.837531
47.3 -0.291656 -0.845116
47.4 0.128121 -0.846919
47.5 0.827927 -0.838837
47.6 1.59733 -0.816857
47.7 1.92507 -0.784579
47.8 2.00043 -0.749232
47.9 2.0129 -0.713397
48 2.00795 -0.677589
48.1 1.99805 -0.641939
48.2 1.9867 -0.606484
48.3 1.97485 -0.571238
48.4 1.96279 -0.536205
48.5 1.95057 -0.501388
48.6 1.93821 -0.46679
48.7 1.92572 -0.432413
48.8 1.91309 -0.39826
48.9 1.90032 -0.364332
49 1.8874 -0.330633
49.1 1.87432 -0.297165
49.2 1.86108 -0.263932
49.3 1.84767 -0.230936
49.4 1.8341 -0.198179
49.5 1.82033 -0.165666
49.6 1.80638 -0.133399
49.7 1.79224 -0.101383
49.8 1.77788 -0.0696196
49.9 1.76331 -0.0381138
50 1.74851 -0.00686935
50.1 1.73347 0.0241097
50.2 1.71819 0.0548189
50.3 1.70263 0.0852538
50.4 1.6868 0.115409
50.5 1.67067 0.145281
50.6 1.65422 0.174862
50.7 1.63744 0.204148
50.8 1.62031 0.233132
50.9 1.60279 0.261808
51 1.58487 0.290169
51.1 1.56651 0.318207
51.2 1.54767 0.345914
51.3 1.52832 0.373282
51.4 1.50842 0.4003
51.5 1.48791 0.426959
51.6 1.46673 0.453247
51.7 1.44482 0.479151
51.8 1.42209 0.504659
51.9 1.39845 0.529754
52 1.37378 0.55442
52.1 1.34795 0.578637
52.2 1.32079 0.602382
52.3 1.29209 0.625631
52.4 1.26158 0.648354
52.5 1.22893 0.670515
52.6 1.19369 0.692072
52.7 1.15525 0.712976
52.8 1.11282 0.733161
52.9 1.06521 0.752547
53 1.01071 0.771028
53.1 0.946692 0.78846
53.2 0.86888 0.804637
53.3 0.769952 0.819257
53.4 0.636396 0.831835
53.5 0.441296 0.841547
53.6 0.127907 0.846855
53.7 -0.41142 0.844767
53.8 -1.20982 0.830511
53.9 -1.80538 0.802867
54 -1.97352 0.768526
54.1 -2.00993 0.732837
54.2 -2.01171 0.696985
54.3 -2.00373 0.661241
54.4 -1.99295 0.625678
54.5 -1.98131 0.590318
54.6 -1.96935 0.555169
54.7 -1.95721 0.520235
54.8 -1.94493 0.485518
54.9 -1.93251 0.451021
55 -1.91996 0.416746
55.1 -1.90726 0.382695
55.2 -1.89442 0.348872
55.3 -1.88143 0.315279
55.4 -1.86828 0.281918
55.5 -1.85496 0.248793
55.6 -1.84148 0.215906
55.7 -1.82782 0.18326
55.8 -1.81397 0.15086
55.9 -1.79993 0.118707
56 -1.78569 0.0868061
56.1 -1.77124 0.0551604
56.2 -1.75656 0.0237738
56.3 -1.74166 -0.00734967
56.4 -1.72651 -0.0382057
56.5 -1.7111 -0.0687899
56.6 -1.69542 -0.0990975
56.7 -1.67945 -0.129124
56.8 -1.66318 -0.158863
56.9 -1.64658 -0.18831
57 -1.62964 -0.217458
57.1 -1.61234 -0.246302
57.2 -1.59464 -0.274835
57.3 -1.57652 -0.303049
57.4 -1.55794 -0.330936
57.5 -1.53888 -0.358489
57.6 -1.51928 -0.385698
57.7 -1.49911 -0.412553
57.8 -1.4783 -0.439043
57.9 -1.45679 -0.465157
58 -1.43452 -0.490882
58.1 -1.41138 -0.516203
58.2 -1.38729 -0.541104
58.3 -1.36211 -0.565566
58.4 -1.33569 -0.58957
58.5 -1.30786 -0.613092
58.6 -1.27836 -0.636103
58.7 -1.24692 -0.658574
58.8 -1.21314 -0.680464
58.9 -1.17653 -0.701729
59 -1.13638 -0.722313
59.1 -1.09175 -0.742143
59.2 -1.04124 -0.76113
59.3 -0.982787 -0.779151
59.4 -0.913119 -0.796039
59.5 -0.826818 -0.811549
59.6 -0.714277 -0.825309
59.7 -0.557147 -0.836708
59.8 -0.317679 -0.844659
59.9 0.083069 -0.847077
60 0.758673 -0.84003
60.1 1.546 -0.819216
60.2 1.91232 -0.787493
60.3 1.99768 -0.752244
60.4 2.01284 -0.716421
60.5 2.00865 -0.680603
60.6 1.99897 -0.644937
60.7 1.98768 -0.609466
60.8 1.97586 -0.574202
60.9 1.96381 -0.539151
61 1.9516 -0.504315
61.1 1.93926 -0.469699
61.2 1.92678 -0.435303
61.3 1.91416 -0.401131
61.4 1.9014 -0.367184
61.5 1.88849 -0.333466
61.6 1.87543 -0.299978
61.7 1.8622 -0.266725
61.8 1.84881 -0.233708
61.9 1.83525 -0.200932
62 1.8215 -0.168398
62.1 1.80757 -0.13611
62.2 1.79344 -0.104072
62.3 1.7791 -0.0722878
62.4 1.76455 -0.0407602
62.5 1.74977 -0.0094935
62.6 1.73475 0.0215081
62.7 1.71948 0.0522403
62.8 1.70395 0.0826984
62.9 1.68814 0.112878
63 1.67204 0.142773
63.1 1.65562 0.172379
63.2 1.63887 0.20169
63.3 1.62177 0.2307
63.4 1.60428 0.259403
63.5 1.5864 0.28779
63.6 1.56807 0.315856
63.7 1.54928 0.343591
63.8 1.52998 0.370987
63.9 1.51012 0.398036
64 1.48966 0.424725
64.1 1.46854 0.451045
64.2 1.4467 0.476982
64.3 1.42404 0.502524
64.4 1.40048 0.527655
64.5 1.37591 0.552357
64.6 1.35018 0.576613
64.7 1.32314 0.600399
64.8 1.29458 0.623691
64.9 1.26423 0.646459
65 1.23178 0.668669
65.1 1.19677 0.690279
65.2 1.15864 0.71124
65.3 1.11658 0.731489
65.4 1.06946 0.750946
65.5 1.01563 0.769508
65.6 0.952547 0.787035
65.7 0.876125 0.803328
65.8 0.779381 0.818095
65.9 0.649521 0.830871
66 0.461222 0.840869
66.1 0.161209 0.846637
66.2 -0.354215 0.845341
66.3 -1.14062 0.832278
66.4 -1.77591 0.805572
66.5 -1.96677 0.771503
66.6 -2.00876 0.735857
66.7 -2.01209 0.700005
66.8 -2.00455 0.664247
66.9 -1.9939 0.628668
67 -1.98231 0.59329
67.1 -1.97036 0.558123
67.2 -1.95824 0.523171
67.3 -1.94597 0.488436
67.4 -1.93356 0.45392
67.5 -1.92102 0.419626
67.6 -1.90834 0.385557
67.7 -1.89551 0.351714
67.8 -1.88253 0.318101
67.9 -1.86939 0.284721
68 -1.85609 0.251575
68.1 -1.84262 0.218668
68.2 -1.82898 0.186002
68.3 -1.81514 0.153581
68.4 -1.80112 0.121407
68.5 -1.7869 0.089485
68.6 -1.77246 0.0578176
68.7 -1.75781 0.026409
68.8 -1.74292 -0.00473677
68.9 -1.72779 -0.0356155
69 -1.71241 -0.0662228
69.1 -1.69675 -0.0965539
69.2 -1.68081 -0.126604
69.3 -1.66456 -0.156368
69.4 -1.64799 -0.185839
69.5 -1.63108 -0.215013
69.6 -1.61381 -0.243883
69.7 -1.59614 -0.272442
69.8 -1.57806 -0.300683
69.9 -1.55953 -0.328599
70 -1.54051 -0.35618
70.1 -1.52096 -0.383418
70.2 -1.50083 -0.410303
70.3 -1.48008 -0.436825
70.4 -1.45863 -0.462971
70.5 -1.43643 -0.488729
70.6 -1.41337 -0.514085
70.7 -1.38936 -0.539021
70.8 -1.36428 -0.563522
70.9 -1.33797 -0.587565
71 -1.31026 -0.611128
71.1 -1.28092 -0.634184
71.2 -1.24965 -0.656701
71.3 -1.21609 -0.678643
71.4 -1.17974 -0.699962
71.5 -1.13992 -0.720606
71.6 -1.09571 -0.740503
71.7 -1.04577 -0.759565
71.8 -0.98809 -0.777673
71.9 -0.919537 -0.794664
72 -0.83493 -0.810303
72.1 -0.72514 -0.82423
72.2 -0.572844 -0.835861
72.3 -0.342599 -0.844163
72.4 0.0400701 -0.847168
72.5 0.690714 -0.841119
72.6 1.49089 -0.821494
72.7 1.89791 -0.790388
72.8 1.99451 -0.755254
72.9 2.01266 -0.719445
73 2.00932 -0.683618
73.1 1.99987 -0.647937
73.2 1.98866 -0.612448
73.3 1.97687 -0.577166
73.4 1.96483 -0.542097
73.5 1.95264 -0.507244
73.6 1.94031 -0.472609
73.7 1.92784 -0.438194
73.8 1.91523 -0.404003
73.9 1.90248 -0.370037
74 1.88959 -0.336299
74.1 1.87653 -0.302792
74.2 1.86332 -0.269519
74.3 1.84995 -0.236482
74.4 1.8364 -0.203685
74.5 1.82267 -0.171131
74.6 1.80875 -0.138823
74.7 1.79464 -0.106763
74.8 1.78032 -0.0749574
74.9 1.76578 -0.043408
75 1.75102 -0.0121191
75.1 1.73603 0.018905
75.2 1.72078 0.04966
75.3 1.70527 0.0801415
75.4 1.68949 0.110345
75.5 1.67341 0.140264
75.6 1.65702 0.169895
75.7 1.6403 0.199231
75.8 1.62322 0.228267
75.9 1.60577 0.256995
76 1.58792 0.285409
76.1 1.56963 0.313502
76.2 1.55088 0.341266
76.3 1.53162 0.368691
76.4 1.51182 0.395769
76.5 1.49141 0.422489
76.6 1.47035 0.448841
76.7 1.44857 0.474811
76.8 1.42598 0.500386
76.9 1.4025 0.525552
77 1.37802 0.550292
77.1 1.3524 0.574586
77.2 1.32548 0.598412
77.3 1.29705 0.621747
77.4 1.26687 0.644561
77.5 1.2346 0.666819
77.6 1.19983 0.688482
77.7 1.16199 0.7095
77.8 1.1203 0.729811
77.9 1.07366 0.749339
78 1.02048 0.767981
78.1 0.958309 0.785602
78.2 0.883227 0.802009
78.3 0.788579 0.816919
78.4 0.662243 0.829887
78.5 0.480383 0.840163
78.6 0.192995 0.846371
78.7 -0.299303 0.845831
78.8 -1.07035 0.833941
78.9 -1.7426 0.808225
79 -1.95914 0.774471
79.1 -2.00735 0.738877
79.2 -2.01241 0.703025
79.3 -2.00536 0.667255
79.4 -1.99485 0.631659
79.5 -1.9833 0.596264
79.6 -1.97138 0.56108
79.7 -1.95927 0.526109
79.8 -1.94701 0.491355
79.9 -1.93461 0.456821
80 -1.92208 0.422508
80.1 -1.90941 0.38842
80.2 -1.8966 0.354558
80.3 -1.88363 0.320926
80.4 -1.8705 0.287526
80.5 -1.85722 0.25436
80.6 -1.84376 0.221433
80.7 -1.83013 0.188747
80.8 -1.81632 0.156305
80.9 -1.80231 0.12411
81 -1.7881 0.0921662
81.1 -1.77369 0.0604771
81.2 -1.75905 0.0290466
81.3 -1.74419 -0.00212155
81.4 -1.72908 -0.033023
81.5 -1.71371 -0.0636533
81.6 -1.69808 -0.0940079
81.7 -1.68216 -0.124082
81.8 -1.66594 -0.15387
81.9 -1.6494 -0.183366
82 -1.63252 -0.212566
82.1 -1.61528 -0.241461
82.2 -1.59765 -0.270047
82.3 -1.5796 -0.298315
82.4 -1.56111 -0.326258
82.5 -1.54213 -0.353868
82.6 -1.52263 -0.381135
82.7 -1.50255 -0.408051
82.8 -1.48185 -0.434603
82.9 -1.46047 -0.460782
83 -1.43833 -0.486573
83.1 -1.41535 -0.511963
83.2 -1.39142 -0.536936
83.3 -1.36644 -0.561474
83.4 -1.34024 -0.585557
83.5 -1.31266 -0.609161
83.6 -1.28346 -0.632261
83.7 -1.25237 -0.654825
83.8 -1.21902 -0.676816
83.9 -1.18292 -0.69819
84 -1.14343 -0.718893
84.1 -1.09964 -0.738857
84.2 -1.05024 -0.757993
84.3 -0.993318 -0.776187
84.4 -0.925844 -0.79328
84.5 -0.842868 -0.809044
84.6 -0.735712 -0.823134
84.7 -0.588011 -0.83499
84.8 -0.36648 -0.843631
84.9 -0.00095676 -0.847197
85 0.624338 -0.842107
85.1 1.43229 -0.823688
85.2 1.88154 -0.79326
85.3 1.99086 -0.758258
85.4 2.01235 -0.722468
85.5 2.00994 -0.686633
85.6 2.00077 -0.650937
85.7 1.98963 -0.615431
85.8 1.97787 -0.580132
85.9 1.96585 -0.545045
86 1.95367 -0.510173
86.1 1.94135 -0.475519
86.2 1.92889 -0.441086
86.3 1.9163 -0.406876
86.4 1.90356 -0.372891
86.5 1.89068 -0.339134
86.6 1.87764 -0.305608
86.7 1.86444 -0.272315
86.8 1.85108 -0.239258
86.9 1.83755 -0.20644
87 1.82383 -0.173865
87.1 1.80993 -0.141536
87.2 1.79583 -0.109456
87.3 1.78153 -0.0776284
87.4 1.76702 -0.0460572
87.5 1.75228 -0.0147462
87.6 1.7373 0.0163003
87.7 1.72208 0.0470782
87.8 1.70659 0.0775829
87.9 1.69083 0.10781
88 1.67478 0.137753
88.1 1.65841 0.167409
88.2 1.64172 0.19677
88.3 1.62468 0.225831
88.4 1.60726 0.254586
88.5 1.58944 0.283027
88.6 1.57119 0.311147
88.7 1.55248 0.338939
88.8 1.53327 0.366393
88.9 1.51351 0.3935
89 1.49316 0.420251
89.1 1.47215 0.446634
89.2 1.45043 0.472637
89.3 1.42792 0.498246
89.4 1.40452 0.523448
89.5 1.38013 0.548224
89.6 1.35461 0.572556
89.7 1.3278 0.596423
89.8 1.29951 0.6198
89.9 1.26949 0.642659
90 1.23741 0.664965
90.1 1.20287 0.68668
90.2 1.16532 0.707754
90.3 1.12399 0.728128
90.4 1.07782 0.747725
90.5 1.02527 0.766447
90.6 0.963979 0.78416
90.7 0.890191 0.800679
90.8 0.797557 0.815729
90.9 0.674584 0.828884
91 0.498823 0.839428
91.1 0.223347 0.846058
91.2 -0.246686 0.84624
91.3 -0.999528 0.835497
91.4 -1.70528 0.81082
91.5 -1.95055 0.77743
91.6 -2.00569 0.741896
91.7 -2.01265 0.706047
91.8 -2.00614 0.670265
91.9 -1.99579 0.634653
92 -1.98429 0.599241
92.1 -1.97239 0.564038
92.2 -1.96029 0.529049
92.3 -1.94805 0.494277
92.4 -1.93566 0.459724
92.5 -1.92314 0.425392
92.6 -1.91049 0.391285
92.7 -1.89768 0.357404
92.8 -1.88473 0.323752
92.9 -1.87162 0.290333
93 -1.85835 0.257147
93.1 -1.8449 0.2242
93.2 -1.83129 0.191493
93.3 -1.81749 0.15903
93.4 -1.8035 0.126815
93.5 -1.78931 0.0948496
93.6 -1.77491 0.0631389
93.7 -1.7603 0.0316864
93.8 -1.74545 0.000495992
93.9 -1.73036 -0.0304281
94 -1.71502 -0.0610815
94.1 -1.69941 -0.0914595
94.2 -1.68351 -0.121557
94.3 -1.66732 -0.15137
94.4 -1.65081 -0.180891
94.5 -1.63396 -0.210116
94.6 -1.61675 -0.239037
94.7 -1.59915 -0.267649
94.8 -1.58114 -0.295944
94.9 -1.56268 -0.323915
95 -1.54375 -0.351553
95.1 -1.52429 -0.37885
95.2 -1.50427 -0.405795
95.3 -1.48362 -0.432379
95.4 -1.4623 -0.458589
95.5 -1.44023 -0.484414
95.6 -1.41732 -0.509838
95.7 -1.39348 -0.534847
95.8 -1.36859 -0.559422
95.9 -1.3425 -0.583544
96 -1.31504 -0.60719
96.1 -1.28599 -0.630334
96.2 -1.25508 -0.652944
96.3 -1.22193 -0.674985
96.4 -1.18609 -0.696413
96.5 -1.14691 -0.717175
96.6 -1.10352 -0.737204
96.7 -1.05467 -0.756414
96.8 -0.998472 -0.774693
96.9 -0.932044 -0.791887
97 -0.85064 -0.807774
97.1 -0.746006 -0.822023
97.2 -0.602677 -0.834097
97.3 -0.38938 -0.843064
97.4 -0.0400955 -0.847165
97.5 0.559779 -0.842997
97.6 1.37052 -0.825793
97.7 1.86284 -0.796104
97.8 1.98664 -0.761258
97.9 2.01187 -0.72549
98 2.01052 -0.689649
98.1 2.00165 -0.653938
98.2 1.99061 -0.618416
98.3 1.97888 -0.583099
98.4 1.96687 -0.547993
98.5 1.9547 -0.513103
98.6 1.94239 -0.478431
98.7 1.92995 -0.443979
98.8 1.91737 -0.40975
98.9 1.90464 -0.375746
99 1.89177 -0.34197
99.1 1.87875 -0.308424
99.2 1.86556 -0.275111
99.3 1.85221 -0.242035
99.4 1.83869 -0.209197
99.5 1.82499 -0.176601
99.6 1.81111 -0.144251
99.7 1.79703 -0.11215
99.8 1.78275 -0.0803008
99.9 1.76825 -0.0487079
100 1.75353 -0.0173748
100.1 1.73857 0.0136942
100.2 1.72337 0.0444949
100.3 1.70791 0.0750228
100.4 1.69217 0.105273
100.5 1.67614 0.135241
100.6 1.6598 0.164921
100.7 1.64314 0.194307
100.8 1.62613 0.223394
100.9 1.60874 0.252174
101 1.59096 0.280642
101.1 1.57275 0.30879
101.2 1.55408 0.336609
101.3 1.53491 0.364092
101.4 1.5152 0.391229
101.5 1.4949 0.418011
101.6 1.47395 0.444425
101.7 1.45229 0.47046
101.8 1.42985 0.496104
101.9 1.40653 0.52134
102 1.38222 0.546152
102.1 1.3568 0.570523
102.2 1.33011 0.59443
102.3 1.30196 0.617849
102.4 1.27209 0.640753
102.5 1.2402 0.663108
102.6 1.20589 0.684874
102.7 1.16861 0.706004
102.8 1.12764 0.72644
102.9 1.08193 0.746106
103 1.03 0.764906
103.1 0.969562 0.782711
103.2 0.897024 0.799339
103.3 0.806324 0.814526
103.4 0.686561 0.827863
103.5 0.51658 0.838667
103.6 0.252346 0.845701
103.7 -0.19634 0.846572
103.8 -0.928637 0.836947
103.9 -1.66383 0.813352
104 -1.94091 0.780379
104.1 -2.00375 0.744914
104.2 -2.01282 0.709069
104.3 -2.00691 0.673276
104.4 -1.99673 0.637648
104.5 -1.98528 0.602218
104.6 -1.9734 0.566998
104.7 -1.96132 0.531991
104.8 -1.94908 0.4972
104.9 -1.93671 0.462629
105 -1.92421 0.428279
105.1 -1.91156 0.394152
105.2 -1.89877 0.360252
105.3 -1.88583 0.326581
105.4 -1.87273 0.293141
105.5 -1.85947 0.259936
105.6 -1.84604 0.226969
105.7 -1.83244 0.194242
105.8 -1.81866 0.161758
105.9 -1.80469 0.129521
106 -1.79051 0.097535
106.1 -1.77613 0.0658028
106.2 -1.76154 0.0343284
106.3 -1.74671 0.00311572
106.4 -1.73164 -0.027831
106.5 -1.71632 -0.0585074
106.6 -1.70074 -0.0889088
106.7 -1.68487 -0.11903
106.8 -1.6687 -0.148867
106.9 -1.65222 -0.178413
107 -1.63539 -0.207663
107.1 -1.61821 -0.23661
107.2 -1.60065 -0.265249
107.3 -1.58268 -0.293571
107.4 -1.56426 -0.321569
107.5 -1.54536 -0.349236
107.6 -1.52595 -0.376562
107.7 -1.50598 -0.403537
107.8 -1.48539 -0.430152
107.9 -1.46413 -0.456394
108 -1.44212 -0.482252
108.1 -1.41929 -0.50771
108.2 -1.39553 -0.532755
108.3 -1.37073 -0.557367
108.4 -1.34475 -0.581528
108.5 -1.31742 -0.605215
108.6 -1.28851 -0.628402
108.7 -1.25776 -0.651059
108.8 -1.22482 -0.67315
108.9 -1.18923 -0.694632
109 -1.15036 -0.715452
109.1 -1.10737 -0.735546
109.2 -1.05904 -0.754829
109.3 -1.00356 -0.773192
109.4 -0.93814 -0.790484
109.5 -0.858252 -0.806492
109.6 -0.756035 -0.820896
109.7 -0.616866 -0.833182
109.8 -0.411353 -0.842463
109.9 -0.0774309 -0.847077
110 0.497223 -0.843791
110.1 1.30602 -0.827803
110.2 1.84145 -0.798914
110.3 1.98177 -0.764252
110.4 2.01122 -0.728512
110.5 2.01105 -0.692665
110.6 2.00252 -0.656941
110.7 1.99157 -0.621401
110.8 1.97988 -0.586067
110.9 1.96789 -0.550943
111 1.95573 -0.516035
111.1 1.94344 -0.481345
111.2 1.931 -0.446874
111.3 1.91843 -0.412626
111.4 1.90572 -0.378603
111.5 1.89286 -0.344807
111.6 1.87985 -0.311242
111.7 1.86668 -0.277909
111.8 1.85334 -0.244813
111.9 1.83984 -0.211955
112 1.82616 -0.179339
112.1 1.81229 -0.146968
112.2 1.79822 -0.114845
112.3 1.78396 -0.0829749
112.4 1.76948 -0.0513602
112.5 1.75478 -0.0200051
112.6 1.73984 0.0110863
112.7 1.72466 0.0419098
112.8 1.70922 0.0724609
112.9 1.69351 0.102735
113 1.6775 0.132727
113.1 1.66119 0.162431
113.2 1.64456 0.191842
113.3 1.62757 0.220954
113.4 1.61022 0.249761
113.5 1.59247 0.278255
113.6 1.5743 0.30643
113.7 1.55567 0.334278
113.8 1.53654 0.36179
113.9 1.51688 0.388956
114 1.49663 0.415768
114.1 1.47574 0.442214
114.2 1.45415 0.468281
114.3 1.43177 0.493958
114.4 1.40853 0.519229
114.5 1.38431 0.544078
114.6 1.35899 0.568487
114.7 1.33242 0.592434
114.8 1.30439 0.615895
114.9 1.27468 0.638844
115 1.24298 0.661246
115.1 1.20889 0.683064
115.2 1.17189 0.70425
115.3 1.13126 0.724746
115.4 1.086 0.744481
115.5 1.03466 0.763358
115.6 0.975059 0.781253
115.7 0.90373 0.797989
115.8 0.814889 0.813311
115.9 0.698192 0.826825
116 0.533695 0.837879
116.1 0.280068 0.845301
116.2 -0.148217 0.84683
116.3 -0.858131 0.83829
116.4 -1.61825 0.815816
116.5 -1.93012 0.783316
116.6 -2.0015 0.747931
116.7 -2.0129 0.712093
116.8 -2.00764 0.676289
116.9 -1.99766 0.640645
117 -1.98627 0.605198
117.1 -1.97442 0.56996
117.2 -1.96234 0.534934
117.3 -1.95012 0.500126
117.4 -1.93776 0.465535
117.5 -1.92527 0.431166
117.6 -1.91263 0.397021
117.7 -1.89985 0.363102
117.8 -1.88692 0.329411
117.9 -1.87384 0.295952
118 -1.8606 0.262727
118.1 -1.84718 0.229739
118.2 -1.8336 0.196992
118.3 -1.81983 0.164488
118.4 -1.80587 0.13223
118.5 -1.79172 0.100222
118.6 -1.77736 0.0684686
118.7 -1.76278 0.0369723
118.8 -1.74797 0.00573743
118.9 -1.73292 -0.0252319
119 -1.71762 -0.0559312
119.1 -1.70206 -0.086356
119.2 -1.68622 -0.116501
119.3 -1.67007 -0.146362
119.4 -1.65362 -0.175933
119.5 -1.63683 -0.205208
119.6 -1.61968 -0.234181
119.7 -1.60215 -0.262846
119.8 -1.58421 -0.291195
119.9 -1.56583 -0.319221
120 -1.54698 -0.346916
120.1 -1.52761 -0.374271
120.2 -1.50769 -0.401276
120.3 -1.48715 -0.427922
120.4 -1.46595 -0.454196
120.5 -1.44401 -0.480087
120.6 -1.42125 -0.505579
120.7 -1.39757 -0.530659
120.8 -1.37286 -0.555309
120.9 -1.34699 -0.579509
121 -1.31978 -0.603237
121.1 -1.29101 -0.626467
121.2 -1.26043 -0.64917
121.3 -1.2277 -0.67131
121.4 -1.19235 -0.692845
121.5 -1.15379 -0.713723
121.6 -1.11118 -0.733881
121.7 -1.06336 -0.753237
121.8 -1.00857 -0.771682
121.9 -0.944135 -0.789072
122 -0.865709 -0.805199
122.1 -0.76581 -0.819754
122.2 -0.630602 -0.832246
122.3 -0.43245 -0.84183
122.4 -0.113047 -0.846933
122.5 0.436807 -0.844492
122.6 1.23923 -0.829716
122.7 1.81698 -0.801685
122.8 1.97618 -0.767239
122.9 2.01037 -0.731533
123 2.01152 -0.695683
123.1 2.00337 -0.659944
123.2 1.99253 -0.624388
123.3 1.98088 -0.589036
123.4 1.96891 -0.553895
123.5 1.95676 -0.518969
123.6 1.94448 -0.48426
123.7 1.93206 -0.44977
123.8 1.9195 -0.415504
123.9 1.9068 -0.381461
124 1.89395 -0.347646
124.1 1.88095 -0.314062
124.2 1.8678 -0.280709
124.3 1.85448 -0.247593
124.4 1.84098 -0.214714
124.5 1.82732 -0.182078
124.6 1.81346 -0.149686
124.7 1.79942 -0.117543
124.8 1.78517 -0.0856508
124.9 1.77071 -0.0540144
125 1.75602 -0.0226373
125.1 1.74111 0.00847654
125.2 1.72595 0.0393228
125.3 1.71053 0.069897
125.4 1.69484 0.100194
125.5 1.67886 0.13021
125.6 1.66258 0.159939
125.7 1.64597 0.189375
125.8 1.62902 0.218513
125.9 1.6117 0.247345
126 1.59399 0.275866
126.1 1.57585 0.304069
126.2 1.55726 0.331944
126.3 1.53818 0.359484
126.4 1.51856 0.38668
126.5 1.49836 0.413522
126.6 1.47753 0.439999
126.7 1.456 0.4661
126.8 1.43369 0.49181
126.9 1.41052 0.517116
127 1.38639 0.542001
127.1 1.36117 0.566447
127.2 1.33471 0.590434
127.3 1.30681 0.613938
127.4 1.27726 0.63693
127.5 1.24574 0.65938
127.6 1.21187 0.681249
127.7 1.17513 0.70249
127.8 1.13484 0.723047
127.9 1.09002 0.742849
128 1.03927 0.761803
128.1 0.980474 0.779787
128.2 0.910314 0.796629
128.3 0.823262 0.812083
128.4 0.709496 0.82577
128.5 0.550202 0.837066
128.6 0.306588 0.844861
128.7 -0.102254 0.847017
128.8 -0.788418 0.839528
128.9 -1.56863 0.818208
129 -1.91801 0.786238
129.1 -1.99891 0.750945
129.2 -2.01288 0.715116
129.3 -2.00836 0.679302
129.4 -1.99857 0.643643
129.5 -1.98725 0.608179
129.6 -1.97543 0.572923
129.7 -1.96337 0.537879
129.8 -1.95116 0.503052
129.9 -1.93881 0.468444
130 -1.92632 0.434056
130.1 -1.9137 0.399891
130.2 -1.90093 0.365953
130.3 -1.88802 0.332243
130.4 -1.87495 0.298764
130.5 -1.86172 0.26552
130.6 -1.84832 0.232512
130.7 -1.83475 0.199744
130.8 -1.821 0.167219
130.9 -1.80706 0.13494
131 -1.79292 0.102911
131.1 -1.77857 0.0711362
131.2 -1.76401 0.039618
131.3 -1.74923 0.00836089
131.4 -1.7342 -0.022631
131.5 -1.71892 -0.0533533
131.6 -1.70338 -0.0838014
131.7 -1.68756 -0.113971
131.8 -1.67145 -0.143856
131.9 -1.65502 -0.173451
132 -1.63826 -0.202751
132.1 -1.62114 -0.23175
132.2 -1.60364 -0.260441
132.3 -1.58574 -0.288817
132.4 -1.5674 -0.316871
132.5 -1.54859 -0.344594
132.6 -1.52926 -0.371978
132.7 -1.50939 -0.399013
132.8 -1.48891 -0.425689
132.9 -1.46776 -0.451995
133 -1.44589 -0.477919
133.1 -1.4232 -0.503446
133.2 -1.3996 -0.528561
133.3 -1.37499 -0.553248
133.4 -1.34922 -0.577487
133.5 -1.32213 -0.601255
133.6 -1.29351 -0.624528
133.7 -1.26309 -0.647277
133.8 -1.23055 -0.669466
133.9 -1.19544 -0.691054
134 -1.15718 -0.71199
134.1 -1.11496 -0.732211
134.2 -1.06763 -0.751638
134.3 -1.01352 -0.770165
134.4 -0.950032 -0.787651
134.5 -0.873016 -0.803894
134.6 -0.775341 -0.818598
134.7 -0.643907 -0.831289
134.8 -0.452719 -0.841165
134.9 -0.147029 -0.846737
135 0.378621 -0.845104
135.1 1.17064 -0.831528
135.2 1.78908 -0.804411
135.3 1.96979 -0.770219
135.4 2.0093 -0.734554
135.5 2.01194 -0.698702
135.6 2.0042 -0.66295
135.7 1.99349 -0.627377
135.8 1.98188 -0.592007
135.9 1.96993 -0.556848
136 1.95779 -0.521904
136.1 1.94552 -0.487176
136.2 1.93311 -0.452669
136.3 1.92056 -0.418383
136.4 1.90787 -0.384322
136.5 1.89504 -0.350487
136.6 1.88205 -0.316883
136.7 1.86891 -0.283511
136.8 1.8556 -0.250374
136.9 1.84213 -0.217476
137 1.82848 -0.184819
137.1 1.81464 -0.152406
137.2 1.80061 -0.120242
137.3 1.78638 -0.0883287
137.4 1.77193 -0.0566707
137.5 1.75727 -0.0252715
137.6 1.74238 0.00586461
137.7 1.72724 0.0367336
137.8 1.71184 0.0673309
137.9 1.69617 0.0976519
138 1.68022 0.127692
138.1 1.66396 0.157445
138.2 1.64738 0.186906
138.3 1.63046 0.216069
138.4 1.61317 0.244927
138.5 1.59549 0.273475
138.6 1.5774 0.301704
138.7 1.55884 0.329608
138.8 1.5398 0.357177
138.9 1.52023 0.384402
139 1.50009 0.411274
139.1 1.47931 0.437782
139.2 1.45784 0.463915
139.3 1.4356 0.489658
139.4 1.41251 0.514999
139.5 1.38847 0.53992
139.6 1.36334 0.564404
139.7 1.33699 0.588431
139.8 1.30923 0.611976
139.9 1.27982 0.635013
140 1.24848 0.65751
140.1 1.21482 0.679429
140.2 1.17835 0.700725
140.3 1.1384 0.721343
140.4 1.09401 0.741212
140.5 1.04382 0.760241
140.6 0.985811 0.778312
140.7 0.916781 0.795259
140.8 0.831451 0.810842
140.9 0.720489 0.824697
141 0.566137 0.836229
141.1 0.331976 0.844382
141.2 -0.058379 0.847137
141.3 -0.719862 0.840661
141.4 -1.51512 0.820521
141.5 -1.90435 0.789142
141.6 -1.99594 0.753955
141.7 -2.01276 0.71814
141.8 -2.00903 0.682317
141.9 -1.99949 0.646642
142 -1.98824 0.611161
142.1 -1.97643 0.575887
142.2 -1.96439 0.540825
142.3 -1.95219 0.50598
142.4 -1.93985 0.471353
142.5 -1.92738 0.436946
142.6 -1.91477 0.402763
142.7 -1.90202 0.368805
142.8 -1.88911 0.335076
142.9 -1.87606 0.301578
143 -1.86284 0.268313
143.1 -1.84946 0.235285
143.2 -1.8359 0.202497
143.3 -1.82216 0.169951
143.4 -1.80824 0.137652
143.5 -1.79412 0.105602
143.6 -1.77979 0.0738052
143.7 -1.76525 0.0422652
143.8 -1.75048 0.0109859
143.9 -1.73548 -0.0200285
144 -1.72022 -0.0507737
144.1 -1.7047 -0.0812451
144.2 -1.68891 -0.111438
144.3 -1.67282 -0.141347
144.4 -1.65642 -0.170967
144.5 -1.63968 -0.200293
144.6 -1.6226 -0.229317
144.7 -1.60513 -0.258034
144.8 -1.58726 -0.286437
144.9 -1.56896 -0.314518
145 -1.55019 -0.342269
145.1 -1.53091 -0.369682
145.2 -1.51109 -0.396747
145.3 -1.49066 -0.423454
145.4 -1.46957 -0.449792
145.5 -1.44776 -0.475748
145.6 -1.42515 -0.501309
145.7 -1.40163 -0.52646
145.8 -1.37711 -0.551184
145.9 -1.35144 -0.575461
146 -1.32447 -0.59927
146.1 -1.29598 -0.622586
146.2 -1.26573 -0.64538
146.3 -1.23338 -0.667618
146.4 -1.19851 -0.689258
146.5 -1.16055 -0.710251
146.6 -1.1187 -0.730536
146.7 -1.07186 -0.750033
146.8 -1.0184 -0.768641
146.9 -0.955834 -0.786221
147 -0.880179 -0.802579
147.1 -0.784637 -0.817428
147.2 -0.656801 -0.830314
147.3 -0.472205 -0.840471
147.4 -0.179459 -0.846492
147.5 0.322717 -0.84563
147.6 1.10077 -0.833236
147.7 1.75746 -0.807087
147.8 1.96255 -0.773191
147.9 2.00799 -0.737574
148 2.01228 -0.701721
148.1 2.00501 -0.665957
148.2 1.99444 -0.630368
148.3 1.98287 -0.594981
148.4 1.97094 -0.559804
148.5 1.95882 -0.524841
148.6 1.94656 -0.490095
148.7 1.93416 -0.455569
148.8 1.92162 -0.421264
148.9 1.90895 -0.387184
149 1.89613 -0.353331
149.1 1.88315 -0.319707
149.2 1.87002 -0.286315
149.3 1.85673 -0.253158
149.4 1.84327 -0.22024
149.5 1.82963 -0.187562
149.6 1.81581 -0.155129
149.7 1.8018 -0.122943
149.8 1.78758 -0.0910089
149.9 1.77316 -0.0593292
150 1.75852 -0.0279081
150.1 1.74364 0.0032504
150.2 1.72852 0.0341421
150.3 1.71315 0.0647625
150.4 1.69751 0.0951069
150.5 1.68158 0.125171
150.6 1.66535 0.154948
150.7 1.64879 0.184434
150.8 1.6319 0.213622
150.9 1.61465 0.242507
151 1.597 0.271081
151.1 1.57894 0.299337
151.2 1.56043 0.327268
151.3 1.54143 0.354866
151.4 1.52191 0.382121
151.5 1.50181 0.409023
151.6 1.48109 0.435562
151.7 1.45968 0.461727
151.8 1.43751 0.487504
151.9 1.41449 0.512879
152 1.39053 0.537836
152.1 1.36551 0.562358
152.2 1.33926 0.586424
152.3 1.31163 0.610011
152.4 1.28237 0.633092
152.5 1.2512 0.655635
152.6 1.21776 0.677605
152.7 1.18155 0.698956
152.8 1.14192 0.719633
152.9 1.09795 0.739568
153 1.04832 0.758672
153.1 0.991071 0.77683
153.2 0.923135 0.793879
153.3 0.839463 0.809589
153.4 0.731184 0.823609
153.5 0.581529 0.835368
153.6 0.356298 0.843865
153.7 -0.0165114 0.847192
153.8 -0.652771 0.841693
153.9 -1.45799 0.822752
154 -1.88887 0.792024
154.1 -1.9925 0.756962
154.2 -2.0125 0.721163
154.3 -2.00968 0.685332
154.4 -2.00038 0.649642
154.5 -1.98921 0.614144
154.6 -1.97744 0.578852
154.7 -1.96541 0.543773
154.8 -1.95323 0.508909
154.9 -1.9409 0.474263
155 -1.92844 0.439838
155.1 -1.91584 0.405636
155.2 -1.9031 0.371659
155.3 -1.89021 0.33791
155.4 -1.87716 0.304393
155.5 -1.86396 0.271108
155.6 -1.85059 0.23806
155.7 -1.83705 0.205251
155.8 -1.82333 0.172685
155.9 -1.80942 0.140365
156 -1.79532 0.108294
156.1 -1.78101 0.0764756
156.2 -1.76648 0.0449138
156.3 -1.75174 0.0136124
156.4 -1.73675 -0.0174245
156.5 -1.72152 -0.0481926
156.6 -1.70602 -0.0786872
156.7 -1.69025 -0.108904
156.8 -1.67419 -0.138837
156.9 -1.65781 -0.168482
157 -1.64111 -0.197832
157.1 -1.62405 -0.226882
157.2 -1.60662 -0.255626
157.3 -1.58879 -0.284055
157.4 -1.57052 -0.312164
157.5 -1.55179 -0.339943
157.6 -1.53256 -0.367385
157.7 -1.51278 -0.39448
157.8 -1.49241 -0.421217
157.9 -1.47138 -0.447587
158 -1.44963 -0.473575
158.1 -1.42708 -0.49917
158.2 -1.40365 -0.524356
158.3 -1.37922 -0.549116
158.4 -1.35365 -0.573432
158.5 -1.3268 -0.597282
158.6 -1.29845 -0.620641
158.7 -1.26836 -0.64348
158.8 -1.2362 -0.665766
158.9 -1.20156 -0.687458
159 -1.16388 -0.708508
159.1 -1.1224 -0.728855
159.2 -1.07603 -0.748422
159.3 -1.02321 -0.76711
159.4 -0.961543 -0.784783
159.5 -0.887202 -0.801254
159.6 -0.793709 -0.816244
159.7 -0.669304 -0.829319
159.8 -0.490951 -0.839749
159.9 -0.21042 -0.846199
160 0.269112 -0.846073
160.1 1.03013 -0.834839
160.2 1.72189 -0.809708
160.3 1.95437 -0.776154
160.4 2.00644 -0.740594
160.5 2.01256 -0.704743
160.6 2.00581 -0.668966
160.7 1.99539 -0.633361
160.8 1.98386 -0.597956
160.9 1.97196 -0.562761
161 1.95985 -0.52778
161.1 1.9476 -0.493016
161.2 1.93521 -0.458471
161.3 1.92269 -0.424148
161.4 1.91002 -0.390048
161.5 1.89721 -0.356176
161.6 1.88425 -0.322532
161.7 1.87114 -0.289121
161.8 1.85786 -0.255944
161.9 1.84441 -0.223006
162 1.83079 -0.190308
162.1 1.81698 -0.157854
162.2 1.80299 -0.125647
162.3 1.78879 -0.0936913
162.4 1.77438 -0.06199
162.5 1.75976 -0.0305469
162.6 1.7449 0.000633853
162.7 1.72981 0.0315482
162.8 1.71446 0.0621916
162.9 1.69884 0.0925595
163 1.68293 0.122647
163.1 1.66673 0.152449
163.2 1.6502 0.181959
163.3 1.63334 0.211173
163.4 1.61612 0.240084
163.5 1.5985 0.268684
163.6 1.58048 0.296968
163.7 1.562 0.324926
163.8 1.54305 0.352552
163.9 1.52357 0.379836
164 1.50353 0.406769
164.1 1.48286 0.433339
164.2 1.46151 0.459536
164.3 1.43941 0.485346
164.4 1.41647 0.510756
164.5 1.39259 0.535749
164.6 1.36766 0.560308
164.7 1.34153 0.584413
164.8 1.31401 0.608041
164.9 1.2849 0.631166
165 1.25391 0.653756
165.1 1.22068 0.675776
165.2 1.18473 0.697181
165.3 1.14541 0.717917
165.4 1.10185 0.737918
165.5 1.05276 0.757097
165.6 0.996257 0.775339
165.7 0.929381 0.792489
165.8 0.847306 0.808324
165.9 0.741597 0.822504
166 0.596408 0.834485
166.1 0.379614 0.843313
166.2 0.0234318 0.847186
166.3 -0.587403 0.842625
166.4 -1.39754 0.824896
166.5 -1.87122 0.79488
166.6 -1.98853 0.759964
166.7 -2.0121 0.724186
166.8 -2.01028 0.688347
166.9 -2.00127 0.652643
167 -1.99019 0.617128
167.1 -1.97844 0.581818
167.2 -1.96643 0.546721
167.3 -1.95426 0.511839
167.4 -1.94194 0.477175
167.5 -1.92949 0.442731
167.6 -1.91691 0.40851
167.7 -1.90418 0.374514
167.8 -1.8913 0.340746
167.9 -1.87827 0.307208
168 -1.86508 0.273904
168.1 -1.85172 0.240836
168.2 -1.8382 0.208007
168.3 -1.82449 0.175421
168.4 -1.8106 0.143079
168.5 -1.79651 0.110987
168.6 -1.78222 0.0791474
168.7 -1.76772 0.0475638
168.8 -1.75299 0.0162403
168.9 -1.73802 -0.014819
169 -1.72281 -0.0456099
169.1 -1.70734 -0.0761278
169.2 -1.69159 -0.106368
169.3 -1.67555 -0.136325
169.4 -1.6592 -0.165995
169.5 -1.64253 -0.19537
169.6 -1.6255 -0.224446
169.7 -1.6081 -0.253215
169.8 -1.59031 -0.281671
169.9 -1.57208 -0.309807
170 -1.55339 -0.337615
170.1 -1.5342 -0.365085
170.2 -1.51447 -0.39221
170.3 -1.49415 -0.418978
170.4 -1.47318 -0.445379
170.5 -1.45149 -0.4714
170.6 -1.42902 -0.497029
170.7 -1.40566 -0.52225
170.8 -1.38132 -0.547047
170.9 -1.35586 -0.571401
171 -1.32912 -0.59529
171.1 -1.3009 -0.618691
171.2 -1.27097 -0.641576
171.3 -1.239 -0.66391
171.4 -1.20459 -0.685654
171.5 -1.16719 -0.70676
171.6 -1.12607 -0.727169
171.7 -1.08016 -0.746806
171.8 -1.02796 -0.765572
171.9 -0.967163 -0.783337
172 -0.894091 -0.799918
172.1 -0.802566 -0.815047
172.2 -0.681436 -0.828306
172.3 -0.508998 -0.838999
172.4 -0.239993 -0.845861
172.5 0.21779 -0.846438
172.6 0.959208 -0.836335
172.7 1.68222 -0.812268
172.8 1.9452 -0.779108
172.9 2.00462 -0.743612
173 2.01276 -0.707765
173.1 2.00658 -0.671976
173.2 1.99632 -0.636355
173.3 1.98486 -0.600933
173.4 1.97297 -0.56572
173.5 1.96088 -0.530721
173.6 1.94864 -0.495939
173.7 1.93626 -0.461375
173.8 1.92375 -0.427033
173.9 1.9111 -0.392915
174 1.8983 -0.359023
174.1 1.88535 -0.32536
174.2 1.87225 -0.291929
174.3 1.85899 -0.258733
174.4 1.84555 -0.225774
174.5 1.83195 -0.193055
174.6 1.81816 -0.160581
174.7 1.80418 -0.128353
174.8 1.79 -0.0963759
174.9 1.77561 -0.064653
175 1.761 -0.033188
175.1 1.74617 -0.00198495
175.2 1.73109 0.028952
175.3 1.71576 0.0596185
175.4 1.70016 0.0900098
175.5 1.68428 0.120121
175.6 1.6681 0.149947
175.7 1.65161 0.179483
175.8 1.63478 0.208722
175.9 1.61758 0.237658
176 1.6 0.266285
176.1 1.58201 0.294595
176.2 1.56358 0.322582
176.3 1.54467 0.350236
176.4 1.52524 0.377549
176.5 1.50524 0.404512
176.6 1.48463 0.431113
176.7 1.46334 0.457342
176.8 1.4413 0.483185
176.9 1.41844 0.508629
177 1.39465 0.533658
177.1 1.36981 0.558255
177.2 1.34378 0.582399
177.3 1.31639 0.606068
177.4 1.28743 0.629236
177.5 1.25661 0.651873
177.6 1.22358 0.673942
177.7 1.18788 0.695401
177.8 1.14888 0.716196
177.9 1.10572 0.736262
178 1.05716 0.755514
178.1 1.00137 0.773841
178.2 0.935522 0.79109
178.3 0.854987 0.807047
178.4 0.751739 0.821384
178.5 0.6108 0.833579
178.6 0.401981 0.842726
178.7 0.061535 0.847122
178.8 -0.523963 0.84346
178.9 -1.33416 0.826947
179 -1.85104 0.797705
179.1 -1.98395 0.762961
179.2 -2.01153 0.727208
179.3 -2.01083 0.691364
179.4 -2.00215 0.655645
179.5 -1.99116 0.620113
179.6 -1.97945 0.584786
179.7 -1.96745 0.54967
179.8 -1.95529 0.51477
179.9 -1.94299 0.480087
180 -1.93055 0.445625
180.1 -1.91797 0.411385
180.2 -1.90525 0.37737
180.3 -1.89239 0.343583
180.4 -1.87937 0.310026
180.5 -1.8662 0.276702
180.6 -1.85286 0.243614
180.7 -1.83935 0.210764
180.8 -1.82566 0.178157
180.9 -1.81178 0.145795
181 -1.79771 0.113682
181.1 -1.78343 0.0818207
181.2 -1.76895 0.0502154
181.3 -1.75424 0.0188698
181.4 -1.73929 -0.0122119
181.5 -1.7241 -0.0430256
181.6 -1.70865 -0.0735667
181.7 -1.69293 -0.10383
181.8 -1.67691 -0.133812
181.9 -1.66059 -0.163506
182 -1.64395 -0.192906
182.1 -1.62695 -0.222007
182.2 -1.60958 -0.250803
182.3 -1.59182 -0.279286
182.4 -1.57363 -0.307449
182.5 -1.55498 -0.335284
182.6 -1.53584 -0.362784
182.7 -1.51615 -0.389938
182.8 -1.49588 -0.416736
182.9 -1.47497 -0.443168
183 -1.45335 -0.469222
183.1 -1.43094 -0.494884
183.2 -1.40767 -0.52014
183.3 -1.38341 -0.544974
183.4 -1.35805 -0.569366
183.5 -1.33142 -0.593296
183.6 -1.30334 -0.616739
183.7 -1.27356 -0.639668
183.8 -1.24178 -0.66205
183.9 -1.2076 -0.683845
184 -1.17048 -0.705008
184.1 -1.1297 -0.725478
184.2 -1.08425 -0.745183
184.3 -1.03266 -0.764027
184.4 -0.972697 -0.781883
184.5 -0.900851 -0.798573
184.6 -0.811217 -0.813837
184.7 -0.693214 -0.827275
184.8 -0.526386 -0.838222
184.9 -0.268257 -0.845479
185 0.168715 -0.846727
185.1 0.888482 -0.837724
185.2 1.63842 -0.814762
185.3 1.93493 -0.78205
185.4 2.00251 -0.746629
185.5 2.01288 -0.710788
185.6 2.00733 -0.674988
185.7 1.99726 -0.639351
185.8 1.98584 -0.603912
185.9 1.97398 -0.568681
186 1.9619 -0.533664
186.1 1.94967 -0.498863
186.2 1.93731 -0.464281
186.3 1.92481 -0.42992
186.4 1.91217 -0.395783
186.5 1.89938 -0.361872
186.6 1.88645 -0.32819
186.7 1.87336 -0.294739
186.8 1.86011 -0.261523
186.9 1.84669 -0.228544
187 1.8331 -0.195805
187.1 1.81933 -0.163309
187.2 1.80536 -0.131061
187.3 1.7912 -0.0990625
187.4 1.77683 -0.067318
187.5 1.76224 -0.0358311
187.6 1.74743 -0.00460583
187.7 1.73237 0.0263537
187.8 1.71706 0.0570432
187.9 1.70149 0.0874579
188 1.68563 0.117593
188.1 1.66948 0.147443
188.2 1.65301 0.177004
188.3 1.63621 0.206268
188.4 1.61905 0.23523
188.5 1.6015 0.263883
188.6 1.58355 0.292221
188.7 1.56515 0.320235
188.8 1.54628 0.347917
188.9 1.5269 0.37526
189 1.50695 0.402252
189.1 1.48639 0.428884
189.2 1.46516 0.455145
189.3 1.44319 0.481021
189.4 1.4204 0.506499
189.5 1.39669 0.531564
189.6 1.37194 0.556198
189.7 1.34603 0.580381
189.8 1.31876 0.604091
189.9 1.28994 0.627303
190 1.25928 0.649986
190.1 1.22646 0.672104
190.2 1.191 0.693617
190.3 1.15231 0.71447
190.4 1.10954 0.7346
190.5 1.0615 0.753924
190.6 1.00641 0.772334
190.7 0.94156 0.789682
190.8 0.86251 0.805758
190.9 0.761622 0.820248
191 0.624729 0.832652
191.1 0.42345 0.842107
191.2 0.0978828 0.847002
191.3 -0.46261 0.8442
191.4 -1.2683 0.828903
191.5 -1.82794 0.800494
191.6 -1.97868 0.765951
191.7 -2.01076 0.73023
191.8 -2.01133 0.694381
191.9 -2.003 0.658648
192 -1.99212 0.623099
192.1 -1.98045 0.587754
192.2 -1.96847 0.552621
192.3 -1.95632 0.517702
192.4 -1.94403 0.483001
192.5 -1.9316 0.44852
192.6 -1.91904 0.414262
192.7 -1.90633 0.380228
192.8 -1.89348 0.346421
192.9 -1.88048 0.312845
193 -1.86731 0.279501
193.1 -1.85399 0.246393
193.2 -1.84049 0.213523
193.3 -1.82682 0.180896
193.4 -1.81296 0.148513
193.5 -1.7989 0.116378
193.6 -1.78465 0.0844958
193.7 -1.77018 0.0528688
193.8 -1.75549 0.0215011
193.9 -1.74056 -0.00960301
194 -1.72539 -0.0404394
194.1 -1.70997 -0.0710037
194.2 -1.69427 -0.101291
194.3 -1.67828 -0.131296
194.4 -1.66198 -0.161015
194.5 -1.64536 -0.19044
194.6 -1.6284 -0.219567
194.7 -1.61106 -0.248388
194.8 -1.59333 -0.276898
194.9 -1.57518 -0.305088
195 -1.55657 -0.332952
195.1 -1.53747 -0.360479
195.2 -1.51784 -0.387663
195.3 -1.49762 -0.414492
195.4 -1.47676 -0.440955
195.5 -1.4552 -0.467042
195.6 -1.43286 -0.492737
195.7 -1.40966 -0.518028
195.8 -1.3855 -0.542898
195.9 -1.36023 -0.567328
196 -1.33372 -0.591297
196.1 -1.30577 -0.614783
196.2 -1.27615 -0.637756
196.3 -1.24455 -0.660186
196.4 -1.21058 -0.682032
196.5 -1.17373 -0.70325
196.6 -1.1333 -0.723781
196.7 -1.08829 -0.743554
196.8 -1.03729 -0.762475
196.9 -0.978147 -0.78042
197 -0.907487 -0.797217
197.1 -0.819672 -0.812614
197.2 -0.704657 -0.826227
197.3 -0.543151 -0.83742
197.4 -0.295287 -0.845056
197.5 0.121828 -0.846945
197.6 0.81838 -0.839007
197.7 1.59053 -0.817185
197.8 1.92341 -0.784979
197.9 2.00008 -0.749644
198 2.0129 -0.713811
198.1 2.00805 -0.678002
198.2 1.99818 -0.642349
198.3 1.98683 -0.606892
198.4 1.97499 -0.571644
198.5 1.96293 -0.536608
198.6 1.95071 -0.501789
198.7 1.93836 -0.467188
198.8 1.92587 -0.432809
198.9 1.91324 -0.398653
199 1.90047 -0.364722
199.1 1.88755 -0.331021
199.2 1.87447 -0.297551
199.3 1.86123 -0.264314
199.4 1.84783 -0.231315
199.5 1.83425 -0.198556
199.6 1.82049 -0.16604
199.7 1.80655 -0.13377
199.8 1.7924 -0.101751
199.9 1.77805 -0.0699848
200 1.76348 -0.0384761
