0 2 0
0.1 1.80313 0.0323649
0.2 1.73764 0.062927
0.3 1.7063 0.092737
0.4 1.68538 0.122117
0.5 1.66769 0.151171
0.6 1.65091 0.179927
0.7 1.63423 0.208395
0.8 1.61736 0.236572
0.9 1.60018 0.264454
1 1.58263 0.292036
1.1 1.56467 0.319309
1.2 1.54625 0.346268
1.3 1.52734 0.372903
1.4 1.5079 0.399206
1.5 1.48788 0.425167
1.6 1.46721 0.450775
1.7 1.44585 0.47602
1.8 1.4237 0.500887
1.9 1.40069 0.525363
2 1.3767 0.549432
2.1 1.35161 0.573076
2.2 1.32525 0.596275
2.3 1.29745 0.619004
2.4 1.26794 0.641237
2.5 1.23643 0.662942
2.6 1.20249 0.68408
2.7 1.16561 0.704606
2.8 1.12503 0.724462
2.9 1.07971 0.743575
3 1.02814 0.761851
3.1 0.968 0.779163
3.2 0.895599 0.795333
3.3 0.804676 0.8101
3.4 0.683849 0.823055
3.5 0.510712 0.833507
3.6 0.237816 0.840195
3.7 -0.233151 0.840626
3.8 -0.999434 0.8303
3.9 -1.71542 0.806136
4 -1.95176 0.773471
4.1 -2.00468 0.738845
4.2 -2.01158 0.70394
4.3 -2.00537 0.669102
4.4 -1.99534 0.634426
4.5 -1.98416 0.599939
4.6 -1.97257 0.565651
4.7 -1.96078 0.531566
4.8 -1.94886 0.497687
4.9 -1.93681 0.464015
5 -1.92462 0.430553
5.1 -1.91231 0.397304
5.2 -1.89985 0.364269
5.3 -1.88726 0.331452
5.4 -1.87451 0.298854
5.5 -1.86162 0.266478
5.6 -1.84856 0.234327
5.7 -1.83535 0.202403
5.8 -1.82195 0.170711
5.9 -1.80838 0.139251
6 -1.79463 0.108029
6.1 -1.78068 0.0770467
6.2 -1.76652 0.046308
6.3 -1.75215 0.0158164
6.4 -1.73755 -0.0144241
6.5 -1.72272 -0.0444096
6.6 -1.70764 -0.074136
6.7 -1.6923 -0.103599
6.8 -1.67668 -0.132793
6.9 -1.66077 -0.161714
7 -1.64454 -0.190357
7.1 -1.62799 -0.218716
7.2 -1.61108 -0.246785
7.3 -1.5938 -0.274558
7.4 -1.57612 -0.302027
7.5 -1.558 -0.329187
7.6 -1.53941 -0.356028
7.7 -1.52031 -0.382543
7.8 -1.50066 -0.408722
7.9 -1.48041 -0.434556
8 -1.4595 -0.460033
8.1 -1.43786 -0.485141
8.2 -1.41541 -0.509867
8.3 -1.39205 -0.534197
8.4 -1.36768 -0.558113
8.5 -1.34214 -0.581597
8.6 -1.31528 -0.604627
8.7 -1.28689 -0.627179
8.8 -1.25669 -0.649223
8.9 -1.22435 -0.670726
9 -1.18941 -0.691646
9.1 -1.15127 -0.711935
9.2 -1.1091 -0.731529
9.3 -1.06171 -0.750349
9.4 -1.00734 -0.76829
9.5 -0.943251 -0.785209
9.6 -0.865008 -0.800904
9.7 -0.76489 -0.815067
9.8 -0.628459 -0.82721
9.9 -0.426453 -0.83648
10 -0.0960581 -0.841268
10.1 0.480535 -0.838391
10.2 1.30571 -0.822978
10.3 1.84597 -0.794748
10.4 1.98125 -0.760922
10.5 2.01005 -0.726114
10.6 2.01014 -0.691213
10.7 2.00195 -0.656428
10.8 1.99134 -0.621819
10.9 1.97996 -0.587404
11 1.96829 -0.55319
11.1 1.95645 -0.51918
11.2 1.94448 -0.485376
11.3 1.93237 -0.45178
11.4 1.92014 -0.418396
11.5 1.90778 -0.385225
11.6 1.89527 -0.352269
11.7 1.88262 -0.319531
11.8 1.86983 -0.287014
11.9 1.85687 -0.25472
12 1.84376 -0.222651
12.1 1.83048 -0.190812
12.2 1.81702 -0.159204
12.3 1.80339 -0.127831
12.4 1.78956 -0.0966955
12.5 1.77553 -0.0658017
12.6 1.7613 -0.0351528
12.7 1.74685 -0.00475242
12.8 1.73217 0.0253955
12.9 1.71725 0.055287
13 1.70207 0.0849177
13.1 1.68663 0.114283
13.2 1.67091 0.143378
13.3 1.65488 0.172199
13.4 1.63854 0.200739
13.5 1.62186 0.228992
13.6 1.60482 0.256954
13.7 1.5874 0.284617
13.8 1.56956 0.311974
13.9 1.55127 0.339018
14 1.5325 0.365742
14.1 1.51321 0.392135
14.2 1.49335 0.418189
14.3 1.47286 0.443894
14.4 1.45169 0.469238
14.5 1.42977 0.494209
14.6 1.407 0.518792
14.7 1.38328 0.542973
14.8 1.3585 0.566733
14.9 1.33251 0.590054
15 1.30511 0.612913
15.1 1.27609 0.635283
15.2 1.24516 0.657134
15.3 1.21192 0.67843
15.4 1.1759 0.699126
15.5 1.1364 0.719169
15.6 1.09249 0.738491
15.7 1.0428 0.757004
15.8 0.985263 0.774591
15.9 0.916654 0.791091
16 0.831574 0.80627
16.1 0.720411 0.819767
16.2 0.564655 0.830988
16.3 0.325754 0.83887
16.4 -0.0784934 0.841345
16.5 -0.769166 0.834449
16.6 -1.56811 0.81385
16.7 -1.91826 0.782652
16.8 -1.99757 0.74826
16.9 -2.01175 0.713375
17 -2.00764 0.678504
17.1 -1.99822 0.64378
17.2 -1.98723 0.609241
17.3 -1.97572 0.574899
17.4 -1.96398 0.540759
17.5 -1.9521 0.506823
17.6 -1.94008 0.473095
17.7 -1.92793 0.439577
17.8 -1.91565 0.40627
17.9 -1.90323 0.373177
18 -1.89067 0.3403
18.1 -1.87797 0.307643
18.2 -1.86512 0.275206
18.3 -1.85211 0.242994
18.4 -1.83893 0.211009
18.5 -1.82559 0.179254
18.6 -1.81207 0.147731
18.7 -1.79836 0.116444
18.8 -1.78447 0.0853969
18.9 -1.77037 0.054592
19 -1.75605 0.0240333
19.1 -1.74152 -0.00627546
19.2 -1.72675 -0.0363303
19.3 -1.71174 -0.0661271
19.4 -1.69647 -0.0956616
19.5 -1.68093 -0.124929
19.6 -1.6651 -0.153925
19.7 -1.64896 -0.182643
19.8 -1.6325 -0.211079
19.9 -1.61569 -0.239227
20 -1.59851 -0.267081
20.1 -1.58094 -0.294633
20.2 -1.56294 -0.321877
20.3 -1.54448 -0.348805
20.4 -1.52552 -0.375409
20.5 -1.50603 -0.40168
20.6 -1.48595 -0.427608
20.7 -1.46522 -0.453183
20.8 -1.44378 -0.478392
20.9 -1.42156 -0.503223
21 -1.39846 -0.527661
21.1 -1.37437 -0.551691
21.2 -1.34917 -0.575293
21.3 -1.32269 -0.598448
21.4 -1.29473 -0.621132
21.5 -1.26505 -0.643317
21.6 -1.23332 -0.66497
21.7 -1.19914 -0.686052
21.8 -1.16194 -0.706517
21.9 -1.12096 -0.726305
22 -1.07512 -0.745344
22.1 -1.02285 -0.763534
22.2 -0.96174 -0.780747
22.3 -0.887909 -0.796797
22.4 -0.794754 -0.811413
22.5 -0.670182 -0.824166
22.6 -0.490204 -0.834329
22.7 -0.203771 -0.840558
22.8 0.293049 -0.840194
22.9 1.08081 -0.828587
23 1.75653 -0.803274
23.1 1.96097 -0.770227
23.2 2.0065 -0.735541
23.3 2.01133 -0.700633
23.4 2.00452 -0.665809
23.5 1.99431 -0.63115
23.6 1.98307 -0.596681
23.7 1.97146 -0.562412
23.8 1.95966 -0.528347
23.9 1.94772 -0.494487
24 1.93566 -0.460835
24.1 1.92346 -0.427393
24.2 1.91113 -0.394164
24.3 1.89866 -0.36115
24.4 1.88606 -0.328353
24.5 1.8733 -0.295776
24.6 1.86039 -0.263421
24.7 1.84732 -0.231292
24.8 1.83408 -0.19939
24.9 1.82068 -0.167719
25 1.80709 -0.136282
25.1 1.79331 -0.105083
25.2 1.77934 -0.0741233
25.3 1.76517 -0.0434079
25.4 1.75077 -0.01294
25.5 1.73616 0.0172765
25.6 1.7213 0.0472377
25.7 1.7062 0.0769393
25.8 1.69083 0.106377
25.9 1.67518 0.135546
26 1.65924 0.164441
26.1 1.64299 0.193057
26.2 1.6264 0.221388
26.3 1.60946 0.24943
26.4 1.59214 0.277174
26.5 1.57442 0.304614
26.6 1.55625 0.331744
26.7 1.53762 0.358555
26.8 1.51847 0.385038
26.9 1.49877 0.411185
27 1.47846 0.436986
27.1 1.45748 0.462428
27.2 1.43577 0.487501
27.3 1.41324 0.51219
27.4 1.38979 0.536481
27.5 1.36531 0.560357
27.6 1.33966 0.583799
27.7 1.31266 0.606785
27.8 1.28411 0.62929
27.9 1.25372 0.651284
28 1.22115 0.672734
28.1 1.18594 0.693597
28.2 1.14746 0.713822
28.3 1.10486 0.733347
28.4 1.05689 0.752088
28.5 1.00173 0.76994
28.6 0.936533 0.786753
28.7 0.85662 0.802317
28.8 0.753829 0.816314
28.9 0.612779 0.828229
29 0.402058 0.837161
29.1 0.054189 0.841392
29.2 -0.551915 0.837542
29.3 -1.37964 0.820769
29.4 -1.86902 0.791658
29.5 -1.98651 0.757644
29.6 -2.01078 0.722808
29.7 -2.00957 0.687913
29.8 -2.00101 0.653143
29.9 -1.99028 0.618552
30 -1.97886 0.584156
30.1 -1.96717 0.549961
30.2 -1.95532 0.51597
30.3 -1.94334 0.482186
30.4 -1.93122 0.44861
30.5 -1.91898 0.415246
30.6 -1.9066 0.382095
30.7 -1.89408 0.34916
30.8 -1.88142 0.316443
30.9 -1.86861 0.283946
31 -1.85564 0.251673
31.1 -1.84251 0.219627
31.2 -1.82921 0.187809
31.3 -1.81574 0.156223
31.4 -1.80209 0.124872
31.5 -1.78824 0.0937599
31.6 -1.7742 0.0628891
31.7 -1.75994 0.0322636
31.8 -1.74547 0.00188694
31.9 -1.73077 -0.0282369
32 -1.71582 -0.0581039
32.1 -1.70062 -0.0877096
32.2 -1.68516 -0.11705
32.3 -1.6694 -0.146119
32.4 -1.65335 -0.174913
32.5 -1.63698 -0.203426
32.6 -1.62027 -0.231652
32.7 -1.60319 -0.259586
32.8 -1.58573 -0.28722
32.9 -1.56784 -0.314548
33 -1.54951 -0.341563
33.1 -1.5307 -0.368255
33.2 -1.51135 -0.394617
33.3 -1.49143 -0.420639
33.4 -1.47089 -0.44631
33.5 -1.44965 -0.471619
33.6 -1.42765 -0.496553
33.7 -1.40479 -0.521099
33.8 -1.38098 -0.545241
33.9 -1.35609 -0.568961
34 -1.32998 -0.592239
34.1 -1.30244 -0.615053
34.2 -1.27325 -0.637375
34.3 -1.24211 -0.659175
34.4 -1.20864 -0.680416
34.5 -1.17232 -0.701053
34.6 -1.13245 -0.72103
34.7 -1.08806 -0.74028
34.8 -1.03773 -0.758711
34.9 -0.979306 -0.776203
35 -0.909414 -0.79259
35.1 -0.822368 -0.807627
35.2 -0.707976 -0.820939
35.3 -0.546461 -0.8319
35.4 -0.296367 -0.839381
35.5 0.130073 -0.841175
35.6 0.849023 -0.833118
35.7 1.62479 -0.811228
35.8 1.93138 -0.779448
35.9 2.00042 -0.744962
36 2.01179 -0.710067
36.1 2.00687 -0.675207
36.2 1.99722 -0.640499
36.3 1.98616 -0.605978
36.4 1.97462 -0.571655
36.5 1.96286 -0.537534
36.6 1.95096 -0.503618
36.7 1.93893 -0.46991
36.8 1.92677 -0.436411
36.9 1.91448 -0.403125
37 1.90205 -0.370052
37.1 1.88948 -0.337196
37.2 1.87676 -0.304559
37.3 1.86389 -0.272144
37.4 1.85087 -0.239954
37.5 1.83768 -0.20799
37.6 1.82432 -0.176257
37.7 1.81078 -0.144756
37.8 1.79706 -0.113492
37.9 1.78314 -0.0824674
38 1.76902 -0.0516857
38.1 1.75469 -0.0211505
38.2 1.74013 0.00913435
38.3 1.72534 0.0391649
38.4 1.71031 0.0689371
38.5 1.69501 0.0984464
38.6 1.67944 0.127688
38.7 1.66358 0.156658
38.8 1.64742 0.18535
38.9 1.63092 0.213759
39 1.61408 0.241879
39.1 1.59686 0.269704
39.2 1.57925 0.297228
39.3 1.56121 0.324442
39.4 1.5427 0.35134
39.5 1.5237 0.377913
39.6 1.50415 0.404152
39.7 1.48401 0.430047
39.8 1.46322 0.455587
39.9 1.44171 0.480761
40 1.41941 0.505556
40.1 1.39622 0.529956
40.2 1.37203 0.553946
40.3 1.34672 0.577507
40.4 1.3201 0.600619
40.5 1.29199 0.623256
40.6 1.26213 0.645392
40.7 1.2302 0.666992
40.8 1.19575 0.688019
40.9 1.15823 0.708422
41 1.11684 0.728143
41.1 1.07048 0.747105
41.2 1.01749 0.76521
41.3 0.955367 0.782321
41.4 0.880046 0.798249
41.5 0.784554 0.81271
41.6 0.656032 0.825255
41.7 0.468776 0.835117
41.8 0.167868 0.840864
41.9 -0.35599 0.839662
42 -1.16136 0.826741
42.1 -1.79234 0.80034
42.2 -1.96905 0.766972
42.3 -2.00801 0.732236
42.4 -2.01099 0.697329
42.5 -2.00364 0.662517
42.6 -1.99327 0.627876
42.7 -1.98198 0.593426
42.8 -1.97035 0.559176
42.9 -1.95854 0.52513
43 -1.94659 0.49129
43.1 -1.93451 0.457658
43.2 -1.9223 0.424236
43.3 -1.90996 0.391027
43.4 -1.89748 0.358034
43.5 -1.88485 0.325257
43.6 -1.87208 0.292701
43.7 -1.85916 0.260368
43.8 -1.84607 0.22826
43.9 -1.83282 0.19638
44 -1.8194 0.164731
44.1 -1.80579 0.133316
44.2 -1.792 0.102139
44.3 -1.77801 0.0712029
44.4 -1.76381 0.0405107
44.5 -1.7494 0.0100665
44.6 -1.73476 -0.020126
44.7 -1.71988 -0.0500628
44.8 -1.70475 -0.0797395
44.9 -1.68936 -0.109152
45 -1.67369 -0.138295
45.1 -1.65772 -0.167164
45.2 -1.64143 -0.195753
45.3 -1.62481 -0.224058
45.4 -1.60784 -0.252071
45.5 -1.59048 -0.279787
45.6 -1.57272 -0.307198
45.7 -1.55451 -0.334298
45.8 -1.53583 -0.361078
45.9 -1.51663 -0.38753
46 -1.49687 -0.413645
46.1 -1.4765 -0.439411
46.2 -1.45546 -0.464819
46.3 -1.43367 -0.489856
46.4 -1.41105 -0.514509
46.5 -1.38751 -0.538761
46.6 -1.36293 -0.562597
46.7 -1.33716 -0.585997
46.8 -1.31003 -0.608938
46.9 -1.28131 -0.631396
47 -1.25074 -0.65334
47.1 -1.21794 -0.674736
47.2 -1.18245 -0.695541
47.3 -1.14362 -0.715703
47.4 -1.10057 -0.735157
47.5 -1.05201 -0.75382
47.6 -0.996043 -0.77158
47.7 -0.929687 -0.788285
47.8 -0.848033 -0.803717
47.9 -0.742439 -0.817543
48 -0.596503 -0.829222
48.1 -0.37649 -0.837801
48.2 -0.00998522 -0.841446
48.3 0.625965 -0.836573
48.4 1.44985 -0.818443
48.5 1.88871 -0.788528
48.6 1.99098 -0.754359
48.7 2.01129 -0.719501
48.8 2.00894 -0.684613
48.9 2.00005 -0.649859
49 1.98922 -0.615286
49.1 1.97776 -0.580909
49.2 1.96606 -0.546733
49.3 1.95419 -0.512762
49.4 1.94219 -0.478997
49.5 1.93007 -0.445442
49.6 1.91781 -0.412098
49.7 1.90542 -0.378967
49.8 1.89289 -0.346052
49.9 1.88021 -0.313356
50 1.86739 -0.280881
50.1 1.8544 -0.248629
50.2 1.84126 -0.216604
50.3 1.82794 -0.184808
50.4 1.81446 -0.153244
50.5 1.80078 -0.121916
50.6 1.78692 -0.0908263
50.7 1.77285 -0.0599786
50.8 1.75858 -0.0293764
50.9 1.74409 0.000976475
51 1.72936 0.0310762
51.1 1.71439 0.0609186
51.2 1.69917 0.0904994
51.3 1.68368 0.119814
51.4 1.6679 0.148858
51.5 1.65181 0.177625
51.6 1.63541 0.206111
51.7 1.61867 0.23431
51.8 1.60155 0.262216
51.9 1.58405 0.289821
52 1.56613 0.31712
52.1 1.54775 0.344104
52.2 1.52889 0.370766
52.3 1.50949 0.397096
52.4 1.48952 0.423085
52.5 1.46891 0.448722
52.6 1.4476 0.473996
52.7 1.42552 0.498894
52.8 1.40258 0.523403
52.9 1.37868 0.547505
53 1.35368 0.571184
53.1 1.32743 0.59442
53.2 1.29975 0.617188
53.3 1.27039 0.639462
53.4 1.23905 0.661211
53.5 1.20533 0.682397
53.6 1.16871 0.702974
53.7 1.12846 0.722886
53.8 1.08358 0.742062
53.9 1.03258 0.76041
54 0.973246 0.777805
54.1 0.902022 0.794076
54.2 0.812923 0.808969
54.3 0.695134 0.82209
54.4 0.527505 0.832781
54.5 0.26545 0.839842
54.6 -0.184481 0.840917
54.7 -0.930004 0.831654
54.8 -1.67607 0.808515
54.9 -1.94296 0.776227
55 -2.00287 0.74166
55.1 -2.01172 0.706758
55.2 -2.00607 0.67191
55.3 -1.99621 0.637219
55.4 -1.98508 0.602717
55.5 -1.97351 0.568413
55.6 -1.96174 0.534311
55.7 -1.94983 0.500415
55.8 -1.93778 0.466726
55.9 -1.92561 0.433248
56 -1.9133 0.399981
56.1 -1.90086 0.366929
56.2 -1.88828 0.334094
56.3 -1.87555 0.301478
56.4 -1.86267 0.269084
56.5 -1.84962 0.236915
56.6 -1.83642 0.204973
56.7 -1.82304 0.173261
56.8 -1.80949 0.141783
56.9 -1.79575 0.110541
57 -1.78181 0.0795397
57.1 -1.76767 0.0487812
57.2 -1.75332 0.0182695
57.3 -1.73874 -0.0119914
57.4 -1.72393 -0.0419977
57.5 -1.70887 -0.0717451
57.6 -1.69355 -0.101229
57.7 -1.67795 -0.130446
57.8 -1.66206 -0.159389
57.9 -1.64587 -0.188055
58 -1.62934 -0.216437
58.1 -1.61246 -0.244529
58.2 -1.59521 -0.272326
58.3 -1.57756 -0.29982
58.4 -1.55948 -0.327005
58.5 -1.54093 -0.353873
58.6 -1.52187 -0.380414
58.7 -1.50227 -0.406621
58.8 -1.48207 -0.432483
58.9 -1.46122 -0.457989
59 -1.43964 -0.483127
59.1 -1.41725 -0.507885
59.2 -1.39397 -0.532247
59.3 -1.36969 -0.556198
59.4 -1.34425 -0.579717
59.5 -1.31751 -0.602785
59.6 -1.28924 -0.625376
59.7 -1.2592 -0.647462
59.8 -1.22705 -0.66901
59.9 -1.19234 -0.68998
60 -1.15449 -0.710321
60.1 -1.11268 -0.729974
60.2 -1.06577 -0.74886
60.3 -1.01204 -0.766877
60.4 -0.948877 -0.783885
60.5 -0.872005 -0.799688
60.6 -0.774066 -0.81399
60.7 -0.641373 -0.826321
60.8 -0.446368 -0.835869
60.9 -0.129988 -0.841109
61 0.421967 -0.839023
61.1 1.2403 -0.824763
61.2 1.82321 -0.797344
61.3 1.97606 -0.763709
61.4 2.00923 -0.72893
61.5 2.01057 -0.694026
61.6 2.00274 -0.659229
61.7 1.99223 -0.624604
61.8 1.98089 -0.590174
61.9 1.96924 -0.555943
62 1.95741 -0.521916
62.1 1.94545 -0.488095
62.2 1.93336 -0.454483
62.3 1.92113 -0.421082
62.4 1.90878 -0.387893
62.5 1.89629 -0.35492
62.6 1.88365 -0.322164
62.7 1.87086 -0.289629
62.8 1.85792 -0.257317
62.9 1.84482 -0.22523
63 1.83156 -0.193372
63.1 1.81812 -0.161746
63.2 1.80449 -0.130353
63.3 1.79068 -0.0991989
63.4 1.77667 -0.0682854
63.5 1.76246 -0.0376166
63.6 1.74802 -0.00719604
63.7 1.73336 0.0229724
63.8 1.71846 0.0528847
63.9 1.70331 0.0825366
64 1.68789 0.111924
64.1 1.67219 0.141041
64.2 1.65619 0.169884
64.3 1.63987 0.198446
64.4 1.62322 0.226723
64.5 1.60621 0.254709
64.6 1.58882 0.282396
64.7 1.57101 0.309778
64.8 1.55276 0.336848
64.9 1.53403 0.363598
65 1.51478 0.390018
65.1 1.49497 0.4161
65.2 1.47454 0.441833
65.3 1.45343 0.467207
65.4 1.43156 0.492208
65.5 1.40887 0.516823
65.6 1.38523 0.541037
65.7 1.36054 0.564832
65.8 1.33465 0.58819
65.9 1.30738 0.611086
66 1.2785 0.633497
66.1 1.24773 0.655391
66.2 1.2147 0.676733
66.3 1.17893 0.697479
66.4 1.13974 0.717577
66.5 1.09623 0.73696
66.6 1.04706 0.755542
66.7 0.990263 0.77321
66.8 0.922709 0.789805
66.9 0.839238 0.805102
67 0.730701 0.818752
67.1 0.579593 0.830188
67.2 0.349666 0.838397
67.3 -0.0366836 0.841425
67.4 -0.702409 0.835481
67.5 -1.51575 0.816007
67.6 -1.90563 0.785367
67.7 -1.99478 0.751068
67.8 -2.01161 0.716194
67.9 -2.00826 0.681315
68 -1.99907 0.646577
68.1 -1.98815 0.612022
68.2 -1.97666 0.577664
68.3 -1.96494 0.543507
68.4 -1.95306 0.509555
68.5 -1.94105 0.47581
68.6 -1.92891 0.442275
68.7 -1.91664 0.40895
68.8 -1.90424 0.37584
68.9 -1.89169 0.342946
69 -1.879 0.310271
69.1 -1.86616 0.277816
69.2 -1.85316 0.245586
69.3 -1.84 0.213583
69.4 -1.82667 0.181809
69.5 -1.81317 0.150267
69.6 -1.79948 0.118961
69.7 -1.7856 0.0878942
69.8 -1.77151 0.0570696
69.9 -1.75722 0.0264909
70 -1.7427 -0.0038382
70.1 -1.72795 -0.0339137
70.2 -1.71296 -0.0637315
70.3 -1.69771 -0.0932873
70.4 -1.68219 -0.122576
70.5 -1.66639 -0.151594
70.6 -1.65028 -0.180335
70.7 -1.63384 -0.208795
70.8 -1.61706 -0.236966
70.9 -1.59991 -0.264843
71 -1.58237 -0.29242
71.1 -1.56441 -0.319689
71.2 -1.54599 -0.346643
71.3 -1.52707 -0.373274
71.4 -1.50762 -0.399572
71.5 -1.48759 -0.425528
71.6 -1.46692 -0.451131
71.7 -1.44554 -0.476371
71.8 -1.42339 -0.501233
71.9 -1.40036 -0.525703
72 -1.37636 -0.549767
72.1 -1.35125 -0.573404
72.2 -1.32488 -0.596596
72.3 -1.29705 -0.619319
72.4 -1.26751 -0.641545
72.5 -1.23597 -0.663242
72.6 -1.202 -0.684372
72.7 -1.16507 -0.704889
72.8 -1.12443 -0.724735
72.9 -1.07904 -0.743837
73 -1.02736 -0.7621
73.1 -0.967081 -0.779398
73.2 -0.894472 -0.795551
73.3 -0.803226 -0.810295
73.4 -0.681857 -0.82322
73.5 -0.507735 -0.833631
73.6 -0.232893 -0.840252
73.7 0.24182 -0.840568
73.8 1.01149 -0.830055
73.9 1.72184 -0.805718
74 1.9532 -0.772992
74.1 2.00497 -0.738356
74.2 2.01155 -0.703451
74.3 2.00524 -0.668615
74.4 1.99519 -0.633941
74.5 1.98399 -0.599457
74.6 1.9724 -0.565172
74.7 1.96062 -0.53109
74.8 1.94869 -0.497213
74.9 1.93664 -0.463544
75 1.92445 -0.430086
75.1 1.91213 -0.396839
75.2 1.89968 -0.363808
75.3 1.88708 -0.330993
75.4 1.87433 -0.298398
75.5 1.86144 -0.266025
75.6 1.84838 -0.233878
75.7 1.83516 -0.201957
75.8 1.82177 -0.170268
75.9 1.80819 -0.138812
76 1.79443 -0.107593
76.1 1.78048 -0.0766141
76.2 1.76632 -0.0458788
76.3 1.75194 -0.0153908
76.4 1.73735 0.0148462
76.5 1.72251 0.0448281
76.6 1.70743 0.0745508
76.7 1.69208 0.10401
76.8 1.67646 0.1332
76.9 1.66054 0.162118
77 1.64431 0.190757
77.1 1.62776 0.219112
77.2 1.61085 0.247176
77.3 1.59356 0.274945
77.4 1.57586 0.30241
77.5 1.55774 0.329565
77.6 1.53914 0.356402
77.7 1.52004 0.382912
77.8 1.50038 0.409087
77.9 1.48012 0.434915
78 1.4592 0.460387
78.1 1.43755 0.48549
78.2 1.41509 0.510211
78.3 1.39172 0.534535
78.4 1.36733 0.558445
78.5 1.34178 0.581923
78.6 1.3149 0.604947
78.7 1.28648 0.627491
78.8 1.25625 0.649528
78.9 1.22387 0.671023
79 1.1889 0.691935
79.1 1.15071 0.712214
79.2 1.10848 0.731798
79.3 1.061 0.750606
79.4 1.00651 0.768534
79.5 0.942265 0.785438
79.6 0.86378 0.801114
79.7 0.763274 0.815253
79.8 0.626176 0.827362
79.9 0.422916 0.836583
80 0.0900073 0.841291
80.1 -0.490916 0.838272
80.2 -1.31685 0.822658
80.3 -1.84961 0.794294
80.4 -1.98209 0.760437
80.5 -2.01018 0.725625
80.6 -2.01006 0.690724
80.7 -2.00181 0.655942
80.8 -1.99118 0.621336
80.9 -1.9798 0.586924
81 -1.96812 0.552712
81.1 -1.95628 0.518705
81.2 -1.94431 0.484904
81.3 -1.9322 0.451311
81.4 -1.91997 0.41793
81.5 -1.9076 0.384762
81.6 -1.8951 0.351809
81.7 -1.88245 0.319074
81.8 -1.86965 0.28656
81.9 -1.85669 0.254269
82 -1.84358 0.222204
82.1 -1.83029 0.190367
82.2 -1.81683 0.158763
82.3 -1.80319 0.127393
82.4 -1.78936 0.0962612
82.5 -1.77534 0.0653708
82.6 -1.7611 0.0347253
82.7 -1.74664 0.00432843
82.8 -1.73196 -0.025816
82.9 -1.71704 -0.0557038
83 -1.70186 -0.0853308
83.1 -1.68641 -0.114692
83.2 -1.67069 -0.143784
83.3 -1.65466 -0.1726
83.4 -1.63831 -0.201136
83.5 -1.62163 -0.229386
83.6 -1.60458 -0.257343
83.7 -1.58715 -0.285002
83.8 -1.5693 -0.312355
83.9 -1.55101 -0.339395
84 -1.53223 -0.366114
84.1 -1.51293 -0.392502
84.2 -1.49306 -0.418552
84.3 -1.47257 -0.444252
84.4 -1.45139 -0.46959
84.5 -1.42945 -0.494556
84.6 -1.40667 -0.519134
84.7 -1.38294 -0.543309
84.8 -1.35815 -0.567063
84.9 -1.33213 -0.590378
85 -1.30472 -0.61323
85.1 -1.27567 -0.635593
85.2 -1.24471 -0.657436
85.3 -1.21144 -0.678724
85.4 -1.17537 -0.699411
85.5 -1.13582 -0.719445
85.6 -1.09184 -0.738756
85.7 -1.04205 -0.757257
85.8 -0.984388 -0.77483
85.9 -0.915592 -0.791314
86 -0.830227 -0.806472
86.1 -0.718596 -0.819941
86.2 -0.56201 -0.831125
86.3 -0.3215 -0.838948
86.4 0.0859491 -0.841325
86.5 0.780886 -0.834261
86.6 1.57683 -0.813468
86.7 1.92031 -0.78218
86.8 1.99802 -0.747773
86.9 2.01176 -0.712886
87 2.00753 -0.678017
87.1 1.99808 -0.643295
87.2 1.98708 -0.608758
87.3 1.97556 -0.574419
87.4 1.96382 -0.540282
87.5 1.95193 -0.506349
87.6 1.93991 -0.472624
87.7 1.92776 -0.439108
87.8 1.91547 -0.405804
87.9 1.90306 -0.372715
88 1.8905 -0.339841
88.1 1.87779 -0.307187
88.2 1.86494 -0.274753
88.3 1.85193 -0.242544
88.4 1.83875 -0.210562
88.5 1.8254 -0.17881
88.6 1.81188 -0.147291
88.7 1.79817 -0.116008
88.8 1.78427 -0.0849635
88.9 1.77017 -0.054162
89 1.75585 -0.0236068
89.1 1.74131 0.00669843
89.2 1.72654 0.0367497
89.3 1.71153 0.0665429
89.4 1.69626 0.0960736
89.5 1.68071 0.125337
89.6 1.66487 0.154329
89.7 1.64873 0.183044
89.8 1.63227 0.211476
89.9 1.61545 0.23962
90 1.59827 0.267469
90.1 1.58069 0.295017
90.2 1.56268 0.322257
90.3 1.54422 0.34918
90.4 1.52525 0.37578
90.5 1.50575 0.402046
90.6 1.48566 0.427969
90.7 1.46493 0.453538
90.8 1.44348 0.478742
90.9 1.42124 0.503568
91 1.39813 0.528001
91.1 1.37403 0.552024
91.2 1.34881 0.575621
91.3 1.3223 0.59877
91.4 1.29433 0.621446
91.5 1.26462 0.643624
91.6 1.23286 0.665269
91.7 1.19864 0.686343
91.8 1.16139 0.706799
91.9 1.12035 0.726578
92 1.07444 0.745605
92.1 1.02207 0.763783
92.2 0.960805 0.780981
92.3 0.886757 0.797013
92.4 0.793263 0.811606
92.5 0.66812 0.824329
92.6 0.487094 0.834448
92.7 0.19858 0.840607
92.8 -0.302166 0.840122
92.9 -1.09279 0.828322
93 -1.76215 0.802844
93.1 -1.96224 0.769746
93.2 -2.00674 0.735052
93.3 -2.01129 0.700144
93.4 -2.00439 0.665322
93.5 -1.99416 0.630665
93.6 -1.98291 0.5962
93.7 -1.97129 0.561934
93.8 -1.95949 0.527871
93.9 -1.94756 0.494014
94 -1.93549 0.460365
94.1 -1.92329 0.426926
94.2 -1.91096 0.3937
94.3 -1.89849 0.360689
94.4 -1.88588 0.327895
94.5 -1.87312 0.295321
94.6 -1.86021 0.26297
94.7 -1.84713 0.230843
94.8 -1.8339 0.198945
94.9 -1.82049 0.167277
95 -1.8069 0.135844
95.1 -1.79312 0.104647
95.2 -1.77915 0.0736912
95.3 -1.76497 0.0429792
95.4 -1.75057 0.0125148
95.5 -1.73595 -0.0176982
95.6 -1.72109 -0.0476557
95.7 -1.70598 -0.0773536
95.8 -1.69061 -0.106787
95.9 -1.67496 -0.135952
96 -1.65902 -0.164844
96.1 -1.64276 -0.193456
96.2 -1.62617 -0.221783
96.3 -1.60922 -0.24982
96.4 -1.5919 -0.27756
96.5 -1.57417 -0.304997
96.6 -1.556 -0.332122
96.7 -1.53735 -0.358928
96.8 -1.5182 -0.385407
96.9 -1.49849 -0.411549
97 -1.47817 -0.437345
97.1 -1.45718 -0.462782
97.2 -1.43546 -0.487849
97.3 -1.41291 -0.512533
97.4 -1.38945 -0.536819
97.5 -1.36496 -0.560689
97.6 -1.33929 -0.584124
97.7 -1.31227 -0.607104
97.8 -1.2837 -0.629602
97.9 -1.25328 -0.651589
98 -1.22068 -0.673031
98.1 -1.18543 -0.693885
98.2 -1.1469 -0.714101
98.3 -1.10423 -0.733615
98.4 -1.05617 -0.752345
98.5 -1.0009 -0.770183
98.6 -0.935529 -0.78698
98.7 -0.855362 -0.802525
98.8 -0.752166 -0.816497
98.9 -0.61041 -0.828378
99 -0.398352 -0.837258
99.1 -0.047801 -0.841405
99.2 0.562706 -0.837406
99.3 1.39027 -0.820432
99.4 1.87213 -0.791197
99.5 1.98722 -0.757158
99.6 2.01087 -0.722319
99.7 2.00949 -0.687425
99.8 2.00087 -0.652657
99.9 1.99012 -0.618069
100 1.9787 -0.583676
100.1 1.96701 -0.549483
100.2 1.95515 -0.515495
100.3 1.94317 -0.481714
100.4 1.93105 -0.448141
100.5 1.91881 -0.41478
100.6 1.90642 -0.381632
100.7 1.8939 -0.3487
100.8 1.88124 -0.315986
100.9 1.86843 -0.283493
101 1.85546 -0.251223
101.1 1.84233 -0.21918
101.2 1.82903 -0.187365
101.3 1.81555 -0.155782
101.4 1.80189 -0.124435
101.5 1.78804 -0.0933259
101.6 1.774 -0.0624585
101.7 1.75974 -0.0318364
101.8 1.74526 -0.00146329
101.9 1.73056 0.028657
102 1.71561 0.0585203
102.1 1.70041 0.0881224
102.2 1.68494 0.117459
102.3 1.66918 0.146524
102.4 1.65312 0.175314
102.5 1.63675 0.203823
102.6 1.62003 0.232046
102.7 1.60295 0.259975
102.8 1.58548 0.287605
102.9 1.56759 0.314929
103 1.54925 0.341939
103.1 1.53043 0.368627
103.2 1.51108 0.394984
103.3 1.49115 0.421001
103.4 1.47059 0.446667
103.5 1.44935 0.471971
103.6 1.42733 0.4969
103.7 1.40447 0.52144
103.8 1.38064 0.545576
103.9 1.35574 0.56929
104 1.3296 0.592562
104.1 1.30204 0.615369
104.2 1.27283 0.637684
104.3 1.24166 0.659476
104.4 1.20815 0.680709
104.5 1.17179 0.701337
104.6 1.13187 0.721305
104.7 1.0874 0.740544
104.8 1.03697 0.758963
104.9 0.978416 0.776441
105 0.90833 0.79281
105.1 0.820986 0.807826
105.2 0.706103 0.82111
105.3 0.543706 0.832032
105.4 0.291893 0.839452
105.5 -0.13794 0.841142
105.6 -0.860944 0.83291
105.7 -1.63272 0.810832
105.8 -1.93319 0.778972
105.9 -2.0008 0.744473
106 -2.01179 0.709577
106.1 -2.00676 0.674719
106.2 -1.99707 0.640014
106.3 -1.986 0.605496
106.4 -1.97446 0.571175
106.5 -1.9627 0.537057
106.6 -1.95079 0.503144
106.7 -1.93876 0.469439
106.8 -1.9266 0.435943
106.9 -1.9143 0.40266
107 -1.90187 0.36959
107.1 -1.8893 0.336737
107.2 -1.87658 0.304104
107.3 -1.86371 0.271692
107.4 -1.85068 0.239504
107.5 -1.83749 0.207544
107.6 -1.82413 0.175813
107.7 -1.81059 0.144316
107.8 -1.79686 0.113056
107.9 -1.78294 0.0820342
108 -1.76882 0.0512559
108.1 -1.75448 0.0207243
108.2 -1.73993 -0.00955707
108.3 -1.72513 -0.0395841
108.4 -1.71009 -0.0693526
108.5 -1.69479 -0.0988582
108.6 -1.67922 -0.128096
108.7 -1.66336 -0.157062
108.8 -1.64719 -0.18575
108.9 -1.63069 -0.214155
109 -1.61384 -0.242271
109.1 -1.59662 -0.270092
109.2 -1.579 -0.297611
109.3 -1.56095 -0.324822
109.4 -1.54244 -0.351715
109.5 -1.52343 -0.378283
109.6 -1.50387 -0.404517
109.7 -1.48373 -0.430407
109.8 -1.46293 -0.455943
109.9 -1.44141 -0.481111
110 -1.41909 -0.5059
110.1 -1.39589 -0.530295
110.2 -1.37169 -0.554279
110.3 -1.34635 -0.577834
110.4 -1.31972 -0.600939
110.5 -1.29159 -0.62357
110.6 -1.2617 -0.645698
110.7 -1.22973 -0.667291
110.8 -1.19525 -0.688309
110.9 -1.15768 -0.708703
111 -1.11623 -0.728414
111.1 -1.06978 -0.747365
111.2 -1.01669 -0.765457
111.3 -0.954415 -0.782553
111.4 -0.878868 -0.798463
111.5 -0.783022 -0.812901
111.6 -0.653897 -0.825415
111.7 -0.465525 -0.835231
111.8 -0.162393 -0.840904
111.9 0.365558 -0.839574
112 1.17315 -0.826456
112.1 1.79721 -0.799901
112.2 1.97015 -0.76649
112.3 2.00821 -0.731747
112.4 2.01093 -0.69684
112.5 2.00351 -0.662031
112.6 1.99312 -0.627392
112.7 1.98182 -0.592945
112.8 1.97018 -0.558698
112.9 1.95837 -0.524655
113 1.94642 -0.490817
113.1 1.93434 -0.457188
113.2 1.92213 -0.423769
113.3 1.90978 -0.390564
113.4 1.8973 -0.357573
113.5 1.88468 -0.3248
113.6 1.8719 -0.292247
113.7 1.85897 -0.259916
113.8 1.84589 -0.227811
113.9 1.83263 -0.195935
114 1.81921 -0.164289
114.1 1.8056 -0.132878
114.2 1.7918 -0.101704
114.3 1.77781 -0.0707712
114.4 1.76361 -0.0400825
114.5 1.7492 -0.00964174
114.6 1.73455 0.0205472
114.7 1.71967 0.0504804
114.8 1.70454 0.0801534
114.9 1.68914 0.109562
115 1.67347 0.138701
115.1 1.65749 0.167566
115.2 1.6412 0.196152
115.3 1.62458 0.224452
115.4 1.6076 0.252461
115.5 1.59024 0.280173
115.6 1.57246 0.30758
115.7 1.55425 0.334675
115.8 1.53556 0.361451
115.9 1.51636 0.387898
116 1.49659 0.414008
116.1 1.47621 0.43977
116.2 1.45516 0.465173
116.3 1.43336 0.490205
116.4 1.41073 0.514851
116.5 1.38718 0.539098
116.6 1.36258 0.562928
116.7 1.33679 0.586321
116.8 1.30964 0.609256
116.9 1.2809 0.631707
117 1.25029 0.653644
117.1 1.21746 0.675032
117.2 1.18193 0.695828
117.3 1.14305 0.715981
117.4 1.09993 0.735424
117.5 1.05128 0.754075
117.6 0.995194 0.771821
117.7 0.928664 0.788511
117.8 0.846745 0.803923
117.9 0.740725 0.817723
118 0.594042 0.829367
118.1 0.372603 0.837892
118.2 0.00324089 0.841448
118.3 -0.637129 0.83642
118.4 -1.45988 0.81809
118.5 -1.89137 0.788063
118.6 -1.99158 0.753873
118.7 -2.01135 0.719012
118.8 -2.00885 0.684125
118.9 -1.9999 0.649374
119 -1.98906 0.614803
119.1 -1.9776 0.580429
119.2 -1.96589 0.546256
119.3 -1.95402 0.512287
119.4 -1.94203 0.478526
119.5 -1.9299 0.444973
119.6 -1.91764 0.411632
119.7 -1.90525 0.378504
119.8 -1.89271 0.345593
119.9 -1.88003 0.3129
120 -1.8672 0.280427
120.1 -1.85422 0.248179
120.2 -1.84107 0.216157
120.3 -1.82776 0.184364
120.4 -1.81427 0.152804
120.5 -1.80059 0.121479
120.6 -1.78672 0.0903925
120.7 -1.77266 0.0595482
120.8 -1.75838 0.0289495
120.9 -1.74388 -0.00139986
121 -1.72915 -0.031496
121.1 -1.71418 -0.0613347
121.2 -1.69895 -0.0909118
121.3 -1.68346 -0.120223
121.4 -1.66767 -0.149263
121.5 -1.65159 -0.178026
121.6 -1.63518 -0.206508
121.7 -1.61843 -0.234703
121.8 -1.60131 -0.262605
121.9 -1.5838 -0.290206
122 -1.56587 -0.3175
122.1 -1.54749 -0.34448
122.2 -1.52862 -0.371137
122.3 -1.50922 -0.397462
122.4 -1.48923 -0.423446
122.5 -1.46861 -0.449078
122.6 -1.4473 -0.474347
122.7 -1.42521 -0.49924
122.8 -1.40225 -0.523743
122.9 -1.37833 -0.54784
123 -1.35332 -0.571513
123.1 -1.32705 -0.594742
123.2 -1.29935 -0.617503
123.3 -1.26997 -0.63977
123.4 -1.2386 -0.661512
123.5 -1.20484 -0.682689
123.6 -1.16817 -0.703257
123.7 -1.12787 -0.72316
123.8 -1.08291 -0.742325
123.9 -1.03181 -0.76066
124 -0.972341 -0.778041
124.1 -0.900916 -0.794295
124.2 -0.811505 -0.809166
124.3 -0.693198 -0.822259
124.4 -0.524633 -0.832909
124.5 -0.260741 -0.839906
124.6 0.192775 -0.840872
124.7 0.942041 -0.831426
124.8 1.68319 -0.808106
124.9 1.94455 -0.775749
125 2.0032 -0.741171
125.1 2.0117 -0.706269
125.2 2.00595 -0.671423
125.3 1.99606 -0.636734
125.4 1.98492 -0.602234
125.5 1.97335 -0.567933
125.6 1.96158 -0.533834
125.7 1.94966 -0.499941
125.8 1.93761 -0.466256
125.9 1.92544 -0.43278
126 1.91313 -0.399516
126.1 1.90069 -0.366467
126.2 1.8881 -0.333635
126.3 1.87537 -0.301022
126.4 1.86248 -0.268631
126.5 1.84944 -0.236465
126.6 1.83623 -0.204527
126.7 1.82285 -0.172818
126.8 1.8093 -0.141343
126.9 1.79555 -0.110105
127 1.78161 -0.0791068
127.1 1.76747 -0.0483517
127.2 1.75311 -0.0178436
127.3 1.73853 0.0124138
127.4 1.72372 0.0424165
127.5 1.70866 0.0721603
127.6 1.69333 0.101641
127.7 1.67773 0.130853
127.8 1.66184 0.159793
127.9 1.64564 0.188454
128 1.62911 0.216832
128.1 1.61222 0.244921
128.2 1.59497 0.272714
128.3 1.57731 0.300204
128.4 1.55922 0.327384
128.5 1.54066 0.354247
128.6 1.5216 0.380784
128.7 1.50199 0.406986
128.8 1.48178 0.432843
128.9 1.46092 0.458344
129 1.43933 0.483477
129.1 1.41693 0.508229
129.2 1.39364 0.532586
129.3 1.36934 0.55653
129.4 1.34389 0.580044
129.5 1.31712 0.603105
129.6 1.28884 0.625689
129.7 1.25877 0.647768
129.8 1.22658 0.669308
129.9 1.19183 0.690269
130 1.15393 0.710602
130.1 1.11206 0.730244
130.2 1.06507 0.749119
130.3 1.01123 0.767122
130.4 0.947906 0.784116
130.5 0.870801 0.7999
130.6 0.772489 0.814178
130.7 0.63916 0.826477
130.8 0.442966 0.835977
130.9 0.12421 0.84114
131 -0.43198 0.838919
131.1 -1.25179 0.82446
131.2 -1.82738 0.796896
131.3 -1.97701 0.763225
131.4 -2.00939 0.728442
131.5 -2.0105 0.693537
131.6 -2.0026 0.658742
131.7 -1.99207 0.624121
131.8 -1.98073 0.589693
131.9 -1.96907 0.555465
132 -1.95724 0.521441
132.1 -1.94528 0.487623
132.2 -1.93319 0.454014
132.3 -1.92096 0.420615
132.4 -1.90861 0.38743
132.5 -1.89611 0.35446
132.6 -1.88347 0.321707
132.7 -1.87068 0.289175
132.8 -1.85774 0.256866
132.9 -1.84464 0.224783
133 -1.83137 0.192928
133.1 -1.81793 0.161304
133.2 -1.8043 0.129915
133.3 -1.79049 0.0987642
133.4 -1.77648 0.0678542
133.5 -1.76226 0.0371888
133.6 -1.74782 0.00677172
133.7 -1.73315 -0.0233932
133.8 -1.71825 -0.0533019
133.9 -1.70309 -0.0829501
134 -1.68767 -0.112333
134.1 -1.67197 -0.141447
134.2 -1.65596 -0.170286
134.3 -1.63964 -0.198844
134.4 -1.62299 -0.227117
134.5 -1.60597 -0.255099
134.6 -1.58857 -0.282782
134.7 -1.57076 -0.31016
134.8 -1.5525 -0.337225
134.9 -1.53377 -0.36397
135 -1.51451 -0.390386
135.1 -1.49469 -0.416463
135.2 -1.47425 -0.442191
135.3 -1.45313 -0.46756
135.4 -1.43125 -0.492556
135.5 -1.40854 -0.517165
135.6 -1.38489 -0.541373
135.7 -1.36019 -0.565163
135.8 -1.33428 -0.588513
135.9 -1.30699 -0.611404
136 -1.27808 -0.633807
136.1 -1.24729 -0.655694
136.2 -1.21422 -0.677028
136.3 -1.1784 -0.697766
136.4 -1.13916 -0.717854
136.5 -1.09558 -0.737226
136.6 -1.04633 -0.755797
136.7 -0.9894 -0.77345
136.8 -0.921665 -0.790029
136.9 -0.837919 -0.805305
137 -0.728934 -0.818929
137.1 -0.577036 -0.830328
137.2 -0.345587 -0.838481
137.3 0.0438038 -0.841415
137.4 0.713898 -0.835308
137.5 1.52509 -0.815638
137.6 1.90793 -0.784897
137.7 1.99529 -0.750581
137.8 2.01164 -0.715705
137.9 2.00815 -0.680827
138 1.99892 -0.646091
138.1 1.98799 -0.611539
138.2 1.9765 -0.577184
138.3 1.96477 -0.54303
138.4 1.95289 -0.509081
138.5 1.94088 -0.475339
138.6 1.92874 -0.441806
138.7 1.91647 -0.408485
138.8 1.90406 -0.375378
138.9 1.89152 -0.342487
139 1.87882 -0.309814
139.1 1.86598 -0.277363
139.2 1.85298 -0.245136
139.3 1.83982 -0.213136
139.4 1.82649 -0.181365
139.5 1.81298 -0.149827
139.6 1.79929 -0.118524
139.7 1.7854 -0.0874606
139.8 1.77131 -0.0566394
139.9 1.75702 -0.0260642
140 1.7425 0.00426135
140.1 1.72775 0.0343333
140.2 1.71275 0.0641475
140.3 1.6975 0.0936995
140.4 1.68197 0.122985
140.5 1.66616 0.151999
140.6 1.65005 0.180736
140.7 1.63361 0.209191
140.8 1.61682 0.237359
140.9 1.59967 0.265232
141 1.58212 0.292804
141.1 1.56415 0.320069
141.2 1.54573 0.347019
141.3 1.5268 0.373645
141.4 1.50735 0.399938
141.5 1.48731 0.425889
141.6 1.46663 0.451488
141.7 1.44524 0.476722
141.8 1.42307 0.501578
141.9 1.40003 0.526043
142 1.37601 0.550101
142.1 1.35089 0.573732
142.2 1.3245 0.596918
142.3 1.29664 0.619634
142.4 1.26709 0.641853
142.5 1.23551 0.663542
142.6 1.2015 0.684664
142.7 1.16453 0.705172
142.8 1.12383 0.725008
142.9 1.07836 0.744099
143 1.02658 0.76235
143.1 0.96616 0.779633
143.2 0.893342 0.795768
143.3 0.801769 0.81049
143.4 0.679855 0.823386
143.5 0.504738 0.833754
143.6 0.227931 0.840308
143.7 -0.250555 0.840508
143.8 -1.02355 0.829807
143.9 -1.72815 0.805297
144 -1.95461 0.772512
144.1 -2.00525 0.737868
144.2 -2.01152 0.702961
144.3 -2.00512 0.668128
144.4 -1.99504 0.633456
144.5 -1.98383 0.598975
144.6 -1.97224 0.564693
144.7 -1.96045 0.530613
144.8 -1.94852 0.49674
144.9 -1.93647 0.463074
145 -1.92428 0.429618
145.1 -1.91196 0.396375
145.2 -1.8995 0.363346
145.3 -1.8869 0.330535
145.4 -1.87415 0.297943
145.5 -1.86125 0.265573
145.6 -1.8482 0.233429
145.7 -1.83497 0.201512
145.8 -1.82158 0.169825
145.9 -1.808 0.138373
146 -1.79424 0.107157
146.1 -1.78028 0.0761816
146.2 -1.76612 0.0454498
146.3 -1.75174 0.0149652
146.4 -1.73714 -0.0152682
146.5 -1.7223 -0.0452465
146.6 -1.70721 -0.0749655
146.7 -1.69186 -0.104421
146.8 -1.67624 -0.133608
146.9 -1.66032 -0.162521
147 -1.64408 -0.191156
147.1 -1.62752 -0.219507
147.2 -1.61061 -0.247568
147.3 -1.59331 -0.275332
147.4 -1.57561 -0.302793
147.5 -1.55748 -0.329944
147.6 -1.53888 -0.356776
147.7 -1.51977 -0.383282
147.8 -1.5001 -0.409451
147.9 -1.47983 -0.435275
148 -1.4589 -0.460742
148.1 -1.43724 -0.48584
148.2 -1.41477 -0.510555
148.3 -1.39138 -0.534873
148.4 -1.36698 -0.558777
148.5 -1.34141 -0.582249
148.6 -1.31451 -0.605266
148.7 -1.28607 -0.627804
148.8 -1.25581 -0.649833
148.9 -1.2234 -0.671321
149 -1.18838 -0.692224
149.1 -1.15015 -0.712494
149.2 -1.10785 -0.732067
149.3 -1.06029 -0.750864
149.4 -1.00569 -0.768779
149.5 -0.941276 -0.785667
149.6 -0.862547 -0.801323
149.7 -0.761651 -0.815438
149.8 -0.62388 -0.827514
149.9 -0.419354 -0.836686
150 -0.0839079 -0.841312
150.1 0.50136 -0.838152
150.2 1.32792 -0.822337
150.3 1.85318 -0.793839
150.4 1.9829 -0.759953
150.5 2.0103 -0.725136
150.6 2.00998 -0.690236
150.7 2.00167 -0.655456
150.8 1.99102 -0.620852
150.9 1.97963 -0.586443
151 1.96796 -0.552234
151.1 1.95612 -0.51823
151.2 1.94414 -0.484432
151.3 1.93203 -0.450842
151.4 1.9198 -0.417464
151.5 1.90743 -0.384299
151.6 1.89492 -0.351349
151.7 1.88227 -0.318617
151.8 1.86947 -0.286106
151.9 1.85651 -0.253818
152 1.84339 -0.221756
152.1 1.8301 -0.189923
152.2 1.81664 -0.158322
152.3 1.803 -0.126955
152.4 1.78917 -0.0958269
152.5 1.77514 -0.0649399
152.6 1.7609 -0.0342979
152.7 1.74644 -0.0039045
152.8 1.73175 0.0262363
152.9 1.71683 0.0561205
153 1.70164 0.0857438
153.1 1.6862 0.115102
153.2 1.67046 0.144189
153.3 1.65443 0.173002
153.4 1.63808 0.201534
153.5 1.62139 0.22978
153.6 1.60434 0.257733
153.7 1.5869 0.285387
153.8 1.56905 0.312736
153.9 1.55075 0.339771
154 1.53197 0.366486
154.1 1.51266 0.39287
154.2 1.49278 0.418914
154.3 1.47228 0.444609
154.4 1.45109 0.469943
154.5 1.42914 0.494903
154.6 1.40635 0.519475
154.7 1.3826 0.543644
154.8 1.35779 0.567393
154.9 1.33176 0.590701
155 1.30432 0.613546
155.1 1.27525 0.635902
155.2 1.24426 0.657738
155.3 1.21096 0.679018
155.4 1.17484 0.699696
155.5 1.13524 0.71972
155.6 1.09119 0.739021
155.7 1.0413 0.75751
155.8 0.983511 0.775069
155.9 0.914527 0.791536
156 0.828875 0.806673
156.1 0.716773 0.820115
156.2 0.559349 0.831261
156.3 0.317214 0.839026
156.4 -0.0934643 0.841303
156.5 -0.79264 0.834069
156.6 -1.58543 0.813084
156.7 -1.92232 0.781706
156.8 -1.99846 0.747285
156.9 -2.01178 0.712396
157 -2.00741 0.677529
157.1 -1.99793 0.64281
157.2 -1.98692 0.608276
157.3 -1.9754 0.573939
157.4 -1.96365 0.539805
157.5 -1.95176 0.505875
157.6 -1.93974 0.472153
157.7 -1.92759 0.43864
157.8 -1.9153 0.405339
157.9 -1.90288 0.372252
158 -1.89032 0.339382
158.1 -1.87761 0.30673
158.2 -1.86476 0.2743
158.3 -1.85174 0.242095
158.4 -1.83856 0.210116
158.5 -1.82521 0.178367
158.6 -1.81169 0.146851
158.7 -1.79798 0.115571
158.8 -1.78407 0.0845301
158.9 -1.76997 0.0537321
159 -1.75565 0.0231803
159.1 -1.74111 -0.00712136
159.2 -1.72634 -0.037169
159.3 -1.71132 -0.0669586
159.4 -1.69604 -0.0964856
159.5 -1.68049 -0.125746
159.6 -1.66465 -0.154733
159.7 -1.6485 -0.183444
159.8 -1.63203 -0.211872
159.9 -1.61521 -0.240012
160 -1.59802 -0.267857
160.1 -1.58044 -0.295401
160.2 -1.56243 -0.322636
160.3 -1.54395 -0.349555
160.4 -1.52498 -0.37615
160.5 -1.50548 -0.402411
160.6 -1.48538 -0.42833
160.7 -1.46463 -0.453894
160.8 -1.44317 -0.479093
160.9 -1.42093 -0.503913
161 -1.3978 -0.52834
161.1 -1.37368 -0.552358
161.2 -1.34844 -0.575949
161.3 -1.32192 -0.599091
161.4 -1.29392 -0.621761
161.5 -1.26419 -0.643931
161.6 -1.2324 -0.665568
161.7 -1.19814 -0.686634
161.8 -1.16084 -0.707081
161.9 -1.11975 -0.72685
162 -1.07375 -0.745866
162.1 -1.02128 -0.764031
162.2 -0.959867 -0.781214
162.3 -0.885601 -0.797228
162.4 -0.791766 -0.811799
162.5 -0.666048 -0.824491
162.6 -0.483964 -0.834566
162.7 -0.193349 -0.840655
162.8 0.311351 -0.840048
162.9 1.10476 -0.828055
163 1.76766 -0.802413
163.1 1.96348 -0.769265
163.2 2.00698 -0.734563
163.3 2.01124 -0.699656
163.4 2.00426 -0.664835
163.5 1.994 -0.630181
163.6 1.98275 -0.595718
163.7 1.97113 -0.561455
163.8 1.95933 -0.527395
163.9 1.94739 -0.493541
164 1.93532 -0.459895
164.1 1.92312 -0.426459
164.2 1.91078 -0.393236
164.3 1.89831 -0.360228
164.4 1.8857 -0.327437
164.5 1.87294 -0.294866
164.6 1.86002 -0.262518
164.7 1.84695 -0.230395
164.8 1.83371 -0.198499
164.9 1.8203 -0.166835
165 1.80671 -0.135405
165.1 1.79293 -0.104212
165.2 1.77895 -0.0732591
165.3 1.76477 -0.0425505
165.4 1.75037 -0.0120896
165.5 1.73574 0.0181198
165.6 1.72088 0.0480737
165.7 1.70577 0.077768
165.8 1.6904 0.107198
165.9 1.67474 0.136359
166 1.65879 0.165247
166.1 1.64253 0.193855
166.2 1.62593 0.222178
166.3 1.60898 0.250211
166.4 1.59165 0.277947
166.5 1.57391 0.305379
166.6 1.55574 0.3325
166.7 1.53709 0.359302
166.8 1.51793 0.385776
166.9 1.49821 0.411913
167 1.47788 0.437704
167.1 1.45688 0.463136
167.2 1.43515 0.488198
167.3 1.41259 0.512877
167.4 1.38912 0.537156
167.5 1.36461 0.56102
167.6 1.33892 0.58445
167.7 1.31188 0.607422
167.8 1.28328 0.629913
167.9 1.25284 0.651893
168 1.22021 0.673327
168.1 1.18491 0.694173
168.2 1.14633 0.71438
168.3 1.10359 0.733883
168.4 1.05546 0.752601
168.5 1.00006 0.770426
168.6 0.934521 0.787207
168.7 0.8541 0.802733
168.8 0.750495 0.81668
168.9 0.608028 0.828526
169 0.39462 0.837354
169.1 0.0413615 0.841416
169.2 -0.573554 0.837268
169.3 -1.40082 0.820093
169.4 -1.87517 0.790736
169.5 -1.98791 0.756673
169.6 -2.01096 0.72183
169.7 -2.00939 0.686937
169.8 -2.00073 0.652172
169.9 -1.98997 0.617586
170 -1.97854 0.583195
170.1 -1.96684 0.549006
170.2 -1.95499 0.515021
170.3 -1.943 0.481242
170.4 -1.93088 0.447673
170.5 -1.91863 0.414314
170.6 -1.90625 0.381169
170.7 -1.89373 0.34824
170.8 -1.88106 0.315529
170.9 -1.86825 0.283039
171 -1.85527 0.250773
171.1 -1.84214 0.218732
171.2 -1.82884 0.186921
171.3 -1.81536 0.155342
171.4 -1.8017 0.123998
171.5 -1.78785 0.0928919
171.6 -1.7738 0.0620279
171.7 -1.75954 0.0314093
171.8 -1.74506 0.00103968
171.9 -1.73035 -0.029077
172 -1.7154 -0.0589367
172.1 -1.70019 -0.0885351
172.2 -1.68472 -0.117868
172.3 -1.66896 -0.14693
172.4 -1.6529 -0.175716
172.5 -1.63652 -0.204221
172.6 -1.61979 -0.232439
172.7 -1.60271 -0.260364
172.8 -1.58523 -0.28799
172.9 -1.56734 -0.315309
173 -1.54899 -0.342315
173.1 -1.53016 -0.368998
173.2 -1.5108 -0.39535
173.3 -1.49087 -0.421362
173.4 -1.4703 -0.447024
173.5 -1.44904 -0.472322
173.6 -1.42702 -0.497246
173.7 -1.40414 -0.521781
173.8 -1.3803 -0.545911
173.9 -1.35538 -0.569619
174 -1.32922 -0.592884
174.1 -1.30165 -0.615685
174.2 -1.27241 -0.637993
174.3 -1.24121 -0.659778
174.4 -1.20767 -0.681002
174.5 -1.17126 -0.701622
174.6 -1.13128 -0.72158
174.7 -1.08674 -0.740808
174.8 -1.03621 -0.759214
174.9 -0.977524 -0.776678
175 -0.907243 -0.793031
175.1 -0.8196 -0.808026
175.2 -0.704221 -0.821282
175.3 -0.540935 -0.832164
175.4 -0.287385 -0.839522
175.5 0.145869 -0.841108
175.6 0.872888 -0.832699
175.7 1.64053 -0.810434
175.8 1.93496 -0.778496
175.9 2.00118 -0.743985
176 2.01178 -0.709088
176.1 2.00664 -0.674231
176.2 1.99692 -0.639529
176.3 1.98584 -0.605013
176.4 1.97429 -0.570696
176.5 1.96253 -0.536581
176.6 1.95063 -0.502671
176.7 1.93859 -0.468968
176.8 1.92643 -0.435475
176.9 1.91413 -0.402195
177 1.9017 -0.369128
177.1 1.88912 -0.336278
177.2 1.8764 -0.303648
177.3 1.86353 -0.271239
177.4 1.8505 -0.239054
177.5 1.83731 -0.207097
177.6 1.82394 -0.17537
177.7 1.8104 -0.143877
177.8 1.79667 -0.112619
177.9 1.78275 -0.0816011
178 1.76862 -0.0508263
178.1 1.75428 -0.020298
178.2 1.73972 0.00997974
178.3 1.72492 0.0400031
178.4 1.70988 0.069768
178.5 1.69458 0.0992699
178.6 1.679 0.128504
178.7 1.66313 0.157466
178.8 1.64696 0.18615
178.9 1.63045 0.214551
179 1.6136 0.242663
179.1 1.59638 0.27048
179.2 1.57875 0.297995
179.3 1.5607 0.325201
179.4 1.54218 0.35209
179.5 1.52316 0.378653
179.6 1.5036 0.404882
179.7 1.48344 0.430768
179.8 1.46263 0.456298
179.9 1.4411 0.481461
180 1.41877 0.506245
180.1 1.39556 0.530634
180.2 1.37134 0.554612
180.3 1.34599 0.578161
180.4 1.31934 0.60126
180.5 1.29118 0.623884
180.6 1.26127 0.646005
180.7 1.22927 0.66759
180.8 1.19474 0.688599
180.9 1.15713 0.708984
181 1.11562 0.728685
181.1 1.06909 0.747625
181.2 1.01589 0.765704
181.3 0.95346 0.782785
181.4 0.877686 0.798676
181.5 0.781482 0.813091
181.6 0.65175 0.825573
181.7 0.462252 0.835343
181.8 0.156874 0.840943
181.9 -0.375192 0.839484
182 -1.18491 0.826169
182.1 -1.80197 0.79946
182.2 -1.97123 0.766008
182.3 -2.0084 0.731258
182.4 -2.01087 0.696351
182.5 -2.00338 0.661544
182.6 -1.99297 0.626908
182.7 -1.98166 0.592464
182.8 -1.97002 0.55822
182.9 -1.9582 0.524179
183 -1.94625 0.490345
183.1 -1.93417 0.456718
183.2 -1.92195 0.423303
183.3 -1.90961 0.3901
183.4 -1.89712 0.357112
183.5 -1.8845 0.324342
183.6 -1.87172 0.291792
183.7 -1.85879 0.259465
183.8 -1.8457 0.227363
183.9 -1.83245 0.19549
184 -1.81902 0.163848
184.1 -1.80541 0.13244
184.2 -1.79161 0.101269
184.3 -1.77761 0.0703395
184.4 -1.76341 0.0396543
184.5 -1.74899 0.00921704
184.6 -1.73435 -0.0209684
184.7 -1.71946 -0.0508979
184.8 -1.70433 -0.0805673
184.9 -1.68893 -0.109972
185 -1.67324 -0.139108
185.1 -1.65727 -0.167969
185.2 -1.64097 -0.19655
185.3 -1.62434 -0.224846
185.4 -1.60736 -0.252852
185.5 -1.58999 -0.280559
185.6 -1.57221 -0.307962
185.7 -1.55399 -0.335053
185.8 -1.5353 -0.361824
185.9 -1.51608 -0.388266
186 -1.49631 -0.414371
186.1 -1.47592 -0.440128
186.2 -1.45486 -0.465526
186.3 -1.43305 -0.490553
186.4 -1.41041 -0.515194
186.5 -1.38684 -0.539435
186.6 -1.36223 -0.563259
186.7 -1.33642 -0.586646
186.8 -1.30925 -0.609574
186.9 -1.28048 -0.632018
187 -1.24985 -0.653948
187.1 -1.21698 -0.675328
187.2 -1.18141 -0.696115
187.3 -1.14248 -0.716258
187.4 -1.09929 -0.735691
187.5 -1.05055 -0.75433
187.6 -0.994343 -0.772063
187.7 -0.927637 -0.788736
187.8 -0.845453 -0.804128
187.9 -0.739003 -0.817903
188 -0.591568 -0.829511
188.1 -0.368689 -0.837982
188.2 0.0035578 -0.841448
188.3 0.648344 -0.836263
188.4 1.46982 -0.817734
188.5 1.89398 -0.787596
188.6 1.99217 -0.753386
188.7 2.0114 -0.718523
188.8 2.00875 -0.683638
188.9 1.99976 -0.648888
189 1.9889 -0.614321
189.1 1.97744 -0.579949
189.2 1.96573 -0.545779
189.3 1.95386 -0.511813
189.4 1.94186 -0.478054
189.5 1.92973 -0.444505
189.6 1.91747 -0.411166
189.7 1.90507 -0.378042
189.8 1.89254 -0.345133
189.9 1.87985 -0.312443
190 1.86702 -0.279974
190.1 1.85404 -0.247729
190.2 1.84089 -0.21571
190.3 1.82757 -0.183921
190.4 1.81408 -0.152363
190.5 1.8004 -0.121042
190.6 1.78653 -0.0899587
190.7 1.77246 -0.0591179
190.8 1.75818 -0.0285226
190.9 1.74368 0.0018232
191 1.72895 0.0319157
191.1 1.71397 0.0617509
191.2 1.69874 0.0913243
191.3 1.68324 0.120631
191.4 1.66745 0.149667
191.5 1.65136 0.178427
191.6 1.63495 0.206905
191.7 1.61819 0.235096
191.8 1.60107 0.262993
191.9 1.58355 0.29059
192 1.56562 0.31788
192.1 1.54723 0.344856
192.2 1.52835 0.371508
192.3 1.50894 0.397828
192.4 1.48895 0.423808
192.5 1.46832 0.449435
192.6 1.44699 0.474699
192.7 1.42489 0.499586
192.8 1.40192 0.524084
192.9 1.37799 0.548175
193 1.35296 0.571841
193.1 1.32668 0.595064
193.2 1.29895 0.617819
193.3 1.26954 0.640079
193.4 1.23814 0.661812
193.5 1.20435 0.682982
193.6 1.16764 0.703541
193.7 1.12727 0.723433
193.8 1.08224 0.742588
193.9 1.03105 0.760911
194 0.971434 0.778277
194.1 0.899806 0.794514
194.2 0.810081 0.809363
194.3 0.691252 0.822427
194.4 0.521744 0.833036
194.5 0.255995 0.839969
194.6 -0.201133 0.840824
194.7 -0.954088 0.831195
194.8 -1.69019 0.807696
194.9 -1.94612 0.775271
195 -2.00352 0.740683
195.1 -2.01168 0.70578
195.2 -2.00583 0.670935
195.3 -1.99591 0.636249
195.4 -1.98476 0.601752
195.5 -1.97318 0.567454
195.6 -1.96141 0.533358
195.7 -1.94949 0.499468
195.8 -1.93744 0.465785
195.9 -1.92527 0.432312
196 -1.91296 0.399051
196.1 -1.90051 0.366005
196.2 -1.88792 0.333176
196.3 -1.87519 0.300567
196.4 -1.8623 0.268179
196.5 -1.84926 0.236016
196.6 -1.83605 0.204081
196.7 -1.82266 0.172375
196.8 -1.8091 0.140904
196.9 -1.79536 0.109669
197 -1.78142 0.078674
197.1 -1.76727 0.0479223
197.2 -1.75291 0.0174177
197.3 -1.73833 -0.0128362
197.4 -1.72351 -0.0428352
197.5 -1.70844 -0.0725754
197.6 -1.69311 -0.102052
197.7 -1.67751 -0.131261
197.8 -1.66161 -0.160197
197.9 -1.64541 -0.188854
198 -1.62887 -0.217228
198.1 -1.61199 -0.245313
198.2 -1.59472 -0.273101
198.3 -1.57706 -0.300587
198.4 -1.55896 -0.327763
198.5 -1.5404 -0.354621
198.6 -1.52133 -0.381154
198.7 -1.50171 -0.407351
198.8 -1.4815 -0.433203
198.9 -1.46062 -0.458699
199 -1.43902 -0.483827
199.1 -1.41661 -0.508574
199.2 -1.39331 -0.532925
199.3 -1.36899 -0.556863
199.4 -1.34352 -0.58037
199.5 -1.31674 -0.603425
199.6 -1.28843 -0.626002
199.7 -1.25833 -0.648074
199.8 -1.22611 -0.669606
199.9 -1.19132 -0.690559
200 -1.15337 -0.710882
