0 2 0
0.1 1.80137 0.031497
0.2 1.7368 0.0612592
0.3 1.70635 0.0903068
0.4 1.6861 0.11895
0.5 1.66897 0.147283
0.6 1.65267 0.175337
0.7 1.63647 0.203117
0.8 1.62007 0.230622
0.9 1.60338 0.257848
1 1.58633 0.284789
1.1 1.5689 0.311439
1.2 1.55104 0.33779
1.3 1.53272 0.363836
1.4 1.5139 0.389569
1.5 1.49453 0.414978
1.6 1.47457 0.440056
1.7 1.45396 0.464792
1.8 1.43264 0.489173
1.9 1.41051 0.513187
2 1.38749 0.53682
2.1 1.36346 0.560056
2.2 1.3383 0.582877
2.3 1.31182 0.605262
2.4 1.28383 0.627187
2.5 1.25406 0.648625
2.6 1.22217 0.669542
2.7 1.18771 0.6899
2.8 1.1501 0.70965
2.9 1.10849 0.728732
3 1.0617 0.74707
3.1 1.00798 0.764562
3.2 0.944588 0.781069
3.3 0.867058 0.796395
3.4 0.767572 0.810239
3.5 0.631392 0.822123
3.6 0.428275 0.831202
3.7 0.0922111 0.835862
3.8 -0.50223 0.832864
3.9 -1.34613 0.817274
4 -1.86232 0.7892
4.1 -1.98318 0.756075
4.2 -2.00917 0.72214
4.3 -2.00892 0.68814
4.4 -2.00091 0.654255
4.5 -1.99057 0.620537
4.6 -1.97948 0.587005
4.7 -1.9681 0.553663
4.8 -1.95656 0.520515
4.9 -1.94489 0.487564
5 -1.93309 0.45481
5.1 -1.92118 0.422257
5.2 -1.90913 0.389906
5.3 -1.89696 0.357759
5.4 -1.88465 0.32582
5.5 -1.87219 0.294089
5.6 -1.85959 0.26257
5.7 -1.84684 0.231266
5.8 -1.83393 0.200178
5.9 -1.82086 0.169309
6 -1.80762 0.138663
6.1 -1.79419 0.108242
6.2 -1.78058 0.0780488
6.3 -1.76678 0.0480876
6.4 -1.75277 0.0183612
6.5 -1.73855 -0.0111267
6.6 -1.7241 -0.0403725
6.7 -1.70942 -0.0693723
6.8 -1.69449 -0.098122
6.9 -1.6793 -0.126617
7 -1.66383 -0.154854
7.1 -1.64806 -0.182826
7.2 -1.63199 -0.21053
7.3 -1.61558 -0.237959
7.4 -1.59882 -0.265109
7.5 -1.58169 -0.291972
7.6 -1.56414 -0.318542
7.7 -1.54617 -0.344812
7.8 -1.52771 -0.370775
7.9 -1.50875 -0.396422
8 -1.48924 -0.421744
8.1 -1.46911 -0.446731
8.2 -1.44831 -0.471372
8.3 -1.42678 -0.495656
8.4 -1.40442 -0.51957
8.5 -1.38114 -0.543098
8.6 -1.35683 -0.566224
8.7 -1.33133 -0.58893
8.8 -1.30447 -0.611194
8.9 -1.27603 -0.632991
9 -1.24572 -0.654293
9.1 -1.21319 -0.675064
9.2 -1.17796 -0.695264
9.3 -1.13936 -0.714841
9.4 -1.0965 -0.733732
9.5 -1.04805 -0.751854
9.6 -0.992057 -0.769097
9.7 -0.92541 -0.785309
9.8 -0.842951 -0.800272
9.9 -0.735489 -0.813648
10 -0.585295 -0.824884
10.1 -0.355202 -0.832983
10.2 0.0358109 -0.836
10.3 0.71825 -0.830099
10.4 1.54309 -0.810704
10.5 1.91251 -0.78049
10.6 1.99469 -0.746995
10.7 2.01044 -0.71301
10.8 2.00717 -0.679031
10.9 1.99826 -0.645189
11 1.98763 -0.61152
11.1 1.97644 -0.578039
11.2 1.96501 -0.544749
11.3 1.95344 -0.511653
11.4 1.94173 -0.478754
11.5 1.92991 -0.446054
11.6 1.91796 -0.413555
11.7 1.90588 -0.381259
11.8 1.89367 -0.349168
11.9 1.88132 -0.317284
12 1.86883 -0.28561
12.1 1.85619 -0.254148
12.2 1.84339 -0.222902
12.3 1.83044 -0.191872
12.4 1.81732 -0.161063
12.5 1.80403 -0.130477
12.6 1.79056 -0.100117
12.7 1.7769 -0.0699857
12.8 1.76304 -0.0400871
12.9 1.74897 -0.0104244
13 1.73469 0.0189989
13.1 1.72018 0.0481791
13.2 1.70544 0.0771122
13.3 1.69044 0.105794
13.4 1.67517 0.13422
13.5 1.65963 0.162386
13.6 1.64378 0.190287
13.7 1.62762 0.217918
13.8 1.61112 0.245273
13.9 1.59426 0.272346
14 1.57702 0.299131
14.1 1.55936 0.325622
14.2 1.54126 0.35181
14.3 1.52268 0.377689
14.4 1.50357 0.403249
14.5 1.4839 0.428482
14.6 1.4636 0.453378
14.7 1.44261 0.477924
14.8 1.42086 0.50211
14.9 1.39827 0.525922
15 1.37473 0.549344
15.1 1.35011 0.57236
15.2 1.32426 0.594949
15.3 1.297 0.61709
15.4 1.26809 0.638757
15.5 1.23723 0.65992
15.6 1.20403 0.680543
15.7 1.16796 0.700581
15.8 1.12832 0.719981
15.9 1.08411 0.738674
16 1.03387 0.756573
16.1 0.975383 0.773556
16.2 0.905119 0.789459
16.3 0.817095 0.804036
16.4 0.700437 0.816904
16.5 0.533689 0.827422
16.6 0.271003 0.834408
16.7 -0.185628 0.835508
16.8 -0.950226 0.826309
16.9 -1.69865 0.803331
17 -1.94656 0.771602
17.1 -2.0022 0.737879
17.2 -2.01053 0.703873
17.3 -2.00507 0.669925
17.4 -1.99549 0.636127
17.5 -1.98466 0.602508
17.6 -1.97339 0.569077
17.7 -1.96192 0.535839
17.8 -1.95031 0.502796
17.9 -1.93857 0.469951
18 -1.92671 0.437305
18.1 -1.91473 0.40486
18.2 -1.90261 0.372618
18.3 -1.89036 0.340583
18.4 -1.87798 0.308755
18.5 -1.86545 0.277138
18.6 -1.85277 0.245734
18.7 -1.83993 0.214545
18.8 -1.82693 0.183574
18.9 -1.81377 0.152825
19 -1.80043 0.122299
19.1 -1.78691 0.0920001
19.2 -1.77319 0.0619312
19.3 -1.75928 0.0320957
19.4 -1.74516 0.00249693
19.5 -1.73082 -0.0268615
19.6 -1.71625 -0.0559757
19.7 -1.70143 -0.0848417
19.8 -1.68636 -0.113455
19.9 -1.67102 -0.141812
20 -1.6554 -0.169908
20.1 -1.63947 -0.197736
20.2 -1.62322 -0.225294
20.3 -1.60663 -0.252573
20.4 -1.58967 -0.27957
20.5 -1.57232 -0.306276
20.6 -1.55455 -0.332687
20.7 -1.53632 -0.358793
20.8 -1.5176 -0.384587
20.9 -1.49834 -0.41006
21 -1.47851 -0.435203
21.1 -1.45803 -0.460006
21.2 -1.43685 -0.484457
21.3 -1.41488 -0.508544
21.4 -1.39204 -0.532253
21.5 -1.36822 -0.555567
21.6 -1.34329 -0.57847
21.7 -1.31709 -0.600942
21.8 -1.28941 -0.622958
21.9 -1.26001 -0.644493
22 -1.22856 -0.665515
22.1 -1.19464 -0.685985
22.2 -1.1577 -0.705857
22.3 -1.11695 -0.725075
22.4 -1.07128 -0.743565
22.5 -1.01909 -0.76123
22.6 -0.957857 -0.777943
22.7 -0.883553 -0.793517
22.8 -0.789202 -0.807681
22.9 -0.66186 -0.819997
23 -0.475402 -0.829715
23.1 -0.173156 -0.835423
23.2 0.360064 -0.83428
23.3 1.18481 -0.821446
23.4 1.80833 -0.795311
23.5 1.97081 -0.76262
23.6 2.00709 -0.72875
23.7 2.00985 -0.694742
23.8 2.00273 -0.660828
23.9 1.99266 -0.627077
24 1.98166 -0.593508
24.1 1.97032 -0.560129
24.2 1.95881 -0.526943
24.3 1.94716 -0.493953
24.4 1.9354 -0.461161
24.5 1.9235 -0.428568
24.6 1.91148 -0.396178
24.7 1.89934 -0.363992
24.8 1.88705 -0.332012
24.9 1.87463 -0.30024
25 1.86205 -0.26868
25.1 1.84933 -0.237333
25.2 1.83646 -0.206203
25.3 1.82341 -0.175292
25.4 1.8102 -0.144602
25.5 1.79682 -0.114137
25.6 1.78324 -0.0838994
25.7 1.76948 -0.0538929
25.8 1.75551 -0.0241206
25.9 1.74133 0.00541395
26 1.72693 0.0347071
26.1 1.71229 0.0637551
26.2 1.69741 0.0925537
26.3 1.68227 0.121099
26.4 1.66686 0.149386
26.5 1.65115 0.17741
26.6 1.63514 0.205167
26.7 1.6188 0.23265
26.8 1.60211 0.259854
26.9 1.58505 0.286773
27 1.56759 0.313401
27.1 1.5497 0.33973
27.2 1.53134 0.365753
27.3 1.51248 0.391462
27.4 1.49307 0.416848
27.5 1.47307 0.4419
27.6 1.45241 0.46661
27.7 1.43103 0.490965
27.8 1.40884 0.514951
27.9 1.38575 0.538555
28 1.36164 0.561761
28.1 1.33638 0.584551
28.2 1.3098 0.606902
28.3 1.28169 0.628792
28.4 1.25177 0.650193
28.5 1.21971 0.67107
28.6 1.18504 0.691384
28.7 1.14716 0.711087
28.8 1.10522 0.730117
28.9 1.05799 0.748396
29 1.00366 0.76582
29.1 0.939401 0.782248
29.2 0.860569 0.797475
29.3 0.758992 0.811195
29.4 0.61917 0.822905
29.5 0.409105 0.831726
29.6 0.0588864 0.835958
29.7 -0.559701 0.832199
29.8 -1.40397 0.815551
29.9 -1.87847 0.786823
30 -1.98691 0.753575
30.1 -2.00968 0.719622
30.2 -2.00849 0.685627
30.3 -2.00019 0.651753
30.4 -1.98976 0.618049
30.5 -1.97864 0.584531
30.6 -1.96725 0.551203
30.7 -1.9557 0.51807
30.8 -1.94402 0.485133
30.9 -1.93222 0.452394
31 -1.92029 0.419856
31.1 -1.90824 0.38752
31.2 -1.89605 0.355388
31.3 -1.88373 0.323464
31.4 -1.87127 0.291749
31.5 -1.85866 0.260246
31.6 -1.84589 0.228957
31.7 -1.83297 0.197886
31.8 -1.81989 0.167033
31.9 -1.80663 0.136404
32 -1.79319 0.105999
32.1 -1.77957 0.0758235
32.2 -1.76575 0.0458795
32.3 -1.75172 0.0161707
32.4 -1.73749 -0.0132994
32.5 -1.72302 -0.0425272
32.6 -1.70832 -0.0715086
32.7 -1.69337 -0.10024
32.8 -1.67816 -0.128716
32.9 -1.66267 -0.156933
33 -1.64688 -0.184886
33.1 -1.63079 -0.212569
33.2 -1.61436 -0.239978
33.3 -1.59757 -0.267107
33.4 -1.5804 -0.293948
33.5 -1.56283 -0.320497
33.6 -1.54482 -0.346744
33.7 -1.52633 -0.372684
33.8 -1.50733 -0.398307
33.9 -1.48777 -0.423604
34 -1.46759 -0.448566
34.1 -1.44675 -0.473182
34.2 -1.42515 -0.497439
34.3 -1.40273 -0.521324
34.4 -1.37938 -0.544823
34.5 -1.35498 -0.567919
34.6 -1.32939 -0.590593
34.7 -1.30242 -0.612823
34.8 -1.27385 -0.634585
34.9 -1.2434 -0.655848
35 -1.21068 -0.676579
35.1 -1.17522 -0.696735
35.2 -1.13635 -0.716263
35.3 -1.09312 -0.7351
35.4 -1.0442 -0.753161
35.5 -0.987537 -0.770334
35.6 -0.919931 -0.786463
35.7 -0.836006 -0.801322
35.8 -0.72614 -0.814562
35.9 -0.571657 -0.825607
36 -0.333188 -0.833413
36.1 0.0748176 -0.835931
36.2 0.781091 -0.829159
36.3 1.5905 -0.808744
36.4 1.9231 -0.778051
36.5 1.99707 -0.744483
36.6 2.01056 -0.71049
36.7 2.00662 -0.676519
36.8 1.9975 -0.642689
36.9 1.98682 -0.609034
37 1.9756 -0.575566
37.1 1.96416 -0.542291
37.2 1.95257 -0.50921
37.3 1.94086 -0.476326
37.4 1.92903 -0.44364
37.5 1.91707 -0.411156
37.6 1.90498 -0.378875
37.7 1.89276 -0.346799
37.8 1.8804 -0.314931
37.9 1.8679 -0.283273
38 1.85525 -0.251827
38.1 1.84244 -0.220596
38.2 1.82948 -0.189583
38.3 1.81634 -0.15879
38.4 1.80304 -0.12822
38.5 1.78955 -0.0978771
38.6 1.77588 -0.0677632
38.7 1.762 -0.037882
38.8 1.74792 -0.00823692
38.9 1.73363 0.0211685
39 1.7191 0.0503306
39.1 1.70433 0.0792452
39.2 1.68932 0.107908
39.3 1.67403 0.136315
39.4 1.65846 0.164462
39.5 1.64259 0.192343
39.6 1.62641 0.219954
39.7 1.60989 0.247288
39.8 1.593 0.27434
39.9 1.57573 0.301103
40 1.55804 0.327572
40.1 1.5399 0.353738
40.2 1.52128 0.379593
40.3 1.50213 0.40513
40.4 1.48241 0.430338
40.5 1.46207 0.455208
40.6 1.44103 0.479728
40.7 1.41922 0.503887
40.8 1.39656 0.52767
40.9 1.37294 0.551063
41 1.34824 0.574047
41.1 1.32229 0.596605
41.2 1.29492 0.618712
41.3 1.26587 0.640343
41.4 1.23486 0.661467
41.5 1.20146 0.682047
41.6 1.16516 0.70204
41.7 1.12522 0.721391
41.8 1.08062 0.740028
41.9 1.02985 0.757863
42 0.970638 0.774774
42.1 0.899305 0.790588
42.2 0.809617 0.805053
42.3 0.690173 0.817774
42.4 0.518334 0.828081
42.5 0.245493 0.834731
42.6 -0.2312 0.835248
42.7 -1.01538 0.825075
42.8 -1.73342 0.801177
42.9 -1.95413 0.769132
43 -2.00379 0.735361
43.1 -2.01041 0.701353
43.2 -2.00444 0.667414
43.3 -1.99472 0.633629
43.4 -1.98383 0.600023
43.5 -1.97255 0.566607
43.6 -1.96106 0.533384
43.7 -1.94944 0.500355
43.8 -1.93769 0.467524
43.9 -1.92583 0.434893
44 -1.91383 0.402463
44.1 -1.90171 0.370237
44.2 -1.88945 0.338216
44.3 -1.87705 0.306404
44.4 -1.86451 0.274803
44.5 -1.85182 0.243415
44.6 -1.83897 0.212242
44.7 -1.82596 0.181288
44.8 -1.81279 0.150554
44.9 -1.79943 0.120045
45 -1.7859 0.0897635
45.1 -1.77217 0.0597118
45.2 -1.75824 0.0298937
45.3 -1.7441 0.000312632
45.4 -1.72975 -0.0290278
45.5 -1.71516 -0.0581237
45.6 -1.70032 -0.0869712
45.7 -1.68524 -0.115566
45.8 -1.66988 -0.143904
45.9 -1.65423 -0.171979
46 -1.63828 -0.199788
46.1 -1.622 -0.227325
46.2 -1.60539 -0.254584
46.3 -1.5884 -0.281559
46.4 -1.57102 -0.308244
46.5 -1.55321 -0.334632
46.6 -1.53495 -0.360715
46.7 -1.51619 -0.386486
46.8 -1.49689 -0.411935
46.9 -1.47701 -0.437054
47 -1.45648 -0.461831
47.1 -1.43525 -0.486255
47.2 -1.41322 -0.510315
47.3 -1.39031 -0.533994
47.4 -1.36642 -0.557279
47.5 -1.34139 -0.580151
47.6 -1.31509 -0.602589
47.7 -1.28729 -0.624571
47.8 -1.25775 -0.646069
47.9 -1.22614 -0.667051
48 -1.19202 -0.687479
48.1 -1.15482 -0.707305
48.2 -1.11375 -0.726471
48.3 -1.06766 -0.744904
48.4 -1.0149 -0.762504
48.5 -0.952862 -0.779139
48.6 -0.877361 -0.79462
48.7 -0.781112 -0.808664
48.8 -0.650522 -0.820818
48.9 -0.457976 -0.8303
49 -0.1434 -0.835621
49.1 0.412672 -0.833796
49.2 1.2476 -0.819919
49.3 1.8311 -0.793008
49.4 1.976 -0.76013
49.5 2.00802 -0.726232
49.6 2.00954 -0.692226
49.7 2.00205 -0.658323
49.8 1.99186 -0.624585
49.9 1.98083 -0.59103
50 1.96948 -0.557665
50.1 1.95795 -0.524494
50.2 1.9463 -0.491518
50.3 1.93452 -0.458741
50.4 1.92262 -0.426163
50.5 1.91059 -0.393788
50.6 1.89843 -0.361616
50.7 1.88614 -0.329652
50.8 1.8737 -0.297896
50.9 1.86112 -0.266352
51 1.84839 -0.235021
51.1 1.8355 -0.203907
51.2 1.82244 -0.173011
51.3 1.80922 -0.142338
51.4 1.79582 -0.11189
51.5 1.78223 -0.0816695
51.6 1.76845 -0.0516802
51.7 1.75447 -0.0219254
51.8 1.74027 0.00759139
51.9 1.72585 0.0368665
52 1.7112 0.0658962
52.1 1.6963 0.0946762
52.2 1.68114 0.123202
52.3 1.6657 0.15147
52.4 1.64998 0.179475
52.5 1.63394 0.207211
52.6 1.61758 0.234674
52.7 1.60086 0.261857
52.8 1.58377 0.288755
52.9 1.56628 0.315361
53 1.54835 0.341668
53.1 1.52996 0.367668
53.2 1.51106 0.393353
53.3 1.49161 0.418714
53.4 1.47156 0.443742
53.5 1.45085 0.468426
53.6 1.42941 0.492754
53.7 1.40716 0.516712
53.8 1.384 0.540288
53.9 1.35981 0.563463
54 1.33446 0.586221
54.1 1.30778 0.608539
54.2 1.27954 0.630394
54.3 1.24948 0.651757
54.4 1.21724 0.672594
54.5 1.18236 0.692865
54.6 1.14421 0.71252
54.7 1.10192 0.731498
54.8 1.05423 0.749717
54.9 0.999282 0.767073
55 0.934137 0.78342
55.1 0.85396 0.798548
55.2 0.750211 0.812139
55.3 0.606582 0.823672
55.4 0.389207 0.832226
55.5 0.0240855 0.83601
55.6 -0.618859 0.831461
55.7 -1.45929 0.813758
55.8 -1.89269 0.784424
55.9 -1.99018 0.751072
56 -2.01006 0.717104
56.1 -2.00801 0.683115
56.2 -1.99946 0.649253
56.3 -1.98895 0.615562
56.4 -1.97781 0.582058
56.5 -1.9664 0.548745
56.6 -1.95484 0.515626
56.7 -1.94315 0.482703
56.8 -1.93134 0.449979
56.9 -1.9194 0.417455
57 -1.90734 0.385135
57.1 -1.89514 0.353019
57.2 -1.88281 0.32111
57.3 -1.87034 0.289411
57.4 -1.85772 0.257923
57.5 -1.84494 0.22665
57.6 -1.83201 0.195595
57.7 -1.81891 0.164759
57.8 -1.80564 0.134146
57.9 -1.79219 0.103758
58 -1.77855 0.0735994
58.1 -1.76472 0.0436727
58.2 -1.75068 0.0139814
58.3 -1.73642 -0.0154709
58.4 -1.72194 -0.0446806
58.5 -1.70722 -0.0736436
58.6 -1.69226 -0.102356
58.7 -1.67702 -0.130813
58.8 -1.66151 -0.159011
58.9 -1.6457 -0.186944
59 -1.62958 -0.214607
59.1 -1.61313 -0.241996
59.2 -1.59631 -0.269103
59.3 -1.57912 -0.295923
59.4 -1.56151 -0.32245
59.5 -1.54346 -0.348675
59.6 -1.52494 -0.374591
59.7 -1.5059 -0.400191
59.8 -1.4863 -0.425463
59.9 -1.46607 -0.4504
60 -1.44517 -0.474989
60.1 -1.42352 -0.499219
60.2 -1.40104 -0.523077
60.3 -1.37761 -0.546547
60.4 -1.35313 -0.569612
60.5 -1.32744 -0.592254
60.6 -1.30036 -0.61445
60.7 -1.27166 -0.636176
60.8 -1.24106 -0.657401
60.9 -1.20816 -0.678091
61 -1.17247 -0.698202
61.1 -1.13331 -0.717682
61.2 -1.08972 -0.736465
61.3 -1.0403 -0.754464
61.4 -0.982959 -0.771566
61.5 -0.914365 -0.787609
61.6 -0.828922 -0.802362
61.7 -0.716554 -0.815464
61.8 -0.557579 -0.826313
61.9 -0.310282 -0.833816
62 0.115554 -0.835813
62.1 0.844953 -0.828139
62.2 1.63454 -0.806726
62.3 1.9327 -0.775602
62.4 1.9992 -0.741969
62.5 2.0106 -0.70797
62.6 2.00604 -0.674007
62.7 1.99674 -0.640189
62.8 1.986 -0.606548
62.9 1.97476 -0.573094
63 1.96331 -0.539833
63.1 1.95171 -0.506767
63.2 1.93999 -0.473897
63.3 1.92815 -0.441227
63.4 1.91618 -0.408758
63.5 1.90408 -0.376491
63.6 1.89185 -0.344431
63.7 1.87948 -0.312578
63.8 1.86696 -0.280935
63.9 1.8543 -0.249505
64 1.84149 -0.218291
64.1 1.82851 -0.187294
64.2 1.81536 -0.156517
64.3 1.80205 -0.125964
64.4 1.78855 -0.0956381
64.5 1.77486 -0.0655413
64.6 1.76097 -0.0356775
64.7 1.74687 -0.00605003
64.8 1.73256 0.0233375
64.9 1.71801 0.0524813
65 1.70323 0.0813775
65.1 1.68819 0.110022
65.2 1.67289 0.13841
65.3 1.6573 0.166537
65.4 1.64141 0.194398
65.5 1.6252 0.221988
65.6 1.60865 0.249302
65.7 1.59173 0.276333
65.8 1.57443 0.303075
65.9 1.55671 0.329521
66 1.53854 0.355664
66.1 1.51988 0.381496
66.2 1.50069 0.407009
66.3 1.48093 0.432192
66.4 1.46053 0.457037
66.5 1.43944 0.481531
66.6 1.41757 0.505662
66.7 1.39484 0.529417
66.8 1.37115 0.55278
66.9 1.34636 0.575734
67 1.32032 0.598258
67.1 1.29283 0.620331
67.2 1.26365 0.641925
67.3 1.23247 0.663011
67.4 1.19888 0.683549
67.5 1.16233 0.703497
67.6 1.12209 0.722797
67.7 1.07709 0.741379
67.8 1.02579 0.75915
67.9 0.965826 0.775985
68 0.89339 0.791709
68.1 0.801978 0.806062
68.2 0.679629 0.818632
68.3 0.502443 0.82872
68.4 0.218888 0.835023
68.5 -0.278697 0.834929
68.6 -1.08041 0.823759
68.7 -1.76468 0.798976
68.8 -1.96102 0.766656
68.9 -2.00519 0.732843
69 -2.01024 0.698834
69.1 -2.0038 0.664904
69.2 -1.99394 0.631132
69.3 -1.98301 0.59754
69.4 -1.9717 0.564138
69.5 -1.9602 0.530929
69.6 -1.94857 0.497915
69.7 -1.93682 0.465099
69.8 -1.92494 0.432483
69.9 -1.91294 0.400068
70 -1.90081 0.367857
70.1 -1.88854 0.335852
70.2 -1.87613 0.304055
70.3 -1.86358 0.272469
70.4 -1.85087 0.241097
70.5 -1.83801 0.20994
70.6 -1.82499 0.179002
70.7 -1.8118 0.148286
70.8 -1.79844 0.117793
70.9 -1.78489 0.0875285
71 -1.77114 0.057494
71.1 -1.7572 0.0276933
71.2 -1.74305 -0.00187006
71.3 -1.72867 -0.0311925
71.4 -1.71407 -0.0602702
71.5 -1.69922 -0.0890991
71.6 -1.68411 -0.117675
71.7 -1.66873 -0.145993
71.8 -1.65306 -0.174049
71.9 -1.63708 -0.201838
72 -1.62078 -0.229355
72.1 -1.60414 -0.256593
72.2 -1.58712 -0.283547
72.3 -1.56971 -0.31021
72.4 -1.55187 -0.336576
72.5 -1.53358 -0.362636
72.6 -1.51478 -0.388383
72.7 -1.49544 -0.413808
72.8 -1.47551 -0.438902
72.9 -1.45494 -0.463653
73 -1.43364 -0.488051
73.1 -1.41155 -0.512083
73.2 -1.38858 -0.535734
73.3 -1.3646 -0.558989
73.4 -1.33949 -0.581829
73.5 -1.31308 -0.604234
73.6 -1.28516 -0.626182
73.7 -1.25548 -0.647642
73.8 -1.2237 -0.668585
73.9 -1.18938 -0.688969
74 -1.15192 -0.708749
74.1 -1.11052 -0.727864
74.2 -1.06401 -0.746238
74.3 -1.01066 -0.763772
74.4 -0.947795 -0.780328
74.5 -0.871058 -0.795714
74.6 -0.772841 -0.809636
74.7 -0.638859 -0.821625
74.8 -0.439912 -0.830862
74.9 -0.112335 -0.835782
75 0.467187 -0.833244
75.1 1.30881 -0.818315
75.2 1.85109 -0.790674
75.3 1.98059 -0.757637
75.4 2.00878 -0.723715
75.5 2.00917 -0.689712
75.6 2.00135 -0.65582
75.7 1.99107 -0.622094
75.8 1.98 -0.588553
75.9 1.96863 -0.555203
76 1.95709 -0.522046
76.1 1.94543 -0.489085
76.2 1.93364 -0.456322
76.3 1.92173 -0.423759
76.4 1.90969 -0.391399
76.5 1.89752 -0.359243
76.6 1.88522 -0.327294
76.7 1.87277 -0.295554
76.8 1.86018 -0.264025
76.9 1.84744 -0.23271
77 1.83454 -0.201612
77.1 1.82147 -0.170733
77.2 1.80823 -0.140077
77.3 1.79482 -0.109645
77.4 1.78122 -0.0794416
77.5 1.76742 -0.0494695
77.6 1.75342 -0.0197322
77.7 1.73921 0.00976684
77.8 1.72477 0.0390239
77.9 1.7101 0.0680352
78 1.69518 0.0967966
78.1 1.68 0.125304
78.2 1.66455 0.153552
78.3 1.6488 0.181537
78.4 1.63274 0.209253
78.5 1.61635 0.236696
78.6 1.59961 0.263858
78.7 1.58249 0.290735
78.8 1.56497 0.317319
78.9 1.54701 0.343603
79 1.52858 0.36958
79.1 1.50964 0.395242
79.2 1.49015 0.420579
79.3 1.47005 0.445581
79.4 1.44929 0.470239
79.5 1.42779 0.49454
79.6 1.40548 0.518471
79.7 1.38224 0.542017
79.8 1.35798 0.565163
79.9 1.33254 0.587888
80 1.30574 0.610173
80.1 1.27738 0.631993
80.2 1.24717 0.653318
80.3 1.21475 0.674115
80.4 1.17966 0.694342
80.5 1.14123 0.713949
80.6 1.09859 0.732873
80.7 1.05044 0.751033
80.8 0.994854 0.76832
80.9 0.928794 0.784584
81 0.847228 0.799611
81.1 0.741222 0.813071
81.2 0.593612 0.824422
81.3 0.368539 0.8327
81.4 -0.0122599 0.836018
81.5 -0.679565 0.830647
81.6 -1.51179 0.811899
81.7 -1.90531 0.782009
81.8 -1.99306 0.748565
81.9 -2.01032 0.714586
82 -2.00751 0.680603
82.1 -1.99872 0.646752
82.2 -1.98814 0.613076
82.3 -1.97697 0.579585
82.4 -1.96555 0.546286
82.5 -1.95398 0.513182
82.6 -1.94228 0.480274
82.7 -1.93046 0.447564
82.8 -1.91851 0.415056
82.9 -1.90644 0.38275
83 -1.89424 0.350649
83.1 -1.88189 0.318756
83.2 -1.86941 0.287072
83.3 -1.85678 0.255601
83.4 -1.84399 0.224344
83.5 -1.83105 0.193304
83.6 -1.81793 0.162485
83.7 -1.80465 0.131888
83.8 -1.79119 0.101518
83.9 -1.77753 0.0713761
84 -1.76369 0.0414667
84.1 -1.74963 0.0117929
84.2 -1.73536 -0.0176416
84.3 -1.72086 -0.0468331
84.4 -1.70613 -0.0757777
84.5 -1.69114 -0.104471
84.6 -1.67589 -0.13291
84.7 -1.66035 -0.161088
84.8 -1.64452 -0.189001
84.9 -1.62838 -0.216644
85 -1.61189 -0.244012
85.1 -1.59505 -0.271098
85.2 -1.57783 -0.297897
85.3 -1.56019 -0.324401
85.4 -1.54211 -0.350604
85.5 -1.52355 -0.376497
85.6 -1.50447 -0.402073
85.7 -1.48482 -0.427321
85.8 -1.46455 -0.452232
85.9 -1.4436 -0.476795
86 -1.42189 -0.500998
86.1 -1.39934 -0.524828
86.2 -1.37584 -0.548268
86.3 -1.35127 -0.571303
86.4 -1.32549 -0.593913
86.5 -1.2983 -0.616075
86.6 -1.26947 -0.637765
86.7 -1.23871 -0.658952
86.8 -1.20562 -0.6796
86.9 -1.1697 -0.699666
87 -1.13025 -0.719097
87.1 -1.08628 -0.737825
87.2 -1.03636 -0.755763
87.3 -0.978318 -0.772792
87.4 -0.908707 -0.788749
87.5 -0.821694 -0.803394
87.6 -0.70672 -0.816354
87.7 -0.543035 -0.827001
87.8 -0.286429 -0.83419
87.9 0.158085 -0.835642
88 0.909565 -0.827039
88.1 1.67509 -0.804654
88.2 1.94146 -0.773143
88.3 2.0011 -0.739453
88.4 2.01058 -0.70545
88.5 2.00545 -0.671496
88.6 1.99598 -0.63769
88.7 1.98517 -0.604062
88.8 1.97392 -0.570623
88.9 1.96245 -0.537376
89 1.95085 -0.504324
89.1 1.93912 -0.471469
89.2 1.92726 -0.438814
89.3 1.91528 -0.406359
89.4 1.90318 -0.374108
89.5 1.89094 -0.342063
89.6 1.87855 -0.310226
89.7 1.86603 -0.278599
89.8 1.85336 -0.247185
89.9 1.84053 -0.215986
90 1.82754 -0.185005
90.1 1.81438 -0.154245
90.2 1.80105 -0.123709
90.3 1.78754 -0.0933997
90.4 1.77383 -0.0633201
90.5 1.75993 -0.0334737
90.6 1.74582 -0.00386388
90.7 1.73149 0.0255057
90.8 1.71693 0.0546313
90.9 1.70213 0.083509
91 1.68707 0.112134
91.1 1.67174 0.140503
91.2 1.65613 0.168611
91.3 1.64022 0.196452
91.4 1.62398 0.224022
91.5 1.60741 0.251315
91.6 1.59047 0.278325
91.7 1.57313 0.305045
91.8 1.55538 0.331469
91.9 1.53717 0.357589
92 1.51848 0.383398
92.1 1.49925 0.408886
92.2 1.47944 0.434045
92.3 1.45899 0.458864
92.4 1.43784 0.483332
92.5 1.41592 0.507436
92.6 1.39312 0.531162
92.7 1.36935 0.554495
92.8 1.34447 0.577418
92.9 1.31833 0.59991
93 1.29073 0.621948
93.1 1.26141 0.643506
93.2 1.23007 0.664552
93.3 1.19628 0.685049
93.4 1.15949 0.70495
93.5 1.11893 0.7242
93.6 1.07353 0.742725
93.7 1.02168 0.760431
93.8 0.960946 0.777191
93.9 0.887372 0.792824
94 0.794172 0.807061
94.1 0.668793 0.819476
94.2 0.485991 0.829338
94.3 0.191131 0.83528
94.4 -0.328142 0.834549
94.5 -1.14491 0.822361
94.6 -1.79255 0.796734
94.7 -1.96725 0.764174
94.8 -2.00641 0.730325
94.9 -2.01002 0.696316
95 -2.00315 0.662396
95.1 -1.99315 0.628637
95.2 -1.98218 0.595059
95.3 -1.97085 0.561671
95.4 -1.95935 0.528476
95.5 -1.94771 0.495477
95.6 -1.93594 0.462676
95.7 -1.92406 0.430074
95.8 -1.91204 0.397674
95.9 -1.8999 0.365478
96 -1.88762 0.333489
96.1 -1.8752 0.301708
96.2 -1.86264 0.270138
96.3 -1.84993 0.238781
96.4 -1.83706 0.207641
96.5 -1.82402 0.176719
96.6 -1.81082 0.146019
96.7 -1.79744 0.115543
96.8 -1.78388 0.0852953
96.9 -1.77012 0.055278
97 -1.75616 0.0254948
97.1 -1.74199 -0.00405087
97.2 -1.7276 -0.0333553
97.3 -1.71297 -0.0624147
97.4 -1.69811 -0.091225
97.5 -1.68298 -0.119782
97.6 -1.66758 -0.148081
97.7 -1.65188 -0.176118
97.8 -1.63589 -0.203887
97.9 -1.61956 -0.231382
98 -1.60289 -0.2586
98.1 -1.58585 -0.285532
98.2 -1.56841 -0.312174
98.3 -1.55053 -0.338517
98.4 -1.5322 -0.364554
98.5 -1.51337 -0.390278
98.6 -1.49399 -0.415679
98.7 -1.47401 -0.440747
98.8 -1.45338 -0.465473
98.9 -1.43203 -0.489844
99 -1.40988 -0.513848
99.1 -1.38684 -0.537471
99.2 -1.36278 -0.560695
99.3 -1.33758 -0.583504
99.4 -1.31107 -0.605877
99.5 -1.28303 -0.627789
99.6 -1.2532 -0.649212
99.7 -1.22125 -0.670115
99.8 -1.18672 -0.690456
99.9 -1.149 -0.710189
100 -1.10727 -0.729251
100.1 -1.06031 -0.747567
100.2 -1.00637 -0.765034
100.3 -0.942655 -0.781511
100.4 -0.864642 -0.7968
100.5 -0.764382 -0.810598
100.6 -0.626857 -0.822418
100.7 -0.421179 -0.831401
100.8 -0.0799 -0.835903
100.9 0.523547 -0.832624
101 1.36806 -0.816637
101.1 1.86861 -0.788312
101.2 1.98463 -0.755139
101.3 2.00938 -0.721197
101.4 2.00877 -0.687198
101.5 2.00064 -0.653318
101.6 1.99027 -0.619606
101.7 1.97916 -0.586078
101.8 1.96778 -0.552742
101.9 1.95623 -0.5196
102 1.94456 -0.486653
102.1 1.93277 -0.453905
102.2 1.92085 -0.421357
102.3 1.9088 -0.389012
102.4 1.89662 -0.356871
102.5 1.8843 -0.324937
102.6 1.87185 -0.293213
102.7 1.85924 -0.2617
102.8 1.84649 -0.230401
102.9 1.83357 -0.199319
103 1.8205 -0.168457
103.1 1.80725 -0.137817
103.2 1.79382 -0.107402
103.3 1.7802 -0.0772153
103.4 1.76639 -0.0472605
103.5 1.75238 -0.0175407
103.6 1.73815 0.0119405
103.7 1.7237 0.0411796
103.8 1.70901 0.0701725
103.9 1.69407 0.0989152
104 1.67887 0.127403
104.1 1.66339 0.155633
104.2 1.64762 0.183598
104.3 1.63154 0.211294
104.4 1.61512 0.238716
104.5 1.59835 0.265857
104.6 1.58121 0.292712
104.7 1.56365 0.319274
104.8 1.54566 0.345536
104.9 1.5272 0.37149
105 1.50822 0.397128
105.1 1.48869 0.422441
105.2 1.46854 0.447418
105.3 1.44773 0.47205
105.4 1.42617 0.496324
105.5 1.40379 0.520227
105.6 1.38048 0.543744
105.7 1.35614 0.566859
105.8 1.3306 0.589553
105.9 1.3037 0.611804
106 1.27521 0.633588
106.1 1.24485 0.654876
106.2 1.21225 0.675632
106.3 1.17694 0.695815
106.4 1.13824 0.715374
106.5 1.09524 0.734245
106.6 1.04661 0.752344
106.7 0.990371 0.769561
106.8 0.923368 0.785742
106.9 0.840366 0.800666
107 0.732015 0.813992
107.1 0.580238 0.825156
107.2 0.347059 0.833147
107.3 -0.0502203 0.83598
107.4 -0.741648 0.829756
107.5 -1.56123 0.809977
107.6 -1.9166 0.779578
107.7 -1.99561 0.746054
107.8 -2.01049 0.712066
107.9 -2.00697 0.678091
108 -1.99798 0.644253
108.1 -1.98733 0.610589
108.2 -1.97613 0.577113
108.3 -1.96469 0.543828
108.4 -1.95311 0.510738
108.5 -1.94141 0.477845
108.6 -1.92958 0.44515
108.7 -1.91762 0.412657
108.8 -1.90554 0.380366
108.9 -1.89333 0.348281
109 -1.88097 0.316403
109.1 -1.86848 0.284735
109.2 -1.85583 0.253279
109.3 -1.84304 0.222038
109.4 -1.83008 0.191015
109.5 -1.81696 0.160212
109.6 -1.80366 0.129632
109.7 -1.79018 0.0992779
109.8 -1.77652 0.0691533
109.9 -1.76265 0.0392613
110 -1.74858 0.00960513
110.1 -1.73429 -0.0198115
110.2 -1.71978 -0.0489849
110.3 -1.70502 -0.0779111
110.4 -1.69002 -0.106586
110.5 -1.67474 -0.135005
110.6 -1.65919 -0.163164
110.7 -1.64334 -0.191057
110.8 -1.62717 -0.21868
110.9 -1.61066 -0.246028
111 -1.59379 -0.273093
111.1 -1.57654 -0.29987
111.2 -1.55887 -0.326352
111.3 -1.54075 -0.352532
111.4 -1.52216 -0.378402
111.5 -1.50303 -0.403954
111.6 -1.48334 -0.429177
111.7 -1.46302 -0.454063
111.8 -1.44202 -0.4786
111.9 -1.42025 -0.502776
112 -1.39763 -0.526577
112.1 -1.37406 -0.549988
112.2 -1.34941 -0.572992
112.3 -1.32352 -0.595569
112.4 -1.29622 -0.617698
112.5 -1.26726 -0.639351
112.6 -1.23634 -0.6605
112.7 -1.20307 -0.681107
112.8 -1.16691 -0.701128
112.9 -1.12716 -0.720509
113 -1.08281 -0.739182
113.1 -1.03237 -0.757056
113.2 -0.973614 -0.774013
113.3 -0.902954 -0.789882
113.4 -0.814313 -0.804418
113.5 -0.696625 -0.817232
113.6 -0.528 -0.827671
113.7 -0.261574 -0.834533
113.8 0.202471 -0.835417
113.9 0.974618 -0.825856
114 1.71208 -0.80253
114.1 1.94948 -0.770678
114.2 2.00281 -0.736936
114.3 2.01049 -0.702929
114.4 2.00484 -0.668984
114.5 1.9952 -0.635191
114.6 1.98435 -0.601577
114.7 1.97307 -0.568152
114.8 1.9616 -0.53492
114.9 1.94998 -0.501882
115 1.93824 -0.469042
115.1 1.92638 -0.436401
115.2 1.91439 -0.403962
115.3 1.90227 -0.371726
115.4 1.89002 -0.339696
115.5 1.87763 -0.307875
115.6 1.8651 -0.276263
115.7 1.85241 -0.244865
115.8 1.83957 -0.213682
115.9 1.82657 -0.182718
116 1.8134 -0.151974
116.1 1.80006 -0.121455
116.2 1.78653 -0.0911624
116.3 1.77281 -0.0610999
116.4 1.75889 -0.0312709
116.5 1.74476 -0.00167877
116.6 1.73042 0.0276729
116.7 1.71584 0.0567803
116.8 1.70102 0.0856394
116.9 1.68594 0.114246
117 1.67059 0.142596
117.1 1.65496 0.170684
117.2 1.63902 0.198505
117.3 1.62277 0.226055
117.4 1.60616 0.253327
117.5 1.58919 0.280315
117.6 1.57183 0.307014
117.7 1.55405 0.333415
117.8 1.53581 0.359513
117.9 1.51707 0.385298
118 1.4978 0.410762
118.1 1.47795 0.435896
118.2 1.45745 0.46069
118.3 1.43625 0.485131
118.4 1.41426 0.509207
118.5 1.3914 0.532905
118.6 1.36755 0.556209
118.7 1.34258 0.5791
118.8 1.31634 0.601559
118.9 1.28862 0.623563
119 1.25916 0.645084
119.1 1.22765 0.666091
119.2 1.19366 0.686545
119.3 1.15662 0.7064
119.4 1.11575 0.725598
119.5 1.06993 0.744067
119.6 1.01752 0.761708
119.7 0.955995 0.778391
119.8 0.881247 0.793931
119.9 0.786193 0.80805
120 0.657652 0.820306
120.1 0.468949 0.829936
120.2 0.162162 0.835501
120.3 -0.379539 0.834106
120.4 -1.20849 0.820884
120.5 -1.81721 0.794453
120.6 -1.97283 0.761688
120.7 -2.00746 0.727807
120.8 -2.00974 0.6938
120.9 -2.00248 0.65989
121 -1.99236 0.626143
121.1 -1.98135 0.59258
121.2 -1.97001 0.559206
121.3 -1.95849 0.526026
121.4 -1.94684 0.493041
121.5 -1.93507 0.460254
121.6 -1.92317 0.427667
121.7 -1.91115 0.395282
121.8 -1.899 0.363102
121.9 -1.88671 0.331128
122 -1.87428 0.299362
122.1 -1.8617 0.267808
122.2 -1.84898 0.236467
122.3 -1.8361 0.205343
122.4 -1.82305 0.174438
122.5 -1.80983 0.143754
122.6 -1.79644 0.113295
122.7 -1.78286 0.0830641
122.8 -1.76909 0.053064
122.9 -1.75512 0.0232983
123 -1.74093 -0.00622962
123.1 -1.72652 -0.035516
123.2 -1.71188 -0.0645571
123.3 -1.69699 -0.0933488
123.4 -1.68185 -0.121887
123.5 -1.66642 -0.150167
123.6 -1.65071 -0.178184
123.7 -1.63469 -0.205932
123.8 -1.61834 -0.233408
123.9 -1.60164 -0.260604
124 -1.58457 -0.287516
124.1 -1.5671 -0.314135
124.2 -1.54919 -0.340456
124.3 -1.53082 -0.36647
124.4 -1.51195 -0.39217
124.5 -1.49253 -0.417547
124.6 -1.47251 -0.44259
124.7 -1.45183 -0.46729
124.8 -1.43042 -0.491635
124.9 -1.40821 -0.515611
125 -1.38509 -0.539205
125.1 -1.36096 -0.562399
125.2 -1.33566 -0.585176
125.3 -1.30905 -0.607516
125.4 -1.28089 -0.629392
125.5 -1.25092 -0.650779
125.6 -1.21879 -0.671641
125.7 -1.18404 -0.691939
125.8 -1.14606 -0.711624
125.9 -1.10399 -0.730635
126 -1.05659 -0.748891
126.1 -1.00202 -0.76629
126.2 -0.937439 -0.782688
126.3 -0.858108 -0.797878
126.4 -0.755727 -0.811549
126.5 -0.6145 -0.823194
126.6 -0.40174 -0.831916
126.7 -0.0460303 -0.835982
126.8 0.581664 -0.831931
126.9 1.425 -0.814887
127 1.884 -0.785927
127.1 1.98818 -0.752638
127.2 2.00984 -0.718679
127.3 2.00831 -0.684686
127.4 1.99992 -0.650817
127.5 1.98946 -0.617118
127.6 1.97833 -0.583605
127.7 1.96693 -0.550283
127.8 1.95538 -0.517155
127.9 1.94369 -0.484223
128 1.93189 -0.45149
128.1 1.91996 -0.418957
128.2 1.9079 -0.386626
128.3 1.89571 -0.354501
128.4 1.88339 -0.322582
128.5 1.87092 -0.290873
128.6 1.8583 -0.259376
128.7 1.84554 -0.228093
128.8 1.83261 -0.197028
128.9 1.81952 -0.166181
129 1.80626 -0.135558
129.1 1.79282 -0.10516
129.2 1.77919 -0.0749905
129.3 1.76536 -0.045053
129.4 1.75133 -0.0153507
129.5 1.73709 0.0141128
129.6 1.72262 0.0433337
129.7 1.70791 0.0723083
129.8 1.69295 0.101032
129.9 1.67773 0.129502
130 1.66224 0.157711
130.1 1.64644 0.185657
130.2 1.63034 0.213333
130.3 1.61389 0.240734
130.4 1.5971 0.267855
130.5 1.57992 0.294688
130.6 1.56234 0.321228
130.7 1.54431 0.347468
130.8 1.52581 0.373398
130.9 1.50679 0.399013
131 1.48722 0.424301
131.1 1.46702 0.449253
131.2 1.44616 0.473859
131.3 1.42454 0.498106
131.4 1.4021 0.521981
131.5 1.37872 0.545469
131.6 1.35429 0.568553
131.7 1.32866 0.591215
131.8 1.30165 0.613433
131.9 1.27303 0.635181
132 1.24252 0.65643
132.1 1.20974 0.677146
132.2 1.1742 0.697285
132.3 1.13521 0.716795
132.4 1.09185 0.735612
132.5 1.04274 0.75365
132.6 0.98583 0.770796
132.7 0.917857 0.786893
132.8 0.83337 0.801713
132.9 0.722578 0.814901
133 0.566438 0.825873
133.1 0.324718 0.833568
133.2 -0.0898666 0.835893
133.3 -0.804901 0.828787
133.4 -1.60739 0.807995
133.5 -1.9268 0.777135
133.6 -1.99789 0.743542
133.7 -2.01058 0.709547
133.8 -2.00641 0.675579
133.9 -1.99722 0.641753
134 -1.98651 0.608103
134.1 -1.97529 0.574641
134.2 -1.96384 0.54137
134.3 -1.95225 0.508295
134.4 -1.94054 0.475416
134.5 -1.9287 0.442737
134.6 -1.91673 0.410258
134.7 -1.90464 0.377982
134.8 -1.89242 0.345912
134.9 -1.88005 0.31405
135 -1.86755 0.282397
135.1 -1.85489 0.250957
135.2 -1.84208 0.219733
135.3 -1.82911 0.188725
135.4 -1.81598 0.157939
135.5 -1.80267 0.127375
135.6 -1.78918 0.0970385
135.7 -1.7755 0.0669311
135.8 -1.76162 0.0370564
135.9 -1.74753 0.00741788
136 -1.73323 -0.0219809
136.1 -1.71869 -0.0511361
136.2 -1.70392 -0.0800438
136.3 -1.6889 -0.1087
136.4 -1.6736 -0.1371
136.5 -1.65803 -0.165239
136.6 -1.64215 -0.193113
136.7 -1.62596 -0.220716
136.8 -1.60942 -0.248042
136.9 -1.59253 -0.275086
137 -1.57524 -0.301842
137.1 -1.55754 -0.328302
137.2 -1.53939 -0.354459
137.3 -1.52076 -0.380306
137.4 -1.5016 -0.405833
137.5 -1.48186 -0.431032
137.6 -1.46149 -0.455893
137.7 -1.44043 -0.480403
137.8 -1.4186 -0.504552
137.9 -1.39592 -0.528325
138 -1.37227 -0.551706
138.1 -1.34753 -0.574679
138.2 -1.32155 -0.597224
138.3 -1.29414 -0.619318
138.4 -1.26504 -0.640936
138.5 -1.23396 -0.662045
138.6 -1.2005 -0.68261
138.7 -1.1641 -0.702586
138.8 -1.12405 -0.721918
138.9 -1.0793 -0.740535
139 -1.02834 -0.758346
139.1 -0.968844 -0.775228
139.2 -0.897102 -0.791009
139.3 -0.806776 -0.805432
139.4 -0.686258 -0.818097
139.5 -0.512447 -0.828322
139.6 -0.235661 -0.834844
139.7 0.24876 -0.835135
139.8 1.03977 -0.824592
139.9 1.74553 -0.800358
140 1.95679 -0.768205
140.1 2.00433 -0.734418
140.2 2.01036 -0.70041
140.3 2.00421 -0.666474
140.4 1.99443 -0.632693
140.5 1.98353 -0.599093
140.6 1.97223 -0.565682
140.7 1.96074 -0.532464
140.8 1.94912 -0.499441
140.9 1.93737 -0.466616
141 1.9255 -0.43399
141.1 1.9135 -0.401566
141.2 1.90137 -0.369345
141.3 1.88911 -0.337331
141.4 1.87671 -0.305524
141.5 1.86416 -0.273929
141.6 1.85147 -0.242546
141.7 1.83861 -0.21138
141.8 1.8256 -0.180432
141.9 1.81242 -0.149705
142 1.79906 -0.119202
142.1 1.78552 -0.0889263
142.2 1.77179 -0.0588811
142.3 1.75785 -0.0290695
142.4 1.74371 0.000504969
142.5 1.72934 0.0298387
142.6 1.71475 0.0589278
142.7 1.69991 0.0877683
142.8 1.68481 0.116356
142.9 1.66945 0.144686
143 1.65379 0.172755
143.1 1.63783 0.200556
143.2 1.62155 0.228085
143.3 1.60492 0.255337
143.4 1.58792 0.282304
143.5 1.57053 0.308981
143.6 1.55271 0.33536
143.7 1.53443 0.361435
143.8 1.51566 0.387197
143.9 1.49635 0.412637
144 1.47645 0.437746
144.1 1.4559 0.462513
144.2 1.43465 0.486928
144.3 1.4126 0.510977
144.4 1.38966 0.534646
144.5 1.36574 0.55792
144.6 1.34068 0.58078
144.7 1.31434 0.603206
144.8 1.2865 0.625175
144.9 1.2569 0.646659
145 1.22522 0.667626
145.1 1.19103 0.688038
145.2 1.15374 0.707846
145.3 1.11254 0.726993
145.4 1.0663 0.745404
145.5 1.01331 0.762979
145.6 0.950973 0.779585
145.7 0.875014 0.795031
145.8 0.778037 0.809029
145.9 0.646193 0.821122
146 0.451288 0.830513
146.1 0.131923 0.835686
146.2 -0.432867 0.833597
146.3 -1.27073 0.819328
146.4 -1.8389 0.792138
146.5 -1.97779 0.759197
146.6 -2.00832 0.72529
146.7 -2.00941 0.691284
146.8 -2.00179 0.657386
146.9 -1.99157 0.623652
147 -1.98052 0.590102
147.1 -1.96916 0.556743
147.2 -1.95763 0.523577
147.3 -1.94597 0.490607
147.4 -1.93419 0.457835
147.5 -1.92229 0.425263
147.6 -1.91025 0.392893
147.7 -1.89809 0.360727
147.8 -1.88579 0.328769
147.9 -1.87335 0.297019
148 -1.86077 0.26548
148.1 -1.84803 0.234155
148.2 -1.83514 0.203047
148.3 -1.82208 0.172158
148.4 -1.80885 0.141491
148.5 -1.79544 0.111049
148.6 -1.78185 0.0808349
148.7 -1.76806 0.0508521
148.8 -1.75408 0.0211039
148.9 -1.73987 -0.0084063
149 -1.72545 -0.0376747
149.1 -1.71079 -0.0666974
149.2 -1.69588 -0.0954705
149.3 -1.68071 -0.12399
149.4 -1.66527 -0.15225
149.5 -1.64954 -0.180247
149.6 -1.63349 -0.207976
149.7 -1.61712 -0.235431
149.8 -1.60039 -0.262607
149.9 -1.58329 -0.289497
150 -1.56579 -0.316094
150.1 -1.54785 -0.342393
150.2 -1.52944 -0.368384
150.3 -1.51053 -0.39406
150.4 -1.49107 -0.419413
150.5 -1.471 -0.444431
150.6 -1.45027 -0.469105
150.7 -1.42881 -0.493423
150.8 -1.40653 -0.517371
150.9 -1.38334 -0.540936
151 -1.35913 -0.5641
151.1 -1.33374 -0.586846
151.2 -1.30702 -0.609152
151.3 -1.27873 -0.630993
151.4 -1.24862 -0.652342
151.5 -1.21631 -0.673164
151.6 -1.18135 -0.693419
151.7 -1.1431 -0.713056
151.8 -1.10068 -0.732013
151.9 -1.05282 -0.750211
152 -0.99763 -0.767541
152.1 -0.932145 -0.783857
152.2 -0.851454 -0.798947
152.3 -0.74687 -0.812489
152.4 -0.601771 -0.823955
152.5 -0.381559 -0.832406
152.6 -0.0106592 -0.836018
152.7 0.64142 -0.831165
152.8 1.47929 -0.813069
152.9 1.89759 -0.783522
153 1.9913 -0.750133
153.1 2.01017 -0.716161
153.2 2.00783 -0.682174
153.3 1.99919 -0.648316
153.4 1.98865 -0.614631
153.5 1.97749 -0.581132
153.6 1.96608 -0.547824
153.7 1.95451 -0.51471
153.8 1.94282 -0.481793
153.9 1.93101 -0.449075
154 1.91907 -0.416557
154.1 1.907 -0.384242
154.2 1.8948 -0.352131
154.3 1.88247 -0.320228
154.4 1.86999 -0.288535
154.5 1.85736 -0.257053
154.6 1.84459 -0.225787
154.7 1.83165 -0.194737
154.8 1.81855 -0.163907
154.9 1.80527 -0.1333
155 1.79181 -0.102919
155.1 1.77817 -0.0727667
155.2 1.76433 -0.0428465
155.3 1.75029 -0.0131618
155.4 1.73603 0.0162839
155.5 1.72154 0.0454868
155.6 1.70681 0.0744429
155.7 1.69184 0.103148
155.8 1.6766 0.131598
155.9 1.66108 0.159789
156 1.64526 0.187714
156.1 1.62913 0.21537
156.2 1.61266 0.242751
156.3 1.59584 0.269851
156.4 1.57863 0.296663
156.5 1.56102 0.323181
156.6 1.54296 0.349398
156.7 1.52442 0.375305
156.8 1.50536 0.400896
156.9 1.48574 0.426159
157 1.4655 0.451086
157.1 1.44458 0.475666
157.2 1.42291 0.499886
157.3 1.4004 0.523733
157.4 1.37695 0.547192
157.5 1.35244 0.570245
157.6 1.32671 0.592875
157.7 1.29959 0.615059
157.8 1.27084 0.636771
157.9 1.24018 0.657982
158 1.20721 0.678656
158.1 1.17144 0.698751
158.2 1.13217 0.718213
158.3 1.08843 0.736975
158.4 1.03883 0.754951
158.5 0.981228 0.772026
158.6 0.912257 0.788037
158.7 0.826233 0.80275
158.8 0.712901 0.815799
158.9 0.552188 0.826573
159 0.301463 0.833959
159.1 -0.131267 0.835755
159.2 -0.869077 0.827737
159.3 -1.65014 0.805956
159.4 -1.93608 0.774682
159.5 -1.99993 0.741027
159.6 -2.0106 0.707026
159.7 -2.00582 0.673067
159.8 -1.99646 0.639253
159.9 -1.98569 0.605617
160 -1.97444 0.572169
160.1 -1.96299 0.538913
160.2 -1.95139 0.505852
160.3 -1.93966 0.472988
160.4 -1.92782 0.440323
160.5 -1.91584 0.407859
160.6 -1.90374 0.375599
160.7 -1.89151 0.343544
160.8 -1.87913 0.311697
160.9 -1.86661 0.28006
161 -1.85395 0.248636
161.1 -1.84113 0.217428
161.2 -1.82815 0.186437
161.3 -1.815 0.155666
161.4 -1.80167 0.12512
161.5 -1.78817 0.0947998
161.6 -1.77447 0.0647094
161.7 -1.76058 0.0348521
161.8 -1.74648 0.00523124
161.9 -1.73216 -0.0241496
162 -1.71761 -0.0532866
162.1 -1.70282 -0.0821758
162.2 -1.68777 -0.110813
162.3 -1.67246 -0.139194
162.4 -1.65686 -0.167314
162.5 -1.64096 -0.195167
162.6 -1.62474 -0.22275
162.7 -1.60818 -0.250056
162.8 -1.59126 -0.277079
162.9 -1.57395 -0.303813
163 -1.55621 -0.33025
163.1 -1.53803 -0.356385
163.2 -1.51936 -0.382208
163.3 -1.50015 -0.407712
163.4 -1.48037 -0.432886
163.5 -1.45996 -0.457721
163.6 -1.43884 -0.482205
163.7 -1.41695 -0.506326
163.8 -1.3942 -0.530071
163.9 -1.37048 -0.553423
164 -1.34565 -0.576365
164.1 -1.31957 -0.598877
164.2 -1.29204 -0.620937
164.3 -1.26281 -0.642518
164.4 -1.23157 -0.663588
164.5 -1.19791 -0.684111
164.6 -1.16127 -0.704041
164.7 -1.12091 -0.723323
164.8 -1.07576 -0.741883
164.9 -1.02426 -0.75963
165 -0.964007 -0.776438
165.1 -0.891148 -0.792128
165.2 -0.799075 -0.806437
165.3 -0.675606 -0.818949
165.4 -0.496349 -0.828954
165.5 -0.208632 -0.835123
165.6 0.296985 -0.834794
165.7 1.10464 -0.823245
165.8 1.77551 -0.798141
165.9 1.96343 -0.765727
166 2.00567 -0.7319
166.1 2.01016 -0.697891
166.2 2.00356 -0.663965
166.3 1.99364 -0.630197
166.4 1.9827 -0.596611
166.5 1.97138 -0.563214
166.6 1.95988 -0.53001
166.7 1.94825 -0.497002
166.8 1.93649 -0.464191
166.9 1.92461 -0.43158
167 1.9126 -0.399171
167.1 1.90047 -0.366966
167.2 1.88819 -0.334966
167.3 1.87578 -0.303176
167.4 1.86323 -0.271596
167.5 1.85052 -0.240229
167.6 1.83766 -0.209079
167.7 1.82463 -0.178147
167.8 1.81144 -0.147437
167.9 1.79806 -0.116951
168 1.78451 -0.0866919
168.1 1.77076 -0.0566639
168.2 1.75681 -0.0268698
168.3 1.74265 0.00268699
168.4 1.72827 0.0320027
168.5 1.71366 0.0610735
168.6 1.6988 0.0898954
168.7 1.68368 0.118464
168.8 1.6683 0.146775
168.9 1.65262 0.174824
169 1.63664 0.202606
169.1 1.62033 0.230114
169.2 1.60367 0.257345
169.3 1.58665 0.284291
169.4 1.56922 0.310946
169.5 1.55137 0.337303
169.6 1.53306 0.363355
169.7 1.51425 0.389093
169.8 1.4949 0.414509
169.9 1.47495 0.439593
170 1.45435 0.464335
170.1 1.43304 0.488723
170.2 1.41093 0.512744
170.3 1.38793 0.536384
170.4 1.36392 0.559628
170.5 1.33878 0.582457
170.6 1.31233 0.60485
170.7 1.28437 0.626784
170.8 1.25463 0.648231
170.9 1.22278 0.669158
171 1.18838 0.689527
171.1 1.15083 0.709289
171.2 1.1093 0.728384
171.3 1.06263 0.746736
171.4 1.00906 0.764245
171.5 0.945879 0.780772
171.6 0.868669 0.796122
171.7 0.769696 0.809998
171.8 0.634405 0.821924
171.9 0.432977 0.831066
172 0.100352 0.835832
172.1 -0.488081 0.83302
172.2 -1.33125 0.817695
172.3 -1.85792 0.789793
172.4 -1.98217 0.756702
172.5 -2.00902 0.722772
172.6 -2.00903 0.68877
172.7 -2.00109 0.654883
172.8 -1.99077 0.621162
172.9 -1.97969 0.587626
173 -1.96831 0.554281
173.1 -1.95677 0.52113
173.2 -1.9451 0.488174
173.3 -1.93331 0.455417
173.4 -1.9214 0.42286
173.5 -1.90936 0.390505
173.6 -1.89719 0.358355
173.7 -1.88488 0.326411
173.8 -1.87243 0.294677
173.9 -1.85983 0.263154
174 -1.84708 0.231845
174.1 -1.83418 0.200753
174.2 -1.8211 0.16988
174.3 -1.80786 0.13923
174.4 -1.79444 0.108805
174.5 -1.78084 0.0786077
174.6 -1.76704 0.0486421
174.7 -1.75303 0.0189113
174.8 -1.73881 -0.0105811
174.9 -1.72437 -0.0398314
175 -1.70969 -0.0688358
175.1 -1.69477 -0.0975902
175.2 -1.67958 -0.12609
175.3 -1.66412 -0.154331
175.4 -1.64836 -0.182309
175.5 -1.63229 -0.210018
175.6 -1.61589 -0.237452
175.7 -1.59914 -0.264607
175.8 -1.58201 -0.291475
175.9 -1.56447 -0.318051
176 -1.5465 -0.344327
176.1 -1.52806 -0.370296
176.2 -1.50911 -0.395948
176.3 -1.4896 -0.421276
176.4 -1.46949 -0.446269
176.5 -1.44871 -0.470917
176.6 -1.42719 -0.495208
176.7 -1.40484 -0.519129
176.8 -1.38158 -0.542664
176.9 -1.35729 -0.565798
177 -1.33181 -0.588512
177.1 -1.30498 -0.610784
177.2 -1.27657 -0.632591
177.3 -1.2463 -0.653902
177.4 -1.21382 -0.674683
177.5 -1.17864 -0.694894
177.6 -1.14011 -0.714483
177.7 -1.09734 -0.733388
177.8 -1.04901 -0.751525
177.9 -0.993182 -0.768785
178 -0.926772 -0.785019
178.1 -0.844674 -0.800007
178.2 -0.7378 -0.813417
178.3 -0.588652 -0.824699
178.4 -0.360593 -0.83287
178.5 0.0262827 -0.836009
178.6 0.702664 -0.830322
178.7 1.53068 -0.811186
178.8 1.90968 -0.7811
178.9 1.99405 -0.747625
179 2.0104 -0.713642
179.1 2.00731 -0.679662
179.2 1.99845 -0.645816
179.3 1.98784 -0.612144
179.4 1.97665 -0.578659
179.5 1.96523 -0.545366
179.6 1.95365 -0.512267
179.7 1.94195 -0.479364
179.8 1.93013 -0.44666
179.9 1.91818 -0.414157
180 1.90611 -0.381857
180.1 1.8939 -0.349762
180.2 1.88155 -0.317875
180.3 1.86906 -0.286197
180.4 1.85642 -0.254731
180.5 1.84363 -0.22348
180.6 1.83068 -0.192447
180.7 1.81757 -0.161634
180.8 1.80428 -0.131043
180.9 1.79081 -0.100679
181 1.77715 -0.0705436
181.1 1.7633 -0.0406407
181.2 1.74924 -0.0109736
181.3 1.73496 0.0184542
181.4 1.72046 0.047639
181.5 1.70571 0.0765767
181.6 1.69072 0.105263
181.7 1.67546 0.133694
181.8 1.65992 0.161865
181.9 1.64408 0.189771
182 1.62792 0.217407
182.1 1.61143 0.244767
182.2 1.59458 0.271845
182.3 1.57734 0.298636
182.4 1.5597 0.325132
182.5 1.5416 0.351326
182.6 1.52303 0.377211
182.7 1.50393 0.402777
182.8 1.48427 0.428016
182.9 1.46398 0.452918
183 1.44301 0.477471
183.1 1.42127 0.501664
183.2 1.3987 0.525483
183.3 1.37517 0.548912
183.4 1.35057 0.571936
183.5 1.32475 0.594533
183.6 1.29752 0.616683
183.7 1.26864 0.638359
183.8 1.23782 0.659532
183.9 1.20467 0.680165
184 1.16866 0.700214
184.1 1.1291 0.719626
184.2 1.08498 0.738334
184.3 1.03487 0.756248
184.4 0.976564 0.77325
184.5 0.906564 0.789174
184.6 0.818948 0.803779
184.7 0.70297 0.816684
184.8 0.537463 0.827254
184.9 0.277242 0.834322
185 -0.174487 0.835564
185.1 -0.933893 0.826606
185.2 -1.68936 0.803864
185.3 -1.94455 0.772221
185.4 -2.00177 0.738511
185.5 -2.01055 0.704506
185.6 -2.00522 0.670555
185.7 -1.99569 0.636754
185.8 -1.98487 0.603132
185.9 -1.9736 0.569697
186 -1.96213 0.536456
186.1 -1.95052 0.503409
186.2 -1.93879 0.47056
186.3 -1.92693 0.43791
186.4 -1.91495 0.405461
186.5 -1.90284 0.373216
186.6 -1.89059 0.341177
186.7 -1.87821 0.309345
186.8 -1.86568 0.277724
186.9 -1.853 0.246316
187 -1.84017 0.215123
187.1 -1.82718 0.184149
187.2 -1.81402 0.153395
187.3 -1.80068 0.122865
187.4 -1.78716 0.0925617
187.5 -1.77345 0.0624886
187.6 -1.75954 0.0326487
187.7 -1.74542 0.00304544
187.8 -1.73109 -0.0263175
187.9 -1.71652 -0.0554362
188 -1.70171 -0.0843069
188.1 -1.68665 -0.112925
188.2 -1.67131 -0.141287
188.3 -1.65569 -0.169387
188.4 -1.63977 -0.197221
188.5 -1.62353 -0.224783
188.6 -1.60694 -0.252068
188.7 -1.58999 -0.27907
188.8 -1.57265 -0.305782
188.9 -1.55488 -0.332198
189 -1.53666 -0.35831
189.1 -1.51795 -0.38411
189.2 -1.49871 -0.409589
189.3 -1.47888 -0.434739
189.4 -1.45842 -0.459548
189.5 -1.43725 -0.484006
189.6 -1.4153 -0.508099
189.7 -1.39248 -0.531815
189.8 -1.36868 -0.555137
189.9 -1.34377 -0.578048
190 -1.31759 -0.600528
190.1 -1.28994 -0.622553
190.2 -1.26057 -0.644097
190.3 -1.22916 -0.665129
190.4 -1.1953 -0.685609
190.5 -1.15842 -0.705493
190.6 -1.11775 -0.724724
190.7 -1.07219 -0.743228
190.8 -1.02013 -0.76091
190.9 -0.9591 -0.777641
191 -0.885091 -0.79324
191.1 -0.791205 -0.807432
191.2 -0.664657 -0.819788
191.3 -0.479679 -0.829565
191.4 -0.180427 -0.835367
191.5 0.347162 -0.834391
191.6 1.16885 -0.821817
191.7 1.80215 -0.795884
191.8 1.96941 -0.763244
191.9 2.00683 -0.729382
192 2.00992 -0.695373
192.1 2.0029 -0.661458
192.2 1.99286 -0.627703
192.3 1.98187 -0.59413
192.4 1.97054 -0.560748
192.5 1.95903 -0.527558
192.6 1.94738 -0.494565
192.7 1.93562 -0.461769
192.8 1.92373 -0.429172
192.9 1.91171 -0.396778
193 1.89956 -0.364588
193.1 1.88728 -0.332604
193.2 1.87486 -0.300829
193.3 1.86229 -0.269265
193.4 1.84957 -0.237914
193.5 1.8367 -0.20678
193.6 1.82366 -0.175864
193.7 1.81045 -0.14517
193.8 1.79707 -0.114701
193.9 1.7835 -0.0844595
194 1.76973 -0.0544486
194.1 1.75577 -0.024672
194.2 1.74159 0.00486703
194.3 1.7272 0.0341647
194.4 1.71257 0.0632173
194.5 1.69769 0.0920206
194.6 1.68255 0.12057
194.7 1.66714 0.148862
194.8 1.65145 0.176892
194.9 1.63544 0.204653
195 1.61911 0.232141
195.1 1.60242 0.259351
195.2 1.58537 0.286275
195.3 1.56792 0.312909
195.4 1.55003 0.339243
195.5 1.53169 0.365272
195.6 1.51284 0.390987
195.7 1.49344 0.416379
195.8 1.47345 0.441438
195.9 1.4528 0.466154
196 1.43143 0.490515
196.1 1.40926 0.514509
196.2 1.38618 0.53812
196.3 1.3621 0.561334
196.4 1.33686 0.584131
196.5 1.31031 0.606491
196.6 1.28223 0.62839
196.7 1.25235 0.649799
196.8 1.22033 0.670687
196.9 1.18572 0.691012
197 1.1479 0.710727
197.1 1.10604 0.72977
197.2 1.05892 0.748064
197.3 1.00475 0.765505
197.4 0.94071 0.781953
197.5 0.862209 0.797205
197.6 0.761164 0.810956
197.7 0.622271 0.82271
197.8 0.413984 0.831597
197.9 0.0673877 0.835938
198 -0.545111 0.832373
198.1 -1.38967 0.81599
198.2 -1.87461 0.787421
198.3 -1.98602 0.754203
198.4 -2.00957 0.720254
198.5 -2.0086 0.686258
198.6 -2.00037 0.652381
198.7 -1.98996 0.618674
198.8 -1.97885 0.585152
198.9 -1.96746 0.551821
199 -1.95591 0.518684
199.1 -1.94424 0.485743
199.2 -1.93244 0.453
199.3 -1.92051 0.420458
199.4 -1.90846 0.388119
199.5 -1.89628 0.355984
199.6 -1.88396 0.324055
199.7 -1.8715 0.292337
199.8 -1.85889 0.26083
199.9 -1.84613 0.229537
200 -1.83321 0.198461
