0 2 0
0.1 1.80058 0.0311067
0.2 1.73643 0.0605098
0.3 1.70638 0.089215
0.4 1.68644 0.117526
0.5 1.66955 0.145537
0.6 1.65348 0.173274
0.7 1.63748 0.200745
0.8 1.6213 0.227947
0.9 1.60482 0.254877
1 1.588 0.281529
1.1 1.5708 0.307897
1.2 1.55319 0.333974
1.3 1.53513 0.359754
1.4 1.51659 0.385228
1.5 1.49752 0.410389
1.6 1.47787 0.435226
1.7 1.4576 0.45973
1.8 1.43663 0.48389
1.9 1.41489 0.507694
2 1.3923 0.531127
2.1 1.36874 0.554176
2.2 1.3441 0.576822
2.3 1.3182 0.599047
2.4 1.29086 0.620828
2.5 1.26184 0.642139
2.6 1.23082 0.662949
2.7 1.1974 0.683221
2.8 1.16103 0.702912
2.9 1.12095 0.721966
3 1.07612 0.740314
3.1 1.02498 0.757862
3.2 0.965138 0.774489
3.3 0.892749 0.790018
3.4 0.801209 0.804191
3.5 0.678314 0.816598
3.6 0.499518 0.826535
3.7 0.211463 0.832684
3.8 -0.297792 0.832384
3.9 -1.11439 0.820882
4 -1.78319 0.795893
4.1 -1.96415 0.763776
4.2 -2.00517 0.730339
4.3 -2.00961 0.696734
4.4 -2.00314 0.663211
4.5 -1.99336 0.629844
4.6 -1.98256 0.596653
4.7 -1.97138 0.563648
4.8 -1.96001 0.530831
4.9 -1.94851 0.498205
5 -1.9369 0.465772
5.1 -1.92516 0.433535
5.2 -1.9133 0.401494
5.3 -1.90131 0.369652
5.4 -1.88919 0.338011
5.5 -1.87693 0.306574
5.6 -1.86453 0.275343
5.7 -1.85199 0.24432
5.8 -1.83929 0.213508
5.9 -1.82644 0.182908
6 -1.81342 0.152525
6.1 -1.80023 0.122361
6.2 -1.78686 0.0924182
6.3 -1.7733 0.0627003
6.4 -1.75955 0.0332102
6.5 -1.7456 0.0039515
6.6 -1.73143 -0.0250725
6.7 -1.71703 -0.0538581
6.8 -1.7024 -0.0824014
6.9 -1.68752 -0.110698
7 -1.67238 -0.138745
7.1 -1.65696 -0.166536
7.2 -1.64124 -0.194067
7.3 -1.62521 -0.221334
7.4 -1.60885 -0.24833
7.5 -1.59213 -0.27505
7.6 -1.57503 -0.301488
7.7 -1.55753 -0.327637
7.8 -1.53958 -0.35349
7.9 -1.52116 -0.379039
8 -1.50222 -0.404277
8.1 -1.48272 -0.429194
8.2 -1.46261 -0.453781
8.3 -1.44182 -0.478026
8.4 -1.42028 -0.501917
8.5 -1.3979 -0.525443
8.6 -1.37459 -0.548587
8.7 -1.35022 -0.571333
8.8 -1.32465 -0.593663
8.9 -1.29768 -0.615554
9 -1.2691 -0.636982
9.1 -1.2386 -0.657918
9.2 -1.20581 -0.678325
9.3 -1.17021 -0.698163
9.4 -1.13113 -0.717378
9.5 -1.08758 -0.735905
9.6 -1.03816 -0.753659
9.7 -0.980721 -0.770524
9.8 -0.911866 -0.786341
9.9 -0.825841 -0.800876
10 -0.712217 -0.813763
10.1 -0.550465 -0.824393
10.2 -0.296644 -0.831644
10.3 0.14471 -0.833277
10.4 0.898059 -0.824997
10.5 1.67344 -0.80298
10.6 1.94035 -0.77183
10.7 2.00013 -0.738537
10.8 2.01 -0.704937
10.9 2.00516 -0.671385
11 1.99589 -0.637976
11.1 1.98524 -0.604742
11.2 1.97413 -0.571691
11.3 1.9628 -0.538828
11.4 1.95133 -0.506155
11.5 1.93974 -0.473675
11.6 1.92804 -0.441389
11.7 1.9162 -0.4093
11.8 1.90425 -0.377409
11.9 1.89216 -0.34572
12 1.87994 -0.314233
12.1 1.86757 -0.282951
12.2 1.85506 -0.251877
12.3 1.84241 -0.221013
12.4 1.82959 -0.190361
12.5 1.81661 -0.159925
12.6 1.80346 -0.129707
12.7 1.79014 -0.0997099
12.8 1.77663 -0.0699368
12.9 1.76293 -0.0403908
13 1.74902 -0.0110753
13.1 1.73491 0.0180064
13.2 1.72057 0.0468505
13.3 1.706 0.0754534
13.4 1.69118 0.103811
13.5 1.6761 0.131919
13.6 1.66075 0.159773
13.7 1.64511 0.187368
13.8 1.62916 0.2147
13.9 1.61288 0.241763
14 1.59625 0.268551
14.1 1.57925 0.295058
14.2 1.56184 0.321278
14.3 1.54401 0.347204
14.4 1.5257 0.372828
14.5 1.5069 0.398143
14.6 1.48754 0.423139
14.7 1.46758 0.447807
14.8 1.44696 0.472137
14.9 1.42561 0.496116
15 1.40345 0.519732
15.1 1.38037 0.542971
15.2 1.35628 0.565816
15.3 1.33101 0.588249
15.4 1.30441 0.61025
15.5 1.27624 0.631794
15.6 1.24624 0.652852
15.7 1.21405 0.673392
15.8 1.1792 0.693373
15.9 1.14104 0.712746
16 1.09869 0.731449
16.1 1.05087 0.7494
16.2 0.995642 0.766495
16.3 0.929991 0.782586
16.4 0.848885 0.797461
16.5 0.74337 0.810795
16.6 0.596186 0.822054
16.7 0.371078 0.830278
16.8 -0.011742 0.833588
16.9 -0.686654 0.828234
17 -1.52453 0.809517
17.1 -1.90831 0.779814
17.2 -1.99291 0.746733
17.3 -2.00974 0.713154
17.4 -2.00699 0.679576
17.5 -1.99835 0.646128
17.6 -1.98791 0.61285
17.7 -1.97687 0.579753
17.8 -1.96558 0.546844
17.9 -1.95415 0.514125
18 -1.94259 0.481597
18.1 -1.93091 0.449264
18.2 -1.91911 0.417127
18.3 -1.90718 0.385187
18.4 -1.89513 0.353448
18.5 -1.88294 0.321911
18.6 -1.87061 0.290579
18.7 -1.85814 0.259454
18.8 -1.84551 0.228538
18.9 -1.83274 0.197835
19 -1.8198 0.167346
19.1 -1.80669 0.137074
19.2 -1.79341 0.107023
19.3 -1.77995 0.0771945
19.4 -1.7663 0.0475927
19.5 -1.75244 0.0182205
19.6 -1.73838 -0.0109187
19.7 -1.72409 -0.0398213
19.8 -1.70958 -0.0684835
19.9 -1.69482 -0.0969013
20 -1.67981 -0.125071
20.1 -1.66453 -0.152987
20.2 -1.64896 -0.180646
20.3 -1.63308 -0.208043
20.4 -1.61689 -0.235172
20.5 -1.60035 -0.262027
20.6 -1.58344 -0.288604
20.7 -1.56614 -0.314895
20.8 -1.54841 -0.340894
20.9 -1.53022 -0.366592
21 -1.51154 -0.391984
21.1 -1.49233 -0.417059
21.2 -1.47252 -0.441808
21.3 -1.45207 -0.466221
21.4 -1.4309 -0.490287
21.5 -1.40894 -0.513993
21.6 -1.3861 -0.537326
21.7 -1.36227 -0.560268
21.8 -1.33731 -0.582804
21.9 -1.31105 -0.604913
22 -1.28328 -0.626571
22.1 -1.25376 -0.647751
22.2 -1.22215 -0.668421
22.3 -1.18799 -0.688543
22.4 -1.15072 -0.70807
22.5 -1.10949 -0.726942
22.6 -1.06315 -0.745086
22.7 -1.00997 -0.762402
22.8 -0.947229 -0.778755
22.9 -0.87053 -0.793952
23 -0.772146 -0.807702
23.1 -0.637493 -0.819535
23.2 -0.436551 -0.828627
23.3 -0.103338 -0.833394
23.4 0.489884 -0.830634
23.5 1.34122 -0.815381
23.6 1.86235 -0.787651
23.7 1.98225 -0.754902
23.8 2.00846 -0.721369
23.9 2.00851 -0.687771
24 2.00072 -0.654286
24.1 1.99054 -0.620965
24.2 1.9796 -0.587823
24.3 1.96836 -0.554868
24.4 1.95695 -0.522102
24.5 1.94542 -0.489527
24.6 1.93377 -0.457146
24.7 1.922 -0.424961
24.8 1.91011 -0.392973
24.9 1.89808 -0.361185
25 1.88593 -0.329598
25.1 1.87363 -0.298216
25.2 1.8612 -0.26704
25.3 1.84861 -0.236073
25.4 1.83587 -0.205317
25.5 1.82298 -0.174775
25.6 1.80991 -0.14445
25.7 1.79668 -0.114345
25.8 1.78326 -0.084462
25.9 1.76965 -0.0548046
26 1.75585 -0.025376
26.1 1.74183 0.00382047
26.2 1.72761 0.0327812
26.3 1.71315 0.0615025
26.4 1.69845 0.0899804
26.5 1.6835 0.118211
26.6 1.66829 0.14619
26.7 1.65279 0.173912
26.8 1.63699 0.201373
26.9 1.62088 0.228568
27 1.60442 0.255491
27.1 1.58761 0.282136
27.2 1.5704 0.308498
27.3 1.55278 0.334568
27.4 1.53471 0.360341
27.5 1.51616 0.385808
27.6 1.49707 0.410961
27.7 1.47742 0.435791
27.8 1.45713 0.460287
27.9 1.43614 0.484439
28 1.41439 0.508235
28.1 1.39177 0.53166
28.2 1.36819 0.554699
28.3 1.34352 0.577336
28.4 1.31759 0.599551
28.5 1.29022 0.621322
28.6 1.26116 0.642621
28.7 1.23009 0.663419
28.8 1.1966 0.683679
28.9 1.16015 0.703356
29 1.11999 0.722395
29.1 1.07503 0.740725
29.2 1.02372 0.758254
29.3 0.963639 0.774857
29.4 0.890899 0.790359
29.5 0.798807 0.804497
29.6 0.674974 0.816856
29.7 0.494433 0.826725
29.8 0.202841 0.832763
29.9 -0.313253 0.832267
30 -1.13449 0.82045
30.1 -1.79153 0.795204
30.2 -1.96602 0.763018
30.3 -2.00555 0.72957
30.4 -2.00954 0.695964
30.5 -2.00294 0.662445
30.6 -1.99313 0.629081
30.7 -1.9823 0.595895
30.8 -1.97112 0.562894
30.9 -1.95975 0.530082
31 -1.94825 0.49746
31.1 -1.93663 0.465032
31.2 -1.92489 0.432799
31.3 -1.91302 0.400762
31.4 -1.90103 0.368925
31.5 -1.88891 0.337289
31.6 -1.87665 0.305857
31.7 -1.86425 0.27463
31.8 -1.8517 0.243612
31.9 -1.839 0.212804
32 -1.82614 0.18221
32.1 -1.81312 0.151832
32.2 -1.79992 0.121673
32.3 -1.78655 0.0917351
32.4 -1.77299 0.0620223
32.5 -1.75923 0.0325376
32.6 -1.74527 0.00328416
32.7 -1.7311 -0.0257344
32.8 -1.7167 -0.0545145
32.9 -1.70206 -0.0830522
33 -1.68718 -0.111344
33.1 -1.67203 -0.139384
33.2 -1.6566 -0.16717
33.3 -1.64088 -0.194695
33.4 -1.62484 -0.221955
33.5 -1.60847 -0.248945
33.6 -1.59174 -0.275659
33.7 -1.57464 -0.30209
33.8 -1.55712 -0.328232
33.9 -1.53917 -0.354078
34 -1.52073 -0.379621
34.1 -1.50178 -0.404852
34.2 -1.48227 -0.429761
34.3 -1.46214 -0.45434
34.4 -1.44133 -0.478577
34.5 -1.41977 -0.50246
34.6 -1.39738 -0.525977
34.7 -1.37404 -0.549112
34.8 -1.34965 -0.571849
34.9 -1.32404 -0.594169
35 -1.29705 -0.61605
35.1 -1.26842 -0.637467
35.2 -1.23787 -0.658391
35.3 -1.20502 -0.678786
35.4 -1.16936 -0.69861
35.5 -1.13018 -0.71781
35.6 -1.08652 -0.736321
35.7 -1.03694 -0.754056
35.8 -0.979288 -0.770899
35.9 -0.910117 -0.786689
36 -0.823601 -0.801191
36.1 -0.70916 -0.814035
36.2 -0.545921 -0.824603
36.3 -0.28914 -0.831756
36.4 0.158187 -0.83322
36.5 0.918331 -0.824649
36.6 1.68541 -0.802337
36.7 1.9429 -0.771077
36.8 2.00069 -0.737767
36.9 2.00999 -0.704167
37 2.00498 -0.670617
37.1 1.99565 -0.637212
37.2 1.98499 -0.603982
37.3 1.97387 -0.570935
37.4 1.96254 -0.538076
37.5 1.95107 -0.505408
37.6 1.93948 -0.472932
37.7 1.92777 -0.440651
37.8 1.91593 -0.408567
37.9 1.90397 -0.376681
38 1.89188 -0.344995
38.1 1.87965 -0.313513
38.2 1.86729 -0.282236
38.3 1.85478 -0.251167
38.4 1.84211 -0.220307
38.5 1.82929 -0.189661
38.6 1.81631 -0.15923
38.7 1.80316 -0.129017
38.8 1.78983 -0.0990247
38.9 1.77632 -0.0692568
39 1.76261 -0.039716
39.1 1.7487 -0.0104058
39.2 1.73458 0.0186704
39.3 1.72024 0.0475091
39.4 1.70566 0.0761064
39.5 1.69083 0.104458
39.6 1.67575 0.13256
39.7 1.66039 0.160409
39.8 1.64474 0.187998
39.9 1.62879 0.215323
40 1.6125 0.24238
40.1 1.59586 0.269162
40.2 1.57885 0.295662
40.3 1.56144 0.321876
40.4 1.54359 0.347795
40.5 1.52528 0.373412
40.6 1.50646 0.39872
40.7 1.48709 0.423709
40.8 1.46712 0.448369
40.9 1.44648 0.472691
41 1.42511 0.496662
41.1 1.40293 0.520269
41.2 1.37983 0.543499
41.3 1.35571 0.566335
41.4 1.33042 0.588759
41.5 1.30378 0.610749
41.6 1.27558 0.632282
41.7 1.24553 0.653329
41.8 1.21328 0.673857
41.9 1.17836 0.693825
42 1.14012 0.713183
42.1 1.09766 0.731869
42.2 1.04969 0.749802
42.3 0.994268 0.766876
42.4 0.928329 0.782942
42.5 0.846784 0.797786
42.6 0.740552 0.811079
42.7 0.592094 0.822281
42.8 0.364499 0.830419
42.9 -0.0234229 0.833582
43 -0.70599 0.827967
43.1 -1.54009 0.80893
43.2 -1.91177 0.77907
43.3 -1.9937 0.745964
43.4 -2.0098 0.712383
43.5 -2.00683 0.678807
43.6 -1.99812 0.645363
43.7 -1.98766 0.612088
43.8 -1.97661 0.578996
43.9 -1.96532 0.546091
44 -1.95388 0.513376
44.1 -1.94232 0.480853
44.2 -1.93064 0.448524
44.3 -1.91884 0.416392
44.4 -1.90691 0.384457
44.5 -1.89485 0.352722
44.6 -1.88265 0.32119
44.7 -1.87032 0.289863
44.8 -1.85785 0.258742
44.9 -1.84522 0.227832
45 -1.83244 0.197133
45.1 -1.8195 0.166649
45.2 -1.80639 0.136382
45.3 -1.79311 0.106336
45.4 -1.77964 0.0765128
45.5 -1.76598 0.0469162
45.6 -1.75212 0.0175494
45.7 -1.73805 -0.0115844
45.8 -1.72376 -0.0404815
45.9 -1.70924 -0.0691382
46 -1.69448 -0.0975504
46.1 -1.67946 -0.125714
46.2 -1.66417 -0.153625
46.3 -1.6486 -0.181278
46.4 -1.63272 -0.208668
46.5 -1.61651 -0.235791
46.6 -1.59996 -0.26264
46.7 -1.58305 -0.28921
46.8 -1.56573 -0.315495
46.9 -1.548 -0.341486
47 -1.5298 -0.367178
47.1 -1.51111 -0.392562
47.2 -1.49188 -0.41763
47.3 -1.47206 -0.442372
47.4 -1.45159 -0.466777
47.5 -1.43041 -0.490835
47.6 -1.40843 -0.514533
47.7 -1.38557 -0.537856
47.8 -1.36171 -0.56079
47.9 -1.33672 -0.583316
48 -1.31043 -0.605415
48.1 -1.28263 -0.627062
48.2 -1.25306 -0.648231
48.3 -1.22139 -0.668889
48.4 -1.18718 -0.688998
48.5 -1.14982 -0.70851
48.6 -1.10849 -0.727367
48.7 -1.06202 -0.745493
48.8 -1.00865 -0.762789
48.9 -0.945648 -0.779118
49 -0.868555 -0.794285
49.1 -0.769539 -0.807997
49.2 -0.633787 -0.819778
49.3 -0.43075 -0.828793
49.4 -0.0932378 -0.833432
49.5 0.507544 -0.830443
49.6 1.35962 -0.814863
49.7 1.86753 -0.786926
49.8 1.98346 -0.754138
49.9 2.00864 -0.720598
50 2.00839 -0.687003
50.1 2.0005 -0.653521
50.2 1.9903 -0.620203
50.3 1.97934 -0.587066
50.4 1.9681 -0.554115
50.5 1.95669 -0.521353
50.6 1.94516 -0.488783
50.7 1.93351 -0.456407
50.8 1.92173 -0.424226
50.9 1.90983 -0.392242
51 1.89781 -0.360459
51.1 1.88565 -0.328877
51.2 1.87335 -0.297499
51.3 1.86091 -0.266328
51.4 1.84832 -0.235366
51.5 1.83558 -0.204615
51.6 1.82268 -0.174078
51.7 1.80961 -0.143758
51.8 1.79637 -0.113658
51.9 1.78295 -0.0837799
52 1.76934 -0.0541277
52.1 1.75553 -0.0247043
52.2 1.74151 0.00448672
52.3 1.72728 0.033442
52.4 1.71281 0.0621577
52.5 1.69811 0.0906301
52.6 1.68316 0.118855
52.7 1.66794 0.146828
52.8 1.65243 0.174544
52.9 1.63663 0.201999
53 1.6205 0.229188
53.1 1.60404 0.256105
53.2 1.58722 0.282744
53.3 1.57 0.309098
53.4 1.55237 0.335162
53.5 1.53429 0.360928
53.6 1.51573 0.386388
53.7 1.49663 0.411534
53.8 1.47696 0.436356
53.9 1.45665 0.460845
54 1.43565 0.484989
54.1 1.41388 0.508776
54.2 1.39124 0.532192
54.3 1.36764 0.555223
54.4 1.34294 0.57785
54.5 1.31698 0.600055
54.6 1.28957 0.621815
54.7 1.26047 0.643103
54.8 1.22935 0.66389
54.9 1.1958 0.684137
55 1.15928 0.7038
55.1 1.11901 0.722823
55.2 1.07393 0.741136
55.3 1.02245 0.758645
55.4 0.962133 0.775226
55.5 0.889039 0.790699
55.6 0.796389 0.804802
55.7 0.671605 0.817114
55.8 0.489291 0.826913
55.9 0.194103 0.832839
56 -0.328907 0.832144
56.1 -1.15451 0.820011
56.2 -1.79955 0.794512
56.3 -1.96783 0.762259
56.4 -2.0059 0.728801
56.5 -2.00947 0.695196
56.6 -2.00274 0.661679
56.7 -1.99289 0.628319
56.8 -1.98205 0.595137
56.9 -1.97086 0.562141
57 -1.95949 0.529333
57.1 -1.94798 0.496716
57.2 -1.93636 0.464292
57.3 -1.92462 0.432063
57.4 -1.91275 0.400031
57.5 -1.90075 0.368198
57.6 -1.88863 0.336567
57.7 -1.87636 0.305139
57.8 -1.86396 0.273917
57.9 -1.85141 0.242904
58 -1.83871 0.212101
58.1 -1.82584 0.181512
58.2 -1.81282 0.151139
58.3 -1.79962 0.120985
58.4 -1.78624 0.0910521
58.5 -1.77268 0.0613446
58.6 -1.75892 0.0318651
58.7 -1.74495 0.00261698
58.8 -1.73077 -0.0263962
58.9 -1.71637 -0.0551708
59 -1.70172 -0.0837029
59.1 -1.68683 -0.111988
59.2 -1.67168 -0.140023
59.3 -1.65624 -0.167803
59.4 -1.64051 -0.195322
59.5 -1.62447 -0.222576
59.6 -1.60809 -0.24956
59.7 -1.59136 -0.276267
59.8 -1.57424 -0.302692
59.9 -1.55672 -0.328827
60 -1.53875 -0.354667
60.1 -1.5203 -0.380202
60.2 -1.50134 -0.405426
60.3 -1.48182 -0.430328
60.4 -1.46167 -0.454899
60.5 -1.44085 -0.479128
60.6 -1.41927 -0.503003
60.7 -1.39685 -0.526511
60.8 -1.3735 -0.549638
60.9 -1.34908 -0.572365
61 -1.32344 -0.594675
61.1 -1.29641 -0.616546
61.2 -1.26774 -0.637952
61.3 -1.23715 -0.658864
61.4 -1.20424 -0.679247
61.5 -1.1685 -0.699057
61.6 -1.12924 -0.718242
61.7 -1.08546 -0.736736
61.8 -1.03572 -0.754452
61.9 -0.97785 -0.771273
62 -0.908358 -0.787037
62.1 -0.821346 -0.801505
62.2 -0.706078 -0.814306
62.3 -0.541331 -0.824811
62.4 -0.28154 -0.831865
62.5 0.171844 -0.833157
62.6 0.938638 -0.824292
62.7 1.69704 -0.801689
62.8 1.94538 -0.770323
62.9 2.00123 -0.736998
63 2.00997 -0.703396
63.1 2.0048 -0.669849
63.2 1.99542 -0.636448
63.3 1.98474 -0.603222
63.4 1.97361 -0.57018
63.5 1.96228 -0.537325
63.6 1.9508 -0.504661
63.7 1.93921 -0.47219
63.8 1.9275 -0.439913
63.9 1.91566 -0.407833
64 1.90369 -0.375952
64.1 1.8916 -0.344271
64.2 1.87937 -0.312794
64.3 1.867 -0.281521
64.4 1.85449 -0.250457
64.5 1.84182 -0.219602
64.6 1.829 -0.188961
64.7 1.81601 -0.158535
64.8 1.80286 -0.128327
64.9 1.78952 -0.0983397
65 1.77601 -0.0685769
65.1 1.76229 -0.0390415
65.2 1.74838 -0.00973656
65.3 1.73425 0.0193343
65.4 1.7199 0.0481675
65.5 1.70532 0.0767591
65.6 1.69049 0.105105
65.7 1.6754 0.133202
65.8 1.66004 0.161044
65.9 1.64438 0.188627
66 1.62842 0.215947
66.1 1.61212 0.242997
66.2 1.59548 0.269772
66.3 1.57846 0.296267
66.4 1.56103 0.322473
66.5 1.54318 0.348386
66.6 1.52485 0.373996
66.7 1.50602 0.399296
66.8 1.48664 0.424278
66.9 1.46665 0.448931
67 1.446 0.473244
67.1 1.42461 0.497207
67.2 1.40241 0.520806
67.3 1.37929 0.544027
67.4 1.35515 0.566854
67.5 1.32982 0.589268
67.6 1.30315 0.611248
67.7 1.27491 0.63277
67.8 1.24482 0.653806
67.9 1.21252 0.674321
68 1.17753 0.694276
68.1 1.1392 0.713619
68.2 1.09663 0.732289
68.3 1.04852 0.750204
68.4 0.992889 0.767256
68.5 0.92666 0.783297
68.6 0.844671 0.798109
68.7 0.737714 0.811362
68.8 0.587963 0.822507
68.9 0.357839 0.830557
69 -0.0352631 0.833571
69.1 -0.725451 0.827692
69.2 -1.55534 0.808338
69.3 -1.91512 0.778324
69.4 -1.99447 0.745196
69.5 -2.00985 0.711612
69.6 -2.00667 0.678038
69.7 -1.9979 0.644597
69.8 -1.98741 0.611327
69.9 -1.97636 0.578239
70 -1.96506 0.545339
70.1 -1.95362 0.512628
70.2 -1.94206 0.48011
70.3 -1.93037 0.447785
70.4 -1.91856 0.415657
70.5 -1.90663 0.383727
70.6 -1.89457 0.351997
70.7 -1.88237 0.320469
70.8 -1.87004 0.289146
70.9 -1.85756 0.258031
71 -1.84493 0.227125
71.1 -1.83215 0.196431
71.2 -1.8192 0.165952
71.3 -1.80609 0.13569
71.4 -1.7928 0.105649
71.5 -1.77933 0.0758313
71.6 -1.76566 0.0462399
71.7 -1.7518 0.0168783
71.8 -1.73773 -0.01225
71.9 -1.72343 -0.0411417
72 -1.70891 -0.0697927
72.1 -1.69414 -0.0981993
72.2 -1.67912 -0.126357
72.3 -1.66382 -0.154262
72.4 -1.64824 -0.181909
72.5 -1.63235 -0.209294
72.6 -1.61614 -0.23641
72.7 -1.59958 -0.263253
72.8 -1.58265 -0.289817
72.9 -1.56533 -0.316094
73 -1.54758 -0.342079
73.1 -1.52938 -0.367764
73.2 -1.51067 -0.393141
73.3 -1.49143 -0.418201
73.4 -1.47159 -0.442935
73.5 -1.45111 -0.467333
73.6 -1.42991 -0.491383
73.7 -1.40792 -0.515072
73.8 -1.38503 -0.538387
73.9 -1.36115 -0.561312
74 -1.33613 -0.583828
74.1 -1.30981 -0.605916
74.2 -1.28197 -0.627553
74.3 -1.25236 -0.64871
74.4 -1.22064 -0.669356
74.5 -1.18636 -0.689452
74.6 -1.14892 -0.70895
74.7 -1.10749 -0.727791
74.8 -1.06088 -0.7459
74.9 -1.00732 -0.763175
75 -0.944059 -0.779479
75.1 -0.866568 -0.794617
75.2 -0.766914 -0.808291
75.3 -0.630048 -0.82002
75.4 -0.42488 -0.828957
75.5 -0.0829986 -0.833466
75.6 0.525382 -0.830245
75.7 1.3778 -0.814338
75.8 1.8725 -0.786198
75.9 1.98461 -0.753372
76 2.0088 -0.719828
76.1 2.00826 -0.686234
76.2 2.00029 -0.652755
76.3 1.99005 -0.619442
76.4 1.97909 -0.586309
76.5 1.96784 -0.553362
76.6 1.95643 -0.520605
76.7 1.94489 -0.488039
76.8 1.93324 -0.455667
76.9 1.92146 -0.423491
77 1.90956 -0.391512
77.1 1.89753 -0.359733
77.2 1.88537 -0.328155
77.3 1.87307 -0.296783
77.4 1.86062 -0.265616
77.5 1.84803 -0.234659
77.6 1.83529 -0.203913
77.7 1.82238 -0.173381
77.8 1.80931 -0.143066
77.9 1.79606 -0.112971
78 1.78264 -0.0830978
78.1 1.76902 -0.0534508
78.2 1.75521 -0.0240328
78.3 1.74119 0.00515294
78.4 1.72695 0.0341028
78.5 1.71248 0.062813
78.6 1.69777 0.0912797
78.7 1.68281 0.119499
78.8 1.66758 0.147466
78.9 1.65207 0.175176
79 1.63626 0.202625
79.1 1.62013 0.229808
79.2 1.60366 0.256718
79.3 1.58683 0.283351
79.4 1.5696 0.309699
79.5 1.55196 0.335756
79.6 1.53387 0.361515
79.7 1.51529 0.386968
79.8 1.49619 0.412106
79.9 1.4765 0.436921
80 1.45618 0.461402
80.1 1.43516 0.485538
80.2 1.41337 0.509317
80.3 1.39071 0.532724
80.4 1.36709 0.555746
80.5 1.34236 0.578364
80.6 1.31637 0.600559
80.7 1.28893 0.622308
80.8 1.25978 0.643586
80.9 1.22861 0.66436
81 1.195 0.684594
81.1 1.1584 0.704243
81.2 1.11804 0.723251
81.3 1.07283 0.741547
81.4 1.02118 0.759036
81.5 0.96062 0.775594
81.6 0.887168 0.791039
81.7 0.793954 0.805106
81.8 0.668207 0.81737
81.9 0.484093 0.827099
82 0.185246 0.832912
82.1 -0.344753 0.832015
82.2 -1.17444 0.819564
82.3 -1.80726 0.793815
82.4 -1.96957 0.761499
82.5 -2.00624 0.728032
82.6 -2.00939 0.694427
82.7 -2.00254 0.660913
82.8 -1.99264 0.627558
82.9 -1.9818 0.59438
83 -1.9706 0.561387
83.1 -1.95923 0.528583
83.2 -1.94772 0.495971
83.3 -1.93609 0.463551
83.4 -1.92435 0.431327
83.5 -1.91248 0.3993
83.6 -1.90048 0.367472
83.7 -1.88835 0.335845
83.8 -1.87608 0.304422
83.9 -1.86367 0.273205
84 -1.85112 0.242196
84.1 -1.83841 0.211398
84.2 -1.82555 0.180814
84.3 -1.81252 0.150446
84.4 -1.79931 0.120297
84.5 -1.78593 0.0903693
84.6 -1.77236 0.0606669
84.7 -1.7586 0.0311927
84.8 -1.74463 0.00194994
84.9 -1.73044 -0.0270578
85 -1.71603 -0.0558269
85.1 -1.70139 -0.0843534
85.2 -1.68649 -0.112633
85.3 -1.67133 -0.140662
85.4 -1.65589 -0.168436
85.5 -1.64015 -0.195949
85.6 -1.6241 -0.223197
85.7 -1.60771 -0.250175
85.8 -1.59097 -0.276875
85.9 -1.57384 -0.303294
86 -1.55631 -0.329423
86.1 -1.53833 -0.355255
86.2 -1.51988 -0.380783
86.3 -1.5009 -0.405999
86.4 -1.48136 -0.430894
86.5 -1.4612 -0.455457
86.6 -1.44036 -0.479679
86.7 -1.41877 -0.503546
86.8 -1.39633 -0.527045
86.9 -1.37295 -0.550163
87 -1.3485 -0.572881
87.1 -1.32284 -0.595181
87.2 -1.29577 -0.617042
87.3 -1.26707 -0.638437
87.4 -1.23642 -0.659337
87.5 -1.20346 -0.679707
87.6 -1.16765 -0.699504
87.7 -1.12829 -0.718674
87.8 -1.08439 -0.737151
87.9 -1.0345 -0.754847
88 -0.976405 -0.771646
88.1 -0.906591 -0.787384
88.2 -0.819078 -0.801819
88.3 -0.702971 -0.814575
88.4 -0.536693 -0.825017
88.5 -0.273842 -0.831971
88.6 0.185681 -0.833088
88.7 0.958972 -0.823928
88.8 1.70831 -0.801036
88.9 1.94779 -0.769569
89 2.00175 -0.736229
89.1 2.00995 -0.702626
89.2 2.00461 -0.669082
89.3 1.99518 -0.635685
89.4 1.98449 -0.602463
89.5 1.97335 -0.569424
89.6 1.96202 -0.536574
89.7 1.95054 -0.503915
89.8 1.93894 -0.471448
89.9 1.92723 -0.439176
90 1.91539 -0.4071
90.1 1.90342 -0.375223
90.2 1.89132 -0.343547
90.3 1.87909 -0.312074
90.4 1.86672 -0.280807
90.5 1.8542 -0.249747
90.6 1.84153 -0.218898
90.7 1.8287 -0.188261
90.8 1.81571 -0.15784
90.9 1.80255 -0.127637
91 1.78922 -0.0976549
91.1 1.77569 -0.0678973
91.2 1.76198 -0.0383671
91.3 1.74806 -0.00906752
91.4 1.73393 0.0199979
91.5 1.71957 0.0488256
91.6 1.70498 0.0774117
91.7 1.69015 0.105752
91.8 1.67505 0.133843
91.9 1.65968 0.161679
92 1.64402 0.189257
92.1 1.62805 0.21657
92.2 1.61174 0.243614
92.3 1.59509 0.270383
92.4 1.57806 0.296871
92.5 1.56063 0.323071
92.6 1.54276 0.348976
92.7 1.52443 0.37458
92.8 1.50558 0.399873
92.9 1.48619 0.424847
93 1.46618 0.449492
93.1 1.44552 0.473798
93.2 1.42411 0.497752
93.3 1.40189 0.521343
93.4 1.37875 0.544555
93.5 1.35458 0.567372
93.6 1.32923 0.589777
93.7 1.30252 0.611747
93.8 1.27424 0.633258
93.9 1.2441 0.654282
94 1.21175 0.674785
94.1 1.17669 0.694726
94.2 1.13827 0.714055
94.3 1.0956 0.732708
94.4 1.04733 0.750605
94.5 0.991504 0.767636
94.6 0.924982 0.783651
94.7 0.842545 0.798432
94.8 0.734854 0.811644
94.9 0.583792 0.822731
95 0.351099 0.830693
95.1 -0.0472647 0.833555
95.2 -0.745031 0.82741
95.3 -1.57027 0.807739
95.4 -1.91837 0.777577
95.5 -1.99521 0.744427
95.6 -2.00989 0.71084
95.7 -2.0065 0.677269
95.8 -1.99767 0.643832
95.9 -1.98716 0.610566
96 -1.9761 0.577482
96.1 -1.9648 0.544586
96.2 -1.95336 0.51188
96.3 -1.94179 0.479366
96.4 -1.9301 0.447046
96.5 -1.91829 0.414922
96.6 -1.90636 0.382996
96.7 -1.89429 0.351271
96.8 -1.88209 0.319748
96.9 -1.86975 0.28843
97 -1.85727 0.257319
97.1 -1.84464 0.226418
97.2 -1.83185 0.195729
97.3 -1.8189 0.165255
97.4 -1.80579 0.134999
97.5 -1.79249 0.104962
97.6 -1.77902 0.0751498
97.7 -1.76535 0.0455637
97.8 -1.75148 0.0162074
97.9 -1.7374 -0.0129156
98 -1.7231 -0.0418017
98.1 -1.70857 -0.0704472
98.2 -1.6938 -0.0988481
98.3 -1.67877 -0.127
98.4 -1.66347 -0.154899
98.5 -1.64788 -0.18254
98.6 -1.63198 -0.209919
98.7 -1.61576 -0.237029
98.8 -1.5992 -0.263866
98.9 -1.58226 -0.290423
99 -1.56493 -0.316694
99.1 -1.54717 -0.342672
99.2 -1.52895 -0.36835
99.3 -1.51024 -0.39372
99.4 -1.49098 -0.418772
99.5 -1.47113 -0.443499
99.6 -1.45063 -0.467889
99.7 -1.42942 -0.49193
99.8 -1.4074 -0.515611
99.9 -1.3845 -0.538917
100 -1.36059 -0.561833
100.1 -1.33554 -0.58434
100.2 -1.30919 -0.606418
100.3 -1.28131 -0.628044
100.4 -1.25166 -0.64919
100.5 -1.21988 -0.669824
100.6 -1.18554 -0.689906
100.7 -1.14802 -0.70939
100.8 -1.10648 -0.728215
100.9 -1.05974 -0.746306
101 -1.00599 -0.76356
101.1 -0.942463 -0.779841
101.2 -0.86457 -0.794949
101.3 -0.764269 -0.808585
101.4 -0.626274 -0.820261
101.5 -0.418942 -0.829118
101.6 -0.0726183 -0.833496
101.7 0.543395 -0.83004
101.8 1.39575 -0.813806
101.9 1.87727 -0.785467
102 1.98572 -0.752607
102.1 2.00896 -0.719057
102.2 2.00813 -0.685465
102.3 2.00007 -0.65199
102.4 1.9898 -0.61868
102.5 1.97883 -0.585551
102.6 1.96758 -0.552609
102.7 1.95617 -0.519856
102.8 1.94463 -0.487295
102.9 1.93297 -0.454927
103 1.92119 -0.422755
103.1 1.90928 -0.390781
103.2 1.89725 -0.359007
103.3 1.88509 -0.327434
103.4 1.87278 -0.296066
103.5 1.86034 -0.264904
103.6 1.84774 -0.233952
103.7 1.83499 -0.203211
103.8 1.82208 -0.172684
103.9 1.80901 -0.142374
104 1.79576 -0.112283
104.1 1.78233 -0.0824157
104.2 1.76871 -0.052774
104.3 1.75489 -0.0233612
104.4 1.74086 0.00581913
104.5 1.72662 0.0347635
104.6 1.71215 0.0634682
104.7 1.69743 0.0919293
104.8 1.68247 0.120143
104.9 1.66723 0.148104
105 1.65171 0.175808
105.1 1.63589 0.203252
105.2 1.61976 0.230428
105.3 1.60328 0.257332
105.4 1.58644 0.283958
105.5 1.5692 0.310299
105.6 1.55155 0.33635
105.7 1.53345 0.362102
105.8 1.51486 0.387548
105.9 1.49574 0.412679
106 1.47604 0.437486
106.1 1.45571 0.461959
106.2 1.43467 0.486087
106.3 1.41286 0.509857
106.4 1.39018 0.533256
106.5 1.36653 0.556269
106.6 1.34178 0.578877
106.7 1.31576 0.601063
106.8 1.28828 0.622801
106.9 1.25909 0.644067
107 1.22787 0.66483
107.1 1.1942 0.685051
107.2 1.15752 0.704686
107.3 1.11706 0.723679
107.4 1.07173 0.741957
107.5 1.0199 0.759427
107.6 0.9591 0.775961
107.7 0.885287 0.791378
107.8 0.791502 0.80541
107.9 0.664779 0.817625
108 0.478836 0.827284
108.1 0.176269 0.832981
108.2 -0.36079 0.83188
108.3 -1.19426 0.819109
108.4 -1.81467 0.793115
108.5 -1.97126 0.760739
108.6 -2.00656 0.727262
108.7 -2.00931 0.693658
108.8 -2.00233 0.660148
108.9 -1.9924 0.626796
109 -1.98154 0.593622
109.1 -1.97034 0.560634
109.2 -1.95896 0.527835
109.3 -1.94746 0.495226
109.4 -1.93583 0.462811
109.5 -1.92408 0.430591
109.6 -1.9122 0.398569
109.7 -1.9002 0.366745
109.8 -1.88807 0.335123
109.9 -1.8758 0.303705
110 -1.86339 0.272493
110.1 -1.85083 0.241489
110.2 -1.83812 0.210696
110.3 -1.82525 0.180116
110.4 -1.81222 0.149753
110.5 -1.79901 0.119609
110.6 -1.78562 0.0896866
110.7 -1.77205 0.0599894
110.8 -1.75828 0.0305204
110.9 -1.74431 0.00128303
111 -1.73012 -0.0277193
111.1 -1.7157 -0.0564828
111.2 -1.70105 -0.0850038
111.3 -1.68614 -0.113278
111.4 -1.67098 -0.141301
111.5 -1.65553 -0.169069
111.6 -1.63979 -0.196576
111.7 -1.62373 -0.223818
111.8 -1.60733 -0.250789
111.9 -1.59058 -0.277484
112 -1.57345 -0.303895
112.1 -1.5559 -0.330017
112.2 -1.53791 -0.355843
112.3 -1.51945 -0.381364
112.4 -1.50046 -0.406573
112.5 -1.48091 -0.43146
112.6 -1.46073 -0.456016
112.7 -1.43988 -0.480229
112.8 -1.41826 -0.504088
112.9 -1.39581 -0.527579
113 -1.3724 -0.550687
113.1 -1.34793 -0.573396
113.2 -1.32224 -0.595687
113.3 -1.29513 -0.617537
113.4 -1.26639 -0.638921
113.5 -1.2357 -0.65981
113.6 -1.20267 -0.680167
113.7 -1.16679 -0.69995
113.8 -1.12734 -0.719105
113.9 -1.08332 -0.737565
114 -1.03327 -0.755243
114.1 -0.974954 -0.772019
114.2 -0.904815 -0.78773
114.3 -0.816795 -0.802132
114.4 -0.699839 -0.814843
114.5 -0.532007 -0.825221
114.6 -0.266045 -0.832074
114.7 0.199701 -0.833015
114.8 0.979321 -0.823556
114.9 1.71923 -0.800378
115 1.95014 -0.768814
115.1 2.00226 -0.735459
115.2 2.00992 -0.701856
115.3 2.00442 -0.668314
115.4 1.99495 -0.634921
115.5 1.98424 -0.601703
115.6 1.9731 -0.568669
115.7 1.96175 -0.535824
115.8 1.95028 -0.503169
115.9 1.93868 -0.470706
116 1.92696 -0.438438
116.1 1.91511 -0.406367
116.2 1.90314 -0.374495
116.3 1.89104 -0.342824
116.4 1.87881 -0.311356
116.5 1.86643 -0.280093
116.6 1.85391 -0.249038
116.7 1.84124 -0.218193
116.8 1.82841 -0.187561
116.9 1.81541 -0.157145
117 1.80225 -0.126947
117.1 1.78891 -0.0969703
117.2 1.77538 -0.0672179
117.3 1.76166 -0.0376929
117.4 1.74774 -0.00839869
117.5 1.7336 0.0206613
117.6 1.71924 0.0494835
117.7 1.70465 0.0780641
117.8 1.68981 0.106399
117.9 1.6747 0.134484
118 1.65933 0.162314
118.1 1.64366 0.189886
118.2 1.62768 0.217193
118.3 1.61137 0.244231
118.4 1.59471 0.270993
118.5 1.57767 0.297474
118.6 1.56023 0.323668
118.7 1.54235 0.349566
118.8 1.524 0.375163
118.9 1.50515 0.400449
119 1.48574 0.425415
119.1 1.46572 0.450053
119.2 1.44503 0.474351
119.3 1.42361 0.498297
119.4 1.40137 0.521879
119.5 1.37821 0.545082
119.6 1.35401 0.567891
119.7 1.32863 0.590285
119.8 1.30189 0.612245
119.9 1.27357 0.633745
120 1.24339 0.654758
120.1 1.21097 0.675249
120.2 1.17585 0.695176
120.3 1.13735 0.71449
120.4 1.09456 0.733127
120.5 1.04615 0.751005
120.6 0.990114 0.768015
120.7 0.923297 0.784005
120.8 0.840407 0.798754
120.9 0.731972 0.811925
121 0.57958 0.822954
121.1 0.344276 0.830826
121.2 -0.0594295 0.833535
121.3 -0.764723 0.82712
121.4 -1.58487 0.807135
121.5 -1.92152 0.776829
121.6 -1.99592 0.743658
121.7 -2.00993 0.710069
121.8 -2.00633 0.6765
121.9 -1.99744 0.643067
122 -1.98691 0.609805
122.1 -1.97584 0.576726
122.2 -1.96454 0.543834
122.3 -1.95309 0.511132
122.4 -1.94152 0.478622
122.5 -1.92983 0.446307
122.6 -1.91802 0.414187
122.7 -1.90608 0.382266
122.8 -1.89401 0.350546
122.9 -1.88181 0.319027
123 -1.86947 0.287714
123.1 -1.85698 0.256608
123.2 -1.84435 0.225712
123.3 -1.83156 0.195028
123.4 -1.8186 0.164559
123.5 -1.80548 0.134307
123.6 -1.79219 0.104276
123.7 -1.7787 0.0744685
123.8 -1.76503 0.0448876
123.9 -1.75116 0.0155367
124 -1.73708 -0.0135809
124.1 -1.72277 -0.0424616
124.2 -1.70824 -0.0711015
124.3 -1.69346 -0.0994968
124.4 -1.67842 -0.127643
124.5 -1.66311 -0.155536
124.6 -1.64751 -0.183171
124.7 -1.63161 -0.210544
124.8 -1.61538 -0.237648
124.9 -1.59881 -0.264478
125 -1.58187 -0.291029
125.1 -1.56453 -0.317293
125.2 -1.54676 -0.343264
125.3 -1.52853 -0.368935
125.4 -1.5098 -0.394298
125.5 -1.49053 -0.419343
125.6 -1.47067 -0.444062
125.7 -1.45015 -0.468444
125.8 -1.42892 -0.492478
125.9 -1.40689 -0.51615
126 -1.38396 -0.539447
126.1 -1.36003 -0.562354
126.2 -1.33495 -0.584851
126.3 -1.30856 -0.606919
126.4 -1.28065 -0.628535
126.5 -1.25095 -0.649669
126.6 -1.21913 -0.670291
126.7 -1.18471 -0.69036
126.8 -1.14711 -0.70983
126.9 -1.10548 -0.728639
127 -1.05859 -0.746711
127.1 -1.00466 -0.763945
127.2 -0.940859 -0.780201
127.3 -0.862561 -0.79528
127.4 -0.761606 -0.808877
127.5 -0.622466 -0.8205
127.6 -0.412934 -0.829278
127.7 -0.062095 -0.833522
127.8 0.561578 -0.829828
127.9 1.41346 -0.813267
128 1.88185 -0.784735
128.1 1.98679 -0.751841
128.2 2.0091 -0.718287
128.3 2.00799 -0.684696
128.4 1.99985 -0.651224
128.5 1.98956 -0.617919
128.6 1.97858 -0.584794
128.7 1.96732 -0.551856
128.8 1.9559 -0.519108
128.9 1.94436 -0.486551
129 1.9327 -0.454188
129.1 1.92092 -0.42202
129.2 1.90901 -0.39005
129.3 1.89697 -0.358281
129.4 1.88481 -0.326713
129.5 1.8725 -0.295349
129.6 1.86005 -0.264192
129.7 1.84745 -0.233245
129.8 1.8347 -0.202508
129.9 1.82179 -0.171986
130 1.80871 -0.141681
130.1 1.79545 -0.111596
130.2 1.78202 -0.0817337
130.3 1.76839 -0.0520972
130.4 1.75457 -0.0226897
130.5 1.74054 0.00648528
130.6 1.72629 0.0354242
130.7 1.71181 0.0641233
130.8 1.69709 0.0925788
130.9 1.68212 0.120786
131 1.66688 0.148742
131.1 1.65135 0.17644
131.2 1.63553 0.203877
131.3 1.61938 0.231048
131.4 1.6029 0.257945
131.5 1.58604 0.284565
131.6 1.5688 0.3109
131.7 1.55114 0.336944
131.8 1.53303 0.362689
131.9 1.51443 0.388127
132 1.4953 0.413251
132.1 1.47558 0.438051
132.2 1.45523 0.462516
132.3 1.43418 0.486636
132.4 1.41235 0.510398
132.5 1.38965 0.533788
132.6 1.36598 0.556792
132.7 1.3412 0.579391
132.8 1.31515 0.601566
132.9 1.28763 0.623294
133 1.2584 0.644549
133.1 1.22712 0.6653
133.2 1.19339 0.685508
133.3 1.15664 0.705129
133.4 1.11608 0.724106
133.5 1.07062 0.742367
133.6 1.01862 0.759817
133.7 0.957573 0.776328
133.8 0.883396 0.791717
133.9 0.789033 0.805712
134 0.661321 0.817879
134.1 0.47352 0.827466
134.2 0.16717 0.833047
134.3 -0.37702 0.831739
134.4 -1.21396 0.818647
134.5 -1.82178 0.792412
134.6 -1.97288 0.759979
134.7 -2.00686 0.726493
134.8 -2.00922 0.692889
134.9 -2.00213 0.659382
135 -1.99216 0.626034
135.1 -1.98129 0.592865
135.2 -1.97008 0.559881
135.3 -1.9587 0.527086
135.4 -1.94719 0.494482
135.5 -1.93556 0.462071
135.6 -1.92381 0.429856
135.7 -1.91193 0.397838
135.8 -1.89993 0.366019
135.9 -1.88779 0.334401
136 -1.87552 0.302988
136.1 -1.8631 0.27178
136.2 -1.85054 0.240781
136.3 -1.83783 0.209993
136.4 -1.82495 0.179418
136.5 -1.81192 0.14906
136.6 -1.7987 0.118921
136.7 -1.78531 0.089004
136.8 -1.77174 0.059312
136.9 -1.75796 0.0298483
137 -1.74398 0.00061624
137.1 -1.72979 -0.0283806
137.2 -1.71537 -0.0571387
137.3 -1.70071 -0.085654
137.4 -1.6858 -0.113923
137.5 -1.67063 -0.14194
137.6 -1.65517 -0.169702
137.7 -1.63942 -0.197203
137.8 -1.62336 -0.224439
137.9 -1.60695 -0.251404
138 -1.59019 -0.278092
138.1 -1.57305 -0.304497
138.2 -1.5555 -0.330612
138.3 -1.5375 -0.356431
138.4 -1.51902 -0.381945
138.5 -1.50002 -0.407147
138.6 -1.48045 -0.432026
138.7 -1.46026 -0.456574
138.8 -1.43939 -0.480779
138.9 -1.41776 -0.50463
139 -1.39528 -0.528112
139.1 -1.37186 -0.551212
139.2 -1.34736 -0.573912
139.3 -1.32163 -0.596192
139.4 -1.2945 -0.618032
139.5 -1.26571 -0.639405
139.6 -1.23497 -0.660282
139.7 -1.20188 -0.680626
139.8 -1.16593 -0.700396
139.9 -1.12639 -0.719536
140 -1.08225 -0.737979
140.1 -1.03204 -0.755637
140.2 -0.973498 -0.772392
140.3 -0.903029 -0.788076
140.4 -0.814497 -0.802444
140.5 -0.696682 -0.81511
140.6 -0.527272 -0.825424
140.7 -0.258146 -0.832175
140.8 0.213906 -0.832936
140.9 0.999676 -0.823177
141 1.72981 -0.799717
141.1 1.95242 -0.768058
141.2 2.00274 -0.73469
141.3 2.00989 -0.701086
141.4 2.00424 -0.667547
141.5 1.99471 -0.634158
141.6 1.98398 -0.600944
141.7 1.97284 -0.567915
141.8 1.96149 -0.535073
141.9 1.95001 -0.502423
142 1.93841 -0.469965
142.1 1.92669 -0.437701
142.2 1.91484 -0.405635
142.3 1.90287 -0.373767
142.4 1.89076 -0.3421
142.5 1.87853 -0.310637
142.6 1.86615 -0.279379
142.7 1.85362 -0.248328
142.8 1.84094 -0.217489
142.9 1.82811 -0.186862
143 1.81511 -0.15645
143.1 1.80195 -0.126258
143.2 1.7886 -0.096286
143.3 1.77507 -0.0665387
143.4 1.76134 -0.037019
143.5 1.74742 -0.00773007
143.6 1.73327 0.0213246
143.7 1.71891 0.0501412
143.8 1.70431 0.0787162
143.9 1.68946 0.107045
144 1.67435 0.135124
144.1 1.65897 0.162949
144.2 1.64329 0.190514
144.3 1.62731 0.217816
144.4 1.61099 0.244847
144.5 1.59432 0.271603
144.6 1.57727 0.298078
144.7 1.55982 0.324265
144.8 1.54193 0.350156
144.9 1.52358 0.375746
145 1.50471 0.401024
145.1 1.48528 0.425984
145.2 1.46525 0.450613
145.3 1.44455 0.474903
145.4 1.42311 0.498842
145.5 1.40085 0.522415
145.6 1.37767 0.54561
145.7 1.35344 0.568409
145.8 1.32803 0.590793
145.9 1.30126 0.612743
146 1.2729 0.634232
146.1 1.24267 0.655233
146.2 1.2102 0.675712
146.3 1.17501 0.695626
146.4 1.13642 0.714925
146.5 1.09352 0.733546
146.6 1.04496 0.751405
146.7 0.988719 0.768394
146.8 0.921603 0.784358
146.9 0.838257 0.799075
147 0.729069 0.812204
147.1 0.575327 0.823175
147.2 0.337369 0.830957
147.3 -0.0717593 0.83351
147.4 -0.784518 0.826823
147.5 -1.59914 0.806526
147.6 -1.92458 0.77608
147.7 -1.99661 0.742889
147.8 -2.00996 0.709298
147.9 -2.00616 0.675731
148 -1.99721 0.642302
148.1 -1.98666 0.609044
148.2 -1.97558 0.575969
148.3 -1.96428 0.543081
148.4 -1.95283 0.510384
148.5 -1.94125 0.477879
148.6 -1.92956 0.445567
148.7 -1.91775 0.413453
148.8 -1.90581 0.381536
148.9 -1.89373 0.34982
149 -1.88153 0.318307
149.1 -1.86918 0.286998
149.2 -1.8567 0.255897
149.3 -1.84406 0.225006
149.4 -1.83126 0.194326
149.5 -1.81831 0.163862
149.6 -1.80518 0.133616
149.7 -1.79188 0.10359
149.8 -1.77839 0.0737873
149.9 -1.76472 0.0442117
150 -1.75084 0.014866
150.1 -1.73675 -0.0142462
150.2 -1.72244 -0.0431214
150.3 -1.7079 -0.0717558
150.4 -1.69311 -0.100145
150.5 -1.67807 -0.128286
150.6 -1.66276 -0.156173
150.7 -1.64715 -0.183802
150.8 -1.63124 -0.211169
150.9 -1.61501 -0.238266
151 -1.59843 -0.26509
151.1 -1.58147 -0.291634
151.2 -1.56412 -0.317892
151.3 -1.54635 -0.343857
151.4 -1.52811 -0.369521
151.5 -1.50937 -0.394876
151.6 -1.49008 -0.419914
151.7 -1.47021 -0.444626
151.8 -1.44968 -0.469
151.9 -1.42842 -0.493025
152 -1.40637 -0.516689
152.1 -1.38342 -0.539977
152.2 -1.35947 -0.562875
152.3 -1.33436 -0.585362
152.4 -1.30794 -0.60742
152.5 -1.27999 -0.629025
152.6 -1.25025 -0.650148
152.7 -1.21837 -0.670758
152.8 -1.18389 -0.690814
152.9 -1.14621 -0.710269
153 -1.10446 -0.729062
153.1 -1.05744 -0.747117
153.2 -1.00332 -0.76433
153.3 -0.939248 -0.780561
153.4 -0.86054 -0.79561
153.5 -0.758923 -0.809168
153.6 -0.618622 -0.820738
153.7 -0.406855 -0.829435
153.8 -0.0514269 -0.833544
153.9 0.579928 -0.829609
154 1.43092 -0.812722
154.1 1.88626 -0.784001
154.2 1.98781 -0.751075
154.3 2.00922 -0.717516
154.4 2.00785 -0.683927
154.5 1.99962 -0.650459
154.6 1.98931 -0.617157
154.7 1.97832 -0.584037
154.8 1.96706 -0.551103
154.9 1.95564 -0.518359
155 1.9441 -0.485807
155.1 1.93243 -0.453448
155.2 1.92065 -0.421285
155.3 1.90874 -0.38932
155.4 1.8967 -0.357555
155.5 1.88453 -0.325991
155.6 1.87222 -0.294633
155.7 1.85976 -0.26348
155.8 1.84716 -0.232538
155.9 1.8344 -0.201806
156 1.82149 -0.171289
156.1 1.8084 -0.140989
156.2 1.79515 -0.110909
156.3 1.78171 -0.0810517
156.4 1.76808 -0.0514204
156.5 1.75425 -0.0220182
156.6 1.74021 0.00715139
156.7 1.72596 0.0360849
156.8 1.71148 0.0647785
156.9 1.69675 0.0932283
157 1.68177 0.12143
157.1 1.66653 0.14938
157.2 1.65099 0.177072
157.3 1.63516 0.204503
157.4 1.61901 0.231667
157.5 1.60251 0.258559
157.6 1.58565 0.285172
157.7 1.5684 0.3115
157.8 1.55073 0.337537
157.9 1.53261 0.363275
158 1.514 0.388707
158.1 1.49485 0.413823
158.2 1.47512 0.438616
158.3 1.45476 0.463073
158.4 1.43369 0.487185
158.5 1.41184 0.510938
158.6 1.38912 0.53432
158.7 1.36542 0.557314
158.8 1.34061 0.579904
158.9 1.31453 0.602069
159 1.28698 0.623787
159.1 1.2577 0.645031
159.2 1.22638 0.665769
159.3 1.19259 0.685965
159.4 1.15576 0.705572
159.5 1.1151 0.724533
159.6 1.06951 0.742776
159.7 1.01734 0.760207
159.8 0.956039 0.776694
159.9 0.881494 0.792055
160 0.786547 0.806014
160.1 0.657831 0.818132
160.2 0.468144 0.827646
160.3 0.157947 0.83311
160.4 -0.393441 0.831591
160.5 -1.23353 0.818177
160.6 -1.82862 0.791705
160.7 -1.97445 0.759218
160.8 -2.00715 0.725723
160.9 -2.00913 0.69212
161 -2.00192 0.658617
161.1 -1.99192 0.625272
161.2 -1.98104 0.592107
161.3 -1.96982 0.559128
161.4 -1.95844 0.526337
161.5 -1.94693 0.493737
161.6 -1.93529 0.461331
161.7 -1.92353 0.42912
161.8 -1.91166 0.397107
161.9 -1.89965 0.365292
162 -1.88751 0.33368
162.1 -1.87523 0.302271
162.2 -1.86282 0.271068
162.3 -1.85025 0.240074
162.4 -1.83753 0.20929
162.5 -1.82466 0.178721
162.6 -1.81161 0.148368
162.7 -1.7984 0.118234
162.8 -1.78501 0.0883215
162.9 -1.77142 0.0586347
163 -1.75765 0.0291763
163.1 -1.74366 -5.04447e-05
163.2 -1.72946 -0.0290419
163.3 -1.71504 -0.0577944
163.4 -1.70037 -0.0863041
163.5 -1.68546 -0.114567
163.6 -1.67027 -0.142579
163.7 -1.65481 -0.170334
163.8 -1.63906 -0.19783
163.9 -1.62298 -0.225059
164 -1.60657 -0.252018
164.1 -1.58981 -0.2787
164.2 -1.57265 -0.305098
164.3 -1.55509 -0.331207
164.4 -1.53708 -0.357019
164.5 -1.51859 -0.382526
164.6 -1.49958 -0.40772
164.7 -1.48 -0.432592
164.8 -1.45979 -0.457132
164.9 -1.4389 -0.48133
165 -1.41725 -0.505172
165.1 -1.39476 -0.528646
165.2 -1.37131 -0.551736
165.3 -1.34678 -0.574427
165.4 -1.32103 -0.596697
165.5 -1.29386 -0.618527
165.6 -1.26503 -0.639889
165.7 -1.23424 -0.660754
165.8 -1.20109 -0.681086
165.9 -1.16507 -0.700841
166 -1.12543 -0.719966
166.1 -1.08117 -0.738393
166.2 -1.0308 -0.756032
166.3 -0.972035 -0.772764
166.4 -0.901234 -0.788421
166.5 -0.812184 -0.802754
166.6 -0.693498 -0.815376
166.7 -0.522487 -0.825624
166.8 -0.250144 -0.832272
166.9 0.228296 -0.832851
167 1.02002 -0.822789
167.1 1.74003 -0.79905
167.2 1.95464 -0.767303
167.3 2.00321 -0.733921
167.4 2.00985 -0.700316
167.5 2.00405 -0.66678
167.6 1.99447 -0.633395
167.7 1.98373 -0.600185
167.8 1.97258 -0.56716
167.9 1.96123 -0.534323
168 1.94975 -0.501677
168.1 1.93814 -0.469223
168.2 1.92642 -0.436964
168.3 1.91457 -0.404902
168.4 1.90259 -0.373039
168.5 1.89049 -0.341377
168.6 1.87824 -0.309918
168.7 1.86586 -0.278665
168.8 1.85333 -0.247619
168.9 1.84065 -0.216784
169 1.82782 -0.186162
169.1 1.81481 -0.155756
169.2 1.80164 -0.125568
169.3 1.78829 -0.0956018
169.4 1.77476 -0.0658597
169.5 1.76103 -0.0363453
169.6 1.74709 -0.00706167
169.7 1.73295 0.0219875
169.8 1.71858 0.0507987
169.9 1.70397 0.0793681
170 1.68912 0.107692
170.1 1.67401 0.135765
170.2 1.65861 0.163584
170.3 1.64293 0.191143
170.4 1.62694 0.218438
170.5 1.61061 0.245463
170.6 1.59393 0.272213
170.7 1.57688 0.298681
170.8 1.55942 0.324861
170.9 1.54152 0.350746
171 1.52315 0.376329
171.1 1.50427 0.4016
171.2 1.48483 0.426552
171.3 1.46479 0.451174
171.4 1.44407 0.475456
171.5 1.42261 0.499386
171.6 1.40033 0.522951
171.7 1.37712 0.546137
171.8 1.35287 0.568926
171.9 1.32744 0.591301
172 1.30063 0.613241
172.1 1.27223 0.634719
172.2 1.24195 0.655709
172.3 1.20943 0.676175
172.4 1.17416 0.696075
172.5 1.13549 0.71536
172.6 1.09247 0.733964
172.7 1.04377 0.751805
172.8 0.987318 0.768771
172.9 0.919901 0.78471
173 0.836093 0.799396
173.1 0.726143 0.812483
173.2 0.571033 0.823394
173.3 0.330376 0.831085
173.4 -0.0842562 0.83348
173.5 -0.804409 0.826518
173.6 -1.61307 0.805911
173.7 -1.92755 0.775331
173.8 -1.99728 0.742119
173.9 -2.00998 0.708527
174 -2.00599 0.674963
174.1 -1.99697 0.641537
174.2 -1.98641 0.608283
174.3 -1.97533 0.575212
174.4 -1.96402 0.542329
174.5 -1.95256 0.509636
174.6 -1.94099 0.477135
174.7 -1.92929 0.444829
174.8 -1.91747 0.412718
174.9 -1.90553 0.380806
175 -1.89346 0.349095
175.1 -1.88125 0.317586
175.2 -1.8689 0.286282
175.3 -1.85641 0.255186
175.4 -1.84377 0.224299
175.5 -1.83097 0.193625
175.6 -1.81801 0.163166
175.7 -1.80488 0.132924
175.8 -1.79157 0.102903
175.9 -1.77808 0.0731062
176 -1.7644 0.0435358
176.1 -1.75052 0.0141955
176.2 -1.73642 -0.0149113
176.3 -1.72211 -0.043781
176.4 -1.70756 -0.0724098
176.5 -1.69277 -0.100794
176.6 -1.67772 -0.128929
176.7 -1.6624 -0.15681
176.8 -1.64679 -0.184433
176.9 -1.63087 -0.211793
177 -1.61463 -0.238885
177.1 -1.59804 -0.265702
177.2 -1.58108 -0.29224
177.3 -1.56372 -0.318491
177.4 -1.54593 -0.344449
177.5 -1.52768 -0.370106
177.6 -1.50893 -0.395454
177.7 -1.48964 -0.420485
177.8 -1.46974 -0.445188
177.9 -1.4492 -0.469555
178 -1.42793 -0.493572
178.1 -1.40586 -0.517227
178.2 -1.38289 -0.540507
178.3 -1.3589 -0.563395
178.4 -1.33377 -0.585873
178.5 -1.30732 -0.607921
178.6 -1.27933 -0.629515
178.7 -1.24954 -0.650627
178.8 -1.21761 -0.671224
178.9 -1.18306 -0.691267
179 -1.1453 -0.710708
179.1 -1.10345 -0.729485
179.2 -1.05629 -0.747521
179.3 -1.00197 -0.764714
179.4 -0.937629 -0.780921
179.5 -0.858507 -0.795939
179.6 -0.75622 -0.809458
179.7 -0.614742 -0.820974
179.8 -0.400704 -0.829589
179.9 -0.040612 -0.833561
180 0.598441 -0.829383
180.1 1.44812 -0.81217
180.2 1.8905 -0.783264
180.3 1.9888 -0.750308
180.4 2.00934 -0.716745
180.5 2.00771 -0.683158
180.6 1.9994 -0.649693
180.7 1.98906 -0.616396
180.8 1.97806 -0.58328
180.9 1.9668 -0.55035
181 1.95538 -0.517611
181.1 1.94383 -0.485062
181.2 1.93216 -0.452708
181.3 1.92037 -0.42055
181.4 1.90846 -0.388589
181.5 1.89642 -0.356829
181.6 1.88424 -0.32527
181.7 1.87193 -0.293916
181.8 1.85947 -0.262769
181.9 1.84687 -0.23183
182 1.83411 -0.201104
182.1 1.82119 -0.170592
182.2 1.8081 -0.140297
182.3 1.79484 -0.110222
182.4 1.7814 -0.0803698
182.5 1.76776 -0.0507436
182.6 1.75393 -0.0213468
182.7 1.73989 0.00781747
182.8 1.72563 0.0367455
182.9 1.71114 0.0654335
183 1.69641 0.0938777
183.1 1.68143 0.122074
183.2 1.66617 0.150018
183.3 1.65064 0.177704
183.4 1.63479 0.205129
183.5 1.61863 0.232287
183.6 1.60213 0.259172
183.7 1.58526 0.285779
183.8 1.568 0.312101
183.9 1.55032 0.338131
184 1.53219 0.363862
184.1 1.51356 0.389286
184.2 1.49441 0.414396
184.3 1.47466 0.43918
184.4 1.45428 0.46363
184.5 1.4332 0.487733
184.6 1.41133 0.511479
184.7 1.38859 0.534852
184.8 1.36487 0.557837
184.9 1.34003 0.580417
185 1.31392 0.602572
185.1 1.28633 0.624279
185.2 1.25701 0.645512
185.3 1.22564 0.666238
185.4 1.19178 0.686421
185.5 1.15487 0.706014
185.6 1.11412 0.72496
185.7 1.06839 0.743186
185.8 1.01604 0.760596
185.9 0.954499 0.777059
186 0.879581 0.792392
186.1 0.784043 0.806314
186.2 0.654311 0.818383
186.3 0.462706 0.827824
186.4 0.148598 0.833168
186.5 -0.410052 0.831437
186.6 -1.25296 0.8177
186.7 -1.83517 0.790995
186.8 -1.97596 0.758456
186.9 -2.00742 0.724954
187 -2.00903 0.691352
187.1 -2.00171 0.657851
187.2 -1.99168 0.624511
187.3 -1.98078 0.59135
187.4 -1.96956 0.558374
187.5 -1.95818 0.525588
187.6 -1.94666 0.492993
187.7 -1.93502 0.460591
187.8 -1.92326 0.428385
187.9 -1.91138 0.396376
188 -1.89937 0.364566
188.1 -1.88723 0.332958
188.2 -1.87495 0.301554
188.3 -1.86253 0.270356
188.4 -1.84996 0.239366
188.5 -1.83724 0.208588
188.6 -1.82436 0.178023
188.7 -1.81131 0.147675
188.8 -1.7981 0.117546
188.9 -1.7847 0.0876391
189 -1.77111 0.0579575
189.1 -1.75733 0.0285043
189.2 -1.74334 -0.000717037
189.3 -1.72913 -0.0297031
189.4 -1.7147 -0.0584501
189.5 -1.70003 -0.0869542
189.6 -1.68511 -0.115211
189.7 -1.66992 -0.143217
189.8 -1.65446 -0.170967
189.9 -1.63869 -0.198456
190 -1.62261 -0.22568
190.1 -1.60619 -0.252632
190.2 -1.58942 -0.279307
190.3 -1.57226 -0.305699
190.4 -1.55468 -0.331801
190.5 -1.53666 -0.357606
190.6 -1.51816 -0.383106
190.7 -1.49914 -0.408293
190.8 -1.47954 -0.433158
190.9 -1.45932 -0.45769
191 -1.43842 -0.48188
191.1 -1.41675 -0.505714
191.2 -1.39423 -0.529179
191.3 -1.37076 -0.55226
191.4 -1.34621 -0.574941
191.5 -1.32042 -0.597202
191.6 -1.29321 -0.619021
191.7 -1.26434 -0.640372
191.8 -1.23351 -0.661226
191.9 -1.2003 -0.681545
192 -1.1642 -0.701287
192.1 -1.12448 -0.720396
192.2 -1.0801 -0.738806
192.3 -1.02956 -0.756426
192.4 -0.970566 -0.773135
192.5 -0.89943 -0.788765
192.6 -0.809856 -0.803065
192.7 -0.690287 -0.815641
192.8 -0.517652 -0.825823
192.9 -0.242037 -0.832366
193 0.242873 -0.832761
193.1 1.04036 -0.822394
193.2 1.74992 -0.79838
193.3 1.9568 -0.766546
193.4 2.00367 -0.733152
193.5 2.00981 -0.699547
193.6 2.00385 -0.666014
193.7 1.99424 -0.632632
193.8 1.98348 -0.599426
193.9 1.97232 -0.566405
194 1.96097 -0.533573
194.1 1.94948 -0.500931
194.2 1.93787 -0.468482
194.3 1.92615 -0.436227
194.4 1.91429 -0.40417
194.5 1.90232 -0.372311
194.6 1.89021 -0.340654
194.7 1.87796 -0.3092
194.8 1.86558 -0.277951
194.9 1.85304 -0.246911
195 1.84036 -0.21608
195.1 1.82752 -0.185463
195.2 1.81451 -0.155062
195.3 1.80134 -0.124879
195.4 1.78798 -0.0949178
195.5 1.77444 -0.065181
195.6 1.76071 -0.0356717
195.7 1.74677 -0.00639347
195.8 1.73262 0.0226503
195.9 1.71825 0.051456
196 1.70364 0.0800198
196.1 1.68878 0.108338
196.2 1.67366 0.136405
196.3 1.65826 0.164218
196.4 1.64257 0.191771
196.5 1.62657 0.21906
196.6 1.61023 0.246079
196.7 1.59355 0.272823
196.8 1.57648 0.299284
196.9 1.55901 0.325458
197 1.5411 0.351336
197.1 1.52272 0.376911
197.2 1.50383 0.402175
197.3 1.48438 0.42712
197.4 1.46432 0.451734
197.5 1.44359 0.476008
197.6 1.42211 0.49993
197.7 1.39981 0.523487
197.8 1.37658 0.546663
197.9 1.35231 0.569444
198 1.32684 0.591809
198.1 1.3 0.613738
198.2 1.27156 0.635206
198.3 1.24124 0.656184
198.4 1.20865 0.676637
198.5 1.17332 0.696524
198.6 1.13456 0.715794
198.7 1.09143 0.734382
198.8 1.04257 0.752204
198.9 0.985912 0.769149
199 0.918191 0.785061
199.1 0.833916 0.799715
199.2 0.723195 0.81276
199.3 0.566696 0.823612
199.4 0.323297 0.83121
199.5 -0.0969221 0.833446
199.6 -0.824388 0.826206
199.7 -1.62667 0.805291
199.8 -1.93044 0.77458
199.9 -1.99793 0.74135
200 -2.01 0.707756
