0 2 0
0.1 1.79831 0.0299881
0.2 1.73544 0.058364
0.3 1.70653 0.0860897
0.4 1.68744 0.113451
0.5 1.67125 0.140535
0.6 1.6558 0.167366
0.7 1.6404 0.193948
0.8 1.62482 0.220281
0.9 1.60897 0.24636
1 1.59279 0.272181
1.1 1.57627 0.297739
1.2 1.55936 0.323027
1.3 1.54204 0.348039
1.4 1.52428 0.372768
1.5 1.50604 0.397207
1.6 1.48728 0.421348
1.7 1.46796 0.445181
1.8 1.448 0.468698
1.9 1.42736 0.491887
2 1.40596 0.514738
2.1 1.38371 0.537237
2.2 1.36049 0.559369
2.3 1.33619 0.581118
2.4 1.31065 0.602465
2.5 1.28367 0.623389
2.6 1.255 0.643865
2.7 1.22434 0.663863
2.8 1.19125 0.683347
2.9 1.15519 0.702274
3 1.11539 0.720591
3.1 1.07074 0.738229
3.2 1.01964 0.755097
3.3 0.959574 0.771072
3.4 0.886445 0.785981
3.5 0.793121 0.79956
3.6 0.666161 0.811388
3.7 0.477844 0.820727
3.8 0.166237 0.826158
3.9 -0.397998 0.824747
4 -1.26403 0.811488
4.1 -1.84457 0.785436
4.2 -1.9748 0.75389
4.3 -2.00529 0.721528
4.4 -2.00748 0.689084
4.5 -2.00075 0.656734
4.6 -1.9912 0.624533
4.7 -1.98073 0.592499
4.8 -1.9699 0.560638
4.9 -1.95891 0.528954
5 -1.94779 0.497448
5.1 -1.93656 0.466122
5.2 -1.92521 0.434979
5.3 -1.91375 0.404019
5.4 -1.90216 0.373245
5.5 -1.89046 0.342659
5.6 -1.87863 0.312263
5.7 -1.86667 0.282058
5.8 -1.85457 0.252048
5.9 -1.84233 0.222234
6 -1.82994 0.192619
6.1 -1.8174 0.163204
6.2 -1.80471 0.133993
6.3 -1.79184 0.104988
6.4 -1.77881 0.0761924
6.5 -1.7656 0.0476081
6.6 -1.75219 0.0192384
6.7 -1.7386 -0.00891354
6.8 -1.72479 -0.0368445
6.9 -1.71077 -0.0645511
7 -1.69653 -0.0920298
7.1 -1.68204 -0.119277
7.2 -1.6673 -0.146288
7.3 -1.6523 -0.17306
7.4 -1.63702 -0.199587
7.5 -1.62143 -0.225865
7.6 -1.60553 -0.25189
7.7 -1.58929 -0.277655
7.8 -1.57269 -0.303156
7.9 -1.5557 -0.328385
8 -1.53829 -0.353337
8.1 -1.52043 -0.378005
8.2 -1.50209 -0.402381
8.3 -1.48321 -0.426457
8.4 -1.46375 -0.450224
8.5 -1.44366 -0.473672
8.6 -1.42287 -0.49679
8.7 -1.40129 -0.519567
8.8 -1.37884 -0.541988
8.9 -1.35541 -0.56404
9 -1.33086 -0.585705
9.1 -1.30503 -0.606964
9.2 -1.27771 -0.627795
9.3 -1.24864 -0.648172
9.4 -1.2175 -0.668063
9.5 -1.18383 -0.687432
9.6 -1.14705 -0.706234
9.7 -1.10632 -0.724413
9.8 -1.06046 -0.741895
9.9 -1.00769 -0.758584
10 -0.945254 -0.774349
10.1 -0.868562 -0.789
10.2 -0.769507 -0.802249
10.3 -0.632524 -0.813623
10.4 -0.424883 -0.822282
10.5 -0.0728678 -0.826574
10.6 0.565041 -0.823092
10.7 1.43941 -0.806822
10.8 1.88963 -0.778885
10.9 1.98562 -0.747024
11 2.00711 -0.714616
11.1 2.00647 -0.682184
11.2 1.99885 -0.649863
11.3 1.98902 -0.617697
11.4 1.97844 -0.5857
11.5 1.96757 -0.553876
11.6 1.95655 -0.522229
11.7 1.94541 -0.490762
11.8 1.93415 -0.459475
11.9 1.92278 -0.42837
12 1.91129 -0.39745
12.1 1.89968 -0.366716
12.2 1.88795 -0.33617
12.3 1.87609 -0.305814
12.4 1.8641 -0.275651
12.5 1.85197 -0.245682
12.6 1.8397 -0.21591
12.7 1.82729 -0.186338
12.8 1.81471 -0.156966
12.9 1.80198 -0.127799
13 1.78908 -0.0988384
13.1 1.77601 -0.0700873
13.2 1.76276 -0.0415484
13.3 1.74931 -0.0132248
13.4 1.73567 0.0148803
13.5 1.72182 0.0427638
13.6 1.70776 0.0704222
13.7 1.69346 0.0978518
13.8 1.67892 0.125049
13.9 1.66413 0.15201
14 1.64907 0.178729
14.1 1.63372 0.205204
14.2 1.61807 0.231429
14.3 1.6021 0.257399
14.4 1.58579 0.283108
14.5 1.56911 0.308551
14.6 1.55203 0.333722
14.7 1.53453 0.358615
14.8 1.51657 0.383221
14.9 1.49811 0.407534
15 1.47912 0.431545
15.1 1.45953 0.455244
15.2 1.43929 0.478623
15.3 1.41834 0.50167
15.4 1.39658 0.524372
15.5 1.37394 0.546716
15.6 1.35028 0.568687
15.7 1.32547 0.590267
15.8 1.29934 0.611437
15.9 1.27167 0.632174
16 1.2422 0.652449
16.1 1.21056 0.672233
16.2 1.17628 0.691486
16.3 1.13874 0.71016
16.4 1.09703 0.728197
16.5 1.04987 0.745519
16.6 0.995326 0.762024
16.7 0.930321 0.777571
16.8 0.849716 0.791952
16.9 0.744263 0.804849
17 0.595868 0.815733
17.1 0.365757 0.823642
17.2 -0.033434 0.826647
17.3 -0.746879 0.820836
17.4 -1.59058 0.801607
17.5 -1.92091 0.772194
17.6 -1.99313 0.740132
17.7 -2.0079 0.7077
17.8 -2.00514 0.675286
17.9 -1.99685 0.642997
18 -1.9868 0.610866
18.1 -1.97614 0.578905
18.2 -1.96524 0.547119
18.3 -1.95419 0.51551
18.4 -1.94302 0.484081
18.5 -1.93174 0.452833
18.6 -1.92034 0.421767
18.7 -1.90883 0.390886
18.8 -1.89719 0.360192
18.9 -1.88544 0.329687
19 -1.87355 0.299372
19.1 -1.86153 0.26925
19.2 -1.84937 0.239323
19.3 -1.83707 0.209593
19.4 -1.82462 0.180063
19.5 -1.81201 0.150735
19.6 -1.79925 0.121612
19.7 -1.78631 0.0926956
19.8 -1.7732 0.0639894
19.9 -1.75991 0.0354962
20 -1.74643 0.00721886
20.1 -1.73274 -0.0208394
20.2 -1.71885 -0.0486752
20.3 -1.70473 -0.0762851
20.4 -1.69039 -0.103666
20.5 -1.67579 -0.130813
20.6 -1.66095 -0.157722
20.7 -1.64583 -0.18439
20.8 -1.63042 -0.210812
20.9 -1.6147 -0.236983
21 -1.59866 -0.262898
21.1 -1.58227 -0.288551
21.2 -1.5655 -0.313937
21.3 -1.54834 -0.339049
21.4 -1.53074 -0.363881
21.5 -1.51268 -0.388426
21.6 -1.49411 -0.412675
21.7 -1.475 -0.43662
21.8 -1.45528 -0.460252
21.9 -1.43489 -0.483561
22 -1.41377 -0.506535
22.1 -1.39184 -0.529163
22.2 -1.36898 -0.551429
22.3 -1.34509 -0.573318
22.4 -1.32002 -0.594813
22.5 -1.29358 -0.615892
22.6 -1.26556 -0.636533
22.7 -1.23565 -0.656707
22.8 -1.20349 -0.676381
22.9 -1.16858 -0.695514
23 -1.13024 -0.714058
23.1 -1.08749 -0.73195
23.2 -1.03895 -0.749108
23.3 -0.982488 -0.765422
23.4 -0.914688 -0.780741
23.5 -0.829765 -0.794837
23.6 -0.717128 -0.80736
23.7 -0.555654 -0.817713
23.8 -0.299268 -0.824788
23.9 0.154672 -0.82633
24 0.938943 -0.81793
24.1 1.71157 -0.795916
24.2 1.94522 -0.765425
24.3 1.99885 -0.733219
24.4 2.00812 -0.700775
24.5 2.00363 -0.668383
24.6 1.99479 -0.636126
24.7 1.98456 -0.60403
24.8 1.97383 -0.572107
24.9 1.96289 -0.540358
25 1.95181 -0.508788
25.1 1.94062 -0.477397
25.2 1.92931 -0.446187
25.3 1.91789 -0.415161
25.4 1.90635 -0.38432
25.5 1.8947 -0.353666
25.6 1.88291 -0.323201
25.7 1.871 -0.292927
25.8 1.85895 -0.262847
25.9 1.84676 -0.232962
26 1.83443 -0.203274
26.1 1.82194 -0.173787
26.2 1.8093 -0.144503
26.3 1.7965 -0.115423
26.4 1.78353 -0.0865515
26.5 1.77038 -0.0578906
26.6 1.75705 -0.0294431
26.7 1.74352 -0.00121232
26.8 1.72979 0.0267987
26.9 1.71585 0.0545866
27 1.70169 0.0821479
27.1 1.68729 0.109479
27.2 1.67265 0.136576
27.3 1.65774 0.163434
27.4 1.64256 0.19005
27.5 1.62709 0.216419
27.6 1.6113 0.242535
27.7 1.59519 0.268395
27.8 1.57872 0.293991
27.9 1.56187 0.319319
28 1.54462 0.344372
28.1 1.52693 0.369144
28.2 1.50876 0.393626
28.3 1.49008 0.417811
28.4 1.47084 0.44169
28.5 1.45098 0.465254
28.6 1.43045 0.488493
28.7 1.40916 0.511394
28.8 1.38704 0.533945
28.9 1.36398 0.556132
29 1.33985 0.577939
29.1 1.3145 0.599347
29.2 1.28774 0.620335
29.3 1.25934 0.640878
29.4 1.22899 0.660949
29.5 1.19629 0.680511
29.6 1.16072 0.699523
29.7 1.12152 0.717934
29.8 1.07768 0.735677
29.9 1.02766 0.752665
30 0.969119 0.768781
30.1 0.898265 0.783861
30.2 0.808552 0.797657
30.3 0.687805 0.809779
30.4 0.511248 0.819551
30.5 0.224009 0.825693
30.6 -0.292638 0.825566
30.7 -1.13359 0.814347
30.8 -1.80044 0.789824
30.9 -1.96453 0.75861
31 -2.00319 0.726299
31.1 -2.0079 0.693851
31.2 -2.00198 0.661483
31.3 -1.99268 0.629259
31.4 -1.98229 0.5972
31.5 -1.97151 0.565314
31.6 -1.96054 0.533603
31.7 -1.94943 0.502071
31.8 -1.93821 0.470718
31.9 -1.92688 0.439548
32 -1.91544 0.408561
32.1 -1.90388 0.37776
32.2 -1.89219 0.347146
32.3 -1.88038 0.316722
32.4 -1.86844 0.286489
32.5 -1.85636 0.25645
32.6 -1.84414 0.226607
32.7 -1.83177 0.196962
32.8 -1.81926 0.167518
32.9 -1.80658 0.138277
33 -1.79375 0.109241
33.1 -1.78074 0.0804145
33.2 -1.76755 0.0517989
33.3 -1.75418 0.0233975
33.4 -1.74061 -0.00478668
33.5 -1.72684 -0.0327504
33.6 -1.71285 -0.0604902
33.7 -1.69864 -0.0880026
33.8 -1.68419 -0.115284
33.9 -1.66949 -0.14233
34 -1.65453 -0.169137
34.1 -1.63928 -0.195701
34.2 -1.62374 -0.222016
34.3 -1.60789 -0.248078
34.4 -1.5917 -0.273882
34.5 -1.57516 -0.299422
34.6 -1.55822 -0.324692
34.7 -1.54088 -0.349685
34.8 -1.52309 -0.374395
34.9 -1.50482 -0.398815
35 -1.48602 -0.422935
35.1 -1.46665 -0.446748
35.2 -1.44666 -0.470243
35.3 -1.42597 -0.493411
35.4 -1.40451 -0.516239
35.5 -1.3822 -0.538713
35.6 -1.35892 -0.560821
35.7 -1.33454 -0.582544
35.8 -1.30891 -0.603864
35.9 -1.28183 -0.624759
36 -1.25304 -0.645204
36.1 -1.22223 -0.665169
36.2 -1.18896 -0.684618
36.3 -1.15268 -0.703507
36.4 -1.1126 -0.721781
36.5 -1.06758 -0.73937
36.6 -1.01598 -0.756184
36.7 -0.955194 -0.772095
36.8 -0.880994 -0.786925
36.9 -0.785958 -0.800403
37 -0.656023 -0.812094
37.1 -0.462016 -0.821229
37.2 -0.138545 -0.826321
37.3 0.448063 -0.824294
37.4 1.32053 -0.810104
37.5 1.8606 -0.783424
37.6 1.97863 -0.751763
37.7 2.006 -0.719383
37.8 2.00721 -0.686942
37.9 2.00018 -0.654601
38 1.99053 -0.622411
38.1 1.98002 -0.590388
38.2 1.96918 -0.558539
38.3 1.95818 -0.526866
38.4 1.94705 -0.495372
38.5 1.93581 -0.464058
38.6 1.92445 -0.432927
38.7 1.91298 -0.401979
38.8 1.9014 -0.371218
38.9 1.88968 -0.340644
39 1.87784 -0.310261
39.1 1.86587 -0.280069
39.2 1.85376 -0.250072
39.3 1.84152 -0.220271
39.4 1.82912 -0.190668
39.5 1.81657 -0.161267
39.6 1.80386 -0.13207
39.7 1.79099 -0.103079
39.8 1.77794 -0.0742967
39.9 1.76472 -0.0457265
40 1.7513 -0.0173711
40.1 1.73769 0.0107663
40.2 1.72387 0.0386826
40.3 1.70984 0.0663742
40.4 1.69558 0.0938377
40.5 1.68108 0.121069
40.6 1.66632 0.148065
40.7 1.6513 0.17482
40.8 1.636 0.201331
40.9 1.62039 0.227593
41 1.60447 0.253601
41.1 1.58821 0.279349
41.2 1.57158 0.304831
41.3 1.55456 0.330043
41.4 1.53713 0.354977
41.5 1.51924 0.379625
41.6 1.50086 0.403982
41.7 1.48194 0.428037
41.8 1.46245 0.451784
41.9 1.44231 0.47521
42 1.42146 0.498306
42.1 1.39983 0.52106
42.2 1.37732 0.543457
42.3 1.35382 0.565484
42.4 1.32919 0.587123
42.5 1.30327 0.608355
42.6 1.27584 0.629156
42.7 1.24665 0.649502
42.8 1.21536 0.66936
42.9 1.1815 0.688693
43 1.14449 0.707456
43.1 1.10346 0.725591
43.2 1.05721 0.743023
43.3 1.0039 0.759656
43.4 0.94069 0.775354
43.5 0.862824 0.789923
43.6 0.76186 0.803065
43.7 0.621497 0.814291
43.8 0.40725 0.822726
43.9 0.0413635 0.826636
44 -0.620029 0.822459
44.1 -1.48925 0.805259
44.2 -1.9004 0.776821
44.3 -1.98822 0.744889
44.4 -2.00743 0.712472
44.5 -2.00609 0.680044
44.6 -1.99824 0.647733
44.7 -1.98833 0.615578
44.8 -1.97773 0.583592
44.9 -1.96685 0.55178
45 -1.95582 0.520145
45.1 -1.94467 0.488689
45.2 -1.9334 0.457414
45.3 -1.92202 0.426322
45.4 -1.91053 0.395414
45.5 -1.89891 0.364692
45.6 -1.88717 0.334159
45.7 -1.87531 0.303816
45.8 -1.86331 0.273665
45.9 -1.85117 0.24371
46 -1.83889 0.213951
46.1 -1.82646 0.184391
46.2 -1.81388 0.155033
46.3 -1.80113 0.125879
46.4 -1.78822 0.0969326
46.5 -1.77514 0.0681954
46.6 -1.76188 0.0396707
46.7 -1.74842 0.0113615
46.8 -1.73477 -0.0167292
46.9 -1.7209 -0.0445979
47 -1.70682 -0.0722412
47.1 -1.69251 -0.0996557
47.2 -1.67796 -0.126837
47.3 -1.66315 -0.153782
47.4 -1.64807 -0.180486
47.5 -1.6327 -0.206944
47.6 -1.61703 -0.233152
47.7 -1.60104 -0.259105
47.8 -1.5847 -0.284797
47.9 -1.56799 -0.310223
48 -1.55089 -0.335375
48.1 -1.53336 -0.360249
48.2 -1.51537 -0.384836
48.3 -1.49688 -0.409129
48.4 -1.47784 -0.43312
48.5 -1.45822 -0.456799
48.6 -1.43793 -0.480156
48.7 -1.41693 -0.50318
48.8 -1.39512 -0.525859
48.9 -1.37241 -0.548179
49 -1.34868 -0.570125
49.1 -1.32379 -0.591679
49.2 -1.29756 -0.612821
49.3 -1.26979 -0.633527
49.4 -1.24018 -0.653772
49.5 -1.20838 -0.673522
49.6 -1.17391 -0.692738
49.7 -1.13612 -0.711372
49.8 -1.0941 -0.729364
49.9 -1.04652 -0.746636
50 -0.991397 -0.763083
50.1 -0.925551 -0.778559
50.2 -0.843653 -0.792854
50.3 -0.736062 -0.805638
50.4 -0.583802 -0.816362
50.5 -0.345982 -0.824022
50.6 0.0693516 -0.826593
50.7 0.80566 -0.820006
50.8 1.63152 -0.799889
50.9 1.92902 -0.770101
51 1.99506 -0.737989
51.1 2.00801 -0.705553
51.2 2.00469 -0.673145
51.3 1.99622 -0.640866
51.4 1.9861 -0.608746
51.5 1.97543 -0.576796
51.6 1.96451 -0.545022
51.7 1.95345 -0.513425
51.8 1.94227 -0.482008
51.9 1.93098 -0.450771
52 1.91958 -0.419718
52.1 1.90806 -0.38885
52.2 1.89642 -0.358168
52.3 1.88465 -0.327675
52.4 1.87276 -0.297373
52.5 1.86073 -0.267264
52.6 1.84856 -0.23735
52.7 1.83625 -0.207633
52.8 1.82379 -0.178116
52.9 1.81117 -0.148802
53 1.7984 -0.119692
53.1 1.78545 -0.0907896
53.2 1.77233 -0.0620974
53.3 1.75902 -0.0336184
53.4 1.74553 -0.00535545
53.5 1.73183 0.0226882
53.6 1.71792 0.0505091
53.7 1.70379 0.078104
53.8 1.68943 0.105469
53.9 1.67482 0.132601
54 1.65995 0.159494
54.1 1.64481 0.186146
54.2 1.62939 0.212552
54.3 1.61365 0.238706
54.4 1.59758 0.264603
54.5 1.58117 0.290239
54.6 1.56438 0.315607
54.7 1.54719 0.340701
54.8 1.52956 0.365514
54.9 1.51147 0.390039
55 1.49287 0.414269
55.1 1.47371 0.438194
55.2 1.45395 0.461805
55.3 1.43352 0.485092
55.4 1.41235 0.508044
55.5 1.39036 0.530647
55.6 1.36744 0.552889
55.7 1.34347 0.574753
55.8 1.31832 0.596221
55.9 1.29178 0.617272
56 1.26364 0.637882
56.1 1.2336 0.658024
56.2 1.20128 0.677664
56.3 1.16616 0.69676
56.4 1.12756 0.715263
56.5 1.08448 0.733109
56.6 1.03549 0.750215
56.7 0.978399 0.766469
56.8 0.909681 0.781714
56.9 0.823326 0.795719
57 0.708279 0.808121
57.1 0.542356 0.818299
57.2 0.276926 0.825096
57.3 -0.19562 0.826144
57.4 -0.999495 0.816891
57.5 -1.74253 0.794065
57.6 -1.95174 0.763315
57.7 -2.00035 0.731073
57.8 -2.0081 0.698626
57.9 -2.00313 0.666241
58 -1.99414 0.633994
58.1 -1.98386 0.60191
58.2 -1.97311 0.569998
58.3 -1.96216 0.538261
58.4 -1.95107 0.506703
58.5 -1.93987 0.475324
58.6 -1.92856 0.444126
58.7 -1.91713 0.413112
58.8 -1.90559 0.382284
58.9 -1.89392 0.351642
59 -1.88213 0.32119
59.1 -1.8702 0.290929
59.2 -1.85814 0.260861
59.3 -1.84595 0.230989
59.4 -1.8336 0.201315
59.5 -1.82111 0.171841
59.6 -1.80846 0.14257
59.7 -1.79565 0.113504
59.8 -1.78266 0.0846462
59.9 -1.7695 0.0559993
60 -1.75616 0.0275661
60.1 -1.74262 -0.000650232
60.2 -1.72888 -0.0286466
60.3 -1.71492 -0.0564196
60.4 -1.70074 -0.0839657
60.5 -1.68633 -0.111281
60.6 -1.67167 -0.138362
60.7 -1.65675 -0.165205
60.8 -1.64155 -0.191805
60.9 -1.62605 -0.218157
61 -1.61025 -0.244256
61.1 -1.59411 -0.270099
61.2 -1.57762 -0.295678
61.3 -1.56074 -0.320988
61.4 -1.54346 -0.346022
61.5 -1.52574 -0.370775
61.6 -1.50754 -0.395237
61.7 -1.48883 -0.419402
61.8 -1.46954 -0.443261
61.9 -1.44965 -0.466804
62 -1.42906 -0.49002
62.1 -1.40773 -0.512899
62.2 -1.38554 -0.535427
62.3 -1.36241 -0.557589
62.4 -1.33821 -0.57937
62.5 -1.31277 -0.600751
62.6 -1.28592 -0.62171
62.7 -1.2574 -0.642223
62.8 -1.22691 -0.662261
62.9 -1.19403 -0.681788
63 -1.15824 -0.700762
63.1 -1.11878 -0.719131
63.2 -1.07458 -0.736827
63.3 -1.02408 -0.753761
63.4 -0.964859 -0.769815
63.5 -0.892999 -0.784818
63.6 -0.801696 -0.798518
63.7 -0.67822 -0.810509
63.8 -0.496521 -0.82009
63.9 -0.198655 -0.825919
64 0.338994 -0.825228
64.1 1.19293 -0.8131
64.2 1.82186 -0.787866
64.3 1.96946 -0.756489
64.4 2.00423 -0.724153
64.5 2.00774 -0.691706
64.6 2.00144 -0.659346
64.7 1.99202 -0.627132
64.8 1.98159 -0.595085
64.9 1.97079 -0.56321
65 1.9598 -0.531511
65.1 1.94869 -0.49999
65.2 1.93747 -0.46865
65.3 1.92613 -0.437492
65.4 1.91468 -0.406517
65.5 1.90311 -0.375728
65.6 1.89141 -0.345127
65.7 1.87959 -0.314715
65.8 1.86764 -0.284495
65.9 1.85555 -0.254469
66 1.84332 -0.224639
66.1 1.83095 -0.195007
66.2 1.81842 -0.165576
66.3 1.80574 -0.136349
66.4 1.79289 -0.107327
66.5 1.77987 -0.0785143
66.6 1.76667 -0.0499128
66.7 1.75329 -0.0215256
66.8 1.7397 0.00664404
66.9 1.72592 0.034593
67 1.71191 0.0623179
67.1 1.69769 0.0898152
67.2 1.68322 0.117081
67.3 1.66851 0.144112
67.4 1.65353 0.170903
67.5 1.63826 0.19745
67.6 1.62271 0.223749
67.7 1.60683 0.249794
67.8 1.59062 0.27558
67.9 1.57405 0.301102
68 1.55709 0.326354
68.1 1.53972 0.351329
68.2 1.5219 0.37602
68.3 1.50359 0.40042
68.4 1.48476 0.424521
68.5 1.46535 0.448313
68.6 1.44531 0.471787
68.7 1.42458 0.494932
68.8 1.40307 0.517737
68.9 1.38069 0.540188
69 1.35734 0.56227
69.1 1.33289 0.583967
69.2 1.30717 0.60526
69.3 1.27998 0.626126
69.4 1.25107 0.646541
69.5 1.22011 0.666473
69.6 1.18666 0.685886
69.7 1.15016 0.704736
69.8 1.10978 0.722967
69.9 1.06439 0.740508
70 1.01227 0.757266
70.1 0.950758 0.773112
70.2 0.875457 0.787862
70.3 0.77865 0.801238
70.4 0.645622 0.812789
70.5 0.445656 0.821713
70.6 0.109728 0.826454
70.7 -0.499734 0.823788
70.8 -1.37527 0.808662
70.9 -1.87466 0.781392
71 -1.98201 0.749633
71.1 -2.00657 0.717239
71.2 -2.0069 0.684801
71.3 -1.99959 0.65247
71.4 -1.98985 0.62029
71.5 -1.97931 0.588279
71.6 -1.96846 0.556441
71.7 -1.95745 0.52478
71.8 -1.94631 0.493298
71.9 -1.93506 0.461996
72 -1.9237 0.430877
72.1 -1.91222 0.399941
72.2 -1.90063 0.369192
72.3 -1.8889 0.338631
72.4 -1.87706 0.30826
72.5 -1.86508 0.278081
72.6 -1.85296 0.248097
72.7 -1.8407 0.218309
72.8 -1.82829 0.18872
72.9 -1.81573 0.159332
73 -1.80302 0.130148
73.1 -1.79013 0.101171
73.2 -1.77707 0.0724028
73.3 -1.76384 0.0438467
73.4 -1.75041 0.0155056
73.5 -1.73678 -0.0126174
73.6 -1.72295 -0.0405189
73.7 -1.7089 -0.0681956
73.8 -1.69463 -0.0956438
73.9 -1.68011 -0.12286
74 -1.66534 -0.14984
74.1 -1.6503 -0.176579
74.2 -1.63497 -0.203074
74.3 -1.61935 -0.229319
74.4 -1.60341 -0.25531
74.5 -1.58712 -0.28104
74.6 -1.57047 -0.306505
74.7 -1.55342 -0.331699
74.8 -1.53596 -0.356614
74.9 -1.51804 -0.381244
75 -1.49963 -0.40558
75.1 -1.48067 -0.429616
75.2 -1.46114 -0.453341
75.3 -1.44096 -0.476746
75.4 -1.42006 -0.49982
75.5 -1.39837 -0.52255
75.6 -1.3758 -0.544924
75.7 -1.35223 -0.566926
75.8 -1.32752 -0.588539
75.9 -1.30151 -0.609742
76 -1.27397 -0.630515
76.1 -1.24466 -0.650829
76.2 -1.2132 -0.670653
76.3 -1.17916 -0.689951
76.4 -1.14191 -0.708674
76.5 -1.10058 -0.726765
76.6 -1.05393 -0.744148
76.7 -1.00007 -0.760724
76.8 -0.936066 -0.776354
76.9 -0.85699 -0.790839
77 -0.754051 -0.803872
77.1 -0.610167 -0.814947
77.2 -0.388993 -0.82315
77.3 -0.00855904 -0.826663
77.4 0.676351 -0.821766
77.5 1.53651 -0.803646
77.6 1.91012 -0.774745
77.7 1.99055 -0.742751
77.8 2.00768 -0.710326
77.9 2.00567 -0.677905
78 1.99762 -0.645603
78.1 1.98764 -0.613459
78.2 1.97702 -0.581484
78.3 1.96613 -0.549684
78.4 1.95509 -0.518061
78.5 1.94393 -0.486617
78.6 1.93265 -0.455354
78.7 1.92127 -0.424273
78.8 1.90976 -0.393378
78.9 1.89814 -0.362669
79 1.88639 -0.332148
79.1 1.87452 -0.301817
79.2 1.86251 -0.27168
79.3 1.85036 -0.241737
79.4 1.83807 -0.211991
79.5 1.82563 -0.182445
79.6 1.81304 -0.1531
79.7 1.80029 -0.12396
79.8 1.78737 -0.0950271
79.9 1.77427 -0.0663038
80 1.76099 -0.0377933
80.1 1.74752 -0.00949836
80.2 1.73386 0.0185777
80.3 1.71998 0.0464316
80.4 1.70588 0.07406
80.5 1.69155 0.101459
80.6 1.67698 0.128625
80.7 1.66216 0.155554
80.8 1.64706 0.182242
80.9 1.63167 0.208684
81 1.61598 0.234875
81.1 1.59997 0.260811
81.2 1.58361 0.286486
81.3 1.56687 0.311893
81.4 1.54974 0.337028
81.5 1.53218 0.361883
81.6 1.51416 0.386451
81.7 1.49564 0.410724
81.8 1.47657 0.434694
81.9 1.4569 0.458352
82 1.43657 0.481688
82.1 1.41551 0.50469
82.2 1.39365 0.527345
82.3 1.37087 0.549641
82.4 1.34707 0.571562
82.5 1.3221 0.593089
82.6 1.29578 0.614203
82.7 1.26789 0.63488
82.8 1.23815 0.655093
82.9 1.20619 0.674808
83 1.17152 0.693988
83.1 1.13349 0.712582
83.2 1.09114 0.730529
83.3 1.04314 0.74775
83.4 0.98742 0.764137
83.5 0.92071 0.779543
83.6 0.837478 0.79375
83.7 0.727669 0.806418
83.8 0.571376 0.816978
83.9 0.325458 0.82438
84 -0.106769 0.8265
84.1 -0.865255 0.819112
84.2 -1.66942 0.798127
84.3 -1.9366 0.768001
84.4 -1.99684 0.735845
84.5 -2.00809 0.703404
84.6 -2.00422 0.671003
84.7 -1.99558 0.638734
84.8 -1.98541 0.606625
84.9 -1.97471 0.574687
85 -1.96378 0.542925
85.1 -1.95271 0.51134
85.2 -1.94153 0.479934
85.3 -1.93023 0.44871
85.4 -1.91882 0.417669
85.5 -1.90729 0.386813
85.6 -1.89564 0.356143
85.7 -1.88387 0.325663
85.8 -1.87197 0.295374
85.9 -1.85993 0.265277
86 -1.84775 0.235376
86.1 -1.83543 0.205673
86.2 -1.82296 0.176169
86.3 -1.81033 0.146868
86.4 -1.79754 0.117772
86.5 -1.78459 0.0888834
86.6 -1.77145 0.0602053
86.7 -1.75814 0.0317404
86.8 -1.74463 0.00349195
86.9 -1.73091 -0.024537
87 -1.71699 -0.0523431
87.1 -1.70285 -0.0799229
87.2 -1.68847 -0.107273
87.3 -1.67384 -0.134389
87.4 -1.65896 -0.161267
87.5 -1.6438 -0.187902
87.6 -1.62835 -0.214291
87.7 -1.6126 -0.240428
87.8 -1.59651 -0.266309
87.9 -1.58007 -0.291927
88 -1.56325 -0.317277
88.1 -1.54603 -0.342353
88.2 -1.52838 -0.367147
88.3 -1.51025 -0.391653
88.4 -1.49162 -0.415862
88.5 -1.47242 -0.439767
88.6 -1.45262 -0.463357
88.7 -1.43214 -0.486622
88.8 -1.41092 -0.509551
88.9 -1.38887 -0.532131
89 -1.36588 -0.554348
89.1 -1.34185 -0.576186
89.2 -1.3166 -0.597627
89.3 -1.28997 -0.61865
89.4 -1.26171 -0.639231
89.5 -1.23153 -0.659341
89.6 -1.19904 -0.678945
89.7 -1.16372 -0.698004
89.8 -1.12486 -0.716466
89.9 -1.08144 -0.734266
90 -1.03199 -0.751319
90.1 -0.974258 -0.767511
90.2 -0.904596 -0.782683
90.3 -0.816761 -0.796595
90.4 -0.69921 -0.808873
90.5 -0.528636 -0.818871
90.6 -0.253697 -0.82538
90.7 0.238225 -0.825912
90.8 1.06003 -0.815787
90.9 1.77041 -0.792178
91 1.9578 -0.761201
91.1 2.00172 -0.728925
91.2 2.00804 -0.696478
91.3 2.00262 -0.6641
91.4 1.99349 -0.631864
91.5 1.98315 -0.599791
91.6 1.97239 -0.56789
91.7 1.96143 -0.536165
91.8 1.95034 -0.504618
91.9 1.93913 -0.473251
92 1.92781 -0.442066
92.1 1.91637 -0.411064
92.2 1.90482 -0.380248
92.3 1.89314 -0.349619
92.4 1.88134 -0.319179
92.5 1.86941 -0.288931
92.6 1.85734 -0.258876
92.7 1.84513 -0.229017
92.8 1.83278 -0.199356
92.9 1.82028 -0.169896
93 1.80762 -0.140638
93.1 1.79479 -0.111586
93.2 1.7818 -0.082742
93.3 1.76863 -0.0541092
93.4 1.75527 -0.0256903
93.5 1.74171 0.00251161
93.6 1.72796 0.0304933
93.7 1.71399 0.0582514
93.8 1.6998 0.0857824
93.9 1.68537 0.113083
94 1.67069 0.140148
94.1 1.65575 0.166975
94.2 1.64053 0.193558
94.3 1.62502 0.219894
94.4 1.60919 0.245976
94.5 1.59303 0.271801
94.6 1.57651 0.297363
94.7 1.55961 0.322655
94.8 1.5423 0.347671
94.9 1.52455 0.372404
95 1.50632 0.396847
95.1 1.48757 0.420992
95.2 1.46825 0.444831
95.3 1.4483 0.468352
95.4 1.42767 0.491547
95.5 1.40628 0.514402
95.6 1.38404 0.536906
95.7 1.36084 0.559044
95.8 1.33656 0.580799
95.9 1.31104 0.602152
96 1.28408 0.623083
96.1 1.25544 0.643565
96.2 1.22481 0.66357
96.3 1.19176 0.683062
96.4 1.15575 0.701998
96.5 1.11601 0.720325
96.6 1.07145 0.737973
96.7 1.02046 0.754853
96.8 0.960546 0.770843
96.9 0.887651 0.785769
97 0.794703 0.799371
97.1 0.668392 0.811228
97.2 0.481311 0.820612
97.3 0.172276 0.826117
97.4 -0.387035 0.82484
97.5 -1.25119 0.811789
97.6 -1.84069 0.785882
97.7 -1.97388 0.754365
97.8 -2.00512 0.722007
97.9 -2.00753 0.689562
98 -2.00088 0.657211
98.1 -1.99135 0.625008
98.2 -1.98088 0.592971
98.3 -1.97007 0.561108
98.4 -1.95907 0.529421
98.5 -1.94795 0.497912
98.6 -1.93672 0.466584
98.7 -1.92538 0.435437
98.8 -1.91392 0.404475
98.9 -1.90234 0.373698
99 -1.89063 0.34311
99.1 -1.87881 0.31271
99.2 -1.86685 0.282503
99.3 -1.85475 0.25249
99.4 -1.84251 0.222673
99.5 -1.83013 0.193055
99.6 -1.81759 0.163637
99.7 -1.8049 0.134423
99.8 -1.79204 0.105415
99.9 -1.779 0.0766162
100 -1.76579 0.0480288
100.1 -1.75239 0.0196559
100.2 -1.7388 -0.00849928
100.3 -1.725 -0.0364335
100.4 -1.71098 -0.0641435
100.5 -1.69674 -0.0916255
100.6 -1.68226 -0.118876
100.7 -1.66752 -0.145891
100.8 -1.65252 -0.172666
100.9 -1.63724 -0.199197
101 -1.62167 -0.225479
101.1 -1.60577 -0.251507
101.2 -1.58953 -0.277276
101.3 -1.57294 -0.302781
101.4 -1.55595 -0.328014
101.5 -1.53855 -0.352971
101.6 -1.5207 -0.377643
101.7 -1.50236 -0.402023
101.8 -1.48349 -0.426104
101.9 -1.46405 -0.449875
102 -1.44396 -0.473328
102.1 -1.42318 -0.496451
102.2 -1.40161 -0.519233
102.3 -1.37918 -0.54166
102.4 -1.35576 -0.563717
102.5 -1.33123 -0.585388
102.6 -1.30542 -0.606653
102.7 -1.27812 -0.627491
102.8 -1.24909 -0.647874
102.9 -1.21798 -0.667773
103 -1.18435 -0.68715
103.1 -1.14762 -0.705961
103.2 -1.10695 -0.724149
103.3 -1.06118 -0.741642
103.4 -1.00853 -0.758344
103.5 -0.946266 -0.774124
103.6 -0.869831 -0.788793
103.7 -0.771194 -0.802065
103.8 -0.634948 -0.813472
103.9 -0.428742 -0.82218
104 -0.0797355 -0.826556
104.1 0.552947 -0.823226
104.2 1.42795 -0.807164
104.3 1.88706 -0.779345
104.4 1.985 -0.747501
104.5 2.00702 -0.715095
104.6 2.00655 -0.682662
104.7 1.99899 -0.650339
104.8 1.98917 -0.618171
104.9 1.9786 -0.586171
105 1.96774 -0.554344
105.1 1.95671 -0.522695
105.2 1.94557 -0.491225
105.3 1.93432 -0.459935
105.4 1.92295 -0.428828
105.5 1.91146 -0.397905
105.6 1.89985 -0.367168
105.7 1.88813 -0.336619
105.8 1.87627 -0.306261
105.9 1.86428 -0.276095
106 1.85215 -0.246123
106.1 1.83989 -0.216348
106.2 1.82747 -0.186773
106.3 1.8149 -0.157398
106.4 1.80217 -0.128228
106.5 1.78927 -0.0992643
106.6 1.7762 -0.0705101
106.7 1.76295 -0.0419681
106.8 1.74951 -0.0136413
106.9 1.73588 0.0144671
107 1.72203 0.0423539
107.1 1.70797 0.0700156
107.2 1.69367 0.0974487
107.3 1.67914 0.124649
107.4 1.66435 0.151613
107.5 1.64929 0.178337
107.6 1.63395 0.204815
107.7 1.61831 0.231044
107.8 1.60234 0.257017
107.9 1.58603 0.28273
108 1.56935 0.308178
108.1 1.55228 0.333353
108.2 1.53479 0.358249
108.3 1.51684 0.38286
108.4 1.49839 0.407177
108.5 1.4794 0.431193
108.6 1.45982 0.454897
108.7 1.4396 0.47828
108.8 1.41865 0.501332
108.9 1.39691 0.524039
109 1.37428 0.546389
109.1 1.35063 0.568366
109.2 1.32585 0.589952
109.3 1.29974 0.611128
109.4 1.2721 0.631871
109.5 1.24265 0.652154
109.6 1.21104 0.671945
109.7 1.17681 0.691206
109.8 1.13932 0.709889
109.9 1.09768 0.727936
110 1.05062 0.745269
110.1 0.996197 0.761787
110.2 0.931378 0.777349
110.3 0.851057 0.791749
110.4 0.746071 0.804671
110.5 0.598517 0.815591
110.6 0.370078 0.823555
110.7 -0.0256072 0.826654
110.8 -0.733876 0.821013
110.9 -1.58102 0.801984
111 -1.91902 0.772661
111.1 -1.99268 0.740611
111.2 -2.00786 0.70818
111.3 -2.00524 0.675764
111.4 -1.997 0.643473
111.5 -1.98695 0.61134
111.6 -1.9763 0.579376
111.7 -1.9654 0.547588
111.8 -1.95435 0.515976
111.9 -1.94318 0.484544
112 -1.9319 0.453293
112.1 -1.92051 0.422225
112.2 -1.909 0.391341
112.3 -1.89737 0.360645
112.4 -1.88561 0.330136
112.5 -1.87373 0.299819
112.6 -1.86171 0.269694
112.7 -1.84955 0.239764
112.8 -1.83725 0.210031
112.9 -1.82481 0.180498
113 -1.8122 0.151167
113.1 -1.79944 0.122041
113.2 -1.78651 0.0931214
113.3 -1.7734 0.0644121
113.4 -1.76011 0.0359157
113.5 -1.74663 0.0076352
113.6 -1.73294 -0.0204263
113.7 -1.71905 -0.0482654
113.8 -1.70494 -0.0758787
113.9 -1.6906 -0.103263
114 -1.67601 -0.130413
114.1 -1.66117 -0.157326
114.2 -1.64605 -0.183998
114.3 -1.63065 -0.210424
114.4 -1.61493 -0.236598
114.5 -1.5989 -0.262517
114.6 -1.58251 -0.288174
114.7 -1.56575 -0.313564
114.8 -1.54859 -0.33868
114.9 -1.53101 -0.363516
115 -1.51295 -0.388065
115.1 -1.49439 -0.412319
115.2 -1.47528 -0.436268
115.3 -1.45557 -0.459905
115.4 -1.4352 -0.483219
115.5 -1.41409 -0.506198
115.6 -1.39217 -0.528831
115.7 -1.36933 -0.551102
115.8 -1.34546 -0.572997
115.9 -1.3204 -0.594498
116 -1.29399 -0.615584
116.1 -1.26598 -0.636231
116.2 -1.23611 -0.656412
116.3 -1.20399 -0.676094
116.4 -1.16912 -0.695236
116.5 -1.13083 -0.713789
116.6 -1.08816 -0.731691
116.7 -1.03972 -0.74886
116.8 -0.983394 -0.765188
116.9 -0.915796 -0.780522
117 -0.831187 -0.794639
117.1 -0.719077 -0.807189
117.2 -0.558569 -0.81758
117.3 -0.304143 -0.824716
117.4 0.145745 -0.826366
117.5 0.92544 -0.818153
117.6 1.70422 -0.796324
117.7 1.94369 -0.765896
117.8 1.9985 -0.733699
117.9 2.00812 -0.701255
118 2.00374 -0.668861
118.1 1.99494 -0.636602
118.2 1.98471 -0.604504
118.3 1.97399 -0.572578
118.4 1.96305 -0.540827
118.5 1.95198 -0.509254
118.6 1.94079 -0.47786
118.7 1.92948 -0.446648
118.8 1.91806 -0.415619
118.9 1.90653 -0.384775
119 1.89487 -0.354119
119.1 1.88309 -0.323651
119.2 1.87117 -0.293374
119.3 1.85913 -0.263291
119.4 1.84694 -0.233403
119.5 1.83461 -0.203712
119.6 1.82213 -0.174222
119.7 1.80949 -0.144935
119.8 1.79669 -0.115852
119.9 1.78372 -0.0869774
120 1.77058 -0.0583133
120.1 1.75725 -0.0298627
120.2 1.74372 -0.00162861
120.3 1.73 0.0263857
120.4 1.71606 0.0541769
120.5 1.7019 0.0817416
120.6 1.68751 0.109076
120.7 1.67287 0.136176
120.8 1.65797 0.163038
120.9 1.64279 0.189658
121 1.62732 0.21603
121.1 1.61154 0.242151
121.2 1.59543 0.268014
121.3 1.57897 0.293614
121.4 1.56213 0.318946
121.5 1.54488 0.344004
121.6 1.52719 0.368779
121.7 1.50904 0.393266
121.8 1.49036 0.417455
121.9 1.47113 0.441339
122 1.45128 0.464908
122.1 1.43076 0.488151
122.2 1.40949 0.511058
122.3 1.38738 0.533614
122.4 1.36433 0.555807
122.5 1.34021 0.577619
122.6 1.31488 0.599033
122.7 1.28815 0.620027
122.8 1.25978 0.640578
122.9 1.22946 0.660655
123 1.1968 0.680225
123.1 1.16127 0.699246
123.2 1.12213 0.717666
123.3 1.07837 0.735419
123.4 1.02845 0.752419
123.5 0.970064 0.76855
123.6 0.89943 0.783646
123.7 0.810066 0.797464
123.8 0.689914 0.809615
123.9 0.514474 0.819429
124 0.229539 0.825638
124.1 -0.282511 0.825634
124.2 -1.12022 0.814618
124.3 -1.79528 0.790257
124.4 -1.96336 0.759084
124.5 -2.00294 0.726779
124.6 -2.00793 0.694331
124.7 -2.0021 0.661961
124.8 -1.99283 0.629735
124.9 -1.98245 0.597673
125 -1.97167 0.565784
125.1 -1.9607 0.534071
125.2 -1.9496 0.502536
125.3 -1.93838 0.471181
125.4 -1.92705 0.440008
125.5 -1.91561 0.409018
125.6 -1.90405 0.378214
125.7 -1.89236 0.347597
125.8 -1.88055 0.31717
125.9 -1.86861 0.286935
126 -1.85654 0.256893
126.1 -1.84432 0.227047
126.2 -1.83196 0.197399
126.3 -1.81944 0.167952
126.4 -1.80677 0.138708
126.5 -1.79394 0.109669
126.6 -1.78093 0.0808394
126.7 -1.76775 0.0522206
126.8 -1.75438 0.023816
126.9 -1.74081 -0.00437138
127 -1.72704 -0.0323384
127.1 -1.71306 -0.0600815
127.2 -1.69885 -0.0875973
127.3 -1.6844 -0.114882
127.4 -1.66971 -0.141932
127.5 -1.65475 -0.168742
127.6 -1.63951 -0.19531
127.7 -1.62398 -0.221629
127.8 -1.60813 -0.247694
127.9 -1.59195 -0.273502
128 -1.5754 -0.299046
128.1 -1.55848 -0.32432
128.2 -1.54114 -0.349317
128.3 -1.52336 -0.374032
128.4 -1.50509 -0.398456
128.5 -1.48631 -0.422581
128.6 -1.46695 -0.446398
128.7 -1.44696 -0.469898
128.8 -1.42628 -0.493071
128.9 -1.40484 -0.515903
129 -1.38254 -0.538384
129.1 -1.35927 -0.560496
129.2 -1.33491 -0.582225
129.3 -1.3093 -0.603552
129.4 -1.28224 -0.624453
129.5 -1.25348 -0.644905
129.6 -1.2227 -0.664877
129.7 -1.18947 -0.684334
129.8 -1.15324 -0.703232
129.9 -1.11322 -0.721515
130 -1.06829 -0.739116
130.1 -1.0168 -0.755941
130.2 -0.956177 -0.771867
130.3 -0.882219 -0.786715
130.4 -0.787571 -0.800216
130.5 -0.658311 -0.811937
130.6 -0.465598 -0.821118
130.7 -0.144829 -0.826287
130.8 0.436735 -0.8244
130.9 1.30805 -0.810418
131 1.8572 -0.783875
131.1 1.97781 -0.752239
131.2 2.00585 -0.719863
131.3 2.00727 -0.68742
131.4 2.00031 -0.655077
131.5 1.99068 -0.622885
131.6 1.98018 -0.59086
131.7 1.96934 -0.559008
131.8 1.95834 -0.527333
131.9 1.94722 -0.495836
132 1.93598 -0.464519
132.1 1.92462 -0.433385
132.2 1.91315 -0.402435
132.3 1.90157 -0.371671
132.4 1.88986 -0.341094
132.5 1.87802 -0.310708
132.6 1.86605 -0.280513
132.7 1.85394 -0.250513
132.8 1.8417 -0.220709
132.9 1.8293 -0.191104
133 1.81676 -0.1617
133.1 1.80405 -0.1325
133.2 1.79118 -0.103505
133.3 1.77814 -0.0747202
133.4 1.76491 -0.0461468
133.5 1.7515 -0.0177882
133.6 1.73789 0.0103525
133.7 1.72408 0.038272
133.8 1.71005 0.065967
133.9 1.69579 0.0934339
134 1.68129 0.120669
134.1 1.66654 0.147668
134.2 1.65152 0.174427
134.3 1.63622 0.200942
134.4 1.62063 0.227207
134.5 1.60471 0.253218
134.6 1.58845 0.27897
134.7 1.57183 0.304457
134.8 1.55482 0.329673
134.9 1.53739 0.35461
135 1.51951 0.379264
135.1 1.50113 0.403624
135.2 1.48223 0.427685
135.3 1.46274 0.451435
135.4 1.44261 0.474866
135.5 1.42178 0.497967
135.6 1.40016 0.520726
135.7 1.37766 0.543129
135.8 1.35418 0.565162
135.9 1.32956 0.586807
136 1.30366 0.608044
136.1 1.27626 0.628852
136.2 1.2471 0.649205
136.3 1.21584 0.66907
136.4 1.18202 0.688412
136.5 1.14506 0.707183
136.6 1.1041 0.725328
136.7 1.05793 0.742771
136.8 1.00475 0.759417
136.9 0.941715 0.77513
137 0.864114 0.789717
137.1 0.763583 0.802883
137.2 0.623987 0.814143
137.3 0.411243 0.822628
137.4 0.0485137 0.826625
137.5 -0.607622 0.822606
137.6 -1.47833 0.805613
137.7 -1.89809 0.777283
137.8 -1.98766 0.745366
137.9 -2.00737 0.712951
138 -2.00617 0.680522
138.1 -1.99838 0.648209
138.2 -1.98849 0.616052
138.3 -1.97789 0.584063
138.4 -1.96701 0.552248
138.5 -1.95598 0.520611
138.6 -1.94483 0.489152
138.7 -1.93357 0.457875
138.8 -1.92219 0.426779
138.9 -1.9107 0.395869
139 -1.89908 0.365144
139.1 -1.88735 0.334608
139.2 -1.87548 0.304262
139.3 -1.86348 0.274109
139.4 -1.85135 0.24415
139.5 -1.83907 0.214389
139.6 -1.82664 0.184826
139.7 -1.81406 0.155465
139.8 -1.80132 0.126308
139.9 -1.78842 0.0973585
140 -1.77534 0.0686181
140.1 -1.76207 0.0400902
140.2 -1.74862 0.0117778
140.3 -1.73497 -0.0163161
140.4 -1.72111 -0.0441881
140.5 -1.70703 -0.0718348
140.6 -1.69272 -0.0992526
140.7 -1.67817 -0.126438
140.8 -1.66337 -0.153386
140.9 -1.64829 -0.180094
141 -1.63293 -0.206555
141.1 -1.61726 -0.232767
141.2 -1.60127 -0.258724
141.3 -1.58494 -0.28442
141.4 -1.56824 -0.309849
141.5 -1.55114 -0.335006
141.6 -1.53362 -0.359884
141.7 -1.51564 -0.384476
141.8 -1.49715 -0.408773
141.9 -1.47813 -0.432768
142 -1.45851 -0.456452
142.1 -1.43824 -0.479813
142.2 -1.41724 -0.502843
142.3 -1.39545 -0.525527
142.4 -1.37275 -0.547852
142.5 -1.34903 -0.569804
142.6 -1.32416 -0.591364
142.7 -1.29796 -0.612512
142.8 -1.27021 -0.633225
142.9 -1.24063 -0.653477
143 -1.20887 -0.673234
143.1 -1.17444 -0.692458
143.2 -1.13671 -0.711101
143.3 -1.09476 -0.729104
143.4 -1.04727 -0.746387
143.5 -0.992279 -0.762846
143.6 -0.926623 -0.778339
143.7 -0.845017 -0.792653
143.8 -0.737911 -0.805462
143.9 -0.586529 -0.816223
144 -0.350464 -0.823939
144.1 0.061198 -0.826609
144.2 0.792447 -0.820197
144.3 1.62263 -0.800277
144.4 1.92726 -0.770569
144.5 1.99464 -0.738468
144.6 2.00799 -0.706033
144.7 2.00479 -0.673623
144.8 1.99636 -0.641342
144.9 1.98626 -0.60922
145 1.97559 -0.577268
145.1 1.96467 -0.545491
145.2 1.95362 -0.513891
145.3 1.94244 -0.482471
145.4 1.93115 -0.451232
145.5 1.91975 -0.420176
145.6 1.90823 -0.389305
145.7 1.89659 -0.35862
145.8 1.88483 -0.328125
145.9 1.87294 -0.29782
146 1.86091 -0.267708
146.1 1.84874 -0.237791
146.2 1.83643 -0.208071
146.3 1.82398 -0.178551
146.4 1.81136 -0.149234
146.5 1.79859 -0.120121
146.6 1.78564 -0.0912155
146.7 1.77252 -0.0625202
146.8 1.75922 -0.034038
146.9 1.74573 -0.00577184
147 1.73203 0.022275
147.1 1.71813 0.0500993
147.2 1.704 0.0776976
147.3 1.68964 0.105066
147.4 1.67504 0.132201
147.5 1.66018 0.159098
147.6 1.64504 0.185754
147.7 1.62962 0.212163
147.8 1.61388 0.238321
147.9 1.59782 0.264222
148 1.58141 0.289862
148.1 1.56463 0.315234
148.2 1.54744 0.340332
148.3 1.52983 0.365149
148.4 1.51174 0.389679
148.5 1.49315 0.413913
148.6 1.474 0.437842
148.7 1.45425 0.461458
148.8 1.43383 0.48475
148.9 1.41267 0.507707
149 1.39069 0.530316
149.1 1.36778 0.552563
149.2 1.34384 0.574432
149.3 1.3187 0.595906
149.4 1.29218 0.616964
149.5 1.26407 0.637581
149.6 1.23406 0.65773
149.7 1.20177 0.677377
149.8 1.1667 0.696482
149.9 1.12816 0.714994
150 1.08516 0.73285
150.1 1.03627 0.749968
150.2 0.979317 0.766235
150.3 0.910807 0.781497
150.4 0.824775 0.795523
150.5 0.710275 0.807952
150.6 0.545363 0.81817
150.7 0.281994 0.825029
150.8 -0.186328 0.826189
150.9 -0.985956 0.817129
151 -1.73588 0.794482
151.1 -1.95033 0.763787
151.2 -2.00003 0.731552
151.3 -2.00811 0.699106
151.4 -2.00325 0.66672
151.5 -1.99429 0.63447
151.6 -1.98401 0.602384
151.7 -1.97327 0.570469
151.8 -1.96232 0.53873
151.9 -1.95124 0.507168
152 -1.94004 0.475787
152.1 -1.92873 0.444587
152.2 -1.9173 0.41357
152.3 -1.90576 0.382739
152.4 -1.89409 0.352094
152.5 -1.8823 0.321639
152.6 -1.87038 0.291375
152.7 -1.85832 0.261305
152.8 -1.84613 0.23143
152.9 -1.83379 0.201753
153 -1.8213 0.172276
153.1 -1.80865 0.143002
153.2 -1.79584 0.113933
153.3 -1.78286 0.0850719
153.4 -1.7697 0.0564218
153.5 -1.75636 0.0279855
153.6 -1.74282 -0.000234135
153.7 -1.72908 -0.0282338
153.8 -1.71513 -0.0560101
153.9 -1.70096 -0.0835596
154 -1.68655 -0.110879
154.1 -1.67189 -0.137963
154.2 -1.65697 -0.164809
154.3 -1.64177 -0.191413
154.4 -1.62628 -0.217768
154.5 -1.61048 -0.243872
154.6 -1.59435 -0.269718
154.7 -1.57786 -0.295301
154.8 -1.561 -0.320615
154.9 -1.54372 -0.345654
155 -1.52601 -0.37041
155.1 -1.50781 -0.394877
155.2 -1.48911 -0.419047
155.3 -1.46983 -0.44291
155.4 -1.44994 -0.466458
155.5 -1.42937 -0.489679
155.6 -1.40805 -0.512563
155.7 -1.38588 -0.535096
155.8 -1.36276 -0.557264
155.9 -1.33857 -0.57905
156 -1.31316 -0.600437
156.1 -1.28633 -0.621403
156.2 -1.25783 -0.641923
156.3 -1.22737 -0.661968
156.4 -1.19454 -0.681503
156.5 -1.15879 -0.700486
156.6 -1.11939 -0.718864
156.7 -1.07527 -0.73657
156.8 -1.02488 -0.753516
156.9 -0.965816 -0.769584
157 -0.894183 -0.784605
157.1 -0.803239 -0.798326
157.2 -0.680383 -0.810347
157.3 -0.499853 -0.819971
157.4 -0.204408 -0.825871
157.5 0.328489 -0.825308
157.6 1.17975 -0.813384
157.7 1.81731 -0.788306
157.8 1.9684 -0.756963
157.9 2.00401 -0.724632
158 2.00778 -0.692185
158.1 2.00156 -0.659823
158.2 1.99217 -0.627608
158.3 1.98175 -0.595557
158.4 1.97095 -0.56368
158.5 1.95997 -0.531978
158.6 1.94886 -0.500455
158.7 1.93764 -0.469112
158.8 1.9263 -0.437951
158.9 1.91485 -0.406973
159 1.90328 -0.376182
159.1 1.89159 -0.345578
159.2 1.87977 -0.315163
159.3 1.86782 -0.28494
159.4 1.85573 -0.254911
159.5 1.84351 -0.225078
159.6 1.83113 -0.195444
159.7 1.81861 -0.16601
159.8 1.80593 -0.13678
159.9 1.79308 -0.107755
160 1.78006 -0.0789387
160.1 1.76687 -0.0503341
160.2 1.75348 -0.0219437
160.3 1.73991 0.0062292
160.4 1.72612 0.0341815
160.5 1.71212 0.0619097
160.6 1.6979 0.0894103
160.7 1.68344 0.11668
160.8 1.66873 0.143714
160.9 1.65375 0.170508
161 1.63849 0.197059
161.1 1.62294 0.223362
161.2 1.60707 0.249411
161.3 1.59086 0.275201
161.4 1.5743 0.300727
161.5 1.55734 0.325983
161.6 1.53998 0.350962
161.7 1.52216 0.375657
161.8 1.50387 0.400062
161.9 1.48504 0.424167
162 1.46564 0.447963
162.1 1.44561 0.471442
162.2 1.42489 0.494592
162.3 1.40339 0.517402
162.4 1.38103 0.539859
162.5 1.3577 0.561947
162.6 1.33326 0.58365
162.7 1.30756 0.604948
162.8 1.28039 0.625821
162.9 1.25151 0.646242
163 1.22058 0.666182
163.1 1.18718 0.685603
163.2 1.15072 0.704461
163.3 1.11041 0.722702
163.4 1.06511 0.740254
163.5 1.0131 0.757025
163.6 0.951754 0.772885
163.7 0.876701 0.787653
163.8 0.780296 0.801052
163.9 0.64797 0.812634
164 0.449359 0.821607
164.1 0.116267 0.826427
164.2 -0.488052 0.823906
164.3 -1.36321 0.808989
164.4 -1.87167 0.781848
164.5 -1.98129 0.750109
164.6 -2.00645 0.717718
164.7 -2.00697 0.68528
164.8 -1.99972 0.652946
164.9 -1.99 0.620764
165 -1.97947 0.58875
165.1 -1.96862 0.55691
165.2 -1.95761 0.525246
165.3 -1.94648 0.493761
165.4 -1.93523 0.462457
165.5 -1.92387 0.431335
165.6 -1.91239 0.400397
165.7 -1.9008 0.369645
165.8 -1.88908 0.339081
165.9 -1.87723 0.308707
166 -1.86525 0.278525
166.1 -1.85314 0.248538
166.2 -1.84088 0.218747
166.3 -1.82848 0.189155
166.4 -1.81592 0.159764
166.5 -1.80321 0.130578
166.6 -1.79032 0.101597
166.7 -1.77727 0.0728258
166.8 -1.76403 0.0442666
166.9 -1.75061 0.0159223
167 -1.73699 -0.0122039
167.1 -1.72316 -0.0401087
167.2 -1.70911 -0.0677887
167.3 -1.69484 -0.0952404
167.4 -1.68032 -0.12246
167.5 -1.66556 -0.149443
167.6 -1.65052 -0.176186
167.7 -1.6352 -0.202685
167.8 -1.61958 -0.228934
167.9 -1.60364 -0.254928
168 -1.58736 -0.280662
168.1 -1.57072 -0.306131
168.2 -1.55368 -0.331329
168.3 -1.53622 -0.356248
168.4 -1.51831 -0.380882
168.5 -1.4999 -0.405223
168.6 -1.48096 -0.429263
168.7 -1.46143 -0.452993
168.8 -1.44126 -0.476403
168.9 -1.42037 -0.499482
169 -1.3987 -0.522217
169.1 -1.37614 -0.544597
169.2 -1.35259 -0.566604
169.3 -1.32789 -0.588222
169.4 -1.3019 -0.609432
169.5 -1.27439 -0.630211
169.6 -1.2451 -0.650532
169.7 -1.21369 -0.670365
169.8 -1.17969 -0.68967
169.9 -1.14249 -0.708402
170 -1.10123 -0.726503
170.1 -1.05466 -0.743897
170.2 -1.00093 -0.760486
170.3 -0.937105 -0.776131
170.4 -0.858303 -0.790635
170.5 -0.75581 -0.803693
170.6 -0.612726 -0.814802
170.7 -0.393129 -0.823057
170.8 -0.016005 -0.82666
170.9 0.663656 -0.821926
171 1.52618 -0.804011
171.1 1.90803 -0.77521
171.2 1.99005 -0.743229
171.3 2.00763 -0.710806
171.4 2.00577 -0.678383
171.5 1.99776 -0.646079
171.6 1.9878 -0.613933
171.7 1.97718 -0.581955
171.8 1.96629 -0.550152
171.9 1.95525 -0.518527
172 1.94409 -0.48708
172.1 1.93282 -0.455814
172.2 1.92143 -0.424731
172.3 1.90993 -0.393833
172.4 1.89831 -0.363121
172.5 1.88657 -0.332597
172.6 1.87469 -0.302264
172.7 1.86269 -0.272123
172.8 1.85054 -0.242178
172.9 1.83825 -0.212429
173 1.82582 -0.18288
173.1 1.81323 -0.153532
173.2 1.80048 -0.124389
173.3 1.78756 -0.0954529
173.4 1.77446 -0.0667265
173.5 1.76119 -0.0382128
173.6 1.74772 -0.00991466
173.7 1.73406 0.0181647
173.8 1.72019 0.0460219
173.9 1.70609 0.0736536
174 1.69177 0.101056
174.1 1.6772 0.128226
174.2 1.66238 0.155158
174.3 1.64728 0.18185
174.4 1.6319 0.208295
174.5 1.61622 0.23449
174.6 1.60021 0.26043
174.7 1.58385 0.286108
174.8 1.56712 0.31152
174.9 1.55 0.336659
175 1.53245 0.361518
175.1 1.51443 0.38609
175.2 1.49591 0.410368
175.3 1.47685 0.434343
175.4 1.45719 0.458005
175.5 1.43687 0.481346
175.6 1.41583 0.504352
175.7 1.39397 0.527013
175.8 1.37121 0.549315
175.9 1.34743 0.571241
176 1.32248 0.592774
176.1 1.29618 0.613894
176.2 1.26831 0.634578
176.3 1.2386 0.654798
176.4 1.20668 0.674521
176.5 1.17206 0.693709
176.6 1.13408 0.712312
176.7 1.09181 0.730269
176.8 1.0439 0.747501
176.9 0.988313 0.763902
177 0.921798 0.779324
177.1 0.838868 0.79355
177.2 0.729562 0.806244
177.3 0.574185 0.816841
177.4 0.330111 0.824302
177.5 -0.0982753 0.826524
177.6 -0.851879 0.819317
177.7 -1.66122 0.798525
177.8 -1.93495 0.768471
177.9 -1.99645 0.736324
178 -2.00807 0.703884
178.1 -2.00433 0.671482
178.2 -1.99572 0.63921
178.3 -1.98556 0.607099
178.4 -1.97487 0.575159
178.5 -1.96394 0.543393
178.6 -1.95288 0.511806
178.7 -1.9417 0.480397
178.8 -1.9304 0.44917
178.9 -1.91899 0.418127
179 -1.90747 0.387268
179.1 -1.89582 0.356596
179.2 -1.88405 0.326113
179.3 -1.87214 0.29582
179.4 -1.86011 0.265721
179.5 -1.84793 0.235817
179.6 -1.83561 0.206111
179.7 -1.82315 0.176604
179.8 -1.81052 0.1473
179.9 -1.79774 0.118201
180 -1.78478 0.0893093
180.1 -1.77165 0.0606281
180.2 -1.75833 0.0321601
180.3 -1.74483 0.00390834
180.4 -1.73112 -0.0241239
180.5 -1.7172 -0.0519333
180.6 -1.70306 -0.0795165
180.7 -1.68868 -0.10687
180.8 -1.67406 -0.133989
180.9 -1.65918 -0.160871
181 -1.64403 -0.18751
181.1 -1.62858 -0.213902
181.2 -1.61283 -0.240043
181.3 -1.59675 -0.265928
181.4 -1.58031 -0.29155
181.5 -1.5635 -0.316904
181.6 -1.54629 -0.341984
181.7 -1.52864 -0.366782
181.8 -1.51053 -0.391292
181.9 -1.4919 -0.415506
182 -1.47271 -0.439415
182.1 -1.45292 -0.46301
182.2 -1.43245 -0.48628
182.3 -1.41124 -0.509214
182.4 -1.3892 -0.5318
182.5 -1.36623 -0.554022
182.6 -1.34221 -0.575866
182.7 -1.31699 -0.597313
182.8 -1.29038 -0.618342
182.9 -1.26214 -0.63893
183 -1.232 -0.659047
183.1 -1.19954 -0.678659
183.2 -1.16427 -0.697726
183.3 -1.12546 -0.716197
183.4 -1.08212 -0.734007
183.5 -1.03278 -0.751072
183.6 -0.975188 -0.767279
183.7 -0.905739 -0.782467
183.8 -0.818239 -0.7964
183.9 -0.701256 -0.808705
184 -0.531739 -0.818745
184.1 -0.258967 -0.825318
184.2 0.22856 -0.825968
184.3 1.04652 -0.81604
184.4 1.76444 -0.792602
184.5 1.95649 -0.761674
184.6 2.00142 -0.729405
184.7 2.00806 -0.696958
184.8 2.00274 -0.664579
184.9 1.99364 -0.63234
185 1.98331 -0.600264
185.1 1.97255 -0.568361
185.2 1.96159 -0.536634
185.3 1.9505 -0.505084
185.4 1.93929 -0.473714
185.5 1.92797 -0.442526
185.6 1.91654 -0.411522
185.7 1.90499 -0.380703
185.8 1.89332 -0.350071
185.9 1.88152 -0.319628
186 1.86959 -0.289377
186.1 1.85752 -0.259319
186.2 1.84532 -0.229458
186.3 1.83296 -0.199794
186.4 1.82046 -0.17033
186.5 1.80781 -0.141069
186.6 1.79498 -0.112014
186.7 1.78199 -0.0831674
186.8 1.76882 -0.0545314
186.9 1.75547 -0.0261093
187 1.74192 0.00209582
187.1 1.72816 0.0300808
187.2 1.7142 0.0578422
187.3 1.70001 0.0853766
187.4 1.68558 0.11268
187.5 1.67091 0.139749
187.6 1.65597 0.166579
187.7 1.64076 0.193166
187.8 1.62525 0.219506
187.9 1.60942 0.245592
188 1.59327 0.271421
188.1 1.57676 0.296986
188.2 1.55986 0.322282
188.3 1.54256 0.347303
188.4 1.52482 0.37204
188.5 1.50659 0.396488
188.6 1.48785 0.420637
188.7 1.46854 0.44448
188.8 1.4486 0.468006
188.9 1.42799 0.491206
189 1.40661 0.514067
189.1 1.38438 0.536576
189.2 1.3612 0.558719
189.3 1.33693 0.58048
189.4 1.31143 0.601839
189.5 1.28449 0.622776
189.6 1.25588 0.643266
189.7 1.22528 0.663278
189.8 1.19227 0.682778
189.9 1.15631 0.701723
190 1.11663 0.720058
190.1 1.07215 0.737717
190.2 1.02127 0.75461
190.3 0.961514 0.770614
190.4 0.888853 0.785557
190.5 0.796277 0.799181
190.6 0.670609 0.811069
190.7 0.484752 0.820497
190.8 0.178261 0.826076
190.9 -0.376155 0.824932
191 -1.23828 0.812087
191.1 -1.8367 0.786328
191.2 -1.97294 0.75484
191.3 -2.00493 0.722487
191.4 -2.00758 0.690041
191.5 -2.001 0.657688
191.6 -1.9915 0.625482
191.7 -1.98104 0.593443
191.8 -1.97023 0.561577
191.9 -1.95924 0.529888
192 -1.94812 0.498376
192.1 -1.93689 0.467045
192.2 -1.92555 0.435896
192.3 -1.91409 0.404931
192.4 -1.90251 0.374152
192.5 -1.89081 0.34356
192.6 -1.87898 0.313158
192.7 -1.86702 0.282948
192.8 -1.85493 0.252932
192.9 -1.84269 0.223112
193 -1.83031 0.193491
193.1 -1.81778 0.16407
193.2 -1.80508 0.134853
193.3 -1.79223 0.105842
193.4 -1.7792 0.0770402
193.5 -1.76599 0.0484496
193.6 -1.75259 0.0200735
193.7 -1.739 -0.00808491
193.8 -1.7252 -0.0360225
193.9 -1.71119 -0.0637357
194 -1.69695 -0.0912212
194.1 -1.68247 -0.118475
194.2 -1.66774 -0.145493
194.3 -1.65275 -0.172272
194.4 -1.63747 -0.198807
194.5 -1.6219 -0.225092
194.6 -1.60601 -0.251125
194.7 -1.58978 -0.276898
194.8 -1.57319 -0.302406
194.9 -1.55621 -0.327644
195 -1.53881 -0.352604
195.1 -1.52097 -0.377281
195.2 -1.50264 -0.401665
195.3 -1.48378 -0.42575
195.4 -1.46434 -0.449526
195.5 -1.44426 -0.472984
195.6 -1.42349 -0.496112
195.7 -1.40194 -0.518899
195.8 -1.37952 -0.541331
195.9 -1.35611 -0.563394
196 -1.3316 -0.585071
196.1 -1.30581 -0.606342
196.2 -1.27854 -0.627186
196.3 -1.24953 -0.647576
196.4 -1.21845 -0.667483
196.5 -1.18487 -0.686868
196.6 -1.14818 -0.705688
196.7 -1.10759 -0.723885
196.8 -1.0619 -0.741389
196.9 -1.00937 -0.758104
197 -0.947274 -0.773898
197.1 -0.871096 -0.788586
197.2 -0.772873 -0.801881
197.3 -0.637357 -0.81332
197.4 -0.432571 -0.822077
197.5 -0.086542 -0.826536
197.6 0.540927 -0.823356
197.7 1.41637 -0.807503
197.8 1.88441 -0.779804
197.9 1.98436 -0.747978
198 2.00693 -0.715574
198.1 2.00663 -0.68314
198.2 1.99912 -0.650815
198.3 1.98932 -0.618644
198.4 1.97876 -0.586642
198.5 1.9679 -0.554813
198.6 1.95688 -0.523161
198.7 1.94574 -0.491688
198.8 1.93448 -0.460395
198.9 1.92311 -0.429285
199 1.91163 -0.39836
199.1 1.90003 -0.36762
199.2 1.8883 -0.337069
199.3 1.87645 -0.306708
199.4 1.86446 -0.276539
199.5 1.85233 -0.246564
199.6 1.84007 -0.216786
199.7 1.82765 -0.187208
199.8 1.81509 -0.15783
199.9 1.80236 -0.128657
200 1.78947 -0.0996903
