0 2 0
0.1 1.79739 0.0295313
0.2 1.73505 0.0574886
0.3 1.70661 0.0848149
0.4 1.68787 0.111789
0.5 1.67195 0.138494
0.6 1.65675 0.164954
0.7 1.6416 0.191173
0.8 1.62626 0.21715
0.9 1.61066 0.242882
1 1.59475 0.268362
1.1 1.5785 0.293588
1.2 1.56188 0.318551
1.3 1.54486 0.343248
1.4 1.52742 0.367671
1.5 1.50951 0.391812
1.6 1.49111 0.415665
1.7 1.47216 0.439222
1.8 1.45262 0.462472
1.9 1.43241 0.485407
2 1.41148 0.508014
2.1 1.38974 0.530283
2.2 1.3671 0.552199
2.3 1.34342 0.573746
2.4 1.31858 0.594909
2.5 1.29239 0.615666
2.6 1.26462 0.635994
2.7 1.235 0.655867
2.8 1.20315 0.675251
2.9 1.16858 0.694108
3 1.13061 0.71239
3.1 1.08829 0.730035
3.2 1.04024 0.746963
3.3 0.984348 0.763069
3.4 0.917241 0.778203
3.5 0.833172 0.792145
3.6 0.721613 0.804552
3.7 0.561481 0.814838
3.8 0.306497 0.821916
3.9 -0.147709 0.823554
4 -0.939516 0.815337
4.1 -1.71779 0.793558
4.2 -1.94478 0.763426
4.3 -1.99765 0.731679
4.4 -2.00725 0.699708
4.5 -2.00311 0.667787
4.6 -1.99452 0.635996
4.7 -1.98448 0.604363
4.8 -1.97392 0.572896
4.9 -1.96314 0.541599
5 -1.95223 0.510475
5.1 -1.9412 0.479525
5.2 -1.93006 0.448752
5.3 -1.91881 0.418156
5.4 -1.90744 0.38774
5.5 -1.89596 0.357506
5.6 -1.88436 0.327456
5.7 -1.87263 0.297591
5.8 -1.86077 0.267913
5.9 -1.84878 0.238425
6 -1.83664 0.209129
6.1 -1.82436 0.180027
6.2 -1.81193 0.151121
6.3 -1.79934 0.122414
6.4 -1.78659 0.0939085
6.5 -1.77367 0.0656072
6.6 -1.76057 0.0375126
6.7 -1.74729 0.00962774
6.8 -1.73381 -0.0180444
6.9 -1.72013 -0.0455006
7 -1.70623 -0.0727376
7.1 -1.69211 -0.0997519
7.2 -1.67776 -0.12654
7.3 -1.66315 -0.153098
7.4 -1.64828 -0.179421
7.5 -1.63313 -0.205506
7.6 -1.61769 -0.231348
7.7 -1.60194 -0.256942
7.8 -1.58584 -0.282282
7.9 -1.56939 -0.307364
8 -1.55256 -0.332182
8.1 -1.53531 -0.356728
8.2 -1.51762 -0.380997
8.3 -1.49945 -0.404981
8.4 -1.48075 -0.428672
8.5 -1.46148 -0.452061
8.6 -1.44158 -0.475138
8.7 -1.42098 -0.497894
8.8 -1.39962 -0.520317
8.9 -1.37739 -0.542393
9 -1.3542 -0.564108
9.1 -1.3299 -0.585446
9.2 -1.30434 -0.606388
9.3 -1.27731 -0.626912
9.4 -1.24857 -0.646993
9.5 -1.21777 -0.666601
9.6 -1.18449 -0.685701
9.7 -1.14815 -0.704248
9.8 -1.10792 -0.722188
9.9 -1.06266 -0.73945
10 -1.01062 -0.755941
10.1 -0.949083 -0.771534
10.2 -0.873574 -0.786045
10.3 -0.776149 -0.799195
10.4 -0.641557 -0.81053
10.5 -0.43763 -0.819236
10.6 -0.0912969 -0.823712
10.7 0.541864 -0.82062
10.8 1.427 -0.804889
10.9 1.88717 -0.777435
11 1.98358 -0.746034
11.1 2.00596 -0.7141
11.2 2.00595 -0.682138
11.3 1.9987 -0.650283
11.4 1.9891 -0.618577
11.5 1.97871 -0.587034
11.6 1.96801 -0.55566
11.7 1.95716 -0.524458
11.8 1.94618 -0.49343
11.9 1.93509 -0.462577
12 1.92389 -0.431901
12.1 1.91257 -0.401404
12.2 1.90114 -0.371088
12.3 1.8896 -0.340955
12.4 1.87792 -0.311006
12.5 1.86612 -0.281244
12.6 1.85419 -0.25167
12.7 1.84212 -0.222287
12.8 1.82991 -0.193098
12.9 1.81754 -0.164103
13 1.80503 -0.135307
13.1 1.79235 -0.10671
13.2 1.77951 -0.0783166
13.3 1.76649 -0.0501286
13.4 1.75329 -0.022149
13.5 1.7399 0.00561921
13.6 1.72631 0.033173
13.7 1.71251 0.060509
13.8 1.6985 0.087624
13.9 1.68425 0.114514
14 1.66975 0.141176
14.1 1.65501 0.167606
14.2 1.63999 0.193798
14.3 1.62468 0.21975
14.4 1.60907 0.245456
14.5 1.59313 0.270911
14.6 1.57684 0.29611
14.7 1.56018 0.321048
14.8 1.54313 0.345717
14.9 1.52564 0.370112
15 1.50769 0.394225
15.1 1.48923 0.418048
15.2 1.47022 0.441574
15.3 1.45061 0.464793
15.4 1.43034 0.487695
15.5 1.40933 0.510269
15.6 1.38751 0.532503
15.7 1.36476 0.554383
15.8 1.34098 0.575893
15.9 1.31601 0.597015
16 1.28967 0.61773
16.1 1.26173 0.638014
16.2 1.23191 0.657839
16.3 1.19981 0.677172
16.4 1.16493 0.695974
16.5 1.12657 0.714195
16.6 1.08374 0.731771
16.7 1.03502 0.748623
16.8 0.978178 0.764639
16.9 0.909678 0.779664
17 0.823434 0.79347
17.1 0.7082 0.805695
17.2 0.541253 0.81572
17.3 0.272301 0.822379
17.4 -0.210913 0.823268
17.5 -1.0327 0.813753
17.6 -1.76306 0.79076
17.7 -1.95441 0.760263
17.8 -1.99993 0.728464
17.9 -2.00725 0.69649
18 -2.00238 0.664579
18.1 -1.99355 0.632804
18.2 -1.98343 0.601187
18.3 -1.97284 0.569737
18.4 -1.96205 0.538457
18.5 -1.95112 0.50735
18.6 -1.94008 0.476418
18.7 -1.92893 0.445663
18.8 -1.91767 0.415085
18.9 -1.90629 0.384688
19 -1.8948 0.354472
19.1 -1.88318 0.32444
19.2 -1.87144 0.294594
19.3 -1.85957 0.264935
19.4 -1.84756 0.235466
19.5 -1.83541 0.206189
19.6 -1.82312 0.177107
19.7 -1.81067 0.148221
19.8 -1.79807 0.119535
19.9 -1.7853 0.0910495
20 -1.77236 0.0627688
20.1 -1.75924 0.0346952
20.2 -1.74594 0.00683165
20.3 -1.73244 -0.0208189
20.4 -1.71874 -0.0482532
20.5 -1.70482 -0.0754679
20.6 -1.69068 -0.10246
20.7 -1.6763 -0.129225
20.8 -1.66167 -0.155759
20.9 -1.64677 -0.182059
21 -1.63159 -0.208119
21.1 -1.61612 -0.233936
21.2 -1.60033 -0.259505
21.3 -1.5842 -0.28482
21.4 -1.56772 -0.309875
21.5 -1.55084 -0.334666
21.6 -1.53355 -0.359185
21.7 -1.51581 -0.383425
21.8 -1.49759 -0.40738
21.9 -1.47884 -0.431041
22 -1.4595 -0.454399
22.1 -1.43954 -0.477445
22.2 -1.41887 -0.500168
22.3 -1.39742 -0.522556
22.4 -1.3751 -0.544596
22.5 -1.3518 -0.566274
22.6 -1.32739 -0.587573
22.7 -1.30169 -0.608474
22.8 -1.2745 -0.628955
22.9 -1.24556 -0.648989
23 -1.21454 -0.668548
23.1 -1.18098 -0.687594
23.2 -1.14429 -0.706083
23.3 -1.10362 -0.723958
23.4 -1.05776 -0.741147
23.5 -1.00491 -0.757554
23.6 -0.942209 -0.773047
23.7 -0.864933 -0.787436
23.8 -0.764633 -0.800429
23.9 -0.624936 -0.811544
24 -0.410991 -0.819916
24.1 -0.0434345 -0.823821
24.2 0.626318 -0.819683
24.3 1.50374 -0.80254
24.4 1.90299 -0.774329
24.5 1.98748 -0.742827
24.6 2.00649 -0.71088
24.7 2.00539 -0.678926
24.8 1.99779 -0.647085
24.9 1.98808 -0.615395
25 1.97764 -0.583869
25.1 1.96693 -0.552512
25.2 1.95606 -0.521328
25.3 1.94506 -0.490317
25.4 1.93396 -0.459482
25.5 1.92275 -0.428824
25.6 1.91143 -0.398345
25.7 1.89999 -0.368047
25.8 1.88843 -0.337932
25.9 1.87674 -0.308002
26 1.86493 -0.278259
26.1 1.85298 -0.248704
26.2 1.8409 -0.219341
26.3 1.82867 -0.190171
26.4 1.81629 -0.161196
26.5 1.80376 -0.132419
26.6 1.79107 -0.103843
26.7 1.77821 -0.0754703
26.8 1.76517 -0.0473032
26.9 1.75195 -0.0193448
27 1.73854 0.00840203
27.1 1.72493 0.035934
27.2 1.71111 0.063248
27.3 1.69707 0.0903405
27.4 1.6828 0.117208
27.5 1.66828 0.143847
27.6 1.65351 0.170252
27.7 1.63846 0.196421
27.8 1.62312 0.222348
27.9 1.60748 0.248029
28 1.5915 0.273459
28.1 1.57518 0.298632
28.2 1.55849 0.323543
28.3 1.54139 0.348185
28.4 1.52385 0.372551
28.5 1.50585 0.396636
28.6 1.48734 0.42043
28.7 1.46828 0.443925
28.8 1.4486 0.467113
28.9 1.42826 0.489982
29 1.40718 0.512523
29.1 1.38526 0.534721
29.2 1.36242 0.556564
29.3 1.33852 0.578036
29.4 1.31342 0.599119
29.5 1.28694 0.619791
29.6 1.25882 0.64003
29.7 1.22879 0.659807
29.8 1.19643 0.679089
29.9 1.16124 0.697835
30 1.12248 0.715994
30.1 1.07914 0.733502
30.2 1.02971 0.750275
30.3 0.971887 0.766199
30.4 0.901935 0.781113
30.5 0.813404 0.79478
30.6 0.694276 0.806817
30.7 0.52003 0.816569
30.8 0.235994 0.822787
30.9 -0.278054 0.822878
31 -1.12541 0.812019
31.1 -1.8011 0.787883
31.2 -1.96293 0.757092
31.3 -2.00189 0.725249
31.4 -2.00716 0.693275
31.5 -2.00162 0.661375
31.6 -1.99258 0.629615
31.7 -1.98238 0.598015
31.8 -1.97177 0.566581
31.9 -1.96096 0.535319
32 -1.95002 0.50423
32.1 -1.93897 0.473316
32.2 -1.9278 0.442578
32.3 -1.91653 0.412018
32.4 -1.90514 0.381639
32.5 -1.89364 0.351442
32.6 -1.88201 0.321428
32.7 -1.87025 0.291601
32.8 -1.85837 0.261961
32.9 -1.84634 0.232512
33 -1.83418 0.203254
33.1 -1.82187 0.174191
33.2 -1.80941 0.145326
33.3 -1.79679 0.116659
33.4 -1.78401 0.0881944
33.5 -1.77105 0.0599345
33.6 -1.75791 0.0318819
33.7 -1.74459 0.00403962
33.8 -1.73107 -0.0235893
33.9 -1.71735 -0.0510017
34 -1.70341 -0.0781941
34.1 -1.68924 -0.105163
34.2 -1.67484 -0.131905
34.3 -1.66018 -0.158416
34.4 -1.64526 -0.184692
34.5 -1.63005 -0.210728
34.6 -1.61455 -0.23652
34.7 -1.59872 -0.262064
34.8 -1.58256 -0.287353
34.9 -1.56604 -0.312382
35 -1.54912 -0.337145
35.1 -1.53179 -0.361637
35.2 -1.514 -0.385849
35.3 -1.49573 -0.409774
35.4 -1.47692 -0.433405
35.5 -1.45752 -0.456732
35.6 -1.43749 -0.479746
35.7 -1.41675 -0.502436
35.8 -1.39522 -0.52479
35.9 -1.37281 -0.546794
36 -1.3494 -0.568435
36.1 -1.32486 -0.589695
36.2 -1.29902 -0.610554
36.3 -1.27167 -0.630991
36.4 -1.24254 -0.65098
36.5 -1.21129 -0.670489
36.6 -1.17744 -0.689481
36.7 -1.14039 -0.70791
36.8 -1.09926 -0.72572
36.9 -1.0528 -0.742835
37 -0.999103 -0.759157
37.1 -0.935195 -0.774549
37.2 -0.856071 -0.788813
37.3 -0.752739 -0.801643
37.4 -0.607609 -0.81253
37.5 -0.38289 -0.820552
37.6 0.00751061 -0.823851
37.7 0.713902 -0.818608
37.8 1.57421 -0.800075
37.9 1.91665 -0.7712
38 1.99083 -0.739615
38.1 2.00684 -0.707658
38.2 2.00478 -0.675713
38.3 1.99686 -0.643886
38.4 1.98704 -0.612212
38.5 1.97657 -0.580703
38.6 1.96584 -0.549364
38.7 1.95495 -0.518197
38.8 1.94395 -0.487203
38.9 1.93284 -0.456386
39 1.92162 -0.425746
39.1 1.91028 -0.395285
39.2 1.89883 -0.365006
39.3 1.88726 -0.33491
39.4 1.87556 -0.304998
39.5 1.86373 -0.275274
39.6 1.85177 -0.245738
39.7 1.83967 -0.216394
39.8 1.82743 -0.187244
39.9 1.81504 -0.158289
40 1.80249 -0.129532
40.1 1.78978 -0.100977
40.2 1.7769 -0.0726243
40.3 1.76385 -0.044478
40.4 1.75061 -0.0165408
40.5 1.73718 0.0111845
40.6 1.72355 0.0386947
40.7 1.70971 0.0659866
40.8 1.69564 0.0930566
40.9 1.68135 0.119901
41 1.66681 0.146517
41.1 1.652 0.172899
41.2 1.63693 0.199043
41.3 1.62156 0.224946
41.4 1.60588 0.250602
41.5 1.58988 0.276006
41.6 1.57352 0.301153
41.7 1.55678 0.326037
41.8 1.53964 0.350651
41.9 1.52206 0.37499
42 1.50401 0.399045
42.1 1.48545 0.42281
42.2 1.46633 0.446274
42.3 1.44659 0.46943
42.4 1.42617 0.492267
42.5 1.40501 0.514774
42.6 1.38301 0.536938
42.7 1.36006 0.558744
42.8 1.33605 0.580177
42.9 1.31082 0.60122
43 1.28418 0.62185
43.1 1.25589 0.642043
43.2 1.22564 0.661772
43.3 1.19303 0.681002
43.4 1.15751 0.699691
43.5 1.11834 0.717788
43.6 1.07447 0.735226
43.7 1.02431 0.751919
43.8 0.965471 0.76775
43.9 0.894002 0.782551
44 0.803067 0.796074
44.1 0.679807 0.807917
44.2 0.497735 0.817385
44.3 0.197403 0.823135
44.4 -0.349225 0.822376
44.5 -1.2165 0.810136
44.6 -1.83246 0.784937
44.7 -1.97027 0.753914
44.8 -2.00349 0.722035
44.9 -2.00694 0.690062
45 -2.00082 0.658175
45.1 -1.99159 0.62643
45.2 -1.98133 0.594846
45.3 -1.97069 0.56343
45.4 -1.95986 0.532185
45.5 -1.94891 0.501113
45.6 -1.93785 0.470216
45.7 -1.92668 0.439496
45.8 -1.91539 0.408955
45.9 -1.90399 0.378594
46 -1.89247 0.348415
46.1 -1.88083 0.31842
46.2 -1.86906 0.288611
46.3 -1.85716 0.258991
46.4 -1.84513 0.22956
46.5 -1.83295 0.200323
46.6 -1.82063 0.17128
46.7 -1.80815 0.142434
46.8 -1.79551 0.113787
46.9 -1.78271 0.0853431
47 -1.76974 0.0571039
47.1 -1.75658 0.0290723
47.2 -1.74324 0.00125137
47.3 -1.7297 -0.0263559
47.4 -1.71596 -0.0537463
47.5 -1.70199 -0.0809165
47.6 -1.6878 -0.107863
47.7 -1.67337 -0.134582
47.8 -1.65869 -0.161069
47.9 -1.64374 -0.187321
48 -1.6285 -0.213333
48.1 -1.61297 -0.239101
48.2 -1.59711 -0.264618
48.3 -1.58092 -0.289882
48.4 -1.56435 -0.314884
48.5 -1.5474 -0.339621
48.6 -1.53002 -0.364084
48.7 -1.51219 -0.388268
48.8 -1.49386 -0.412164
48.9 -1.47499 -0.435765
49 -1.45554 -0.459061
49.1 -1.43544 -0.482043
49.2 -1.41462 -0.504699
49.3 -1.39301 -0.527019
49.4 -1.3705 -0.548987
49.5 -1.34699 -0.57059
49.6 -1.32233 -0.591811
49.7 -1.29635 -0.612629
49.8 -1.26883 -0.633022
49.9 -1.2395 -0.652964
50 -1.20801 -0.672423
50.1 -1.17387 -0.691361
50.2 -1.13646 -0.709731
50.3 -1.09486 -0.727474
50.4 -1.04776 -0.744514
50.5 -0.993201 -0.76075
50.6 -0.928035 -0.776039
50.7 -0.846975 -0.790175
50.8 -0.740444 -0.802836
50.9 -0.589524 -0.813487
51 -0.353209 -0.821141
51.1 0.0617393 -0.823797
51.2 0.804056 -0.81739
51.3 1.63779 -0.797505
51.4 1.92884 -0.768057
51.5 1.9938 -0.7364
51.6 2.00707 -0.704436
51.7 2.00412 -0.6725
51.8 1.99592 -0.640688
51.9 1.98601 -0.60903
52 1.9755 -0.577538
52.1 1.96475 -0.546216
52.2 1.95385 -0.515066
52.3 1.94284 -0.48409
52.4 1.93171 -0.453291
52.5 1.92048 -0.422669
52.6 1.90913 -0.392226
52.7 1.89767 -0.361965
52.8 1.88608 -0.331888
52.9 1.87437 -0.301995
53 1.86253 -0.272289
53.1 1.85056 -0.242773
53.2 1.83844 -0.213449
53.3 1.82619 -0.184318
53.4 1.81378 -0.155383
53.5 1.80122 -0.126646
53.6 1.78849 -0.0981108
53.7 1.77559 -0.0697791
53.8 1.76252 -0.0416538
53.9 1.74927 -0.0137377
54 1.73582 0.0139661
54.1 1.72217 0.0414544
54.2 1.7083 0.0687241
54.3 1.69422 0.0957715
54.4 1.67989 0.122593
54.5 1.66533 0.149185
54.6 1.6505 0.175544
54.7 1.63539 0.201664
54.8 1.62 0.227542
54.9 1.60429 0.253173
55 1.58824 0.278551
55.1 1.57185 0.303672
55.2 1.55507 0.328529
55.3 1.53789 0.353116
55.4 1.52027 0.377426
55.5 1.50217 0.401453
55.6 1.48355 0.425187
55.7 1.46437 0.448622
55.8 1.44456 0.471746
55.9 1.42408 0.49455
56 1.40283 0.517023
56.1 1.38074 0.539151
56.2 1.35769 0.560921
56.3 1.33357 0.582315
56.4 1.30821 0.603317
56.5 1.28141 0.623904
56.6 1.25294 0.644053
56.7 1.22247 0.663733
56.8 1.18959 0.68291
56.9 1.15374 0.701542
57 1.11416 0.719576
57.1 1.06973 0.736943
57.2 1.01883 0.753555
57.3 0.958927 0.769291
57.4 0.885873 0.783977
57.5 0.792407 0.797352
57.6 0.664759 0.808994
57.7 0.474291 0.818163
57.8 0.156355 0.823419
57.9 -0.424431 0.821756
58 -1.30481 0.808109
58.1 -1.85799 0.781931
58.2 -1.97642 0.750727
58.3 -2.00473 0.718821
58.4 -2.00662 0.686851
58.5 -1.99998 0.654976
58.6 -1.99059 0.623247
58.7 -1.98027 0.59168
58.8 -1.96961 0.560281
58.9 -1.95877 0.529053
59 -1.9478 0.497999
59.1 -1.93673 0.46712
59.2 -1.92555 0.436418
59.3 -1.91425 0.405894
59.4 -1.90284 0.375551
59.5 -1.89131 0.345391
59.6 -1.87965 0.315415
59.7 -1.86787 0.285625
59.8 -1.85596 0.256023
59.9 -1.84391 0.226612
60 -1.83172 0.197394
60.1 -1.81938 0.16837
60.2 -1.80689 0.139544
60.3 -1.79423 0.110918
60.4 -1.78141 0.0824946
60.5 -1.76842 0.0542761
60.6 -1.75525 0.0262656
60.7 -1.74189 -0.001534
60.8 -1.72833 -0.0291196
60.9 -1.71456 -0.056488
61 -1.70058 -0.0836359
61.1 -1.68636 -0.11056
61.2 -1.67191 -0.137255
61.3 -1.6572 -0.163719
61.4 -1.64222 -0.189947
61.5 -1.62696 -0.215935
61.6 -1.61139 -0.241678
61.7 -1.5955 -0.26717
61.8 -1.57927 -0.292407
61.9 -1.56267 -0.317384
62 -1.54567 -0.342093
62.1 -1.52825 -0.366528
62.2 -1.51037 -0.390684
62.3 -1.49199 -0.41455
62.4 -1.47307 -0.438121
62.5 -1.45355 -0.461386
62.6 -1.43338 -0.484335
62.7 -1.41248 -0.506959
62.8 -1.39078 -0.529243
62.9 -1.36818 -0.551176
63 -1.34456 -0.572742
63.1 -1.31978 -0.593922
63.2 -1.29365 -0.614699
63.3 -1.26597 -0.635048
63.4 -1.23644 -0.654943
63.5 -1.20471 -0.674351
63.6 -1.17027 -0.693234
63.7 -1.13248 -0.711544
63.8 -1.0904 -0.72922
63.9 -1.04265 -0.746185
64 -0.987195 -0.762332
64.1 -0.920719 -0.777516
64.2 -0.837632 -0.791521
64.3 -0.72772 -0.80401
64.4 -0.570621 -0.814415
64.5 -0.321811 -0.821681
64.6 0.119459 -0.823654
64.7 0.896075 -0.816026
64.8 1.69405 -0.794837
64.9 1.93993 -0.764904
65 1.99648 -0.733183
65.1 2.00721 -0.701214
65.2 2.00344 -0.669288
65.3 1.99497 -0.637491
65.4 1.98497 -0.60585
65.5 1.97443 -0.574374
65.6 1.96366 -0.543069
65.7 1.95275 -0.511937
65.8 1.94172 -0.480979
65.9 1.93059 -0.450197
66 1.91934 -0.419593
66.1 1.90798 -0.389169
66.2 1.89651 -0.358926
66.3 1.88491 -0.328867
66.4 1.87318 -0.298993
66.5 1.86133 -0.269307
66.6 1.84934 -0.23981
66.7 1.83722 -0.210505
66.8 1.82494 -0.181393
66.9 1.81252 -0.152478
67 1.79994 -0.123762
67.1 1.7872 -0.0952469
67.2 1.77429 -0.0669358
67.3 1.7612 -0.0388315
67.4 1.74792 -0.0109367
67.5 1.73445 0.0167455
67.6 1.72078 0.044212
67.7 1.70689 0.0714594
67.8 1.69278 0.0984843
67.9 1.67844 0.125283
68 1.66384 0.151852
68.1 1.64899 0.178186
68.2 1.63386 0.204283
68.3 1.61843 0.230136
68.4 1.60268 0.255742
68.5 1.58661 0.281094
68.6 1.57018 0.306188
68.7 1.55336 0.331019
68.8 1.53614 0.355578
68.9 1.51847 0.37986
69 1.50031 0.403858
69.1 1.48164 0.427562
69.2 1.4624 0.450966
69.3 1.44253 0.474058
69.4 1.42197 0.49683
69.5 1.40064 0.519268
69.6 1.37846 0.541361
69.7 1.35532 0.563094
69.8 1.33107 0.58445
69.9 1.30558 0.605411
70 1.27862 0.625955
70.1 1.24996 0.646057
70.2 1.21927 0.665689
70.3 1.18612 0.684813
70.4 1.14994 0.703387
70.5 1.10992 0.721357
70.6 1.06493 0.738653
70.7 1.01325 0.755183
70.8 0.952251 0.770822
70.9 0.877542 0.785389
71 0.781411 0.798612
71.1 0.6491 0.810047
71.2 0.449616 0.818904
71.3 0.112676 0.823636
71.4 -0.503566 0.821012
71.5 -1.38919 0.805945
71.6 -1.87876 0.778877
71.7 -1.98151 0.747531
71.8 -2.00563 0.715605
71.9 -2.00618 0.68364
72 -1.99912 0.651779
72.1 -1.98958 0.620065
72.2 -1.97921 0.588514
72.3 -1.96852 0.557133
72.4 -1.95767 0.525922
72.5 -1.94669 0.494886
72.6 -1.93561 0.464024
72.7 -1.92441 0.43334
72.8 -1.91311 0.402835
72.9 -1.90168 0.37251
73 -1.89014 0.342368
73.1 -1.87848 0.312411
73.2 -1.86668 0.28264
73.3 -1.85475 0.253057
73.4 -1.84269 0.223665
73.5 -1.83048 0.194466
73.6 -1.81813 0.165463
73.7 -1.80562 0.136657
73.8 -1.79295 0.108051
73.9 -1.78012 0.0796477
74 -1.76711 0.05145
74.1 -1.75392 0.0234606
74.2 -1.74053 -0.00431767
74.3 -1.72696 -0.0318816
74.4 -1.71317 -0.059228
74.5 -1.69916 -0.0863534
74.6 -1.68492 -0.113254
74.7 -1.67044 -0.139927
74.8 -1.65571 -0.166367
74.9 -1.6407 -0.192572
75 -1.62541 -0.218535
75.1 -1.60981 -0.244252
75.2 -1.59388 -0.26972
75.3 -1.57762 -0.294931
75.4 -1.56098 -0.31988
75.5 -1.54394 -0.344562
75.6 -1.52647 -0.36897
75.7 -1.50854 -0.393097
75.8 -1.49011 -0.416934
75.9 -1.47113 -0.440474
76 -1.45155 -0.463708
76.1 -1.43131 -0.486625
76.2 -1.41034 -0.509215
76.3 -1.38855 -0.531465
76.4 -1.36586 -0.553362
76.5 -1.34212 -0.574889
76.6 -1.31721 -0.59603
76.7 -1.29094 -0.616765
76.8 -1.26309 -0.63707
76.9 -1.23336 -0.656917
77 -1.20137 -0.676274
77.1 -1.16664 -0.695102
77.2 -1.12846 -0.713351
77.3 -1.08588 -0.73096
77.4 -1.03747 -0.747848
77.5 -0.981078 -0.763906
77.6 -0.913237 -0.778982
77.7 -0.828023 -0.792852
77.8 -0.714535 -0.805163
77.9 -0.550832 -0.815312
78 -0.288546 -0.822169
78.1 0.180873 -0.823415
78.2 0.989112 -0.814513
78.3 1.74282 -0.792079
78.4 1.95004 -0.761743
78.5 1.9989 -0.729967
78.6 2.00726 -0.697995
78.7 2.00272 -0.666079
78.8 1.99401 -0.634297
78.9 1.98392 -0.602672
79 1.97335 -0.571214
79.1 1.96256 -0.539926
79.2 1.95164 -0.508811
79.3 1.9406 -0.477871
79.4 1.92946 -0.447107
79.5 1.9182 -0.416521
79.6 1.90683 -0.386115
79.7 1.89534 -0.355891
79.8 1.88373 -0.32585
79.9 1.872 -0.295995
80 1.86013 -0.266327
80.1 1.84813 -0.236849
80.2 1.83599 -0.207564
80.3 1.8237 -0.178472
80.4 1.81126 -0.149577
80.5 1.79866 -0.120881
80.6 1.78591 -0.0923861
80.7 1.77297 -0.0640957
80.8 1.75987 -0.0360123
80.9 1.74657 -0.00813879
81 1.73308 0.0195218
81.1 1.71939 0.0469664
81.2 1.70548 0.0741915
81.3 1.69135 0.101194
81.4 1.67698 0.12797
81.5 1.66236 0.154515
81.6 1.64748 0.180826
81.7 1.63231 0.206898
81.8 1.61686 0.232726
81.9 1.60108 0.258307
82 1.58497 0.283634
82.1 1.5685 0.308701
82.2 1.55165 0.333505
82.3 1.53438 0.358036
82.4 1.51666 0.38229
82.5 1.49846 0.406259
82.6 1.47973 0.429933
82.7 1.46043 0.453306
82.8 1.44049 0.476367
82.9 1.41986 0.499105
83 1.39845 0.521509
83.1 1.37618 0.543567
83.2 1.35293 0.565262
83.3 1.32856 0.586579
83.4 1.30293 0.607499
83.5 1.27582 0.628
83.6 1.24697 0.648057
83.7 1.21605 0.667639
83.8 1.18263 0.68671
83.9 1.1461 0.705226
84 1.10564 0.723131
84.1 1.06006 0.740354
84.2 1.00759 0.756801
84.3 0.945441 0.772341
84.4 0.869001 0.786787
84.5 0.770064 0.799854
84.6 0.632794 0.811073
84.7 0.423624 0.819603
84.8 0.06619 0.82378
84.9 -0.586404 0.820138
85 -1.46858 0.803653
85.1 -1.89591 0.775785
85.2 -1.98574 0.744328
85.3 -2.00627 0.712386
85.4 -2.00566 0.680428
85.5 -1.99822 0.648581
85.6 -1.98856 0.616883
85.7 -1.97814 0.585349
85.8 -1.96744 0.553985
85.9 -1.95657 0.522792
86 -1.94558 0.491773
86.1 -1.93449 0.460929
86.2 -1.92328 0.430263
86.3 -1.91196 0.399776
86.4 -1.90053 0.369469
86.5 -1.88897 0.339346
86.6 -1.87729 0.309407
86.7 -1.86549 0.279655
86.8 -1.85355 0.250091
86.9 -1.84147 0.220719
87 -1.82925 0.191539
87.1 -1.81688 0.162556
87.2 -1.80435 0.13377
87.3 -1.79167 0.105184
87.4 -1.77882 0.0768014
87.5 -1.76579 0.0486245
87.6 -1.75258 0.0206562
87.7 -1.73918 -0.00710063
87.8 -1.72558 -0.0346428
87.9 -1.71177 -0.0619671
88 -1.69774 -0.0890702
88.1 -1.68348 -0.115948
88.2 -1.66897 -0.142598
88.3 -1.65421 -0.169015
88.4 -1.63917 -0.195195
88.5 -1.62385 -0.221133
88.6 -1.60822 -0.246826
88.7 -1.59226 -0.272268
88.8 -1.57596 -0.297453
88.9 -1.55928 -0.322376
89 -1.5422 -0.347031
89.1 -1.52469 -0.37141
89.2 -1.50671 -0.395508
89.3 -1.48823 -0.419316
89.4 -1.46919 -0.442826
89.5 -1.44955 -0.466028
89.6 -1.42924 -0.488913
89.7 -1.40819 -0.511469
89.8 -1.38631 -0.533684
89.9 -1.36352 -0.555544
90 -1.33967 -0.577034
90.1 -1.31464 -0.598135
90.2 -1.28822 -0.618828
90.3 -1.26019 -0.639088
90.4 -1.23025 -0.658887
90.5 -1.19801 -0.678193
90.6 -1.16297 -0.696965
90.7 -1.1244 -0.715153
90.8 -1.0813 -0.732693
90.9 -1.0322 -0.749503
91 -0.974844 -0.76547
91.1 -0.905579 -0.780437
91.2 -0.818132 -0.794169
91.3 -0.700854 -0.806295
91.4 -0.530084 -0.816176
91.5 -0.253247 -0.822604
91.6 0.246157 -0.823074
91.7 1.08218 -0.812848
91.8 1.78418 -0.789238
91.9 1.95909 -0.758576
92 2.00101 -0.726753
92.1 2.00722 -0.694778
92.2 2.00198 -0.662873
92.3 1.99304 -0.631106
92.4 1.98287 -0.599498
92.5 1.97227 -0.568057
92.6 1.96147 -0.536786
92.7 1.95053 -0.505689
92.8 1.93949 -0.474766
92.9 1.92833 -0.44402
93 1.91706 -0.413452
93.1 1.90568 -0.383064
93.2 1.89418 -0.352858
93.3 1.88256 -0.322836
93.4 1.87081 -0.293
93.5 1.85893 -0.263351
93.6 1.84691 -0.233893
93.7 1.83476 -0.204626
93.8 1.82245 -0.175554
93.9 1.81 -0.146679
94 1.79739 -0.118003
94.1 1.78461 -0.0895291
94.2 1.77166 -0.0612595
94.3 1.75854 -0.0331971
94.4 1.74522 -0.00534485
94.5 1.73171 0.0222942
94.6 1.718 0.0497168
94.7 1.70407 0.0769197
94.8 1.68991 0.103899
94.9 1.67552 0.130652
95 1.66087 0.157174
95.1 1.64596 0.183461
95.2 1.63077 0.209509
95.3 1.61528 0.235312
95.4 1.59948 0.260868
95.5 1.58333 0.286169
95.6 1.56682 0.31121
95.7 1.54993 0.335986
95.8 1.53261 0.36049
95.9 1.51485 0.384716
96 1.4966 0.408655
96.1 1.47781 0.4323
96.2 1.45845 0.455641
96.3 1.43845 0.47867
96.4 1.41774 0.501376
96.5 1.39625 0.523746
96.6 1.37388 0.545767
96.7 1.35053 0.567425
96.8 1.32604 0.588703
96.9 1.30027 0.609582
97 1.273 0.630039
97.1 1.24396 0.65005
97.2 1.21281 0.669582
97.3 1.1791 0.688599
97.4 1.14222 0.707057
97.5 1.1013 0.724897
97.6 1.05513 0.742047
97.7 1.00183 0.758409
97.8 0.938493 0.773848
97.9 0.860244 0.788171
98 0.758349 0.801077
98.1 0.615803 0.812072
98.2 0.396221 0.82026
98.3 0.0167109 0.823848
98.4 -0.672585 0.819128
98.5 -1.54208 0.801241
98.6 -1.91048 0.772666
98.7 -1.98932 0.741118
98.8 -2.00669 0.709165
98.9 -2.00507 0.677216
99 -1.9973 0.645382
99.1 -1.98753 0.613701
99.2 -1.97707 0.582184
99.3 -1.96635 0.550836
99.4 -1.95547 0.519661
99.5 -1.94447 0.488659
99.6 -1.93337 0.457834
99.7 -1.92215 0.427185
99.8 -1.91082 0.396716
99.9 -1.89937 0.366428
100 -1.8878 0.336323
100.1 -1.87611 0.306403
100.2 -1.86429 0.27667
100.3 -1.85234 0.247125
100.4 -1.84024 0.217772
100.5 -1.82801 0.188613
100.6 -1.81562 0.159648
100.7 -1.80308 0.130883
100.8 -1.79038 0.102317
100.9 -1.77751 0.0739552
101 -1.76447 0.0457992
101.1 -1.75124 0.017852
101.2 -1.73782 -0.00988332
101.3 -1.7242 -0.0374037
101.4 -1.71037 -0.0647059
101.5 -1.69631 -0.0917865
101.6 -1.68203 -0.118642
101.7 -1.6675 -0.145268
101.8 -1.65271 -0.171661
101.9 -1.63764 -0.197817
102 -1.62229 -0.223731
102.1 -1.60663 -0.249399
102.2 -1.59064 -0.274815
102.3 -1.5743 -0.299974
102.4 -1.55758 -0.32487
102.5 -1.54046 -0.349498
102.6 -1.5229 -0.373849
102.7 -1.50487 -0.397918
102.8 -1.48634 -0.421697
102.9 -1.46724 -0.445176
103 -1.44753 -0.468347
103.1 -1.42715 -0.491199
103.2 -1.40602 -0.513721
103.3 -1.38406 -0.535901
103.4 -1.36117 -0.557725
103.5 -1.33721 -0.579176
103.6 -1.31204 -0.600237
103.7 -1.28547 -0.620887
103.8 -1.25726 -0.641102
103.9 -1.22711 -0.660854
104 -1.19462 -0.680108
104.1 -1.15926 -0.698824
104.2 -1.12028 -0.716949
104.3 -1.07666 -0.73442
104.4 -1.02685 -0.751151
104.5 -0.968488 -0.767025
104.6 -0.897736 -0.78188
104.7 -0.80794 -0.79547
104.8 -0.686644 -0.807405
104.9 -0.5083 -0.817008
105 -0.215746 -0.82298
105.1 0.315437 -0.822625
105.2 1.17418 -0.811035
105.3 1.81858 -0.786323
105.4 1.96699 -0.755401
105.5 2.00278 -0.723538
105.6 2.00706 -0.691564
105.7 2.0012 -0.659671
105.8 1.99205 -0.627919
105.9 1.98182 -0.596327
106 1.97119 -0.564903
106.1 1.96037 -0.53365
106.2 1.94943 -0.50257
106.3 1.93837 -0.471665
106.4 1.9272 -0.440937
106.5 1.91592 -0.410387
106.6 1.90453 -0.380018
106.7 1.89302 -0.34983
106.8 1.88138 -0.319827
106.9 1.86962 -0.290009
107 1.85773 -0.26038
107.1 1.8457 -0.23094
107.2 1.83353 -0.201693
107.3 1.82121 -0.172641
107.4 1.80874 -0.143786
107.5 1.79611 -0.11513
107.6 1.78332 -0.0866762
107.7 1.77035 -0.0584272
107.8 1.75721 -0.0303858
107.9 1.74387 -0.00255491
108 1.73034 0.0250625
108.1 1.71661 0.0524632
108.2 1.70266 0.0796438
108.3 1.68848 0.106601
108.4 1.67406 0.13333
108.5 1.65939 0.159829
108.6 1.64445 0.186092
108.7 1.62923 0.212115
108.8 1.61371 0.237894
108.9 1.59787 0.263424
109 1.58169 0.288699
109.1 1.56514 0.313715
109.2 1.5482 0.338464
109.3 1.53085 0.36294
109.4 1.51304 0.387137
109.5 1.49473 0.411047
109.6 1.47589 0.434662
109.7 1.45647 0.457972
109.8 1.4364 0.480969
109.9 1.41562 0.503641
110 1.39404 0.525977
110.1 1.37158 0.547962
110.2 1.34812 0.569583
110.3 1.32351 0.590822
110.4 1.2976 0.611659
110.5 1.27016 0.632073
110.6 1.24093 0.652037
110.7 1.20955 0.671519
110.8 1.17555 0.690482
110.9 1.1383 0.70888
111 1.09692 0.726655
111.1 1.05013 0.74373
111.2 0.995974 0.760006
111.3 0.931402 0.775344
111.4 0.851259 0.78954
111.5 0.746245 0.802281
111.6 0.59808 0.813043
111.7 0.367295 0.820871
111.8 -0.0359566 0.823833
111.9 -0.761616 0.817978
112 -1.60895 0.79872
112.1 -1.92329 0.769528
112.2 -1.99245 0.737904
112.3 -2.00698 0.705943
112.4 -2.00443 0.674002
112.5 -1.99636 0.642184
112.6 -1.98649 0.610518
112.7 -1.976 0.579018
112.8 -1.96526 0.547688
112.9 -1.95437 0.51653
113 -1.94336 0.485546
113.1 -1.93224 0.454738
113.2 -1.92101 0.424108
113.3 -1.90967 0.393657
113.4 -1.89821 0.363387
113.5 -1.88663 0.333301
113.6 -1.87493 0.303399
113.7 -1.86309 0.273685
113.8 -1.85113 0.24416
113.9 -1.83902 0.214826
114 -1.82677 0.185686
114.1 -1.81437 0.156742
114.2 -1.80181 0.127996
114.3 -1.78909 0.0994509
114.4 -1.77621 0.0711095
114.5 -1.76314 0.0429744
114.6 -1.74989 0.0150484
114.7 -1.73645 -0.0126654
114.8 -1.72281 -0.040164
114.9 -1.70896 -0.067444
115 -1.69488 -0.094502
115.1 -1.68057 -0.121334
115.2 -1.66602 -0.147937
115.3 -1.6512 -0.174307
115.4 -1.63611 -0.200439
115.5 -1.62073 -0.226328
115.6 -1.60503 -0.251971
115.7 -1.58901 -0.277361
115.8 -1.57263 -0.302494
115.9 -1.55587 -0.327364
116 -1.53871 -0.351963
116.1 -1.52111 -0.376287
116.2 -1.50303 -0.400327
116.3 -1.48444 -0.424076
116.4 -1.46528 -0.447524
116.5 -1.44551 -0.470663
116.6 -1.42506 -0.493483
116.7 -1.40385 -0.515971
116.8 -1.3818 -0.538116
116.9 -1.3588 -0.559903
117 -1.33473 -0.581316
117.1 -1.30943 -0.602337
117.2 -1.28271 -0.622944
117.3 -1.25432 -0.643114
117.4 -1.22396 -0.662817
117.5 -1.1912 -0.682019
117.6 -1.15551 -0.700677
117.7 -1.11612 -0.71874
117.8 -1.07195 -0.736141
117.9 -1.02141 -0.752791
118 -0.962004 -0.768571
118.1 -0.8897 -0.783312
118.2 -0.797433 -0.796756
118.3 -0.67187 -0.808493
118.4 -0.485403 -0.817804
118.5 -0.175869 -0.823294
118.6 0.388761 -0.822061
118.7 1.26394 -0.809075
118.8 1.84671 -0.783344
118.9 1.97369 -0.752218
119 2.00419 -0.720324
119.1 2.00678 -0.688352
119.2 2.00038 -0.656472
119.3 1.99106 -0.624735
119.4 1.98077 -0.59316
119.5 1.97011 -0.561753
119.6 1.95928 -0.530517
119.7 1.94832 -0.499455
119.8 1.93725 -0.468568
119.9 1.92607 -0.437857
120 1.91478 -0.407325
120.1 1.90338 -0.376974
120.2 1.89185 -0.346805
120.3 1.8802 -0.31682
120.4 1.86843 -0.287021
120.5 1.85652 -0.257411
120.6 1.84448 -0.227991
120.7 1.83229 -0.198763
120.8 1.81996 -0.169731
120.9 1.80748 -0.140895
121 1.79483 -0.11226
121.1 1.78202 -0.0838265
121.2 1.76904 -0.0555983
121.3 1.75587 -0.0275779
121.4 1.74252 0.000231663
121.5 1.72897 0.0278274
121.6 1.71522 0.0552061
121.7 1.70124 0.0823644
121.8 1.68704 0.109299
121.9 1.67259 0.136005
122 1.6579 0.16248
122.1 1.64293 0.188719
122.2 1.62768 0.214719
122.3 1.61213 0.240473
122.4 1.59626 0.265977
122.5 1.58004 0.291226
122.6 1.56346 0.316215
122.7 1.54648 0.340937
122.8 1.52908 0.365386
122.9 1.51122 0.389554
123 1.49286 0.413435
123.1 1.47397 0.437019
123.2 1.45448 0.460299
123.3 1.43434 0.483264
123.4 1.41348 0.505902
123.5 1.39182 0.528203
123.6 1.36927 0.550153
123.7 1.3457 0.571736
123.8 1.32097 0.592935
123.9 1.29491 0.613731
124 1.26731 0.634101
124.1 1.23788 0.654018
124.2 1.20625 0.67345
124.3 1.17196 0.692359
124.4 1.13435 0.710697
124.5 1.09249 0.728404
124.6 1.04505 0.745405
124.7 0.990017 0.761593
124.8 0.92416 0.776827
124.9 0.842034 0.790893
125 0.733726 0.803464
125.1 0.579567 0.813985
125.2 0.336718 0.821434
125.3 -0.092018 0.823732
125.4 -0.852859 0.816683
125.5 -1.66867 0.796096
125.6 -1.93487 0.766379
125.7 -1.99526 0.734688
125.8 -2.00716 0.702721
125.9 -2.00376 0.67079
126 -1.99542 0.638986
126.1 -1.98545 0.607337
126.2 -1.97493 0.575854
126.3 -1.96417 0.544541
126.4 -1.95326 0.5134
126.5 -1.94224 0.482434
126.6 -1.93111 0.451644
126.7 -1.91987 0.421031
126.8 -1.90852 0.390599
126.9 -1.89705 0.360347
127 -1.88546 0.330279
127.1 -1.87374 0.300397
127.2 -1.86189 0.270701
127.3 -1.84991 0.241195
127.4 -1.83779 0.211881
127.5 -1.82553 0.18276
127.6 -1.81311 0.153836
127.7 -1.80054 0.12511
127.8 -1.7878 0.0965859
127.9 -1.7749 0.0682652
128 -1.76182 0.040151
128.1 -1.74855 0.0122463
128.2 -1.73509 -0.015446
128.3 -1.72143 -0.0429227
128.4 -1.70755 -0.0701805
128.5 -1.69345 -0.097216
128.6 -1.67912 -0.124025
128.7 -1.66454 -0.150605
128.8 -1.64969 -0.176951
128.9 -1.63457 -0.203058
129 -1.61916 -0.228923
129.1 -1.60343 -0.254541
129.2 -1.58737 -0.279905
129.3 -1.57096 -0.305012
129.4 -1.55416 -0.329855
129.5 -1.53696 -0.354427
129.6 -1.51931 -0.378722
129.7 -1.50118 -0.402733
129.8 -1.48253 -0.426452
129.9 -1.46332 -0.44987
130 -1.44348 -0.472977
130.1 -1.42296 -0.495764
130.2 -1.40167 -0.518219
130.3 -1.37953 -0.540328
130.4 -1.35643 -0.562078
130.5 -1.33224 -0.583452
130.6 -1.30681 -0.604432
130.7 -1.27993 -0.624997
130.8 -1.25136 -0.645121
130.9 -1.22077 -0.664775
131 -1.18775 -0.683924
131.1 -1.15172 -0.702525
131.2 -1.11191 -0.720525
131.3 -1.06718 -0.737854
131.4 -1.01587 -0.754423
131.5 -0.95539 -0.770107
131.6 -0.881464 -0.78473
131.7 -0.786596 -0.798025
131.8 -0.656501 -0.809558
131.9 -0.461314 -0.818562
132 -0.133442 -0.823543
132.1 0.466079 -0.821376
132.2 1.35029 -0.806974
132.3 1.86957 -0.780311
132.4 1.97926 -0.749027
132.5 2.00525 -0.717109
132.6 2.0064 -0.685142
132.7 1.99953 -0.653274
132.8 1.99005 -0.621553
132.9 1.97971 -0.589995
133 1.96903 -0.558605
133.1 1.95818 -0.527386
133.2 1.94721 -0.496341
133.3 1.93613 -0.465472
133.4 1.92494 -0.434779
133.5 1.91364 -0.404266
133.6 1.90222 -0.373932
133.7 1.89069 -0.343782
133.8 1.87903 -0.313815
133.9 1.86724 -0.284036
134 1.85532 -0.254444
134.1 1.84326 -0.225043
134.2 1.83106 -0.195835
134.3 1.81871 -0.166822
134.4 1.80621 -0.138007
134.5 1.79355 -0.109392
134.6 1.78072 -0.080979
134.7 1.76772 -0.0527716
134.8 1.75454 -0.0247723
134.9 1.74117 0.00301598
135 1.7276 0.0305901
135.1 1.71382 0.0579468
135.2 1.69982 0.0850827
135.3 1.6856 0.111994
135.4 1.67113 0.138678
135.5 1.65641 0.165129
135.6 1.64141 0.191344
135.7 1.62613 0.217319
135.8 1.61055 0.243048
135.9 1.59464 0.268527
136 1.57839 0.293751
136.1 1.56177 0.318713
136.2 1.54475 0.343408
136.3 1.5273 0.367829
136.4 1.5094 0.391968
136.5 1.49099 0.41582
136.6 1.47204 0.439374
136.7 1.45249 0.462622
136.8 1.43228 0.485555
136.9 1.41134 0.50816
137 1.3896 0.530426
137.1 1.36695 0.55234
137.2 1.34327 0.573885
137.3 1.31841 0.595045
137.4 1.29221 0.615799
137.5 1.26444 0.636125
137.6 1.2348 0.655994
137.7 1.20294 0.675375
137.8 1.16834 0.694229
137.9 1.13035 0.712507
138 1.088 0.730147
138.1 1.0399 0.747071
138.2 0.983953 0.763171
138.3 0.916757 0.778298
138.4 0.832551 0.792232
138.5 0.72076 0.804626
138.6 0.560201 0.814896
138.7 0.304346 0.821948
138.8 -0.15168 0.823539
138.9 -0.945535 0.815239
139 -1.72094 0.793379
139.1 -1.94544 0.763222
139.2 -1.9978 0.731471
139.3 -2.00725 0.6995
139.4 -2.00306 0.667579
139.5 -1.99446 0.63579
139.6 -1.98441 0.604157
139.7 -1.97385 0.572691
139.8 -1.96307 0.541396
139.9 -1.95216 0.510273
140 -1.94113 0.479324
140.1 -1.92999 0.448552
140.2 -1.91874 0.417957
140.3 -1.90737 0.387543
140.4 -1.89589 0.35731
140.5 -1.88428 0.32726
140.6 -1.87255 0.297397
140.7 -1.86069 0.26772
140.8 -1.8487 0.238233
140.9 -1.83656 0.208939
141 -1.82428 0.179838
141.1 -1.81185 0.150933
141.2 -1.79926 0.122228
141.3 -1.78651 0.0937235
141.4 -1.77359 0.0654235
141.5 -1.76049 0.0373303
141.6 -1.7472 0.0094468
141.7 -1.73372 -0.0182239
141.8 -1.72004 -0.0456787
141.9 -1.70614 -0.0729143
142 -1.69202 -0.0999272
142.1 -1.67766 -0.126714
142.2 -1.66305 -0.15327
142.3 -1.64818 -0.179592
142.4 -1.63304 -0.205675
142.5 -1.61759 -0.231515
142.6 -1.60183 -0.257107
142.7 -1.58574 -0.282446
142.8 -1.56928 -0.307527
142.9 -1.55245 -0.332342
143 -1.5352 -0.356887
143.1 -1.5175 -0.381154
143.2 -1.49933 -0.405136
143.3 -1.48063 -0.428825
143.4 -1.46135 -0.452212
143.5 -1.44145 -0.475288
143.6 -1.42085 -0.498042
143.7 -1.39948 -0.520462
143.8 -1.37725 -0.542536
143.9 -1.35404 -0.564249
144 -1.32974 -0.585584
144.1 -1.30417 -0.606523
144.2 -1.27713 -0.627044
144.3 -1.24837 -0.647122
144.4 -1.21756 -0.666727
144.5 -1.18427 -0.685824
144.6 -1.1479 -0.704367
144.7 -1.10765 -0.722302
144.8 -1.06234 -0.73956
144.9 -1.01025 -0.756045
145 -0.948643 -0.771632
145.1 -0.873022 -0.786135
145.2 -0.775416 -0.799276
145.3 -0.640503 -0.810596
145.4 -0.435949 -0.819282
145.5 -0.0882911 -0.823722
145.6 0.547222 -0.820564
145.7 1.43214 -0.804741
145.8 1.88827 -0.777235
145.9 1.98386 -0.745827
146 2.006 -0.713891
146.1 2.00591 -0.68193
146.2 1.99864 -0.650076
146.3 1.98903 -0.618371
146.4 1.97864 -0.58683
146.5 1.96794 -0.555457
146.6 1.95708 -0.524256
146.7 1.9461 -0.493229
146.8 1.93501 -0.462377
146.9 1.92381 -0.431702
147 1.9125 -0.401206
147.1 1.90107 -0.370891
147.2 1.88952 -0.340759
147.3 1.87785 -0.310812
147.4 1.86605 -0.281051
147.5 1.85411 -0.251478
147.6 1.84204 -0.222097
147.7 1.82983 -0.192908
147.8 1.81746 -0.163915
147.9 1.80495 -0.13512
148 1.79227 -0.106525
148.1 1.77942 -0.0781325
148.2 1.76641 -0.0499459
148.3 1.7532 -0.0219677
148.4 1.73981 0.00579918
148.5 1.72622 0.0333515
148.6 1.71242 0.0606862
148.7 1.6984 0.0877997
148.8 1.68415 0.114689
148.9 1.66966 0.141349
149 1.65491 0.167777
149.1 1.63989 0.193968
149.2 1.62458 0.219918
149.3 1.60896 0.245623
149.4 1.59302 0.271076
149.5 1.57673 0.296273
149.6 1.56007 0.321209
149.7 1.54301 0.345876
149.8 1.52552 0.370269
149.9 1.50757 0.394381
150 1.48911 0.418202
150.1 1.4701 0.441726
150.2 1.45048 0.464943
150.3 1.43021 0.487843
150.4 1.40919 0.510415
150.5 1.38736 0.532647
150.6 1.36461 0.554524
150.7 1.34082 0.576031
150.8 1.31584 0.597151
150.9 1.28949 0.617863
151 1.26155 0.638144
151.1 1.23171 0.657966
151.2 1.19959 0.677296
151.3 1.16469 0.696094
151.4 1.1263 0.714311
151.5 1.08345 0.731883
151.6 1.03468 0.74873
151.7 0.977775 0.76474
151.8 0.909183 0.779758
151.9 0.822794 0.793555
152 0.707316 0.805768
152.1 0.539911 0.815776
152.2 0.270019 0.822408
152.3 -0.215135 0.823246
152.4 -1.03872 0.813645
152.5 -1.76574 0.790576
152.6 -1.95499 0.760058
152.7 -2.00006 0.728256
152.8 -2.00725 0.696282
152.9 -2.00233 0.664372
153 -1.99349 0.632598
153.1 -1.98336 0.600982
153.2 -1.97277 0.569532
153.3 -1.96198 0.538254
153.4 -1.95105 0.507148
153.5 -1.94001 0.476218
153.6 -1.92886 0.445463
153.7 -1.9176 0.414887
153.8 -1.90622 0.38449
153.9 -1.89472 0.354276
154 -1.88311 0.324245
154.1 -1.87136 0.2944
154.2 -1.85949 0.264743
154.3 -1.84748 0.235275
154.4 -1.83533 0.206
154.5 -1.82304 0.176918
154.6 -1.81059 0.148034
154.7 -1.79799 0.119348
154.8 -1.78522 0.0908647
154.9 -1.77228 0.0625854
155 -1.75916 0.0345132
155.1 -1.74585 0.00665097
155.2 -1.73235 -0.0209982
155.3 -1.71865 -0.048431
155.4 -1.70473 -0.0756443
155.5 -1.69059 -0.102635
155.6 -1.6762 -0.129398
155.7 -1.66157 -0.155931
155.8 -1.64667 -0.182229
155.9 -1.63149 -0.208288
156 -1.61602 -0.234104
156.1 -1.60023 -0.25967
156.2 -1.5841 -0.284984
156.3 -1.56761 -0.310037
156.4 -1.55073 -0.334826
156.5 -1.53344 -0.359343
156.6 -1.5157 -0.383582
156.7 -1.49747 -0.407535
156.8 -1.47871 -0.431194
156.9 -1.45938 -0.45455
157 -1.4394 -0.477594
157.1 -1.41873 -0.500314
157.2 -1.39728 -0.5227
157.3 -1.37496 -0.544739
157.4 -1.35165 -0.566414
157.5 -1.32722 -0.587711
157.6 -1.30152 -0.608609
157.7 -1.27432 -0.629086
157.8 -1.24537 -0.649118
157.9 -1.21433 -0.668674
158 -1.18075 -0.687717
158.1 -1.14404 -0.706201
158.2 -1.10334 -0.724072
158.3 -1.05744 -0.741256
158.4 -1.00453 -0.757658
158.5 -0.94176 -0.773145
158.6 -0.864367 -0.787526
158.7 -0.763875 -0.800508
158.8 -0.623838 -0.811609
158.9 -0.409219 -0.819958
159 -0.0402352 -0.823826
159.1 0.631893 -0.819618
159.2 1.50849 -0.802384
159.3 1.90393 -0.774127
159.4 1.98771 -0.74262
159.5 2.00651 -0.710672
159.6 2.00535 -0.678718
159.7 1.99773 -0.646878
159.8 1.98801 -0.615189
159.9 1.97757 -0.583664
160 1.96686 -0.552309
160.1 1.95598 -0.521125
160.2 1.94499 -0.490115
160.3 1.93389 -0.459281
160.4 1.92268 -0.428625
160.5 1.91135 -0.398147
160.6 1.89991 -0.36785
160.7 1.88835 -0.337737
160.8 1.87666 -0.307808
160.9 1.86485 -0.278066
161 1.8529 -0.248512
161.1 1.84082 -0.21915
161.2 1.82859 -0.189981
161.3 1.81621 -0.161008
161.4 1.80368 -0.132233
161.5 1.79098 -0.103658
161.6 1.77812 -0.0752863
161.7 1.76508 -0.0471205
161.8 1.75187 -0.0191634
161.9 1.73845 0.00858199
162 1.72484 0.0361126
162.1 1.71102 0.0634251
162.2 1.69698 0.0905162
162.3 1.68271 0.117382
162.4 1.66819 0.144019
162.5 1.65341 0.170424
162.6 1.63836 0.196591
162.7 1.62302 0.222516
162.8 1.60737 0.248196
162.9 1.5914 0.273624
163 1.57507 0.298795
163.1 1.55838 0.323704
163.2 1.54127 0.348344
163.3 1.52374 0.372709
163.4 1.50573 0.396791
163.5 1.48722 0.420584
163.6 1.46815 0.444077
163.7 1.44847 0.467263
163.8 1.42813 0.49013
163.9 1.40704 0.512668
164 1.38512 0.534865
164.1 1.36227 0.556706
164.2 1.33836 0.578175
164.3 1.31326 0.599255
164.4 1.28676 0.619925
164.5 1.25863 0.640161
164.6 1.22858 0.659935
164.7 1.19621 0.679213
164.8 1.161 0.697955
164.9 1.12221 0.71611
165 1.07884 0.733613
165.1 1.02936 0.750381
165.2 0.971476 0.766299
165.3 0.901427 0.781207
165.4 0.812745 0.794864
165.5 0.693357 0.806889
165.6 0.518622 0.816623
165.7 0.233569 0.822811
165.8 -0.282534 0.822849
165.9 -1.13136 0.811901
166 -1.80332 0.787695
166.1 -1.96344 0.756887
166.2 -2.002 0.725042
166.3 -2.00715 0.693067
166.4 -2.00157 0.661168
166.5 -1.99251 0.629409
166.6 -1.98231 0.59781
166.7 -1.9717 0.566377
166.8 -1.96089 0.535116
166.9 -1.94995 0.504028
167 -1.93889 0.473115
167.1 -1.92773 0.442378
167.2 -1.91646 0.41182
167.3 -1.90507 0.381442
167.4 -1.89356 0.351246
167.5 -1.88193 0.321234
167.6 -1.87018 0.291407
167.7 -1.85829 0.261769
167.8 -1.84627 0.232321
167.9 -1.8341 0.203065
168 -1.82179 0.174003
168.1 -1.80933 0.145138
168.2 -1.79671 0.116473
168.3 -1.78392 0.0880099
168.4 -1.77097 0.0597513
168.5 -1.75783 0.0317001
168.6 -1.7445 0.0038592
168.7 -1.73098 -0.0237683
168.8 -1.71726 -0.0511793
168.9 -1.70332 -0.0783703
169 -1.68915 -0.105338
169.1 -1.67474 -0.132078
169.2 -1.66008 -0.158588
169.3 -1.64516 -0.184862
169.4 -1.62995 -0.210897
169.5 -1.61444 -0.236687
169.6 -1.59862 -0.262229
169.7 -1.58245 -0.287516
169.8 -1.56593 -0.312544
169.9 -1.54901 -0.337306
170 -1.53167 -0.361795
170.1 -1.51389 -0.386005
170.2 -1.49561 -0.409929
170.3 -1.47679 -0.433558
170.4 -1.4574 -0.456883
170.5 -1.43736 -0.479895
170.6 -1.41661 -0.502582
170.7 -1.39508 -0.524934
170.8 -1.37266 -0.546936
170.9 -1.34924 -0.568574
171 -1.3247 -0.589832
171.1 -1.29885 -0.610689
171.2 -1.27149 -0.631123
171.3 -1.24235 -0.651108
171.4 -1.21108 -0.670614
171.5 -1.17721 -0.689603
171.6 -1.14014 -0.708028
171.7 -1.09898 -0.725834
171.8 -1.05247 -0.742944
171.9 -0.998724 -0.75926
172 -0.934737 -0.774646
172.1 -0.85549 -0.788902
172.2 -0.751956 -0.80172
172.3 -0.606463 -0.812593
172.4 -0.38102 -0.820591
172.5 0.0109161 -0.82385
172.6 0.719662 -0.818534
172.7 1.57854 -0.799912
172.8 1.91748 -0.770997
172.9 1.99103 -0.739407
173 2.00686 -0.70745
173.1 2.00474 -0.675505
173.2 1.9968 -0.643679
173.3 1.98698 -0.612007
173.4 1.9765 -0.580499
173.5 1.96577 -0.54916
173.6 1.95488 -0.517994
173.7 1.94388 -0.487002
173.8 1.93277 -0.456186
173.9 1.92154 -0.425547
174 1.91021 -0.395088
174.1 1.89875 -0.364809
174.2 1.88718 -0.334714
174.3 1.87548 -0.304804
174.4 1.86365 -0.275081
174.5 1.85169 -0.245547
174.6 1.83959 -0.216204
174.7 1.82735 -0.187054
174.8 1.81495 -0.158101
174.9 1.80241 -0.129346
175 1.7897 -0.100791
175.1 1.77682 -0.0724402
175.2 1.76376 -0.0442954
175.3 1.75052 -0.0163595
175.4 1.73709 0.0113644
175.5 1.72346 0.0388732
175.6 1.70962 0.0661636
175.7 1.69555 0.0932322
175.8 1.68125 0.120075
175.9 1.66671 0.146689
176 1.65191 0.17307
176.1 1.63683 0.199213
176.2 1.62146 0.225114
176.3 1.60578 0.250768
176.4 1.58977 0.276171
176.5 1.57341 0.301316
176.6 1.55667 0.326198
176.7 1.53953 0.350811
176.8 1.52195 0.375147
176.9 1.50389 0.399201
177 1.48533 0.422963
177.1 1.4662 0.446426
177.2 1.44646 0.46958
177.3 1.42604 0.492415
177.4 1.40487 0.51492
177.5 1.38286 0.537081
177.6 1.35991 0.558885
177.7 1.33589 0.580316
177.8 1.31065 0.601355
177.9 1.284 0.621983
178 1.2557 0.642174
178.1 1.22544 0.661899
178.2 1.19281 0.681126
178.3 1.15727 0.699811
178.4 1.11807 0.717903
178.5 1.07416 0.735337
178.6 1.02396 0.752025
178.7 0.965052 0.76785
178.8 0.893482 0.782644
178.9 0.802387 0.796157
179 0.678851 0.807988
179.1 0.496255 0.817436
179.2 0.194825 0.823155
179.3 -0.353967 0.82234
179.4 -1.22231 0.810009
179.5 -1.83427 0.784744
179.6 -1.9707 0.753708
179.7 -2.00358 0.721828
179.8 -2.00693 0.689854
179.9 -2.00077 0.657968
180 -1.99152 0.626224
180.1 -1.98126 0.594641
180.2 -1.97062 0.563226
180.3 -1.95979 0.531982
180.4 -1.94884 0.500912
180.5 -1.93778 0.470016
180.6 -1.9266 0.439297
180.7 -1.91532 0.408757
180.8 -1.90392 0.378397
180.9 -1.8924 0.348219
181 -1.88076 0.318226
181.1 -1.86899 0.288418
181.2 -1.85709 0.258799
181.3 -1.84505 0.22937
181.4 -1.83287 0.200133
181.5 -1.82054 0.171091
181.6 -1.80807 0.142247
181.7 -1.79543 0.113602
181.8 -1.78263 0.0851588
181.9 -1.76965 0.0569209
182 -1.7565 0.0288907
182.1 -1.74315 0.00107117
182.2 -1.72961 -0.0265347
182.3 -1.71587 -0.0539237
182.4 -1.7019 -0.0810924
182.5 -1.68771 -0.108037
182.6 -1.67328 -0.134755
182.7 -1.65859 -0.161241
182.8 -1.64364 -0.187491
182.9 -1.6284 -0.213501
183 -1.61287 -0.239267
183.1 -1.59701 -0.264784
183.2 -1.58081 -0.290045
183.3 -1.56424 -0.315046
183.4 -1.54729 -0.339781
183.5 -1.52991 -0.364242
183.6 -1.51207 -0.388424
183.7 -1.49374 -0.412319
183.8 -1.47487 -0.435917
183.9 -1.45541 -0.459211
184 -1.4353 -0.482191
184.1 -1.41448 -0.504845
184.2 -1.39286 -0.527163
184.3 -1.37035 -0.549129
184.4 -1.34683 -0.57073
184.5 -1.32216 -0.591948
184.6 -1.29617 -0.612763
184.7 -1.26865 -0.633153
184.8 -1.23931 -0.653092
184.9 -1.2078 -0.672548
185 -1.17364 -0.691482
185.1 -1.1362 -0.709848
185.2 -1.09457 -0.727587
185.3 -1.04743 -0.744623
185.4 -0.992816 -0.760852
185.5 -0.927566 -0.776135
185.6 -0.846379 -0.790262
185.7 -0.739634 -0.802913
185.8 -0.588327 -0.813548
185.9 -0.351232 -0.821177
186 0.0653643 -0.823791
186.1 0.809959 -0.817307
186.2 1.64166 -0.797335
186.3 1.92959 -0.767853
186.4 1.99398 -0.736192
186.5 2.00709 -0.704227
186.6 2.00408 -0.672292
186.7 1.99586 -0.640481
186.8 1.98594 -0.608824
186.9 1.97543 -0.577333
187 1.96468 -0.546012
187.1 1.95378 -0.514864
187.2 1.94276 -0.483889
187.3 1.93164 -0.453091
187.4 1.92041 -0.42247
187.5 1.90906 -0.392029
187.6 1.89759 -0.361769
187.7 1.88601 -0.331692
187.8 1.8743 -0.301801
187.9 1.86245 -0.272096
188 1.85048 -0.242582
188.1 1.83837 -0.213258
188.2 1.82611 -0.184128
188.3 1.8137 -0.155195
188.4 1.80113 -0.12646
188.5 1.78841 -0.0979255
188.6 1.77551 -0.0695951
188.7 1.76244 -0.0414712
188.8 1.74918 -0.0135565
188.9 1.73573 0.0141459
189 1.72208 0.0416328
189.1 1.70821 0.068901
189.2 1.69412 0.095947
189.3 1.6798 0.122767
189.4 1.66523 0.149358
189.5 1.6504 0.175715
189.6 1.63529 0.201834
189.7 1.61989 0.22771
189.8 1.60418 0.253339
189.9 1.58814 0.278716
190 1.57174 0.303835
190.1 1.55496 0.32869
190.2 1.53778 0.353275
190.3 1.52015 0.377584
190.4 1.50205 0.401608
190.5 1.48343 0.425341
190.6 1.46424 0.448773
190.7 1.44443 0.471896
190.8 1.42394 0.494698
190.9 1.40269 0.517168
191 1.38059 0.539294
191.1 1.35754 0.561061
191.2 1.33341 0.582454
191.3 1.30804 0.603453
191.4 1.28123 0.624037
191.5 1.25275 0.644183
191.6 1.22226 0.66386
191.7 1.18937 0.683034
191.8 1.1535 0.701662
191.9 1.11388 0.719691
192 1.06942 0.737054
192.1 1.01847 0.753661
192.2 0.958499 0.76939
192.3 0.885341 0.784068
192.4 0.791706 0.797434
192.5 0.663765 0.809063
192.6 0.472733 0.818212
192.7 0.153612 0.823435
192.8 -0.429431 0.821712
192.9 -1.3104 0.807973
193 -1.85947 0.781735
193.1 -1.97678 0.750521
193.2 -2.00479 0.718613
193.3 -2.00659 0.686643
193.4 -1.99993 0.654769
193.5 -1.99052 0.623041
193.6 -1.9802 0.591475
193.7 -1.96954 0.560077
193.8 -1.9587 0.52885
193.9 -1.94773 0.497797
194 -1.93666 0.466919
194.1 -1.92547 0.436219
194.2 -1.91418 0.405696
194.3 -1.90276 0.375355
194.4 -1.89123 0.345195
194.5 -1.87958 0.31522
194.6 -1.8678 0.285432
194.7 -1.85588 0.255831
194.8 -1.84383 0.226422
194.9 -1.83164 0.197204
195 -1.8193 0.168182
195.1 -1.8068 0.139358
195.2 -1.79415 0.110733
195.3 -1.78133 0.0823105
195.4 -1.76834 0.0540933
195.5 -1.75516 0.0260842
195.6 -1.7418 -0.00171406
195.7 -1.72824 -0.0292983
195.8 -1.71447 -0.0566653
195.9 -1.70049 -0.0838116
196 -1.68627 -0.110734
196.1 -1.67181 -0.137428
196.2 -1.6571 -0.163891
196.3 -1.64212 -0.190117
196.4 -1.62686 -0.216103
196.5 -1.61129 -0.241844
196.6 -1.5954 -0.267335
196.7 -1.57916 -0.292571
196.8 -1.56256 -0.317545
196.9 -1.54556 -0.342253
197 -1.52813 -0.366686
197.1 -1.51025 -0.39084
197.2 -1.49187 -0.414705
197.3 -1.47294 -0.438273
197.4 -1.45342 -0.461536
197.5 -1.43324 -0.484484
197.6 -1.41235 -0.507105
197.7 -1.39064 -0.529387
197.8 -1.36803 -0.551318
197.9 -1.3444 -0.572881
198 -1.31961 -0.594059
198.1 -1.29348 -0.614833
198.2 -1.26578 -0.635179
198.3 -1.23624 -0.655071
198.4 -1.20449 -0.674475
198.5 -1.17004 -0.693355
198.6 -1.13222 -0.711661
198.7 -1.09011 -0.729333
198.8 -1.04232 -0.746293
198.9 -0.986803 -0.762435
199 -0.92024 -0.777611
199.1 -0.837019 -0.791608
199.2 -0.726881 -0.804085
199.3 -0.569369 -0.814474
199.4 -0.319718 -0.821714
199.5 0.123317 -0.823641
199.6 0.902071 -0.815933
199.7 1.69743 -0.794661
199.8 1.94062 -0.7647
199.9 1.99665 -0.732975
200 2.00722 -0.701006
