0 2 0
0.1 1.79581 0.0287501
0.2 1.73443 0.0559931
0.3 1.70677 0.0826375
0.4 1.68862 0.10895
0.5 1.67318 0.135008
0.6 1.6584 0.160834
0.7 1.64366 0.186431
0.8 1.62874 0.211799
0.9 1.61357 0.236934
1 1.5981 0.261831
1.1 1.58231 0.286486
1.2 1.56618 0.310893
1.3 1.54967 0.335048
1.4 1.53277 0.358943
1.5 1.51543 0.382574
1.6 1.49763 0.405931
1.7 1.47932 0.429009
1.8 1.46046 0.451799
1.9 1.44099 0.474292
2 1.42085 0.496478
2.1 1.39997 0.518346
2.2 1.37826 0.539883
2.3 1.35563 0.561078
2.4 1.33194 0.581913
2.5 1.30704 0.602372
2.6 1.28074 0.622434
2.7 1.25282 0.642077
2.8 1.22295 0.661271
2.9 1.19074 0.679986
3 1.15564 0.698179
3.1 1.11692 0.715801
3.2 1.07352 0.732788
3.3 1.02385 0.749056
3.4 0.965487 0.764491
3.5 0.894444 0.778929
3.6 0.803746 0.792125
3.7 0.680157 0.803684
3.8 0.496064 0.81291
3.9 0.188415 0.818446
4 -0.380268 0.817423
4.1 -1.27291 0.804757
4.2 -1.85245 0.779479
4.3 -1.97191 0.74906
4.4 -2.00214 0.717965
4.5 -2.00543 0.686801
4.6 -1.9996 0.655723
4.7 -1.9907 0.624781
4.8 -1.98073 0.593992
4.9 -1.97036 0.563362
5 -1.95981 0.532895
5.1 -1.94913 0.502592
5.2 -1.93834 0.472457
5.3 -1.92745 0.442489
5.4 -1.91645 0.412691
5.5 -1.90535 0.383064
5.6 -1.89413 0.35361
5.7 -1.88279 0.324332
5.8 -1.87133 0.29523
5.9 -1.85975 0.266306
6 -1.84804 0.237563
6.1 -1.83619 0.209003
6.2 -1.82421 0.180628
6.3 -1.81208 0.152439
6.4 -1.79981 0.124439
6.5 -1.78738 0.0966314
6.6 -1.77478 0.0690174
6.7 -1.76202 0.0415999
6.8 -1.74908 0.0143817
6.9 -1.73596 -0.0126345
7 -1.72264 -0.0394457
7.1 -1.70912 -0.066049
7.2 -1.69539 -0.092441
7.3 -1.68144 -0.118618
7.4 -1.66726 -0.144578
7.5 -1.65282 -0.170315
7.6 -1.63813 -0.195827
7.7 -1.62315 -0.221109
7.8 -1.60789 -0.246156
7.9 -1.59231 -0.270964
8 -1.5764 -0.295529
8.1 -1.56013 -0.319843
8.2 -1.54348 -0.343903
8.3 -1.52642 -0.367701
8.4 -1.50891 -0.391232
8.5 -1.49093 -0.414487
8.6 -1.47242 -0.437459
8.7 -1.45334 -0.460141
8.8 -1.43363 -0.482521
8.9 -1.41323 -0.504591
9 -1.39205 -0.526338
9.1 -1.37002 -0.547751
9.2 -1.34701 -0.568815
9.3 -1.32289 -0.589513
9.4 -1.2975 -0.609828
9.5 -1.27064 -0.629738
9.6 -1.24203 -0.649219
9.7 -1.21135 -0.66824
9.8 -1.17815 -0.686767
9.9 -1.14181 -0.704756
10 -1.10151 -0.722152
10.1 -1.05601 -0.738885
10.2 -1.00348 -0.75486
10.3 -0.941013 -0.769949
10.4 -0.863756 -0.783963
10.5 -0.762961 -0.796612
10.6 -0.621463 -0.807415
10.7 -0.402123 -0.815491
10.8 -0.0188194 -0.819061
10.9 0.687072 -0.814384
11 1.56835 -0.796572
11.1 1.91324 -0.768407
11.2 1.98745 -0.73761
11.3 2.00483 -0.706464
11.4 2.00379 -0.675323
11.5 1.99649 -0.644293
11.6 1.98708 -0.613406
11.7 1.97693 -0.582675
11.8 1.96649 -0.552105
11.9 1.95588 -0.521698
12 1.94517 -0.491457
12.1 1.93434 -0.461383
12.2 1.92341 -0.431478
12.3 1.91237 -0.401743
12.4 1.90122 -0.37218
12.5 1.88996 -0.34279
12.6 1.87858 -0.313577
12.7 1.86707 -0.28454
12.8 1.85544 -0.255683
12.9 1.84368 -0.227007
13 1.83179 -0.198515
13.1 1.81975 -0.170208
13.2 1.80757 -0.142089
13.3 1.79524 -0.11416
13.4 1.78275 -0.0864231
13.5 1.77009 -0.0588813
13.6 1.75727 -0.031537
13.7 1.74426 -0.00439301
13.8 1.73107 0.0225479
13.9 1.71768 0.0492828
14 1.70409 0.0758085
14.1 1.69027 0.102122
14.2 1.67624 0.128219
14.3 1.66196 0.154097
14.4 1.64743 0.179752
14.5 1.63264 0.205179
14.6 1.61756 0.230375
14.7 1.60218 0.255335
14.8 1.58648 0.280054
14.9 1.57044 0.304526
15 1.55403 0.328748
15.1 1.53724 0.352712
15.2 1.52002 0.376412
15.3 1.50234 0.399842
15.4 1.48416 0.422994
15.5 1.46545 0.44586
15.6 1.44615 0.468431
15.7 1.42619 0.490698
15.8 1.40551 0.512651
15.9 1.38403 0.534276
16 1.36165 0.555562
16.1 1.33825 0.576493
16.2 1.31368 0.597052
16.3 1.28778 0.617221
16.4 1.2603 0.636975
16.5 1.23098 0.65629
16.6 1.19942 0.675134
16.7 1.16515 0.693468
16.8 1.12746 0.711245
16.9 1.08541 0.728406
17 1.03758 0.744871
17.1 0.981795 0.760538
17.2 0.914589 0.775256
17.3 0.829974 0.788808
17.4 0.716858 0.800847
17.5 0.552683 0.810778
17.6 0.286957 0.817475
17.7 -0.195658 0.818582
17.8 -1.03058 0.80946
17.9 -1.77045 0.786949
18 -1.95243 0.757114
18.1 -1.99749 0.726108
18.2 -2.00567 0.694943
18.3 -2.0015 0.663837
18.4 -1.99315 0.632857
18.5 -1.98338 0.602027
18.6 -1.9731 0.571355
18.7 -1.96258 0.540845
18.8 -1.95193 0.510499
18.9 -1.94118 0.48032
19 -1.93031 0.450308
19.1 -1.91934 0.420465
19.2 -1.90826 0.390794
19.3 -1.89707 0.361295
19.4 -1.88576 0.33197
19.5 -1.87434 0.302822
19.6 -1.86279 0.273851
19.7 -1.85111 0.245061
19.8 -1.8393 0.216453
19.9 -1.82736 0.188029
20 -1.81527 0.159791
20.1 -1.80303 0.131742
20.2 -1.79064 0.103884
20.3 -1.77809 0.0762186
20.4 -1.76537 0.0487496
20.5 -1.75248 0.021479
20.6 -1.73941 -0.00559029
20.7 -1.72614 -0.0324554
20.8 -1.71268 -0.0591133
20.9 -1.69901 -0.0855609
21 -1.68511 -0.111795
21.1 -1.67099 -0.137812
21.2 -1.65662 -0.163607
21.3 -1.64199 -0.189179
21.4 -1.6271 -0.214521
21.5 -1.61191 -0.23963
21.6 -1.59641 -0.264501
21.7 -1.58059 -0.28913
21.8 -1.56442 -0.31351
21.9 -1.54787 -0.337637
22 -1.53092 -0.361504
22.1 -1.51354 -0.385105
22.2 -1.49568 -0.408433
22.3 -1.47731 -0.431481
22.4 -1.45839 -0.454239
22.5 -1.43885 -0.476699
22.6 -1.41863 -0.498851
22.7 -1.39767 -0.520684
22.8 -1.37587 -0.542185
22.9 -1.35313 -0.563342
23 -1.32931 -0.584138
23.1 -1.30427 -0.604555
23.2 -1.27782 -0.624573
23.3 -1.2497 -0.644168
23.4 -1.2196 -0.663313
23.5 -1.1871 -0.681973
23.6 -1.15166 -0.700107
23.7 -1.11249 -0.717664
23.8 -1.0685 -0.734578
23.9 -1.01803 -0.750763
24 -0.958528 -0.766099
24.1 -0.885776 -0.780417
24.2 -0.792328 -0.793459
24.3 -0.663927 -0.804807
24.4 -0.470502 -0.813718
24.5 -0.142945 -0.818725
24.6 0.464479 -0.816717
24.7 1.36665 -0.802543
24.8 1.87473 -0.776294
24.9 1.97757 -0.74573
25 2.0033 -0.714613
25.1 2.00507 -0.683454
25.2 1.99874 -0.652389
25.3 1.98966 -0.621463
25.4 1.97963 -0.59069
25.5 1.96924 -0.560078
25.6 1.95867 -0.529628
25.7 1.94798 -0.499344
25.8 1.93718 -0.469226
25.9 1.92627 -0.439277
26 1.91526 -0.409497
26.1 1.90414 -0.379889
26.2 1.89291 -0.350454
26.3 1.88156 -0.321194
26.4 1.87009 -0.292111
26.5 1.8585 -0.263207
26.6 1.84677 -0.234484
26.7 1.83491 -0.205943
26.8 1.82291 -0.177587
26.9 1.81077 -0.149419
27 1.79848 -0.12144
27.1 1.78603 -0.0936528
27.2 1.77342 -0.0660598
27.3 1.76064 -0.0386636
27.4 1.74768 -0.011467
27.5 1.73454 0.0155273
27.6 1.7212 0.0423163
27.7 1.70766 0.068897
27.8 1.69391 0.0952661
27.9 1.67993 0.12142
28 1.66572 0.147356
28.1 1.65125 0.173069
28.2 1.63653 0.198557
28.3 1.62153 0.223813
28.4 1.60623 0.248835
28.5 1.59061 0.273617
28.6 1.57467 0.298155
28.7 1.55836 0.322443
28.8 1.54166 0.346474
28.9 1.52456 0.370244
29 1.507 0.393745
29.1 1.48896 0.416971
29.2 1.4704 0.439912
29.3 1.45125 0.462562
29.4 1.43147 0.484909
29.5 1.41099 0.506945
29.6 1.38973 0.528657
29.7 1.36759 0.550033
29.8 1.34447 0.571058
29.9 1.32023 0.591716
30 1.29469 0.611989
30.1 1.26765 0.631854
30.2 1.23884 0.651287
30.3 1.20791 0.670257
30.4 1.1744 0.688728
30.5 1.13769 0.706656
30.6 1.09689 0.723984
30.7 1.05074 0.740641
30.8 0.997302 0.756528
30.9 0.933528 0.771512
31 0.854257 0.785395
31.1 0.750127 0.797874
31.2 0.602578 0.808435
31.3 0.371032 0.816136
31.4 -0.0385892 0.819046
31.5 -0.784892 0.813153
31.6 -1.63809 0.793897
31.7 -1.92582 0.765124
31.8 -1.99069 0.734258
31.9 -2.00518 0.703104
32 -2.00316 0.671973
32.1 -1.99553 0.640957
32.2 -1.98601 0.610086
32.3 -1.97582 0.579372
32.4 -1.96535 0.54882
32.5 -1.95473 0.518431
32.6 -1.944 0.488208
32.7 -1.93317 0.458152
32.8 -1.92222 0.428265
32.9 -1.91117 0.398548
33 -1.90001 0.369004
33.1 -1.88874 0.339633
33.2 -1.87734 0.310439
33.3 -1.86583 0.281422
33.4 -1.85418 0.252584
33.5 -1.84241 0.223928
33.6 -1.8305 0.195455
33.7 -1.81845 0.167169
33.8 -1.80625 0.13907
33.9 -1.7939 0.111161
34 -1.78139 0.0834454
34.1 -1.76872 0.0559247
34.2 -1.75587 0.0286019
34.3 -1.74285 0.00147965
34.4 -1.72964 -0.0254392
34.5 -1.71622 -0.0521517
34.6 -1.70261 -0.0786547
34.7 -1.68877 -0.104945
34.8 -1.67471 -0.131019
34.9 -1.66041 -0.156873
35 -1.64585 -0.182503
35.1 -1.63103 -0.207906
35.2 -1.61591 -0.233077
35.3 -1.6005 -0.258011
35.4 -1.58477 -0.282703
35.5 -1.56869 -0.307149
35.6 -1.55224 -0.331343
35.7 -1.5354 -0.355279
35.8 -1.51813 -0.37895
35.9 -1.5004 -0.402351
36 -1.48217 -0.425472
36.1 -1.4634 -0.448307
36.2 -1.44403 -0.470846
36.3 -1.424 -0.49308
36.4 -1.40324 -0.514997
36.5 -1.38167 -0.536587
36.6 -1.35918 -0.557835
36.7 -1.33566 -0.578727
36.8 -1.31096 -0.599245
36.9 -1.2849 -0.61937
37 -1.25724 -0.639079
37.1 -1.22769 -0.658344
37.2 -1.19587 -0.677135
37.3 -1.16126 -0.695411
37.4 -1.12316 -0.713125
37.5 -1.08056 -0.730215
37.6 -1.03199 -0.746601
37.7 -0.975181 -0.762173
37.8 -0.906447 -0.776778
37.9 -0.819424 -0.790186
38 -0.702193 -0.802032
38.1 -0.530256 -0.811683
38.2 -0.248303 -0.817923
38.3 0.268228 -0.818196
38.4 1.13198 -0.807644
38.5 1.80976 -0.783927
38.6 1.96146 -0.753803
38.7 1.99972 -0.722754
38.8 2.00568 -0.691588
38.9 2.00076 -0.660493
39 1.99215 -0.629528
39.1 1.98229 -0.598715
39.2 1.97197 -0.56806
39.3 1.96144 -0.537568
39.4 1.95078 -0.50724
39.5 1.94001 -0.477079
39.6 1.92913 -0.447085
39.7 1.91815 -0.417261
39.8 1.90706 -0.387607
39.9 1.89586 -0.358127
40 1.88454 -0.328821
40.1 1.8731 -0.299692
40.2 1.86154 -0.270741
40.3 1.84985 -0.24197
40.4 1.83802 -0.213382
40.5 1.82606 -0.184978
40.6 1.81396 -0.15676
40.7 1.8017 -0.128731
40.8 1.7893 -0.100894
40.9 1.77673 -0.0732498
41 1.76399 -0.045802
41.1 1.75108 -0.018553
41.2 1.73799 0.00849446
41.3 1.7247 0.0353374
41.4 1.71122 0.0619728
41.5 1.69752 0.0883976
41.6 1.6836 0.114608
41.7 1.66945 0.140601
41.8 1.65506 0.166373
41.9 1.6404 0.19192
42 1.62547 0.217237
42.1 1.61025 0.242321
42.2 1.59472 0.267166
42.3 1.57887 0.291768
42.4 1.56265 0.316122
42.5 1.54606 0.340221
42.6 1.52907 0.36406
42.7 1.51163 0.387632
42.8 1.49373 0.41093
42.9 1.4753 0.433947
43 1.45631 0.456673
43.1 1.4367 0.479101
43.2 1.41641 0.501219
43.3 1.39536 0.523017
43.4 1.37347 0.544482
43.5 1.35061 0.5656
43.6 1.32668 0.586356
43.7 1.3015 0.606731
43.8 1.27487 0.626705
43.9 1.24655 0.646253
44 1.21622 0.665347
44.1 1.18344 0.683953
44.2 1.14763 0.702028
44.3 1.10801 0.719519
44.4 1.06341 0.736359
44.5 1.01211 0.752458
44.6 0.951424 0.767694
44.7 0.87688 0.781889
44.8 0.780527 0.794773
44.9 0.646989 0.805902
45 0.443485 0.814482
45.1 0.0943028 0.818924
45.2 -0.55322 0.815865
45.3 -1.45472 0.800181
45.4 -1.89257 0.773067
45.5 -1.98215 0.742392
45.6 -2.0041 0.711259
45.7 -2.0046 0.680107
45.8 -1.99783 0.649056
45.9 -1.9886 0.618146
46 -1.97852 0.58739
46.1 -1.96811 0.556795
46.2 -1.95752 0.526364
46.3 -1.94682 0.496097
46.4 -1.93601 0.465997
46.5 -1.9251 0.436066
46.6 -1.91407 0.406305
46.7 -1.90294 0.376715
46.8 -1.8917 0.347299
46.9 -1.88033 0.318058
47 -1.86885 0.288994
47.1 -1.85724 0.260109
47.2 -1.8455 0.231406
47.3 -1.83363 0.202885
47.4 -1.82161 0.174549
47.5 -1.80946 0.146401
47.6 -1.79715 0.118443
47.7 -1.78468 0.090676
47.8 -1.77205 0.0631041
47.9 -1.75925 0.0357293
48 -1.74627 0.00855427
48.1 -1.73311 -0.0184181
48.2 -1.71975 -0.0451849
48.3 -1.70619 -0.071743
48.4 -1.69241 -0.0980892
48.5 -1.67841 -0.12422
48.6 -1.66417 -0.150132
48.7 -1.64968 -0.175821
48.8 -1.63493 -0.201284
48.9 -1.6199 -0.226516
49 -1.60456 -0.251512
49.1 -1.58892 -0.276268
49.2 -1.57293 -0.300779
49.3 -1.55658 -0.325039
49.4 -1.53985 -0.349043
49.5 -1.52269 -0.372785
49.6 -1.50509 -0.396257
49.7 -1.48699 -0.419452
49.8 -1.46837 -0.442362
49.9 -1.44916 -0.46498
50 -1.4293 -0.487294
50.1 -1.40874 -0.509296
50.2 -1.38739 -0.530972
50.3 -1.36516 -0.552311
50.4 -1.34192 -0.573298
50.5 -1.31754 -0.593915
50.6 -1.29186 -0.614145
50.7 -1.26464 -0.633965
50.8 -1.23562 -0.65335
50.9 -1.20444 -0.672268
51 -1.17062 -0.690683
51.1 -1.13352 -0.70855
51.2 -1.09221 -0.725809
51.3 -1.04538 -0.742388
51.4 -0.991009 -0.758186
51.5 -0.925866 -0.773062
51.6 -0.844477 -0.786812
51.7 -0.736809 -0.799113
51.8 -0.582767 -0.809424
51.9 -0.337977 -0.816728
52 0.100101 -0.818932
52.1 0.885181 -0.811755
52.2 1.69905 -0.791109
52.3 1.93745 -0.761831
52.4 1.99367 -0.730902
52.5 2.00545 -0.699742
52.6 2.0025 -0.668621
52.7 1.99456 -0.63762
52.8 1.98493 -0.606766
52.9 1.9747 -0.57607
53 1.96421 -0.545535
53.1 1.95358 -0.515164
53.2 1.94284 -0.484959
53.3 1.93199 -0.454921
53.4 1.92104 -0.425052
53.5 1.90997 -0.395354
53.6 1.8988 -0.365828
53.7 1.88751 -0.336476
53.8 1.87611 -0.307301
53.9 1.86458 -0.278303
54 1.85292 -0.249485
54.1 1.84113 -0.220848
54.2 1.82921 -0.192396
54.3 1.81714 -0.164129
54.4 1.80493 -0.136051
54.5 1.79256 -0.108163
54.6 1.78003 -0.080468
54.7 1.76734 -0.0529686
54.8 1.75448 -0.0256672
54.9 1.74143 0.00143324
55 1.7282 0.02833
55.1 1.71477 0.0550201
55.2 1.70113 0.0815003
55.3 1.68727 0.107767
55.4 1.67318 0.133818
55.5 1.65885 0.159648
55.6 1.64426 0.185254
55.7 1.62941 0.210632
55.8 1.61427 0.235777
55.9 1.59882 0.260685
56 1.58305 0.285351
56.1 1.56693 0.30977
56.2 1.55045 0.333937
56.3 1.53356 0.357844
56.4 1.51624 0.381487
56.5 1.49846 0.404858
56.6 1.48018 0.427949
56.7 1.46134 0.450752
56.8 1.4419 0.473259
56.9 1.42179 0.495459
57 1.40095 0.517342
57.1 1.37929 0.538895
57.2 1.3567 0.560106
57.3 1.33306 0.580958
57.4 1.30822 0.601435
57.5 1.28199 0.621516
57.6 1.25415 0.641178
57.7 1.22438 0.660394
57.8 1.19228 0.679132
57.9 1.15734 0.69735
58 1.11881 0.715
58.1 1.07565 0.732018
58.2 1.02631 0.748321
58.3 0.968426 0.763797
58.4 0.898092 0.778286
58.5 0.808527 0.791547
58.6 0.686907 0.803194
58.7 0.506602 0.81255
58.8 0.206989 0.818304
58.9 -0.345617 0.817683
59 -1.23134 0.805658
59.1 -1.84113 0.780828
59.2 -1.96909 0.750485
59.3 -2.00151 0.719402
59.4 -2.00553 0.688237
59.5 -1.99996 0.657153
59.6 -1.99114 0.626204
59.7 -1.9812 0.595408
59.8 -1.97085 0.56477
59.9 -1.9603 0.534296
60 -1.94963 0.503986
60.1 -1.93884 0.473842
60.2 -1.92796 0.443867
60.3 -1.91696 0.414061
60.4 -1.90586 0.384426
60.5 -1.89464 0.354965
60.6 -1.88331 0.325678
60.7 -1.87186 0.296568
60.8 -1.86029 0.267636
60.9 -1.84858 0.238885
61 -1.83674 0.210316
61.1 -1.82477 0.181932
61.2 -1.81265 0.153734
61.3 -1.80038 0.125726
61.4 -1.78795 0.0979093
61.5 -1.77537 0.0702863
61.6 -1.76261 0.0428597
61.7 -1.74968 0.0156323
61.8 -1.73657 -0.0113933
61.9 -1.72326 -0.0382141
62 -1.70975 -0.064827
62.1 -1.69603 -0.0912288
62.2 -1.68209 -0.117416
62.3 -1.66792 -0.143386
62.4 -1.65349 -0.169134
62.5 -1.63881 -0.194656
62.6 -1.62385 -0.219948
62.7 -1.6086 -0.245006
62.8 -1.59303 -0.269826
62.9 -1.57714 -0.294401
63 -1.56089 -0.318728
63.1 -1.54426 -0.342799
63.2 -1.52721 -0.36661
63.3 -1.50973 -0.390153
63.4 -1.49177 -0.413421
63.5 -1.47329 -0.436407
63.6 -1.45423 -0.459101
63.7 -1.43455 -0.481496
63.8 -1.41419 -0.50358
63.9 -1.39305 -0.525343
64 -1.37105 -0.546771
64.1 -1.34809 -0.567851
64.2 -1.32403 -0.588567
64.3 -1.2987 -0.6089
64.4 -1.27191 -0.62883
64.5 -1.24339 -0.648331
64.6 -1.21282 -0.667374
64.7 -1.17974 -0.685925
64.8 -1.14357 -0.703939
64.9 -1.10347 -0.721364
65 -1.05824 -0.738129
65.1 -1.00609 -0.754142
65.2 -0.94417 -0.769275
65.3 -0.867747 -0.783344
65.4 -0.768323 -0.796065
65.5 -0.629295 -0.806967
65.6 -0.414895 -0.815199
65.7 -0.042246 -0.819039
65.8 0.646111 -0.814862
65.9 1.53591 -0.797682
66 1.90745 -0.769809
66.1 1.98597 -0.739046
66.2 2.00465 -0.707903
66.3 2.00404 -0.676759
66.4 1.9969 -0.645722
66.5 1.98754 -0.614828
66.6 1.97741 -0.58409
66.7 1.96697 -0.553513
66.8 1.95638 -0.523098
66.9 1.94566 -0.49285
67 1.93484 -0.462768
67.1 1.92392 -0.432855
67.2 1.91288 -0.403112
67.3 1.90174 -0.373541
67.4 1.89048 -0.344143
67.5 1.8791 -0.314921
67.6 1.86761 -0.285877
67.7 1.85598 -0.257011
67.8 1.84423 -0.228327
67.9 1.83234 -0.199826
68 1.82031 -0.171511
68.1 1.80814 -0.143383
68.2 1.79581 -0.115445
68.3 1.78333 -0.0876993
68.4 1.77068 -0.0601485
68.5 1.75786 -0.032795
68.6 1.74487 -0.00564172
68.7 1.73168 0.0213087
68.8 1.7183 0.0480531
68.9 1.70472 0.0745886
69 1.69092 0.100912
69.1 1.67689 0.127019
69.2 1.66263 0.152907
69.3 1.64811 0.178572
69.4 1.63333 0.20401
69.5 1.61826 0.229217
69.6 1.6029 0.254188
69.7 1.58721 0.278918
69.8 1.57119 0.303402
69.9 1.5548 0.327635
70 1.53802 0.351611
70.1 1.52082 0.375324
70.2 1.50316 0.398766
70.3 1.48502 0.421931
70.4 1.46633 0.444811
70.5 1.44705 0.467396
70.6 1.42713 0.489677
70.7 1.40648 0.511644
70.8 1.38504 0.533285
70.9 1.36271 0.554587
71 1.33935 0.575535
71.1 1.31485 0.596112
71.2 1.28901 0.616298
71.3 1.26161 0.636073
71.4 1.23238 0.655409
71.5 1.20094 0.674275
71.6 1.1668 0.692633
71.7 1.12929 0.710437
71.8 1.08747 0.727628
71.9 1.03994 0.744128
72 0.984588 0.759834
72.1 0.918015 0.7746
72.2 0.834394 0.788212
72.3 0.722964 0.800331
72.4 0.561942 0.810379
72.5 0.302764 0.817263
72.6 -0.166002 0.818711
72.7 -0.986872 0.810185
72.8 -1.75095 0.788218
72.9 -1.94816 0.75853
73 -1.99641 0.727546
73.1 -2.00562 0.696382
73.2 -2.00181 0.665272
73.3 -1.99358 0.634285
73.4 -1.98385 0.603448
73.5 -1.97358 0.572769
73.6 -1.96307 0.542251
73.7 -1.95243 0.511898
73.8 -1.94167 0.481711
73.9 -1.93081 0.451691
74 -1.91985 0.421841
74.1 -1.90878 0.392161
74.2 -1.89759 0.362654
74.3 -1.88629 0.333321
74.4 -1.87487 0.304165
74.5 -1.86333 0.275186
74.6 -1.85166 0.246388
74.7 -1.83985 0.217771
74.8 -1.82791 0.189338
74.9 -1.81583 0.161092
75 -1.8036 0.133034
75.1 -1.79122 0.105167
75.2 -1.77867 0.0774928
75.3 -1.76596 0.0500146
75.4 -1.75308 0.0227348
75.5 -1.74002 -0.00434381
75.6 -1.72676 -0.0312184
75.7 -1.71331 -0.057886
75.8 -1.69964 -0.0843434
75.9 -1.68576 -0.110587
76 -1.67165 -0.136614
76.1 -1.65729 -0.16242
76.2 -1.64268 -0.188002
76.3 -1.62779 -0.213355
76.4 -1.61262 -0.238475
76.5 -1.59714 -0.263357
76.6 -1.58133 -0.287997
76.7 -1.56517 -0.312389
76.8 -1.54864 -0.336528
76.9 -1.53171 -0.360407
77 -1.51435 -0.384021
77.1 -1.49652 -0.407361
77.2 -1.47817 -0.430422
77.3 -1.45927 -0.453194
77.4 -1.43977 -0.475668
77.5 -1.41958 -0.497834
77.6 -1.39866 -0.519682
77.7 -1.3769 -0.541199
77.8 -1.3542 -0.562372
77.9 -1.33044 -0.583185
78 -1.30546 -0.60362
78.1 -1.27907 -0.623657
78.2 -1.25104 -0.643273
78.3 -1.22104 -0.662439
78.4 -1.18866 -0.681122
78.5 -1.15337 -0.699282
78.6 -1.1144 -0.716867
78.7 -1.07066 -0.733812
78.8 -1.02054 -0.750032
78.9 -0.961529 -0.765411
79 -0.889519 -0.779781
79.1 -0.797268 -0.79289
79.2 -0.670969 -0.804329
79.3 -0.481632 -0.813377
79.4 -0.162812 -0.818615
79.5 0.427809 -0.817037
79.6 1.32709 -0.803511
79.7 1.86582 -0.777666
79.8 1.9753 -0.747159
79.9 2.00285 -0.71605
80 2.00524 -0.684889
80.1 1.99911 -0.653818
80.2 1.9901 -0.622885
80.3 1.9801 -0.592105
80.4 1.96972 -0.561485
80.5 1.95916 -0.531028
80.6 1.94847 -0.500736
80.7 1.93768 -0.470611
80.8 1.92678 -0.440653
80.9 1.91577 -0.410866
81 1.90466 -0.38125
81.1 1.89343 -0.351807
81.2 1.88209 -0.322539
81.3 1.87062 -0.293448
81.4 1.85903 -0.264535
81.5 1.84731 -0.235803
81.6 1.83546 -0.207254
81.7 1.82347 -0.17889
81.8 1.81133 -0.150713
81.9 1.79905 -0.122725
82 1.78661 -0.0949293
82.1 1.774 -0.0673273
82.2 1.76123 -0.039922
82.3 1.74828 -0.0127161
82.4 1.73515 0.0142876
82.5 1.72182 0.0410861
82.6 1.70829 0.0676765
82.7 1.69454 0.0940555
82.8 1.68058 0.12022
82.9 1.66638 0.146165
83 1.65193 0.171889
83.1 1.63721 0.197387
83.2 1.62222 0.222654
83.3 1.60694 0.247687
83.4 1.59134 0.272481
83.5 1.57541 0.29703
83.6 1.55912 0.321329
83.7 1.54244 0.345373
83.8 1.52536 0.369155
83.9 1.50782 0.392668
84 1.48981 0.415907
84.1 1.47126 0.438861
84.2 1.45215 0.461524
84.3 1.4324 0.483886
84.4 1.41195 0.505936
84.5 1.39073 0.527664
84.6 1.36863 0.549055
84.7 1.34556 0.570097
84.8 1.32137 0.590773
84.9 1.2959 0.611063
85 1.26893 0.630948
85.1 1.24021 0.650401
85.2 1.20939 0.669393
85.3 1.17601 0.687888
85.4 1.13946 0.705843
85.5 1.09888 0.7232
85.6 1.05301 0.739889
85.7 0.999963 0.755814
85.8 0.936757 0.770844
85.9 0.858362 0.784783
86 0.755686 0.797336
86.1 0.610782 0.808002
86.2 0.384589 0.815866
86.3 -0.0134948 0.819065
86.4 -0.742603 0.813701
86.5 -1.60924 0.795058
86.6 -1.92056 0.766533
86.7 -1.98933 0.735695
86.8 -2.00504 0.704544
86.9 -2.00343 0.673409
87 -1.99595 0.642387
87.1 -1.98647 0.611509
87.2 -1.9763 0.580788
87.3 -1.96584 0.550228
87.4 -1.95523 0.519832
87.5 -1.9445 0.489601
87.6 -1.93367 0.459537
87.7 -1.92273 0.429642
87.8 -1.91169 0.399918
87.9 -1.90053 0.370365
88 -1.88926 0.340987
88.1 -1.87787 0.311784
88.2 -1.86636 0.282759
88.3 -1.85472 0.253913
88.4 -1.84296 0.225248
88.5 -1.83105 0.196767
88.6 -1.81901 0.168472
88.7 -1.80682 0.140364
88.8 -1.79448 0.112447
88.9 -1.78198 0.0847219
89 -1.76931 0.0571922
89.1 -1.75647 0.0298602
89.2 -1.74346 0.00272855
89.3 -1.73025 -0.0241998
89.4 -1.71685 -0.0509219
89.5 -1.70324 -0.0774346
89.6 -1.68942 -0.103735
89.7 -1.67537 -0.129819
89.8 -1.66107 -0.155683
89.9 -1.64653 -0.181324
90 -1.63172 -0.206737
90.1 -1.61662 -0.231919
90.2 -1.60122 -0.256864
90.3 -1.5855 -0.281567
90.4 -1.56944 -0.306025
90.5 -1.55301 -0.330231
90.6 -1.53619 -0.354178
90.7 -1.51894 -0.377862
90.8 -1.50123 -0.401275
90.9 -1.48303 -0.42441
91 -1.46428 -0.447258
91.1 -1.44494 -0.469811
91.2 -1.42494 -0.492059
91.3 -1.40421 -0.513992
91.4 -1.38268 -0.535597
91.5 -1.36024 -0.556861
91.6 -1.33677 -0.57777
91.7 -1.31213 -0.598305
91.8 -1.28613 -0.618449
91.9 -1.25855 -0.638177
92 -1.2291 -0.657464
92.1 -1.1974 -0.676278
92.2 -1.16293 -0.694579
92.3 -1.12501 -0.71232
92.4 -1.08265 -0.72944
92.5 -1.0344 -0.74586
92.6 -0.978033 -0.761473
92.7 -0.909963 -0.776127
92.8 -0.823988 -0.789597
92.9 -0.708553 -0.801527
93 -0.540015 -0.811299
93.1 -0.265186 -0.817738
93.2 0.236533 -0.818376
93.3 1.08867 -0.808443
93.4 1.79394 -0.785233
93.5 1.95776 -0.755223
93.6 1.99882 -0.724192
93.7 2.00569 -0.693026
93.8 2.00108 -0.661926
93.9 1.99258 -0.630954
94 1.98276 -0.600134
94.1 1.97245 -0.569472
94.2 1.96193 -0.538972
94.3 1.95128 -0.508637
94.4 1.94051 -0.478467
94.5 1.92964 -0.448466
94.6 1.91866 -0.418634
94.7 1.90758 -0.388973
94.8 1.89638 -0.359484
94.9 1.88506 -0.330171
95 1.87363 -0.301033
95.1 1.86207 -0.272074
95.2 1.85039 -0.243295
95.3 1.83857 -0.214698
95.4 1.82662 -0.186285
95.5 1.81452 -0.158059
95.6 1.80227 -0.130021
95.7 1.78987 -0.102175
95.8 1.77731 -0.0745218
95.9 1.76458 -0.0470649
96 1.75168 -0.0198066
96.1 1.7386 0.00725018
96.2 1.72532 0.0341026
96.3 1.71184 0.0607477
96.4 1.69816 0.0871822
96.5 1.68425 0.113403
96.6 1.67011 0.139406
96.7 1.65573 0.165188
96.8 1.64109 0.190745
96.9 1.62617 0.216073
97 1.61096 0.241168
97.1 1.59545 0.266024
97.2 1.57961 0.290638
97.3 1.56341 0.315003
97.4 1.54684 0.339114
97.5 1.52986 0.362965
97.6 1.51245 0.38655
97.7 1.49456 0.409861
97.8 1.47616 0.43289
97.9 1.4572 0.45563
98 1.43762 0.478072
98.1 1.41737 0.500205
98.2 1.39635 0.522017
98.3 1.3745 0.543498
98.4 1.35169 0.564633
98.5 1.32781 0.585406
98.6 1.30269 0.605799
98.7 1.27614 0.625792
98.8 1.2479 0.64536
98.9 1.21767 0.664476
99 1.18501 0.683105
99.1 1.14936 0.701206
99.2 1.10994 0.718725
99.3 1.0656 0.735597
99.4 1.01466 0.751733
99.5 0.954488 0.767012
99.6 0.880722 0.78126
99.7 0.785634 0.794212
99.8 0.654339 0.805437
99.9 0.455251 0.81416
100 0.115558 0.818848
100.1 -0.514646 0.816248
100.2 -1.41775 0.801211
100.3 -1.88537 0.774455
100.4 -1.9803 0.743824
100.5 -2.00379 0.712697
100.6 -2.00481 0.681542
100.7 -1.99822 0.650485
100.8 -1.98906 0.619568
100.9 -1.979 0.588805
101 -1.96859 0.558203
101.1 -1.95801 0.527763
101.2 -1.94732 0.497489
101.3 -1.93651 0.467381
101.4 -1.9256 0.437442
101.5 -1.91458 0.407673
101.6 -1.90346 0.378075
101.7 -1.89222 0.348651
101.8 -1.88086 0.319402
101.9 -1.86938 0.29033
102 -1.85778 0.261437
102.1 -1.84605 0.232725
102.2 -1.83418 0.204196
102.3 -1.82217 0.175852
102.4 -1.81002 0.147695
102.5 -1.79772 0.119727
102.6 -1.78526 0.091952
102.7 -1.77264 0.064371
102.8 -1.75985 0.036987
102.9 -1.74688 0.00980277
103 -1.73372 -0.017179
103.1 -1.72037 -0.0439553
103.2 -1.70682 -0.0705231
103.3 -1.69305 -0.0968791
103.4 -1.67906 -0.12302
103.5 -1.66483 -0.148942
103.6 -1.65036 -0.174642
103.7 -1.63562 -0.200115
103.8 -1.6206 -0.225357
103.9 -1.60528 -0.250365
104 -1.58964 -0.275132
104.1 -1.57367 -0.299654
104.2 -1.55734 -0.323926
104.3 -1.54063 -0.347942
104.4 -1.52349 -0.371696
104.5 -1.50591 -0.39518
104.6 -1.48784 -0.418388
104.7 -1.46924 -0.441312
104.8 -1.45006 -0.463943
104.9 -1.43023 -0.486272
105 -1.40971 -0.508288
105.1 -1.38839 -0.52998
105.2 -1.3662 -0.551335
105.3 -1.34301 -0.572338
105.4 -1.3187 -0.592973
105.5 -1.29307 -0.613221
105.6 -1.26593 -0.633061
105.7 -1.237 -0.652466
105.8 -1.20593 -0.671407
105.9 -1.17225 -0.689846
106 -1.13531 -0.707739
106.1 -1.09423 -0.725028
106.2 -1.04769 -0.74164
106.3 -0.993722 -0.757476
106.4 -0.929173 -0.772399
106.5 -0.848705 -0.786206
106.6 -0.74258 -0.798585
106.7 -0.591378 -0.809004
106.8 -0.352399 -0.816481
106.9 0.0732113 -0.818994
107 0.84195 -0.812375
107.1 1.67401 -0.792317
107.2 1.93257 -0.763243
107.3 1.99242 -0.732341
107.4 2.00534 -0.701183
107.5 2.00278 -0.670058
107.6 1.99498 -0.63905
107.7 1.98539 -0.608189
107.8 1.97518 -0.577485
107.9 1.9647 -0.546943
108 1.95408 -0.516564
108.1 1.94334 -0.486351
108.2 1.9325 -0.456306
108.3 1.92155 -0.426429
108.4 1.91049 -0.396723
108.5 1.89932 -0.367189
108.6 1.88804 -0.33783
108.7 1.87664 -0.308646
108.8 1.86511 -0.27964
108.9 1.85346 -0.250813
109 1.84168 -0.222168
109.1 1.82976 -0.193707
109.2 1.8177 -0.165432
109.3 1.8055 -0.137345
109.4 1.79314 -0.109448
109.5 1.78062 -0.0817442
109.6 1.76793 -0.0542356
109.7 1.75508 -0.0269251
109.8 1.74204 0.000184736
109.9 1.72882 0.027091
110 1.71539 0.0537907
110.1 1.70176 0.0802806
110.2 1.68791 0.106558
110.3 1.67384 0.132618
110.4 1.65952 0.158459
110.5 1.64495 0.184075
110.6 1.6301 0.209463
110.7 1.61497 0.23462
110.8 1.59954 0.259539
110.9 1.58379 0.284216
111 1.56769 0.308647
111.1 1.55122 0.332825
111.2 1.53435 0.356745
111.3 1.51705 0.3804
111.4 1.4993 0.403783
111.5 1.48103 0.426887
111.6 1.46222 0.449704
111.7 1.44281 0.472225
111.8 1.42274 0.494439
111.9 1.40193 0.516337
112 1.38031 0.537906
112.1 1.35776 0.559133
112.2 1.33417 0.580002
112.3 1.3094 0.600496
112.4 1.28324 0.620596
112.5 1.25547 0.640279
112.6 1.2258 0.659516
112.7 1.19383 0.678276
112.8 1.15903 0.69652
112.9 1.12068 0.714197
113 1.07776 0.731246
113.1 1.02876 0.747585
113.2 0.971339 0.763102
113.3 0.9017 0.777641
113.4 0.813242 0.790966
113.5 0.693538 0.802699
113.6 0.516898 0.812183
113.7 0.225038 0.818149
113.8 -0.31185 0.817919
113.9 -1.18909 0.80653
114 -1.82858 0.782165
114.1 -1.966 0.751908
114.2 -2.0008 0.720839
114.3 -2.00561 0.689673
114.4 -2.00031 0.658584
114.5 -1.99157 0.627629
114.6 -1.98167 0.596825
114.7 -1.97133 0.56618
114.8 -1.96079 0.535698
114.9 -1.95012 0.50538
115 -1.93934 0.475229
115.1 -1.92846 0.445246
115.2 -1.91747 0.415432
115.3 -1.90637 0.385789
115.4 -1.89516 0.35632
115.5 -1.88384 0.327025
115.6 -1.87239 0.297906
115.7 -1.86082 0.268966
115.8 -1.84912 0.240207
115.9 -1.83729 0.21163
116 -1.82532 0.183237
116.1 -1.81321 0.155031
116.2 -1.80095 0.127014
116.3 -1.78853 0.099188
116.4 -1.77595 0.071556
116.5 -1.7632 0.0441204
116.6 -1.75028 0.0168837
116.7 -1.73718 -0.0101513
116.8 -1.72388 -0.0369816
116.9 -1.71038 -0.0636041
117 -1.69667 -0.0900158
117.1 -1.68274 -0.116213
117.2 -1.66857 -0.142193
117.3 -1.65416 -0.167951
117.4 -1.63949 -0.193484
117.5 -1.62455 -0.218787
117.6 -1.60931 -0.243856
117.7 -1.59376 -0.268686
117.8 -1.57788 -0.293273
117.9 -1.56165 -0.317611
118 -1.54503 -0.341695
118.1 -1.52801 -0.365517
118.2 -1.51055 -0.389073
118.3 -1.49261 -0.412354
118.4 -1.47415 -0.435353
118.5 -1.45512 -0.458061
118.6 -1.43548 -0.48047
118.7 -1.41514 -0.502569
118.8 -1.39404 -0.524346
118.9 -1.37209 -0.545791
119 -1.34917 -0.566887
119.1 -1.32517 -0.58762
119.2 -1.2999 -0.607971
119.3 -1.27318 -0.62792
119.4 -1.24475 -0.647441
119.5 -1.21428 -0.666506
119.6 -1.18133 -0.68508
119.7 -1.14532 -0.703121
119.8 -1.10542 -0.720574
119.9 -1.06047 -0.737371
120 -1.00868 -0.753422
120.1 -0.947299 -0.768599
120.2 -0.871692 -0.782722
120.3 -0.773606 -0.795514
120.4 -0.636976 -0.806515
120.5 -0.427352 -0.814897
120.6 -0.064996 -0.819001
120.7 0.605815 -0.815311
120.8 1.50202 -0.798769
120.9 1.90135 -0.771209
121 1.9844 -0.740481
121.1 2.00444 -0.709342
121.2 2.00429 -0.678195
121.3 1.9973 -0.647152
121.4 1.988 -0.616251
121.5 1.97789 -0.585505
121.6 1.96746 -0.55492
121.7 1.95687 -0.524498
121.8 1.94616 -0.494242
121.9 1.93534 -0.464152
122 1.92442 -0.434231
122.1 1.91339 -0.404481
122.2 1.90225 -0.374902
122.3 1.891 -0.345496
122.4 1.87963 -0.316266
122.5 1.86814 -0.287213
122.6 1.85652 -0.25834
122.7 1.84478 -0.229647
122.8 1.83289 -0.201138
122.9 1.82087 -0.172813
123 1.8087 -0.144677
123.1 1.79639 -0.11673
123.2 1.78391 -0.0889754
123.3 1.77127 -0.0614155
123.4 1.75846 -0.0340529
123.5 1.74547 -0.0068903
123.6 1.73229 0.0200695
123.7 1.71892 0.0468236
123.8 1.70535 0.0733687
123.9 1.69156 0.0997018
124 1.67754 0.125819
124.1 1.66329 0.151718
124.2 1.64878 0.177393
124.3 1.63401 0.202842
124.4 1.61896 0.228059
124.5 1.60361 0.253041
124.6 1.58794 0.277782
124.7 1.57194 0.302278
124.8 1.55556 0.326523
124.9 1.5388 0.35051
125 1.52162 0.374235
125.1 1.50399 0.39769
125.2 1.48586 0.420868
125.3 1.4672 0.443761
125.4 1.44795 0.46636
125.5 1.42806 0.488656
125.6 1.40745 0.510638
125.7 1.38605 0.532294
125.8 1.36376 0.553612
125.9 1.34046 0.574576
126 1.316 0.59517
126.1 1.29023 0.615376
126.2 1.26291 0.63517
126.3 1.23377 0.654526
126.4 1.20244 0.673415
126.5 1.16844 0.691798
126.6 1.13111 0.709629
126.7 1.08951 0.726849
126.8 1.04228 0.743383
126.9 0.987357 0.759128
127 0.921405 0.773942
127.1 0.838755 0.787614
127.2 0.728966 0.799812
127.3 0.570999 0.809973
127.4 0.318136 0.817041
127.5 -0.137198 0.81882
127.6 -0.943186 0.810879
127.7 -1.72981 0.789469
127.8 -1.94369 0.759946
127.9 -1.99527 0.728985
128 -2.00556 0.697823
128.1 -2.00211 0.666707
128.2 -1.994 0.635714
128.3 -1.98431 0.60487
128.4 -1.97406 0.574183
128.5 -1.96356 0.543658
128.6 -1.95292 0.513298
128.7 -1.94217 0.483103
128.8 -1.93132 0.453075
128.9 -1.92036 0.423217
129 -1.90929 0.393529
129.1 -1.89811 0.364014
129.2 -1.88681 0.334674
129.3 -1.8754 0.305509
129.4 -1.86386 0.276522
129.5 -1.8522 0.247715
129.6 -1.8404 0.21909
129.7 -1.82847 0.190649
129.8 -1.81639 0.162393
129.9 -1.80417 0.134327
130 -1.79179 0.106451
130.1 -1.77926 0.0787678
130.2 -1.76656 0.0512805
130.3 -1.75368 0.0239915
130.4 -1.74062 -0.00309655
130.5 -1.72738 -0.0299807
130.6 -1.71393 -0.0566579
130.7 -1.70028 -0.0831251
130.8 -1.68641 -0.109379
130.9 -1.6723 -0.135416
131 -1.65796 -0.161232
131.1 -1.64336 -0.186824
131.2 -1.62848 -0.212188
131.3 -1.61332 -0.237319
131.4 -1.59786 -0.262212
131.5 -1.58207 -0.286863
131.6 -1.56593 -0.311267
131.7 -1.54942 -0.335418
131.8 -1.53251 -0.359309
131.9 -1.51516 -0.382935
132 -1.49735 -0.406289
132.1 -1.47903 -0.429362
132.2 -1.46016 -0.452147
132.3 -1.44068 -0.474636
132.4 -1.42053 -0.496817
132.5 -1.39964 -0.518679
132.6 -1.37792 -0.540212
132.7 -1.35527 -0.561401
132.8 -1.33156 -0.582231
132.9 -1.30664 -0.602684
133 -1.28033 -0.62274
133.1 -1.25237 -0.642376
133.2 -1.22247 -0.661563
133.3 -1.19022 -0.68027
133.4 -1.15508 -0.698454
133.5 -1.11629 -0.716067
133.6 -1.0728 -0.733044
133.7 -1.02302 -0.7493
133.8 -0.964503 -0.764721
133.9 -0.893221 -0.779142
134 -0.80214 -0.792316
134.1 -0.677883 -0.803846
134.2 -0.492503 -0.813028
134.3 -0.182114 -0.818491
134.4 0.391994 -0.817331
134.5 1.28658 -0.804451
134.6 1.85596 -0.779028
134.7 1.9728 -0.748586
134.8 2.00233 -0.717487
134.9 2.00538 -0.686324
135 1.99948 -0.655248
135.1 1.99055 -0.624307
135.2 1.98057 -0.59352
135.3 1.9702 -0.562893
135.4 1.95965 -0.532429
135.5 1.94897 -0.502129
135.6 1.93818 -0.471996
135.7 1.92728 -0.44203
135.8 1.91628 -0.412235
135.9 1.90517 -0.382611
136 1.89395 -0.35316
136.1 1.88261 -0.323884
136.2 1.87115 -0.294785
136.3 1.85957 -0.265864
136.4 1.84786 -0.237124
136.5 1.83601 -0.208566
136.6 1.82403 -0.180194
136.7 1.8119 -0.152008
136.8 1.79962 -0.124011
136.9 1.78718 -0.0962063
137 1.77459 -0.0685953
137.1 1.76182 -0.0411809
137.2 1.74888 -0.0139657
137.3 1.73575 0.0130473
137.4 1.72244 0.0398554
137.5 1.70892 0.0664555
137.6 1.69518 0.0928442
137.7 1.68123 0.119018
137.8 1.66704 0.144974
137.9 1.6526 0.170708
138 1.6379 0.196217
138.1 1.62292 0.221495
138.2 1.60765 0.246538
138.3 1.59207 0.271343
138.4 1.57615 0.295903
138.5 1.55988 0.320214
138.6 1.54322 0.34427
138.7 1.52615 0.368064
138.8 1.50864 0.39159
138.9 1.49065 0.414842
139 1.47213 0.43781
139.1 1.45304 0.460486
139.2 1.43332 0.482862
139.3 1.41291 0.504927
139.4 1.39172 0.526669
139.5 1.36967 0.548077
139.6 1.34665 0.569135
139.7 1.32251 0.589828
139.8 1.2971 0.610137
139.9 1.27021 0.630041
140 1.24158 0.649514
140.1 1.21086 0.668528
140.2 1.17761 0.687047
140.3 1.14123 0.705028
140.4 1.10085 0.722414
140.5 1.05526 0.739136
140.6 1.0026 0.755099
140.7 0.939955 0.770173
140.8 0.862417 0.784169
140.9 0.761158 0.796794
141 0.618823 0.807562
141.1 0.397801 0.815586
141.2 0.0108692 0.819065
141.3 -0.700842 0.814219
141.4 -1.57882 0.796198
141.5 -1.9151 0.767939
141.6 -1.98793 0.737132
141.7 -2.00489 0.705984
141.8 -2.0037 0.674846
141.9 -1.99636 0.643817
142 -1.98693 0.612932
142.1 -1.97677 0.582204
142.2 -1.96633 0.551636
142.3 -1.95572 0.521232
142.4 -1.945 0.490994
142.5 -1.93417 0.460922
142.6 -1.92324 0.43102
142.7 -1.9122 0.401287
142.8 -1.90105 0.371727
142.9 -1.88978 0.34234
143 -1.8784 0.313129
143.1 -1.8669 0.284095
143.2 -1.85526 0.255241
143.3 -1.8435 0.226568
143.4 -1.83161 0.198079
143.5 -1.81957 0.169775
143.6 -1.80738 0.141658
143.7 -1.79505 0.113732
143.8 -1.78256 0.0859983
143.9 -1.7699 0.0584596
144 -1.75707 0.0311183
144.1 -1.74406 0.00397741
144.2 -1.73086 -0.0229604
144.3 -1.71747 -0.0496921
144.4 -1.70387 -0.0762146
144.5 -1.69006 -0.102525
144.6 -1.67602 -0.128619
144.7 -1.66174 -0.154493
144.8 -1.64721 -0.180144
144.9 -1.63241 -0.205568
145 -1.61732 -0.23076
145.1 -1.60194 -0.255717
145.2 -1.58624 -0.280432
145.3 -1.57019 -0.304901
145.4 -1.55378 -0.329118
145.5 -1.53697 -0.353078
145.6 -1.51975 -0.376774
145.7 -1.50206 -0.4002
145.8 -1.48388 -0.423347
145.9 -1.46516 -0.446209
146 -1.44584 -0.468776
146.1 -1.42588 -0.491038
146.2 -1.40519 -0.512986
146.3 -1.3837 -0.534606
146.4 -1.3613 -0.555886
146.5 -1.33788 -0.576812
146.6 -1.3133 -0.597365
146.7 -1.28737 -0.617527
146.8 -1.25987 -0.637276
146.9 -1.23051 -0.656584
147 -1.19892 -0.67542
147.1 -1.1646 -0.693745
147.2 -1.12685 -0.711514
147.3 -1.08472 -0.728664
147.4 -1.03678 -0.745119
147.5 -0.98086 -0.760771
147.6 -0.91344 -0.775474
147.7 -0.82849 -0.789005
147.8 -0.714803 -0.801017
147.9 -0.549555 -0.810909
148 -0.281598 -0.817542
148.1 0.205719 -0.818535
148.2 1.04511 -0.809211
148.3 1.77658 -0.786523
148.4 1.9538 -0.756642
148.5 1.99783 -0.725629
148.6 2.00568 -0.694464
148.7 2.0014 -0.663359
148.8 1.99301 -0.632382
148.9 1.98323 -0.601554
149 1.97294 -0.570884
149.1 1.96242 -0.540377
149.2 1.95177 -0.510034
149.3 1.94101 -0.479857
149.4 1.93014 -0.449848
149.5 1.91917 -0.420008
149.6 1.90809 -0.390339
149.7 1.8969 -0.360843
149.8 1.88559 -0.331521
149.9 1.87416 -0.302375
150 1.86261 -0.273407
150.1 1.85093 -0.24462
150.2 1.83912 -0.216014
150.3 1.82717 -0.187593
150.4 1.81508 -0.159358
150.5 1.80284 -0.131312
150.6 1.79045 -0.103457
150.7 1.7779 -0.0757948
150.8 1.76518 -0.0483287
150.9 1.75228 -0.0210613
151 1.7392 0.00600492
151.1 1.72594 0.0328669
151.2 1.71247 0.0595216
151.3 1.69879 0.0859659
151.4 1.6849 0.112197
151.5 1.67077 0.13821
151.6 1.6564 0.164002
151.7 1.64177 0.18957
151.8 1.62686 0.214909
151.9 1.61167 0.240014
152 1.59617 0.264882
152.1 1.58034 0.289506
152.2 1.56417 0.313883
152.3 1.54761 0.338006
152.4 1.53066 0.361869
152.5 1.51326 0.385466
152.6 1.4954 0.40879
152.7 1.47703 0.431833
152.8 1.45809 0.454586
152.9 1.43854 0.477042
153 1.41832 0.499189
153.1 1.39734 0.521017
153.2 1.37553 0.542513
153.3 1.35277 0.563664
153.4 1.32894 0.584454
153.5 1.30388 0.604866
153.6 1.2774 0.624878
153.7 1.24925 0.644466
153.8 1.21911 0.663604
153.9 1.18658 0.682256
154 1.15109 0.700382
154.1 1.11185 0.71793
154.2 1.06777 0.734833
154.3 1.01719 0.751005
154.4 0.957524 0.766327
154.5 0.884521 0.780628
154.6 0.790668 0.793648
154.7 0.661555 0.804965
154.8 0.466739 0.81383
154.9 0.136205 0.818758
155 -0.476869 0.816604
155.1 -1.3796 0.802215
155.2 -1.87751 0.775836
155.3 -1.97828 0.745254
155.4 -2.00343 0.714135
155.5 -2.00501 0.682977
155.6 -1.99861 0.651914
155.7 -1.98951 0.62099
155.8 -1.97947 0.59022
155.9 -1.96908 0.55961
156 -1.9585 0.529163
156.1 -1.94781 0.498881
156.2 -1.93701 0.468765
156.3 -1.92611 0.438818
156.4 -1.91509 0.409041
156.5 -1.90397 0.379436
156.6 -1.89274 0.350004
156.7 -1.88139 0.320747
156.8 -1.86991 0.291666
156.9 -1.85832 0.262765
157 -1.84659 0.234044
157.1 -1.83473 0.205507
157.2 -1.82273 0.177154
157.3 -1.81058 0.148988
157.4 -1.79829 0.121012
157.5 -1.78584 0.093228
157.6 -1.77322 0.0656381
157.7 -1.76044 0.038245
157.8 -1.74748 0.0110514
157.9 -1.73433 -0.0159398
158 -1.72099 -0.0427256
158.1 -1.70745 -0.0693031
158.2 -1.69369 -0.0956689
158.3 -1.67971 -0.12182
158.4 -1.6655 -0.147752
158.5 -1.65103 -0.173462
158.6 -1.6363 -0.198946
158.7 -1.62129 -0.224199
158.8 -1.60599 -0.249217
158.9 -1.59037 -0.273996
159 -1.57442 -0.29853
159.1 -1.5581 -0.322813
159.2 -1.54141 -0.346841
159.3 -1.52429 -0.370607
159.4 -1.50673 -0.394104
159.5 -1.48868 -0.417325
159.6 -1.47011 -0.440262
159.7 -1.45095 -0.462907
159.8 -1.43116 -0.48525
159.9 -1.41067 -0.507281
160 -1.3894 -0.528988
160.1 -1.36725 -0.550358
160.2 -1.34411 -0.571378
160.3 -1.31984 -0.59203
160.4 -1.29429 -0.612297
160.5 -1.26722 -0.632156
160.6 -1.23838 -0.651581
160.7 -1.20742 -0.670544
160.8 -1.17387 -0.689007
160.9 -1.1371 -0.706927
161 -1.09623 -0.724245
161.1 -1.04998 -0.740891
161.2 -0.996412 -0.756765
161.3 -0.932446 -0.771734
161.4 -0.852879 -0.785598
161.5 -0.748258 -0.798052
161.6 -0.599811 -0.808578
161.7 -0.366441 -0.816224
161.8 0.0471066 -0.819036
161.9 0.79907 -0.812964
162 1.64733 -0.793505
162.1 1.92753 -0.764655
162.2 1.99113 -0.733779
162.3 2.00523 -0.702624
162.4 2.00307 -0.671495
162.5 1.99539 -0.640481
162.6 1.98586 -0.609612
162.7 1.97566 -0.578901
162.8 1.96519 -0.548351
162.9 1.95457 -0.517965
163 1.94384 -0.487744
163.1 1.933 -0.457691
163.2 1.92205 -0.427807
163.3 1.911 -0.398093
163.4 1.89984 -0.368551
163.5 1.88856 -0.339183
163.6 1.87717 -0.309991
163.7 1.86565 -0.280977
163.8 1.854 -0.252142
163.9 1.84223 -0.223488
164 1.83032 -0.195019
164.1 1.81826 -0.166735
164.2 1.80606 -0.138639
164.3 1.79371 -0.110733
164.4 1.7812 -0.0830206
164.5 1.76852 -0.055503
164.6 1.75568 -0.0281832
164.7 1.74265 -0.00106404
164.8 1.72943 0.0258517
164.9 1.71602 0.052561
165 1.7024 0.0790607
165.1 1.68856 0.105348
165.2 1.67449 0.131418
165.3 1.66019 0.157269
165.4 1.64562 0.182896
165.5 1.63079 0.208295
165.6 1.61568 0.233462
165.7 1.60026 0.258392
165.8 1.58452 0.283081
165.9 1.56844 0.307523
166 1.55199 0.331713
166.1 1.53514 0.355645
166.2 1.51786 0.379312
166.3 1.50013 0.402708
166.4 1.48189 0.425826
166.5 1.46311 0.448656
166.6 1.44372 0.47119
166.7 1.42368 0.493419
166.8 1.40291 0.515332
166.9 1.38133 0.536916
167 1.35883 0.558159
167.1 1.33529 0.579045
167.2 1.31057 0.599558
167.3 1.28448 0.619676
167.4 1.2568 0.639378
167.5 1.22722 0.658637
167.6 1.19536 0.67742
167.7 1.16071 0.695688
167.8 1.12255 0.713393
167.9 1.07987 0.730473
168 1.03119 0.746847
168.1 0.974226 0.762405
168.2 0.905268 0.776994
168.3 0.817891 0.790381
168.4 0.700051 0.8022
168.5 0.526959 0.811809
168.6 0.242576 0.817981
168.7 -0.278972 0.818131
168.8 -1.14631 0.807371
168.9 -1.81469 0.783489
169 -1.96264 0.75333
169.1 -2.00001 0.722276
169.2 -2.00566 0.691109
169.3 -2.00064 0.660016
169.4 -1.99201 0.629054
169.5 -1.98214 0.598243
169.6 -1.97181 0.56759
169.7 -1.96128 0.537101
169.8 -1.95062 0.506776
169.9 -1.93984 0.476617
170 -1.92897 0.446625
170.1 -1.91798 0.416804
170.2 -1.90689 0.387153
170.3 -1.89568 0.357676
170.4 -1.88436 0.328373
170.5 -1.87292 0.299246
170.6 -1.86136 0.270298
170.7 -1.84967 0.24153
170.8 -1.83784 0.212944
170.9 -1.82588 0.184543
171 -1.81377 0.156328
171.1 -1.80152 0.128302
171.2 -1.78911 0.100468
171.3 -1.77653 0.0728267
171.4 -1.7638 0.0453819
171.5 -1.75088 0.018136
171.6 -1.73778 -0.00890833
171.7 -1.7245 -0.0357481
171.8 -1.71101 -0.0623803
171.9 -1.69731 -0.0888018
172 -1.68339 -0.115009
172.1 -1.66923 -0.140999
172.2 -1.65483 -0.166767
172.3 -1.64018 -0.19231
172.4 -1.62524 -0.217624
172.5 -1.61002 -0.242704
172.6 -1.59448 -0.267546
172.7 -1.57862 -0.292144
172.8 -1.5624 -0.316494
172.9 -1.54581 -0.340589
173 -1.5288 -0.364424
173.1 -1.51136 -0.387992
173.2 -1.49345 -0.411286
173.3 -1.47501 -0.434298
173.4 -1.45602 -0.45702
173.5 -1.4364 -0.479443
173.6 -1.4161 -0.501556
173.7 -1.39503 -0.523349
173.8 -1.37312 -0.544809
173.9 -1.35025 -0.565922
174 -1.3263 -0.586672
174.1 -1.3011 -0.607041
174.2 -1.27445 -0.627008
174.3 -1.2461 -0.64655
174.4 -1.21573 -0.665637
174.5 -1.18291 -0.684235
174.6 -1.14706 -0.702301
174.7 -1.10736 -0.719783
174.8 -1.06267 -0.736612
174.9 -1.01126 -0.752699
175 -0.950399 -0.76792
175.1 -0.875592 -0.782097
175.2 -0.778812 -0.794958
175.3 -0.644512 -0.806056
175.4 -0.439505 -0.814587
175.5 -0.0870912 -0.818946
175.6 0.566229 -0.815732
175.7 1.46675 -0.799833
175.8 1.89484 -0.772604
175.9 1.98273 -0.741915
176 2.00419 -0.710781
176.1 2.00452 -0.67963
176.2 1.9977 -0.648581
176.3 1.98845 -0.617673
176.4 1.97836 -0.58692
176.5 1.96795 -0.556327
176.6 1.95736 -0.525898
176.7 1.94666 -0.495634
176.8 1.93584 -0.465537
176.9 1.92493 -0.435608
177 1.9139 -0.405849
177.1 1.90277 -0.376262
177.2 1.89152 -0.346849
177.3 1.88016 -0.31761
177.4 1.86867 -0.288549
177.5 1.85706 -0.259667
177.6 1.84532 -0.230966
177.7 1.83344 -0.202449
177.8 1.82143 -0.174116
177.9 1.80927 -0.145971
178 1.79696 -0.118015
178.1 1.78449 -0.0902514
178.2 1.77186 -0.0626825
178.3 1.75905 -0.0353107
178.4 1.74607 -0.00813879
178.5 1.73291 0.0188304
178.6 1.71955 0.045594
178.7 1.70598 0.0721489
178.8 1.6922 0.0984918
178.9 1.67819 0.124619
179 1.66395 0.150528
179.1 1.64946 0.176214
179.2 1.6347 0.201673
179.3 1.61966 0.226901
179.4 1.60433 0.251894
179.5 1.58867 0.276646
179.6 1.57268 0.301153
179.7 1.55633 0.32541
179.8 1.53959 0.34941
179.9 1.52243 0.373147
180 1.50481 0.396615
180.1 1.48671 0.419806
180.2 1.46808 0.442712
180.3 1.44886 0.465324
180.4 1.42899 0.487634
180.5 1.40842 0.509631
180.6 1.38706 0.531302
180.7 1.36481 0.552636
180.8 1.34155 0.573617
180.9 1.31716 0.594229
181 1.29145 0.614453
181.1 1.26421 0.634266
181.2 1.23516 0.653644
181.3 1.20394 0.672555
181.4 1.17008 0.690962
181.5 1.13292 0.708819
181.6 1.09154 0.726069
181.7 1.04461 0.742637
181.8 0.990101 0.758421
181.9 0.924758 0.773282
182 0.843058 0.787012
182.1 0.734867 0.799288
182.2 0.57986 0.809562
182.3 0.333091 0.816808
182.4 -0.109228 0.818907
182.5 -0.89963 0.811541
182.6 -1.70701 0.790702
182.7 -1.93904 0.761361
182.8 -1.99408 0.730423
182.9 -2.00548 0.699263
183 -2.0024 0.668143
183.1 -1.99442 0.637144
183.2 -1.98478 0.606293
183.3 -1.97454 0.575599
183.4 -1.96405 0.545066
183.5 -1.95342 0.514698
183.6 -1.94267 0.484495
183.7 -1.93182 0.45446
183.8 -1.92087 0.424594
183.9 -1.9098 0.394898
184 -1.89863 0.365375
184.1 -1.88734 0.336026
184.2 -1.87593 0.306853
184.3 -1.8644 0.277858
184.4 -1.85274 0.249043
184.5 -1.84095 0.220409
184.6 -1.82902 0.191959
184.7 -1.81695 0.163696
184.8 -1.80474 0.13562
184.9 -1.79237 0.107735
185 -1.77984 0.0800434
185.1 -1.76715 0.052547
185.2 -1.75428 0.0252487
185.3 -1.74123 -0.00184865
185.4 -1.72799 -0.0287423
185.5 -1.71456 -0.0554291
185.6 -1.70091 -0.0819061
185.7 -1.68705 -0.10817
185.8 -1.67296 -0.134217
185.9 -1.65863 -0.160044
186 -1.64404 -0.185646
186.1 -1.62918 -0.21102
186.2 -1.61403 -0.236162
186.3 -1.59858 -0.261067
186.4 -1.58281 -0.285729
186.5 -1.56668 -0.310144
186.6 -1.55019 -0.334307
186.7 -1.5333 -0.35821
186.8 -1.51597 -0.381849
186.9 -1.49819 -0.405215
187 -1.47989 -0.428302
187.1 -1.46105 -0.451101
187.2 -1.4416 -0.473603
187.3 -1.42148 -0.495798
187.4 -1.40063 -0.517676
187.5 -1.37895 -0.539224
187.6 -1.35634 -0.560429
187.7 -1.33268 -0.581276
187.8 -1.30783 -0.601747
187.9 -1.28158 -0.621822
188 -1.25371 -0.641477
188.1 -1.2239 -0.660686
188.2 -1.19177 -0.679416
188.3 -1.15678 -0.697626
188.4 -1.11818 -0.715266
188.5 -1.07494 -0.732274
188.6 -1.0255 -0.748566
188.7 -0.967451 -0.764028
188.8 -0.896883 -0.7785
188.9 -0.806943 -0.79174
189 -0.684674 -0.803357
189.1 -0.503122 -0.812671
189.2 -0.200867 -0.818353
189.3 0.357051 -0.817599
189.4 1.24525 -0.805362
189.5 1.84503 -0.78038
189.6 1.97006 -0.750011
189.7 2.00173 -0.718923
189.8 2.0055 -0.687759
189.9 1.99984 -0.656677
190 1.99099 -0.625731
190.1 1.98104 -0.594936
190.2 1.97069 -0.564302
190.3 1.96014 -0.533829
190.4 1.94946 -0.503522
190.5 1.93868 -0.473381
190.6 1.92779 -0.443408
190.7 1.91679 -0.413605
190.8 1.90569 -0.383973
190.9 1.89447 -0.354514
191 1.88314 -0.32523
191.1 1.87168 -0.296122
191.2 1.86011 -0.267193
191.3 1.8484 -0.238445
191.4 1.83656 -0.209879
191.5 1.82458 -0.181498
191.6 1.81246 -0.153303
191.7 1.80019 -0.125298
191.8 1.78776 -0.0974839
191.9 1.77517 -0.0698639
192 1.76241 -0.0424404
192.1 1.74948 -0.015216
192.2 1.73636 0.0118064
192.3 1.72305 0.038624
192.4 1.70954 0.0652337
192.5 1.69582 0.0916323
192.6 1.68188 0.117816
192.7 1.6677 0.143783
192.8 1.65327 0.169527
192.9 1.63858 0.195046
193 1.62362 0.220334
193.1 1.60836 0.245389
193.2 1.59279 0.270205
193.3 1.57689 0.294777
193.4 1.56064 0.319099
193.5 1.544 0.343167
193.6 1.52695 0.366973
193.7 1.50946 0.390512
193.8 1.49149 0.413776
193.9 1.473 0.436757
194 1.45394 0.459447
194.1 1.43425 0.481837
194.2 1.41387 0.503917
194.3 1.39272 0.525674
194.4 1.37071 0.547098
194.5 1.34773 0.568172
194.6 1.32365 0.588882
194.7 1.2983 0.609209
194.8 1.27149 0.629132
194.9 1.24294 0.648626
195 1.21233 0.667662
195.1 1.17921 0.686205
195.2 1.14299 0.704211
195.3 1.10282 0.721626
195.4 1.0575 0.738381
195.5 1.00522 0.754381
195.6 0.943123 0.7695
195.7 0.866424 0.783551
195.8 0.766547 0.796248
195.9 0.626705 0.807117
196 0.41068 0.815297
196.1 0.034526 0.819049
196.2 -0.659672 0.814707
196.3 -1.54687 0.797315
196.4 -1.90941 0.769343
196.5 -1.98647 0.738569
196.6 -2.00471 0.707424
196.7 -2.00396 0.676281
196.8 -1.99676 0.645247
196.9 -1.98739 0.614355
197 -1.97725 0.583619
197.1 -1.96681 0.553044
197.2 -1.95621 0.522633
197.3 -1.9455 0.492386
197.4 -1.93467 0.462307
197.5 -1.92375 0.432397
197.6 -1.91271 0.402656
197.7 -1.90157 0.373088
197.8 -1.89031 0.343693
197.9 -1.87893 0.314474
198 -1.86743 0.285432
198.1 -1.8558 0.256569
198.2 -1.84405 0.227888
198.3 -1.83216 0.19939
198.4 -1.82013 0.171077
198.5 -1.80795 0.142952
198.6 -1.79562 0.115017
198.7 -1.78314 0.0872746
198.8 -1.77049 0.0597268
198.9 -1.75767 0.0323764
199 -1.74467 0.00522617
199.1 -1.73148 -0.0217211
199.2 -1.7181 -0.0484624
199.3 -1.70451 -0.0749946
199.4 -1.6907 -0.101314
199.5 -1.67667 -0.127419
199.6 -1.6624 -0.153303
199.7 -1.64788 -0.178965
199.8 -1.6331 -0.204399
199.9 -1.61803 -0.229602
200 -1.60266 -0.254569
