0 2 0
0.1 1.79562 0.0286552
0.2 1.73436 0.0558114
0.3 1.70679 0.082373
0.4 1.68871 0.108605
0.5 1.67333 0.134584
0.6 1.6586 0.160333
0.7 1.64391 0.185855
0.8 1.62904 0.211149
0.9 1.61392 0.236211
1 1.59851 0.261037
1.1 1.58278 0.285622
1.2 1.5667 0.309962
1.3 1.55026 0.33405
1.4 1.53342 0.357882
1.5 1.51615 0.381449
1.6 1.49842 0.404746
1.7 1.48019 0.427766
1.8 1.4614 0.450499
1.9 1.44202 0.472938
2 1.42198 0.495072
2.1 1.4012 0.51689
2.2 1.37961 0.538382
2.3 1.3571 0.559532
2.4 1.33354 0.580327
2.5 1.3088 0.600748
2.6 1.28268 0.620777
2.7 1.25495 0.64039
2.8 1.22531 0.65956
2.9 1.19337 0.678255
3 1.15861 0.696435
3.1 1.12029 0.714052
3.2 1.07741 0.731042
3.3 1.02843 0.747325
3.4 0.971013 0.76279
3.5 0.90135 0.777279
3.6 0.812801 0.790556
3.7 0.692853 0.802245
3.8 0.515584 0.811685
3.9 0.222034 0.817601
4 -0.319196 0.817296
4.1 -1.20085 0.805784
4.2 -1.83274 0.781353
4.3 -1.96657 0.751157
4.4 -2.00071 0.72018
4.5 -2.00541 0.689113
4.6 -2.00011 0.658124
4.7 -1.99141 0.627266
4.8 -1.98154 0.59656
4.9 -1.97124 0.566011
5 -1.96073 0.535625
5.1 -1.95009 0.505402
5.2 -1.93935 0.475344
5.3 -1.9285 0.445453
5.4 -1.91754 0.41573
5.5 -1.90648 0.386178
5.6 -1.89531 0.356797
5.7 -1.88402 0.327591
5.8 -1.87261 0.298559
5.9 -1.86108 0.269705
6 -1.84942 0.24103
6.1 -1.83762 0.212536
6.2 -1.82569 0.184226
6.3 -1.81362 0.156101
6.4 -1.8014 0.128164
6.5 -1.78903 0.100417
6.6 -1.7765 0.0728622
6.7 -1.7638 0.0455025
6.8 -1.75092 0.0183405
6.9 -1.73786 -0.00862112
7 -1.72462 -0.0353795
7.1 -1.71117 -0.0619316
7.2 -1.69752 -0.0882742
7.3 -1.68364 -0.114404
7.4 -1.66953 -0.140318
7.5 -1.65518 -0.166012
7.6 -1.64058 -0.191482
7.7 -1.6257 -0.216724
7.8 -1.61053 -0.241734
7.9 -1.59505 -0.266507
8 -1.57925 -0.291038
8.1 -1.56309 -0.315323
8.2 -1.54656 -0.339355
8.3 -1.52963 -0.363128
8.4 -1.51226 -0.386637
8.5 -1.49442 -0.409873
8.6 -1.47607 -0.43283
8.7 -1.45716 -0.455498
8.8 -1.43764 -0.47787
8.9 -1.41744 -0.499935
9 -1.39649 -0.521682
9.1 -1.3747 -0.543099
9.2 -1.35197 -0.564172
9.3 -1.32817 -0.584886
9.4 -1.30313 -0.605222
9.5 -1.27668 -0.625161
9.6 -1.24855 -0.644679
9.7 -1.21844 -0.663746
9.8 -1.18593 -0.682331
9.9 -1.15045 -0.70039
10 -1.11123 -0.717874
10.1 -1.06714 -0.734716
10.2 -1.01653 -0.750828
10.3 -0.956804 -0.766092
10.4 -0.883669 -0.780336
10.5 -0.789545 -0.793301
10.6 -0.659852 -0.804563
10.7 -0.463711 -0.813364
10.8 -0.1299 -0.818209
10.9 0.490442 -0.815913
11 1.39573 -0.801315
11.1 1.88092 -0.774849
11.2 1.97877 -0.744337
11.3 2.0033 -0.713312
11.4 2.00477 -0.682254
11.5 1.99837 -0.651291
11.6 1.9893 -0.620465
11.7 1.97929 -0.589794
11.8 1.96893 -0.559281
11.9 1.95839 -0.52893
12 1.94773 -0.498743
12.1 1.93696 -0.468722
12.2 1.92609 -0.438868
12.3 1.91511 -0.409183
12.4 1.90402 -0.379669
12.5 1.89282 -0.350327
12.6 1.88151 -0.321158
12.7 1.87007 -0.292166
12.8 1.85851 -0.263351
12.9 1.84682 -0.234716
13 1.835 -0.206263
13.1 1.82304 -0.177993
13.2 1.81093 -0.14991
13.3 1.79868 -0.122014
13.4 1.78627 -0.0943095
13.5 1.7737 -0.0667977
13.6 1.76096 -0.0394815
13.7 1.74805 -0.0123636
13.8 1.73495 0.0145534
13.9 1.72166 0.0412664
14 1.70817 0.0677725
14.1 1.69447 0.0940684
14.2 1.68054 0.120151
14.3 1.66638 0.146016
14.4 1.65198 0.171661
14.5 1.63731 0.197081
14.6 1.62237 0.222272
14.7 1.60713 0.24723
14.8 1.59159 0.27195
14.9 1.57571 0.296428
15 1.55947 0.320657
15.1 1.54285 0.344632
15.2 1.52583 0.368347
15.3 1.50836 0.391796
15.4 1.49041 0.414971
15.5 1.47194 0.437865
15.6 1.4529 0.460469
15.7 1.43324 0.482774
15.8 1.41288 0.50477
15.9 1.39175 0.526445
16 1.36976 0.547787
16.1 1.34681 0.568782
16.2 1.32275 0.589414
16.3 1.29742 0.609665
16.4 1.27062 0.629512
16.5 1.24208 0.648933
16.6 1.21148 0.667897
16.7 1.17837 0.686369
16.8 1.14214 0.704307
16.9 1.10195 0.721655
17 1.05659 0.738344
17.1 1.00423 0.75428
17.2 0.941991 0.769336
17.3 0.865034 0.783324
17.4 0.764668 0.795957
17.5 0.623831 0.806756
17.6 0.405586 0.814852
17.7 0.0241094 0.818478
17.8 -0.680137 0.813913
17.9 -1.56483 0.796243
18 -1.91228 0.768189
18.1 -1.98687 0.737491
18.2 -2.00454 0.706443
18.3 -2.00367 0.675401
18.4 -1.99648 0.644466
18.5 -1.98713 0.613674
18.6 -1.97702 0.583037
18.7 -1.96661 0.55256
18.8 -1.95604 0.522246
18.9 -1.94536 0.492095
19 -1.93457 0.462111
19.1 -1.92367 0.432294
19.2 -1.91267 0.402647
19.3 -1.90156 0.37317
19.4 -1.89033 0.343866
19.5 -1.87899 0.314737
19.6 -1.86753 0.285783
19.7 -1.85594 0.257008
19.8 -1.84422 0.228413
19.9 -1.83237 0.2
20 -1.82038 0.171772
20.1 -1.80824 0.143729
20.2 -1.79595 0.115876
20.3 -1.78351 0.0882136
20.4 -1.7709 0.0607448
20.5 -1.75813 0.0334722
20.6 -1.74517 0.00639841
20.7 -1.73203 -0.0204737
20.8 -1.7187 -0.0471413
20.9 -1.70516 -0.0736012
21 -1.69141 -0.0998503
21.1 -1.67743 -0.125885
21.2 -1.66322 -0.151702
21.3 -1.64876 -0.177297
21.4 -1.63403 -0.202667
21.5 -1.61903 -0.227807
21.6 -1.60372 -0.252713
21.7 -1.58811 -0.27738
21.8 -1.57215 -0.301803
21.9 -1.55583 -0.325977
22 -1.53913 -0.349895
22.1 -1.52201 -0.373552
22.2 -1.50444 -0.396941
22.3 -1.48638 -0.420055
22.4 -1.46779 -0.442885
22.5 -1.44861 -0.465424
22.6 -1.4288 -0.487662
22.7 -1.40828 -0.509588
22.8 -1.38697 -0.53119
22.9 -1.36478 -0.552457
23 -1.34159 -0.573373
23.1 -1.31726 -0.593922
23.2 -1.29163 -0.614086
23.3 -1.26447 -0.633841
23.4 -1.23551 -0.653164
23.5 -1.2044 -0.672023
23.6 -1.17065 -0.690381
23.7 -1.13363 -0.708193
23.8 -1.09242 -0.725402
23.9 -1.0457 -0.741934
24 -0.99146 -0.757688
24.1 -0.926478 -0.772527
24.2 -0.845292 -0.786245
24.3 -0.737892 -0.798523
24.4 -0.584214 -0.808821
24.5 -0.339899 -0.816128
24.6 0.0978187 -0.818359
24.7 0.883989 -0.811234
24.8 1.69976 -0.790652
24.9 1.9371 -0.761453
25 1.99329 -0.73062
25.1 2.00521 -0.699559
25.2 2.00237 -0.668536
25.3 1.99451 -0.637631
25.4 1.98492 -0.606873
25.5 1.97473 -0.576271
25.6 1.96428 -0.54583
25.7 1.95368 -0.515552
25.8 1.94297 -0.485438
25.9 1.93216 -0.455491
26 1.92124 -0.425711
26.1 1.91022 -0.396102
26.2 1.89908 -0.366663
26.3 1.88783 -0.337398
26.4 1.87646 -0.308307
26.5 1.86497 -0.279393
26.6 1.85335 -0.250658
26.7 1.84161 -0.222103
26.8 1.82972 -0.19373
26.9 1.8177 -0.165543
27 1.80553 -0.137542
27.1 1.79321 -0.109731
27.2 1.78073 -0.0821112
27.3 1.76809 -0.0546857
27.4 1.75527 -0.0274568
27.5 1.74228 -0.00042748
27.6 1.7291 0.0263996
27.7 1.71572 0.0530214
27.8 1.70213 0.0794349
27.9 1.68833 0.105637
28 1.67431 0.131624
28.1 1.66004 0.157392
28.2 1.64552 0.182938
28.3 1.63073 0.208257
28.4 1.61566 0.233345
28.5 1.60029 0.258199
28.6 1.5846 0.282812
28.7 1.56857 0.30718
28.8 1.55217 0.331298
28.9 1.53537 0.355159
29 1.51815 0.378757
29.1 1.50048 0.402086
29.2 1.48231 0.425138
29.3 1.46359 0.447904
29.4 1.44428 0.470377
29.5 1.42432 0.492546
29.6 1.40363 0.514402
29.7 1.38213 0.535931
29.8 1.35973 0.557122
29.9 1.3363 0.577958
30 1.3117 0.598424
30.1 1.28575 0.618499
30.2 1.25822 0.638161
30.3 1.22882 0.657383
30.4 1.19717 0.676134
30.5 1.16276 0.694376
30.6 1.1249 0.71206
30.7 1.08261 0.729126
30.8 1.03442 0.745495
30.9 0.978136 0.76106
31 0.910146 0.775671
31.1 0.824248 0.789104
31.2 0.708861 0.801001
31.3 0.540263 0.810748
31.4 0.264982 0.817168
31.5 -0.238488 0.81779
31.6 -1.09386 0.80783
31.7 -1.79674 0.784617
31.8 -1.95793 0.754676
31.9 -1.99861 0.723739
32 -2.00549 0.692671
32.1 -2.00093 0.661669
32.2 -1.99248 0.630795
32.3 -1.9827 0.600071
32.4 -1.97243 0.569505
32.5 -1.96194 0.539099
32.6 -1.95132 0.508857
32.7 -1.94058 0.47878
32.8 -1.92975 0.44887
32.9 -1.91881 0.419128
33 -1.90776 0.389556
33.1 -1.89659 0.360156
33.2 -1.88532 0.330929
33.3 -1.87392 0.301878
33.4 -1.8624 0.273003
33.5 -1.85076 0.244308
33.6 -1.83898 0.215793
33.7 -1.82707 0.187462
33.8 -1.81501 0.159315
33.9 -1.80281 0.131356
34 -1.79046 0.103587
34.1 -1.77794 0.0760106
34.2 -1.76526 0.0486285
34.3 -1.75241 0.0214437
34.4 -1.73937 -0.00554106
34.5 -1.72615 -0.0323229
34.6 -1.71272 -0.0588988
34.7 -1.69909 -0.0852656
34.8 -1.68524 -0.11142
34.9 -1.67116 -0.137359
35 -1.65684 -0.163078
35.1 -1.64226 -0.188574
35.2 -1.62742 -0.213842
35.3 -1.61228 -0.238879
35.4 -1.59684 -0.26368
35.5 -1.58107 -0.288239
35.6 -1.56496 -0.312552
35.7 -1.54848 -0.336613
35.8 -1.53159 -0.360417
35.9 -1.51427 -0.383956
36 -1.49649 -0.407224
36.1 -1.4782 -0.430213
36.2 -1.45936 -0.452915
36.3 -1.43991 -0.475321
36.4 -1.41979 -0.497422
36.5 -1.39893 -0.519206
36.6 -1.37725 -0.540662
36.7 -1.35463 -0.561775
36.8 -1.33095 -0.582531
36.9 -1.30607 -0.602911
37 -1.27979 -0.622897
37.1 -1.25187 -0.642464
37.2 -1.22201 -0.661585
37.3 -1.18979 -0.680226
37.4 -1.15469 -0.698349
37.5 -1.11594 -0.715901
37.6 -1.07249 -0.73282
37.7 -1.02274 -0.749022
37.8 -0.964229 -0.76439
37.9 -0.892932 -0.778763
38 -0.801769 -0.791891
38.1 -0.677279 -0.803378
38.2 -0.49127 -0.812518
38.3 -0.179148 -0.817934
38.4 0.399367 -0.816702
38.5 1.2974 -0.803709
38.6 1.85896 -0.778241
38.7 1.97314 -0.747869
38.8 2.00218 -0.716865
38.9 2.00517 -0.685801
39 1.9993 -0.654824
39.1 1.9904 -0.623982
39.2 1.98046 -0.593292
39.3 1.97012 -0.562761
39.4 1.9596 -0.532391
39.5 1.94895 -0.502186
39.6 1.9382 -0.472145
39.7 1.92733 -0.442272
39.8 1.91637 -0.412568
39.9 1.90529 -0.383034
40 1.89411 -0.353672
40.1 1.8828 -0.324484
40.2 1.87138 -0.295471
40.3 1.85984 -0.266636
40.4 1.84816 -0.23798
40.5 1.83636 -0.209506
40.6 1.82441 -0.181215
40.7 1.81233 -0.15311
40.8 1.80009 -0.125193
40.9 1.7877 -0.0974668
41 1.77515 -0.0699328
41.1 1.76243 -0.0425941
41.2 1.74954 -0.0154534
41.3 1.73646 0.0114867
41.4 1.72319 0.0382232
41.5 1.70972 0.0647531
41.6 1.69605 0.0910732
41.7 1.68215 0.11718
41.8 1.66801 0.143071
41.9 1.65364 0.168741
42 1.639 0.194187
42.1 1.62409 0.219404
42.2 1.60889 0.244389
42.3 1.59338 0.269137
42.4 1.57754 0.293642
42.5 1.56135 0.3179
42.6 1.54477 0.341904
42.7 1.5278 0.36565
42.8 1.51038 0.38913
42.9 1.49249 0.412336
43 1.47408 0.435263
43.1 1.45511 0.4579
43.2 1.43552 0.48024
43.3 1.41524 0.502272
43.4 1.39421 0.523984
43.5 1.37232 0.545365
43.6 1.34948 0.566401
43.7 1.32556 0.587075
43.8 1.30038 0.60737
43.9 1.27376 0.627265
44 1.24544 0.646736
44.1 1.2151 0.665753
44.2 1.1823 0.684284
44.3 1.14646 0.702285
44.4 1.10678 0.719704
44.5 1.06209 0.736472
44.6 1.01065 0.7525
44.7 0.949736 0.767665
44.8 0.874803 0.781787
44.9 0.777756 0.794594
45 0.642876 0.805637
45.1 0.436512 0.814107
45.2 0.080694 0.818384
45.3 -0.579872 0.815029
45.4 -1.48117 0.798937
45.5 -1.89735 0.771648
45.6 -1.98301 0.741037
45.7 -2.00401 0.709999
45.8 -2.00428 0.678948
45.9 -1.99747 0.647998
46 -1.98825 0.617189
46.1 -1.9782 0.586534
46.2 -1.96781 0.556038
46.3 -1.95726 0.525705
46.4 -1.94658 0.495536
46.5 -1.93581 0.465532
46.6 -1.92492 0.435696
46.7 -1.91393 0.406029
46.8 -1.90283 0.376533
46.9 -1.89162 0.347209
47 -1.88029 0.31806
47.1 -1.86884 0.289086
47.2 -1.85727 0.260291
47.3 -1.84557 0.231675
47.4 -1.83373 0.203241
47.5 -1.82175 0.174991
47.6 -1.80964 0.146927
47.7 -1.79737 0.119052
47.8 -1.78494 0.091368
47.9 -1.77235 0.0638769
48 -1.7596 0.0365817
48.1 -1.74666 0.00948505
48.2 -1.73355 -0.0174103
48.3 -1.72023 -0.0441014
48.4 -1.70672 -0.0705853
48.5 -1.69299 -0.0968586
48.6 -1.67905 -0.122918
48.7 -1.66486 -0.14876
48.8 -1.65043 -0.174381
48.9 -1.63573 -0.199777
49 -1.62076 -0.224943
49.1 -1.60549 -0.249876
49.2 -1.58991 -0.274571
49.3 -1.57399 -0.299022
49.4 -1.55772 -0.323224
49.5 -1.54106 -0.347172
49.6 -1.52399 -0.37086
49.7 -1.50647 -0.39428
49.8 -1.48847 -0.417425
49.9 -1.46994 -0.440288
50 -1.45084 -0.462861
50.1 -1.4311 -0.485134
50.2 -1.41066 -0.507096
50.3 -1.38945 -0.528736
50.4 -1.36737 -0.550042
50.5 -1.3443 -0.570999
50.6 -1.32011 -0.591591
50.7 -1.29463 -0.6118
50.8 -1.26766 -0.631603
50.9 -1.23893 -0.650977
51 -1.20808 -0.66989
51.1 -1.17467 -0.688308
51.2 -1.13806 -0.706185
51.3 -1.09739 -0.723466
51.4 -1.05138 -0.74008
51.5 -0.998133 -0.755929
51.6 -0.9346 -0.770881
51.7 -0.855658 -0.784741
51.8 -0.752006 -0.797206
51.9 -0.605207 -0.807769
52 -0.374931 -0.815496
52.1 0.0325425 -0.818473
52.2 0.777135 -0.812708
52.3 1.63457 -0.793605
52.4 1.92474 -0.764945
52.5 1.99009 -0.734178
52.6 2.00491 -0.703123
52.7 2.00306 -0.67209
52.8 1.99553 -0.64117
52.9 1.98607 -0.610394
53 1.97592 -0.579774
53.1 1.96549 -0.549314
53.2 1.9549 -0.519017
53.3 1.94421 -0.488884
53.4 1.93341 -0.458918
53.5 1.9225 -0.429119
53.6 1.91149 -0.39949
53.7 1.90036 -0.370031
53.8 1.88912 -0.340746
53.9 1.87777 -0.311635
54 1.86629 -0.282701
54.1 1.85469 -0.253945
54.2 1.84296 -0.225369
54.3 1.83109 -0.196976
54.4 1.81909 -0.168767
54.5 1.80693 -0.140745
54.6 1.79463 -0.112912
54.7 1.78217 -0.0852698
54.8 1.76955 -0.0578219
54.9 1.75675 -0.0305704
55 1.74378 -0.00351799
55.1 1.73062 0.0233324
55.2 1.71726 0.049978
55.3 1.7037 0.0764155
55.4 1.68993 0.102642
55.5 1.67593 0.128654
55.6 1.66169 0.154447
55.7 1.6472 0.180018
55.8 1.63244 0.205364
55.9 1.61741 0.230479
56 1.60207 0.25536
56.1 1.58642 0.280001
56.2 1.57042 0.304398
56.3 1.55407 0.328544
56.4 1.53732 0.352435
56.5 1.52015 0.376064
56.6 1.50253 0.399424
56.7 1.48442 0.422507
56.8 1.46577 0.445307
56.9 1.44653 0.467814
57 1.42664 0.490019
57.1 1.40604 0.511911
57.2 1.38464 0.533478
57.3 1.36235 0.554709
57.4 1.33905 0.575586
57.5 1.31459 0.596095
57.6 1.2888 0.616216
57.7 1.26147 0.635927
57.8 1.2323 0.655201
57.9 1.20093 0.674008
58 1.16687 0.692311
58.1 1.12945 0.710061
58.2 1.08772 0.727202
58.3 1.04031 0.743656
58.4 0.985103 0.75932
58.5 0.918704 0.77405
58.6 0.83531 0.787632
58.7 0.724185 0.79973
58.8 0.563592 0.809769
58.9 0.305007 0.816662
59 -0.163228 0.818145
59.1 -0.985193 0.809683
59.2 -1.7513 0.78779
59.3 -1.94774 0.758187
59.4 -1.99603 0.7273
59.5 -2.0054 0.696234
59.6 -2.0017 0.665221
59.7 -1.99354 0.634331
59.8 -1.98385 0.603589
59.9 -1.97362 0.573004
60 -1.96315 0.54258
60.1 -1.95254 0.51232
60.2 -1.94182 0.482224
60.3 -1.931 0.452294
60.4 -1.92007 0.422533
60.5 -1.90903 0.392942
60.6 -1.89788 0.363522
60.7 -1.88662 0.334275
60.8 -1.87524 0.305203
60.9 -1.86373 0.276308
61 -1.8521 0.247592
61.1 -1.84034 0.219056
61.2 -1.82844 0.190704
61.3 -1.8164 0.162536
61.4 -1.80422 0.134556
61.5 -1.79188 0.106765
61.6 -1.77938 0.0791656
61.7 -1.76672 0.051761
61.8 -1.75389 0.0245534
61.9 -1.74088 -0.00245441
62 -1.72767 -0.0292597
62.1 -1.71427 -0.0558593
62.2 -1.70067 -0.0822503
62.3 -1.68684 -0.108429
62.4 -1.67279 -0.134393
62.5 -1.6585 -0.160138
62.6 -1.64395 -0.185659
62.7 -1.62913 -0.210954
62.8 -1.61403 -0.236018
62.9 -1.59863 -0.260846
63 -1.5829 -0.285433
63.1 -1.56683 -0.309774
63.2 -1.55039 -0.333865
63.3 -1.53355 -0.357698
63.4 -1.51629 -0.381268
63.5 -1.49856 -0.404567
63.6 -1.48033 -0.427589
63.7 -1.46155 -0.450324
63.8 -1.44218 -0.472765
63.9 -1.42214 -0.494902
64 -1.40137 -0.516723
64.1 -1.37978 -0.538216
64.2 -1.35727 -0.55937
64.3 -1.33373 -0.580167
64.4 -1.30899 -0.600592
64.5 -1.28288 -0.620624
64.6 -1.25517 -0.64024
64.7 -1.22555 -0.659414
64.8 -1.19363 -0.678112
64.9 -1.15889 -0.696297
65 -1.12061 -0.713918
65.1 -1.07776 -0.730913
65.2 -1.02883 -0.747202
65.3 -0.971498 -0.762674
65.4 -0.901951 -0.777171
65.5 -0.813585 -0.790459
65.6 -0.693955 -0.802162
65.7 -0.517292 -0.811623
65.8 -0.225025 -0.817574
65.9 0.313583 -0.817334
66 1.19373 -0.805928
66.1 1.83058 -0.781575
66.2 1.96604 -0.751394
66.3 2.00058 -0.72042
66.4 2.00542 -0.689353
66.5 2.00017 -0.658362
66.6 1.99149 -0.627504
66.7 1.98162 -0.596796
66.8 1.97132 -0.566247
66.9 1.96081 -0.535859
67 1.95017 -0.505634
67.1 1.93943 -0.475575
67.2 1.92858 -0.445683
67.3 1.91763 -0.415959
67.4 1.90657 -0.386405
67.5 1.89539 -0.357024
67.6 1.8841 -0.327815
67.7 1.8727 -0.298783
67.8 1.86116 -0.269927
67.9 1.84951 -0.241251
68 1.83771 -0.212756
68.1 1.82579 -0.184444
68.2 1.81372 -0.156318
68.3 1.8015 -0.128379
68.4 1.78913 -0.10063
68.5 1.77659 -0.0730742
68.6 1.76389 -0.045713
68.7 1.75102 -0.0185495
68.8 1.73797 0.00841373
68.9 1.72472 0.0351737
69 1.71128 0.0617274
69.1 1.69762 0.0880717
69.2 1.68375 0.114203
69.3 1.66964 0.140119
69.4 1.6553 0.165814
69.5 1.64069 0.191286
69.6 1.62581 0.21653
69.7 1.61064 0.241542
69.8 1.59517 0.266317
69.9 1.57937 0.29085
70 1.56322 0.315136
70.1 1.54669 0.33917
70.2 1.52976 0.362946
70.3 1.5124 0.386456
70.4 1.49456 0.409694
70.5 1.47622 0.432653
70.6 1.45731 0.455324
70.7 1.43779 0.477699
70.8 1.4176 0.499766
70.9 1.39666 0.521516
71 1.37487 0.542935
71.1 1.35215 0.564011
71.2 1.32835 0.584727
71.3 1.30333 0.605067
71.4 1.27689 0.625009
71.5 1.24878 0.644529
71.6 1.21868 0.663601
71.7 1.18619 0.682189
71.8 1.15074 0.700253
71.9 1.11155 0.717742
72 1.0675 0.734588
72.1 1.01695 0.750707
72.2 0.95731 0.765978
72.3 0.884301 0.780231
72.4 0.790382 0.793207
72.5 0.661051 0.804484
72.6 0.465619 0.813309
72.7 0.133331 0.818193
72.8 -0.484141 0.815972
72.9 -1.3893 0.801482
73 -1.8796 0.775079
73.1 -1.97843 0.744576
73.2 -2.00324 0.713552
73.3 -2.0048 0.682493
73.4 -1.99843 0.651529
73.5 -1.98937 0.620702
73.6 -1.97937 0.590029
73.7 -1.96901 0.559515
73.8 -1.95847 0.529163
73.9 -1.94781 0.498975
74 -1.93704 0.468953
74.1 -1.92617 0.439098
74.2 -1.91519 0.409411
74.3 -1.90411 0.379896
74.4 -1.89291 0.350552
74.5 -1.88159 0.321382
74.6 -1.87016 0.292389
74.7 -1.8586 0.263573
74.8 -1.84691 0.234936
74.9 -1.83509 0.206481
75 -1.82313 0.17821
75.1 -1.81103 0.150125
75.2 -1.79878 0.122228
75.3 -1.78637 0.0945222
75.4 -1.7738 0.0670089
75.5 -1.76106 0.0396912
75.6 -1.74815 0.0125717
75.7 -1.73505 -0.0143468
75.8 -1.72177 -0.0410614
75.9 -1.70828 -0.0675691
76 -1.69457 -0.0938666
76.1 -1.68065 -0.119951
76.2 -1.66649 -0.145818
76.3 -1.65209 -0.171464
76.4 -1.63743 -0.196886
76.5 -1.62248 -0.222079
76.6 -1.60725 -0.247039
76.7 -1.59171 -0.271761
76.8 -1.57583 -0.29624
76.9 -1.5596 -0.320471
77 -1.54298 -0.344448
77.1 -1.52596 -0.368166
77.2 -1.5085 -0.391617
77.3 -1.49055 -0.414794
77.4 -1.47209 -0.43769
77.5 -1.45305 -0.460296
77.6 -1.43339 -0.482604
77.7 -1.41304 -0.504602
77.8 -1.39192 -0.52628
77.9 -1.36994 -0.547624
78 -1.34699 -0.568622
78.1 -1.32294 -0.589257
78.2 -1.29762 -0.60951
78.3 -1.27083 -0.629361
78.4 -1.24231 -0.648785
78.5 -1.21173 -0.667753
78.6 -1.17863 -0.686229
78.7 -1.14243 -0.704171
78.8 -1.10228 -0.721524
78.9 -1.05696 -0.738218
79 -1.00467 -0.754161
79.1 -0.942519 -0.769224
79.2 -0.865702 -0.783221
79.3 -0.765566 -0.795865
79.4 -0.625144 -0.806682
79.5 -0.407732 -0.814804
79.6 -0.0280554 -0.818475
79.7 0.673248 -0.813994
79.8 1.55947 -0.796429
79.9 1.91133 -0.768423
80 1.98663 -0.737731
80.1 2.00451 -0.706683
80.2 2.00372 -0.67564
80.3 1.99654 -0.644705
80.4 1.9872 -0.613911
80.5 1.9771 -0.583273
80.6 1.96669 -0.552795
80.7 1.95612 -0.522479
80.8 1.94544 -0.492327
80.9 1.93465 -0.462342
81 1.92375 -0.432524
81.1 1.91275 -0.402875
81.2 1.90164 -0.373397
81.3 1.89042 -0.344092
81.4 1.87908 -0.314961
81.5 1.86761 -0.286006
81.6 1.85603 -0.25723
81.7 1.84431 -0.228633
81.8 1.83246 -0.200219
81.9 1.82047 -0.171989
82 1.80833 -0.143945
82.1 1.79605 -0.11609
82.2 1.78361 -0.0884263
82.3 1.771 -0.060956
82.4 1.75823 -0.0336819
82.5 1.74527 -0.00660655
82.6 1.73214 0.0202672
82.7 1.7188 0.0469363
82.8 1.70527 0.0733979
82.9 1.69152 0.0996486
83 1.67754 0.125685
83.1 1.66333 0.151504
83.2 1.64887 0.177101
83.3 1.63415 0.202472
83.4 1.61914 0.227614
83.5 1.60384 0.252522
83.6 1.58823 0.277191
83.7 1.57227 0.301616
83.8 1.55596 0.325791
83.9 1.53926 0.349711
84 1.52214 0.373371
84.1 1.50457 0.396762
84.2 1.48652 0.419878
84.3 1.46793 0.44271
84.4 1.44876 0.465251
84.5 1.42896 0.487491
84.6 1.40844 0.50942
84.7 1.38714 0.531025
84.8 1.36495 0.552294
84.9 1.34177 0.573213
85 1.31746 0.593765
85.1 1.29183 0.613932
85.2 1.26469 0.633691
85.3 1.23574 0.653017
85.4 1.20465 0.671879
85.5 1.17093 0.690241
85.6 1.13393 0.708058
85.7 1.09276 0.725272
85.8 1.04609 0.741809
85.9 0.991915 0.75757
86 0.927032 0.772416
86.1 0.846001 0.786144
86.2 0.738862 0.798435
86.3 0.585665 0.808751
86.4 0.342336 0.816088
86.5 -0.0932635 0.81837
86.6 -0.876716 0.811339
86.7 -1.69568 0.790855
86.8 -1.9363 0.761689
86.9 -1.99309 0.73086
87 -2.00519 0.6998
87.1 -2.00242 0.668776
87.2 -1.99458 0.63787
87.3 -1.985 0.607111
87.4 -1.97481 0.576507
87.5 -1.96436 0.546065
87.6 -1.95377 0.515785
87.7 -1.94306 0.48567
87.8 -1.93224 0.455722
87.9 -1.92133 0.425941
88 -1.9103 0.39633
88.1 -1.89917 0.36689
88.2 -1.88792 0.337623
88.3 -1.87655 0.308531
88.4 -1.86506 0.279616
88.5 -1.85344 0.250879
88.6 -1.8417 0.222323
88.7 -1.82982 0.193949
88.8 -1.81779 0.16576
88.9 -1.80563 0.137758
89 -1.79331 0.109945
89.1 -1.78083 0.0823242
89.2 -1.76819 0.0548971
89.3 -1.75537 0.0276668
89.4 -1.74238 0.000635848
89.5 -1.7292 -0.0261928
89.6 -1.71582 -0.0528162
89.7 -1.70224 -0.0792314
89.8 -1.68844 -0.105435
89.9 -1.67442 -0.131423
90 -1.66015 -0.157193
90.1 -1.64563 -0.182741
90.2 -1.63085 -0.208062
90.3 -1.61578 -0.233152
90.4 -1.60041 -0.258007
90.5 -1.58472 -0.282623
90.6 -1.56869 -0.306993
90.7 -1.55229 -0.331112
90.8 -1.5355 -0.354975
90.9 -1.51829 -0.378576
91 -1.50062 -0.401906
91.1 -1.48245 -0.42496
91.2 -1.46374 -0.447729
91.3 -1.44443 -0.470204
91.4 -1.42447 -0.492376
91.5 -1.40379 -0.514234
91.6 -1.3823 -0.535766
91.7 -1.35991 -0.556959
91.8 -1.33649 -0.577798
91.9 -1.3119 -0.598267
92 -1.28596 -0.618345
92.1 -1.25844 -0.63801
92.2 -1.22906 -0.657236
92.3 -1.19742 -0.675991
92.4 -1.16304 -0.694237
92.5 -1.12521 -0.711925
92.6 -1.08295 -0.728996
92.7 -1.03482 -0.745371
92.8 -0.978611 -0.760943
92.9 -0.91073 -0.775562
93 -0.825005 -0.789005
93.1 -0.709915 -0.800916
93.2 -0.541877 -0.810683
93.3 -0.26777 -0.817136
93.4 0.233244 -0.817818
93.5 1.08656 -0.807961
93.6 1.79399 -0.784834
93.7 1.95729 -0.754913
93.8 1.99845 -0.723979
93.9 2.00549 -0.692911
94 2.00099 -0.661908
94.1 1.99256 -0.631034
94.2 1.98278 -0.600308
94.3 1.97251 -0.56974
94.4 1.96202 -0.539334
94.5 1.9514 -0.509091
94.6 1.94067 -0.479012
94.7 1.92983 -0.449101
94.8 1.91889 -0.419358
94.9 1.90784 -0.389785
95 1.89668 -0.360383
95.1 1.8854 -0.331155
95.2 1.87401 -0.302102
95.3 1.86249 -0.273226
95.4 1.85085 -0.244529
95.5 1.83907 -0.216013
95.6 1.82716 -0.18768
95.7 1.81511 -0.159532
95.8 1.80291 -0.131572
95.9 1.79055 -0.103801
96 1.77804 -0.0762231
96.1 1.76536 -0.0488395
96.2 1.75251 -0.0216531
96.3 1.73947 0.00533316
96.4 1.72625 0.0321166
96.5 1.71283 0.058694
96.6 1.6992 0.0850625
96.7 1.68535 0.111219
96.8 1.67127 0.137159
96.9 1.65695 0.16288
97 1.64238 0.188378
97.1 1.62753 0.213648
97.2 1.6124 0.238686
97.3 1.59696 0.263489
97.4 1.5812 0.28805
97.5 1.56509 0.312365
97.6 1.5486 0.336428
97.7 1.53172 0.360234
97.8 1.51441 0.383775
97.9 1.49663 0.407045
98 1.47835 0.430036
98.1 1.45951 0.452741
98.2 1.44006 0.475149
98.3 1.41995 0.497252
98.4 1.3991 0.519039
98.5 1.37742 0.540497
98.6 1.35481 0.561613
98.7 1.33114 0.582371
98.8 1.30627 0.602755
98.9 1.28 0.622744
99 1.25209 0.642314
99.1 1.22225 0.661438
99.2 1.19005 0.680084
99.3 1.15497 0.698211
99.4 1.11626 0.715768
99.5 1.07285 0.732692
99.6 1.02315 0.7489
99.7 0.964724 0.764275
99.8 0.893547 0.778656
99.9 0.802579 0.791796
100 0.678427 0.803297
100.1 0.493071 0.812459
100.2 0.182344 0.817912
100.3 -0.393415 0.81675
100.4 -1.29056 0.803864
100.5 -1.85727 0.778467
100.6 -1.97271 0.748107
100.7 -2.00209 0.717105
100.8 -2.0052 0.68604
100.9 -1.99936 0.655062
101 -1.99047 0.624219
101.1 -1.98054 0.593528
101.2 -1.9702 0.562995
101.3 -1.95968 0.532625
101.4 -1.94903 0.502418
101.5 -1.93828 0.472376
101.6 -1.92742 0.442502
101.7 -1.91645 0.412796
101.8 -1.90538 0.383261
101.9 -1.89419 0.353898
102 -1.88289 0.324708
102.1 -1.87147 0.295694
102.2 -1.85993 0.266858
102.3 -1.84825 0.238201
102.4 -1.83645 0.209725
102.5 -1.8245 0.181433
102.6 -1.81242 0.153326
102.7 -1.80018 0.125408
102.8 -1.7878 0.0976798
102.9 -1.77525 0.0701444
103 -1.76253 0.0428042
103.1 -1.74964 0.0156619
103.2 -1.73656 -0.0112798
103.3 -1.72329 -0.0380178
103.4 -1.70983 -0.0645493
103.5 -1.69615 -0.0908711
103.6 -1.68225 -0.11698
103.7 -1.66812 -0.142872
103.8 -1.65375 -0.168544
103.9 -1.63912 -0.193991
104 -1.62421 -0.219211
104.1 -1.60901 -0.244197
104.2 -1.5935 -0.268947
104.3 -1.57766 -0.293454
104.4 -1.56147 -0.317714
104.5 -1.5449 -0.34172
104.6 -1.52793 -0.365468
104.7 -1.51052 -0.38895
104.8 -1.49263 -0.412159
104.9 -1.47423 -0.435087
105 -1.45526 -0.457727
105.1 -1.43567 -0.480069
105.2 -1.4154 -0.502103
105.3 -1.39437 -0.523818
105.4 -1.3725 -0.545201
105.5 -1.34966 -0.56624
105.6 -1.32575 -0.586917
105.7 -1.30058 -0.607215
105.8 -1.27397 -0.627113
105.9 -1.24567 -0.646587
106 -1.21534 -0.665609
106.1 -1.18256 -0.684143
106.2 -1.14675 -0.702148
106.3 -1.1071 -0.719572
106.4 -1.06246 -0.736345
106.5 -1.01108 -0.75238
106.6 -0.950252 -0.767551
106.7 -0.875452 -0.781682
106.8 -0.778622 -0.794501
106.9 -0.644128 -0.805561
107 -0.438529 -0.814055
107.1 -0.0843626 -0.818374
107.2 0.573269 -0.815098
107.3 1.47522 -0.799114
107.4 1.89626 -0.77188
107.5 1.98273 -0.741276
107.6 2.00397 -0.710239
107.7 2.00432 -0.679187
107.8 1.99754 -0.648236
107.9 1.98833 -0.617426
108 1.97828 -0.586769
108.1 1.96789 -0.556272
108.2 1.95734 -0.525938
108.3 1.94667 -0.495767
108.4 1.93589 -0.465763
108.5 1.92501 -0.435926
108.6 1.91402 -0.406257
108.7 1.90292 -0.37676
108.8 1.89171 -0.347435
108.9 1.88038 -0.318284
109 1.86893 -0.289309
109.1 1.85736 -0.260512
109.2 1.84566 -0.231895
109.3 1.83382 -0.203459
109.4 1.82185 -0.175208
109.5 1.80973 -0.147143
109.6 1.79746 -0.119266
109.7 1.78504 -0.0915806
109.8 1.77245 -0.064088
109.9 1.7597 -0.0367913
110 1.74676 -0.0096931
110.1 1.73365 0.0172038
110.2 1.72034 0.0438965
110.3 1.70683 0.070382
110.4 1.6931 0.0966569
110.5 1.67915 0.122718
110.6 1.66497 0.148562
110.7 1.65054 0.174184
110.8 1.63585 0.199582
110.9 1.62088 0.22475
111 1.60561 0.249685
111.1 1.59003 0.274381
111.2 1.57412 0.298835
111.3 1.55784 0.323039
111.4 1.54119 0.346989
111.5 1.52412 0.370678
111.6 1.50661 0.3941
111.7 1.48861 0.417248
111.8 1.47009 0.440113
111.9 1.45099 0.462688
112 1.43126 0.484963
112.1 1.41082 0.506928
112.2 1.38962 0.528571
112.3 1.36754 0.549879
112.4 1.34448 0.570839
112.5 1.3203 0.591434
112.6 1.29484 0.611645
112.7 1.26788 0.631452
112.8 1.23916 0.650829
112.9 1.20833 0.669746
113 1.17493 0.688168
113.1 1.13835 0.706049
113.2 1.09772 0.723336
113.3 1.05176 0.739955
113.4 0.998578 0.755811
113.5 0.93514 0.77077
113.6 0.856345 0.784639
113.7 0.752937 0.797116
113.8 0.606583 0.807697
113.9 0.37721 0.815451
114 -0.0283146 0.818476
114.1 -0.770026 0.812801
114.2 -1.62981 0.7938
114.3 -1.92387 0.76518
114.4 -1.98987 0.734418
114.5 -2.00489 0.703363
114.6 -2.00311 0.672329
114.7 -1.9956 0.641408
114.8 -1.98614 0.610631
114.9 -1.976 0.58001
115 -1.96557 0.549549
115.1 -1.95499 0.51925
115.2 -1.94429 0.489116
115.3 -1.93349 0.459149
115.4 -1.92258 0.429349
115.5 -1.91157 0.399718
115.6 -1.90045 0.370258
115.7 -1.88921 0.340972
115.8 -1.87786 0.31186
115.9 -1.86638 0.282924
116 -1.85478 0.254166
116.1 -1.84305 0.225589
116.2 -1.83119 0.197195
116.3 -1.81918 0.168984
116.4 -1.80703 0.140961
116.5 -1.79473 0.113126
116.6 -1.78227 0.0854827
116.7 -1.76964 0.0580333
116.8 -1.75685 0.0307802
116.9 -1.74388 0.00372628
117 -1.73072 -0.0231257
117.1 -1.71737 -0.0497729
117.2 -1.70381 -0.076212
117.3 -1.69004 -0.10244
117.4 -1.67604 -0.128453
117.5 -1.6618 -0.154249
117.6 -1.64731 -0.179822
117.7 -1.63256 -0.205169
117.8 -1.61752 -0.230286
117.9 -1.60219 -0.255168
118 -1.58654 -0.279811
118.1 -1.57055 -0.30421
118.2 -1.55419 -0.328358
118.3 -1.53745 -0.352251
118.4 -1.52029 -0.375882
118.5 -1.50267 -0.399244
118.6 -1.48456 -0.42233
118.7 -1.46591 -0.445132
118.8 -1.44668 -0.467641
118.9 -1.4268 -0.489849
119 -1.4062 -0.511743
119.1 -1.38481 -0.533313
119.2 -1.36253 -0.554546
119.3 -1.33923 -0.575426
119.4 -1.31479 -0.595938
119.5 -1.28901 -0.616062
119.6 -1.26169 -0.635776
119.7 -1.23253 -0.655054
119.8 -1.20118 -0.673865
119.9 -1.16714 -0.692171
120 -1.12975 -0.709926
120.1 -1.08807 -0.727072
120.2 -1.0407 -0.743532
120.3 -0.985567 -0.759202
120.4 -0.919273 -0.77394
120.5 -0.836042 -0.787532
120.6 -0.725194 -0.799644
120.7 -0.565118 -0.809701
120.8 -0.307605 -0.816625
120.9 0.158347 -0.818164
121 0.977854 -0.809801
121.1 1.74787 -0.788
121.2 1.94701 -0.758423
121.3 1.99585 -0.72754
121.4 2.00539 -0.696475
121.5 2.00175 -0.665461
121.6 1.99361 -0.63457
121.7 1.98393 -0.603827
121.8 1.9737 -0.573241
121.9 1.96323 -0.542815
122 1.95262 -0.512553
122.1 1.94191 -0.482456
122.2 1.93108 -0.452525
122.3 1.92015 -0.422763
122.4 1.90911 -0.39317
122.5 1.89797 -0.363749
122.6 1.8867 -0.3345
122.7 1.87532 -0.305427
122.8 1.86382 -0.276531
122.9 1.85219 -0.247813
123 1.84043 -0.219276
123.1 1.82854 -0.190922
123.2 1.8165 -0.162753
123.3 1.80431 -0.134771
123.4 1.79198 -0.106979
123.5 1.77948 -0.0793785
123.6 1.76682 -0.0519724
123.7 1.75399 -0.0247632
123.8 1.74098 0.00224616
123.9 1.72778 0.029053
124 1.71438 0.0556543
124.1 1.70077 0.0820469
124.2 1.68695 0.108228
124.3 1.6729 0.134193
124.4 1.65861 0.159939
124.5 1.64406 0.185463
124.6 1.62925 0.210759
124.7 1.61415 0.235825
124.8 1.59875 0.260654
124.9 1.58302 0.285244
125 1.56695 0.309587
125.1 1.55052 0.333679
125.2 1.53368 0.357515
125.3 1.51642 0.381086
125.4 1.4987 0.404388
125.5 1.48047 0.427412
125.6 1.4617 0.45015
125.7 1.44233 0.472593
125.8 1.4223 0.494731
125.9 1.40153 0.516555
126 1.37995 0.538051
126.1 1.35745 0.559207
126.2 1.33392 0.580008
126.3 1.30919 0.600435
126.4 1.28309 0.62047
126.5 1.25539 0.64009
126.6 1.22578 0.659267
126.7 1.19388 0.67797
126.8 1.15917 0.696158
126.9 1.12092 0.713784
127 1.07811 0.730784
127.1 1.02924 0.747079
127.2 0.971982 0.762557
127.3 0.90255 0.777063
127.4 0.814367 0.790361
127.5 0.695053 0.802079
127.6 0.518993 0.811561
127.7 0.228003 0.817547
127.8 -0.307995 0.817371
127.9 -1.18659 0.806071
128 -1.82839 0.781797
128.1 -1.9655 0.751632
128.2 -2.00045 0.72066
128.3 -2.00543 0.689592
128.4 -2.00023 0.658601
128.5 -1.99156 0.627742
128.6 -1.9817 0.597033
128.7 -1.9714 0.566482
128.8 -1.96089 0.536093
128.9 -1.95026 0.505867
129 -1.93951 0.475807
129.1 -1.92867 0.445913
129.2 -1.91771 0.416188
129.3 -1.90665 0.386633
129.4 -1.89548 0.35725
129.5 -1.88419 0.32804
129.6 -1.87278 0.299006
129.7 -1.86125 0.270149
129.8 -1.8496 0.241472
129.9 -1.83781 0.212975
130 -1.82588 0.184662
130.1 -1.81381 0.156534
130.2 -1.80159 0.128594
130.3 -1.78922 0.100844
130.4 -1.77669 0.0732862
130.5 -1.76399 0.0459235
130.6 -1.75112 0.0187585
130.7 -1.73807 -0.00820629
130.8 -1.72482 -0.0349678
130.9 -1.71138 -0.0615231
131 -1.69773 -0.087869
131.1 -1.68386 -0.114002
131.2 -1.66975 -0.139919
131.3 -1.65541 -0.165617
131.4 -1.6408 -0.19109
131.5 -1.62593 -0.216336
131.6 -1.61076 -0.241349
131.7 -1.59529 -0.266126
131.8 -1.57949 -0.290661
131.9 -1.56334 -0.31495
132 -1.54682 -0.338986
132.1 -1.52989 -0.362763
132.2 -1.51253 -0.386276
132.3 -1.4947 -0.409516
132.4 -1.47636 -0.432477
132.5 -1.45746 -0.45515
132.6 -1.43795 -0.477527
132.7 -1.41776 -0.499597
132.8 -1.39682 -0.521349
132.9 -1.37505 -0.542771
133 -1.35233 -0.56385
133.1 -1.32854 -0.584569
133.2 -1.30353 -0.604911
133.3 -1.2771 -0.624856
133.4 -1.249 -0.64438
133.5 -1.21893 -0.663455
133.6 -1.18645 -0.682048
133.7 -1.15102 -0.700116
133.8 -1.11187 -0.717609
133.9 -1.06787 -0.734461
134 -1.01738 -0.750585
134.1 -0.957815 -0.765864
134.2 -0.884932 -0.780125
134.3 -0.791217 -0.793112
134.4 -0.662247 -0.804405
134.5 -0.467521 -0.813253
134.6 -0.136746 -0.818177
134.7 0.477863 -0.816029
134.8 1.38284 -0.801648
134.9 1.87826 -0.775309
135 1.97809 -0.744814
135.1 2.00318 -0.713791
135.2 2.00483 -0.682732
135.3 1.9985 -0.651767
135.4 1.98945 -0.620939
135.5 1.97945 -0.590265
135.6 1.96909 -0.55975
135.7 1.95855 -0.529396
135.8 1.94789 -0.499207
135.9 1.93713 -0.469183
136 1.92626 -0.439327
136.1 1.91528 -0.409639
136.2 1.90419 -0.380122
136.3 1.89299 -0.350777
136.4 1.88168 -0.321606
136.5 1.87025 -0.292611
136.6 1.85869 -0.263794
136.7 1.847 -0.235156
136.8 1.83518 -0.2067
136.9 1.82322 -0.178427
137 1.81112 -0.150341
137.1 1.79887 -0.122443
137.2 1.78647 -0.0947349
137.3 1.7739 -0.0672202
137.4 1.76116 -0.0399009
137.5 1.74825 -0.0127799
137.6 1.73516 0.0141402
137.7 1.72187 0.0408564
137.8 1.70838 0.0673657
137.9 1.69468 0.0936649
138 1.68076 0.119751
138.1 1.6666 0.145619
138.2 1.6522 0.171267
138.3 1.63754 0.196691
138.4 1.6226 0.221886
138.5 1.60737 0.246847
138.6 1.59183 0.271571
138.7 1.57595 0.296052
138.8 1.55972 0.320285
138.9 1.54311 0.344265
139 1.52609 0.367984
139.1 1.50863 0.391437
139.2 1.49069 0.414617
139.3 1.47223 0.437515
139.4 1.4532 0.460123
139.5 1.43354 0.482433
139.6 1.4132 0.504433
139.7 1.39208 0.526114
139.8 1.37011 0.547461
139.9 1.34717 0.568462
140 1.32313 0.589099
140.1 1.29782 0.609356
140.2 1.27104 0.62921
140.3 1.24254 0.648637
140.4 1.21197 0.667609
140.5 1.1789 0.686089
140.6 1.14272 0.704035
140.7 1.1026 0.721392
140.8 1.05734 0.738092
140.9 1.0051 0.754041
141 0.943046 0.769111
141.1 0.866368 0.783118
141.2 0.766461 0.795774
141.3 0.626452 0.806608
141.4 0.409868 0.814755
141.5 0.0319819 0.818472
141.6 -0.666376 0.814074
141.7 -1.55407 0.796615
141.8 -1.91038 0.768656
141.9 -1.98638 0.73797
142 -2.00448 0.706923
142.1 -2.00376 0.675879
142.2 -1.99661 0.644943
142.3 -1.98728 0.614148
142.4 -1.97718 0.583509
142.5 -1.96677 0.553029
142.6 -1.95621 0.522712
142.7 -1.94552 0.492559
142.8 -1.93473 0.462572
142.9 -1.92384 0.432753
143 -1.91284 0.403103
143.1 -1.90173 0.373624
143.2 -1.89051 0.344317
143.3 -1.87916 0.315185
143.4 -1.8677 0.286229
143.5 -1.85612 0.257451
143.6 -1.8444 0.228853
143.7 -1.83255 0.200437
143.8 -1.82056 0.172206
143.9 -1.80843 0.144161
144 -1.79614 0.116304
144.1 -1.7837 0.088639
144.2 -1.7711 0.0611672
144.3 -1.75832 0.0338915
144.4 -1.74537 0.00681467
144.5 -1.73224 -0.0200606
144.6 -1.71891 -0.0467314
144.7 -1.70537 -0.0731945
144.8 -1.69162 -0.0994468
144.9 -1.67765 -0.125485
145 -1.66344 -0.151305
145.1 -1.64899 -0.176904
145.2 -1.63426 -0.202277
145.3 -1.61926 -0.227421
145.4 -1.60396 -0.252331
145.5 -1.58835 -0.277001
145.6 -1.5724 -0.301428
145.7 -1.55609 -0.325606
145.8 -1.53939 -0.349528
145.9 -1.52228 -0.373189
146 -1.50471 -0.396582
146.1 -1.48666 -0.4197
146.2 -1.46808 -0.442535
146.3 -1.44891 -0.465079
146.4 -1.42911 -0.487321
146.5 -1.4086 -0.509252
146.6 -1.38731 -0.530859
146.7 -1.36513 -0.552131
146.8 -1.34196 -0.573053
146.9 -1.31765 -0.593608
147 -1.29204 -0.613778
147.1 -1.2649 -0.63354
147.2 -1.23597 -0.652869
147.3 -1.2049 -0.671735
147.4 -1.1712 -0.690101
147.5 -1.13423 -0.707922
147.6 -1.0931 -0.725141
147.7 -1.04648 -0.741684
147.8 -0.992368 -0.757452
147.9 -0.927585 -0.772306
148 -0.846709 -0.786043
148.1 -0.739829 -0.798347
148.2 -0.58711 -0.808681
148.3 -0.344761 -0.816047
148.4 0.0887312 -0.818381
148.5 0.869451 -0.811444
148.6 1.69156 -0.791057
148.7 1.93549 -0.761924
148.8 1.99288 -0.7311
148.9 2.00517 -0.70004
149 2.00247 -0.669015
149.1 1.99465 -0.638109
149.2 1.98508 -0.607348
149.3 1.97489 -0.576744
149.4 1.96444 -0.5463
149.5 1.95385 -0.516019
149.6 1.94314 -0.485903
149.7 1.93233 -0.455953
149.8 1.92141 -0.426171
149.9 1.91039 -0.396558
150 1.89925 -0.367117
150.1 1.888 -0.337849
150.2 1.87664 -0.308756
150.3 1.86515 -0.279839
150.4 1.85353 -0.251101
150.5 1.84179 -0.222543
150.6 1.82991 -0.194168
150.7 1.81789 -0.165978
150.8 1.80572 -0.137974
150.9 1.7934 -0.11016
151 1.78092 -0.0825371
151.1 1.76828 -0.0551086
151.2 1.75547 -0.0278767
151.3 1.74248 -0.000844216
151.4 1.7293 0.025986
151.5 1.71593 0.0526111
151.6 1.70235 0.0790278
151.7 1.68855 0.105233
151.8 1.67453 0.131223
151.9 1.66026 0.156995
152 1.64575 0.182544
152.1 1.63096 0.207867
152.2 1.6159 0.232959
152.3 1.60053 0.257816
152.4 1.58485 0.282433
152.5 1.56882 0.306805
152.6 1.55242 0.330927
152.7 1.53564 0.354792
152.8 1.51842 0.378394
152.9 1.50076 0.401727
153 1.48259 0.424783
153.1 1.46388 0.447554
153.2 1.44458 0.470032
153.3 1.42463 0.492206
153.4 1.40396 0.514066
153.5 1.38247 0.535601
153.6 1.36009 0.556796
153.7 1.33667 0.577638
153.8 1.31209 0.59811
153.9 1.28617 0.618191
154 1.25866 0.63786
154.1 1.22929 0.657089
154.2 1.19768 0.675848
154.3 1.16332 0.694098
154.4 1.12552 0.711791
154.5 1.0833 0.728867
154.6 1.03522 0.745248
154.7 0.979084 0.760826
154.8 0.911313 0.775454
154.9 0.825761 0.788906
155 0.710966 0.800831
155.1 0.543485 0.810618
155.2 0.270544 0.817104
155.3 -0.228025 0.817846
155.4 -1.07926 0.808091
155.5 -1.79119 0.785051
155.6 -1.95664 0.75515
155.7 -1.99829 0.724219
155.8 -2.00549 0.693151
155.9 -2.00104 0.662148
156 -1.99263 0.631272
156.1 -1.98286 0.600545
156.2 -1.97259 0.569976
156.3 -1.9621 0.539568
156.4 -1.95148 0.509324
156.5 -1.94075 0.479244
156.6 -1.92992 0.449332
156.7 -1.91898 0.419587
156.8 -1.90793 0.390013
156.9 -1.89677 0.36061
157 -1.88549 0.33138
157.1 -1.8741 0.302326
157.2 -1.86258 0.273448
157.3 -1.85094 0.24475
157.4 -1.83916 0.216233
157.5 -1.82725 0.187898
157.6 -1.8152 0.159749
157.7 -1.803 0.131787
157.8 -1.79065 0.104016
157.9 -1.77814 0.0764357
158 -1.76546 0.0490505
158.1 -1.75261 0.0218626
158.2 -1.73957 -0.00512523
158.3 -1.72635 -0.0319102
158.4 -1.71293 -0.0584893
158.5 -1.6993 -0.0848594
158.6 -1.68546 -0.111017
158.7 -1.67138 -0.136959
158.8 -1.65707 -0.162682
158.9 -1.64249 -0.188181
159 -1.62765 -0.213453
159.1 -1.61252 -0.238494
159.2 -1.59708 -0.263298
159.3 -1.58132 -0.287861
159.4 -1.56521 -0.312178
159.5 -1.54873 -0.336243
159.6 -1.53186 -0.36005
159.7 -1.51455 -0.383594
159.8 -1.49677 -0.406866
159.9 -1.47849 -0.429859
160 -1.45966 -0.452566
160.1 -1.44022 -0.474977
160.2 -1.42011 -0.497083
160.3 -1.39926 -0.518872
160.4 -1.37759 -0.540332
160.5 -1.35499 -0.561451
160.6 -1.33133 -0.582212
160.7 -1.30647 -0.602599
160.8 -1.28021 -0.622591
160.9 -1.25232 -0.642164
161 -1.22249 -0.661292
161.1 -1.19031 -0.679942
161.2 -1.15526 -0.698073
161.3 -1.11658 -0.715635
161.4 -1.0732 -0.732564
161.5 -1.02356 -0.748777
161.6 -0.965218 -0.76416
161.7 -0.894162 -0.778549
161.8 -0.803386 -0.7917
161.9 -0.679571 -0.803216
162 -0.494866 -0.8124
162.1 -0.185525 -0.81789
162.2 0.387487 -0.816796
162.3 1.2837 -0.804019
162.4 1.85555 -0.778694
162.5 1.97228 -0.748345
162.6 2.002 -0.717344
162.7 2.00522 -0.686279
162.8 1.99942 -0.6553
162.9 1.99055 -0.624456
163 1.98062 -0.593764
163.1 1.97028 -0.56323
163.2 1.95976 -0.532858
163.3 1.94912 -0.50265
163.4 1.93836 -0.472607
163.5 1.9275 -0.442732
163.6 1.91654 -0.413025
163.7 1.90547 -0.383488
163.8 1.89428 -0.354123
163.9 1.88298 -0.324933
164 1.87156 -0.295917
164.1 1.86002 -0.267079
164.2 1.84834 -0.238421
164.3 1.83654 -0.209944
164.4 1.8246 -0.18165
164.5 1.81251 -0.153542
164.6 1.80028 -0.125623
164.7 1.78789 -0.0978929
164.8 1.77534 -0.0703559
164.9 1.76263 -0.0430142
165 1.74974 -0.0158704
165.1 1.73666 0.0110728
165.2 1.7234 0.0378125
165.3 1.70993 0.0643456
165.4 1.69626 0.0906689
165.5 1.68236 0.116779
165.6 1.66823 0.142673
165.7 1.65386 0.168347
165.8 1.63923 0.193796
165.9 1.62432 0.219017
166 1.60913 0.244006
166.1 1.59362 0.268757
166.2 1.57779 0.293266
166.3 1.5616 0.317528
166.4 1.54503 0.341536
166.5 1.52806 0.365286
166.6 1.51065 0.38877
166.7 1.49277 0.411981
166.8 1.47437 0.434911
166.9 1.45541 0.457553
167 1.43583 0.479898
167.1 1.41556 0.501934
167.2 1.39454 0.523652
167.3 1.37267 0.545038
167.4 1.34984 0.566079
167.5 1.32593 0.586759
167.6 1.30078 0.60706
167.7 1.27418 0.626961
167.8 1.24589 0.646439
167.9 1.21558 0.665464
168 1.18282 0.684002
168.1 1.14704 0.702012
168.2 1.10742 0.71944
168.3 1.06282 0.736219
168.4 1.01151 0.752259
168.5 0.950767 0.767438
168.6 0.876099 0.781578
168.7 0.779485 0.794408
168.8 0.645376 0.805484
168.9 0.440538 0.814003
169 0.0880135 0.818364
169.1 -0.566688 0.815166
169.2 -1.46923 0.79929
169.3 -1.89516 0.772113
169.4 -1.98245 0.741515
169.5 -2.00393 0.710478
169.6 -2.00435 0.679426
169.7 -1.9976 0.648474
169.8 -1.9884 0.617663
169.9 -1.97835 0.587005
170 -1.96797 0.556507
170.1 -1.95742 0.526171
170.2 -1.94675 0.495999
170.3 -1.93597 0.465993
170.4 -1.92509 0.436155
170.5 -1.9141 0.406485
170.6 -1.903 0.376986
170.7 -1.89179 0.34766
170.8 -1.88047 0.318508
170.9 -1.86902 0.289531
171 -1.85745 0.260733
171.1 -1.84575 0.232114
171.2 -1.83391 0.203678
171.3 -1.82194 0.175425
171.4 -1.80982 0.147359
171.5 -1.79756 0.11948
171.6 -1.78513 0.0917932
171.7 -1.77255 0.0642991
171.8 -1.75979 0.0370009
171.9 -1.74686 0.00990115
172 -1.73375 -0.0169973
172.1 -1.72044 -0.0436916
172.2 -1.70693 -0.0701787
172.3 -1.69321 -0.0964553
172.4 -1.67926 -0.122518
172.5 -1.66508 -0.148364
172.6 -1.65065 -0.173988
172.7 -1.63596 -0.199387
172.8 -1.62099 -0.224557
172.9 -1.60573 -0.249494
173 -1.59015 -0.274192
173.1 -1.57424 -0.298647
173.2 -1.55797 -0.322853
173.3 -1.54132 -0.346805
173.4 -1.52425 -0.370496
173.5 -1.50674 -0.393921
173.6 -1.48875 -0.417071
173.7 -1.47023 -0.439938
173.8 -1.45114 -0.462515
173.9 -1.43141 -0.484793
174 -1.41099 -0.50676
174.1 -1.38978 -0.528405
174.2 -1.36771 -0.549716
174.3 -1.34466 -0.570679
174.4 -1.32049 -0.591277
174.5 -1.29504 -0.611491
174.6 -1.26809 -0.631301
174.7 -1.23938 -0.650681
174.8 -1.20857 -0.669602
174.9 -1.1752 -0.688028
175 -1.13865 -0.705914
175.1 -1.09805 -0.723205
175.2 -1.05214 -0.739829
175.3 -0.999022 -0.755692
175.4 -0.935679 -0.770659
175.5 -0.857031 -0.784537
175.6 -0.753866 -0.797027
175.7 -0.607954 -0.807625
175.8 -0.379478 -0.815406
175.9 0.0241079 -0.818479
176 0.762931 -0.812893
176.1 1.62501 -0.793994
176.2 1.923 -0.765415
176.3 1.98964 -0.734658
176.4 2.00486 -0.703603
176.5 2.00315 -0.672569
176.6 1.99567 -0.641646
176.7 1.98622 -0.610868
176.8 1.97608 -0.580246
176.9 1.96565 -0.549783
177 1.95507 -0.519484
177.1 1.94437 -0.489349
177.2 1.93357 -0.459379
177.3 1.92267 -0.429578
177.4 1.91166 -0.399946
177.5 1.90054 -0.370485
177.6 1.8893 -0.341197
177.7 1.87795 -0.312084
177.8 1.86647 -0.283147
177.9 1.85487 -0.254388
178 1.84314 -0.225809
178.1 1.83128 -0.197413
178.2 1.81927 -0.169201
178.3 1.80712 -0.141176
178.4 1.79482 -0.11334
178.5 1.78236 -0.0856956
178.6 1.76974 -0.0582446
178.7 1.75695 -0.03099
178.8 1.74398 -0.00393456
178.9 1.73082 0.022919
179 1.71747 0.0495677
179.1 1.70391 0.0760085
179.2 1.69014 0.102238
179.3 1.67615 0.128253
179.4 1.66191 0.15405
179.5 1.64743 0.179625
179.6 1.63267 0.204974
179.7 1.61764 0.230093
179.8 1.60231 0.254977
179.9 1.58666 0.279622
180 1.57067 0.304022
180.1 1.55432 0.328173
180.2 1.53758 0.352068
180.3 1.52042 0.3757
180.4 1.50281 0.399065
180.5 1.4847 0.422153
180.6 1.46606 0.444957
180.7 1.44683 0.467469
180.8 1.42696 0.489678
180.9 1.40637 0.511575
181 1.38498 0.533148
181.1 1.3627 0.554383
181.2 1.33942 0.575266
181.3 1.31498 0.595781
181.4 1.28921 0.615908
181.5 1.2619 0.635625
181.6 1.23276 0.654907
181.7 1.20143 0.673721
181.8 1.16742 0.692032
181.9 1.13006 0.709791
182 1.08841 0.726942
182.1 1.0411 0.743407
182.2 0.98603 0.759085
182.3 0.919841 0.77383
182.4 0.836772 0.787433
182.5 0.726201 0.799557
182.6 0.566639 0.809634
182.7 0.310192 0.816588
182.8 -0.153491 0.818183
182.9 -0.970518 0.809918
183 -1.7444 0.788209
183.1 -1.94626 0.758659
183.2 -1.99566 0.72778
183.3 -2.00538 0.696715
183.4 -2.0018 0.6657
183.5 -1.99368 0.634808
183.6 -1.98401 0.604064
183.7 -1.97378 0.573477
183.8 -1.96331 0.54305
183.9 -1.95271 0.512787
184 -1.94199 0.482688
184.1 -1.93117 0.452756
184.2 -1.92024 0.422992
184.3 -1.9092 0.393398
184.4 -1.89805 0.363976
184.5 -1.88679 0.334726
184.6 -1.87541 0.305652
184.7 -1.86391 0.276754
184.8 -1.85228 0.248035
184.9 -1.84052 0.219497
185 -1.82863 0.191141
185.1 -1.81659 0.162971
185.2 -1.80441 0.134987
185.3 -1.79207 0.107193
185.4 -1.77958 0.0795914
185.5 -1.76692 0.0521837
185.6 -1.75409 0.0249731
185.7 -1.74108 -0.00203789
185.8 -1.72788 -0.0288463
185.9 -1.71448 -0.0554492
186 -1.70088 -0.0818434
186.1 -1.68706 -0.108026
186.2 -1.67301 -0.133993
186.3 -1.65872 -0.159741
186.4 -1.64418 -0.185266
186.5 -1.62937 -0.210564
186.6 -1.61427 -0.235631
186.7 -1.59887 -0.260463
186.8 -1.58315 -0.285054
186.9 -1.56708 -0.3094
187 -1.55065 -0.333494
187.1 -1.53381 -0.357331
187.2 -1.51656 -0.380905
187.3 -1.49884 -0.404209
187.4 -1.48062 -0.427235
187.5 -1.46185 -0.449975
187.6 -1.44248 -0.47242
187.7 -1.42245 -0.494561
187.8 -1.4017 -0.516387
187.9 -1.38012 -0.537886
188 -1.35763 -0.559045
188.1 -1.3341 -0.579848
188.2 -1.30939 -0.600279
188.3 -1.2833 -0.620317
188.4 -1.25561 -0.63994
188.5 -1.22602 -0.659121
188.6 -1.19414 -0.677827
188.7 -1.15945 -0.696019
188.8 -1.12123 -0.71365
188.9 -1.07846 -0.730655
189 -1.02965 -0.746956
189.1 -0.972466 -0.762441
189.2 -0.903148 -0.776955
189.3 -0.815148 -0.790264
189.4 -0.696147 -0.801995
189.5 -0.520688 -0.811499
189.6 -0.230966 -0.81752
189.7 0.302432 -0.817408
189.8 1.17944 -0.806213
189.9 1.82616 -0.782019
190 1.96495 -0.751869
190.1 2.00032 -0.7209
190.2 2.00544 -0.689832
190.3 2.00028 -0.65884
190.4 1.99163 -0.627979
190.5 1.98178 -0.597269
190.6 1.97148 -0.566717
190.7 1.96097 -0.536327
190.8 1.95034 -0.5061
190.9 1.9396 -0.476038
191 1.92875 -0.446143
191.1 1.9178 -0.416417
191.2 1.90674 -0.386861
191.3 1.89557 -0.357476
191.4 1.88428 -0.328265
191.5 1.87287 -0.29923
191.6 1.86134 -0.270371
191.7 1.84969 -0.241692
191.8 1.8379 -0.213194
191.9 1.82597 -0.18488
192 1.8139 -0.156751
192.1 1.80169 -0.128809
192.2 1.78932 -0.101057
192.3 1.77679 -0.0734983
192.4 1.76409 -0.0461341
192.5 1.75122 -0.0189675
192.6 1.73817 0.00799882
192.7 1.72493 0.0347619
192.8 1.71148 0.0613188
192.9 1.69783 0.0876664
193 1.68396 0.113801
193.1 1.66986 0.13972
193.2 1.65552 0.165419
193.3 1.64092 0.190894
193.4 1.62604 0.216142
193.5 1.61088 0.241157
193.6 1.59541 0.265936
193.7 1.57962 0.290473
193.8 1.56347 0.314763
193.9 1.54695 0.338801
194 1.53003 0.36258
194.1 1.51267 0.386095
194.2 1.49484 0.409338
194.3 1.4765 0.432301
194.4 1.45761 0.454977
194.5 1.4381 0.477355
194.6 1.41792 0.499428
194.7 1.39699 0.521182
194.8 1.37522 0.542607
194.9 1.35251 0.563688
195 1.32873 0.58441
195.1 1.30373 0.604756
195.2 1.27731 0.624704
195.3 1.24923 0.644231
195.4 1.21917 0.66331
195.5 1.18671 0.681906
195.6 1.15131 0.699978
195.7 1.11219 0.717476
195.8 1.06823 0.734333
195.9 1.0178 0.750464
196 0.958319 0.765749
196.1 0.885562 0.78002
196.2 0.792051 0.793018
196.3 0.663439 0.804326
196.4 0.469414 0.813197
196.5 0.140145 0.818161
196.6 -0.471609 0.816086
196.7 -1.37636 0.801813
196.8 -1.8769 0.775538
196.9 -1.97774 0.745052
197 -2.00311 0.714031
197.1 -2.00486 0.682971
197.2 -1.99856 0.652005
197.3 -1.98952 0.621176
197.4 -1.97953 0.590501
197.5 -1.96917 0.559984
197.6 -1.95863 0.52963
197.7 -1.94797 0.499439
197.8 -1.93721 0.469414
197.9 -1.92634 0.439556
198 -1.91536 0.409867
198.1 -1.90428 0.380349
198.2 -1.89308 0.351003
198.3 -1.88177 0.321831
198.4 -1.87034 0.292834
198.5 -1.85878 0.264015
198.6 -1.84709 0.235376
198.7 -1.83527 0.206918
198.8 -1.82332 0.178645
198.9 -1.81122 0.150557
199 -1.79897 0.122657
199.1 -1.78656 0.0949477
199.2 -1.774 0.0674314
199.3 -1.76126 0.0401107
199.4 -1.74835 0.0129881
199.5 -1.73526 -0.0139335
199.6 -1.72197 -0.0406513
199.7 -1.70849 -0.0671622
199.8 -1.69479 -0.093463
199.9 -1.68087 -0.11955
200 -1.66671 -0.145421
