0 2 0
0.1 1.79468 0.0281888
0.2 1.73401 0.0549195
0.3 1.70691 0.0810748
0.4 1.68918 0.106912
0.5 1.67407 0.132505
0.6 1.65959 0.157875
0.7 1.64515 0.183025
0.8 1.63053 0.207955
0.9 1.61566 0.23266
1 1.60052 0.257137
1.1 1.58506 0.28138
1.2 1.56927 0.305387
1.3 1.55313 0.32915
1.4 1.5366 0.352664
1.5 1.51967 0.375924
1.6 1.50229 0.398923
1.7 1.48443 0.421654
1.8 1.46605 0.444109
1.9 1.4471 0.46628
2 1.42752 0.488158
2.1 1.40724 0.509732
2.2 1.38619 0.530992
2.3 1.36427 0.551926
2.4 1.34138 0.572518
2.5 1.31737 0.592754
2.6 1.29208 0.612614
2.7 1.2653 0.632079
2.8 1.23676 0.651123
2.9 1.20612 0.669717
3 1.17292 0.687826
3.1 1.13652 0.705406
3.2 1.09606 0.722403
3.3 1.05026 0.738745
3.4 0.997185 0.754338
3.5 0.933759 0.769049
3.6 0.854765 0.782684
3.7 0.750684 0.794943
3.8 0.602486 0.805317
3.9 0.368108 0.812859
4 -0.0512758 0.815612
4.1 -0.820336 0.809468
4.2 -1.66986 0.789973
4.3 -1.92881 0.761427
4.4 -1.98955 0.731101
4.5 -2.00375 0.700527
4.6 -2.00205 0.669979
4.7 -1.99474 0.639542
4.8 -1.98548 0.609244
4.9 -1.9755 0.579097
5 -1.96524 0.549106
5.1 -1.95482 0.519273
5.2 -1.94428 0.489599
5.3 -1.93365 0.460086
5.4 -1.92291 0.430736
5.5 -1.91207 0.40155
5.6 -1.90112 0.37253
5.7 -1.89006 0.343678
5.8 -1.87888 0.314994
5.9 -1.86759 0.286482
6 -1.85618 0.258142
6.1 -1.84464 0.229978
6.2 -1.83297 0.201989
6.3 -1.82117 0.17418
6.4 -1.80922 0.146551
6.5 -1.79713 0.119105
6.6 -1.78489 0.091844
6.7 -1.7725 0.0647706
6.8 -1.75993 0.0378873
6.9 -1.7472 0.0111964
7 -1.73429 -0.0152993
7.1 -1.72118 -0.041597
7.2 -1.70789 -0.0676939
7.3 -1.69439 -0.0935868
7.4 -1.68067 -0.119273
7.5 -1.66672 -0.144748
7.6 -1.65254 -0.170009
7.7 -1.6381 -0.195052
7.8 -1.62339 -0.219874
7.9 -1.6084 -0.244469
8 -1.59311 -0.268835
8.1 -1.5775 -0.292965
8.2 -1.56155 -0.316855
8.3 -1.54522 -0.340499
8.4 -1.52851 -0.363892
8.5 -1.51136 -0.387027
8.6 -1.49376 -0.409897
8.7 -1.47566 -0.432497
8.8 -1.45701 -0.454816
8.9 -1.43776 -0.476847
9 -1.41785 -0.49858
9.1 -1.39721 -0.520005
9.2 -1.37576 -0.541109
9.3 -1.35339 -0.56188
9.4 -1.32997 -0.582303
9.5 -1.30537 -0.602361
9.6 -1.27939 -0.622034
9.7 -1.2518 -0.641299
9.8 -1.2223 -0.660131
9.9 -1.19049 -0.678496
10 -1.15584 -0.696357
10.1 -1.11762 -0.713664
10.2 -1.07478 -0.730355
10.3 -1.02578 -0.746351
10.4 -0.968204 -0.761538
10.5 -0.89813 -0.775761
10.6 -0.808657 -0.788781
10.7 -0.68666 -0.800216
10.8 -0.50461 -0.809387
10.9 -0.199022 -0.814969
11 0.371316 -0.814124
11.1 1.2765 -0.801736
11.2 1.85529 -0.776818
11.3 1.97 -0.746916
11.4 2.00035 -0.716397
11.5 2.00432 -0.685814
11.6 1.99901 -0.655312
11.7 1.99045 -0.62494
11.8 1.98074 -0.594714
11.9 1.97059 -0.564641
12 1.96024 -0.534726
12.1 1.94976 -0.504969
12.2 1.93918 -0.475372
12.3 1.92849 -0.445938
12.4 1.9177 -0.416666
12.5 1.90681 -0.38756
12.6 1.89581 -0.358621
12.7 1.88469 -0.329849
12.8 1.87346 -0.301248
12.9 1.86211 -0.272819
13 1.85064 -0.244563
13.1 1.83904 -0.216483
13.2 1.82731 -0.188581
13.3 1.81544 -0.160858
13.4 1.80342 -0.133317
13.5 1.79126 -0.105959
13.6 1.77895 -0.0787885
13.7 1.76647 -0.0518063
13.8 1.75382 -0.0250153
13.9 1.74101 0.00158198
14 1.728 0.0279827
14.1 1.71481 0.0541841
14.2 1.70142 0.0801832
14.3 1.68781 0.105977
14.4 1.67398 0.131562
14.5 1.65993 0.156934
14.6 1.64562 0.182091
14.7 1.63106 0.207028
14.8 1.61622 0.231742
14.9 1.60108 0.256227
15 1.58564 0.280479
15.1 1.56987 0.304495
15.2 1.55374 0.328267
15.3 1.53723 0.351791
15.4 1.52031 0.37506
15.5 1.50295 0.398069
15.6 1.48511 0.42081
15.7 1.46675 0.443275
15.8 1.44782 0.465457
15.9 1.42826 0.487346
16 1.40801 0.508932
16.1 1.38699 0.530204
16.2 1.36511 0.55115
16.3 1.34225 0.571755
16.4 1.31829 0.592005
16.5 1.29305 0.61188
16.6 1.26633 0.63136
16.7 1.23786 0.65042
16.8 1.20731 0.669031
16.9 1.17421 0.687159
17 1.13795 0.70476
17.1 1.09766 0.72178
17.2 1.05209 0.738148
17.3 0.999329 0.75377
17.4 0.936365 0.768517
17.5 0.858087 0.782198
17.6 0.7552 0.794515
17.7 0.609194 0.804973
17.8 0.379302 0.812646
17.9 -0.0302925 0.815635
18 -0.785181 0.809926
18.1 -1.64782 0.790917
18.2 -1.92477 0.762551
18.3 -1.98846 0.732245
18.4 -2.00362 0.701673
18.5 -2.00225 0.671122
18.6 -1.99507 0.64068
18.7 -1.98584 0.610377
18.8 -1.97588 0.580224
18.9 -1.96563 0.550227
19 -1.95521 0.520388
19.1 -1.94468 0.490708
19.2 -1.93405 0.461189
19.3 -1.92331 0.431833
19.4 -1.91247 0.402641
19.5 -1.90153 0.373614
19.6 -1.89047 0.344756
19.7 -1.8793 0.316066
19.8 -1.86802 0.287547
19.9 -1.85661 0.259201
20 -1.84507 0.23103
20.1 -1.83341 0.203035
20.2 -1.82161 0.175219
20.3 -1.80967 0.147583
20.4 -1.79759 0.12013
20.5 -1.78536 0.0928621
20.6 -1.77296 0.0657817
20.7 -1.76041 0.0388911
20.8 -1.74768 0.012193
20.9 -1.73477 -0.01431
21 -1.72168 -0.0406152
21.1 -1.70839 -0.0667197
21.2 -1.6949 -0.0926203
21.3 -1.68119 -0.118314
21.4 -1.66725 -0.143797
21.5 -1.65307 -0.169066
21.6 -1.63865 -0.194118
21.7 -1.62395 -0.218948
21.8 -1.60897 -0.243552
21.9 -1.59369 -0.267926
22 -1.57809 -0.292065
22.1 -1.56215 -0.315964
22.2 -1.54584 -0.339617
22.3 -1.52914 -0.36302
22.4 -1.51201 -0.386165
22.5 -1.49443 -0.409045
22.6 -1.47634 -0.431655
22.7 -1.45772 -0.453985
22.8 -1.43849 -0.476027
22.9 -1.41861 -0.497771
23 -1.398 -0.519208
23.1 -1.37658 -0.540324
23.2 -1.35424 -0.561108
23.3 -1.33087 -0.581544
23.4 -1.30632 -0.601616
23.5 -1.28039 -0.621304
23.6 -1.25287 -0.640585
23.7 -1.22345 -0.659433
23.8 -1.19173 -0.677817
23.9 -1.1572 -0.695697
24 -1.11913 -0.713026
24.1 -1.07649 -0.729742
24.2 -1.02775 -0.745765
24.3 -0.970556 -0.760986
24.4 -0.901049 -0.775248
24.5 -0.812485 -0.788319
24.6 -0.692073 -0.799822
24.7 -0.513086 -0.809097
24.8 -0.214062 -0.814851
24.9 0.342919 -0.814328
25 1.24238 -0.802458
25.1 1.8467 -0.777896
25.2 1.96778 -0.74805
25.3 1.99982 -0.717539
25.4 2.00438 -0.686955
25.5 1.99928 -0.656449
25.6 1.9908 -0.626071
25.7 1.98111 -0.59584
25.8 1.97097 -0.565762
25.9 1.96063 -0.53584
26 1.95015 -0.506077
26.1 1.93957 -0.476475
26.2 1.92889 -0.447034
26.3 1.91811 -0.417757
26.4 1.90722 -0.388644
26.5 1.89622 -0.359698
26.6 1.88511 -0.330921
26.7 1.87388 -0.302313
26.8 1.86254 -0.273877
26.9 1.85107 -0.245615
27 1.83948 -0.217529
27.1 1.82775 -0.189619
27.2 1.81588 -0.16189
27.3 1.80387 -0.134342
27.4 1.79172 -0.106978
27.5 1.77941 -0.0797998
27.6 1.76694 -0.0528105
27.7 1.7543 -0.0260123
27.8 1.74149 0.000592268
27.9 1.72849 0.0270004
28 1.71531 0.0532093
28.1 1.70192 0.079216
28.2 1.68832 0.105017
28.3 1.6745 0.13061
28.4 1.66045 0.155991
28.5 1.64616 0.181156
28.6 1.6316 0.206101
28.7 1.61677 0.230823
28.8 1.60165 0.255317
28.9 1.58622 0.279578
29 1.57046 0.303602
29.1 1.55435 0.327383
29.2 1.53785 0.350917
29.3 1.52095 0.374196
29.4 1.50361 0.397215
29.5 1.48579 0.419966
29.6 1.46745 0.442442
29.7 1.44854 0.464634
29.8 1.429 0.486534
29.9 1.40878 0.508132
30 1.38779 0.529416
30.1 1.36594 0.550374
30.2 1.34313 0.570992
30.3 1.31921 0.591255
30.4 1.29402 0.611145
30.5 1.26736 0.63064
30.6 1.23896 0.649716
30.7 1.20849 0.668345
30.8 1.1755 0.686492
30.9 1.13937 0.704113
31 1.09925 0.721155
31.1 1.0539 0.737549
31.2 1.00146 0.753202
31.3 0.938951 0.767984
31.4 0.861376 0.781709
31.5 0.759658 0.794085
31.6 0.615791 0.804624
31.7 0.39026 0.812428
31.8 -0.00981356 0.815646
31.9 -0.750332 0.810365
32 -1.62467 0.791847
32.1 -1.92066 0.763673
32.2 -1.98735 0.733389
32.3 -2.00348 0.702819
32.4 -2.00245 0.672265
32.5 -1.99539 0.641818
32.6 -1.98621 0.611509
32.7 -1.97626 0.581351
32.8 -1.96601 0.551348
32.9 -1.9556 0.521503
33 -1.94508 0.491817
33.1 -1.93445 0.462292
33.2 -1.92372 0.43293
33.3 -1.91288 0.403731
33.4 -1.90194 0.374699
33.5 -1.89089 0.345834
33.6 -1.87972 0.317138
33.7 -1.86844 0.288613
33.8 -1.85704 0.26026
33.9 -1.84551 0.232082
34 -1.83385 0.204081
34.1 -1.82206 0.176257
34.2 -1.81012 0.148615
34.3 -1.79805 0.121155
34.4 -1.78582 0.0938803
34.5 -1.77343 0.0667929
34.6 -1.76088 0.0398952
34.7 -1.74816 0.0131898
34.8 -1.73526 -0.0133206
34.9 -1.72217 -0.0396333
35 -1.70889 -0.0657453
35.1 -1.69541 -0.0916536
35.2 -1.6817 -0.117355
35.3 -1.66778 -0.142846
35.4 -1.65361 -0.168123
35.5 -1.63919 -0.193183
35.6 -1.62451 -0.218022
35.7 -1.60954 -0.242634
35.8 -1.59427 -0.267017
35.9 -1.57868 -0.291165
36 -1.56275 -0.315073
36.1 -1.54646 -0.338736
36.2 -1.52977 -0.362147
36.3 -1.51266 -0.385302
36.4 -1.4951 -0.408193
36.5 -1.47703 -0.430813
36.6 -1.45842 -0.453153
36.7 -1.43922 -0.475206
36.8 -1.41937 -0.496962
36.9 -1.39879 -0.51841
37 -1.3774 -0.539539
37.1 -1.3551 -0.560336
37.2 -1.33177 -0.580785
37.3 -1.30726 -0.600871
37.4 -1.28139 -0.620573
37.5 -1.25393 -0.63987
37.6 -1.22459 -0.658735
37.7 -1.19297 -0.677137
37.8 -1.15855 -0.695037
37.9 -1.12063 -0.712387
38 -1.07818 -0.729128
38.1 -1.02971 -0.745178
38.2 -0.97289 -0.760431
38.3 -0.903942 -0.774733
38.4 -0.816269 -0.787855
38.5 -0.697406 -0.799426
38.6 -0.521401 -0.808802
38.7 -0.228749 -0.814725
38.8 0.315127 -0.814516
38.9 1.20779 -0.80316
39 1.83731 -0.778967
39.1 1.96538 -0.749182
39.2 1.99924 -0.718681
39.3 2.00443 -0.688096
39.4 1.99955 -0.657586
39.5 1.99114 -0.627203
39.6 1.98148 -0.596966
39.7 1.97136 -0.566882
39.8 1.96102 -0.536955
39.9 1.95055 -0.507186
40 1.93997 -0.477577
40.1 1.92929 -0.448131
40.2 1.91851 -0.418847
40.3 1.90763 -0.389729
40.4 1.89663 -0.360776
40.5 1.88553 -0.331993
40.6 1.8743 -0.303379
40.7 1.86296 -0.274936
40.8 1.8515 -0.246668
40.9 1.83991 -0.218574
41 1.82819 -0.190659
41.1 1.81633 -0.162922
41.2 1.80433 -0.135367
41.3 1.79218 -0.107996
41.4 1.77987 -0.0808115
41.5 1.76741 -0.0538151
41.6 1.75478 -0.0270097
41.7 1.74197 -0.000397871
41.8 1.72898 0.0260177
41.9 1.7158 0.052234
42 1.70242 0.0782483
42.1 1.68883 0.104057
42.2 1.67502 0.129658
42.3 1.66098 0.155047
42.4 1.6467 0.18022
42.5 1.63215 0.205173
42.6 1.61733 0.229904
42.7 1.60222 0.254406
42.8 1.5868 0.278676
42.9 1.57106 0.302709
43 1.55495 0.3265
43.1 1.53847 0.350042
43.2 1.52159 0.373331
43.3 1.50426 0.39636
43.4 1.48646 0.419121
43.5 1.46814 0.441607
43.6 1.44925 0.46381
43.7 1.42975 0.485722
43.8 1.40955 0.507331
43.9 1.38859 0.528627
44 1.36678 0.549597
44.1 1.344 0.570228
44.2 1.32012 0.590505
44.3 1.29498 0.610409
44.4 1.26838 0.629919
44.5 1.24006 0.649011
44.6 1.20967 0.667658
44.7 1.17678 0.685823
44.8 1.14078 0.703465
44.9 1.10083 0.72053
45 1.05571 0.73695
45.1 1.00358 0.752632
45.2 0.941516 0.76745
45.3 0.864632 0.781218
45.4 0.764061 0.793652
45.5 0.622281 0.804272
45.6 0.400988 0.812203
45.7 0.010174 0.815646
45.8 -0.715829 0.810783
45.9 -1.60043 0.792765
46 -1.91646 0.764794
46.1 -1.98623 0.734533
46.2 -2.00333 0.703965
46.3 -2.00265 0.673408
46.4 -1.99571 0.642956
46.5 -1.98657 0.612642
46.6 -1.97664 0.582478
46.7 -1.9664 0.552469
46.8 -1.956 0.522618
46.9 -1.94547 0.492926
47 -1.93485 0.463395
47.1 -1.92412 0.434026
47.2 -1.91329 0.404822
47.3 -1.90235 0.375783
47.4 -1.8913 0.346912
47.5 -1.88014 0.31821
47.6 -1.86887 0.289678
47.7 -1.85747 0.261319
47.8 -1.84594 0.233134
47.9 -1.83429 0.205126
48 -1.8225 0.177296
48.1 -1.81057 0.149647
48.2 -1.7985 0.12218
48.3 -1.78628 0.0948987
48.4 -1.7739 0.0678041
48.5 -1.76135 0.0408993
48.6 -1.74864 0.0141866
48.7 -1.73575 -0.0123311
48.8 -1.72267 -0.0386512
48.9 -1.70939 -0.0647708
49 -1.69591 -0.0906868
49.1 -1.68222 -0.116396
49.2 -1.6683 -0.141895
49.3 -1.65414 -0.16718
49.4 -1.63974 -0.192249
49.5 -1.62506 -0.217095
49.6 -1.6101 -0.241716
49.7 -1.59485 -0.266108
49.8 -1.57927 -0.290264
49.9 -1.56336 -0.314182
50 -1.54708 -0.337854
50.1 -1.53041 -0.361275
50.2 -1.51331 -0.384439
50.3 -1.49576 -0.40734
50.4 -1.47772 -0.42997
50.5 -1.45913 -0.452322
50.6 -1.43995 -0.474385
50.7 -1.42012 -0.496153
50.8 -1.39957 -0.517613
50.9 -1.37821 -0.538754
51 -1.35595 -0.559563
51.1 -1.33266 -0.580026
51.2 -1.3082 -0.600125
51.3 -1.28239 -0.619842
51.4 -1.25499 -0.639155
51.5 -1.22573 -0.658037
51.6 -1.1942 -0.676456
51.7 -1.1599 -0.694376
51.8 -1.12213 -0.711748
51.9 -1.07987 -0.728512
52 -1.03166 -0.744591
52.1 -0.975207 -0.759876
52.2 -0.906808 -0.774217
52.3 -0.820011 -0.787388
52.4 -0.702661 -0.799027
52.5 -0.529559 -0.808502
52.6 -0.243092 -0.81459
52.7 0.287941 -0.814688
52.8 1.1728 -0.803842
52.9 1.82706 -0.780029
53 1.96279 -0.750313
53.1 1.99859 -0.719823
53.2 2.00445 -0.689238
53.3 1.99981 -0.658724
53.4 1.99148 -0.628336
53.5 1.98185 -0.598093
53.6 1.97174 -0.568003
53.7 1.96141 -0.53807
53.8 1.95094 -0.508295
53.9 1.94037 -0.478681
54 1.92969 -0.449228
54.1 1.91892 -0.419938
54.2 1.90803 -0.390813
54.3 1.89704 -0.361855
54.4 1.88594 -0.333065
54.5 1.87473 -0.304445
54.6 1.86339 -0.275996
54.7 1.85193 -0.247721
54.8 1.84035 -0.219621
54.9 1.82863 -0.191698
55 1.81677 -0.163955
55.1 1.80478 -0.136393
55.2 1.79263 -0.109016
55.3 1.78033 -0.0818237
55.4 1.76788 -0.0548202
55.5 1.75525 -0.0280076
55.6 1.74245 -0.00138852
55.7 1.72947 0.0250344
55.8 1.7163 0.0512583
55.9 1.70293 0.0772802
56 1.68935 0.103097
56.1 1.67554 0.128705
56.2 1.66151 0.154102
56.3 1.64724 0.179283
56.4 1.6327 0.204245
56.5 1.61789 0.228984
56.6 1.60279 0.253495
56.7 1.58739 0.277774
56.8 1.57165 0.301816
56.9 1.55556 0.325615
57 1.5391 0.349167
57.1 1.52223 0.372466
57.2 1.50492 0.395504
57.3 1.48713 0.418275
57.4 1.46883 0.440772
57.5 1.44997 0.462986
57.6 1.43049 0.484908
57.7 1.41032 0.506529
57.8 1.38939 0.527837
57.9 1.36761 0.54882
58 1.34487 0.569464
58.1 1.32104 0.589754
58.2 1.29595 0.609672
58.3 1.26941 0.629197
58.4 1.24115 0.648306
58.5 1.21085 0.666969
58.6 1.17806 0.685153
58.7 1.14219 0.702816
58.8 1.10241 0.719904
58.9 1.05751 0.736349
59 1.00568 0.752061
59.1 0.944062 0.766914
59.2 0.867857 0.780726
59.3 0.768409 0.793216
59.4 0.628667 0.803917
59.5 0.411495 0.811971
59.6 0.0296831 0.815634
59.7 -0.681708 0.811182
59.8 -1.57513 0.793668
59.9 -1.91216 0.765915
60 -1.98508 0.735676
60.1 -2.00318 0.705111
60.2 -2.00285 0.674551
60.3 -1.99603 0.644094
60.4 -1.98693 0.613775
60.5 -1.97702 0.583605
60.6 -1.96679 0.55359
60.7 -1.95639 0.523733
60.8 -1.94587 0.494035
60.9 -1.93525 0.464498
61 -1.92452 0.435123
61.1 -1.9137 0.405913
61.2 -1.90276 0.376868
61.3 -1.89172 0.34799
61.4 -1.88056 0.319281
61.5 -1.86929 0.290743
61.6 -1.8579 0.262378
61.7 -1.84638 0.234187
61.8 -1.83473 0.206172
61.9 -1.82295 0.178335
62 -1.81102 0.150679
62.1 -1.79896 0.123206
62.2 -1.78674 0.0959169
62.3 -1.77436 0.0688154
62.4 -1.76183 0.0419034
62.5 -1.74912 0.0151835
62.6 -1.73623 -0.0113416
62.7 -1.72316 -0.0376692
62.8 -1.70989 -0.0637963
62.9 -1.69642 -0.08972
63 -1.68274 -0.115437
63.1 -1.66883 -0.140944
63.2 -1.65468 -0.166237
63.3 -1.64028 -0.191314
63.4 -1.62562 -0.216169
63.5 -1.61067 -0.240799
63.6 -1.59542 -0.265199
63.7 -1.57986 -0.289364
63.8 -1.56396 -0.31329
63.9 -1.54769 -0.336972
64 -1.53104 -0.360403
64.1 -1.51396 -0.383577
64.2 -1.49643 -0.406488
64.3 -1.4784 -0.429128
64.4 -1.45984 -0.45149
64.5 -1.44068 -0.473565
64.6 -1.42088 -0.495343
64.7 -1.40035 -0.516815
64.8 -1.37903 -0.537968
64.9 -1.3568 -0.55879
65 -1.33355 -0.579266
65.1 -1.30914 -0.599379
65.2 -1.28338 -0.619111
65.3 -1.25605 -0.638439
65.4 -1.22686 -0.657338
65.5 -1.19542 -0.675775
65.6 -1.16124 -0.693714
65.7 -1.12361 -0.711108
65.8 -1.08155 -0.727896
65.9 -1.03359 -0.744002
66 -0.977507 -0.75932
66.1 -0.909649 -0.7737
66.2 -0.82371 -0.78692
66.3 -0.70784 -0.798625
66.4 -0.537565 -0.808198
66.5 -0.257099 -0.814447
66.6 0.26136 -0.814844
66.7 1.13748 -0.804504
66.8 1.81587 -0.781083
66.9 1.96002 -0.751443
67 1.99789 -0.720965
67.1 2.00445 -0.69038
67.2 2.00006 -0.659862
67.3 1.99182 -0.629469
67.4 1.98222 -0.59922
67.5 1.97212 -0.569125
67.6 1.96179 -0.539186
67.7 1.95133 -0.509405
67.8 1.94076 -0.479784
67.9 1.93009 -0.450325
68 1.91932 -0.42103
68.1 1.90844 -0.391899
68.2 1.89746 -0.362934
68.3 1.88636 -0.334138
68.4 1.87515 -0.305511
68.5 1.86382 -0.277056
68.6 1.85236 -0.248774
68.7 1.84078 -0.220668
68.8 1.82907 -0.192738
68.9 1.81722 -0.164989
69 1.80523 -0.13742
69.1 1.79309 -0.110035
69.2 1.7808 -0.0828365
69.3 1.76834 -0.0558259
69.4 1.75572 -0.0290061
69.5 1.74293 -0.00237975
69.6 1.72996 0.0240505
69.7 1.71679 0.0502819
69.8 1.70343 0.0763114
69.9 1.68986 0.102136
70 1.67606 0.127752
70.1 1.66204 0.153157
70.2 1.64777 0.178346
70.3 1.63325 0.203316
70.4 1.61845 0.228063
70.5 1.60336 0.252583
70.6 1.58797 0.276871
70.7 1.57224 0.300921
70.8 1.55617 0.32473
70.9 1.53972 0.348292
71 1.52287 0.3716
71.1 1.50557 0.394648
71.2 1.48781 0.417429
71.3 1.46953 0.439937
71.4 1.45069 0.462161
71.5 1.43123 0.484095
71.6 1.41109 0.505727
71.7 1.39019 0.527046
71.8 1.36844 0.548042
71.9 1.34574 0.568699
72 1.32195 0.589002
72.1 1.29691 0.608935
72.2 1.27043 0.628475
72.3 1.24224 0.6476
72.4 1.21202 0.66628
72.5 1.17934 0.684483
72.6 1.1436 0.702166
72.7 1.10398 0.719276
72.8 1.0593 0.735747
72.9 1.00777 0.751488
73 0.946589 0.766376
73.1 0.871052 0.780231
73.2 0.772704 0.792778
73.3 0.634952 0.803557
73.4 0.421788 0.811734
73.5 0.0487265 0.815611
73.6 -0.648003 0.811562
73.7 -1.54878 0.794557
73.8 -1.90774 0.767033
73.9 -1.9839 0.736819
74 -2.00301 0.706257
74.1 -2.00304 0.675693
74.2 -1.99635 0.645232
74.3 -1.9873 0.614907
74.4 -1.9774 0.584732
74.5 -1.96718 0.554711
74.6 -1.95678 0.524848
74.7 -1.94627 0.495144
74.8 -1.93565 0.465601
74.9 -1.92493 0.43622
75 -1.9141 0.407003
75.1 -1.90317 0.377952
75.2 -1.89214 0.349068
75.3 -1.88098 0.320353
75.4 -1.86971 0.291809
75.5 -1.85833 0.263437
75.6 -1.84681 0.235239
75.7 -1.83517 0.207217
75.8 -1.82339 0.179374
75.9 -1.81147 0.151711
76 -1.79941 0.124231
76.1 -1.7872 0.0969351
76.2 -1.77483 0.0698265
76.3 -1.7623 0.0429074
76.4 -1.7496 0.0161802
76.5 -1.73672 -0.0103522
76.6 -1.72365 -0.0366872
76.7 -1.71039 -0.0628219
76.8 -1.69693 -0.0887532
76.9 -1.68325 -0.114478
77 -1.66935 -0.139993
77.1 -1.65521 -0.165295
77.2 -1.64082 -0.190379
77.3 -1.62617 -0.215242
77.4 -1.61123 -0.239881
77.5 -1.596 -0.264289
77.6 -1.58045 -0.288464
77.7 -1.56456 -0.312399
77.8 -1.54831 -0.33609
77.9 -1.53167 -0.35953
78 -1.51461 -0.382714
78.1 -1.49709 -0.405635
78.2 -1.47909 -0.428285
78.3 -1.46054 -0.450658
78.4 -1.44141 -0.472743
78.5 -1.42163 -0.494533
78.6 -1.40114 -0.516016
78.7 -1.37984 -0.537182
78.8 -1.35765 -0.558016
78.9 -1.33444 -0.578506
79 -1.31008 -0.598633
79.1 -1.28437 -0.61838
79.2 -1.25711 -0.637723
79.3 -1.22799 -0.656638
79.4 -1.19665 -0.675094
79.5 -1.16258 -0.693052
79.6 -1.12509 -0.710467
79.7 -1.08322 -0.72728
79.8 -1.03552 -0.743413
79.9 -0.97979 -0.758762
80 -0.912464 -0.77318
80.1 -0.827367 -0.786449
80.2 -0.712945 -0.79822
80.3 -0.545422 -0.807889
80.4 -0.270781 -0.814297
80.5 0.235384 -0.814985
80.6 1.1019 -0.805145
80.7 1.8037 -0.782128
80.8 1.95707 -0.752572
80.9 1.99712 -0.722107
81 2.00444 -0.691522
81.1 2.00031 -0.661001
81.2 1.99216 -0.630602
81.3 1.98259 -0.600348
81.4 1.9725 -0.570247
81.5 1.96218 -0.540302
81.6 1.95173 -0.510515
81.7 1.94116 -0.480889
81.8 1.93049 -0.451424
81.9 1.91973 -0.422122
82 1.90885 -0.392985
82.1 1.89787 -0.364014
82.2 1.88678 -0.335211
82.3 1.87557 -0.306578
82.4 1.86424 -0.278116
82.5 1.85279 -0.249828
82.6 1.84122 -0.221715
82.7 1.82951 -0.193779
82.8 1.81766 -0.166023
82.9 1.80568 -0.138447
83 1.79355 -0.111056
83.1 1.78126 -0.0838499
83.2 1.76881 -0.0568322
83.3 1.7562 -0.0300053
83.4 1.74341 -0.00337162
83.5 1.73045 0.0230661
83.6 1.71729 0.0493049
83.7 1.70393 0.075342
83.8 1.69037 0.101174
83.9 1.67658 0.126798
84 1.66257 0.152211
84.1 1.64831 0.177408
84.2 1.6338 0.202387
84.3 1.61901 0.227142
84.4 1.60393 0.25167
84.5 1.58855 0.275967
84.6 1.57284 0.300027
84.7 1.55678 0.323845
84.8 1.54034 0.347416
84.9 1.5235 0.370733
85 1.50623 0.393791
85.1 1.48848 0.416583
85.2 1.47022 0.4391
85.3 1.4514 0.461336
85.4 1.43197 0.48328
85.5 1.41185 0.504923
85.6 1.39098 0.526255
85.7 1.36927 0.547263
85.8 1.3466 0.567933
85.9 1.32286 0.58825
86 1.29787 0.608196
86.1 1.27145 0.627752
86.2 1.24333 0.646893
86.3 1.21319 0.66559
86.4 1.18061 0.683812
86.5 1.145 0.701515
86.6 1.10554 0.718648
86.7 1.06108 0.735144
86.8 1.00985 0.750914
86.9 0.949097 0.765837
87 0.874217 0.779735
87.1 0.776948 0.792337
87.2 0.641139 0.803194
87.3 0.431873 0.811491
87.4 0.0673164 0.815578
87.5 -0.614744 0.811922
87.6 -1.52144 0.795431
87.7 -1.90315 0.76815
87.8 -1.98267 0.737962
87.9 -2.00283 0.707402
88 -2.00323 0.676836
88.1 -1.99666 0.646369
88.2 -1.98766 0.616039
88.3 -1.97778 0.585858
88.4 -1.96756 0.555831
88.5 -1.95717 0.525962
88.6 -1.94666 0.496252
88.7 -1.93605 0.466703
88.8 -1.92533 0.437316
88.9 -1.91451 0.408094
89 -1.90359 0.379036
89.1 -1.89255 0.350146
89.2 -1.8814 0.321425
89.3 -1.87014 0.292874
89.4 -1.85875 0.264495
89.5 -1.84724 0.236291
89.6 -1.83561 0.208263
89.7 -1.82383 0.180413
89.8 -1.81192 0.152743
89.9 -1.79986 0.125256
90 -1.78766 0.0979532
90.1 -1.7753 0.0708375
90.2 -1.76277 0.0439112
90.3 -1.75007 0.0171769
90.4 -1.7372 -0.00936289
90.5 -1.72415 -0.0357053
90.6 -1.71089 -0.0618476
90.7 -1.69744 -0.0877866
90.8 -1.68377 -0.113519
90.9 -1.66988 -0.139042
91 -1.65575 -0.164352
91.1 -1.64137 -0.189444
91.2 -1.62672 -0.214316
91.3 -1.6118 -0.238963
91.4 -1.59658 -0.26338
91.5 -1.58104 -0.287563
91.6 -1.56516 -0.311508
91.7 -1.54893 -0.335208
91.8 -1.5323 -0.358657
91.9 -1.51525 -0.381851
92 -1.49776 -0.404782
92.1 -1.47977 -0.427443
92.2 -1.46125 -0.449826
92.3 -1.44214 -0.471922
92.4 -1.42239 -0.493723
92.5 -1.40192 -0.515218
92.6 -1.38065 -0.536396
92.7 -1.3585 -0.557243
92.8 -1.33533 -0.577745
92.9 -1.31101 -0.597887
93 -1.28536 -0.617648
93.1 -1.25816 -0.637007
93.2 -1.22912 -0.655939
93.3 -1.19787 -0.674412
93.4 -1.16391 -0.69239
93.5 -1.12657 -0.709826
93.6 -1.08488 -0.726662
93.7 -1.03743 -0.742822
93.8 -0.982057 -0.758203
93.9 -0.915253 -0.77266
94 -0.830982 -0.785977
94.1 -0.717976 -0.797813
94.2 -0.553134 -0.807576
94.3 -0.284146 -0.814138
94.4 0.210008 -0.815112
94.5 1.06612 -0.805766
94.6 1.7905 -0.783163
94.7 1.95394 -0.7537
94.8 1.9963 -0.72325
94.9 2.0044 -0.692665
95 2.00055 -0.66214
95.1 1.99249 -0.631737
95.2 1.98296 -0.601477
95.3 1.97288 -0.57137
95.4 1.96257 -0.541419
95.5 1.95212 -0.511626
95.6 1.94156 -0.481994
95.7 1.9309 -0.452523
95.8 1.92013 -0.423215
95.9 1.90926 -0.394071
96 1.89828 -0.365094
96.1 1.88719 -0.336285
96.2 1.87599 -0.307646
96.3 1.86467 -0.279178
96.4 1.85322 -0.250883
96.5 1.84165 -0.222763
96.6 1.82995 -0.194821
96.7 1.81811 -0.167057
96.8 1.80613 -0.139475
96.9 1.794 -0.112077
97 1.78172 -0.0848639
97.1 1.76928 -0.0578392
97.2 1.75667 -0.0310051
97.3 1.7439 -0.00436415
97.4 1.73093 0.0220809
97.5 1.71778 0.0483273
97.6 1.70444 0.0743719
97.7 1.69088 0.100212
97.8 1.6771 0.125844
97.9 1.6631 0.151264
98 1.64885 0.17647
98.1 1.63434 0.201457
98.2 1.61957 0.226221
98.3 1.6045 0.250757
98.4 1.58913 0.275062
98.5 1.57343 0.299131
98.6 1.55739 0.322958
98.7 1.54096 0.346539
98.8 1.52414 0.369866
98.9 1.50688 0.392934
99 1.48915 0.415735
99.1 1.47091 0.438263
99.2 1.45212 0.460509
99.3 1.4327 0.482465
99.4 1.41262 0.50412
99.5 1.39178 0.525463
99.6 1.3701 0.546483
99.7 1.34747 0.567166
99.8 1.32377 0.587497
99.9 1.29883 0.607457
100 1.27246 0.627028
100.1 1.24441 0.646185
100.2 1.21436 0.664899
100.3 1.18188 0.683139
100.4 1.14639 0.700862
100.5 1.1071 0.718018
100.6 1.06285 0.734539
100.7 1.01191 0.750339
100.8 0.951586 0.765296
100.9 0.877352 0.779236
101 0.781142 0.791893
101.1 0.647231 0.802828
101.2 0.441757 0.811242
101.3 0.0854648 0.815534
101.4 -0.58196 0.812264
101.5 -1.49313 0.79629
101.6 -1.89837 0.769265
101.7 -1.9814 0.739103
101.8 -2.00263 0.708547
101.9 -2.0034 0.677978
102 -1.99697 0.647507
102.1 -1.98802 0.617171
102.2 -1.97816 0.586984
102.3 -1.96795 0.556952
102.4 -1.95756 0.527077
102.5 -1.94706 0.497361
102.6 -1.93645 0.467806
102.7 -1.92573 0.438413
102.8 -1.91492 0.409184
102.9 -1.904 0.38012
103 -1.89297 0.351224
103.1 -1.88182 0.322496
103.2 -1.87056 0.293939
103.3 -1.85918 0.265554
103.4 -1.84768 0.237343
103.5 -1.83604 0.209308
103.6 -1.82428 0.181451
103.7 -1.81237 0.153775
103.8 -1.80032 0.126281
103.9 -1.78812 0.0989711
104 -1.77576 0.0718484
104.1 -1.76324 0.044915
104.2 -1.75055 0.0181734
104.3 -1.73769 -0.0083737
104.4 -1.72464 -0.0347236
104.5 -1.71139 -0.0608734
104.6 -1.69795 -0.08682
104.7 -1.68428 -0.11256
104.8 -1.6704 -0.138091
104.9 -1.65628 -0.163409
105 -1.64191 -0.18851
105.1 -1.62728 -0.21339
105.2 -1.61236 -0.238045
105.3 -1.59715 -0.262471
105.4 -1.58163 -0.286663
105.5 -1.56576 -0.310616
105.6 -1.54954 -0.334326
105.7 -1.53293 -0.357785
105.8 -1.5159 -0.380988
105.9 -1.49842 -0.403929
106 -1.48045 -0.4266
106.1 -1.46195 -0.448993
106.2 -1.44286 -0.471101
106.3 -1.42314 -0.492913
106.4 -1.4027 -0.51442
106.5 -1.38147 -0.535609
106.6 -1.35934 -0.556469
106.7 -1.33622 -0.576985
106.8 -1.31194 -0.59714
106.9 -1.28635 -0.616916
107 -1.25921 -0.63629
107.1 -1.23024 -0.655239
107.2 -1.19908 -0.67373
107.3 -1.16524 -0.691727
107.4 -1.12804 -0.709184
107.5 -1.08653 -0.726044
107.6 -1.03933 -0.742231
107.7 -0.984306 -0.757643
107.8 -0.918018 -0.772138
107.9 -0.834558 -0.785503
108 -0.722935 -0.797402
108.1 -0.560704 -0.807259
108.2 -0.297203 -0.813973
108.3 0.185224 -0.815224
108.4 1.03022 -0.806366
108.5 1.77623 -0.784187
108.6 1.95065 -0.754827
108.7 1.99543 -0.724392
108.8 2.00435 -0.693809
108.9 2.00078 -0.66328
109 1.99283 -0.632872
109.1 1.98333 -0.602606
109.2 1.97327 -0.572494
109.3 1.96296 -0.542537
109.4 1.95251 -0.512738
109.5 1.94196 -0.4831
109.6 1.9313 -0.453622
109.7 1.92053 -0.424308
109.8 1.90967 -0.395159
109.9 1.89869 -0.366176
110 1.88761 -0.33736
110.1 1.87641 -0.308714
110.2 1.86509 -0.28024
110.3 1.85365 -0.251938
110.4 1.84209 -0.223812
110.5 1.83039 -0.195863
110.6 1.81856 -0.168093
110.7 1.80658 -0.140504
110.8 1.79446 -0.113099
110.9 1.78218 -0.0858787
111 1.76975 -0.0588469
111.1 1.75715 -0.0320056
111.2 1.74438 -0.00535735
111.3 1.73142 0.0210951
111.4 1.71828 0.0473489
111.5 1.70494 0.0734012
111.6 1.69139 0.0992489
111.7 1.67762 0.124889
111.8 1.66363 0.150317
111.9 1.64939 0.175531
112 1.63489 0.200526
112.1 1.62013 0.225298
112.2 1.60507 0.249843
112.3 1.58971 0.274157
112.4 1.57403 0.298235
112.5 1.55799 0.322071
112.6 1.54159 0.345661
112.7 1.52478 0.368998
112.8 1.50754 0.392075
112.9 1.48983 0.414887
113 1.47161 0.437425
113.1 1.45283 0.459682
113.2 1.43344 0.481649
113.3 1.41338 0.503315
113.4 1.39257 0.52467
113.5 1.37092 0.545703
113.6 1.34833 0.566399
113.7 1.32468 0.586743
113.8 1.29979 0.606717
113.9 1.27348 0.626303
114 1.2455 0.645476
114.1 1.21553 0.664208
114.2 1.18314 0.682466
114.3 1.14778 0.700209
114.4 1.10865 0.717387
114.5 1.06461 0.733933
114.6 1.01397 0.749762
114.7 0.954058 0.764753
114.8 0.880459 0.778736
114.9 0.785286 0.791447
115 0.65323 0.802457
115.1 0.451445 0.810988
115.2 0.103183 0.81548
115.3 -0.549675 0.812587
115.4 -1.46389 0.797133
115.5 -1.89333 0.770377
115.6 -1.98006 0.740244
115.7 -2.0024 0.709691
115.8 -2.00358 0.67912
115.9 -1.99728 0.648644
116 -1.98838 0.618303
116.1 -1.97854 0.58811
116.2 -1.96833 0.558072
116.3 -1.95795 0.528191
116.4 -1.94745 0.498469
116.5 -1.93684 0.468908
116.6 -1.92614 0.439509
116.7 -1.91532 0.410274
116.8 -1.90441 0.381204
116.9 -1.89338 0.352301
117 -1.88224 0.323567
117.1 -1.87099 0.295003
117.2 -1.85961 0.266612
117.3 -1.84811 0.238394
117.4 -1.83648 0.210353
117.5 -1.82472 0.18249
117.6 -1.81282 0.154806
117.7 -1.80077 0.127305
117.8 -1.78858 0.0999889
117.9 -1.77623 0.0728591
118 -1.76371 0.0459186
118.1 -1.75103 0.0191698
118.2 -1.73817 -0.00738464
118.3 -1.72513 -0.0337419
118.4 -1.71189 -0.0598993
118.5 -1.69845 -0.0858536
118.6 -1.6848 -0.111602
118.7 -1.67092 -0.13714
118.8 -1.65681 -0.162466
118.9 -1.64245 -0.187575
119 -1.62783 -0.212463
119.1 -1.61292 -0.237127
119.2 -1.59773 -0.261562
119.3 -1.58221 -0.285763
119.4 -1.56636 -0.309725
119.5 -1.55015 -0.333444
119.6 -1.53356 -0.356912
119.7 -1.51654 -0.380125
119.8 -1.49908 -0.403076
119.9 -1.48113 -0.425757
120 -1.46265 -0.448161
120.1 -1.44359 -0.47028
120.2 -1.42389 -0.492103
120.3 -1.40347 -0.513621
120.4 -1.38227 -0.534823
120.5 -1.36019 -0.555695
120.6 -1.3371 -0.576224
120.7 -1.31287 -0.596393
120.8 -1.28733 -0.616183
120.9 -1.26025 -0.635574
121 -1.23136 -0.654538
121.1 -1.20029 -0.673047
121.2 -1.16656 -0.691063
121.3 -1.1295 -0.708542
121.4 -1.08818 -0.725425
121.5 -1.04122 -0.741639
121.6 -0.986539 -0.757083
121.7 -0.920758 -0.771615
121.8 -0.838093 -0.785027
121.9 -0.727825 -0.79699
122 -0.568137 -0.806938
122.1 -0.309963 -0.8138
122.2 0.161027 -0.815323
122.3 0.994264 -0.806945
122.4 1.76086 -0.785202
122.5 1.94721 -0.755953
122.6 1.99451 -0.725535
122.7 2.00427 -0.694953
122.8 2.00101 -0.66442
122.9 1.99316 -0.634007
123 1.9837 -0.603737
123.1 1.97365 -0.573618
123.2 1.96335 -0.543655
123.3 1.95291 -0.513851
123.4 1.94235 -0.484206
123.5 1.9317 -0.454723
123.6 1.92094 -0.425403
123.7 1.91008 -0.396247
123.8 1.89911 -0.367257
123.9 1.88803 -0.338436
124 1.87683 -0.309783
124.1 1.86552 -0.281302
124.2 1.85408 -0.252995
124.3 1.84252 -0.224862
124.4 1.83083 -0.196906
124.5 1.819 -0.169129
124.6 1.80703 -0.141533
124.7 1.79491 -0.114121
124.8 1.78265 -0.0868941
124.9 1.77022 -0.0598552
125 1.75762 -0.0330067
125.1 1.74486 -0.00635123
125.2 1.73191 0.0201086
125.3 1.71878 0.0463699
125.4 1.70544 0.0724298
125.5 1.6919 0.0982852
125.6 1.67814 0.123933
125.7 1.66415 0.149369
125.8 1.64992 0.174591
125.9 1.63544 0.199594
126 1.62068 0.224375
126.1 1.60564 0.248929
126.2 1.59029 0.273252
126.3 1.57462 0.297338
126.4 1.5586 0.321184
126.5 1.54221 0.344782
126.6 1.52541 0.368129
126.7 1.50819 0.391216
126.8 1.4905 0.414038
126.9 1.4723 0.436587
127 1.45354 0.458854
127.1 1.43418 0.480832
127.2 1.41415 0.502509
127.3 1.39336 0.523877
127.4 1.37175 0.544921
127.5 1.3492 0.56563
127.6 1.32558 0.585988
127.7 1.30074 0.605977
127.8 1.27449 0.625577
127.9 1.24658 0.644766
128 1.21669 0.663515
128.1 1.18441 0.681791
128.2 1.14917 0.699555
128.3 1.11019 0.716755
128.4 1.06636 0.733326
128.5 1.01601 0.749184
128.6 0.956512 0.764209
128.7 0.883538 0.778233
128.8 0.789383 0.790999
128.9 0.659138 0.802083
129 0.460942 0.810728
129.1 0.120482 0.815416
129.2 -0.517911 0.812892
129.3 -1.43379 0.79796
129.4 -1.88799 0.771486
129.5 -1.97863 0.741384
129.6 -2.00215 0.710835
129.7 -2.00374 0.680261
129.8 -1.99759 0.649781
129.9 -1.98873 0.619434
130 -1.97891 0.589236
130.1 -1.96872 0.559192
130.2 -1.95834 0.529305
130.3 -1.94784 0.499577
130.4 -1.93724 0.47001
130.5 -1.92654 0.440605
130.6 -1.91573 0.411363
130.7 -1.90482 0.382287
130.8 -1.89379 0.353378
130.9 -1.88266 0.324638
131 -1.87141 0.296068
131.1 -1.86004 0.26767
131.2 -1.84854 0.239446
131.3 -1.83692 0.211398
131.4 -1.82516 0.183528
131.5 -1.81326 0.155838
131.6 -1.80122 0.12833
131.7 -1.78903 0.101006
131.8 -1.77669 0.0738697
131.9 -1.76418 0.0469221
132 -1.75151 0.0201661
132.1 -1.73866 -0.00639568
132.2 -1.72562 -0.0327604
132.3 -1.71239 -0.0589253
132.4 -1.69896 -0.0848872
132.5 -1.68531 -0.110643
132.6 -1.67145 -0.13619
132.7 -1.65734 -0.161523
132.8 -1.64299 -0.186641
132.9 -1.62838 -0.211537
133 -1.61349 -0.236209
133.1 -1.5983 -0.260653
133.2 -1.5828 -0.284863
133.3 -1.56696 -0.308834
133.4 -1.55077 -0.332562
133.5 -1.53418 -0.35604
133.6 -1.51719 -0.379262
133.7 -1.49974 -0.402223
133.8 -1.48181 -0.424914
133.9 -1.46335 -0.447329
134 -1.44431 -0.469458
134.1 -1.42464 -0.491293
134.2 -1.40425 -0.512823
134.3 -1.38308 -0.534036
134.4 -1.36103 -0.554921
134.5 -1.33798 -0.575463
134.6 -1.3138 -0.595646
134.7 -1.28831 -0.615451
134.8 -1.26129 -0.634856
134.9 -1.23248 -0.653837
135 -1.2015 -0.672364
135.1 -1.16787 -0.690399
135.2 -1.13095 -0.707899
135.3 -1.08981 -0.724806
135.4 -1.0431 -0.741046
135.5 -0.988756 -0.756521
135.6 -0.923474 -0.77109
135.7 -0.84159 -0.784549
135.8 -0.732646 -0.796574
135.9 -0.575438 -0.806612
136 -0.322433 -0.813619
136.1 0.137405 -0.815407
136.2 0.958306 -0.807503
136.3 1.74436 -0.786205
136.4 1.94363 -0.757079
136.5 1.99355 -0.726678
136.6 2.00419 -0.696097
136.7 2.00123 -0.665562
136.8 1.99349 -0.635143
136.9 1.98406 -0.604867
137 1.97403 -0.574743
137.1 1.96374 -0.544774
137.2 1.9533 -0.514964
137.3 1.94275 -0.485313
137.4 1.9321 -0.455824
137.5 1.92134 -0.426497
137.6 1.91049 -0.397335
137.7 1.89952 -0.36834
137.8 1.88844 -0.339512
137.9 1.87725 -0.310853
138 1.86595 -0.282366
138.1 1.85451 -0.254051
138.2 1.84296 -0.225912
138.3 1.83127 -0.197949
138.4 1.81945 -0.170166
138.5 1.80748 -0.142563
138.6 1.79537 -0.115144
138.7 1.78311 -0.0879101
138.8 1.77069 -0.0608642
138.9 1.7581 -0.0340085
139 1.74534 -0.00734575
139.1 1.7324 0.0191214
139.2 1.71927 0.0453902
139.3 1.70595 0.0714577
139.4 1.69241 0.0973208
139.5 1.67866 0.122976
139.6 1.66468 0.148421
139.7 1.65046 0.173651
139.8 1.63599 0.198662
139.9 1.62124 0.223451
140 1.60621 0.248014
140.1 1.59087 0.272345
140.2 1.57521 0.296441
140.3 1.55921 0.320295
140.4 1.54283 0.343903
140.5 1.52605 0.367259
140.6 1.50884 0.390357
140.7 1.49117 0.413188
140.8 1.47299 0.435747
140.9 1.45426 0.458026
141 1.43492 0.480014
141.1 1.41491 0.501703
141.2 1.39416 0.523082
141.3 1.37258 0.544139
141.4 1.35006 0.564861
141.5 1.32649 0.585232
141.6 1.3017 0.605235
141.7 1.2755 0.624851
141.8 1.24766 0.644055
141.9 1.21785 0.662821
142 1.18566 0.681116
142.1 1.15055 0.6989
142.2 1.11173 0.716122
142.3 1.06811 0.732718
142.4 1.01804 0.748604
142.5 0.958948 0.763663
142.6 0.886588 0.777729
142.7 0.793431 0.790548
142.8 0.664957 0.801706
142.9 0.470255 0.810463
143 0.137372 0.815342
143.1 -0.486688 0.813178
143.2 -1.40286 0.798771
143.3 -1.88227 0.772591
143.4 -1.97711 0.742523
143.5 -2.00187 0.711978
143.6 -2.00388 0.681402
143.7 -1.99789 0.650917
143.8 -1.98909 0.620565
143.9 -1.97929 0.590361
144 -1.9691 0.560311
144.1 -1.95873 0.530419
144.2 -1.94824 0.500685
144.3 -1.93764 0.471112
144.4 -1.92694 0.4417
144.5 -1.91614 0.412453
144.6 -1.90523 0.383371
144.7 -1.89421 0.354455
144.8 -1.88308 0.325709
144.9 -1.87183 0.297132
145 -1.86046 0.268728
145.1 -1.84897 0.240497
145.2 -1.83735 0.212443
145.3 -1.8256 0.184566
145.4 -1.81371 0.156869
145.5 -1.80168 0.129354
145.6 -1.78949 0.102024
145.7 -1.77715 0.0748802
145.8 -1.76465 0.0479255
145.9 -1.75198 0.0211623
146 -1.73914 -0.00540679
146.1 -1.72611 -0.0317789
146.2 -1.71289 -0.0579513
146.3 -1.69946 -0.0839209
146.4 -1.68583 -0.109685
146.5 -1.67197 -0.135239
146.6 -1.65787 -0.160581
146.7 -1.64353 -0.185706
146.8 -1.62893 -0.210611
146.9 -1.61405 -0.235292
147 -1.59887 -0.259744
147.1 -1.58338 -0.283962
147.2 -1.56756 -0.307943
147.3 -1.55138 -0.331679
147.4 -1.53481 -0.355167
147.5 -1.51783 -0.378399
147.6 -1.5004 -0.40137
147.7 -1.48249 -0.424072
147.8 -1.46405 -0.446497
147.9 -1.44504 -0.468637
148 -1.42538 -0.490482
148.1 -1.40503 -0.512024
148.2 -1.38389 -0.53325
148.3 -1.36187 -0.554147
148.4 -1.33887 -0.574702
148.5 -1.31473 -0.594898
148.6 -1.28929 -0.614718
148.7 -1.26233 -0.634139
148.8 -1.23359 -0.653136
148.9 -1.2027 -0.67168
149 -1.16918 -0.689735
149.1 -1.1324 -0.707255
149.2 -1.09144 -0.724186
149.3 -1.04497 -0.740453
149.4 -0.990958 -0.755958
149.5 -0.926166 -0.770564
149.6 -0.845049 -0.78407
149.7 -0.737402 -0.796156
149.8 -0.582608 -0.806283
149.9 -0.334624 -0.813432
150 0.114349 -0.815479
150.1 0.922411 -0.808041
150.2 1.72674 -0.787196
150.3 1.93993 -0.758204
150.4 1.99255 -0.727822
150.5 2.00409 -0.697242
150.6 2.00145 -0.666703
150.7 1.99381 -0.63628
150.8 1.98443 -0.605998
150.9 1.97441 -0.575868
151 1.96413 -0.545894
151.1 1.95369 -0.516077
151.2 1.94315 -0.486421
151.3 1.9325 -0.456925
151.4 1.92175 -0.427593
151.5 1.91089 -0.398425
151.6 1.89993 -0.369423
151.7 1.88886 -0.340588
151.8 1.87767 -0.311923
151.9 1.86637 -0.283429
152 1.85495 -0.255109
152.1 1.84339 -0.226963
152.2 1.83171 -0.198993
152.3 1.81989 -0.171203
152.4 1.80793 -0.143594
152.5 1.79583 -0.116168
152.6 1.78357 -0.0889268
152.7 1.77115 -0.0618737
152.8 1.75857 -0.0350109
152.9 1.74582 -0.00834086
153 1.73289 0.0181337
153.1 1.71977 0.04441
153.2 1.70645 0.0704851
153.3 1.69292 0.0963559
153.4 1.67918 0.122019
153.5 1.66521 0.147472
153.6 1.651 0.17271
153.7 1.63653 0.197729
153.8 1.6218 0.222527
153.9 1.60678 0.247098
154 1.59145 0.271438
154.1 1.5758 0.295543
154.2 1.55981 0.319406
154.3 1.54345 0.343024
154.4 1.52669 0.366389
154.5 1.5095 0.389496
154.6 1.49184 0.412338
154.7 1.47368 0.434908
154.8 1.45497 0.457196
154.9 1.43565 0.479196
155 1.41567 0.500897
155.1 1.39495 0.522287
155.2 1.3734 0.543357
155.3 1.35092 0.564091
155.4 1.32739 0.584476
155.5 1.30265 0.604493
155.6 1.27651 0.624123
155.7 1.24873 0.643343
155.8 1.219 0.662127
155.9 1.18692 0.68044
156 1.15192 0.698243
156.1 1.11326 0.715488
156.2 1.06985 0.732109
156.3 1.02006 0.748023
156.4 0.961366 0.763116
156.5 0.889612 0.777223
156.6 0.797434 0.790094
156.7 0.67069 0.801325
156.8 0.479388 0.810192
156.9 0.153864 0.815259
157 -0.456023 0.813448
157.1 -1.37115 0.799563
157.2 -1.8761 0.773692
157.3 -1.97548 0.743661
157.4 -2.00154 0.713122
157.5 -2.00402 0.682543
157.6 -1.99819 0.652054
157.7 -1.98944 0.621696
157.8 -1.97967 0.591487
157.9 -1.96949 0.561431
158 -1.95912 0.531532
158.1 -1.94863 0.501793
158.2 -1.93804 0.472213
158.3 -1.92734 0.442796
158.4 -1.91654 0.413542
158.5 -1.90564 0.384454
158.6 -1.89462 0.355532
158.7 -1.88349 0.326779
158.8 -1.87225 0.298196
158.9 -1.86089 0.269786
159 -1.8494 0.241549
159.1 -1.83779 0.213487
159.2 -1.82604 0.185604
159.3 -1.81416 0.1579
159.4 -1.80213 0.130379
159.5 -1.78995 0.103042
159.6 -1.77762 0.0758907
159.7 -1.76512 0.0489289
159.8 -1.75246 0.0221585
159.9 -1.73962 -0.00441789
160 -1.7266 -0.0307974
160.1 -1.71339 -0.0569773
160.2 -1.69997 -0.0829545
160.3 -1.68634 -0.108726
160.4 -1.67249 -0.134288
160.5 -1.65841 -0.159638
160.6 -1.64407 -0.184771
160.7 -1.62948 -0.209685
160.8 -1.61461 -0.234374
160.9 -1.59944 -0.258835
161 -1.58397 -0.283062
161.1 -1.56816 -0.307051
161.2 -1.55199 -0.330797
161.3 -1.53544 -0.354294
161.4 -1.51847 -0.377536
161.5 -1.50106 -0.400517
161.6 -1.48317 -0.423228
161.7 -1.46475 -0.445664
161.8 -1.44576 -0.467815
161.9 -1.42613 -0.489672
162 -1.4058 -0.511225
162.1 -1.38469 -0.532463
162.2 -1.36271 -0.553373
162.3 -1.33974 -0.573941
162.4 -1.31565 -0.594151
162.5 -1.29027 -0.613985
162.6 -1.26337 -0.633421
162.7 -1.2347 -0.652434
162.8 -1.20389 -0.670996
162.9 -1.17049 -0.68907
163 -1.13384 -0.706611
163.1 -1.09306 -0.723565
163.2 -1.04682 -0.739858
163.3 -0.993144 -0.755394
163.4 -0.928835 -0.770037
163.5 -0.848471 -0.783588
163.6 -0.742092 -0.795736
163.7 -0.589654 -0.80595
163.8 -0.346545 -0.813239
163.9 0.091847 -0.815537
164 0.886633 -0.808558
164.1 1.70796 -0.788176
164.2 1.93614 -0.759329
164.3 1.99153 -0.728966
164.4 2.00398 -0.698388
164.5 2.00166 -0.667846
164.6 1.99414 -0.637417
164.7 1.9848 -0.60713
164.8 1.97479 -0.576994
164.9 1.96451 -0.547014
165 1.95408 -0.517191
165.1 1.94354 -0.487529
165.2 1.9329 -0.458027
165.3 1.92215 -0.428689
165.4 1.9113 -0.399514
165.5 1.90035 -0.370506
165.6 1.88928 -0.341665
165.7 1.8781 -0.312994
165.8 1.8668 -0.284494
165.9 1.85538 -0.256166
166 1.84383 -0.228014
166.1 1.83215 -0.200038
166.2 1.82034 -0.172241
166.3 1.80838 -0.144625
166.4 1.79628 -0.117192
166.5 1.78403 -0.0899439
166.6 1.77162 -0.0628838
166.7 1.75905 -0.0360138
166.8 1.7463 -0.00933648
166.9 1.73337 0.0171454
167 1.72026 0.0434292
167.1 1.70695 0.0695119
167.2 1.69343 0.0953904
167.3 1.6797 0.121062
167.4 1.66574 0.146522
167.5 1.65154 0.171768
167.6 1.63708 0.196796
167.7 1.62235 0.221602
167.8 1.60734 0.246182
167.9 1.59203 0.27053
168 1.5764 0.294644
168.1 1.56042 0.318517
168.2 1.54407 0.342143
168.3 1.52732 0.365518
168.4 1.51015 0.388635
168.5 1.49251 0.411487
168.6 1.47437 0.434067
168.7 1.45568 0.456367
168.8 1.43639 0.478377
168.9 1.41643 0.500089
169 1.39574 0.521492
169.1 1.37422 0.542573
169.2 1.35178 0.563321
169.3 1.32829 0.583718
169.4 1.3036 0.60375
169.5 1.27752 0.623395
169.6 1.24981 0.642631
169.7 1.22016 0.661431
169.8 1.18817 0.679763
169.9 1.1533 0.697586
170 1.11479 0.714852
170.1 1.07158 0.731498
170.2 1.02206 0.747441
170.3 0.963768 0.762567
170.4 0.892608 0.776715
170.5 0.80139 0.789639
170.6 0.676338 0.800941
170.7 0.488344 0.809916
170.8 0.169967 0.815166
170.9 -0.42593 0.813699
171 -1.33873 0.800339
171.1 -1.86941 0.774788
171.2 -1.97371 0.744798
171.3 -2.00117 0.714264
171.4 -2.00414 0.683684
171.5 -1.99848 0.65319
171.6 -1.9898 0.622828
171.7 -1.98004 0.592612
171.8 -1.96987 0.562551
171.9 -1.95951 0.532646
172 -1.94903 0.5029
172.1 -1.93844 0.473315
172.2 -1.92774 0.443892
172.3 -1.91695 0.414632
172.4 -1.90604 0.385537
172.5 -1.89503 0.356609
172.6 -1.88391 0.32785
172.7 -1.87267 0.299261
172.8 -1.86132 0.270843
172.9 -1.84984 0.2426
173 -1.83823 0.214532
173.1 -1.82648 0.186642
173.2 -1.8146 0.158932
173.3 -1.80258 0.131403
173.4 -1.79041 0.104059
173.5 -1.77808 0.0769013
173.6 -1.76559 0.0499323
173.7 -1.75294 0.0231547
173.8 -1.7401 -0.00342891
173.9 -1.72709 -0.0298159
174 -1.71388 -0.0560032
174.1 -1.70047 -0.0819881
174.2 -1.68685 -0.107767
174.3 -1.67301 -0.133337
174.4 -1.65894 -0.158695
174.5 -1.64461 -0.183837
174.6 -1.63003 -0.208758
174.7 -1.61517 -0.233456
174.8 -1.60002 -0.257925
174.9 -1.58455 -0.282161
175 -1.56875 -0.30616
175.1 -1.5526 -0.329915
175.2 -1.53606 -0.353421
175.3 -1.51911 -0.376673
175.4 -1.50172 -0.399663
175.5 -1.48385 -0.422385
175.6 -1.46545 -0.444831
175.7 -1.44648 -0.466993
175.8 -1.42687 -0.488861
175.9 -1.40657 -0.510426
176 -1.3855 -0.531675
176.1 -1.36355 -0.552598
176.2 -1.34062 -0.573179
176.3 -1.31657 -0.593403
176.4 -1.29124 -0.613251
176.5 -1.26441 -0.632702
176.6 -1.23581 -0.651732
176.7 -1.20509 -0.670311
176.8 -1.17179 -0.688404
176.9 -1.13528 -0.705966
177 -1.09467 -0.722943
177.1 -1.04867 -0.739262
177.2 -0.995314 -0.754829
177.3 -0.931482 -0.769508
177.4 -0.851858 -0.783105
177.5 -0.74672 -0.795312
177.6 -0.596578 -0.805612
177.7 -0.358204 -0.813038
177.8 0.0698866 -0.815583
177.9 0.851028 -0.809054
178 1.68805 -0.789144
178.1 1.93225 -0.760453
178.2 1.99048 -0.730109
178.3 2.00386 -0.699533
178.4 2.00187 -0.668988
178.5 1.99446 -0.638555
178.6 1.98516 -0.608262
178.7 1.97517 -0.578121
178.8 1.9649 -0.548134
178.9 1.95448 -0.518306
179 1.94394 -0.488637
179.1 1.9333 -0.45913
179.2 1.92256 -0.429785
179.3 1.91171 -0.400605
179.4 1.90076 -0.37159
179.5 1.88969 -0.342743
179.6 1.87852 -0.314065
179.7 1.86722 -0.285559
179.8 1.85581 -0.257225
179.9 1.84426 -0.229066
180 1.83259 -0.201083
180.1 1.82078 -0.173279
180.2 1.80883 -0.145656
180.3 1.79674 -0.118216
180.4 1.78449 -0.0909615
180.5 1.77209 -0.0638943
180.6 1.75952 -0.0370171
180.7 1.74678 -0.0103325
180.8 1.73386 0.0161568
180.9 1.72076 0.042448
181 1.70745 0.0685383
181.1 1.69394 0.0944245
181.2 1.68022 0.120103
181.3 1.66627 0.145572
181.4 1.65207 0.170826
181.5 1.63763 0.195862
181.6 1.62291 0.220676
181.7 1.60791 0.245265
181.8 1.59261 0.269622
181.9 1.57699 0.293745
182 1.56102 0.317627
182.1 1.54469 0.341263
182.2 1.52796 0.364647
182.3 1.5108 0.387774
182.4 1.49318 0.410636
182.5 1.47506 0.433226
182.6 1.45639 0.455536
182.7 1.43712 0.477558
182.8 1.41719 0.499281
182.9 1.39653 0.520696
183 1.37505 0.541789
183.1 1.35264 0.562549
183.2 1.32919 0.582961
183.3 1.30455 0.603006
183.4 1.27852 0.622666
183.5 1.25088 0.641918
183.6 1.22131 0.660735
183.7 1.18941 0.679085
183.8 1.15466 0.696928
183.9 1.11631 0.714216
184 1.0733 0.730887
184.1 1.02406 0.746857
184.2 0.966151 0.762017
184.3 0.895577 0.776205
184.4 0.805302 0.78918
184.5 0.681902 0.800554
184.6 0.497129 0.809635
184.7 0.18569 0.815065
184.8 -0.39642 0.813934
184.9 -1.30566 0.801095
185 -1.86214 0.775878
185.1 -1.97179 0.745933
185.2 -2.00075 0.715407
185.3 -2.00424 0.684825
185.4 -1.99877 0.654327
185.5 -1.99015 0.623959
185.6 -1.98041 0.593738
185.7 -1.97026 0.56367
185.8 -1.9599 0.53376
185.9 -1.94942 0.504008
186 -1.93883 0.474417
186.1 -1.92814 0.444987
186.2 -1.91735 0.415722
186.3 -1.90645 0.386621
186.4 -1.89545 0.357687
186.5 -1.88433 0.328921
186.6 -1.8731 0.300325
186.7 -1.86174 0.271901
186.8 -1.85027 0.243651
186.9 -1.83866 0.215577
187 -1.82693 0.18768
187.1 -1.81505 0.159963
187.2 -1.80303 0.132428
187.3 -1.79087 0.105077
187.4 -1.77854 0.077912
187.5 -1.76606 0.050936
187.6 -1.75341 0.0241512
187.7 -1.74059 -0.00243976
187.8 -1.72758 -0.0288341
187.9 -1.71438 -0.055029
188 -1.70098 -0.0810215
188.1 -1.68737 -0.106808
188.2 -1.67353 -0.132386
188.3 -1.65947 -0.157752
188.4 -1.64515 -0.182902
188.5 -1.63058 -0.207832
188.6 -1.61573 -0.232538
188.7 -1.60059 -0.257016
188.8 -1.58513 -0.281261
188.9 -1.56935 -0.305268
189 -1.55321 -0.329032
189.1 -1.53669 -0.352548
189.2 -1.51976 -0.375809
189.3 -1.50238 -0.39881
189.4 -1.48452 -0.421542
189.5 -1.46615 -0.443998
189.6 -1.4472 -0.466171
189.7 -1.42762 -0.48805
189.8 -1.40734 -0.509626
189.9 -1.3863 -0.530888
190 -1.36439 -0.551823
190.1 -1.3415 -0.572417
190.2 -1.31749 -0.592654
190.3 -1.29221 -0.612517
190.4 -1.26544 -0.631983
190.5 -1.23691 -0.65103
190.6 -1.20628 -0.669626
190.7 -1.17309 -0.687738
190.8 -1.13671 -0.705321
190.9 -1.09627 -0.72232
191 -1.0505 -0.738666
191.1 -0.997471 -0.754262
191.2 -0.934106 -0.768978
191.3 -0.855209 -0.78262
191.4 -0.751288 -0.794887
191.5 -0.603385 -0.805271
191.6 -0.369611 -0.812831
191.7 0.0484552 -0.815616
191.8 0.815644 -0.80953
191.9 1.66699 -0.790099
192 1.92828 -0.761577
192.1 1.9894 -0.731253
192.2 2.00373 -0.700679
192.3 2.00208 -0.670131
192.4 1.99479 -0.639693
192.5 1.98553 -0.609395
192.6 1.97555 -0.579247
192.7 1.96529 -0.549255
192.8 1.95487 -0.519421
192.9 1.94434 -0.489746
193 1.9337 -0.460233
193.1 1.92296 -0.430882
193.2 1.91212 -0.401695
193.3 1.90117 -0.372674
193.4 1.89011 -0.343821
193.5 1.87894 -0.315137
193.6 1.86765 -0.286624
193.7 1.85624 -0.258283
193.8 1.8447 -0.230118
193.9 1.83303 -0.202128
194 1.82123 -0.174318
194.1 1.80928 -0.146688
194.2 1.7972 -0.119241
194.3 1.78496 -0.0919794
194.4 1.77256 -0.0649051
194.5 1.76 -0.0380208
194.6 1.74726 -0.0113289
194.7 1.73435 0.0151677
194.8 1.72125 0.0414664
194.9 1.70795 0.0675643
195 1.69445 0.0934582
195.1 1.68074 0.119145
195.2 1.66679 0.144621
195.3 1.65261 0.169884
195.4 1.63817 0.194928
195.5 1.62347 0.219751
195.6 1.60848 0.244347
195.7 1.59319 0.268714
195.8 1.57758 0.292845
195.9 1.56163 0.316736
196 1.54531 0.340382
196.1 1.52859 0.363776
196.2 1.51145 0.386912
196.3 1.49385 0.409784
196.4 1.47575 0.432385
196.5 1.4571 0.454705
196.6 1.43786 0.476738
196.7 1.41795 0.498473
196.8 1.39732 0.519899
196.9 1.37587 0.541005
197 1.3535 0.561778
197.1 1.33009 0.582202
197.2 1.3055 0.602262
197.3 1.27953 0.621937
197.4 1.25195 0.641204
197.5 1.22245 0.660038
197.6 1.19066 0.678406
197.7 1.15602 0.696269
197.8 1.11782 0.713579
197.9 1.07501 0.730274
198 1.02604 0.746273
198.1 0.968518 0.761465
198.2 0.898519 0.775693
198.3 0.809168 0.78872
198.4 0.687385 0.800163
198.5 0.505747 0.809349
198.6 0.201043 0.814954
198.7 -0.367504 0.814152
198.8 -1.27199 0.801833
198.9 -1.85419 0.776962
199 -1.96972 0.747067
199.1 -2.00028 0.716549
199.2 -2.00433 0.685966
199.3 -1.99905 0.655463
199.4 -1.9905 0.62509
199.5 -1.98079 0.594863
199.6 -1.97064 0.56479
199.7 -1.96029 0.534874
199.8 -1.94981 0.505116
199.9 -1.93923 0.475519
200 -1.92854 0.446083
