0 2 0
0.1 1.79413 0.0279157
0.2 1.73381 0.0543973
0.3 1.70699 0.0803148
0.4 1.68945 0.105921
0.5 1.6745 0.131288
0.6 1.66018 0.156436
0.7 1.64587 0.181368
0.8 1.6314 0.206084
0.9 1.61668 0.23058
1 1.60169 0.254852
1.1 1.58639 0.278895
1.2 1.57077 0.302705
1.3 1.55481 0.326277
1.4 1.53847 0.349606
1.5 1.52173 0.372685
1.6 1.50456 0.395508
1.7 1.48692 0.418069
1.8 1.46877 0.44036
1.9 1.45006 0.462373
2 1.43075 0.4841
2.1 1.41076 0.50553
2.2 1.39002 0.526653
2.3 1.36845 0.547457
2.4 1.34593 0.567929
2.5 1.32234 0.588053
2.6 1.29753 0.607813
2.7 1.27129 0.627187
2.8 1.24337 0.646154
2.9 1.21345 0.664685
3 1.18112 0.682747
3.1 1.14578 0.700299
3.2 1.10666 0.717291
3.3 1.06258 0.733658
3.4 1.01182 0.749312
3.5 0.951671 0.764133
3.6 0.87759 0.77795
3.7 0.781449 0.790497
3.8 0.647351 0.801336
3.9 0.440884 0.809671
4 0.0809757 0.813889
4.1 -0.596571 0.810513
4.2 -1.51182 0.794399
4.3 -1.90057 0.767427
4.4 -1.98081 0.73752
4.5 -2.00181 0.707244
4.6 -2.00278 0.676959
4.7 -1.99654 0.64677
4.8 -1.98773 0.616714
4.9 -1.97799 0.586803
5 -1.96788 0.557045
5.1 -1.95759 0.52744
5.2 -1.94718 0.497992
5.3 -1.93666 0.468702
5.4 -1.92605 0.439571
5.5 -1.91533 0.410601
5.6 -1.90452 0.381793
5.7 -1.89359 0.35315
5.8 -1.88255 0.324672
5.9 -1.8714 0.296361
6 -1.86013 0.268219
6.1 -1.84874 0.240249
6.2 -1.83722 0.212451
6.3 -1.82558 0.184827
6.4 -1.81379 0.157381
6.5 -1.80187 0.130113
6.6 -1.78979 0.103026
6.7 -1.77757 0.0761227
6.8 -1.76519 0.0494047
6.9 -1.75264 0.0228748
7 -1.73992 -0.00346462
7.1 -1.72701 -0.0296108
7.2 -1.71392 -0.0555609
7.3 -1.70064 -0.0813121
7.4 -1.68714 -0.106861
7.5 -1.67343 -0.132205
7.6 -1.65948 -0.157341
7.7 -1.6453 -0.182264
7.8 -1.63085 -0.206972
7.9 -1.61614 -0.231459
8 -1.60114 -0.255723
8.1 -1.58584 -0.279758
8.2 -1.5702 -0.30356
8.3 -1.55422 -0.327123
8.4 -1.53787 -0.350443
8.5 -1.52112 -0.373512
8.6 -1.50393 -0.396326
8.7 -1.48627 -0.418878
8.8 -1.4681 -0.441159
8.9 -1.44938 -0.463162
9 -1.43004 -0.484878
9.1 -1.41002 -0.506297
9.2 -1.38926 -0.527409
9.3 -1.36765 -0.548201
9.4 -1.3451 -0.568661
9.5 -1.32147 -0.588772
9.6 -1.29661 -0.608518
9.7 -1.27031 -0.627878
9.8 -1.24233 -0.64683
9.9 -1.21233 -0.665344
10 -1.1799 -0.683389
10.1 -1.14445 -0.700922
10.2 -1.10516 -0.717893
10.3 -1.06088 -0.734235
10.4 -1.00984 -0.749862
10.5 -0.949277 -0.76465
10.6 -0.874572 -0.778427
10.7 -0.777406 -0.790921
10.8 -0.641463 -0.801687
10.9 -0.431291 -0.809908
11 -0.0632547 -0.813929
11.1 0.628639 -0.810179
11.2 1.53874 -0.793569
11.3 1.90494 -0.76636
11.4 1.98199 -0.736428
11.5 2.002 -0.70615
11.6 2.00261 -0.675868
11.7 1.99624 -0.645683
11.8 1.98739 -0.615632
11.9 1.97763 -0.585727
12 1.96751 -0.555974
12.1 1.95721 -0.526375
12.2 1.9468 -0.496932
12.3 1.93628 -0.467648
12.4 1.92567 -0.438523
12.5 1.91495 -0.409558
12.6 1.90412 -0.380757
12.7 1.89319 -0.352119
12.8 1.88215 -0.323647
12.9 1.871 -0.295342
13 1.85972 -0.267207
13.1 1.84833 -0.239242
13.2 1.83681 -0.211451
13.3 1.82515 -0.183834
13.4 1.81336 -0.156394
13.5 1.80143 -0.129132
13.6 1.78936 -0.102052
13.7 1.77713 -0.0751553
13.8 1.76474 -0.048444
13.9 1.75218 -0.0219209
14 1.73945 0.00441155
14.1 1.72655 0.0305507
14.2 1.71345 0.0564937
14.3 1.70015 0.0822377
14.4 1.68665 0.10778
14.5 1.67293 0.133116
14.6 1.65897 0.158244
14.7 1.64478 0.18316
14.8 1.63033 0.207859
14.9 1.6156 0.232339
15 1.60059 0.256594
15.1 1.58528 0.280621
15.2 1.56963 0.304414
15.3 1.55364 0.327969
15.4 1.53727 0.351279
15.5 1.5205 0.37434
15.6 1.5033 0.397145
15.7 1.48562 0.419687
15.8 1.46744 0.441958
15.9 1.44869 0.463951
16 1.42933 0.485656
16.1 1.40929 0.507064
16.2 1.38849 0.528165
16.3 1.36686 0.548945
16.4 1.34427 0.569393
16.5 1.3206 0.589491
16.6 1.29568 0.609224
16.7 1.26933 0.62857
16.8 1.24128 0.647506
16.9 1.21121 0.666004
17 1.17868 0.684031
17.1 1.1431 0.701545
17.2 1.10366 0.718494
17.3 1.05916 0.734812
17.4 1.00784 0.750411
17.5 0.946863 0.765166
17.6 0.871522 0.778902
17.7 0.773311 0.791343
17.8 0.635478 0.802034
17.9 0.421496 0.810141
18 0.0450936 0.813958
18.1 -0.661181 0.809827
18.2 -1.56475 0.792724
18.3 -1.90916 0.765289
18.4 -1.98314 0.735335
18.5 -2.00218 0.705054
18.6 -2.00244 0.674775
18.7 -1.99595 0.644595
18.8 -1.98704 0.614548
18.9 -1.97726 0.584649
19 -1.96714 0.554901
19.1 -1.95684 0.525308
19.2 -1.94642 0.495871
19.3 -1.9359 0.466592
19.4 -1.92528 0.437473
19.5 -1.91456 0.408515
19.6 -1.90373 0.379719
19.7 -1.8928 0.351087
19.8 -1.88175 0.322621
19.9 -1.87059 0.294322
20 -1.85931 0.266193
20.1 -1.84791 0.238235
20.2 -1.83639 0.210449
20.3 -1.82473 0.182839
20.4 -1.81293 0.155405
20.5 -1.801 0.12815
20.6 -1.78892 0.101077
20.7 -1.77668 0.0741865
20.8 -1.76429 0.0474821
20.9 -1.75172 0.0209658
21 -1.73899 -0.00535972
21.1 -1.72608 -0.0314918
21.2 -1.71297 -0.0574277
21.3 -1.69967 -0.0831644
21.4 -1.68616 -0.108699
21.5 -1.67243 -0.134028
21.6 -1.65846 -0.159148
21.7 -1.64426 -0.184056
21.8 -1.6298 -0.208748
21.9 -1.61507 -0.233219
22 -1.60005 -0.257467
22.1 -1.58472 -0.281485
22.2 -1.56906 -0.30527
22.3 -1.55306 -0.328816
22.4 -1.53667 -0.352117
22.5 -1.51989 -0.375169
22.6 -1.50267 -0.397964
22.7 -1.48498 -0.420496
22.8 -1.46677 -0.442758
22.9 -1.448 -0.46474
23 -1.42862 -0.486435
23.1 -1.40855 -0.507832
23.2 -1.38773 -0.528922
23.3 -1.36606 -0.54969
23.4 -1.34343 -0.570125
23.5 -1.31972 -0.590211
23.6 -1.29476 -0.60993
23.7 -1.26835 -0.629261
23.8 -1.24023 -0.648182
23.9 -1.21008 -0.666664
24 -1.17745 -0.684673
24.1 -1.14175 -0.702168
24.2 -1.10215 -0.719095
24.3 -1.05744 -0.735389
24.4 -1.00582 -0.75096
24.5 -0.944427 -0.765682
24.6 -0.86844 -0.779376
24.7 -0.769159 -0.791764
24.8 -0.629389 -0.802379
24.9 -0.411485 -0.810368
25 -0.0264647 -0.813978
25.1 0.694198 -0.809456
25.2 1.58984 -0.791863
25.3 1.91328 -0.764215
25.4 1.98427 -0.734239
25.5 2.00235 -0.703956
25.6 2.00226 -0.673679
25.7 1.99564 -0.643504
25.8 1.9867 -0.613462
25.9 1.9769 -0.583568
26 1.96677 -0.553826
26.1 1.95646 -0.524239
26.2 1.94604 -0.494808
26.3 1.93552 -0.465535
26.4 1.92489 -0.436421
26.5 1.91417 -0.407469
26.6 1.90334 -0.378679
26.7 1.8924 -0.350053
26.8 1.88135 -0.321593
26.9 1.87019 -0.2933
27 1.8589 -0.265177
27.1 1.8475 -0.237225
27.2 1.83597 -0.209446
27.3 1.8243 -0.181842
27.4 1.8125 -0.154415
27.5 1.80056 -0.127166
27.6 1.78848 -0.100099
27.7 1.77623 -0.0732158
27.8 1.76383 -0.0465181
27.9 1.75127 -0.0200087
28 1.73853 0.00630984
28.1 1.7256 0.0324349
28.2 1.71249 0.0583636
28.3 1.69918 0.084093
28.4 1.68566 0.10962
28.5 1.67192 0.134942
28.6 1.65795 0.160054
28.7 1.64374 0.184955
28.8 1.62927 0.209638
28.9 1.61453 0.234102
29 1.5995 0.258341
29.1 1.58416 0.282351
29.2 1.56849 0.306127
29.3 1.55247 0.329664
29.4 1.53607 0.352957
29.5 1.51927 0.375999
29.6 1.50204 0.398785
29.7 1.48433 0.421308
29.8 1.4661 0.443559
29.9 1.44731 0.465531
30 1.4279 0.487215
30.1 1.40781 0.508602
30.2 1.38696 0.52968
30.3 1.36525 0.550437
30.4 1.34259 0.570859
30.5 1.31884 0.590932
30.6 1.29383 0.610637
30.7 1.26736 0.629954
30.8 1.23918 0.64886
30.9 1.20894 0.667325
31 1.17621 0.685316
31.1 1.14039 0.702791
31.2 1.10062 0.719697
31.3 1.05571 0.735967
31.4 1.00379 0.751509
31.5 0.941966 0.766197
31.6 0.86532 0.77985
31.7 0.764947 0.792183
31.8 0.623188 0.802721
31.9 0.401244 0.81059
32 0.00734051 0.813988
32.1 -0.727688 0.809066
32.2 -1.61399 0.790987
32.3 -1.91732 0.763136
32.4 -1.98538 0.73314
32.5 -2.00251 0.702854
32.6 -2.00208 0.67258
32.7 -1.99534 0.642409
32.8 -1.98635 0.612374
32.9 -1.97654 0.582485
33 -1.96639 0.552748
33.1 -1.95609 0.523166
33.2 -1.94566 0.493741
33.3 -1.93513 0.464474
33.4 -1.9245 0.435366
33.5 -1.91377 0.40642
33.6 -1.90294 0.377636
33.7 -1.892 0.349016
33.8 -1.88095 0.320562
33.9 -1.86978 0.292276
34 -1.85849 0.264159
34.1 -1.84708 0.236213
34.2 -1.83555 0.20844
34.3 -1.82388 0.180842
34.4 -1.81207 0.153421
34.5 -1.80013 0.12618
34.6 -1.78803 0.0991193
34.7 -1.77579 0.0722425
34.8 -1.76338 0.0455516
34.9 -1.75081 0.0190491
35 -1.73806 -0.00726251
35.1 -1.72513 -0.0333805
35.2 -1.71201 -0.059302
35.3 -1.69869 -0.0850241
35.4 -1.68517 -0.110544
35.5 -1.67142 -0.135858
35.6 -1.65744 -0.160963
35.7 -1.64322 -0.185855
35.8 -1.62874 -0.210531
35.9 -1.61399 -0.234987
36 -1.59894 -0.259217
36.1 -1.58359 -0.283219
36.2 -1.56791 -0.306986
36.3 -1.55188 -0.330515
36.4 -1.53547 -0.353799
36.5 -1.51866 -0.376832
36.6 -1.5014 -0.399608
36.7 -1.48367 -0.422121
36.8 -1.46543 -0.444362
36.9 -1.44662 -0.466324
37 -1.42718 -0.487998
37.1 -1.40707 -0.509373
37.2 -1.38618 -0.53044
37.3 -1.36445 -0.551185
37.4 -1.34175 -0.571595
37.5 -1.31795 -0.591654
37.6 -1.29289 -0.611346
37.7 -1.26637 -0.630649
37.8 -1.23812 -0.649538
37.9 -1.2078 -0.667987
38 -1.17497 -0.68596
38.1 -1.13902 -0.703416
38.2 -1.09909 -0.7203
38.3 -1.05395 -0.736545
38.4 -1.00174 -0.752058
38.5 -0.939479 -0.766713
38.6 -0.86216 -0.780323
38.7 -0.76067 -0.792601
38.8 -0.616869 -0.803061
38.9 -0.390758 -0.810807
39 0.0123057 -0.813987
39.1 0.761638 -0.808656
39.2 1.63718 -0.790096
39.3 1.92131 -0.762054
39.4 1.98647 -0.732037
39.5 2.00267 -0.701749
39.6 2.0019 -0.671478
39.7 1.99504 -0.641312
39.8 1.986 -0.611281
39.9 1.97617 -0.581398
40 1.96602 -0.551667
40.1 1.95571 -0.522091
40.2 1.94528 -0.492671
40.3 1.93475 -0.46341
40.4 1.92412 -0.434308
40.5 1.91338 -0.405367
40.6 1.90254 -0.376589
40.7 1.8916 -0.347975
40.8 1.88054 -0.319528
40.9 1.86937 -0.291247
41 1.85808 -0.263137
41.1 1.84666 -0.235197
41.2 1.83512 -0.207431
41.3 1.82345 -0.179839
41.4 1.81164 -0.152425
41.5 1.79969 -0.12519
41.6 1.78759 -0.0981361
41.7 1.77534 -0.071266
41.8 1.76292 -0.044582
41.9 1.75034 -0.0180864
42 1.73759 0.00821821
42.1 1.72466 0.034329
42.2 1.71153 0.0602434
42.3 1.6982 0.0859582
42.4 1.68467 0.11147
42.5 1.67092 0.136777
42.6 1.65693 0.161874
42.7 1.6427 0.186759
42.8 1.62821 0.211427
42.9 1.61344 0.235874
43 1.59839 0.260096
43.1 1.58303 0.28409
43.2 1.56733 0.307848
43.3 1.55129 0.331368
43.4 1.53486 0.354643
43.5 1.51803 0.377667
43.6 1.50076 0.400434
43.7 1.48302 0.422937
43.8 1.46475 0.445168
43.9 1.44592 0.46712
44 1.42646 0.488782
44.1 1.40632 0.510147
44.2 1.38541 0.531202
44.3 1.36364 0.551935
44.4 1.3409 0.572332
44.5 1.31706 0.592379
44.6 1.29195 0.612057
44.7 1.26537 0.631345
44.8 1.23705 0.650219
44.9 1.20665 0.668651
45 1.17372 0.686606
45.1 1.13764 0.704042
45.2 1.09755 0.720904
45.3 1.05219 0.737124
45.4 0.999669 0.752608
45.5 0.936964 0.767229
45.6 0.858959 0.780797
45.7 0.756324 0.793018
45.8 0.610424 0.803399
45.9 0.380013 0.811019
46 -0.0324991 0.813975
46.1 -0.796032 0.808225
46.2 -1.65937 0.789188
46.3 -1.92525 0.760967
46.4 -1.98756 0.73093
46.5 -2.00282 0.70064
46.6 -2.00171 0.670372
46.7 -1.99473 0.64021
46.8 -1.98565 0.610185
46.9 -1.9758 0.580307
47 -1.96565 0.550582
47.1 -1.95533 0.521011
47.2 -1.9449 0.491598
47.3 -1.93436 0.462342
47.4 -1.92372 0.433246
47.5 -1.91299 0.404311
47.6 -1.90214 0.375539
47.7 -1.89119 0.346931
47.8 -1.88013 0.31849
47.9 -1.86896 0.290216
48 -1.85766 0.262111
48.1 -1.84624 0.234178
48.2 -1.8347 0.206418
48.3 -1.82302 0.178833
48.4 -1.81121 0.151425
48.5 -1.79925 0.124197
48.6 -1.78714 0.0971495
48.7 -1.77489 0.0702862
48.8 -1.76247 0.043609
48.9 -1.74988 0.0171203
49 -1.73712 -0.00917723
49.1 -1.72418 -0.0352809
49.2 -1.71105 -0.061188
49.3 -1.69771 -0.0868955
49.4 -1.68417 -0.1124
49.5 -1.67041 -0.137699
49.6 -1.65641 -0.162789
49.7 -1.64217 -0.187665
49.8 -1.62767 -0.212325
49.9 -1.6129 -0.236764
50 -1.59783 -0.260979
50.1 -1.58246 -0.284963
50.2 -1.56675 -0.308713
50.3 -1.55069 -0.332224
50.4 -1.53426 -0.35549
50.5 -1.51741 -0.378505
50.6 -1.50012 -0.401262
50.7 -1.48236 -0.423755
50.8 -1.46407 -0.445976
50.9 -1.44522 -0.467917
51 -1.42574 -0.48957
51.1 -1.40557 -0.510923
51.2 -1.38463 -0.531966
51.3 -1.36282 -0.552687
51.4 -1.34005 -0.573072
51.5 -1.31617 -0.593106
51.6 -1.29101 -0.612769
51.7 -1.26437 -0.632043
51.8 -1.23598 -0.650902
51.9 -1.20549 -0.669317
52 -1.17246 -0.687254
52.1 -1.13625 -0.704669
52.2 -1.09599 -0.721509
52.3 -1.05041 -0.737704
52.4 -0.997577 -0.75316
52.5 -0.93442 -0.767745
52.6 -0.855714 -0.78127
52.7 -0.751907 -0.793434
52.8 -0.603848 -0.803734
52.9 -0.368997 -0.811226
53 0.0532622 -0.813951
53.1 0.830841 -0.807774
53.2 1.68056 -0.788265
53.3 1.92916 -0.759876
53.4 1.98864 -0.729818
53.5 2.00296 -0.699527
53.6 2.00152 -0.669262
53.7 1.99442 -0.639105
53.8 1.98529 -0.609085
53.9 1.97543 -0.579212
54 1.96527 -0.549493
54.1 1.95495 -0.519928
54.2 1.94451 -0.49052
54.3 1.93397 -0.46127
54.4 1.92333 -0.43218
54.5 1.91259 -0.403251
54.6 1.90174 -0.374485
54.7 1.89079 -0.345883
54.8 1.87972 -0.317448
54.9 1.86854 -0.28918
55 1.85724 -0.261082
55.1 1.84582 -0.233155
55.2 1.83427 -0.205401
55.3 1.82259 -0.177823
55.4 1.81077 -0.150422
55.5 1.79881 -0.1232
55.6 1.7867 -0.0961593
55.7 1.77443 -0.0693028
55.8 1.76201 -0.0426324
55.9 1.74942 -0.0161508
56 1.73665 0.0101397
56.1 1.7237 0.0362362
56.2 1.71056 0.062136
56.3 1.69722 0.0878361
56.4 1.68367 0.113333
56.5 1.6699 0.138625
56.6 1.65589 0.163706
56.7 1.64164 0.188575
56.8 1.62713 0.213227
56.9 1.61235 0.237658
57 1.59727 0.261864
57.1 1.58189 0.28584
57.2 1.56617 0.309581
57.3 1.5501 0.333083
57.4 1.53364 0.35634
57.5 1.51678 0.379345
57.6 1.49948 0.402093
57.7 1.4817 0.424576
57.8 1.46339 0.446787
57.9 1.44451 0.468718
58 1.42501 0.49036
58.1 1.40481 0.511702
58.2 1.38384 0.532733
58.3 1.36201 0.553442
58.4 1.33919 0.573815
58.5 1.31527 0.593835
58.6 1.29006 0.613485
58.7 1.26336 0.632743
58.8 1.2349 0.651586
58.9 1.20433 0.669985
59 1.17119 0.687903
59.1 1.13485 0.705298
59.2 1.09442 0.722116
59.3 1.04861 0.738286
59.4 0.995464 0.753712
59.5 0.931845 0.768263
59.6 0.852423 0.781743
59.7 0.747415 0.79385
59.8 0.597136 0.804067
59.9 0.3577 0.811428
60 -0.074614 0.813916
60.1 -0.866026 0.807302
60.2 -1.7007 0.787326
60.3 -1.93301 0.75878
60.4 -1.98971 0.728703
60.5 -2.0031 0.698409
60.6 -2.00133 0.668147
60.7 -1.99411 0.637995
60.8 -1.98494 0.60798
60.9 -1.97506 0.578114
61 -1.96489 0.5484
61.1 -1.95456 0.518841
61.2 -1.94412 0.489439
61.3 -1.93358 0.460195
61.4 -1.92294 0.43111
61.5 -1.91219 0.402188
61.6 -1.90134 0.373427
61.7 -1.89038 0.344832
61.8 -1.87931 0.316403
61.9 -1.86813 0.288141
62 -1.85683 0.260049
62.1 -1.8454 0.232128
62.2 -1.83384 0.204381
62.3 -1.82216 0.176809
62.4 -1.81033 0.149414
62.5 -1.79836 0.122199
62.6 -1.78625 0.0951657
62.7 -1.77398 0.068316
62.8 -1.76155 0.0416525
62.9 -1.74895 0.0151779
63 -1.73617 -0.0111055
63.1 -1.72322 -0.0371948
63.2 -1.71007 -0.0630873
63.3 -1.69672 -0.0887799
63.4 -1.68316 -0.11427
63.5 -1.66939 -0.139553
63.6 -1.65537 -0.164627
63.7 -1.64111 -0.189488
63.8 -1.62659 -0.214132
63.9 -1.6118 -0.238555
64 -1.59671 -0.262752
64.1 -1.58131 -0.28672
64.2 -1.56558 -0.310452
64.3 -1.5495 -0.333945
64.4 -1.53303 -0.357193
64.5 -1.51615 -0.380189
64.6 -1.49883 -0.402927
64.7 -1.48103 -0.4254
64.8 -1.46271 -0.447601
64.9 -1.44381 -0.469521
65 -1.42428 -0.491152
65.1 -1.40405 -0.512483
65.2 -1.38305 -0.533503
65.3 -1.36118 -0.5542
65.4 -1.33833 -0.574559
65.5 -1.31436 -0.594566
65.6 -1.2891 -0.614202
65.7 -1.26234 -0.633446
65.8 -1.23381 -0.652273
65.9 -1.20315 -0.670654
66 -1.16991 -0.688554
66.1 -1.13343 -0.705929
66.2 -1.09283 -0.722725
66.3 -1.0468 -0.738868
66.4 -0.993328 -0.754265
66.5 -0.929239 -0.76878
66.6 -0.849086 -0.782216
66.7 -0.742847 -0.794264
66.8 -0.590283 -0.804397
66.9 -0.346111 -0.811624
67 0.0965694 -0.813869
67.1 0.901536 -0.806807
67.2 1.71978 -0.786372
67.3 1.93681 -0.757679
67.4 1.99076 -0.727584
67.5 2.00324 -0.697288
67.6 2.00113 -0.667029
67.7 1.99379 -0.636882
67.8 1.98458 -0.606873
67.9 1.97469 -0.577011
68 1.96451 -0.547303
68.1 1.95418 -0.51775
68.2 1.94373 -0.488354
68.3 1.93319 -0.459115
68.4 1.92254 -0.430037
68.5 1.91179 -0.40112
68.6 1.90094 -0.372366
68.7 1.88998 -0.343777
68.8 1.8789 -0.315354
68.9 1.86771 -0.287098
69 1.8564 -0.259013
69.1 1.84497 -0.231098
69.2 1.83341 -0.203358
69.3 1.82172 -0.175792
69.4 1.80989 -0.148404
69.5 1.79792 -0.121196
69.6 1.7858 -0.0941688
69.7 1.77352 -0.067326
69.8 1.76108 -0.0406695
69.9 1.74848 -0.0142018
70 1.7357 0.0120744
70.1 1.72274 0.0381565
70.2 1.70958 0.0640416
70.3 1.69623 0.0897268
70.4 1.68266 0.115209
70.5 1.66887 0.140485
70.6 1.65485 0.165551
70.7 1.64058 0.190404
70.8 1.62605 0.21504
70.9 1.61125 0.239454
71 1.59615 0.263643
71.1 1.58074 0.287602
71.2 1.56499 0.311326
71.3 1.5489 0.33481
71.4 1.53241 0.358048
71.5 1.51552 0.381035
71.6 1.49818 0.403763
71.7 1.48036 0.426227
71.8 1.46202 0.448417
71.9 1.4431 0.470327
72 1.42354 0.491947
72.1 1.40329 0.513266
72.2 1.38226 0.534274
72.3 1.36036 0.554959
72.4 1.33746 0.575306
72.5 1.31345 0.595299
72.6 1.28814 0.614921
72.7 1.26132 0.63415
72.8 1.23271 0.652961
72.9 1.20197 0.671325
73 1.16862 0.689207
73.1 1.13201 0.706562
73.2 1.09124 0.723334
73.3 1.04496 0.739452
73.4 0.991171 0.754819
73.5 0.926603 0.769298
73.6 0.845703 0.782689
73.7 0.738202 0.794678
73.8 0.583288 0.804725
73.9 0.334225 0.811814
74 -0.119138 0.813809
74.1 -0.93731 0.806291
74.2 -1.73778 0.785403
74.3 -1.94053 0.756575
74.4 -1.9918 0.726461
74.5 -2.00336 0.696164
74.6 -2.00093 0.665908
74.7 -1.99348 0.635766
74.8 -1.98423 0.605762
74.9 -1.97432 0.575906
75 -1.96413 0.546204
75.1 -1.95379 0.516656
75.2 -1.94335 0.487266
75.3 -1.9328 0.458033
75.4 -1.92214 0.428961
75.5 -1.91139 0.40005
75.6 -1.90053 0.371302
75.7 -1.88957 0.342719
75.8 -1.87849 0.314302
75.9 -1.8673 0.286053
76 -1.85598 0.257974
76.1 -1.84455 0.230066
76.2 -1.83298 0.202331
76.3 -1.82128 0.174773
76.4 -1.80945 0.147391
76.5 -1.79747 0.120189
76.6 -1.78534 0.0931693
76.7 -1.77306 0.0663333
76.8 -1.76062 0.0396838
76.9 -1.74801 0.0132232
77 -1.73522 -0.0130459
77.1 -1.72225 -0.0391207
77.2 -1.70909 -0.0649985
77.3 -1.69573 -0.0906762
77.4 -1.68215 -0.116151
77.5 -1.66835 -0.141419
77.6 -1.65432 -0.166477
77.7 -1.64005 -0.191322
77.8 -1.62551 -0.21595
77.9 -1.61069 -0.240356
78 -1.59558 -0.264536
78.1 -1.58016 -0.288487
78.2 -1.5644 -0.312202
78.3 -1.54829 -0.335677
78.4 -1.53179 -0.358906
78.5 -1.51488 -0.381883
78.6 -1.49753 -0.404602
78.7 -1.47969 -0.427055
78.8 -1.46132 -0.449236
78.9 -1.44238 -0.471135
79 -1.4228 -0.492743
79.1 -1.40252 -0.514052
79.2 -1.38146 -0.535048
79.3 -1.35952 -0.55572
79.4 -1.33659 -0.576054
79.5 -1.31253 -0.596034
79.6 -1.28717 -0.615642
79.7 -1.26029 -0.634856
79.8 -1.23161 -0.653651
79.9 -1.20079 -0.671998
80 -1.16733 -0.689861
80.1 -1.13058 -0.707195
80.2 -1.08963 -0.723945
80.3 -1.04312 -0.740037
80.4 -0.988992 -0.755373
80.5 -0.923938 -0.769816
80.6 -0.842274 -0.783162
80.7 -0.733481 -0.79509
80.8 -0.57615 -0.805049
80.9 -0.322036 -0.811997
81 0.142325 -0.813736
81.1 0.973274 -0.805754
81.2 1.75467 -0.78442
81.3 1.94416 -0.755467
81.4 1.9928 -0.725336
81.5 2.00348 -0.695038
81.6 2.00073 -0.664785
81.7 1.99316 -0.634647
81.8 1.98387 -0.604648
81.9 1.97394 -0.574798
82 1.96375 -0.545102
82.1 1.95341 -0.51556
82.2 1.94295 -0.486175
82.3 1.9324 -0.456949
82.4 1.92175 -0.427883
82.5 1.91099 -0.398978
82.6 1.90013 -0.370236
82.7 1.88916 -0.341659
82.8 1.87808 -0.313248
82.9 1.86688 -0.285005
83 1.85556 -0.256932
83.1 1.84412 -0.229031
83.2 1.83255 -0.201303
83.3 1.82085 -0.173751
83.4 1.80901 -0.146376
83.5 1.79702 -0.119181
83.6 1.78489 -0.0921676
83.7 1.7726 -0.0653385
83.8 1.76015 -0.038696
83.9 1.74753 -0.0122425
84 1.73474 0.0140194
84.1 1.72176 0.0400869
84.2 1.7086 0.0659573
84.3 1.69522 0.0916275
84.4 1.68164 0.117095
84.5 1.66784 0.142355
84.6 1.6538 0.167405
84.7 1.63951 0.192242
84.8 1.62496 0.216862
84.9 1.61013 0.24126
85 1.59501 0.265432
85.1 1.57958 0.289373
85.2 1.56381 0.31308
85.3 1.54768 0.336545
85.4 1.53117 0.359765
85.5 1.51425 0.382733
85.6 1.49688 0.405442
85.7 1.47902 0.427885
85.8 1.46063 0.450055
85.9 1.44167 0.471944
86 1.42206 0.493541
86.1 1.40176 0.514838
86.2 1.38066 0.535823
86.3 1.35869 0.556483
86.4 1.33572 0.576804
86.5 1.31162 0.596771
86.6 1.2862 0.616364
86.7 1.25926 0.635563
86.8 1.23051 0.654342
86.9 1.19959 0.672671
87 1.16602 0.690515
87.1 1.12914 0.707829
87.2 1.08801 0.724555
87.3 1.04126 0.740621
87.4 0.986794 0.755927
87.5 0.921243 0.770334
87.6 0.838801 0.783633
87.7 0.728685 0.7955
87.8 0.568868 0.80537
87.9 0.309541 0.812175
88 -0.166129 0.81365
88.1 -1.00935 0.805194
88.2 -1.77046 0.783424
88.3 -1.94767 0.754357
88.4 -1.99377 0.724209
88.5 -2.00358 0.693909
88.6 -2.00052 0.66366
88.7 -1.99284 0.633527
88.8 -1.98351 0.603533
88.9 -1.97357 0.573689
89 -1.96337 0.543998
89.1 -1.95302 0.514462
89.2 -1.94256 0.485083
89.3 -1.93201 0.455863
89.4 -1.92135 0.426803
89.5 -1.91059 0.397904
89.6 -1.89972 0.369168
89.7 -1.88875 0.340597
89.8 -1.87766 0.312193
89.9 -1.86646 0.283956
90 -1.85514 0.25589
90.1 -1.84369 0.227995
90.2 -1.83211 0.200273
90.3 -1.82041 0.172728
90.4 -1.80856 0.14536
90.5 -1.79657 0.118171
90.6 -1.78443 0.0911647
90.7 -1.77214 0.0643425
90.8 -1.75968 0.037707
90.9 -1.74706 0.0112606
91 -1.73426 -0.0149941
91.1 -1.72128 -0.0410544
91.2 -1.7081 -0.0669173
91.3 -1.69472 -0.0925801
91.4 -1.68113 -0.118039
91.5 -1.66732 -0.143292
91.6 -1.65327 -0.168335
91.7 -1.63897 -0.193163
91.8 -1.62441 -0.217775
91.9 -1.60958 -0.242164
92 -1.59444 -0.266328
92.1 -1.579 -0.290261
92.2 -1.56322 -0.313958
92.3 -1.54708 -0.337415
92.4 -1.53055 -0.360626
92.5 -1.51361 -0.383584
92.6 -1.49622 -0.406283
92.7 -1.47834 -0.428716
92.8 -1.45993 -0.450876
92.9 -1.44095 -0.472754
93 -1.42132 -0.49434
93.1 -1.40098 -0.515626
93.2 -1.37986 -0.536599
93.3 -1.35785 -0.557246
93.4 -1.33484 -0.577555
93.5 -1.31069 -0.597507
93.6 -1.28523 -0.617086
93.7 -1.25822 -0.63627
93.8 -1.2294 -0.655033
93.9 -1.19839 -0.673345
94 -1.16471 -0.69117
94.1 -1.12769 -0.708463
94.2 -1.08638 -0.725166
94.3 -1.03938 -0.741206
94.4 -0.984577 -0.756481
94.5 -0.918522 -0.770851
94.6 -0.835286 -0.784104
94.7 -0.723815 -0.795908
94.8 -0.561445 -0.805688
94.9 -0.296741 -0.812345
95 0.190543 -0.81355
95.1 1.04544 -0.804614
95.2 1.78514 -0.782416
95.3 1.95105 -0.753244
95.4 1.9947 -0.723081
95.5 2.00367 -0.69278
95.6 2.0003 -0.662534
95.7 1.99251 -0.632406
95.8 1.98315 -0.602418
95.9 1.97319 -0.572579
96 1.96298 -0.542894
96.1 1.95263 -0.513364
96.2 1.94217 -0.483991
96.3 1.93161 -0.454777
96.4 1.92095 -0.425722
96.5 1.91018 -0.39683
96.6 1.89931 -0.3681
96.7 1.88834 -0.339535
96.8 1.87724 -0.311137
96.9 1.86604 -0.282907
97 1.85471 -0.254847
97.1 1.84326 -0.226958
97.2 1.83168 -0.199243
97.3 1.81997 -0.171704
97.4 1.80812 -0.144343
97.5 1.79612 -0.117161
97.6 1.78398 -0.0901613
97.7 1.77168 -0.0633461
97.8 1.75922 -0.0367175
97.9 1.74659 -0.0102782
98 1.73378 0.0159693
98.1 1.72079 0.0420222
98.2 1.70761 0.0678778
98.3 1.69422 0.093533
98.4 1.68062 0.118985
98.5 1.6668 0.14423
98.6 1.65274 0.169264
98.7 1.63843 0.194085
98.8 1.62387 0.218688
98.9 1.60902 0.243069
99 1.59387 0.267224
99.1 1.57842 0.291149
99.2 1.56262 0.314837
99.3 1.54647 0.338285
99.4 1.52993 0.361486
99.5 1.51297 0.384435
99.6 1.49556 0.407124
99.7 1.47767 0.429547
99.8 1.45924 0.451697
99.9 1.44023 0.473564
100 1.42057 0.495139
100.1 1.40021 0.516413
100.2 1.37906 0.537374
100.3 1.35701 0.55801
100.4 1.33396 0.578305
100.5 1.30977 0.598244
100.6 1.28425 0.617809
100.7 1.25718 0.636977
100.8 1.22828 0.655724
100.9 1.19719 0.674019
101 1.1634 0.691825
101.1 1.12623 0.709097
101.2 1.08474 0.725777
101.3 1.03749 0.74179
101.4 0.982343 0.757034
101.5 0.915775 0.771366
101.6 0.83173 0.784573
101.7 0.718874 0.796314
101.8 0.553881 0.806002
101.9 0.283636 0.812509
102 -0.215558 0.813436
102.1 -1.08145 0.804012
102.2 -1.79872 0.781398
102.3 -1.95426 0.752131
102.4 -1.99558 0.721953
102.5 -2.00373 0.691652
102.6 -2.00008 0.661409
102.7 -1.99219 0.631285
102.8 -1.98278 0.601303
102.9 -1.97281 0.57147
103 -1.9626 0.54179
103.1 -1.95224 0.512266
103.2 -1.94178 0.482899
103.3 -1.93121 0.453691
103.4 -1.92055 0.424643
103.5 -1.90978 0.395756
103.6 -1.89891 0.367032
103.7 -1.88792 0.338474
103.8 -1.87683 0.310082
103.9 -1.86562 0.281858
104 -1.85429 0.253804
104.1 -1.84283 0.225922
104.2 -1.83125 0.198213
104.3 -1.81953 0.170681
104.4 -1.80767 0.143326
104.5 -1.79567 0.116151
104.6 -1.78352 0.0891584
104.7 -1.77122 0.0623501
104.8 -1.75875 0.0357285
104.9 -1.74611 0.00929634
105 -1.7333 -0.016944
105.1 -1.7203 -0.0429896
105.2 -1.70711 -0.0688377
105.3 -1.69372 -0.0944854
105.4 -1.68011 -0.119929
105.5 -1.66628 -0.145167
105.6 -1.65221 -0.170193
105.7 -1.6379 -0.195006
105.8 -1.62332 -0.219601
105.9 -1.60846 -0.243974
106 -1.5933 -0.26812
106.1 -1.57783 -0.292036
106.2 -1.56203 -0.315716
106.3 -1.54586 -0.339154
106.4 -1.5293 -0.362346
106.5 -1.51233 -0.385285
106.6 -1.4949 -0.407965
106.7 -1.47699 -0.430378
106.8 -1.45854 -0.452517
106.9 -1.43951 -0.474373
107 -1.41983 -0.495938
107.1 -1.39944 -0.5172
107.2 -1.37825 -0.538149
107.3 -1.35617 -0.558772
107.4 -1.33308 -0.579055
107.5 -1.30884 -0.59898
107.6 -1.28327 -0.618531
107.7 -1.25614 -0.637684
107.8 -1.22717 -0.656414
107.9 -1.19598 -0.674691
108 -1.16208 -0.692478
108.1 -1.12477 -0.709729
108.2 -1.08309 -0.726386
108.3 -1.0356 -0.742373
108.4 -0.980094 -0.757586
108.5 -0.913005 -0.77188
108.6 -0.828135 -0.785039
108.7 -0.713864 -0.796716
108.8 -0.546181 -0.806311
108.9 -0.270229 -0.812665
109 0.241157 -0.813308
109.1 1.11728 -0.803391
109.2 1.81122 -0.78037
109.3 1.95731 -0.751018
109.4 1.9964 -0.720826
109.5 2.00378 -0.690524
109.6 1.99985 -0.660285
109.7 1.99186 -0.630166
109.8 1.98242 -0.600189
109.9 1.97244 -0.570362
110 1.96222 -0.540688
110.1 1.95186 -0.51117
110.2 1.94139 -0.481809
110.3 1.93082 -0.452606
110.4 1.92015 -0.423564
110.5 1.90938 -0.394683
110.6 1.8985 -0.365966
110.7 1.88751 -0.337414
110.8 1.87641 -0.309028
110.9 1.8652 -0.28081
111 1.85386 -0.252763
111.1 1.8424 -0.224887
111.2 1.83081 -0.197185
111.3 1.81909 -0.169659
111.4 1.80723 -0.142311
111.5 1.79522 -0.115143
111.6 1.78307 -0.0881569
111.7 1.77076 -0.0613554
111.8 1.75828 -0.0347409
111.9 1.74564 -0.00831579
112 1.73282 0.0179173
112.1 1.71981 0.0439556
112.2 1.70662 0.0697964
112.3 1.69321 0.0954365
112.4 1.6796 0.120873
112.5 1.66576 0.146102
112.6 1.65168 0.171121
112.7 1.63736 0.195926
112.8 1.62277 0.220512
112.9 1.6079 0.244877
113 1.59273 0.269015
113.1 1.57725 0.292922
113.2 1.56143 0.316593
113.3 1.54525 0.340022
113.4 1.52868 0.363205
113.5 1.51169 0.386134
113.6 1.49425 0.408804
113.7 1.47631 0.431207
113.8 1.45784 0.453336
113.9 1.43879 0.475182
114 1.41908 0.496735
114.1 1.39866 0.517986
114.2 1.37745 0.538923
114.3 1.35533 0.559534
114.4 1.3322 0.579803
114.5 1.30791 0.599715
114.6 1.28229 0.619251
114.7 1.25509 0.638389
114.8 1.22605 0.657103
114.9 1.19477 0.675363
115 1.16075 0.693131
115.1 1.1233 0.710361
115.2 1.08144 0.726994
115.3 1.03369 0.742954
115.4 0.977832 0.758136
115.5 0.910214 0.772392
115.6 0.824506 0.785503
115.7 0.708789 0.797116
115.8 0.538347 0.806616
115.9 0.256524 0.812813
116 -0.267323 0.813165
116.1 -1.15284 0.80275
116.2 -1.82269 0.779335
116.3 -1.96016 0.749905
116.4 -1.99716 0.719701
116.5 -2.00381 0.689399
116.6 -1.99961 0.659163
116.7 -1.99153 0.62905
116.8 -1.98206 0.599078
116.9 -1.97206 0.569257
117 -1.96183 0.539588
117.1 -1.95147 0.510076
117.2 -1.941 0.480721
117.3 -1.93042 0.451524
117.4 -1.91975 0.422488
117.5 -1.90898 0.393613
117.6 -1.89809 0.364902
117.7 -1.8871 0.336356
117.8 -1.876 0.307976
117.9 -1.86478 0.279765
118 -1.85344 0.251723
118.1 -1.84197 0.223854
118.2 -1.83038 0.196159
118.3 -1.81865 0.168639
118.4 -1.80678 0.141298
118.5 -1.79477 0.114137
118.6 -1.78261 0.0871575
118.7 -1.7703 0.0603629
118.8 -1.75782 0.0337554
118.9 -1.74517 0.00733739
119 -1.73234 -0.0188885
119.1 -1.71933 -0.0449196
119.2 -1.70612 -0.0707529
119.3 -1.69271 -0.0963855
119.4 -1.67909 -0.121814
119.5 -1.66524 -0.147036
119.6 -1.65116 -0.172047
119.7 -1.63682 -0.196844
119.8 -1.62222 -0.221422
119.9 -1.60734 -0.245778
120 -1.59216 -0.269908
120.1 -1.57667 -0.293806
120.2 -1.56084 -0.317468
120.3 -1.54464 -0.340888
120.4 -1.52805 -0.364062
120.5 -1.51105 -0.386982
120.6 -1.49359 -0.409642
120.7 -1.47563 -0.432035
120.8 -1.45714 -0.454153
120.9 -1.43807 -0.475988
121 -1.41834 -0.49753
121.1 -1.39789 -0.51877
121.2 -1.37664 -0.539695
121.3 -1.35449 -0.560293
121.4 -1.33132 -0.58055
121.5 -1.30699 -0.600448
121.6 -1.28131 -0.61997
121.7 -1.25405 -0.639092
121.8 -1.22493 -0.65779
121.9 -1.19356 -0.676032
122 -1.15943 -0.693781
122.1 -1.12183 -0.71099
122.2 -1.07978 -0.7276
122.3 -1.03178 -0.743533
122.4 -0.975558 -0.758683
122.5 -0.907404 -0.772902
122.6 -0.820843 -0.785964
122.7 -0.703652 -0.797512
122.8 -0.530382 -0.806915
122.9 -0.242522 -0.812953
123 0.294037 -0.813008
123.1 1.18803 -0.80209
123.2 1.83318 -0.778293
123.3 1.96283 -0.748794
123.4 1.99785 -0.718579
123.5 2.00381 -0.688277
123.6 1.99937 -0.658045
123.7 1.9912 -0.627936
123.8 1.98169 -0.59797
123.9 1.97168 -0.568154
124 1.96145 -0.538492
124.1 1.95108 -0.508985
124.2 1.94061 -0.479636
124.3 1.93003 -0.450445
124.4 1.91935 -0.421415
124.5 1.90857 -0.392546
124.6 1.89769 -0.363841
124.7 1.88669 -0.335301
124.8 1.87559 -0.306927
124.9 1.86436 -0.278722
125 1.85302 -0.250687
125.1 1.84155 -0.222825
125.2 1.82995 -0.195136
125.3 1.81821 -0.167623
125.4 1.80634 -0.140288
125.5 1.79433 -0.113133
125.6 1.78216 -0.086161
125.7 1.76984 -0.0593733
125.8 1.75735 -0.0327728
125.9 1.74469 -0.00636182
126 1.73186 0.0198569
126.1 1.71884 0.0458807
126.2 1.70563 0.0717066
126.3 1.69221 0.0973318
126.4 1.67858 0.122753
126.5 1.66472 0.147967
126.6 1.65063 0.17297
126.7 1.63628 0.197758
126.8 1.62168 0.222329
126.9 1.60678 0.246677
127 1.5916 0.270798
127.1 1.57609 0.294687
127.2 1.56024 0.31834
127.3 1.54403 0.341752
127.4 1.52743 0.364916
127.5 1.51041 0.387826
127.6 1.49293 0.410476
127.7 1.47496 0.43286
127.8 1.45645 0.454967
127.9 1.43735 0.476792
128 1.41759 0.498323
128.1 1.39712 0.519551
128.2 1.37584 0.540465
128.3 1.35365 0.56105
128.4 1.33044 0.581294
128.5 1.30606 0.601179
128.6 1.28033 0.620686
128.7 1.25301 0.639793
128.8 1.22381 0.658475
128.9 1.19235 0.676699
129 1.1581 0.694429
129.1 1.12036 0.711617
129.2 1.07811 0.728203
129.3 1.02986 0.744109
129.4 0.973274 0.759228
129.5 0.904576 0.773408
129.6 0.817149 0.786422
129.7 0.698454 0.797904
129.8 0.522289 0.80721
129.9 0.228228 0.813085
130 -0.321277 0.812836
130.1 -1.22275 0.801413
130.2 -1.84273 0.777246
130.3 -1.9653 0.747685
130.4 -1.99848 0.71746
130.5 -2.0038 0.687158
130.6 -1.99912 0.65693
130.7 -1.99087 0.626826
130.8 -1.98133 0.596866
130.9 -1.97131 0.567055
131 -1.96107 0.537399
131.1 -1.9507 0.507898
131.2 -1.94022 0.478554
131.3 -1.92964 0.449369
131.4 -1.91896 0.420345
131.5 -1.90817 0.391482
131.6 -1.89728 0.362783
131.7 -1.88628 0.334249
131.8 -1.87517 0.305882
131.9 -1.86394 0.277683
132 -1.85259 0.249655
132.1 -1.84112 0.221798
132.2 -1.82952 0.194116
132.3 -1.81778 0.16661
132.4 -1.8059 0.139281
132.5 -1.79388 0.112133
132.6 -1.78171 0.0851679
132.7 -1.76938 0.0583871
132.8 -1.75688 0.0317935
132.9 -1.74422 0.00538964
133 -1.73138 -0.0208219
133.1 -1.71836 -0.0468384
133.2 -1.70514 -0.072657
133.3 -1.69171 -0.0982747
133.4 -1.67807 -0.123688
133.5 -1.66421 -0.148894
133.6 -1.6501 -0.17389
133.7 -1.63575 -0.19867
133.8 -1.62113 -0.223232
133.9 -1.60623 -0.247572
134 -1.59103 -0.271684
134.1 -1.57551 -0.295565
134.2 -1.55965 -0.31921
134.3 -1.54343 -0.342612
134.4 -1.52681 -0.365767
134.5 -1.50977 -0.388668
134.6 -1.49228 -0.411308
134.7 -1.47429 -0.433681
134.8 -1.45575 -0.455779
134.9 -1.43663 -0.477593
135 -1.41685 -0.499113
135.1 -1.39635 -0.52033
135.2 -1.37503 -0.541231
135.3 -1.35281 -0.561805
135.4 -1.32956 -0.582035
135.5 -1.30514 -0.601906
135.6 -1.27935 -0.621399
135.7 -1.25196 -0.640491
135.8 -1.22269 -0.659156
135.9 -1.19113 -0.677363
136 -1.15677 -0.695074
136.1 -1.11889 -0.712241
136.2 -1.07645 -0.728803
136.3 -1.02793 -0.744683
136.4 -0.970981 -0.75977
136.5 -0.901733 -0.773912
136.6 -0.813425 -0.786877
136.7 -0.693197 -0.798292
136.8 -0.51407 -0.807499
136.9 -0.213641 -0.813208
137 0.349025 -0.812649
137.1 1.25694 -0.800718
137.2 1.85142 -0.776195
137.3 1.96758 -0.746579
137.4 1.99905 -0.716345
137.5 2.00376 -0.686044
137.6 1.99886 -0.655819
137.7 1.99053 -0.625721
137.8 1.98097 -0.595766
137.9 1.97094 -0.565961
138 1.96069 -0.53631
138.1 1.95031 -0.506815
138.2 1.93983 -0.477477
138.3 1.92925 -0.448298
138.4 1.91856 -0.41928
138.5 1.90777 -0.390423
138.6 1.89688 -0.36173
138.7 1.88588 -0.333202
138.8 1.87476 -0.304841
138.9 1.86353 -0.276648
139 1.85217 -0.248626
139.1 1.84069 -0.220776
139.2 1.82909 -0.1931
139.3 1.81734 -0.1656
139.4 1.80546 -0.138279
139.5 1.79343 -0.111137
139.6 1.78126 -0.0841787
139.7 1.76892 -0.0574047
139.8 1.75642 -0.0308181
139.9 1.74375 -0.00442123
140 1.73091 0.0217832
140.1 1.71787 0.0477925
140.2 1.70465 0.0736037
140.3 1.69121 0.0992139
140.4 1.67757 0.12462
140.5 1.66369 0.149818
140.6 1.64958 0.174806
140.7 1.63522 0.199578
140.8 1.62059 0.224132
140.9 1.60567 0.248464
141 1.59046 0.272568
141.1 1.57493 0.29644
141.2 1.55906 0.320076
141.3 1.54282 0.343469
141.4 1.52619 0.366614
141.5 1.50914 0.389506
141.6 1.49162 0.412137
141.7 1.47361 0.4345
141.8 1.45506 0.456587
141.9 1.43591 0.47839
142 1.41611 0.4999
142.1 1.39558 0.521105
142.2 1.37423 0.541995
142.3 1.35198 0.562555
142.4 1.32869 0.582773
142.5 1.30421 0.602631
142.6 1.27837 0.622109
142.7 1.25092 0.641186
142.8 1.22157 0.659835
142.9 1.18992 0.678024
143 1.15545 0.695716
143.1 1.11742 0.712862
143.2 1.07478 0.729401
143.3 1.026 0.745253
143.4 0.96868 0.760308
143.5 0.898874 0.774412
143.6 0.809673 0.787327
143.7 0.687883 0.798675
143.8 0.505725 0.807782
143.9 0.198762 0.813323
144 -0.377264 0.812447
144.1 -1.29051 0.800008
144.2 -1.85933 0.775141
144.3 -1.96967 0.745475
144.4 -1.99955 0.715233
144.5 -2.00369 0.684933
144.6 -1.9986 0.654713
144.7 -1.9902 0.62462
144.8 -1.98061 0.59467
144.9 -1.97056 0.564871
145 -1.96031 0.535225
145.1 -1.94993 0.505736
145.2 -1.93944 0.476404
145.3 -1.92886 0.447231
145.4 -1.91817 0.418218
145.5 -1.90738 0.389368
145.6 -1.89648 0.360681
145.7 -1.88547 0.332159
145.8 -1.87435 0.303804
145.9 -1.86311 0.275618
146 -1.85176 0.247602
146.1 -1.84027 0.219758
146.2 -1.82866 0.192089
146.3 -1.81691 0.164595
146.4 -1.80502 0.13728
146.5 -1.79299 0.110145
146.6 -1.78081 0.0831935
146.7 -1.76846 0.0564264
146.8 -1.75596 0.0298466
146.9 -1.74329 0.00345677
147 -1.73043 -0.0227406
147.1 -1.71739 -0.0487426
147.2 -1.70416 -0.0745465
147.3 -1.69072 -0.100149
147.4 -1.67706 -0.125548
147.5 -1.66318 -0.150738
147.6 -1.64906 -0.175718
147.7 -1.63468 -0.200483
147.8 -1.62004 -0.225029
147.9 -1.60512 -0.249352
148 -1.5899 -0.273447
148.1 -1.57436 -0.297311
148.2 -1.55847 -0.320938
148.3 -1.54222 -0.344322
148.4 -1.52557 -0.367458
148.5 -1.5085 -0.390341
148.6 -1.49097 -0.412962
148.7 -1.47294 -0.435315
148.8 -1.45437 -0.457392
148.9 -1.4352 -0.479184
149 -1.41537 -0.500683
149.1 -1.39481 -0.521877
149.2 -1.37343 -0.542754
149.3 -1.35114 -0.563303
149.4 -1.32781 -0.583508
149.5 -1.30329 -0.603352
149.6 -1.27739 -0.622816
149.7 -1.24988 -0.641878
149.8 -1.22045 -0.66051
149.9 -1.18871 -0.678682
150 -1.15412 -0.696355
150.1 -1.11594 -0.713479
150.2 -1.07311 -0.729995
150.3 -1.02407 -0.74582
150.4 -0.966372 -0.760844
150.5 -0.896001 -0.774908
150.6 -0.805893 -0.787774
150.7 -0.682512 -0.799054
150.8 -0.497253 -0.808059
150.9 -0.183586 -0.813429
151 0.405979 -0.81223
151.1 1.32341 -0.799282
151.2 1.86653 -0.774085
151.3 1.9716 -0.744375
151.4 2 -0.714126
151.5 2.00361 -0.683827
151.6 1.99833 -0.653611
151.7 1.98986 -0.623523
151.8 1.98025 -0.593578
151.9 1.97019 -0.563785
152 1.95993 -0.534145
152.1 1.94955 -0.504662
152.2 1.93906 -0.475335
152.3 1.92847 -0.446168
152.4 1.91778 -0.417161
152.5 1.90698 -0.388317
152.6 1.89608 -0.359636
152.7 1.88507 -0.33112
152.8 1.87394 -0.302771
152.9 1.8627 -0.274591
153 1.85134 -0.246581
153.1 1.83985 -0.218744
153.2 1.82823 -0.191081
153.3 1.81648 -0.163594
153.4 1.80458 -0.136286
153.5 1.79255 -0.109158
153.6 1.78036 -0.0822122
153.7 1.76801 -0.0554519
153.8 1.7555 -0.0288791
153.9 1.74282 -0.00249624
154 1.72996 0.023694
154.1 1.71691 0.0496889
154.2 1.70367 0.0754855
154.3 1.69022 0.101081
154.4 1.67656 0.126472
154.5 1.66267 0.151655
154.6 1.64854 0.176627
154.7 1.63415 0.201383
154.8 1.6195 0.225921
154.9 1.60457 0.250236
155 1.58934 0.274323
155.1 1.57378 0.298179
155.2 1.55788 0.321796
155.3 1.54162 0.345172
155.4 1.52496 0.368299
155.5 1.50787 0.391172
155.6 1.49032 0.413783
155.7 1.47227 0.436126
155.8 1.45368 0.458193
155.9 1.43448 0.479975
156 1.41463 0.501462
156.1 1.39404 0.522645
156.2 1.37264 0.543511
156.3 1.35031 0.564047
156.4 1.32694 0.584239
156.5 1.30237 0.60407
156.6 1.27642 0.62352
156.7 1.24884 0.642566
156.8 1.21934 0.661183
156.9 1.1875 0.679337
157 1.15279 0.69699
157.1 1.11447 0.714094
157.2 1.07144 0.730586
157.3 1.02213 0.746384
157.4 0.964055 0.761376
157.5 0.893114 0.775401
157.6 0.802084 0.788217
157.7 0.677082 0.799429
157.8 0.488651 0.808331
157.9 0.168108 0.813526
158 -0.435159 0.811998
158.1 -1.35558 0.798541
158.2 -1.87311 0.773027
158.3 -1.97336 0.743277
158.4 -2.00039 0.713022
158.5 -2.00352 0.682726
158.6 -1.99806 0.652514
158.7 -1.98952 0.62243
158.8 -1.97989 0.592491
158.9 -1.96982 0.562703
159 -1.95956 0.533069
159.1 -1.94917 0.503591
159.2 -1.93867 0.474271
159.3 -1.92808 0.445109
159.4 -1.91738 0.416109
159.5 -1.90659 0.38727
159.6 -1.89568 0.358595
159.7 -1.88466 0.330085
159.8 -1.87354 0.301742
159.9 -1.86229 0.273568
160 -1.85092 0.245565
160.1 -1.83943 0.217734
160.2 -1.82781 0.190077
160.3 -1.81605 0.162597
160.4 -1.80415 0.135295
160.5 -1.79211 0.108173
160.6 -1.77991 0.0812348
160.7 -1.76756 0.0544813
160.8 -1.75504 0.0279153
160.9 -1.74235 0.00153945
161 -1.72949 -0.0246437
161.1 -1.71643 -0.0506315
161.2 -1.70318 -0.0764208
161.3 -1.68973 -0.102009
161.4 -1.67606 -0.127392
161.5 -1.66216 -0.152568
161.6 -1.64802 -0.177532
161.7 -1.63363 -0.202281
161.8 -1.61897 -0.22681
161.9 -1.60402 -0.251117
162 -1.58878 -0.275196
162.1 -1.57321 -0.299042
162.2 -1.5573 -0.322652
162.3 -1.54102 -0.346018
162.4 -1.52434 -0.369136
162.5 -1.50724 -0.391999
162.6 -1.48967 -0.414601
162.7 -1.47161 -0.436934
162.8 -1.45299 -0.458991
162.9 -1.43377 -0.480762
163 -1.41389 -0.502239
163.1 -1.39328 -0.52341
163.2 -1.37184 -0.544265
163.3 -1.34948 -0.564789
163.4 -1.32606 -0.584968
163.5 -1.30145 -0.604785
163.6 -1.27544 -0.62422
163.7 -1.2478 -0.643251
163.8 -1.21822 -0.661852
163.9 -1.18629 -0.679989
164 -1.15147 -0.697623
164.1 -1.11299 -0.714705
164.2 -1.06977 -0.731174
164.3 -1.02019 -0.746944
164.4 -0.96173 -0.761904
164.5 -0.89021 -0.775891
164.6 -0.798245 -0.788657
164.7 -0.671592 -0.799799
164.8 -0.479914 -0.808597
164.9 -0.152318 -0.813615
165 0.464797 -0.811751
165.1 1.38698 -0.797786
165.2 1.87914 -0.771968
165.3 1.97499 -0.742182
165.4 2.00073 -0.711922
165.5 2.0034 -0.681627
165.6 1.99778 -0.65142
165.7 1.98919 -0.621341
165.8 1.97952 -0.591408
165.9 1.96945 -0.561625
166 1.95918 -0.531997
166.1 1.94879 -0.502525
166.2 1.93829 -0.47321
166.3 1.92769 -0.444054
166.4 1.91699 -0.415059
166.5 1.90619 -0.386226
166.6 1.89528 -0.357557
166.7 1.88426 -0.329054
166.8 1.87313 -0.300717
166.9 1.86188 -0.272549
167 1.85051 -0.244552
167.1 1.83901 -0.216727
167.2 1.82738 -0.189077
167.3 1.81562 -0.161603
167.4 1.80371 -0.134308
167.5 1.79167 -0.107193
167.6 1.77947 -0.0802608
167.7 1.76711 -0.0535141
167.8 1.75458 -0.0269549
167.9 1.74189 -0.000585997
168 1.72902 0.0255901
168.1 1.71596 0.0515707
168.2 1.7027 0.0773528
168.3 1.68924 0.102933
168.4 1.67556 0.128309
168.5 1.66165 0.153477
168.6 1.6475 0.178433
168.7 1.6331 0.203175
168.8 1.61843 0.227696
168.9 1.60347 0.251995
169 1.58822 0.276065
169.1 1.57264 0.299903
169.2 1.55671 0.323504
169.3 1.54042 0.346861
169.4 1.52373 0.36997
169.5 1.50661 0.392824
169.6 1.48903 0.415416
169.7 1.47094 0.43774
169.8 1.4523 0.459786
169.9 1.43306 0.481547
170 1.41316 0.503013
170.1 1.39251 0.524173
170.2 1.37104 0.545015
170.3 1.34865 0.565527
170.4 1.32519 0.585693
170.5 1.30053 0.605497
170.6 1.27447 0.624918
170.7 1.24677 0.643934
170.8 1.21711 0.662518
170.9 1.18508 0.680638
171 1.15014 0.698253
171.1 1.11151 0.715314
171.2 1.06809 0.731759
171.3 1.01825 0.747502
171.4 0.959396 0.76243
171.5 0.88729 0.776377
171.6 0.794375 0.789092
171.7 0.666037 0.800165
171.8 0.471036 0.808857
171.9 0.136203 0.813694
172 -0.49489 0.811488
172.1 -1.41758 0.797016
172.2 -1.88471 0.770908
172.3 -1.9765 0.741089
172.4 -2.00104 0.710825
172.5 -2.00327 0.680532
172.6 -1.99749 0.650329
172.7 -1.98885 0.620255
172.8 -1.97916 0.590327
172.9 -1.96908 0.56055
173 -1.95881 0.530928
173.1 -1.94841 0.501461
173.2 -1.93791 0.472152
173.3 -1.92731 0.443002
173.4 -1.91661 0.414013
173.5 -1.9058 0.385186
173.6 -1.89489 0.356523
173.7 -1.88386 0.328025
173.8 -1.87272 0.299695
173.9 -1.86147 0.271533
174 -1.85009 0.243542
174.1 -1.83859 0.215724
174.2 -1.82696 0.18808
174.3 -1.81519 0.160612
174.4 -1.80328 0.133323
174.5 -1.79123 0.106215
174.6 -1.77902 0.0792897
174.7 -1.76666 0.0525497
174.8 -1.75413 0.0259974
174.9 -1.74143 -0.000364641
175 -1.72855 -0.0265338
175.1 -1.71548 -0.0525072
175.2 -1.70221 -0.078282
175.3 -1.68874 -0.103855
175.4 -1.67506 -0.129224
175.5 -1.66114 -0.154384
175.6 -1.64698 -0.179333
175.7 -1.63257 -0.204066
175.8 -1.61789 -0.22858
175.9 -1.60293 -0.25287
176 -1.58766 -0.276932
176.1 -1.57207 -0.300762
176.2 -1.55613 -0.324353
176.3 -1.53982 -0.347702
176.4 -1.52312 -0.370802
176.5 -1.50598 -0.393646
176.6 -1.48838 -0.416229
176.7 -1.47028 -0.438542
176.8 -1.45162 -0.460579
176.9 -1.43236 -0.482329
177 -1.41243 -0.503784
177.1 -1.39175 -0.524932
177.2 -1.37025 -0.545763
177.3 -1.34782 -0.566263
177.4 -1.32432 -0.586416
177.5 -1.29961 -0.606206
177.6 -1.2735 -0.625613
177.7 -1.24573 -0.644614
177.8 -1.21599 -0.663182
177.9 -1.18387 -0.681284
178 -1.14881 -0.69888
178.1 -1.11003 -0.71592
178.2 -1.06641 -0.732341
178.3 -1.01629 -0.748057
178.4 -0.95705 -0.762953
178.5 -0.884351 -0.776861
178.6 -0.79047 -0.789525
178.7 -0.660414 -0.800527
178.8 -0.462009 -0.809112
178.9 -0.119747 -0.813764
179 0.525438 -0.811209
179.1 1.44736 -0.796233
179.2 1.88989 -0.769846
179.3 1.9779 -0.739998
179.4 2.00131 -0.70973
179.5 2.00313 -0.679439
179.6 1.99721 -0.64924
179.7 1.98851 -0.619172
179.8 1.9788 -0.589249
179.9 1.96871 -0.559478
180 1.95844 -0.529861
180.1 1.94803 -0.5004
180.2 1.93753 -0.471096
180.3 1.92692 -0.441952
180.4 1.91622 -0.412969
180.5 1.90541 -0.384148
180.6 1.89449 -0.355491
180.7 1.88346 -0.326999
180.8 1.87232 -0.298675
180.9 1.86106 -0.270519
181 1.84968 -0.242534
181.1 1.83817 -0.214722
181.2 1.82654 -0.187085
181.3 1.81476 -0.159624
181.4 1.80285 -0.132341
181.5 1.79079 -0.105239
181.6 1.77858 -0.0783207
181.7 1.76621 -0.0515874
181.8 1.75367 -0.025042
181.9 1.74097 0.00131313
182 1.72808 0.0274752
182.1 1.715 0.0534415
182.2 1.70173 0.0792092
182.3 1.68825 0.104775
182.4 1.67456 0.130136
182.5 1.66063 0.155289
182.6 1.64647 0.18023
182.7 1.63205 0.204955
182.8 1.61736 0.229461
182.9 1.60238 0.253743
183 1.5871 0.277797
183.1 1.5715 0.301618
183.2 1.55555 0.325201
183.3 1.53923 0.348541
183.4 1.52251 0.371631
183.5 1.50535 0.394466
183.6 1.48774 0.41704
183.7 1.46961 0.439343
183.8 1.45093 0.461369
183.9 1.43165 0.483109
184 1.41169 0.504553
184.1 1.39099 0.52569
184.2 1.36946 0.546509
184.3 1.34699 0.566997
184.4 1.32345 0.587137
184.5 1.2987 0.606914
184.6 1.27252 0.626307
184.7 1.24469 0.645293
184.8 1.21488 0.663844
184.9 1.18266 0.681929
185 1.14748 0.699506
185.1 1.10855 0.716525
185.2 1.06473 0.732922
185.3 1.01433 0.74861
185.4 0.954693 0.763474
185.5 0.881391 0.777341
185.6 0.786527 0.789955
185.7 0.654717 0.800885
185.8 0.452823 0.809361
185.9 0.10293 0.813825
186 -0.556445 0.810913
186.1 -1.47627 0.795435
186.2 -1.89475 0.768783
186.3 -1.97922 0.738908
186.4 -2.00154 0.708636
186.5 -2.00298 0.678348
186.6 -1.99692 0.648153
186.7 -1.98816 0.61809
186.8 -1.97844 0.588173
186.9 -1.96835 0.558407
187 -1.95806 0.528795
187.1 -1.94766 0.49934
187.2 -1.93715 0.470042
187.3 -1.92654 0.440904
187.4 -1.91583 0.411927
187.5 -1.90501 0.383112
187.6 -1.89409 0.35446
187.7 -1.88306 0.325975
187.8 -1.87192 0.297656
187.9 -1.86065 0.269507
188 -1.84927 0.241528
188.1 -1.83776 0.213722
188.2 -1.82611 0.186091
188.3 -1.81434 0.158636
188.4 -1.80242 0.13136
188.5 -1.79035 0.104265
188.6 -1.77813 0.0773531
188.7 -1.76576 0.0506266
188.8 -1.75322 0.024088
188.9 -1.7405 -0.00226022
189 -1.72761 -0.0284153
189.1 -1.71453 -0.0543745
189.2 -1.70125 -0.0801349
189.3 -1.68776 -0.105693
189.4 -1.67406 -0.131047
189.5 -1.66013 -0.156192
189.6 -1.64595 -0.181125
189.7 -1.63152 -0.205843
189.8 -1.61682 -0.230341
189.9 -1.60184 -0.254614
190 -1.58654 -0.27866
190.1 -1.57093 -0.302473
190.2 -1.55497 -0.326047
190.3 -1.53863 -0.349378
190.4 -1.52189 -0.372459
190.5 -1.50473 -0.395285
190.6 -1.48709 -0.417849
190.7 -1.46895 -0.440142
190.8 -1.45025 -0.462158
190.9 -1.43094 -0.483888
191 -1.41096 -0.505321
191.1 -1.39023 -0.526447
191.2 -1.36866 -0.547254
191.3 -1.34616 -0.567729
191.4 -1.32258 -0.587857
191.5 -1.29778 -0.60762
191.6 -1.27155 -0.626999
191.7 -1.24365 -0.64597
191.8 -1.21376 -0.664505
191.9 -1.18145 -0.682572
192 -1.14615 -0.700129
192.1 -1.10706 -0.717127
192.2 -1.06304 -0.7335
192.3 -1.01236 -0.749162
192.4 -0.95232 -0.763992
192.5 -0.878407 -0.77782
192.6 -0.782543 -0.790381
192.7 -0.64894 -0.80124
192.8 -0.443465 -0.809605
192.9 -0.0857313 -0.813877
193 0.587915 -0.810601
193.1 1.50433 -0.794623
193.2 1.89936 -0.767718
193.3 1.98047 -0.737817
193.4 2.00176 -0.707542
193.5 2.00283 -0.677257
193.6 1.99662 -0.647066
193.7 1.98782 -0.617009
193.8 1.97808 -0.587097
193.9 1.96798 -0.557336
194 1.95769 -0.52773
194.1 1.94728 -0.498281
194.2 1.93677 -0.468989
194.3 1.92615 -0.439856
194.4 1.91544 -0.410885
194.5 1.90462 -0.382076
194.6 1.8937 -0.35343
194.7 1.88266 -0.324951
194.8 1.87151 -0.296638
194.9 1.86024 -0.268495
195 1.84885 -0.240523
195.1 1.83734 -0.212723
195.2 1.82569 -0.185098
195.3 1.81391 -0.15765
195.4 1.80198 -0.13038
195.5 1.78991 -0.103292
195.6 1.77769 -0.0763862
195.7 1.76531 -0.0496664
195.8 1.75276 -0.0231346
195.9 1.74004 0.00320671
196 1.72714 0.0293548
196.1 1.71405 0.0553069
196.2 1.70077 0.08106
196.3 1.68727 0.106611
196.4 1.67356 0.131957
196.5 1.65962 0.157095
196.6 1.64544 0.18202
196.7 1.631 0.20673
196.8 1.61629 0.23122
196.9 1.60129 0.255486
197 1.58599 0.279523
197.1 1.57036 0.303327
197.2 1.55438 0.326893
197.3 1.53803 0.350215
197.4 1.52128 0.373287
197.5 1.5041 0.396104
197.6 1.48645 0.418657
197.7 1.46828 0.440941
197.8 1.44956 0.462947
197.9 1.43023 0.484666
198 1.41022 0.506088
198.1 1.38947 0.527203
198.2 1.36787 0.547999
198.3 1.34533 0.568461
198.4 1.32171 0.588576
198.5 1.29686 0.608326
198.6 1.27058 0.62769
198.7 1.24261 0.646646
198.8 1.21264 0.665165
198.9 1.18023 0.683214
199 1.14481 0.700752
199.1 1.10557 0.717729
199.2 1.06134 0.734078
199.3 1.01038 0.749712
199.4 0.949931 0.76451
199.5 0.875397 0.778297
199.6 0.778513 0.790806
199.7 0.643076 0.801591
199.8 0.433924 0.809844
199.9 0.0681257 0.813919
200 -0.619854 0.810272
