0 2 0
0.1 1.79394 0.0278257
0.2 1.73374 0.0542253
0.3 1.70701 0.0800645
0.4 1.68954 0.105594
0.5 1.67465 0.130887
0.6 1.66037 0.155962
0.7 1.64611 0.180823
0.8 1.63169 0.205468
0.9 1.61702 0.229895
1 1.60208 0.254099
1.1 1.58683 0.278076
1.2 1.57127 0.301822
1.3 1.55536 0.325331
1.4 1.53908 0.348598
1.5 1.52241 0.371618
1.6 1.5053 0.394383
1.7 1.48773 0.416888
1.8 1.46966 0.439124
1.9 1.45104 0.461085
2 1.43181 0.482762
2.1 1.41191 0.504144
2.2 1.39128 0.525222
2.3 1.36982 0.545983
2.4 1.34742 0.566415
2.5 1.32397 0.586502
2.6 1.29931 0.606228
2.7 1.27324 0.625572
2.8 1.24553 0.644513
2.9 1.21585 0.663022
3 1.18379 0.681068
3.1 1.1488 0.69861
3.2 1.11009 0.7156
3.3 1.06656 0.731972
3.4 1.01654 0.747644
3.5 0.957411 0.7625
3.6 0.884849 0.776372
3.7 0.791134 0.789007
3.8 0.661276 0.799988
3.9 0.46307 0.808561
4 0.120793 0.813216
4.1 -0.525561 0.810677
4.2 -1.44957 0.795726
4.3 -1.89006 0.76939
4.4 -1.97753 0.739628
4.5 -2.00099 0.709452
4.6 -2.00294 0.679255
4.7 -1.9971 0.649148
4.8 -1.98846 0.619171
4.9 -1.9788 0.589339
5 -1.96874 0.559657
5.1 -1.9585 0.530128
5.2 -1.94813 0.500755
5.3 -1.93765 0.471538
5.4 -1.92708 0.442479
5.5 -1.91641 0.413581
5.6 -1.90563 0.384843
5.7 -1.89475 0.356269
5.8 -1.88376 0.327858
5.9 -1.87265 0.299614
6 -1.86143 0.271538
6.1 -1.85009 0.243632
6.2 -1.83862 0.215897
6.3 -1.82702 0.188335
6.4 -1.81529 0.160949
6.5 -1.80342 0.13374
6.6 -1.7914 0.106711
6.7 -1.77923 0.0798642
6.8 -1.76691 0.0532011
6.9 -1.75442 0.0267246
7 -1.74176 0.000437166
7.1 -1.72892 -0.0256586
7.2 -1.7159 -0.0515599
7.3 -1.70268 -0.0772639
7.4 -1.68926 -0.102768
7.5 -1.67562 -0.128068
7.6 -1.66175 -0.153161
7.7 -1.64765 -0.178045
7.8 -1.63329 -0.202714
7.9 -1.61867 -0.227165
8 -1.60377 -0.251394
8.1 -1.58856 -0.275397
8.2 -1.57303 -0.299169
8.3 -1.55716 -0.322705
8.4 -1.54093 -0.346
8.5 -1.5243 -0.369047
8.6 -1.50724 -0.391841
8.7 -1.48973 -0.414376
8.8 -1.47171 -0.436643
8.9 -1.45316 -0.458635
9 -1.434 -0.480344
9.1 -1.41418 -0.50176
9.2 -1.39363 -0.522872
9.3 -1.37227 -0.54367
9.4 -1.34999 -0.564139
9.5 -1.32666 -0.584266
9.6 -1.30214 -0.604033
9.7 -1.27625 -0.623421
9.8 -1.24873 -0.642408
9.9 -1.21929 -0.660968
10 -1.18752 -0.679067
10.1 -1.15289 -0.696668
10.2 -1.11465 -0.713723
10.3 -1.07173 -0.730168
10.4 -1.02254 -0.745924
10.5 -0.964614 -0.760878
10.6 -0.89386 -0.774871
10.7 -0.803077 -0.787662
10.8 -0.67842 -0.798857
10.9 -0.490485 -0.807756
11 -0.170614 -0.812968
11.1 0.432357 -0.811486
11.2 1.3548 -0.798099
11.3 1.87299 -0.77266
11.4 1.97288 -0.742997
11.5 2.00004 -0.712835
11.6 2.00332 -0.682631
11.7 1.99797 -0.652512
11.8 1.9895 -0.622519
11.9 1.97991 -0.59267
12 1.96988 -0.562971
12.1 1.95965 -0.533425
12.2 1.94929 -0.504034
12.3 1.93883 -0.4748
12.4 1.92827 -0.445723
12.5 1.91761 -0.416807
12.6 1.90684 -0.388051
12.7 1.89597 -0.359458
12.8 1.88499 -0.33103
12.9 1.8739 -0.302767
13 1.86269 -0.274672
13.1 1.85136 -0.246746
13.2 1.83991 -0.218992
13.3 1.82833 -0.191411
13.4 1.81661 -0.164005
13.5 1.80475 -0.136776
13.6 1.79275 -0.109727
13.7 1.7806 -0.0828595
13.8 1.7683 -0.0561757
13.9 1.75583 -0.0296782
14 1.74319 -0.00336943
14.1 1.73037 0.0227479
14.2 1.71737 0.0486711
14.3 1.70417 0.0743974
14.4 1.69077 0.0999237
14.5 1.67716 0.125247
14.6 1.66332 0.150364
14.7 1.64924 0.175271
14.8 1.63491 0.199964
14.9 1.62032 0.22444
15 1.60545 0.248694
15.1 1.59028 0.272723
15.2 1.57479 0.296521
15.3 1.55896 0.320083
15.4 1.54276 0.343405
15.5 1.52618 0.36648
15.6 1.50917 0.389303
15.7 1.49171 0.411867
15.8 1.47376 0.434164
15.9 1.45526 0.456188
16 1.43617 0.477929
16.1 1.41643 0.499378
16.2 1.39597 0.520525
16.3 1.3747 0.541358
16.4 1.35253 0.561865
16.5 1.32933 0.582031
16.6 1.30495 0.601839
16.7 1.27922 0.621271
16.8 1.2519 0.640304
16.9 1.22269 0.658913
17 1.19121 0.677066
17.1 1.15693 0.694725
17.2 1.11914 0.711843
17.3 1.07681 0.728361
17.4 1.02843 0.744198
17.5 0.971639 0.759249
17.6 0.902601 0.77336
17.7 0.814578 0.786301
17.8 0.69476 0.797701
17.9 0.516262 0.806909
18 0.216819 0.812641
18.1 -0.34475 0.81214
18.2 -1.25412 0.800304
18.3 -1.85105 0.775873
18.4 -1.96699 0.746344
18.5 -1.99865 0.716204
18.6 -2.00355 0.685996
18.7 -1.99878 0.655863
18.8 -1.99052 0.625856
18.9 -1.981 0.59599
19 -1.97101 0.566274
19.1 -1.9608 0.536711
19.2 -1.95045 0.507303
19.3 -1.94 0.478051
19.4 -1.92945 0.448957
19.5 -1.9188 0.420022
19.6 -1.90805 0.391249
19.7 -1.89719 0.362637
19.8 -1.88622 0.33419
19.9 -1.87514 0.305909
20 -1.86395 0.277795
20.1 -1.85263 0.249851
20.2 -1.84119 0.222077
20.3 -1.82962 0.194477
20.4 -1.81792 0.167051
20.5 -1.80608 0.139803
20.6 -1.7941 0.112734
20.7 -1.78196 0.0858455
20.8 -1.76968 0.059141
20.9 -1.75722 0.0326226
21 -1.7446 0.00629273
21.1 -1.73181 -0.0198461
21.2 -1.71883 -0.0457911
21.3 -1.70565 -0.0715394
21.4 -1.69228 -0.0970882
21.5 -1.67869 -0.122434
21.6 -1.66487 -0.147574
21.7 -1.65082 -0.172505
21.8 -1.63652 -0.197222
21.9 -1.62196 -0.221722
22 -1.60712 -0.246002
22.1 -1.59198 -0.270055
22.2 -1.57653 -0.293879
22.3 -1.56074 -0.317468
22.4 -1.54459 -0.340817
22.5 -1.52805 -0.36392
22.6 -1.51109 -0.386772
22.7 -1.49368 -0.409365
22.8 -1.47578 -0.431692
22.9 -1.45735 -0.453747
23 -1.43833 -0.47552
23.1 -1.41867 -0.497002
23.2 -1.39829 -0.518183
23.3 -1.37712 -0.539052
23.4 -1.35505 -0.559596
23.5 -1.33197 -0.5798
23.6 -1.30773 -0.599649
23.7 -1.28216 -0.619124
23.8 -1.25503 -0.638203
23.9 -1.22605 -0.65686
24 -1.19485 -0.675066
24.1 -1.16091 -0.692782
24.2 -1.12356 -0.709963
24.3 -1.0818 -0.726551
24.4 -1.03418 -0.74247
24.5 -0.978488 -0.757614
24.6 -0.911077 -0.771839
24.7 -0.82565 -0.784926
24.8 -0.710338 -0.796524
24.9 -0.540515 -0.806022
25 -0.259681 -0.812241
25.1 0.262915 -0.812649
25.2 1.14937 -0.802329
25.3 1.82222 -0.779011
25.4 1.95952 -0.749669
25.5 1.99672 -0.719559
25.6 2.00358 -0.689349
25.7 1.99952 -0.659206
25.8 1.99151 -0.629183
25.9 1.98209 -0.599301
26 1.97213 -0.569569
26.1 1.96194 -0.539988
26.2 1.95161 -0.510563
26.3 1.94117 -0.481293
26.4 1.93063 -0.452182
26.5 1.91999 -0.423229
26.6 1.90925 -0.394438
26.7 1.8984 -0.365809
26.8 1.88745 -0.337343
26.9 1.87638 -0.309043
27 1.8652 -0.280911
27.1 1.8539 -0.252947
27.2 1.84247 -0.225155
27.3 1.83092 -0.197535
27.4 1.81923 -0.17009
27.5 1.8074 -0.142822
27.6 1.79544 -0.115732
27.7 1.78332 -0.0888241
27.8 1.77105 -0.0620992
27.9 1.75862 -0.03556
28 1.74602 -0.00920902
28.1 1.73324 0.0169512
28.2 1.72028 0.0429178
28.3 1.70713 0.0686882
28.4 1.69377 0.0942593
28.5 1.68021 0.119628
28.6 1.66642 0.144791
28.7 1.6524 0.169745
28.8 1.63812 0.194486
28.9 1.62359 0.219011
29 1.60878 0.243315
29.1 1.59368 0.267394
29.2 1.57826 0.291244
29.3 1.56251 0.314859
29.4 1.5464 0.338235
29.5 1.52991 0.361366
29.6 1.513 0.384245
29.7 1.49564 0.406867
29.8 1.4778 0.429225
29.9 1.45943 0.45131
30 1.44048 0.473115
30.1 1.42089 0.494629
30.2 1.40059 0.515845
30.3 1.37951 0.536749
30.4 1.35755 0.55733
30.5 1.33459 0.577573
30.6 1.31049 0.597462
30.7 1.28508 0.616979
30.8 1.25813 0.636103
30.9 1.22937 0.654809
31 1.19844 0.673066
31.1 1.16484 0.690839
31.2 1.1279 0.708082
31.3 1.08669 0.72474
31.4 1.03982 0.740737
31.5 0.985172 0.755974
31.6 0.919309 0.77031
31.7 0.83633 0.783537
31.8 0.72522 0.795324
31.9 0.563392 0.8051
32 0.299529 0.811772
32.1 -0.1867 0.813023
32.2 -1.04229 0.804171
32.3 -1.7848 0.782064
32.4 -1.9504 0.752978
32.5 -1.99424 0.722908
32.6 -2.00342 0.6927
32.7 -2.00019 0.662546
32.8 -1.99248 0.632509
32.9 -1.98317 0.602611
33 -1.97325 0.572861
33.1 -1.96308 0.543264
33.2 -1.95276 0.513821
33.3 -1.94233 0.484534
33.4 -1.9318 0.455405
33.5 -1.92118 0.426435
33.6 -1.91045 0.397626
33.7 -1.89961 0.368978
33.8 -1.88867 0.340495
33.9 -1.87761 0.312176
34 -1.86644 0.284025
34.1 -1.85516 0.256043
34.2 -1.84374 0.228231
34.3 -1.8322 0.200592
34.4 -1.82053 0.173128
34.5 -1.80872 0.14584
34.6 -1.79677 0.11873
34.7 -1.78467 0.091802
34.8 -1.77242 0.0650566
34.9 -1.76 0.0384966
35 -1.74742 0.0121246
35.1 -1.73467 -0.0140569
35.2 -1.72173 -0.0400452
35.3 -1.7086 -0.0658374
35.4 -1.69526 -0.0914308
35.5 -1.68172 -0.116822
35.6 -1.66796 -0.142008
35.7 -1.65396 -0.166985
35.8 -1.63972 -0.19175
35.9 -1.62522 -0.216299
36 -1.61044 -0.240628
36.1 -1.59537 -0.264732
36.2 -1.57999 -0.288608
36.3 -1.56428 -0.312249
36.4 -1.54821 -0.335652
36.5 -1.53176 -0.35881
36.6 -1.5149 -0.381718
36.7 -1.49759 -0.404369
36.8 -1.4798 -0.426756
36.9 -1.46149 -0.448872
37 -1.44261 -0.470708
37.1 -1.4231 -0.492256
37.2 -1.40288 -0.513505
37.3 -1.38189 -0.534444
37.4 -1.36003 -0.555061
37.5 -1.33719 -0.575343
37.6 -1.31323 -0.595272
37.7 -1.28797 -0.614832
37.8 -1.26121 -0.634001
37.9 -1.23266 -0.652754
38 -1.20199 -0.671063
38.1 -1.16872 -0.688891
38.2 -1.13219 -0.706196
38.3 -1.09152 -0.722922
38.4 -1.04536 -0.738996
38.5 -0.991713 -0.754324
38.6 -0.927326 -0.768769
38.7 -0.846661 -0.782133
38.8 -0.739488 -0.794102
38.9 -0.585054 -0.804141
39 -0.336716 -0.81124
39.1 0.115747 -0.813274
39.2 0.93444 -0.80583
39.3 1.73757 -0.785026
39.4 1.9399 -0.756281
39.5 1.99131 -0.72626
39.6 2.00309 -0.696056
39.7 2.0008 -0.665893
39.8 1.99343 -0.635841
39.9 1.98424 -0.605928
40 1.97437 -0.576161
40.1 1.96422 -0.546547
40.2 1.95391 -0.517087
40.3 1.9435 -0.487783
40.4 1.93298 -0.458636
40.5 1.92236 -0.429648
40.6 1.91164 -0.400821
40.7 1.90082 -0.372155
40.8 1.88989 -0.343653
40.9 1.87885 -0.315317
41 1.86769 -0.287147
41.1 1.85642 -0.259146
41.2 1.84502 -0.231315
41.3 1.83349 -0.203657
41.4 1.82184 -0.176173
41.5 1.81004 -0.148865
41.6 1.79811 -0.121736
41.7 1.78603 -0.0947869
41.8 1.77379 -0.068021
41.9 1.76139 -0.0414404
42 1.74883 -0.0150473
42.1 1.73609 0.0111555
42.2 1.72317 0.0371654
42.3 1.71007 0.0629796
42.4 1.69676 0.0885952
42.5 1.68324 0.114009
42.6 1.6695 0.139218
42.7 1.65553 0.164219
42.8 1.64132 0.189008
42.9 1.62685 0.213581
43 1.6121 0.237934
43.1 1.59706 0.262064
43.2 1.58172 0.285965
43.3 1.56604 0.309633
43.4 1.55001 0.333062
43.5 1.53361 0.356248
43.6 1.51679 0.379184
43.7 1.49954 0.401864
43.8 1.48181 0.424281
43.9 1.46356 0.446427
44 1.44474 0.468295
44.1 1.4253 0.489875
44.2 1.40517 0.511158
44.3 1.38427 0.532132
44.4 1.36251 0.552786
44.5 1.33978 0.573105
44.6 1.31595 0.593074
44.7 1.29085 0.612676
44.8 1.26426 0.63189
44.9 1.23594 0.650691
45 1.20552 0.66905
45.1 1.17256 0.686934
45.2 1.13644 0.7043
45.3 1.09628 0.721093
45.4 1.05082 0.737244
45.5 0.998135 0.75266
45.6 0.935159 0.767212
45.7 0.856692 0.780709
45.8 0.753218 0.792854
45.9 0.605652 0.803145
46 0.371564 0.810647
46.1 -0.0496337 0.813411
46.2 -0.8272 0.807311
46.3 -1.67985 0.787893
46.4 -1.92845 0.759589
46.5 -1.9881 0.729624
46.6 -2.00266 0.699426
46.7 -2.00138 0.669253
46.8 -1.99437 0.639188
46.9 -1.98531 0.609258
47 -1.97549 0.579475
47.1 -1.96536 0.549844
47.2 -1.95507 0.520366
47.3 -1.94466 0.491045
47.4 -1.93416 0.46188
47.5 -1.92355 0.432875
47.6 -1.91285 0.404029
47.7 -1.90203 0.375346
47.8 -1.89112 0.346825
47.9 -1.88009 0.31847
48 -1.86894 0.290282
48.1 -1.85768 0.262261
48.2 -1.8463 0.234412
48.3 -1.83479 0.206734
48.4 -1.82314 0.17923
48.5 -1.81137 0.151903
48.6 -1.79945 0.124754
48.7 -1.78738 0.0977847
48.8 -1.77516 0.0709983
48.9 -1.76278 0.0443968
49 -1.75024 0.0179827
49.1 -1.73752 -0.00824144
49.2 -1.72463 -0.034273
49.3 -1.71154 -0.0601092
49.4 -1.69825 -0.0857471
49.5 -1.68476 -0.111184
49.6 -1.67105 -0.136416
49.7 -1.6571 -0.16144
49.8 -1.64292 -0.186252
49.9 -1.62847 -0.21085
50 -1.61376 -0.235228
50.1 -1.59875 -0.259383
50.2 -1.58344 -0.283309
50.3 -1.56781 -0.307004
50.4 -1.55182 -0.33046
50.5 -1.53546 -0.353673
50.6 -1.51869 -0.376637
50.7 -1.50149 -0.399346
50.8 -1.48381 -0.421793
50.9 -1.46562 -0.44397
51 -1.44687 -0.465869
51.1 -1.4275 -0.487482
51.2 -1.40745 -0.508798
51.3 -1.38664 -0.529807
51.4 -1.36499 -0.550497
51.5 -1.34237 -0.570855
51.6 -1.31867 -0.590864
51.7 -1.29372 -0.610508
51.8 -1.26731 -0.629766
51.9 -1.23919 -0.648614
52 -1.20903 -0.667025
52.1 -1.17638 -0.684964
52.2 -1.14065 -0.702389
52.3 -1.101 -0.719249
52.4 -1.05621 -0.735477
52.5 -1.00445 -0.75098
52.6 -0.942832 -0.765637
52.7 -0.866457 -0.779263
52.8 -0.76647 -0.791579
52.9 -0.625302 -0.802112
53 -0.40433 -0.809996
53.1 -0.0120143 -0.813441
53.2 0.721851 -0.808616
53.3 1.61157 -0.790658
53.4 1.9164 -0.762905
53.5 1.98475 -0.733001
53.6 2.00218 -0.70281
53.7 2.00194 -0.672628
53.8 1.9953 -0.642549
53.9 1.98637 -0.612603
54 1.97661 -0.582803
54.1 1.9665 -0.553155
54.2 1.95623 -0.52366
54.3 1.94583 -0.494321
54.4 1.93534 -0.465139
54.5 1.92474 -0.436115
54.6 1.91405 -0.407252
54.7 1.90325 -0.37855
54.8 1.89234 -0.350011
54.9 1.88133 -0.321637
55 1.8702 -0.29343
55.1 1.85895 -0.265391
55.2 1.84758 -0.237522
55.3 1.83608 -0.209825
55.4 1.82446 -0.182302
55.5 1.81269 -0.154955
55.6 1.80079 -0.127785
55.7 1.78874 -0.100796
55.8 1.77654 -0.073989
55.9 1.76418 -0.0473668
56 1.75165 -0.0209316
56.1 1.73896 0.00531399
56.2 1.72608 0.0313673
56.3 1.71301 0.0572255
56.4 1.69975 0.0828858
56.5 1.68628 0.108345
56.6 1.67259 0.1336
56.7 1.65868 0.158648
56.8 1.64452 0.183484
56.9 1.6301 0.208106
57 1.61542 0.232509
57.1 1.60045 0.256689
57.2 1.58517 0.280641
57.3 1.56957 0.304362
57.4 1.55363 0.327845
57.5 1.53731 0.351086
57.6 1.52059 0.374078
57.7 1.50343 0.396816
57.8 1.48581 0.419292
57.9 1.46768 0.4415
58 1.449 0.46343
58.1 1.4297 0.485076
58.2 1.40973 0.506426
58.3 1.38901 0.52747
58.4 1.36746 0.548197
58.5 1.34496 0.568592
58.6 1.32138 0.588641
58.7 1.29658 0.608327
58.8 1.27035 0.627629
58.9 1.24244 0.646524
59 1.21252 0.664986
59.1 1.18018 0.682979
59.2 1.14483 0.700465
59.3 1.10567 0.717391
59.4 1.06153 0.733693
59.5 1.01067 0.749284
59.6 0.950352 0.764042
59.7 0.87597 0.777796
59.8 0.779276 0.790277
59.9 0.644077 0.801043
60 0.43519 0.809288
60.1 0.0694777 0.813371
60.2 -0.619603 0.809749
60.3 -1.53319 0.79331
60.4 -1.90365 0.766223
60.5 -1.98124 0.736387
60.6 -2.00164 0.706202
60.7 -2.00248 0.676012
60.8 -1.99623 0.645919
60.9 -1.98744 0.615957
61 -1.97773 0.586141
61.1 -1.96765 0.556475
61.2 -1.95739 0.526963
61.3 -1.94701 0.497606
61.4 -1.93652 0.468406
61.5 -1.92594 0.439365
61.6 -1.91525 0.410483
61.7 -1.90447 0.381763
61.8 -1.89357 0.353206
61.9 -1.88257 0.324814
62 -1.87145 0.296588
62.1 -1.86022 0.26853
62.2 -1.84886 0.240642
62.3 -1.83738 0.212925
62.4 -1.82577 0.185383
62.5 -1.81402 0.158015
62.6 -1.80213 0.130826
62.7 -1.7901 0.103816
62.8 -1.77792 0.0769888
62.9 -1.76557 0.0503457
63 -1.75307 0.0238894
63.1 -1.74039 -0.0023776
63.2 -1.72753 -0.0284526
63.3 -1.71449 -0.0543328
63.4 -1.70125 -0.0800155
63.5 -1.6878 -0.105497
63.6 -1.67414 -0.130776
63.7 -1.66025 -0.155847
63.8 -1.64612 -0.180707
63.9 -1.63173 -0.205353
64 -1.61708 -0.229781
64.1 -1.60215 -0.253986
64.2 -1.58691 -0.277964
64.3 -1.57134 -0.301711
64.4 -1.55544 -0.325221
64.5 -1.53916 -0.348489
64.6 -1.52248 -0.37151
64.7 -1.50538 -0.394276
64.8 -1.48782 -0.416782
64.9 -1.46975 -0.43902
65 -1.45113 -0.460983
65.1 -1.4319 -0.482661
65.2 -1.41201 -0.504044
65.3 -1.39138 -0.525123
65.4 -1.36992 -0.545886
65.5 -1.34753 -0.56632
65.6 -1.32409 -0.586408
65.7 -1.29943 -0.606136
65.8 -1.27337 -0.625482
65.9 -1.24566 -0.644425
66 -1.21599 -0.662936
66.1 -1.18395 -0.680984
66.2 -1.14897 -0.698529
66.3 -1.11029 -0.715521
66.4 -1.06678 -0.731897
66.5 -1.01679 -0.747572
66.6 -0.957716 -0.762432
66.7 -0.885232 -0.776309
66.8 -0.791643 -0.788951
66.9 -0.662011 -0.799941
67 -0.464253 -0.808528
67.1 -0.122955 -0.813207
67.2 0.521552 -0.810715
67.3 1.44574 -0.795828
67.4 1.88941 -0.769527
67.5 1.97735 -0.73977
67.6 2.00096 -0.709594
67.7 2.00296 -0.679397
67.8 1.99714 -0.649289
67.9 1.9885 -0.619312
68 1.97884 -0.589479
68.1 1.96879 -0.559796
68.2 1.95854 -0.530266
68.3 1.94818 -0.500892
68.4 1.9377 -0.471675
68.5 1.92713 -0.442616
68.6 1.91646 -0.413716
68.7 1.90568 -0.384978
68.8 1.8948 -0.356402
68.9 1.88381 -0.327991
69 1.87271 -0.299747
69.1 1.86148 -0.27167
69.2 1.85014 -0.243762
69.3 1.83867 -0.216027
69.4 1.82708 -0.188464
69.5 1.81535 -0.161077
69.6 1.80347 -0.133868
69.7 1.79146 -0.106838
69.8 1.77929 -0.0799898
69.9 1.76697 -0.0533259
70 1.75448 -0.0268485
70.1 1.74182 -0.00056012
70.2 1.72899 0.0255365
70.3 1.71596 0.0514388
70.4 1.70274 0.0771438
70.5 1.68932 0.102648
70.6 1.67568 0.12795
70.7 1.66182 0.153044
70.8 1.64772 0.177928
70.9 1.63336 0.202598
71 1.61874 0.227051
71.1 1.60384 0.251281
71.2 1.58863 0.275285
71.3 1.57311 0.299058
71.4 1.55724 0.322595
71.5 1.541 0.345891
71.6 1.52438 0.368939
71.7 1.50732 0.391735
71.8 1.48981 0.41427
71.9 1.4718 0.436539
72 1.45324 0.458533
72.1 1.43409 0.480243
72.2 1.41428 0.50166
72.3 1.39373 0.522774
72.4 1.37237 0.543573
72.5 1.35009 0.564044
72.6 1.32677 0.584172
72.7 1.30226 0.603941
72.8 1.27637 0.623331
72.9 1.24886 0.64232
73 1.21943 0.660881
73.1 1.18768 0.678983
73.2 1.15306 0.696587
73.3 1.11484 0.713644
73.4 1.07195 0.730093
73.5 1.02279 0.745852
73.6 0.964912 0.76081
73.7 0.894231 0.774808
73.8 0.803568 0.787605
73.9 0.67912 0.798809
74 0.491597 0.807722
74.1 0.17262 0.812956
74.2 -0.428573 0.811517
74.3 -1.35069 0.798195
74.4 -1.87218 0.772796
74.5 -1.97266 0.743138
74.6 -1.99999 0.712977
74.7 -2.00334 0.682773
74.8 -1.998 0.652652
74.9 -1.98954 0.622659
75 -1.97995 0.592809
75.1 -1.96993 0.56311
75.2 -1.9597 0.533563
75.3 -1.94934 0.504171
75.4 -1.93888 0.474936
75.5 -1.92832 0.445859
75.6 -1.91766 0.416942
75.7 -1.90689 0.388185
75.8 -1.89602 0.359592
75.9 -1.88505 0.331162
76 -1.87395 0.302899
76.1 -1.86275 0.274803
76.2 -1.85142 0.246876
76.3 -1.83996 0.219121
76.4 -1.82838 0.19154
76.5 -1.81666 0.164133
76.6 -1.80481 0.136903
76.7 -1.79281 0.109853
76.8 -1.78066 0.0829847
76.9 -1.76835 0.0563001
77 -1.75589 0.0298017
77.1 -1.74325 0.00349204
77.2 -1.73043 -0.0226262
77.3 -1.71743 -0.0485503
77.4 -1.70423 -0.0742775
77.5 -1.69083 -0.0998048
77.6 -1.67722 -0.125129
77.7 -1.66338 -0.150247
77.8 -1.64931 -0.175155
77.9 -1.63498 -0.199849
78 -1.62039 -0.224326
78.1 -1.60552 -0.248581
78.2 -1.59035 -0.272611
78.3 -1.57486 -0.29641
78.4 -1.55903 -0.319974
78.5 -1.54284 -0.343296
78.6 -1.52626 -0.366373
78.7 -1.50925 -0.389197
78.8 -1.4918 -0.411762
78.9 -1.47384 -0.434061
79 -1.45535 -0.456086
79.1 -1.43626 -0.477828
79.2 -1.41653 -0.499278
79.3 -1.39607 -0.520427
79.4 -1.37481 -0.541262
79.5 -1.35264 -0.56177
79.6 -1.32944 -0.581938
79.7 -1.30507 -0.601748
79.8 -1.27934 -0.621181
79.9 -1.25203 -0.640216
80 -1.22283 -0.658827
80.1 -1.19136 -0.676982
80.2 -1.1571 -0.694643
80.3 -1.11933 -0.711764
80.4 -1.07702 -0.728285
80.5 -1.02867 -0.744126
80.6 -0.97193 -0.759181
80.7 -0.902961 -0.773296
80.8 -0.81505 -0.786243
80.9 -0.695427 -0.797653
81 -0.517307 -0.806872
81.1 -0.218679 -0.812626
81.2 0.341207 -0.812164
81.3 1.2498 -0.800393
81.4 1.84999 -0.776006
81.5 1.96671 -0.746484
81.6 1.99858 -0.716344
81.7 2.00356 -0.686136
81.8 1.99881 -0.656003
81.9 1.99056 -0.625995
82 1.98105 -0.596129
82.1 1.97106 -0.566412
82.2 1.96084 -0.536848
82.3 1.9505 -0.507439
82.4 1.94005 -0.478187
82.5 1.9295 -0.449092
82.6 1.91885 -0.420157
82.7 1.9081 -0.391382
82.8 1.89724 -0.36277
82.9 1.88627 -0.334323
83 1.8752 -0.30604
83.1 1.864 -0.277926
83.2 1.85269 -0.249981
83.3 1.84125 -0.222206
83.4 1.82968 -0.194605
83.5 1.81798 -0.167179
83.6 1.80614 -0.139929
83.7 1.79415 -0.112859
83.8 1.78202 -0.0859703
83.9 1.76973 -0.059265
84 1.75728 -0.0327458
84.1 1.74466 -0.00641497
84.2 1.73187 0.0197247
84.3 1.71889 0.0456707
84.4 1.70571 0.0714199
84.5 1.69234 0.0969696
84.6 1.67875 0.122317
84.7 1.66494 0.147457
84.8 1.65089 0.172389
84.9 1.63659 0.197107
85 1.62203 0.221609
85.1 1.60719 0.245889
85.2 1.59205 0.269944
85.3 1.5766 0.293769
85.4 1.56081 0.317359
85.5 1.54466 0.340709
85.6 1.52813 0.363813
85.7 1.51117 0.386666
85.8 1.49377 0.40926
85.9 1.47587 0.431589
86 1.45744 0.453645
86.1 1.43842 0.475419
86.2 1.41876 0.496902
86.3 1.39839 0.518085
86.4 1.37722 0.538955
86.5 1.35516 0.559501
86.6 1.33208 0.579707
86.7 1.30785 0.599558
86.8 1.28228 0.619034
86.9 1.25516 0.638115
87 1.22619 0.656774
87.1 1.195 0.674982
87.2 1.16108 0.692701
87.3 1.12374 0.709885
87.4 1.082 0.726476
87.5 1.03442 0.742397
87.6 0.978771 0.757546
87.7 0.911427 0.771776
87.8 0.826105 0.784868
87.9 0.710974 0.796474
88 0.5415 0.805985
88.1 0.261408 0.812222
88.2 -0.259613 0.812667
88.3 -1.14492 0.80241
88.4 -1.82084 0.779141
88.5 -1.95917 0.749808
88.6 -1.99663 0.719699
88.7 -2.00358 0.68949
88.8 -1.99955 0.659346
88.9 -1.99156 0.629322
89 -1.98214 0.59944
89.1 -1.97218 0.569706
89.2 -1.96199 0.540125
89.3 -1.95166 0.510699
89.4 -1.94122 0.481429
89.5 -1.93068 0.452317
89.6 -1.92004 0.423364
89.7 -1.9093 0.394571
89.8 -1.89845 0.365941
89.9 -1.8875 0.337475
90 -1.87643 0.309175
90.1 -1.86525 0.281041
90.2 -1.85395 0.253077
90.3 -1.84252 0.225284
90.4 -1.83097 0.197663
90.5 -1.81928 0.170217
90.6 -1.80746 0.142948
90.7 -1.79549 0.115858
90.8 -1.78338 0.0889488
90.9 -1.77111 0.062223
91 -1.75867 0.0356829
91.1 -1.74607 0.00933108
91.2 -1.7333 -0.01683
91.3 -1.72034 -0.0427976
91.4 -1.70719 -0.0685688
91.5 -1.69383 -0.0941408
91.6 -1.68027 -0.11951
91.7 -1.66648 -0.144674
91.8 -1.65246 -0.169629
91.9 -1.63819 -0.194372
92 -1.62366 -0.218897
92.1 -1.60885 -0.243202
92.2 -1.59375 -0.267283
92.3 -1.57833 -0.291133
92.4 -1.56258 -0.31475
92.5 -1.54648 -0.338127
92.6 -1.52998 -0.361259
92.7 -1.51308 -0.384139
92.8 -1.49572 -0.406763
92.9 -1.47788 -0.429121
93 -1.45951 -0.451208
93.1 -1.44057 -0.473014
93.2 -1.42098 -0.49453
93.3 -1.40069 -0.515747
93.4 -1.37961 -0.536652
93.5 -1.35765 -0.557235
93.6 -1.3347 -0.577479
93.7 -1.3106 -0.59737
93.8 -1.2852 -0.61689
93.9 -1.25826 -0.636015
94 -1.22951 -0.654723
94.1 -1.19859 -0.672982
94.2 -1.165 -0.690758
94.3 -1.12808 -0.708004
94.4 -1.0869 -0.724664
94.5 -1.04006 -0.740664
94.6 -0.985449 -0.755905
94.7 -0.919649 -0.770246
94.8 -0.836769 -0.783479
94.9 -0.725829 -0.795273
95 -0.564322 -0.80506
95.1 -0.301137 -0.811751
95.2 0.183626 -0.813036
95.3 1.03778 -0.804244
95.4 1.78303 -0.78219
95.5 1.94998 -0.753116
95.6 1.99412 -0.723048
95.7 2.00341 -0.69284
95.8 2.00022 -0.662686
95.9 1.99252 -0.632648
96 1.98321 -0.60275
96.1 1.9733 -0.572999
96.2 1.96312 -0.543401
96.3 1.95281 -0.513958
96.4 1.94238 -0.48467
96.5 1.93185 -0.45554
96.6 1.92123 -0.42657
96.7 1.9105 -0.397759
96.8 1.89966 -0.369111
96.9 1.88872 -0.340627
97 1.87767 -0.312308
97.1 1.8665 -0.284156
97.2 1.85521 -0.256173
97.3 1.8438 -0.22836
97.4 1.83226 -0.20072
97.5 1.82059 -0.173255
97.6 1.80878 -0.145966
97.7 1.79683 -0.118856
97.8 1.78473 -0.0919268
97.9 1.77248 -0.0651805
98 1.76006 -0.0386197
98.1 1.74748 -0.0122468
98.2 1.73473 0.0139355
98.3 1.72179 0.0399247
98.4 1.70866 0.0657179
98.5 1.69533 0.0913122
98.6 1.68179 0.116704
98.7 1.66802 0.141891
98.8 1.65403 0.16687
98.9 1.63979 0.191636
99 1.62529 0.216186
99.1 1.61051 0.240515
99.2 1.59544 0.264621
99.3 1.58006 0.288497
99.4 1.56435 0.31214
99.5 1.54828 0.335544
99.6 1.53183 0.358703
99.7 1.51497 0.381612
99.8 1.49767 0.404264
99.9 1.47989 0.426653
100 1.46158 0.44877
100.1 1.4427 0.470607
100.2 1.42319 0.492156
100.3 1.40298 0.513407
100.4 1.38199 0.534348
100.5 1.36014 0.554966
100.6 1.3373 0.575249
100.7 1.31334 0.59518
100.8 1.28809 0.614742
100.9 1.26133 0.633913
101 1.2328 0.652668
101.1 1.20214 0.670979
101.2 1.16888 0.68881
101.3 1.13237 0.706117
101.4 1.09172 0.722845
101.5 1.04559 0.738923
101.6 0.991985 0.754255
101.7 0.927657 0.768704
101.8 0.847087 0.782073
101.9 0.740073 0.79405
102 0.585937 0.8041
102.1 0.33822 0.811217
102.2 -0.112884 0.813282
102.3 -0.929928 0.805896
102.4 -1.73536 0.785148
102.5 -1.93943 0.756419
102.6 -1.99118 0.726401
102.7 -2.00307 0.696197
102.8 -2.00083 0.666033
102.9 -1.99347 0.635981
103 -1.98428 0.606067
103.1 -1.97441 0.5763
103.2 -1.96426 0.546685
103.3 -1.95396 0.517224
103.4 -1.94355 0.487919
103.5 -1.93303 0.458772
103.6 -1.92241 0.429783
103.7 -1.91169 0.400955
103.8 -1.90087 0.372289
103.9 -1.88994 0.343786
104 -1.8789 0.315448
104.1 -1.86774 0.287278
104.2 -1.85647 0.259276
104.3 -1.84507 0.231444
104.4 -1.83355 0.203785
104.5 -1.82189 0.1763
104.6 -1.8101 0.148992
104.7 -1.79816 0.121862
104.8 -1.78608 0.0949122
104.9 -1.77385 0.0681454
105 -1.76145 0.0415639
105.1 -1.74889 0.01517
105.2 -1.73615 -0.0110337
105.3 -1.72324 -0.0370445
105.4 -1.71013 -0.0628597
105.5 -1.69682 -0.0884762
105.6 -1.6833 -0.113891
105.7 -1.66957 -0.139101
105.8 -1.6556 -0.164103
105.9 -1.64138 -0.188892
106 -1.62691 -0.213467
106.1 -1.61217 -0.237821
106.2 -1.59713 -0.261952
106.3 -1.58179 -0.285854
106.4 -1.56611 -0.309523
106.5 -1.55009 -0.332953
106.6 -1.53368 -0.35614
106.7 -1.51687 -0.379077
106.8 -1.49962 -0.401758
106.9 -1.48189 -0.424177
107 -1.46364 -0.446324
107.1 -1.44483 -0.468193
107.2 -1.42539 -0.489775
107.3 -1.40526 -0.511059
107.4 -1.38437 -0.532035
107.5 -1.36262 -0.55269
107.6 -1.33989 -0.573011
107.7 -1.31606 -0.592982
107.8 -1.29097 -0.612586
107.9 -1.26439 -0.631801
108 -1.23607 -0.650604
108.1 -1.20567 -0.668966
108.2 -1.17272 -0.686852
108.3 -1.13662 -0.70422
108.4 -1.09648 -0.721016
108.5 -1.05105 -0.73717
108.6 -0.998402 -0.75259
108.7 -0.935484 -0.767146
108.8 -0.857106 -0.780649
108.9 -0.753782 -0.792801
109 -0.606493 -0.803103
109.1 -0.372977 -0.810621
109.2 0.0469646 -0.813414
109.3 0.822742 -0.807369
109.4 1.6772 -0.788011
109.5 1.92795 -0.759727
109.6 1.98796 -0.729765
109.7 2.00264 -0.699567
109.8 2.0014 -0.669394
109.9 1.99441 -0.639328
110 1.98535 -0.609398
110.1 1.97553 -0.579614
110.2 1.9654 -0.549982
110.3 1.95512 -0.520504
110.4 1.94471 -0.491182
110.5 1.93421 -0.462016
110.6 1.9236 -0.43301
110.7 1.9129 -0.404164
110.8 1.90208 -0.375479
110.9 1.89117 -0.346958
111 1.88014 -0.318602
111.1 1.869 -0.290413
111.2 1.85773 -0.262392
111.3 1.84635 -0.234542
111.4 1.83484 -0.206863
111.5 1.8232 -0.179359
111.6 1.81142 -0.152031
111.7 1.7995 -0.12488
111.8 1.78744 -0.0979105
111.9 1.77522 -0.0711233
112 1.76284 -0.0445209
112.1 1.7503 -0.018106
112.2 1.73758 0.00811909
112.3 1.72469 0.0341516
112.4 1.7116 0.0599887
112.5 1.69831 0.0856275
112.6 1.68482 0.111065
112.7 1.67111 0.136298
112.8 1.65717 0.161323
112.9 1.64298 0.186137
113 1.62854 0.210735
113.1 1.61383 0.235114
113.2 1.59883 0.25927
113.3 1.58352 0.283198
113.4 1.56788 0.306893
113.5 1.55189 0.330351
113.6 1.53553 0.353565
113.7 1.51877 0.37653
113.8 1.50157 0.39924
113.9 1.48389 0.421688
114 1.46571 0.443866
114.1 1.44696 0.465767
114.2 1.42759 0.487381
114.3 1.40755 0.508699
114.4 1.38674 0.52971
114.5 1.36509 0.550401
114.6 1.34248 0.57076
114.7 1.31878 0.590771
114.8 1.29384 0.610417
114.9 1.26744 0.629677
115 1.23933 0.648527
115.1 1.20918 0.66694
115.2 1.17654 0.684881
115.3 1.14083 0.702309
115.4 1.10119 0.719172
115.5 1.05643 0.735402
115.6 1.00472 0.75091
115.7 0.94315 0.76557
115.8 0.86686 0.779202
115.9 0.767015 0.791525
116 0.626105 0.802068
116.1 0.40566 0.809967
116.2 0.0145032 0.81344
116.3 -0.717499 0.808667
116.4 -1.60848 0.790772
116.5 -1.91588 0.763044
116.6 -1.98461 0.733143
116.7 -2.00216 0.702952
116.8 -2.00196 0.67277
116.9 -1.99534 0.64269
117 -1.98642 0.612743
117.1 -1.97665 0.582943
117.2 -1.96655 0.553294
117.3 -1.95627 0.523798
117.4 -1.94588 0.494458
117.5 -1.93539 0.465275
117.6 -1.92479 0.436251
117.7 -1.9141 0.407387
117.8 -1.9033 0.378684
117.9 -1.8924 0.350145
118 -1.88138 0.32177
118.1 -1.87025 0.293562
118.2 -1.859 0.265522
118.3 -1.84763 0.237653
118.4 -1.83614 0.209955
118.5 -1.82451 0.182431
118.6 -1.81275 0.155083
118.7 -1.80085 0.127913
118.8 -1.7888 0.100922
118.9 -1.7766 0.0741145
119 -1.76424 0.0474914
119.1 -1.75171 0.0210553
119.2 -1.73902 -0.00519115
119.3 -1.72614 -0.0312453
119.4 -1.71308 -0.0571045
119.5 -1.69981 -0.0827657
119.6 -1.68634 -0.108226
119.7 -1.67266 -0.133482
119.8 -1.65874 -0.158531
119.9 -1.64458 -0.183368
120 -1.63017 -0.207991
120.1 -1.61549 -0.232395
120.2 -1.60052 -0.256576
120.3 -1.58525 -0.280529
120.4 -1.56965 -0.304251
120.5 -1.5537 -0.327735
120.6 -1.53738 -0.350977
120.7 -1.52067 -0.373971
120.8 -1.50352 -0.39671
120.9 -1.4859 -0.419187
121 -1.46777 -0.441396
121.1 -1.44909 -0.463328
121.2 -1.42979 -0.484975
121.3 -1.40983 -0.506326
121.4 -1.38911 -0.527372
121.5 -1.36756 -0.5481
121.6 -1.34506 -0.568497
121.7 -1.3215 -0.588548
121.8 -1.2967 -0.608235
121.9 -1.27047 -0.627539
122 -1.24257 -0.646437
122.1 -1.21267 -0.6649
122.2 -1.18034 -0.682896
122.3 -1.14501 -0.700384
122.4 -1.10586 -0.717313
122.5 -1.06175 -0.733618
122.6 -1.01093 -0.749212
122.7 -0.950664 -0.763975
122.8 -0.876363 -0.777734
122.9 -0.779803 -0.790222
123 -0.644844 -0.800998
123.1 -0.436442 -0.809257
123.2 -0.071796 -0.813366
123.3 0.615405 -0.809793
123.4 1.5297 -0.793418
123.5 1.90309 -0.766362
123.6 1.98109 -0.736529
123.7 2.00161 -0.706344
123.8 2.0025 -0.676154
123.9 1.99627 -0.64606
124 1.98749 -0.616098
124.1 1.97777 -0.58628
124.2 1.96769 -0.556614
124.3 1.95743 -0.527101
124.4 1.94705 -0.497744
124.5 1.93657 -0.468543
124.6 1.92599 -0.439501
124.7 1.91531 -0.410619
124.8 1.90452 -0.381898
124.9 1.89362 -0.35334
125 1.88262 -0.324947
125.1 1.8715 -0.29672
125.2 1.86027 -0.268661
125.3 1.84891 -0.240773
125.4 1.83743 -0.213055
125.5 1.82582 -0.185512
125.6 1.81408 -0.158144
125.7 1.80219 -0.130953
125.8 1.79016 -0.103943
125.9 1.77797 -0.0771145
126 1.76563 -0.0504705
126.1 1.75313 -0.0240133
126.2 1.74045 0.00225454
126.3 1.72759 0.0283304
126.4 1.71455 0.0542116
126.5 1.70131 0.0798952
126.6 1.68787 0.105378
126.7 1.6742 0.130657
126.8 1.66032 0.155729
126.9 1.64619 0.180591
127 1.6318 0.205238
127.1 1.61715 0.229666
127.2 1.60222 0.253873
127.3 1.58698 0.277852
127.4 1.57142 0.3016
127.5 1.55551 0.325111
127.6 1.53924 0.348381
127.7 1.52256 0.371402
127.8 1.50546 0.39417
127.9 1.4879 0.416677
128 1.46983 0.438917
128.1 1.45121 0.46088
128.2 1.43199 0.482559
128.3 1.4121 0.503944
128.4 1.39148 0.525025
128.5 1.37002 0.545789
128.6 1.34764 0.566224
128.7 1.3242 0.586315
128.8 1.29955 0.606044
128.9 1.2735 0.625392
129 1.2458 0.644337
129.1 1.21614 0.66285
129.2 1.18411 0.6809
129.3 1.14914 0.698448
129.4 1.11048 0.715443
129.5 1.067 0.731822
129.6 1.01705 0.747501
129.7 0.958021 0.762364
129.8 0.885614 0.776247
129.9 0.792152 0.788895
130 0.662744 0.799894
130.1 0.465432 0.808496
130.2 0.125111 0.813198
130.3 -0.517551 0.810751
130.4 -1.4419 0.795931
130.5 -1.88876 0.769665
130.6 -1.97717 0.739911
130.7 -2.00092 0.709736
130.8 -2.00298 0.679538
130.9 -1.99717 0.64943
131 -1.98854 0.619452
131.1 -1.97889 0.589618
131.2 -1.96884 0.559935
131.3 -1.95859 0.530405
131.4 -1.94822 0.50103
131.5 -1.93775 0.471812
131.6 -1.92718 0.442752
131.7 -1.91651 0.413851
131.8 -1.90573 0.385112
131.9 -1.89485 0.356536
132 -1.88386 0.328124
132.1 -1.87276 0.299879
132.2 -1.86154 0.271801
132.3 -1.85019 0.243893
132.4 -1.83873 0.216156
132.5 -1.82713 0.188593
132.6 -1.8154 0.161205
132.7 -1.80353 0.133995
132.8 -1.79151 0.106964
132.9 -1.77935 0.0801154
133 -1.76703 0.0534506
133.1 -1.75454 0.0269723
133.2 -1.74188 0.000683062
133.3 -1.72905 -0.0254145
133.4 -1.71602 -0.0513177
133.5 -1.70281 -0.0770236
133.6 -1.68939 -0.102529
133.7 -1.67575 -0.127831
133.8 -1.66189 -0.152927
133.9 -1.64778 -0.177812
134 -1.63343 -0.202483
134.1 -1.61881 -0.226937
134.2 -1.60391 -0.251168
134.3 -1.5887 -0.275173
134.4 -1.57318 -0.298947
134.5 -1.55731 -0.322485
134.6 -1.54108 -0.345782
134.7 -1.52446 -0.368832
134.8 -1.50741 -0.391628
134.9 -1.4899 -0.414165
135 -1.47189 -0.436435
135.1 -1.45333 -0.45843
135.2 -1.43418 -0.480141
135.3 -1.41437 -0.50156
135.4 -1.39383 -0.522676
135.5 -1.37247 -0.543476
135.6 -1.3502 -0.563949
135.7 -1.32689 -0.584078
135.8 -1.30238 -0.603849
135.9 -1.2765 -0.623241
136 -1.249 -0.642232
136.1 -1.21957 -0.660795
136.2 -1.18783 -0.678899
136.3 -1.15323 -0.696506
136.4 -1.11503 -0.713565
136.5 -1.07216 -0.730017
136.6 -1.02304 -0.74578
136.7 -0.965209 -0.760742
136.8 -0.894602 -0.774745
136.9 -0.804058 -0.787548
137 -0.679819 -0.798761
137.1 -0.492705 -0.807687
137.2 -0.17462 -0.812944
137.3 0.4248 -0.811547
137.4 1.34657 -0.798291
137.5 1.87136 -0.772931
137.6 1.97244 -0.743278
137.7 1.99994 -0.713118
137.8 2.00335 -0.682914
137.9 1.99804 -0.652793
138 1.98959 -0.622799
138.1 1.98 -0.592949
138.2 1.96997 -0.563248
138.3 1.95975 -0.533701
138.4 1.94939 -0.504308
138.5 1.93893 -0.475072
138.6 1.92837 -0.445995
138.7 1.91771 -0.417076
138.8 1.90694 -0.388319
138.9 1.89608 -0.359725
139 1.8851 -0.331295
139.1 1.87401 -0.30303
139.2 1.8628 -0.274934
139.3 1.85147 -0.247007
139.4 1.84002 -0.219251
139.5 1.82844 -0.191668
139.6 1.81672 -0.164261
139.7 1.80486 -0.13703
139.8 1.79287 -0.109979
139.9 1.78072 -0.08311
140 1.76841 -0.0564244
140.1 1.75594 -0.0299252
140.2 1.74331 -0.00361463
140.3 1.73049 0.0225045
140.4 1.71749 0.0484296
140.5 1.7043 0.0741577
140.6 1.6909 0.0996858
140.7 1.67729 0.125011
140.8 1.66345 0.15013
140.9 1.64937 0.175039
141 1.63505 0.199734
141.1 1.62046 0.224212
141.2 1.60559 0.248468
141.3 1.59042 0.272499
141.4 1.57493 0.296299
141.5 1.55911 0.319864
141.6 1.54292 0.343188
141.7 1.52634 0.366266
141.8 1.50933 0.389091
141.9 1.49188 0.411657
142 1.47393 0.433957
142.1 1.45544 0.455983
142.2 1.43636 0.477727
142.3 1.41662 0.499179
142.4 1.39617 0.520329
142.5 1.37491 0.541165
142.6 1.35274 0.561675
142.7 1.32955 0.581844
142.8 1.30519 0.601656
142.9 1.27947 0.621091
143 1.25216 0.640128
143.1 1.22297 0.658741
143.2 1.19152 0.676898
143.3 1.15727 0.694562
143.4 1.11951 0.711686
143.5 1.07723 0.728209
143.6 1.02891 0.744054
143.7 0.97222 0.759112
143.8 0.903321 0.773233
143.9 0.815521 0.786186
144 0.696093 0.797604
144.1 0.51835 0.806836
144.2 0.220534 0.81261
144.3 -0.337674 0.812188
144.4 -1.24548 0.800481
144.5 -1.84892 0.776139
144.6 -1.96643 0.746624
144.7 -1.99851 0.716485
144.8 -2.00356 0.686277
144.9 -1.99884 0.656144
145 -1.9906 0.626134
145.1 -1.9811 0.596268
145.2 -1.9711 0.56655
145.3 -1.96089 0.536986
145.4 -1.95055 0.507576
145.5 -1.9401 0.478323
145.6 -1.92955 0.449227
145.7 -1.9189 0.420291
145.8 -1.90815 0.391516
145.9 -1.89729 0.362903
146 -1.88633 0.334455
146.1 -1.87525 0.306172
146.2 -1.86405 0.278056
146.3 -1.85274 0.25011
146.4 -1.8413 0.222335
146.5 -1.82973 0.194733
146.6 -1.81803 0.167306
146.7 -1.80619 0.140056
146.8 -1.79421 0.112985
146.9 -1.78208 0.0860952
147 -1.76979 0.059389
147.1 -1.75734 0.0328689
147.2 -1.74472 0.0065372
147.3 -1.73193 -0.0196034
147.4 -1.71895 -0.0455502
147.5 -1.70578 -0.0713004
147.6 -1.6924 -0.096851
147.7 -1.67881 -0.122199
147.8 -1.665 -0.147341
147.9 -1.65095 -0.172273
148 -1.63666 -0.196993
148.1 -1.6221 -0.221495
148.2 -1.60726 -0.245776
148.3 -1.59212 -0.269832
148.4 -1.57667 -0.293658
148.5 -1.56089 -0.31725
148.6 -1.54474 -0.340601
148.7 -1.5282 -0.363706
148.8 -1.51125 -0.38656
148.9 -1.49385 -0.409155
149 -1.47595 -0.431485
149.1 -1.45753 -0.453543
149.2 -1.43851 -0.475318
149.3 -1.41886 -0.496803
149.4 -1.39849 -0.517987
149.5 -1.37732 -0.538859
149.6 -1.35526 -0.559406
149.7 -1.33219 -0.579614
149.8 -1.30797 -0.599466
149.9 -1.28241 -0.618945
150 -1.25529 -0.638027
150.1 -1.22633 -0.656689
150.2 -1.19515 -0.674898
150.3 -1.16124 -0.692619
150.4 -1.12392 -0.709806
150.5 -1.08221 -0.7264
150.6 -1.03466 -0.742325
150.7 -0.979054 -0.757477
150.8 -0.911776 -0.771712
150.9 -0.826559 -0.78481
151 -0.71161 -0.796424
151.1 -0.542482 -0.805947
151.2 -0.263129 -0.812204
151.3 0.25632 -0.812685
151.4 1.14047 -0.802491
151.5 1.81944 -0.77927
151.6 1.95881 -0.749947
151.7 1.99653 -0.719839
151.8 2.00358 -0.68963
151.9 1.99958 -0.659485
152 1.9916 -0.629461
152.1 1.98218 -0.599578
152.2 1.97223 -0.569844
152.3 1.96203 -0.540263
152.4 1.9517 -0.510836
152.5 1.94127 -0.481565
152.6 1.93073 -0.452452
152.7 1.92009 -0.423498
152.8 1.90935 -0.394705
152.9 1.8985 -0.366074
153 1.88755 -0.337607
153.1 1.87648 -0.309306
153.2 1.8653 -0.281172
153.3 1.854 -0.253207
153.4 1.84258 -0.225412
153.5 1.83102 -0.197791
153.6 1.81934 -0.170344
153.7 1.80752 -0.143075
153.8 1.79555 -0.115983
153.9 1.78343 -0.0890735
154 1.77116 -0.0623468
154.1 1.75873 -0.0358059
154.2 1.74613 -0.00945314
154.3 1.73336 0.0167088
154.4 1.7204 0.0426773
154.5 1.70725 0.0684495
154.6 1.6939 0.0940224
154.7 1.68033 0.119393
154.8 1.66655 0.144558
154.9 1.65253 0.169514
155 1.63826 0.194257
155.1 1.62373 0.218784
155.2 1.60892 0.24309
155.3 1.59382 0.267171
155.4 1.57841 0.291023
155.5 1.56266 0.314641
155.6 1.54655 0.338019
155.7 1.53006 0.361152
155.8 1.51316 0.384034
155.9 1.4958 0.406658
156 1.47797 0.429018
156.1 1.4596 0.451106
156.2 1.44066 0.472913
156.3 1.42107 0.494431
156.4 1.40079 0.515649
156.5 1.37971 0.536556
156.6 1.35776 0.55714
156.7 1.33481 0.577386
156.8 1.31072 0.597279
156.9 1.28532 0.6168
157 1.25839 0.635927
157.1 1.22965 0.654637
157.2 1.19874 0.672899
157.3 1.16516 0.690676
157.4 1.12827 0.707925
157.5 1.0871 0.724588
157.6 1.04029 0.740591
157.7 0.985725 0.755836
157.8 0.919988 0.770182
157.9 0.837208 0.78342
158 0.726438 0.795223
158.1 0.565251 0.805021
158.2 0.302741 0.81173
158.3 -0.180561 0.813049
158.4 -1.03327 0.804317
158.5 -1.78124 0.782315
158.6 -1.94957 0.753254
158.7 -1.99401 0.723188
158.8 -2.00339 0.692981
158.9 -2.00024 0.662826
159 -1.99256 0.632787
159.1 -1.98326 0.602888
159.2 -1.97334 0.573137
159.3 -1.96317 0.543539
159.4 -1.95286 0.514094
159.5 -1.94243 0.484806
159.6 -1.9319 0.455676
159.7 -1.92128 0.426704
159.8 -1.91055 0.397893
159.9 -1.89971 0.369244
160 -1.88877 0.340759
160.1 -1.87772 0.312439
160.2 -1.86655 0.284286
160.3 -1.85526 0.256303
160.4 -1.84385 0.228489
160.5 -1.83231 0.200849
160.6 -1.82064 0.173382
160.7 -1.80883 0.146093
160.8 -1.79688 0.118982
160.9 -1.78479 0.0920516
161 -1.77253 0.0653045
161.1 -1.76012 0.0387428
161.2 -1.74754 0.0123691
161.3 -1.73479 -0.0138142
161.4 -1.72185 -0.0398043
161.5 -1.70872 -0.0655984
161.6 -1.69539 -0.0911936
161.7 -1.68185 -0.116587
161.8 -1.66809 -0.141775
161.9 -1.6541 -0.166754
162 -1.63986 -0.191521
162.1 -1.62536 -0.216072
162.2 -1.61058 -0.240403
162.3 -1.59551 -0.264509
162.4 -1.58013 -0.288387
162.5 -1.56442 -0.312031
162.6 -1.54836 -0.335436
162.7 -1.53191 -0.358596
162.8 -1.51505 -0.381506
162.9 -1.49775 -0.40416
163 -1.47997 -0.426549
163.1 -1.46167 -0.448668
163.2 -1.44279 -0.470507
163.3 -1.42328 -0.492057
163.4 -1.40308 -0.513309
163.5 -1.38209 -0.534251
163.6 -1.36024 -0.554871
163.7 -1.33741 -0.575156
163.8 -1.31345 -0.595089
163.9 -1.28821 -0.614652
164 -1.26146 -0.633824
164.1 -1.23294 -0.652582
164.2 -1.20229 -0.670895
164.3 -1.16904 -0.688728
164.4 -1.13255 -0.706038
164.5 -1.09192 -0.722769
164.6 -1.04582 -0.73885
164.7 -0.992256 -0.754185
164.8 -0.927989 -0.768639
164.9 -0.847513 -0.782014
165 -0.740657 -0.793998
165.1 -0.586818 -0.804059
165.2 -0.33972 -0.811193
165.3 0.110029 -0.81329
165.4 0.925416 -0.805961
165.5 1.73314 -0.78527
165.6 1.93897 -0.756558
165.7 1.99105 -0.726541
165.8 2.00306 -0.696338
165.9 2.00085 -0.666174
166 1.99351 -0.636121
166.1 1.98433 -0.606206
166.2 1.97446 -0.576438
166.3 1.96431 -0.546823
166.4 1.95401 -0.517361
166.5 1.94359 -0.488056
166.6 1.93308 -0.458907
166.7 1.92246 -0.429918
166.8 1.91174 -0.401089
166.9 1.90092 -0.372422
167 1.88999 -0.343919
167.1 1.87895 -0.31558
167.2 1.8678 -0.287409
167.3 1.85652 -0.259406
167.4 1.84513 -0.231574
167.5 1.8336 -0.203914
167.6 1.82195 -0.176428
167.7 1.81015 -0.149119
167.8 1.79822 -0.121988
167.9 1.78614 -0.0950375
168 1.7739 -0.0682699
168.1 1.76151 -0.0416874
168.2 1.74895 -0.0152927
168.3 1.73621 0.0109119
168.4 1.7233 0.0369236
168.5 1.71019 0.0627397
168.6 1.69688 0.0883572
168.7 1.68337 0.113773
168.8 1.66963 0.138984
168.9 1.65566 0.163987
169 1.64145 0.188777
169.1 1.62698 0.213352
169.2 1.61224 0.237708
169.3 1.5972 0.26184
169.4 1.58186 0.285743
169.5 1.56619 0.309413
169.6 1.55016 0.332845
169.7 1.53376 0.356033
169.8 1.51695 0.378971
169.9 1.4997 0.401653
170 1.48197 0.424073
170.1 1.46373 0.446222
170.2 1.44492 0.468092
170.3 1.42548 0.489675
170.4 1.40536 0.51096
170.5 1.38447 0.531938
170.6 1.36272 0.552594
170.7 1.34 0.572917
170.8 1.31618 0.59289
170.9 1.29109 0.612495
171 1.26452 0.631712
171.1 1.23621 0.650517
171.2 1.20582 0.668881
171.3 1.17288 0.68677
171.4 1.13679 0.70414
171.5 1.09668 0.720939
171.6 1.05127 0.737097
171.7 0.998668 0.75252
171.8 0.935808 0.767081
171.9 0.85752 0.780588
172 0.754346 0.792748
172.1 0.607333 0.80306
172.2 0.374385 0.810595
172.3 -0.0443034 0.813418
172.4 -0.818287 0.807427
172.5 -1.67454 0.788129
172.6 -1.92746 0.759866
172.7 -1.98783 0.729907
172.8 -2.00262 0.699709
172.9 -2.00143 0.669536
173 -1.99445 0.639469
173.1 -1.9854 0.609538
173.2 -1.97558 0.579753
173.3 -1.96545 0.550121
173.4 -1.95516 0.520642
173.5 -1.94476 0.491319
173.6 -1.93426 0.462153
173.7 -1.92365 0.433145
173.8 -1.91295 0.404299
173.9 -1.90214 0.375613
174 -1.89122 0.347092
174.1 -1.88019 0.318735
174.2 -1.86905 0.290545
174.3 -1.85779 0.262523
174.4 -1.8464 0.234672
174.5 -1.8349 0.206992
174.6 -1.82325 0.179487
174.7 -1.81148 0.152158
174.8 -1.79956 0.125007
174.9 -1.7875 0.0980364
175 -1.77528 0.0712483
175.1 -1.7629 0.0446451
175.2 -1.75036 0.0182292
175.3 -1.73764 -0.00799672
175.4 -1.72475 -0.0340301
175.5 -1.71166 -0.0598681
175.6 -1.69838 -0.0855079
175.7 -1.68489 -0.110946
175.8 -1.67118 -0.13618
175.9 -1.65723 -0.161206
176 -1.64305 -0.186021
176.1 -1.62861 -0.21062
176.2 -1.6139 -0.235001
176.3 -1.5989 -0.259157
176.4 -1.58359 -0.283086
176.5 -1.56795 -0.306783
176.6 -1.55197 -0.330241
176.7 -1.53561 -0.353457
176.8 -1.51885 -0.376423
176.9 -1.50165 -0.399135
177 -1.48398 -0.421584
177.1 -1.46579 -0.443763
177.2 -1.44705 -0.465665
177.3 -1.42769 -0.487281
177.4 -1.40764 -0.5086
177.5 -1.38684 -0.529612
177.6 -1.36519 -0.550305
177.7 -1.34259 -0.570666
177.8 -1.3189 -0.590679
177.9 -1.29396 -0.610326
178 -1.26756 -0.629587
178.1 -1.23946 -0.64844
178.2 -1.20932 -0.666854
178.3 -1.1767 -0.684798
178.4 -1.141 -0.702229
178.5 -1.10139 -0.719094
178.6 -1.05666 -0.735328
178.7 -1.00498 -0.750839
178.8 -0.943467 -0.765504
178.9 -0.867263 -0.779141
179 -0.76756 -0.791471
179.1 -0.626907 -0.802024
179.2 -0.406986 -0.809939
179.3 -0.0169847 -0.813439
179.4 0.713152 -0.808717
179.5 1.60538 -0.790885
179.6 1.91536 -0.763183
179.7 1.98447 -0.733285
179.8 2.00214 -0.703093
179.9 2.00199 -0.672911
180 1.99538 -0.642831
180.1 1.98646 -0.612884
180.2 1.9767 -0.583082
180.3 1.9666 -0.553433
180.4 1.95632 -0.523936
180.5 1.94593 -0.494596
180.6 1.93544 -0.465412
180.7 1.92484 -0.436387
180.8 1.91415 -0.407522
180.9 1.90335 -0.378819
181 1.89245 -0.350279
181.1 1.88143 -0.321903
181.2 1.8703 -0.293694
181.3 1.85905 -0.265654
181.4 1.84769 -0.237783
181.5 1.83619 -0.210085
181.6 1.82457 -0.18256
181.7 1.8128 -0.155211
181.8 1.8009 -0.12804
181.9 1.78885 -0.101049
182 1.77665 -0.0742401
182.1 1.7643 -0.047616
182.2 1.75177 -0.0211791
182.3 1.73908 0.00506829
182.4 1.7262 0.0311234
182.5 1.71314 0.0569835
182.6 1.69988 0.0826456
182.7 1.68641 0.108107
182.8 1.67272 0.133364
182.9 1.65881 0.158413
183 1.64465 0.183252
183.1 1.63024 0.207876
183.2 1.61556 0.23228
183.3 1.60059 0.256463
183.4 1.58532 0.280417
183.5 1.56972 0.30414
183.6 1.55378 0.327626
183.7 1.53746 0.350869
183.8 1.52075 0.373863
183.9 1.5036 0.396603
184 1.48598 0.419082
184.1 1.46786 0.441292
184.2 1.44918 0.463226
184.3 1.42989 0.484874
184.4 1.40992 0.506227
184.5 1.38921 0.527274
184.6 1.36766 0.548003
184.7 1.34517 0.568402
184.8 1.32161 0.588454
184.9 1.29682 0.608144
185 1.2706 0.627449
185.1 1.24271 0.646349
185.2 1.21281 0.664814
185.3 1.1805 0.682813
185.4 1.14518 0.700303
185.5 1.10606 0.717235
185.6 1.06197 0.733543
185.7 1.01119 0.749141
185.8 0.950975 0.763908
185.9 0.876756 0.777672
186 0.780329 0.790167
186.1 0.645611 0.800952
186.2 0.437692 0.809226
186.3 0.0741074 0.813361
186.4 -0.611215 0.809837
186.5 -1.5262 0.793526
186.6 -1.90253 0.766501
186.7 -1.98094 0.73667
186.8 -2.00159 0.706486
186.9 -2.00252 0.676296
187 -1.99631 0.646201
187.1 -1.98753 0.616238
187.2 -1.97782 0.58642
187.3 -1.96774 0.556753
187.4 -1.95748 0.52724
187.5 -1.9471 0.497881
187.6 -1.93662 0.46868
187.7 -1.92604 0.439637
187.8 -1.91536 0.410754
187.9 -1.90457 0.382033
188 -1.89368 0.353474
188.1 -1.88267 0.32508
188.2 -1.87156 0.296853
188.3 -1.86032 0.268793
188.4 -1.84897 0.240903
188.5 -1.83749 0.213185
188.6 -1.82588 0.185641
188.7 -1.81413 0.158272
188.8 -1.80225 0.131081
188.9 -1.79021 0.10407
189 -1.77803 0.0772403
189.1 -1.76569 0.0505954
189.2 -1.75319 0.0241373
189.3 -1.74051 -0.00213147
189.4 -1.72766 -0.0282083
189.5 -1.71461 -0.0540904
189.6 -1.70137 -0.0797749
189.7 -1.68793 -0.105259
189.8 -1.67427 -0.130539
189.9 -1.66038 -0.155612
190 -1.64625 -0.180474
190.1 -1.63187 -0.205122
190.2 -1.61722 -0.229552
190.3 -1.60229 -0.253759
190.4 -1.58705 -0.27774
190.5 -1.57149 -0.301489
190.6 -1.55559 -0.325001
190.7 -1.53931 -0.348272
190.8 -1.52264 -0.371295
190.9 -1.50555 -0.394064
191 -1.48798 -0.416572
191.1 -1.46992 -0.438813
191.2 -1.4513 -0.460778
191.3 -1.43208 -0.482458
191.4 -1.4122 -0.503845
191.5 -1.39158 -0.524927
191.6 -1.37013 -0.545693
191.7 -1.34775 -0.566129
191.8 -1.32431 -0.586221
191.9 -1.29967 -0.605952
192 -1.27362 -0.625302
192.1 -1.24593 -0.644248
192.2 -1.21628 -0.662764
192.3 -1.18426 -0.680817
192.4 -1.14932 -0.698366
192.5 -1.11067 -0.715364
192.6 -1.06722 -0.731746
192.7 -1.0173 -0.747429
192.8 -0.958325 -0.762297
192.9 -0.885996 -0.776184
193 -0.792659 -0.788839
193.1 -0.663475 -0.799847
193.2 -0.466608 -0.808463
193.3 -0.127259 -0.813189
193.4 0.513559 -0.810788
193.5 1.43805 -0.796033
193.6 1.88811 -0.769803
193.7 1.977 -0.740052
193.8 2.00089 -0.709878
193.9 2.00299 -0.67968
194 1.99721 -0.649571
194.1 1.98859 -0.619593
194.2 1.97894 -0.589758
194.3 1.96888 -0.560074
194.4 1.95864 -0.530543
194.5 1.94827 -0.501167
194.6 1.9378 -0.471948
194.7 1.92723 -0.442888
194.8 1.91656 -0.413987
194.9 1.90578 -0.385247
195 1.8949 -0.35667
195.1 1.88391 -0.328257
195.2 1.87281 -0.300011
195.3 1.86159 -0.271932
195.4 1.85025 -0.244024
195.5 1.83878 -0.216286
195.6 1.82719 -0.188722
195.7 1.81546 -0.161334
195.8 1.80359 -0.134122
195.9 1.79157 -0.107091
196 1.77941 -0.080241
196.1 1.76708 -0.0535753
196.2 1.7546 -0.0270961
196.3 1.74194 -0.000805993
196.4 1.72911 0.0252925
196.5 1.71609 0.0511966
196.6 1.70287 0.0769034
196.7 1.68945 0.10241
196.8 1.67581 0.127713
196.9 1.66195 0.152809
197 1.64785 0.177696
197.1 1.6335 0.202368
197.2 1.61888 0.226822
197.3 1.60398 0.251055
197.4 1.58877 0.275061
197.5 1.57325 0.298836
197.6 1.55739 0.322375
197.7 1.54116 0.345673
197.8 1.52453 0.368724
197.9 1.50749 0.391522
198 1.48998 0.41406
198.1 1.47197 0.436331
198.2 1.45342 0.458327
198.3 1.43427 0.48004
198.4 1.41447 0.50146
198.5 1.39393 0.522577
198.6 1.37258 0.543379
198.7 1.35031 0.563853
198.8 1.327 0.583985
198.9 1.3025 0.603757
199 1.27662 0.623151
199.1 1.24913 0.642144
199.2 1.21972 0.660709
199.3 1.18799 0.678816
199.4 1.1534 0.696424
199.5 1.11522 0.713487
199.6 1.07238 0.729941
199.7 1.02329 0.745707
199.8 0.965506 0.760674
199.9 0.894973 0.774682
200 0.804546 0.787492
