0 2 0
0.1 1.94536 0.259648
0.2 1.88358 0.511625
0.3 1.81552 0.755053
0.4 1.74168 0.989142
0.5 1.66225 1.21315
0.6 1.57719 1.42633
0.7 1.48629 1.62794
0.8 1.38915 1.81719
0.9 1.28519 1.99321
1 1.1737 2.15506
1.1 1.05378 2.30171
1.2 0.924346 2.43196
1.3 0.784169 2.54449
1.4 0.631871 2.63779
1.5 0.466006 2.71017
1.6 0.285209 2.75976
1.7 0.0884489 2.78452
1.8 -0.124534 2.78233
1.9 -0.35262 2.75109
2 -0.592568 2.689
2.1 -0.838378 2.59488
2.2 -1.08118 2.46851
2.3 -1.31011 2.31097
2.4 -1.51426 2.12483
2.5 -1.68509 1.91395
2.6 -1.81815 1.68305
2.7 -1.91337 1.43715
2.8 -1.97399 1.18105
2.9 -2.00501 0.918979
3 -2.01179 0.654477
3.1 -1.99923 0.390405
3.2 -1.97133 0.129034
3.3 -1.93122 -0.127834
3.4 -1.88115 -0.378747
3.5 -1.82273 -0.622509
3.6 -1.75704 -0.858096
3.7 -1.6847 -1.0846
3.8 -1.60605 -1.30116
3.9 -1.52113 -1.50697
4 -1.42978 -1.70118
4.1 -1.33163 -1.88293
4.2 -1.22613 -2.05128
4.3 -1.11254 -2.20524
4.4 -0.989934 -2.34366
4.5 -0.857224 -2.4653
4.6 -0.713147 -2.56875
4.7 -0.556326 -2.65241
4.8 -0.385365 -2.71453
4.9 -0.199041 -2.75315
5 0.00337592 -2.7662
5.1 0.221618 -2.75156
5.2 0.453752 -2.70727
5.3 0.695458 -2.63173
5.4 0.93957 -2.52414
5.5 1.17633 -2.3848
5.6 1.39471 -2.21539
5.7 1.58465 -2.01902
5.8 1.73924 -1.79993
5.9 1.8559 -1.56299
6 1.93604 -1.31314
6.1 1.98373 -1.05493
6.2 2.00418 -0.792299
6.3 2.00255 -0.528482
6.4 1.98336 -0.266079
6.5 1.95022 -0.00715376
6.6 1.90584 0.246646
6.7 1.85222 0.49398
6.8 1.7907 0.733727
6.9 1.72217 0.964911
7 1.64713 1.18665
7.1 1.56577 1.39809
7.2 1.47807 1.59841
7.3 1.38376 1.78677
7.4 1.28239 1.96225
7.5 1.17332 2.1239
7.6 1.05575 2.27065
7.7 0.928675 2.40131
7.8 0.790915 2.51457
7.9 0.641154 2.60892
8 0.477992 2.6827
8.1 0.300087 2.73406
8.2 0.106397 2.76098
8.3 -0.103413 2.76135
8.4 -0.328389 2.7331
8.5 -0.56557 2.67439
8.6 -0.809338 2.58397
8.7 -1.05123 2.46149
8.8 -1.28069 2.30787
8.9 -1.48683 2.12549
9 -1.66085 1.91802
9.1 -1.79779 1.69006
9.2 -1.89705 1.44657
9.3 -1.96148 1.19236
9.4 -1.99583 0.931711
9.5 -2.0054 0.668228
9.6 -1.9951 0.404843
9.7 -1.96904 0.14389
9.8 -1.93039 -0.112776
9.9 -1.88151 -0.36366
10 -1.82408 -0.607536
10.1 -1.75921 -0.843357
10.2 -1.68761 -1.07019
10.3 -1.60961 -1.28718
10.4 -1.52531 -1.4935
10.5 -1.43456 -1.6883
10.6 -1.33701 -1.87072
10.7 -1.23213 -2.03982
10.8 -1.1192 -2.19461
10.9 -0.997309 -2.33396
11 -0.86538 -2.45662
11.1 -0.722166 -2.56119
11.2 -0.566297 -2.64611
11.3 -0.396379 -2.7096
11.4 -0.211171 -2.74975
11.5 -0.00990205 -2.76447
11.6 0.207241 -2.75165
11.7 0.438454 -2.70931
11.8 0.679594 -2.63583
11.9 0.923686 -2.53033
12 1.16112 -2.39304
12.1 1.38091 -2.22555
12.2 1.57286 -2.03087
12.3 1.72982 -1.81318
12.4 1.84891 -1.57732
12.5 1.93132 -1.32824
12.6 1.98098 -1.07052
12.7 2.00305 -0.808135
12.8 2.00274 -0.544376
12.9 1.98459 -0.281878
13 1.95227 -0.022735
13.1 1.90857 0.231381
13.2 1.85551 0.479113
13.3 1.79448 0.719326
13.4 1.72639 0.951037
13.5 1.65176 1.17335
13.6 1.57081 1.38543
13.7 1.48351 1.58645
13.8 1.38963 1.77554
13.9 1.28871 1.95183
14 1.18015 2.11434
14.1 1.06314 2.26203
14.2 0.936682 2.3937
14.3 0.799619 2.50806
14.4 0.650639 2.60361
14.5 0.488343 2.67869
14.6 0.311381 2.73147
14.7 0.118684 2.75994
14.8 -0.090142 2.762
14.9 -0.314242 2.73555
15 -0.550798 2.67875
15.1 -0.794368 2.59029
15.2 -1.03666 2.46976
15.3 -1.26718 2.318
15.4 -1.47503 2.13729
15.5 -1.65119 1.93123
15.6 -1.79046 1.70439
15.7 -1.89198 1.46172
15.8 -1.95841 1.20804
15.9 -1.99445 0.947676
16 -2.00539 0.684281
16.1 -1.99619 0.420822
16.2 -1.97099 0.159667
16.3 -1.93303 -0.0973016
16.4 -1.88473 -0.348573
16.5 -1.82778 -0.592905
16.6 -1.76335 -0.829242
16.7 -1.69214 -1.05665
16.8 -1.61453 -1.27426
16.9 -1.53062 -1.48125
17 -1.44027 -1.67677
17.1 -1.34315 -1.85997
17.2 -1.23874 -2.02992
17.3 -1.12632 -2.1856
17.4 -1.005 -2.32593
17.5 -0.873721 -2.44964
17.6 -0.731233 -2.55536
17.7 -0.576176 -2.64152
17.8 -0.407152 -2.70637
17.9 -0.222905 -2.748
18 -0.0226224 -2.76433
18.1 0.193584 -2.75325
18.2 0.424031 -2.71275
18.3 0.664736 -2.6412
18.4 0.908899 -2.53767
18.5 1.14705 -2.40228
18.6 1.36822 -2.23656
18.7 1.56211 -2.04342
18.8 1.72133 -1.827
18.9 1.84273 -1.59211
19 1.92728 -1.34369
19.1 1.97879 -1.08638
19.2 2.00239 -0.824179
19.3 2.0033 -0.560423
19.4 1.98613 -0.297784
19.5 1.95459 -0.0383853
19.6 1.91152 0.216078
19.7 1.85898 0.464233
19.8 1.79841 0.704933
19.9 1.73073 0.937187
20 1.65648 1.1601
20.1 1.57592 1.37283
20.2 1.48901 1.57454
20.3 1.39554 1.76439
20.4 1.29507 1.94148
20.5 1.187 2.10486
20.6 1.07052 2.25348
20.7 0.944673 2.38617
20.8 0.808292 2.50161
20.9 0.660076 2.59835
21 0.498632 2.67474
21.1 0.322598 2.72893
21.2 0.13088 2.75894
21.3 -0.0769729 2.76266
21.4 -0.3002 2.73801
21.5 -0.536124 2.6831
21.6 -0.779477 2.59659
21.7 -1.02213 2.478
21.8 -1.25369 2.3281
21.9 -1.4632 2.14906
22 -1.64149 1.94442
22.1 -1.78307 1.7187
22.2 -1.88684 1.47685
22.3 -1.95529 1.22372
22.4 -1.99302 0.96365
22.5 -2.00535 0.700348
22.6 -1.99724 0.43682
22.7 -1.97291 0.175466
22.8 -1.93566 -0.0818039
22.9 -1.88793 -0.33346
23 -1.83147 -0.578246
23.1 -1.76747 -0.815097
23.2 -1.69666 -1.04307
23.3 -1.61944 -1.26131
23.4 -1.53591 -1.46896
23.5 -1.44596 -1.66521
23.6 -1.34927 -1.84919
23.7 -1.24532 -2.01996
23.8 -1.13341 -2.17655
23.9 -1.01266 -2.31784
24 -0.882022 -2.44261
24.1 -0.740254 -2.54947
24.2 -0.586003 -2.63686
24.3 -0.417868 -2.70307
24.4 -0.234577 -2.74616
24.5 -0.0352803 -2.76409
24.6 0.179985 -2.75474
24.7 0.409652 -2.71609
24.8 0.649897 -2.64647
24.9 0.894097 -2.54489
25 1.13292 -2.41141
25.1 1.35544 -2.24747
25.2 1.55124 -2.0559
25.3 1.71271 -1.84076
25.4 1.83642 -1.60685
25.5 1.92313 -1.35912
25.6 1.97651 -1.10222
25.7 2.00166 -0.840219
25.8 2.00381 -0.576476
25.9 1.98762 -0.313702
26 1.95686 -0.0540544
26.1 1.91443 0.200751
26.2 1.86242 0.449325
26.3 1.80231 0.690509
26.4 1.73504 0.923304
26.5 1.66119 1.14681
26.6 1.581 1.36018
26.7 1.49449 1.56259
26.8 1.40142 1.75318
26.9 1.3014 1.93108
27 1.19381 2.09532
27.1 1.07787 2.24487
27.2 0.952624 2.37857
27.3 0.816921 2.4951
27.4 0.669465 2.59303
27.5 0.508866 2.6707
27.6 0.333756 2.7263
27.7 0.143015 2.75785
27.8 -0.0638616 2.76323
27.9 -0.286206 2.74036
28 -0.521478 2.68734
28.1 -0.764583 2.60278
28.2 -1.00756 2.48613
28.3 -1.24011 2.33809
28.4 -1.45126 2.16073
28.5 -1.63165 1.95753
28.6 -1.77554 1.73296
28.7 -1.88157 1.49195
28.8 -1.95205 1.23937
28.9 -1.99151 0.979612
29 -2.00523 0.716414
29.1 -1.99824 0.452825
29.2 -1.97479 0.191281
29.3 -1.93825 -0.0662852
29.4 -1.8911 -0.318322
29.5 -1.83514 -0.563558
29.6 -1.77157 -0.80092
29.7 -1.70116 -1.02946
29.8 -1.62432 -1.24831
29.9 -1.54118 -1.45664
30 -1.45163 -1.6536
30.1 -1.35536 -1.83835
30.2 -1.25186 -2.00996
30.3 -1.14046 -2.16744
30.4 -1.02029 -2.3097
30.5 -0.890282 -2.43551
30.6 -0.749229 -2.5435
30.7 -0.595778 -2.63213
30.8 -0.428527 -2.69968
30.9 -0.24619 -2.74424
31 -0.0478785 -2.76376
31.1 0.166441 -2.75613
31.2 0.395314 -2.71932
31.3 0.635074 -2.65162
31.4 0.879276 -2.55199
31.5 1.11873 -2.42043
31.6 1.34256 -2.25828
31.7 1.54025 -2.06828
31.8 1.70394 -1.85445
31.9 1.82997 -1.62153
32 1.91885 -1.37451
32.1 1.97412 -1.11805
32.2 2.00083 -0.856253
32.3 2.00424 -0.592532
32.4 1.98905 -0.329633
32.5 1.95909 -0.0697415
32.6 1.9173 0.185402
32.7 1.86583 0.43439
32.8 1.80618 0.676053
32.9 1.73933 0.909386
33 1.66587 1.13348
33.1 1.58606 1.34749
33.2 1.49994 1.55059
33.3 1.40728 1.74193
33.4 1.3077 1.92063
33.5 1.20059 2.08573
33.6 1.08519 2.23621
33.7 0.960537 2.3709
33.8 0.825506 2.48852
33.9 0.678805 2.58763
34 0.519047 2.66658
34.1 0.344857 2.72358
34.2 0.15509 2.75665
34.3 -0.0508082 2.76369
34.4 -0.27226 2.74259
34.5 -0.506863 2.69146
34.6 -0.74969 2.60884
34.7 -0.992949 2.49415
34.8 -1.22646 2.34797
34.9 -1.43921 2.17231
35 -1.62167 1.97056
35.1 -1.76787 1.74715
35.2 -1.87617 1.507
35.3 -1.9487 1.25499
35.4 -1.98989 0.995561
35.5 -2.00503 0.732479
35.6 -1.99917 0.468839
35.7 -1.97662 0.20711
35.8 -1.9408 -0.050746
35.9 -1.89424 -0.303158
36 -1.83877 -0.548841
36.1 -1.77564 -0.78671
36.2 -1.70563 -1.01581
36.3 -1.62918 -1.23528
36.4 -1.54642 -1.44427
36.5 -1.45727 -1.64195
36.6 -1.36142 -1.82747
36.7 -1.25838 -1.99991
36.8 -1.14749 -2.15828
36.9 -1.02787 -2.30149
37 -0.898501 -2.42834
37.1 -0.758158 -2.53746
37.2 -0.605502 -2.62732
37.3 -0.439131 -2.6962
37.4 -0.257743 -2.74222
37.5 -0.0604169 -2.76333
37.6 0.15295 -2.75741
37.7 0.381016 -2.72243
37.8 0.620268 -2.65665
37.9 0.864438 -2.55898
38 1.10448 -2.42934
38.1 1.32958 -2.26898
38.2 1.52912 -2.08058
38.3 1.69504 -1.86806
38.4 1.82338 -1.63617
38.5 1.91444 -1.38986
38.6 1.97163 -1.13385
38.7 1.99992 -0.87228
38.8 2.00461 -0.608591
38.9 1.99043 -0.345574
39 1.96128 -0.0854463
39.1 1.92014 0.170029
39.2 1.86921 0.419427
39.3 1.81003 0.661567
39.4 1.74359 0.895433
39.5 1.67052 1.12012
39.6 1.5911 1.33477
39.7 1.50537 1.53855
39.8 1.41312 1.73063
39.9 1.31397 1.91012
40 1.20734 2.07608
40.1 1.09247 2.22748
40.2 0.968412 2.36317
40.3 0.834048 2.48188
40.4 0.688097 2.58215
40.5 0.529174 2.66239
40.6 0.355899 2.72078
40.7 0.167104 2.75536
40.8 -0.0378131 2.76404
40.9 -0.258365 2.74472
41 -0.492279 2.69546
41.1 -0.7348 2.61479
41.2 -0.978304 2.50205
41.3 -1.21272 2.35774
41.4 -1.42703 2.18379
41.5 -1.61156 1.98352
41.6 -1.76006 1.76128
41.7 -1.87063 1.52201
41.8 -1.94523 1.27059
41.9 -1.98818 1.0115
42 -2.00476 0.748542
42.1 -2.00004 0.484859
42.2 -1.97841 0.222953
42.3 -1.94331 -0.0351865
42.4 -1.89734 -0.287969
42.5 -1.84238 -0.534094
42.6 -1.77969 -0.772468
42.7 -1.71008 -1.00213
42.8 -1.63401 -1.22221
42.9 -1.55164 -1.43186
43 -1.46288 -1.63025
43.1 -1.36745 -1.81654
43.2 -1.26487 -1.9898
43.3 -1.15448 -2.14906
43.4 -1.03543 -2.29323
43.5 -0.906679 -2.42111
43.6 -0.767042 -2.53135
43.7 -0.615176 -2.62243
43.8 -0.449679 -2.69264
43.9 -0.269237 -2.74011
44 -0.0728953 -2.76279
44.1 0.139515 -2.75858
44.2 0.366761 -2.72542
44.3 0.605482 -2.66156
44.4 0.849585 -2.56584
44.5 1.09018 -2.43813
44.6 1.31651 -2.27958
44.7 1.51787 -2.09278
44.8 1.68599 -1.88161
44.9 1.81666 -1.65075
45 1.90991 -1.40518
45.1 1.96902 -1.14964
45.2 1.99893 -0.888299
45.3 2.00491 -0.624653
45.4 1.99176 -0.361527
45.5 1.96342 -0.101168
45.6 1.92295 0.154634
45.7 1.87256 0.404438
45.8 1.81384 0.64705
45.9 1.74783 0.881447
46 1.67515 1.10671
46.1 1.59612 1.322
46.2 1.51077 1.52647
46.3 1.41893 1.71929
46.4 1.32021 1.89957
46.5 1.21406 2.06638
46.6 1.09972 2.2187
46.7 0.976248 2.35538
46.8 0.842547 2.47516
46.9 0.697341 2.5766
47 0.539248 2.65811
47.1 0.366883 2.71788
47.2 0.179059 2.75397
47.3 -0.0248765 2.76429
47.4 -0.244519 2.74673
47.5 -0.477728 2.69935
47.6 -0.719913 2.62062
47.7 -0.963626 2.50982
47.8 -1.19891 2.3674
47.9 -1.41475 2.19518
48 -1.60131 1.99639
48.1 -1.7521 1.77535
48.2 -1.86496 1.53698
48.3 -1.94164 1.28616
48.4 -1.98638 1.02742
48.5 -2.00441 0.764603
48.6 -2.00086 0.500887
48.7 -1.98014 0.238811
48.8 -1.94578 -0.0196071
48.9 -1.90041 -0.272755
49 -1.84596 -0.519319
49.1 -1.78371 -0.758193
49.2 -1.71451 -0.988412
49.3 -1.63883 -1.2091
49.4 -1.55684 -1.41941
49.5 -1.46847 -1.61851
49.6 -1.37346 -1.80556
49.7 -1.27134 -1.97964
49.8 -1.16144 -2.13978
49.9 -1.04294 -2.2849
50 -0.914817 -2.41381
50.1 -0.77588 -2.52517
50.2 -0.624798 -2.61746
50.3 -0.460171 -2.689
50.4 -0.280672 -2.7379
50.5 -0.0853138 -2.76216
50.6 0.126136 -2.75965
50.7 0.35255 -2.7283
50.8 0.590716 -2.66635
50.9 0.83472 -2.57259
51 1.07583 -2.44681
51.1 1.30334 -2.29008
51.2 1.50649 -2.1049
51.3 1.6768 -1.89508
51.4 1.80979 -1.66528
51.5 1.90525 -1.42047
51.6 1.96631 -1.16541
51.7 1.99784 -0.90431
51.8 2.00514 -0.640717
51.9 1.99303 -0.37749
52 1.96552 -0.116908
52.1 1.92571 0.139216
52.2 1.87588 0.389422
52.3 1.81764 0.632503
52.4 1.75205 0.867427
52.5 1.67976 1.09327
52.6 1.60111 1.30919
52.7 1.51615 1.51434
52.8 1.42471 1.70789
52.9 1.32643 1.88897
53 1.22075 2.05663
53.1 1.10693 2.20986
53.2 0.984047 2.34753
53.3 0.851004 2.46838
53.4 0.706536 2.57098
53.5 0.549269 2.65374
53.6 0.377811 2.7149
53.7 0.190954 2.75249
53.8 -0.0119986 2.76444
53.9 -0.230725 2.74864
54 -0.463211 2.70312
54.1 -0.705034 2.62633
54.2 -0.948918 2.51749
54.3 -1.18503 2.37695
54.4 -1.40236 2.20646
54.5 -1.59093 2.00917
54.6 -1.744 1.78936
54.7 -1.85916 1.5519
54.8 -1.93794 1.30171
54.9 -1.98447 1.04333
55 -2.00398 0.78066
55.1 -2.0016 0.51692
55.2 -1.98182 0.254683
55.3 -1.94821 -0.00400796
55.4 -1.90345 -0.257517
55.5 -1.84951 -0.504515
55.6 -1.7877 -0.743886
55.7 -1.71891 -0.974658
55.8 -1.64361 -1.19595
55.9 -1.56201 -1.40691
56 -1.47404 -1.60672
56.1 -1.37945 -1.79453
56.2 -1.27777 -1.96943
56.3 -1.16837 -2.13044
56.4 -1.05042 -2.27652
56.5 -0.922915 -2.40645
56.6 -0.784673 -2.51892
56.7 -0.634371 -2.61242
56.8 -0.470608 -2.68527
56.9 -0.292048 -2.73561
57 -0.0976722 -2.76143
57.1 0.112813 -2.7606
57.2 0.338383 -2.73107
57.3 0.575973 -2.67102
57.4 0.819844 -2.57922
57.5 1.06142 -2.45537
57.6 1.29008 -2.30046
57.7 1.49499 -2.11692
57.8 1.66748 -1.90847
57.9 1.80278 -1.67975
58 1.90047 -1.43571
58.1 1.96349 -1.18115
58.2 1.99667 -0.920312
58.3 2.00529 -0.656783
58.4 1.99424 -0.393463
58.5 1.96758 -0.132663
58.6 1.92844 0.123777
58.7 1.87917 0.374379
58.8 1.8214 0.617925
58.9 1.75624 0.853373
59 1.68435 1.0798
59.1 1.60608 1.29634
59.2 1.52151 1.50218
59.3 1.43047 1.69646
59.4 1.33262 1.87832
59.5 1.22741 2.04682
59.6 1.11411 2.20096
59.7 0.991808 2.33962
59.8 0.859418 2.46152
59.9 0.715685 2.56528
60 0.559237 2.6493
60.1 0.38868 2.71183
60.2 0.202788 2.75091
60.3 0.000820252 2.76449
60.4 -0.216983 2.75043
60.5 -0.44873 2.70677
60.6 -0.690163 2.63192
60.7 -0.934181 2.52503
60.8 -1.17108 2.38639
60.9 -1.38986 2.21765
61 -1.58042 2.02188
61.1 -1.73576 1.8033
61.2 -1.85322 1.56677
61.3 -1.93411 1.31722
61.4 -1.98246 1.05922
61.5 -2.00346 0.796714
61.6 -2.00229 0.53296
61.7 -1.98345 0.270567
61.8 -1.9506 0.0116104
61.9 -1.90646 -0.242255
62 -1.85303 -0.489683
62.1 -1.79167 -0.729547
62.2 -1.72329 -0.960869
62.3 -1.64838 -1.18276
62.4 -1.56716 -1.39438
62.5 -1.47958 -1.59489
62.6 -1.3854 -1.78345
62.7 -1.28417 -1.95916
62.8 -1.17527 -2.12106
62.9 -1.05786 -2.26807
63 -0.930973 -2.39903
63.1 -0.793422 -2.5126
63.2 -0.643893 -2.6073
63.3 -0.48099 -2.68145
63.4 -0.303365 -2.73322
63.5 -0.109971 -2.76059
63.6 0.0995465 -2.76145
63.7 0.324261 -2.73373
63.8 0.561255 -2.67558
63.9 0.804961 -2.58573
64 1.04697 -2.46382
64.1 1.27673 -2.31075
64.2 1.48337 -2.12885
64.3 1.65801 -1.9218
64.4 1.79563 -1.69417
64.5 1.89555 -1.45092
64.6 1.96056 -1.19687
64.7 1.9954 -0.936304
64.8 2.00538 -0.672849
64.9 1.9954 -0.409445
65 1.96958 -0.148435
65.1 1.93114 0.108316
65.2 1.88243 0.359311
65.3 1.82514 0.603317
65.4 1.7604 0.839285
65.5 1.68891 1.06629
65.6 1.61103 1.28346
65.7 1.52684 1.48996
65.8 1.43621 1.68497
65.9 1.33878 1.86762
66 1.23404 2.03696
66.1 1.12125 2.19201
66.2 0.999531 2.33164
66.3 0.86779 2.4546
66.4 0.724786 2.55951
66.5 0.569152 2.64478
66.6 0.399493 2.70867
66.7 0.214563 2.74924
66.8 0.0135799 2.76443
66.9 -0.203293 2.75212
67 -0.434285 2.71031
67.1 -0.675302 2.63739
67.2 -0.919418 2.53245
67.3 -1.15706 2.39571
67.4 -1.37726 2.22873
67.5 -1.56977 2.0345
67.6 -1.72738 1.81717
67.7 -1.84714 1.58159
67.8 -1.93016 1.3327
67.9 -1.98036 1.07509
68 -2.00287 0.812763
68.1 -2.0029 0.549004
68.2 -1.98503 0.286465
68.3 -1.95294 0.0272478
68.4 -1.90943 -0.226969
68.5 -1.85652 -0.474823
68.6 -1.79562 -0.715177
68.7 -1.72764 -0.947045
68.8 -1.65312 -1.16953
68.9 -1.57228 -1.3818
69 -1.4851 -1.58302
69.1 -1.39133 -1.77233
69.2 -1.29055 -1.94885
69.3 -1.18213 -2.11161
69.4 -1.06527 -2.25957
69.5 -0.938991 -2.39153
69.6 -0.802126 -2.5062
69.7 -0.653366 -2.6021
69.8 -0.491317 -2.67756
69.9 -0.314623 -2.73075
70 -0.122209 -2.75966
70.1 0.0863368 -2.7622
70.2 0.310186 -2.73627
70.3 0.546561 -2.68002
70.4 0.790072 -2.59212
70.5 1.03247 -2.47215
70.6 1.2633 -2.32092
70.7 1.47163 -2.14069
70.8 1.64841 -1.93504
70.9 1.78834 -1.70852
71 1.89051 -1.46609
71.1 1.95752 -1.21256
71.2 1.99405 -0.952285
71.3 2.00539 -0.688916
71.4 1.9965 -0.425436
71.5 1.97155 -0.164223
71.6 1.93379 0.0928329
71.7 1.88565 0.344216
71.8 1.82885 0.588679
71.9 1.76454 0.825165
72 1.69345 1.05274
72.1 1.61595 1.27053
72.2 1.53215 1.47771
72.3 1.44191 1.67344
72.4 1.34492 1.85686
72.5 1.24064 2.02705
72.6 1.12837 2.183
72.7 1.00722 2.3236
72.8 0.87612 2.44762
72.9 0.73384 2.55367
73 0.579016 2.64018
73.1 0.410249 2.70543
73.2 0.226278 2.74748
73.3 0.0262801 2.76427
73.4 -0.189656 2.75369
73.5 -0.419879 2.71373
73.6 -0.660453 2.64274
73.7 -0.904631 2.53976
73.8 -1.14298 2.40493
73.9 -1.36455 2.23972
74 -1.55899 2.04703
74.1 -1.71886 1.83098
74.2 -1.84093 1.59636
74.3 -1.9261 1.34815
74.4 -1.97814 1.09095
74.5 -2.00219 0.828807
74.6 -2.00346 0.565054
74.7 -1.98656 0.302375
74.8 -1.95525 0.0429038
74.9 -1.91236 -0.211659
75 -1.85998 -0.459935
75.1 -1.79954 -0.700775
75.2 -1.73197 -0.933186
75.3 -1.65784 -1.15627
75.4 -1.57739 -1.36918
75.5 -1.49059 -1.57109
75.6 -1.39724 -1.76116
75.7 -1.2969 -1.93848
75.8 -1.18897 -2.10211
75.9 -1.07265 -2.251
76 -0.946971 -2.38398
76.1 -0.810786 -2.49974
76.2 -0.66279 -2.59683
76.3 -0.50159 -2.67358
76.4 -0.325823 -2.72818
76.5 -0.134387 -2.75864
76.6 0.0731845 -2.76284
76.7 0.296158 -2.7387
76.8 0.531896 -2.68434
76.9 0.77518 -2.59839
77 1.01793 -2.48036
77.1 1.24978 -2.33099
77.2 1.45977 -2.15243
77.3 1.63867 -1.94821
77.4 1.78091 -1.72282
77.5 1.88533 -1.48121
77.6 1.95436 -1.22823
77.7 1.9926 -0.968256
77.8 2.00532 -0.704983
77.9 1.99753 -0.441436
78 1.97346 -0.180027
78.1 1.93641 0.0773291
78.2 1.88885 0.329096
78.3 1.83253 0.574012
78.4 1.76866 0.811011
78.5 1.69796 1.03915
78.6 1.62085 1.25756
78.7 1.53743 1.46541
78.8 1.4476 1.66187
78.9 1.35103 1.84606
79 1.24721 2.01708
79.1 1.13545 2.17393
79.2 1.01487 2.3155
79.3 0.884409 2.44057
79.4 0.742848 2.54775
79.5 0.588828 2.63551
79.6 0.420949 2.7021
79.7 0.237933 2.74562
79.8 0.0389208 2.76401
79.9 -0.176072 2.75516
80 -0.405512 2.71704
80.1 -0.645619 2.64797
80.2 -0.889823 2.54695
80.3 -1.12883 2.41403
80.4 -1.35174 2.2506
80.5 -1.54808 2.05948
80.6 -1.71019 1.84471
80.7 -1.83458 1.61109
80.8 -1.92191 1.36356
80.9 -1.97583 1.10679
81 -2.00143 0.844845
81.1 -2.00394 0.581107
81.2 -1.98804 0.318297
81.3 -1.95751 0.0585781
81.4 -1.91526 -0.196326
81.5 -1.86341 -0.445019
81.6 -1.80343 -0.686342
81.7 -1.73628 -0.919292
81.8 -1.66254 -1.14297
81.9 -1.58247 -1.35653
82 -1.49606 -1.55913
82.1 -1.40312 -1.74994
82.2 -1.30322 -1.92807
82.3 -1.19577 -2.09256
82.4 -1.07999 -2.24238
82.5 -0.954911 -2.37636
82.6 -0.819402 -2.49321
82.7 -0.672165 -2.59148
82.8 -0.511809 -2.66952
82.9 -0.336965 -2.72553
83 -0.146504 -2.75751
83.1 0.0600899 -2.76337
83.2 0.282178 -2.74101
83.3 0.517259 -2.68854
83.4 0.760287 -2.60454
83.5 1.00335 -2.48846
83.6 1.23618 -2.34095
83.7 1.4478 -2.16408
83.8 1.62879 -1.9613
83.9 1.77334 -1.73706
84 1.88003 -1.4963
84.1 1.95109 -1.24388
84.2 1.99105 -0.984214
84.3 2.00518 -0.721049
84.4 1.99851 -0.457444
84.5 1.97533 -0.195846
84.6 1.93899 0.0618045
84.7 1.89201 0.31395
84.8 1.83619 0.559315
84.9 1.77275 0.796824
85 1.70245 1.02553
85.1 1.62572 1.24456
85.2 1.54269 1.45307
85.3 1.45326 1.65025
85.4 1.35711 1.83522
85.5 1.25375 2.00707
85.6 1.14249 2.1648
85.7 1.02248 2.30734
85.8 0.892657 2.43345
85.9 0.75181 2.54176
86 0.598589 2.63075
86.1 0.431592 2.69868
86.2 0.249529 2.74366
86.3 0.0515018 2.76365
86.4 -0.162543 2.75651
86.5 -0.391185 2.72023
86.6 -0.630801 2.65308
86.7 -0.874997 2.55402
86.8 -1.11463 2.42302
86.9 -1.33883 2.26137
87 -1.53705 2.07184
87.1 -1.70139 1.85838
87.2 -1.82809 1.62576
87.3 -1.91759 1.37894
87.4 -1.97341 1.12261
87.5 -2.00058 0.860877
87.6 -2.00436 0.597164
87.7 -1.98946 0.334231
87.8 -1.95973 0.0742703
87.9 -1.91813 -0.180969
88 -1.86681 -0.430076
88.1 -1.80729 -0.671877
88.2 -1.74056 -0.905364
88.3 -1.66721 -1.12963
88.4 -1.58752 -1.34383
88.5 -1.50151 -1.54712
88.6 -1.40897 -1.73867
88.7 -1.30951 -1.9176
88.8 -1.20254 -2.08295
88.9 -1.08729 -2.2337
89 -0.962813 -2.36868
89.1 -0.827975 -2.48661
89.2 -0.681491 -2.58606
89.3 -0.521974 -2.66538
89.4 -0.348048 -2.72278
89.5 -0.158562 -2.75629
89.6 0.0470533 -2.7638
89.7 0.268247 -2.74322
89.8 0.502653 -2.69263
89.9 0.745394 -2.61057
90 0.988728 -2.49644
90.1 1.2225 -2.3508
90.2 1.43571 -2.17563
90.3 1.61877 -1.97431
90.4 1.76563 -1.75124
90.5 1.87458 -1.51134
90.6 1.94771 -1.2595
90.7 1.98941 -1.00016
90.8 2.00496 -0.737113
90.9 1.99943 -0.47346
91 1.97714 -0.211679
91.1 1.94152 0.0462594
91.2 1.89514 0.298779
91.3 1.83981 0.54459
91.4 1.77681 0.782605
91.5 1.70692 1.01187
91.6 1.63057 1.23151
91.7 1.54793 1.44069
91.8 1.45889 1.63858
91.9 1.36316 1.82432
92 1.26026 1.99699
92.1 1.14951 2.15562
92.2 1.03006 2.29912
92.3 0.900864 2.42626
92.4 0.760726 2.5357
92.5 0.608298 2.62591
92.6 0.44218 2.69518
92.7 0.261065 2.74162
92.8 0.0640229 2.76318
92.9 -0.149069 2.75776
93 -0.3769 2.7233
93.1 -0.616001 2.65808
93.2 -0.860154 2.56097
93.3 -1.10036 2.43189
93.4 -1.32582 2.27205
93.5 -1.52589 2.08411
93.6 -1.69244 1.87198
93.7 -1.82146 1.64038
93.8 -1.91315 1.39429
93.9 -1.97089 1.13841
94 -1.99965 0.876902
94.1 -2.00471 0.613224
94.2 -1.99082 0.350175
94.3 -1.9619 0.0899802
94.4 -1.92096 -0.16559
94.5 -1.87018 -0.415106
94.6 -1.81113 -0.657382
94.7 -1.74482 -0.891402
94.8 -1.67186 -1.11625
94.9 -1.59255 -1.33109
95 -1.50693 -1.53507
95.1 -1.4148 -1.72736
95.2 -1.31577 -1.90708
95.3 -1.20928 -2.07329
95.4 -1.09456 -2.22496
95.5 -0.970677 -2.36093
95.6 -0.836504 -2.47995
95.7 -0.690769 -2.58056
95.8 -0.532086 -2.66116
95.9 -0.359074 -2.71995
96 -0.170559 -2.75497
96.1 0.034075 -2.76413
96.2 0.254365 -2.74531
96.3 0.488078 -2.69659
96.4 0.730505 -2.61648
96.5 0.974073 -2.5043
96.6 1.20875 -2.36054
96.7 1.4235 -2.18709
96.8 1.60862 -1.98724
96.9 1.75777 -1.76535
97 1.86901 -1.52633
97.1 1.9442 -1.27509
97.2 1.98767 -1.01609
97.3 2.00467 -0.753176
97.4 2.00029 -0.489482
97.5 1.97891 -0.227527
97.6 1.94402 0.0306941
97.7 1.89823 0.283583
97.8 1.84341 0.529835
97.9 1.78085 0.768353
98 1.71136 0.998177
98.1 1.6354 1.21843
98.2 1.55314 1.42827
98.3 1.4645 1.62687
98.4 1.36919 1.81337
98.5 1.26674 1.98687
98.6 1.15649 2.14638
98.7 1.0376 2.29083
98.8 0.909031 2.41901
98.9 0.769596 2.52957
99 0.617957 2.621
99.1 0.452711 2.6916
99.2 0.272542 2.73948
99.3 0.0764841 2.76262
99.4 -0.13565 2.7589
99.5 -0.362657 2.72627
99.6 -0.60122 2.66295
99.7 -0.845298 2.5678
99.8 -1.08605 2.44065
99.9 -1.31272 2.28262
100 -1.5146 2.09629
100.1 -1.68336 1.8855
100.2 -1.81469 1.65495
100.3 -1.90858 1.4096
100.4 -1.96825 1.15419
100.5 -1.99862 0.892919
100.6 -2.00498 0.629287
100.7 -1.99213 0.366131
100.8 -1.96403 0.105707
100.9 -1.92375 -0.150188
101 -1.87353 -0.400109
101.1 -1.81494 -0.642856
101.2 -1.74905 -0.877406
101.3 -1.67649 -1.10284
101.4 -1.59756 -1.31831
101.5 -1.51233 -1.52298
101.6 -1.4206 -1.716
101.7 -1.32201 -1.89652
101.8 -1.21599 -2.06358
101.9 -1.1018 -2.21616
102 -0.978502 -2.35312
102.1 -0.844991 -2.47321
102.2 -0.699998 -2.57499
102.3 -0.542144 -2.65686
102.4 -0.370042 -2.71703
102.5 -0.182497 -2.75356
102.6 0.0211553 -2.76435
102.7 0.240535 -2.7473
102.8 0.473537 -2.70045
102.9 0.71562 -2.62228
103 0.959386 -2.51205
103.1 1.19492 -2.37017
103.2 1.41119 -2.19844
103.3 1.59833 -2.00008
103.4 1.74978 -1.7794
103.5 1.8633 -1.54129
103.6 1.94058 -1.29065
103.7 1.98584 -1.03201
103.8 2.00429 -0.769235
103.9 2.00108 -0.505512
104 1.98063 -0.243388
104.1 1.94648 0.0151089
104.2 1.90129 0.268362
104.3 1.84698 0.515051
104.4 1.78486 0.754069
104.5 1.71578 0.984448
104.6 1.64021 1.20531
104.7 1.55833 1.41581
104.8 1.47008 1.61512
104.9 1.37519 1.80238
105 1.2732 1.9767
105.1 1.16344 2.13709
105.2 1.0451 2.28249
105.3 0.917157 2.4117
105.4 0.778421 2.52337
105.5 0.627565 2.61601
105.6 0.463187 2.68793
105.7 0.28396 2.73725
105.8 0.0888852 2.76196
105.9 -0.122287 2.75993
106 -0.348458 2.72911
106.1 -0.586461 2.66771
106.2 -0.830429 2.57452
106.3 -1.07168 2.44929
106.4 -1.29952 2.29308
106.5 -1.50319 2.10838
106.6 -1.67413 1.89895
106.7 -1.80778 1.66946
106.8 -1.90389 1.42487
106.9 -1.96551 1.16995
107 -1.99751 0.908927
107.1 -2.00519 0.645352
107.2 -1.99339 0.382097
107.3 -1.96612 0.121451
107.4 -1.92651 -0.134765
107.5 -1.87684 -0.385085
107.6 -1.81873 -0.6283
107.7 -1.75326 -0.863376
107.8 -1.68109 -1.08939
107.9 -1.60255 -1.30549
108 -1.5177 -1.51084
108.1 -1.42638 -1.7046
108.2 -1.32822 -1.8859
108.3 -1.22267 -2.05381
108.4 -1.109 -2.2073
108.5 -0.986289 -2.34525
108.6 -0.853435 -2.46641
108.7 -0.70918 -2.56934
108.8 -0.55215 -2.65247
108.9 -0.380952 -2.71402
109 -0.194374 -2.75205
109.1 0.00829447 -2.76447
109.2 0.226755 -2.74917
109.3 0.45903 -2.70418
109.4 0.700743 -2.62795
109.5 0.944669 -2.51967
109.6 1.18101 -2.37968
109.7 1.39877 -2.2097
109.8 1.58791 -2.01285
109.9 1.74164 -1.79339
110 1.85746 -1.55619
110.1 1.93684 -1.30618
110.2 1.9839 -1.04791
110.3 2.00384 -0.785292
110.4 2.00181 -0.521547
110.5 1.9823 -0.259264
110.6 1.9489 -0.000495759
110.7 1.90432 0.253117
110.8 1.85052 0.500239
110.9 1.78885 0.739753
111 1.72018 0.970684
111.1 1.64499 1.19215
111.2 1.5635 1.4033
111.3 1.47564 1.60331
111.4 1.38117 1.79134
111.5 1.27962 1.96647
111.6 1.17036 2.12774
111.7 1.05257 2.27409
111.8 0.925243 2.40432
111.9 0.787202 2.5171
112 0.637123 2.61095
112.1 0.473608 2.68418
112.2 0.295319 2.73493
112.3 0.101226 2.7612
112.4 -0.10898 2.76086
112.5 -0.334304 2.73185
112.6 -0.571725 2.67235
112.7 -0.815551 2.58111
112.8 -1.05726 2.45782
112.9 -1.28624 2.30344
113 -1.49165 2.12037
113.1 -1.66476 1.91233
113.2 -1.80073 1.68391
113.3 -1.89906 1.4401
113.4 -1.96266 1.18569
113.5 -1.99631 0.924926
113.6 -2.00532 0.661418
113.7 -1.99458 0.398072
113.8 -1.96816 0.137212
113.9 -1.92923 -0.119319
114 -1.88011 -0.370035
114.1 -1.82248 -0.613714
114.2 -1.75744 -0.849312
114.3 -1.68567 -1.0759
114.4 -1.60751 -1.29263
114.5 -1.52305 -1.49866
114.6 -1.43213 -1.69315
114.7 -1.3344 -1.87523
114.8 -1.22932 -2.04398
114.9 -1.11617 -2.19839
115 -0.99404 -2.33732
115.1 -0.861837 -2.45953
115.2 -0.718315 -2.56362
115.3 -0.562103 -2.64801
115.4 -0.391806 -2.71093
115.5 -0.206191 -2.75044
115.6 -0.00450732 -2.76448
115.7 0.213028 -2.75093
115.8 0.444559 -2.7078
115.9 0.685874 -2.63351
116 0.929924 -2.52718
116.1 1.16704 -2.38909
116.2 1.38624 -2.22085
116.3 1.57736 -2.02553
116.4 1.73336 -1.80731
116.5 1.85148 -1.57105
116.6 1.93298 -1.32169
116.7 1.98187 -1.0638
116.8 2.0033 -0.801344
116.9 2.00247 -0.537588
117 1.98392 -0.275152
117.1 1.95128 -0.0161197
117.2 1.90732 0.237848
117.3 1.85404 0.485399
117.4 1.79281 0.725405
117.5 1.72455 0.956885
117.6 1.64975 1.17895
117.7 1.56864 1.39075
117.8 1.48118 1.59147
117.9 1.38712 1.78025
118 1.28602 1.95619
118.1 1.17725 2.11834
118.2 1.06001 2.26562
118.3 0.93329 2.39687
118.4 0.795937 2.51076
118.5 0.646631 2.6058
118.6 0.483975 2.68034
118.7 0.306619 2.73252
118.8 0.113507 2.76034
118.9 -0.0957298 2.76168
119 -0.320196 2.73447
119.1 -0.557013 2.67687
119.2 -0.800666 2.58758
119.3 -1.04279 2.46623
119.4 -1.27287 2.31369
119.5 -1.48 2.13228
119.6 -1.65526 1.92563
119.7 -1.79355 1.69831
119.8 -1.89411 1.4553
119.9 -1.9597 1.2014
120 -1.99502 0.940915
120.1 -2.00539 0.677484
120.2 -1.99572 0.414057
120.3 -1.97016 0.152988
120.4 -1.93191 -0.103851
120.5 -1.88336 -0.354959
120.6 -1.82621 -0.599097
120.7 -1.7616 -0.835215
120.8 -1.69022 -1.06238
120.9 -1.61245 -1.27973
121 -1.52837 -1.48643
121.1 -1.43785 -1.68165
121.2 -1.34056 -1.86452
121.3 -1.23594 -2.03411
121.4 -1.12331 -2.18942
121.5 -1.00175 -2.32933
121.6 -0.870197 -2.4526
121.7 -0.727403 -2.55783
121.8 -0.572003 -2.64346
121.9 -0.402602 -2.70774
122 -0.217949 -2.74874
122.1 -0.0172498 -2.76439
122.2 0.199353 -2.75258
122.3 0.430125 -2.71131
122.4 0.671017 -2.63894
122.5 0.915154 -2.53458
122.6 1.15301 -2.39838
122.7 1.3736 -2.23191
122.8 1.56667 -2.03812
122.9 1.72494 -1.82116
123 1.84536 -1.58586
123.1 1.929 -1.33716
123.2 1.97973 -1.07967
123.3 2.00268 -0.817392
123.4 2.00307 -0.553634
123.5 1.98548 -0.291053
123.6 1.95361 -0.0317624
123.7 1.91028 0.222554
123.8 1.85752 0.470531
123.9 1.79675 0.711025
124 1.72889 0.94305
124.1 1.65449 1.16571
124.2 1.57376 1.37817
124.3 1.48669 1.57958
124.4 1.39304 1.76911
124.5 1.29238 1.94586
124.6 1.18411 2.10888
124.7 1.0674 2.2571
124.8 0.941297 2.38936
124.9 0.804628 2.50435
125 0.65609 2.60059
125.1 0.494286 2.67642
125.2 0.31786 2.73002
125.3 0.125728 2.75938
125.4 -0.0825367 2.76239
125.5 -0.306134 2.73698
125.6 -0.542328 2.68128
125.7 -0.785776 2.59394
125.8 -1.02828 2.47453
125.9 -1.25941 2.32384
126 -1.46822 2.14409
126.1 -1.64561 1.93885
126.2 -1.78622 1.71265
126.3 -1.88903 1.47045
126.4 -1.95662 1.21709
126.5 -1.99364 0.956894
126.6 -2.00537 0.693551
126.7 -1.9968 0.430051
126.8 -1.9721 0.168781
126.9 -1.93455 -0.0883624
127 -1.88658 -0.339857
127.1 -1.82992 -0.584451
127.2 -1.76573 -0.821085
127.3 -1.69475 -1.04882
127.4 -1.61736 -1.26679
127.5 -1.53367 -1.47417
127.6 -1.44356 -1.67011
127.7 -1.34668 -1.85375
127.8 -1.24254 -2.02418
127.9 -1.13041 -2.18039
128 -1.00943 -2.32127
128.1 -0.878516 -2.44559
128.2 -0.736444 -2.55197
128.3 -0.581852 -2.63884
128.4 -0.413342 -2.70448
128.5 -0.229647 -2.74695
128.6 -0.0299329 -2.7642
128.7 0.185731 -2.75412
128.8 0.41573 -2.71469
128.9 0.656172 -2.64426
129 0.900361 -2.54185
129.1 1.1389 -2.40757
129.2 1.36086 -2.24286
129.3 1.55586 -2.05063
129.4 1.71637 -1.83495
129.5 1.83911 -1.60062
129.6 1.9249 -1.3526
129.7 1.97749 -1.09552
129.8 2.00198 -0.833434
129.9 2.0036 -0.569685
130 1.98699 -0.306967
130.1 1.9559 -0.0474237
130.2 1.9132 0.207238
130.3 1.86097 0.455635
130.4 1.80066 0.696614
130.5 1.73322 0.929181
130.6 1.6592 1.15244
130.7 1.57885 1.36554
130.8 1.49217 1.56765
130.9 1.39894 1.75793
131 1.29872 1.93548
131.1 1.19093 2.09936
131.2 1.07477 2.24852
131.3 0.949265 2.38179
131.4 0.813276 2.49787
131.5 0.6655 2.59529
131.6 0.504544 2.67242
131.7 0.329043 2.72743
131.8 0.137889 2.75832
131.9 -0.069401 2.763
132 -0.29212 2.73938
132.1 -0.52767 2.68556
132.2 -0.770884 2.60018
132.3 -1.01373 2.48271
132.4 -1.24587 2.33387
132.5 -1.45633 2.1558
132.6 -1.63583 1.95199
132.7 -1.77874 1.72693
132.8 -1.88382 1.48557
132.9 -1.95343 1.23275
133 -1.99216 0.972861
133.1 -2.00529 0.709618
133.2 -1.99782 0.446053
133.3 -1.974 0.184589
133.4 -1.93716 -0.0728526
133.5 -1.88976 -0.324729
133.6 -1.83359 -0.569775
133.7 -1.76984 -0.806922
133.8 -1.69926 -1.03522
133.9 -1.62226 -1.25381
134 -1.53895 -1.46186
134.1 -1.44923 -1.65852
134.2 -1.35278 -1.84294
134.3 -1.2491 -2.0142
134.4 -1.13748 -2.1713
134.5 -1.01707 -2.31315
134.6 -0.886793 -2.43852
134.7 -0.745438 -2.54603
134.8 -0.591649 -2.63414
134.9 -0.424025 -2.70112
135 -0.241285 -2.74506
135.1 -0.0425564 -2.76391
135.2 0.172164 -2.75556
135.3 0.401374 -2.71797
135.4 0.641343 -2.64946
135.5 0.885548 -2.549
135.6 1.12474 -2.41663
135.7 1.34802 -2.25372
135.8 1.54491 -2.06305
135.9 1.70767 -1.84866
136 1.83272 -1.61533
136.1 1.92067 -1.368
136.2 1.97514 -1.11136
136.3 2.00119 -0.849471
136.4 2.00407 -0.585739
136.5 1.98845 -0.322892
136.6 1.95815 -0.0631032
136.7 1.91609 0.191898
136.8 1.86439 0.440711
136.9 1.80454 0.682172
137 1.73752 0.915278
137.1 1.66389 1.13912
137.2 1.58393 1.35287
137.3 1.49764 1.55567
137.4 1.40481 1.74669
137.5 1.30504 1.92505
137.6 1.19772 2.0898
137.7 1.0821 2.23988
137.8 0.957195 2.37415
137.9 0.821879 2.49132
138 0.67486 2.58992
138.1 0.514747 2.66834
138.2 0.340168 2.72475
138.3 0.149989 2.75717
138.4 -0.0563231 2.76351
138.5 -0.278154 2.74166
138.6 -0.513042 2.68973
138.7 -0.75599 2.60629
138.8 -0.999133 2.49077
138.9 -1.23224 2.3438
139 -1.44432 2.16742
139.1 -1.62591 1.96506
139.2 -1.77113 1.74115
139.3 -1.87847 1.50064
139.4 -1.95013 1.24839
139.5 -1.99059 0.988816
139.6 -2.00512 0.725683
139.7 -1.99878 0.462064
139.8 -1.97586 0.200412
139.9 -1.93972 -0.057322
140 -1.89291 -0.309576
140.1 -1.83724 -0.55507
140.2 -1.77392 -0.792725
140.3 -1.70374 -1.02159
140.4 -1.62712 -1.2408
140.5 -1.5442 -1.44951
140.6 -1.45488 -1.64689
140.7 -1.35886 -1.83208
140.8 -1.25563 -2.00417
140.9 -1.14452 -2.16216
141 -1.02467 -2.30497
141.1 -0.895029 -2.43138
141.2 -0.754387 -2.54002
141.3 -0.601395 -2.62936
141.4 -0.434652 -2.69768
141.5 -0.252863 -2.74308
141.6 -0.0551201 -2.76352
141.7 0.15865 -2.75688
141.8 0.387059 -2.72113
141.9 0.626529 -2.65453
142 0.870717 -2.55604
142.1 1.11052 -2.42559
142.2 1.33508 -2.26446
142.3 1.53384 -2.07539
142.4 1.69882 -1.86231
142.5 1.82619 -1.62998
142.6 1.91632 -1.38337
142.7 1.97269 -1.12717
142.8 2.00032 -0.865501
142.9 2.00446 -0.601797
143 1.98986 -0.338829
143.1 1.96036 -0.0788006
143.2 1.91895 0.176535
143.3 1.86779 0.42576
143.4 1.8084 0.667699
143.5 1.74179 0.90134
143.6 1.66855 1.12578
143.7 1.58897 1.34016
143.8 1.50307 1.54365
143.9 1.41065 1.73542
144 1.31132 1.91457
144.1 1.20449 2.08017
144.2 1.08939 2.23118
144.3 0.965085 2.36645
144.4 0.83044 2.4847
144.5 0.684172 2.58448
144.6 0.524897 2.66417
144.7 0.351235 2.72198
144.8 0.162029 2.75592
144.9 -0.0433033 2.76391
145 -0.264237 2.74383
145.1 -0.498445 2.69378
145.2 -0.741098 2.61229
145.3 -0.984503 2.49872
145.4 -1.21854 2.35362
145.5 -1.4322 2.17895
145.6 -1.61585 1.97805
145.7 -1.76338 1.75531
145.8 -1.87299 1.51567
145.9 -1.94671 1.264
146 -1.98892 1.00476
146.1 -2.00488 0.741747
146.2 -1.99968 0.478081
146.3 -1.97766 0.216249
146.4 -1.94225 -0.0417711
146.5 -1.89603 -0.294397
146.6 -1.84086 -0.540336
146.7 -1.77798 -0.778497
146.8 -1.7082 -1.00792
146.9 -1.63197 -1.22774
147 -1.54943 -1.43711
147.1 -1.46051 -1.63521
147.2 -1.3649 -1.82117
147.3 -1.26213 -1.99408
147.4 -1.15153 -2.15296
147.5 -1.03224 -2.29673
147.6 -0.903224 -2.42418
147.7 -0.76329 -2.53394
147.8 -0.61109 -2.62451
147.9 -0.445223 -2.69416
148 -0.264382 -2.74101
148.1 -0.0676239 -2.76303
148.2 0.145192 -2.7581
148.3 0.372786 -2.72417
148.4 0.611735 -2.65949
148.5 0.85587 -2.56295
148.6 1.09624 -2.43443
148.7 1.32205 -2.27511
148.8 1.52264 -2.08763
148.9 1.68983 -1.87589
149 1.81952 -1.64459
149.1 1.91184 -1.39871
149.2 1.97014 -1.14297
149.3 1.99936 -0.881523
149.4 2.00479 -0.617858
149.5 1.99121 -0.354777
149.6 1.96252 -0.0945155
149.7 1.92177 0.161149
149.8 1.87115 0.410782
149.9 1.81223 0.653195
150 1.74604 0.887368
150.1 1.6732 1.11239
150.2 1.594 1.3274
150.3 1.50849 1.53159
150.4 1.41647 1.72409
150.5 1.31758 1.90404
150.6 1.21122 2.07049
150.7 1.09665 2.22242
150.8 0.972938 2.35869
150.9 0.838957 2.47801
151 0.693436 2.57896
151.1 0.534993 2.65993
151.2 0.362244 2.71912
151.3 0.174009 2.75457
151.4 -0.0303418 2.7642
151.5 -0.25037 2.7459
151.6 -0.48388 2.69772
151.7 -0.72621 2.61817
151.8 -0.969839 2.50655
151.9 -1.20476 2.36333
152 -1.41996 2.19037
152.1 -1.60566 1.99095
152.2 -1.75548 1.76941
152.3 -1.86738 1.53065
152.4 -1.94317 1.27958
152.5 -1.98715 1.02069
152.6 -2.00457 0.757809
152.7 -2.00052 0.494106
152.8 -1.97941 0.232101
152.9 -1.94474 -0.0262
153 -1.89912 -0.279194
153.1 -1.84445 -0.525573
153.2 -1.78201 -0.764236
153.3 -1.71264 -0.99422
153.4 -1.63679 -1.21465
153.5 -1.55464 -1.42468
153.6 -1.46611 -1.62348
153.7 -1.37092 -1.81021
153.8 -1.26861 -1.98394
153.9 -1.1585 -2.14371
154 -1.03977 -2.28843
154.1 -0.911379 -2.41691
154.2 -0.772147 -2.52779
154.3 -0.620734 -2.61957
154.4 -0.455739 -2.69055
154.5 -0.275842 -2.73885
154.6 -0.0800678 -2.76244
154.7 0.131789 -2.75921
154.8 0.358556 -2.7271
154.9 0.59696 -2.66434
155 0.841009 -2.56975
155.1 1.08191 -2.44315
155.2 1.30892 -2.28565
155.3 1.51132 -2.09978
155.4 1.68071 -1.88939
155.5 1.81271 -1.65914
155.6 1.90724 -1.41401
155.7 1.96747 -1.15874
155.8 1.99831 -0.897538
155.9 2.00505 -0.633921
156 1.9925 -0.370736
156.1 1.96464 -0.110247
156.2 1.92455 0.145741
156.3 1.87448 0.395777
156.4 1.81604 0.63866
156.5 1.75027 0.873362
156.6 1.67782 1.09896
156.7 1.599 1.31461
156.8 1.51388 1.51948
156.9 1.42227 1.71272
157 1.3238 1.89346
157.1 1.21792 2.06076
157.2 1.10388 2.21361
157.3 0.980752 2.35086
157.4 0.847431 2.47125
157.5 0.702652 2.57337
157.6 0.545036 2.6556
157.7 0.373195 2.71617
157.8 0.185929 2.75313
157.9 -0.0174391 2.76439
158 -0.236554 2.74785
158.1 -0.469348 2.70154
158.2 -0.711327 2.62393
158.3 -0.955144 2.51426
158.4 -1.19091 2.37292
158.5 -1.40762 2.2017
158.6 -1.59534 2.00377
158.7 -1.74744 1.78344
158.8 -1.86163 1.54559
158.9 -1.93952 1.29514
159 -1.98529 1.0366
159.1 -2.00417 0.773868
159.2 -2.00129 0.510137
159.3 -1.98112 0.247967
159.4 -1.94718 -0.0106092
159.5 -1.90217 -0.263966
159.6 -1.84801 -0.510781
159.7 -1.78602 -0.749942
159.8 -1.71705 -0.980481
159.9 -1.64159 -1.20151
160 -1.55982 -1.4122
160.1 -1.47169 -1.61172
160.2 -1.37692 -1.7992
160.3 -1.27505 -1.97375
160.4 -1.16544 -2.1344
160.5 -1.04726 -2.28007
160.6 -0.919494 -2.40957
160.7 -0.780959 -2.52157
160.8 -0.630328 -2.61456
160.9 -0.466199 -2.68685
161 -0.287243 -2.73659
161.1 -0.0924516 -2.76175
161.2 0.118442 -2.76021
161.3 0.34437 -2.72992
161.4 0.582207 -2.66906
161.5 0.826138 -2.57643
161.6 1.06752 -2.45176
161.7 1.2957 -2.29608
161.8 1.49987 -2.11185
161.9 1.67144 -1.90282
162 1.80576 -1.67363
162.1 1.90251 -1.42927
162.2 1.9647 -1.17449
162.3 1.99718 -0.913544
162.4 2.00524 -0.649986
162.5 1.99374 -0.386704
162.6 1.96671 -0.125996
162.7 1.92729 0.130311
162.8 1.87778 0.380746
162.9 1.81981 0.624095
163 1.75447 0.859322
163.1 1.68241 1.0855
163.2 1.60398 1.30178
163.3 1.51924 1.50733
163.4 1.42804 1.7013
163.5 1.33001 1.88283
163.6 1.22459 2.05098
163.7 1.11107 2.20474
163.8 0.988529 2.34297
163.9 0.855863 2.46443
164 0.711821 2.5677
164.1 0.555026 2.65119
164.2 0.384089 2.71314
164.3 0.197789 2.75159
164.4 -0.00459526 2.76448
164.5 -0.22279 2.74969
164.6 -0.454852 2.70524
164.7 -0.696452 2.62957
164.8 -0.940418 2.52185
164.9 -1.17699 2.38241
165 -1.39516 2.21293
165.1 -1.58488 2.01651
165.2 -1.73927 1.79741
165.3 -1.85575 1.56048
165.4 -1.93574 1.31066
165.5 -1.98332 1.0525
165.6 -2.00369 0.789923
165.7 -2.002 0.526174
165.8 -1.98277 0.263846
165.9 -1.94959 0.00500108
166 -1.90519 -0.248714
166.1 -1.85154 -0.495961
166.2 -1.79 -0.735617
166.3 -1.72144 -0.966707
166.4 -1.64637 -1.18834
166.5 -1.56498 -1.39969
166.6 -1.47724 -1.5999
166.7 -1.38289 -1.78814
166.8 -1.28147 -1.96351
166.9 -1.17235 -2.12503
167 -1.05472 -2.27165
167.1 -0.927569 -2.40217
167.2 -0.789726 -2.51528
167.3 -0.639871 -2.60947
167.4 -0.476605 -2.68308
167.5 -0.298585 -2.73424
167.6 -0.104775 -2.76096
167.7 0.105152 -2.76111
167.8 0.330229 -2.73262
167.9 0.567478 -2.67367
168 0.811258 -2.58299
168.1 1.05309 -2.46026
168.2 1.28239 -2.30641
168.3 1.4883 -2.12382
168.4 1.66203 -1.91617
168.5 1.79867 -1.68807
168.6 1.89765 -1.44449
168.7 1.96182 -1.19022
168.8 1.99595 -0.92954
168.9 2.00535 -0.666052
169 1.99492 -0.402683
169.1 1.96874 -0.141762
169.2 1.93 0.114859
169.3 1.88105 0.365688
169.4 1.82356 0.6095
169.5 1.75864 0.845249
169.6 1.68698 1.07201
169.7 1.60894 1.28891
169.8 1.52459 1.49513
169.9 1.43378 1.68984
170 1.33618 1.87215
170.1 1.23124 2.04114
170.2 1.11823 2.1958
170.3 0.996268 2.33502
170.4 0.864253 2.45754
170.5 0.720942 2.56196
170.6 0.564964 2.64671
170.7 0.394926 2.71002
170.8 0.209589 2.74996
170.9 0.00818945 2.76447
171 -0.209077 2.75142
171.1 -0.440391 2.70882
171.2 -0.681587 2.63509
171.3 -0.925666 2.52933
171.4 -1.163 2.39178
171.5 -1.3826 2.22405
171.6 -1.57429 2.02917
171.7 -1.73094 1.81131
171.8 -1.84973 1.57533
171.9 -1.93185 1.32615
172 -1.98126 1.06838
172.1 -2.00313 0.805974
172.2 -2.00265 0.542216
172.3 -1.98437 0.279738
172.4 -1.95195 0.0206305
172.5 -1.90817 -0.233438
172.6 -1.85504 -0.481113
172.7 -1.79395 -0.72126
172.8 -1.7258 -0.952897
172.9 -1.65112 -1.17513
173 -1.57012 -1.38713
173.1 -1.48277 -1.58804
173.2 -1.38883 -1.77704
173.3 -1.28786 -1.95322
173.4 -1.17923 -2.11561
173.5 -1.06214 -2.26317
173.6 -0.935604 -2.39471
173.7 -0.798449 -2.50892
173.8 -0.649365 -2.60431
173.9 -0.486955 -2.67922
174 -0.309868 -2.73181
174.1 -0.117039 -2.76007
174.2 0.0919179 -2.7619
174.3 0.316134 -2.73521
174.4 0.552774 -2.67815
174.5 0.796371 -2.58943
174.6 1.03861 -2.46864
174.7 1.26899 -2.31663
174.8 1.47661 -2.13569
174.9 1.65249 -1.92945
175 1.79145 -1.70246
175.1 1.89266 -1.45968
175.2 1.95882 -1.20593
175.3 1.99463 -0.945526
175.4 2.00539 -0.682119
175.5 1.99604 -0.41867
175.6 1.97072 -0.157543
175.7 1.93267 0.0993851
175.8 1.88429 0.350605
175.9 1.82728 0.594875
176 1.76279 0.831142
176.1 1.69153 1.05847
176.2 1.61387 1.276
176.3 1.5299 1.4829
176.4 1.4395 1.67833
176.5 1.34233 1.86142
176.6 1.23785 2.03125
176.7 1.12536 2.18682
176.8 1.00397 2.32701
176.9 0.872601 2.45058
177 0.730016 2.55615
177.1 0.57485 2.64214
177.2 0.405706 2.70681
177.3 0.22133 2.74823
177.4 0.0209148 2.76435
177.5 -0.195418 2.75304
177.6 -0.425969 2.7123
177.7 -0.666733 2.64049
177.8 -0.910889 2.53669
177.9 -1.14894 2.40104
178 -1.36994 2.23508
178.1 -1.56357 2.04174
178.2 -1.72248 1.82515
178.3 -1.84357 1.59012
178.4 -1.92783 1.34161
178.5 -1.97909 1.08424
178.6 -2.00249 0.822021
178.7 -2.00323 0.558264
178.8 -1.98592 0.295643
178.9 -1.95428 0.0362786
179 -1.91112 -0.218138
179.1 -1.85852 -0.466236
179.2 -1.79788 -0.706871
179.3 -1.73014 -0.939053
179.4 -1.65585 -1.16189
179.5 -1.57523 -1.37453
179.6 -1.48827 -1.57614
179.7 -1.39474 -1.76589
179.8 -1.29422 -1.94287
179.9 -1.18608 -2.10614
180 -1.06953 -2.25463
180.1 -0.9436 -2.38718
180.2 -0.807128 -2.50249
180.3 -0.65881 -2.59907
180.4 -0.497251 -2.67527
180.5 -0.321092 -2.72928
180.6 -0.129242 -2.75908
180.7 0.0787413 -2.76258
180.8 0.302086 -2.73768
180.9 0.538096 -2.68252
181 0.78148 -2.59575
181.1 1.02408 -2.4769
181.2 1.25551 -2.32674
181.3 1.4648 -2.14748
181.4 1.6428 -1.94265
181.5 1.78407 -1.71678
181.6 1.88754 -1.47482
181.7 1.95571 -1.22161
181.8 1.99322 -0.961501
181.9 2.00536 -0.698186
182 1.9971 -0.434667
182.1 1.97266 -0.17334
182.2 1.93531 0.0838902
182.3 1.8875 0.335495
182.4 1.83098 0.58022
182.5 1.76692 0.817002
182.6 1.69605 1.0449
182.7 1.61878 1.26305
182.8 1.5352 1.47062
182.9 1.4452 1.66677
183 1.34845 1.85064
183.1 1.24443 2.02131
183.2 1.13246 2.17777
183.3 1.01164 2.31893
183.4 0.880908 2.44356
183.5 0.739043 2.55026
183.6 0.584684 2.63749
183.7 0.41643 2.70352
183.8 0.23301 2.74641
183.9 0.0335807 2.76413
184 -0.181812 2.75455
184.1 -0.411585 2.71565
184.2 -0.651893 2.64577
184.3 -0.89609 2.54392
184.4 -1.13482 2.41019
184.5 -1.35717 2.24601
184.6 -1.55271 2.05422
184.7 -1.71388 1.83891
184.8 -1.83728 1.60487
184.9 -1.92369 1.35704
185 -1.97682 1.10009
185.1 -2.00176 0.838061
185.2 -2.00374 0.574316
185.3 -1.98742 0.31156
185.4 -1.95656 0.0519452
185.5 -1.91404 -0.202815
185.6 -1.86196 -0.451332
185.7 -1.80178 -0.692451
185.8 -1.73446 -0.925174
185.9 -1.66055 -1.1486
186 -1.58032 -1.36189
186.1 -1.49375 -1.5642
186.2 -1.40063 -1.75469
186.3 -1.30055 -1.93248
186.4 -1.19289 -2.09661
186.5 -1.07689 -2.24603
186.6 -0.951557 -2.37959
186.7 -0.815762 -2.49598
186.8 -0.668205 -2.59375
186.9 -0.507493 -2.67125
187 -0.332259 -2.72666
187.1 -0.141386 -2.758
187.2 0.0656222 -2.76316
187.3 0.288086 -2.74005
187.4 0.523447 -2.68678
187.5 0.766587 -2.60195
187.6 1.00952 -2.48505
187.7 1.24194 -2.33675
187.8 1.45288 -2.15917
187.9 1.63298 -1.95577
188 1.77656 -1.73104
188.1 1.88229 -1.48992
188.2 1.95249 -1.23726
188.3 1.99172 -0.977465
188.4 2.00525 -0.714253
188.5 1.99811 -0.450671
188.6 1.97454 -0.189152
188.7 1.9379 0.0683743
188.8 1.89067 0.32036
188.9 1.83465 0.565536
189 1.77102 0.80283
189.1 1.70056 1.03129
189.2 1.62366 1.25006
189.3 1.54047 1.4583
189.4 1.45086 1.65517
189.5 1.35454 1.83981
189.6 1.25098 2.01131
189.7 1.13952 2.16867
189.8 1.01926 2.3108
189.9 0.889173 2.43647
190 0.748025 2.54431
190.1 0.594466 2.63277
190.2 0.427097 2.70014
190.3 0.244631 2.7445
190.4 0.046187 2.76381
190.5 -0.16826 2.75595
190.6 -0.397241 2.71889
190.7 -0.637067 2.65093
190.8 -0.881271 2.55104
190.9 -1.12064 2.41923
191 -1.3443 2.25683
191.1 -1.54173 2.06662
191.2 -1.70513 1.85261
191.3 -1.83085 1.61956
191.4 -1.91943 1.37244
191.5 -1.97445 1.11592
191.6 -2.00095 0.854096
191.7 -2.00419 0.590371
191.8 -1.98886 0.327489
191.9 -1.9588 0.0676299
192 -1.91692 -0.187468
192.1 -1.86538 -0.436401
192.2 -1.80566 -0.678
192.3 -1.73875 -0.91126
192.4 -1.66524 -1.13528
192.5 -1.58538 -1.3492
192.6 -1.49921 -1.55221
192.7 -1.4065 -1.74345
192.8 -1.30685 -1.92203
192.9 -1.19968 -2.08702
193 -1.08421 -2.23738
193.1 -0.959475 -2.37194
193.2 -0.824353 -2.48941
193.3 -0.677552 -2.58836
193.4 -0.51768 -2.66714
193.5 -0.343367 -2.72396
193.6 -0.153469 -2.75682
193.7 0.052561 -2.76363
193.8 0.274134 -2.7423
193.9 0.508828 -2.69091
194 0.751694 -2.60803
194.1 0.994916 -2.49308
194.2 1.2283 -2.34664
194.3 1.44083 -2.17076
194.4 1.62302 -1.96881
194.5 1.76891 -1.74525
194.6 1.8769 -1.50498
194.7 1.94915 -1.25289
194.8 1.99012 -0.993416
194.9 2.00506 -0.730318
195 1.99905 -0.466684
195.1 1.97638 -0.204979
195.2 1.94046 0.0528379
195.3 1.89382 0.305199
195.4 1.83828 0.550823
195.5 1.77509 0.788624
195.6 1.70503 1.01765
195.7 1.62853 1.23704
195.8 1.54572 1.44594
195.9 1.45651 1.64352
196 1.3606 1.82893
196.1 1.25751 2.00126
196.2 1.14655 2.15951
196.3 1.02686 2.3026
196.4 0.897397 2.42931
196.5 0.75696 2.53828
196.6 0.604197 2.62797
196.7 0.437708 2.69667
196.8 0.256192 2.7425
196.9 0.0587334 2.76339
197 -0.154762 2.75724
197.1 -0.382938 2.72202
197.2 -0.622259 2.65598
197.3 -0.866435 2.55805
197.4 -1.1064 2.42815
197.5 -1.33133 2.26755
197.6 -1.53062 2.07893
197.7 -1.69624 1.86623
197.8 -1.82428 1.6342
197.9 -1.91504 1.3878
198 -1.97197 1.13173
198.1 -2.00005 0.870124
198.2 -2.00457 0.60643
198.3 -1.99025 0.343429
198.4 -1.96099 0.0833323
198.5 -1.91976 -0.172099
198.6 -1.86876 -0.421442
198.7 -1.80951 -0.663518
198.8 -1.74302 -0.897313
198.9 -1.6699 -1.12192
199 -1.59043 -1.33648
199.1 -1.50464 -1.54017
199.2 -1.41234 -1.73215
199.3 -1.31313 -1.91154
199.4 -1.20643 -2.07739
199.5 -1.09149 -2.22866
199.6 -0.967355 -2.36422
199.7 -0.832901 -2.48277
199.8 -0.68685 -2.58289
199.9 -0.527815 -2.66295
200 -0.354417 -2.72116
