0 2 0
0.1 1.79278 0.0272534
0.2 1.73335 0.0531322
0.3 1.70719 0.078474
0.4 1.69013 0.10352
0.5 1.67557 0.128339
0.6 1.6616 0.152949
0.7 1.64764 0.177353
0.8 1.63352 0.201551
0.9 1.61916 0.225539
1 1.60454 0.249313
1.1 1.58963 0.272869
1.2 1.57442 0.296203
1.3 1.55887 0.319311
1.4 1.54298 0.342186
1.5 1.52671 0.364825
1.6 1.51003 0.38722
1.7 1.49291 0.409366
1.8 1.47532 0.431256
1.9 1.45721 0.452883
2 1.43853 0.474239
2.1 1.41922 0.495315
2.2 1.39923 0.516101
2.3 1.37847 0.536587
2.4 1.35684 0.55676
2.5 1.33425 0.576607
2.6 1.31054 0.596113
2.7 1.28555 0.61526
2.8 1.25907 0.634027
2.9 1.23083 0.652392
3 1.20048 0.670325
3.1 1.16755 0.687792
3.2 1.13139 0.70475
3.3 1.09111 0.721146
3.4 1.04539 0.73691
3.5 0.9922 0.751947
3.6 0.928298 0.766126
3.7 0.848106 0.779251
3.8 0.741269 0.791015
3.9 0.586622 0.800888
4 0.336042 0.807862
4.1 -0.125831 0.809793
4.2 -0.966259 0.802184
4.3 -1.75957 0.781301
4.4 -1.9406 0.752918
4.5 -1.98941 0.723464
4.6 -2.00139 0.693852
4.7 -1.99964 0.66428
4.8 -1.9927 0.634816
4.9 -1.98381 0.605483
5 -1.97418 0.576291
5.1 -1.96424 0.547246
5.2 -1.95414 0.518349
5.3 -1.94393 0.489601
5.4 -1.93362 0.461005
5.5 -1.92321 0.432562
5.6 -1.91271 0.404274
5.7 -1.9021 0.37614
5.8 -1.89139 0.348165
5.9 -1.88058 0.320347
6 -1.86965 0.292691
6.1 -1.85861 0.265196
6.2 -1.84745 0.237864
6.3 -1.83617 0.210699
6.4 -1.82477 0.1837
6.5 -1.81323 0.156871
6.6 -1.80156 0.130213
6.7 -1.78975 0.103728
6.8 -1.77779 0.0774184
6.9 -1.76568 0.0512862
7 -1.75342 0.0253338
7.1 -1.74098 -0.000436526
7.2 -1.72838 -0.0260222
7.3 -1.71559 -0.0514206
7.4 -1.70262 -0.076629
7.5 -1.68945 -0.101645
7.6 -1.67607 -0.126465
7.7 -1.66247 -0.151086
7.8 -1.64865 -0.175504
7.9 -1.63458 -0.199717
8 -1.62025 -0.223721
8.1 -1.60566 -0.247511
8.2 -1.59077 -0.271084
8.3 -1.57558 -0.294436
8.4 -1.56007 -0.31756
8.5 -1.5442 -0.340454
8.6 -1.52796 -0.36311
8.7 -1.51131 -0.385524
8.8 -1.49423 -0.40769
8.9 -1.47667 -0.4296
9 -1.4586 -0.451247
9.1 -1.43997 -0.472624
9.2 -1.42072 -0.493721
9.3 -1.40078 -0.51453
9.4 -1.38008 -0.535039
9.5 -1.35852 -0.555236
9.6 -1.336 -0.575109
9.7 -1.31238 -0.594641
9.8 -1.2875 -0.613816
9.9 -1.26115 -0.632613
10 -1.23305 -0.651009
10.1 -1.20287 -0.668976
10.2 -1.17016 -0.68648
10.3 -1.13428 -0.703479
10.4 -1.09435 -0.71992
10.5 -1.0491 -0.735735
10.6 -0.996573 -0.750831
10.7 -0.933642 -0.765081
10.8 -0.854971 -0.778296
10.9 -0.75071 -0.790178
11 -0.600889 -0.800221
11.1 -0.360458 -0.807471
11.2 0.0788713 -0.809907
11.3 0.891227 -0.803232
11.4 1.72391 -0.783267
11.5 1.93294 -0.755139
11.6 1.98712 -0.72572
11.7 2.00101 -0.696112
11.8 1.99998 -0.666535
11.9 1.99331 -0.637061
12 1.98452 -0.607717
12.1 1.97493 -0.578515
12.2 1.96501 -0.549458
12.3 1.95492 -0.52055
12.4 1.94472 -0.491791
12.5 1.93441 -0.463183
12.6 1.92401 -0.434729
12.7 1.91351 -0.406428
12.8 1.90291 -0.378283
12.9 1.89221 -0.350295
13 1.8814 -0.322466
13.1 1.87049 -0.294796
13.2 1.85946 -0.267289
13.3 1.84831 -0.239945
13.4 1.83704 -0.212767
13.5 1.82564 -0.185756
13.6 1.81412 -0.158914
13.7 1.80246 -0.132242
13.8 1.79066 -0.105744
13.9 1.77871 -0.0794209
14 1.76661 -0.0532751
14.1 1.75436 -0.0273088
14.2 1.74194 -0.00152456
14.3 1.72935 0.0240753
14.4 1.71658 0.0494881
14.5 1.70362 0.0747111
14.6 1.69046 0.0997416
14.7 1.6771 0.124577
14.8 1.66352 0.149213
14.9 1.64971 0.173647
15 1.63566 0.197876
15.1 1.62136 0.221896
15.2 1.60678 0.245703
15.3 1.59192 0.269292
15.4 1.57676 0.292661
15.5 1.56126 0.315803
15.6 1.54542 0.338714
15.7 1.52921 0.361389
15.8 1.5126 0.383822
15.9 1.49555 0.406006
16 1.47803 0.427936
16.1 1.46 0.449604
16.2 1.44141 0.471002
16.3 1.42221 0.492121
16.4 1.40233 0.512952
16.5 1.38169 0.533484
16.6 1.3602 0.553705
16.7 1.33776 0.573603
16.8 1.31423 0.593162
16.9 1.28945 0.612365
17 1.26321 0.631192
17.1 1.23526 0.64962
17.2 1.20526 0.66762
17.3 1.17276 0.685161
17.4 1.13715 0.7022
17.5 1.09757 0.718686
17.6 1.05278 0.734551
17.7 1.0009 0.749707
17.8 0.938915 0.764027
17.9 0.861714 0.777329
18 0.759928 0.789327
18.1 0.614706 0.799537
18.2 0.383861 0.807051
18.3 -0.0340958 0.80997
18.4 -0.816629 0.804199
18.5 -1.68297 0.78519
18.6 -1.92497 0.757368
18.7 -1.98475 0.727987
18.8 -2.0006 0.698383
18.9 -2.00031 0.6688
19 -1.99391 0.639317
19.1 -1.98523 0.609963
19.2 -1.97568 0.58075
19.3 -1.96578 0.551682
19.4 -1.9557 0.522762
19.5 -1.9455 0.493991
19.6 -1.93521 0.465372
19.7 -1.92481 0.436906
19.8 -1.91432 0.408593
19.9 -1.90373 0.380436
20 -1.89304 0.352436
20.1 -1.88224 0.324594
20.2 -1.87133 0.296913
20.3 -1.86031 0.269393
20.4 -1.84917 0.242037
20.5 -1.83791 0.214846
20.6 -1.82652 0.187822
20.7 -1.81501 0.160966
20.8 -1.80336 0.134282
20.9 -1.79157 0.10777
21 -1.77963 0.0814337
21.1 -1.76755 0.0552742
21.2 -1.75531 0.0292941
21.3 -1.7429 0.00349576
21.4 -1.73032 -0.0221183
21.5 -1.71756 -0.0475455
21.6 -1.70462 -0.0727833
21.7 -1.69148 -0.0978286
21.8 -1.67813 -0.122679
21.9 -1.66457 -0.14733
22 -1.65078 -0.17178
22.1 -1.63675 -0.196025
22.2 -1.62246 -0.220061
22.3 -1.60791 -0.243884
22.4 -1.59307 -0.267491
22.5 -1.57793 -0.290876
22.6 -1.56246 -0.314036
22.7 -1.54665 -0.336965
22.8 -1.53047 -0.359658
22.9 -1.51389 -0.38211
23 -1.49687 -0.404314
23.1 -1.47939 -0.426263
23.2 -1.4614 -0.447951
23.3 -1.44286 -0.46937
23.4 -1.42371 -0.490511
23.5 -1.40388 -0.511364
23.6 -1.3833 -0.53192
23.7 -1.36188 -0.552166
23.8 -1.33952 -0.572089
23.9 -1.31608 -0.591674
24 -1.2914 -0.610905
24.1 -1.26528 -0.629762
24.2 -1.23748 -0.648221
24.3 -1.20764 -0.666256
24.4 -1.17535 -0.683833
24.5 -1.14 -0.700912
24.6 -1.10077 -0.717442
24.7 -1.05644 -0.733358
24.8 -1.00519 -0.748572
24.9 -0.944125 -0.762962
25 -0.868349 -0.77635
25.1 -0.768944 -0.788462
25.2 -0.62811 -0.798833
25.3 -0.406333 -0.806604
25.4 -0.00862555 -0.809983
25.5 0.742866 -0.805086
25.6 1.63671 -0.787071
25.7 1.91685 -0.759606
25.8 1.98236 -0.730265
25.9 2.00017 -0.700665
26 2.00063 -0.671077
26.1 1.99452 -0.641585
26.2 1.98594 -0.612221
26.3 1.97643 -0.582996
26.4 1.96655 -0.553917
26.5 1.95648 -0.524985
26.6 1.94629 -0.496203
26.7 1.936 -0.467572
26.8 1.92562 -0.439094
26.9 1.91513 -0.41077
27 1.90455 -0.382601
27.1 1.89387 -0.354588
27.2 1.88307 -0.326735
27.3 1.87217 -0.299041
27.4 1.86116 -0.271508
27.5 1.85003 -0.244139
27.6 1.83878 -0.216935
27.7 1.8274 -0.189898
27.8 1.8159 -0.16303
27.9 1.80426 -0.136332
28 1.79248 -0.109807
28.1 1.78056 -0.0834571
28.2 1.76849 -0.0572839
28.3 1.75625 -0.0312899
28.4 1.74386 -0.00547748
28.5 1.7313 0.0201509
28.6 1.71855 0.0455926
28.7 1.70562 0.070845
28.8 1.6925 0.0959053
28.9 1.67917 0.120771
29 1.66562 0.145438
29.1 1.65185 0.169903
29.2 1.63784 0.194164
29.3 1.62357 0.218216
29.4 1.60904 0.242056
29.5 1.59423 0.265679
29.6 1.57911 0.289082
29.7 1.56367 0.312259
29.8 1.54788 0.335206
29.9 1.53173 0.357918
30 1.51518 0.380388
30.1 1.4982 0.402612
30.2 1.48076 0.424581
30.3 1.46281 0.446289
30.4 1.44431 0.467729
30.5 1.4252 0.488892
30.6 1.40543 0.509768
30.7 1.38491 0.530346
30.8 1.36356 0.550617
30.9 1.34128 0.570565
31 1.31793 0.590177
31.1 1.29335 0.609436
31.2 1.26735 0.628322
31.3 1.23969 0.646813
31.4 1.21002 0.664881
31.5 1.17794 0.682495
31.6 1.14285 0.699614
31.7 1.10396 0.716189
31.8 1.06007 0.732155
31.9 1.00944 0.747427
32 0.949275 0.761886
32.1 0.874879 0.77536
32.2 0.777766 0.787583
32.3 0.641123 0.798112
32.4 0.427928 0.806129
32.5 0.0493787 0.809949
32.6 -0.670363 0.805892
32.7 -1.58525 0.788904
32.8 -1.90862 0.761854
32.9 -1.97996 0.732552
33 -1.99974 0.702957
33.1 -2.00096 0.673363
33.2 -1.99512 0.643862
33.3 -1.98665 0.614487
33.4 -1.97719 0.585252
33.5 -1.96732 0.556161
33.6 -1.95726 0.527218
33.7 -1.94708 0.498425
33.8 -1.9368 0.469782
33.9 -1.92642 0.441292
34 -1.91595 0.412956
34.1 -1.90537 0.384774
34.2 -1.8947 0.35675
34.3 -1.88391 0.328884
34.4 -1.87302 0.301177
34.5 -1.86202 0.273633
34.6 -1.8509 0.246251
34.7 -1.83965 0.219034
34.8 -1.82829 0.191984
34.9 -1.81679 0.165103
35 -1.80517 0.138392
35.1 -1.7934 0.111853
35.2 -1.78149 0.0854895
35.3 -1.76942 0.0593025
35.4 -1.75721 0.0332945
35.5 -1.74483 0.00746795
35.6 -1.73227 -0.0181747
35.7 -1.71955 -0.043631
35.8 -1.70663 -0.0688982
35.9 -1.69352 -0.0939734
36 -1.68021 -0.118854
36.1 -1.66668 -0.143536
36.2 -1.65292 -0.168018
36.3 -1.63893 -0.192294
36.4 -1.62469 -0.216363
36.5 -1.61018 -0.240219
36.6 -1.59538 -0.263859
36.7 -1.58029 -0.287279
36.8 -1.56487 -0.310474
36.9 -1.54912 -0.333439
37 -1.53299 -0.356169
37.1 -1.51647 -0.378659
37.2 -1.49953 -0.400901
37.3 -1.48212 -0.42289
37.4 -1.46422 -0.444619
37.5 -1.44576 -0.46608
37.6 -1.42671 -0.487265
37.7 -1.40699 -0.508163
37.8 -1.38653 -0.528765
37.9 -1.36525 -0.54906
38 -1.34304 -0.569033
38.1 -1.31977 -0.588672
38.2 -1.2953 -0.607959
38.3 -1.26942 -0.626875
38.4 -1.24189 -0.645397
38.5 -1.2124 -0.663499
38.6 -1.18052 -0.68115
38.7 -1.14569 -0.698309
38.8 -1.10712 -0.714928
38.9 -1.06368 -0.730943
39 -1.01366 -0.746272
39.1 -0.954361 -0.760799
39.2 -0.881302 -0.774358
39.3 -0.786396 -0.786691
39.4 -0.653752 -0.797373
39.5 -0.448675 -0.805629
39.6 -0.0882117 -0.80987
39.7 0.599556 -0.806619
39.8 1.52887 -0.790682
39.9 1.90017 -0.764104
40 1.97753 -0.734845
40.1 1.9993 -0.705255
40.2 2.00127 -0.675656
40.3 1.99573 -0.646145
40.4 1.98736 -0.61676
40.5 1.97794 -0.587513
40.6 1.96809 -0.558411
40.7 1.95805 -0.529457
40.8 1.94788 -0.500652
40.9 1.9376 -0.471997
41 1.92723 -0.443495
41.1 1.91676 -0.415147
41.2 1.9062 -0.386953
41.3 1.89553 -0.358917
41.4 1.88475 -0.331038
41.5 1.87387 -0.30332
41.6 1.86287 -0.275762
41.7 1.85176 -0.248368
41.8 1.84053 -0.221138
41.9 1.82917 -0.194075
42 1.81769 -0.167181
42.1 1.80607 -0.140456
42.2 1.79432 -0.113904
42.3 1.78242 -0.087527
42.4 1.77037 -0.0613262
42.5 1.75816 -0.0353043
42.6 1.74579 -0.00946359
42.7 1.73325 0.0161934
42.8 1.72054 0.0416643
42.9 1.70764 0.0669462
43 1.69454 0.0920364
43.1 1.68125 0.116932
43.2 1.66774 0.14163
43.3 1.654 0.166127
43.4 1.64003 0.19042
43.5 1.6258 0.214504
43.6 1.61131 0.238377
43.7 1.59654 0.262034
43.8 1.58147 0.285472
43.9 1.56608 0.308684
44 1.55035 0.331667
44.1 1.53426 0.354416
44.2 1.51777 0.376924
44.3 1.50086 0.399186
44.4 1.48349 0.421195
44.5 1.46562 0.442944
44.6 1.44721 0.464426
44.7 1.42821 0.485632
44.8 1.40854 0.506553
44.9 1.38814 0.527179
45 1.36693 0.547498
45.1 1.3448 0.567497
45.2 1.32162 0.587162
45.3 1.29724 0.606477
45.4 1.27148 0.625422
45.5 1.24409 0.643976
45.6 1.21477 0.662112
45.7 1.18309 0.679798
45.8 1.14851 0.696997
45.9 1.11027 0.71366
46 1.06726 0.729725
46.1 1.01782 0.745111
46.2 0.959376 0.759705
46.3 0.88761 0.773346
46.4 0.794825 0.785786
46.5 0.665993 0.796618
46.6 0.468584 0.805104
46.7 0.125149 0.809747
46.8 -0.53087 0.807267
46.9 -1.46801 0.792399
47 -1.89118 0.766349
47.1 -1.97495 0.737137
47.2 -1.9988 0.707553
47.3 -2.00157 0.677948
47.4 -1.99632 0.648429
47.5 -1.98807 0.619033
47.6 -1.97869 0.589775
47.7 -1.96887 0.560662
47.8 -1.95883 0.531696
47.9 -1.94867 0.502879
48 -1.9384 0.474213
48.1 -1.92804 0.445699
48.2 -1.91758 0.417338
48.3 -1.90702 0.389133
48.4 -1.89636 0.361084
48.5 -1.88559 0.333193
48.6 -1.87472 0.305462
48.7 -1.86373 0.277892
48.8 -1.85263 0.250485
48.9 -1.84141 0.223243
49 -1.83006 0.196167
49.1 -1.81859 0.169259
49.2 -1.80698 0.142521
49.3 -1.79523 0.115956
49.4 -1.78334 0.0895651
49.5 -1.7713 0.0633506
49.6 -1.75911 0.0373147
49.7 -1.74676 0.0114599
49.8 -1.73423 -0.0142115
49.9 -1.72153 -0.0396968
50 -1.70865 -0.0649935
50.1 -1.69557 -0.0900987
50.2 -1.68229 -0.115009
50.3 -1.66879 -0.139723
50.4 -1.65507 -0.164236
50.5 -1.64112 -0.188544
50.6 -1.62691 -0.212645
50.7 -1.61244 -0.236535
50.8 -1.5977 -0.260209
50.9 -1.58265 -0.283663
51 -1.56729 -0.306893
51.1 -1.55158 -0.329894
51.2 -1.53552 -0.352661
51.3 -1.51906 -0.375188
51.4 -1.50219 -0.397469
51.5 -1.48485 -0.419498
51.6 -1.46703 -0.441268
51.7 -1.44866 -0.462771
51.8 -1.4297 -0.483999
51.9 -1.41009 -0.504942
52 -1.38975 -0.525591
52.1 -1.3686 -0.545934
52.2 -1.34655 -0.565958
52.3 -1.32345 -0.58565
52.4 -1.29918 -0.604993
52.5 -1.27353 -0.623968
52.6 -1.24628 -0.642552
52.7 -1.21712 -0.660722
52.8 -1.18564 -0.678444
52.9 -1.15131 -0.695682
53 -1.11339 -0.712389
53.1 -1.0708 -0.728503
53.2 -1.02193 -0.743945
53.3 -0.964312 -0.758606
53.4 -0.893795 -0.772328
53.5 -0.803042 -0.784873
53.6 -0.677839 -0.79585
53.7 -0.487662 -0.804557
53.8 -0.160214 -0.809583
53.9 0.464671 -0.807837
54 1.40324 -0.794044
54.1 1.88113 -0.76858
54.2 1.97209 -0.739422
54.3 1.9982 -0.709844
54.4 2.00182 -0.680235
54.5 1.9969 -0.650707
54.6 1.98877 -0.621301
54.7 1.97944 -0.592032
54.8 1.96964 -0.562907
54.9 1.95961 -0.53393
55 1.94946 -0.505101
55.1 1.9392 -0.476424
55.2 1.92884 -0.447898
55.3 1.91839 -0.419526
55.4 1.90784 -0.391308
55.5 1.89719 -0.363247
55.6 1.88643 -0.335344
55.7 1.87556 -0.307601
55.8 1.86458 -0.280018
55.9 1.85349 -0.252598
56 1.84228 -0.225343
56.1 1.83094 -0.198254
56.2 1.81948 -0.171333
56.3 1.80788 -0.144583
56.4 1.79615 -0.118004
56.5 1.78427 -0.0915993
56.6 1.77224 -0.065371
56.7 1.76006 -0.0393212
56.8 1.74772 -0.0134523
56.9 1.73521 0.0122333
57 1.72252 0.0377331
57.1 1.70965 0.0630445
57.2 1.69659 0.0881646
57.3 1.68332 0.113091
57.4 1.66984 0.137819
57.5 1.65614 0.162348
57.6 1.64221 0.186672
57.7 1.62802 0.210789
57.8 1.61357 0.234695
57.9 1.59885 0.258386
58 1.58382 0.281858
58.1 1.56849 0.305105
58.2 1.55281 0.328124
58.3 1.53677 0.350909
58.4 1.52035 0.373455
58.5 1.50351 0.395756
58.6 1.48621 0.417804
58.7 1.46843 0.439594
58.8 1.4501 0.461118
58.9 1.43119 0.482368
59 1.41163 0.503333
59.1 1.39135 0.524005
59.2 1.37027 0.544372
59.3 1.34829 0.564422
59.4 1.32528 0.58414
59.5 1.3011 0.60351
59.6 1.27557 0.622514
59.7 1.24845 0.64113
59.8 1.21945 0.659332
59.9 1.18817 0.677091
60 1.15409 0.694368
60.1 1.11647 0.711117
60.2 1.07429 0.72728
60.3 1.02599 0.742777
60.4 0.96916 0.757503
60.5 0.899846 0.771305
60.6 0.811041 0.783953
60.7 0.689285 0.795071
60.8 0.505919 0.80399
60.9 0.193444 0.809381
61 -0.401237 0.808332
61.1 -1.3352 0.795612
61.2 -1.86937 0.770786
61.3 -1.96875 0.741694
61.4 -1.99742 0.712126
61.5 -2.002 0.682513
61.6 -1.99745 0.652977
61.7 -1.98946 0.62356
61.8 -1.98019 0.59428
61.9 -1.9704 0.565145
62 -1.96039 0.536156
62.1 -1.95024 0.507316
62.2 -1.93999 0.478626
62.3 -1.92964 0.450089
62.4 -1.9192 0.421705
62.5 -1.90866 0.393475
62.6 -1.89801 0.365402
62.7 -1.88726 0.337487
62.8 -1.8764 0.309731
62.9 -1.86543 0.282136
63 -1.85435 0.254704
63.1 -1.84314 0.227436
63.2 -1.83182 0.200334
63.3 -1.82036 0.1734
63.4 -1.80878 0.146636
63.5 -1.79705 0.120044
63.6 -1.78519 0.0936261
63.7 -1.77317 0.0673842
63.8 -1.761 0.0413206
63.9 -1.74867 0.0154376
64 -1.73618 -0.0102622
64.1 -1.7235 -0.0357764
64.2 -1.71065 -0.0611024
64.3 -1.6976 -0.0862373
64.4 -1.68435 -0.111178
64.5 -1.67089 -0.135922
64.6 -1.6572 -0.160466
64.7 -1.64329 -0.184807
64.8 -1.62912 -0.20894
64.9 -1.61469 -0.232862
65 -1.59999 -0.25657
65.1 -1.58499 -0.280058
65.2 -1.56968 -0.303323
65.3 -1.55403 -0.32636
65.4 -1.53802 -0.349163
65.5 -1.52163 -0.371728
65.6 -1.50482 -0.394047
65.7 -1.48756 -0.416116
65.8 -1.46981 -0.437926
65.9 -1.45153 -0.459471
66 -1.43267 -0.480741
66.1 -1.41316 -0.501729
66.2 -1.39294 -0.522424
66.3 -1.37192 -0.542815
66.4 -1.35001 -0.56289
66.5 -1.32709 -0.582634
66.6 -1.30301 -0.602032
66.7 -1.27759 -0.621064
66.8 -1.2506 -0.639711
66.9 -1.22176 -0.657946
67 -1.19067 -0.67574
67.1 -1.15682 -0.693056
67.2 -1.11951 -0.709848
67.3 -1.07773 -0.726058
67.4 -1.02997 -0.74161
67.5 -0.973915 -0.7564
67.6 -0.905759 -0.77028
67.7 -0.818818 -0.783027
67.8 -0.700335 -0.794282
67.9 -0.523377 -0.803406
68 -0.224904 -0.809142
68.1 0.340723 -0.808753
68.2 1.26458 -0.797095
68.3 1.85514 -0.77296
68.4 1.96476 -0.743951
68.5 1.99639 -0.714396
68.6 2.0021 -0.684781
68.7 1.99797 -0.655236
68.8 1.99014 -0.62581
68.9 1.98092 -0.596519
69 1.97116 -0.567372
69.1 1.96116 -0.538372
69.2 1.95103 -0.50952
69.3 1.94078 -0.480819
69.4 1.93044 -0.45227
69.5 1.92 -0.423874
69.6 1.90947 -0.395633
69.7 1.89883 -0.367548
69.8 1.88809 -0.33962
69.9 1.87724 -0.311852
70 1.86628 -0.284245
70.1 1.8552 -0.2568
70.2 1.84401 -0.229519
70.3 1.83269 -0.202405
70.4 1.82125 -0.175458
70.5 1.80967 -0.148681
70.6 1.79796 -0.122076
70.7 1.7861 -0.0956442
70.8 1.7741 -0.0693887
70.9 1.76194 -0.0433114
71 1.74962 -0.0174145
71.1 1.73714 0.00829943
71.2 1.72448 0.033828
71.3 1.71164 0.0591684
71.4 1.6986 0.0843181
71.5 1.68537 0.109274
71.6 1.67193 0.134033
71.7 1.65826 0.158593
71.8 1.64436 0.182949
71.9 1.63022 0.207098
72 1.61581 0.231037
72.1 1.60113 0.254761
72.2 1.58615 0.278266
72.3 1.57086 0.301549
72.4 1.55524 0.324603
72.5 1.53926 0.347424
72.6 1.5229 0.370007
72.7 1.50612 0.392346
72.8 1.4889 0.414434
72.9 1.47119 0.436264
73 1.45295 0.457829
73.1 1.43414 0.479121
73.2 1.41468 0.500131
73.3 1.39452 0.520849
73.4 1.37356 0.541264
73.5 1.35173 0.561363
73.6 1.32889 0.581133
73.7 1.3049 0.600558
73.8 1.27959 0.619619
73.9 1.25273 0.638296
74 1.22404 0.656564
74.1 1.19314 0.674393
74.2 1.15953 0.691747
74.3 1.12252 0.708581
74.4 1.08112 0.724838
74.5 1.03389 0.740444
74.6 0.978578 0.755297
74.7 0.911536 0.769253
74.8 0.826377 0.782098
74.9 0.711004 0.793484
75 0.540077 0.802804
75.1 0.254693 0.808871
75.2 -0.283164 0.809105
75.3 -1.19202 0.798491
75.4 -1.83774 0.775094
75.5 -1.95999 0.746192
75.6 -1.99509 0.716655
75.7 -2.00208 0.687038
75.8 -1.99845 0.657486
75.9 -1.9908 0.62805
76 -1.98165 0.598749
76.1 -1.97192 0.56959
76.2 -1.96193 0.540579
76.3 -1.9518 0.511716
76.4 -1.94157 0.483003
76.5 -1.93123 0.454443
76.6 -1.9208 0.426035
76.7 -1.91027 0.397782
76.8 -1.89964 0.369685
76.9 -1.88891 0.341745
77 -1.87807 0.313965
77.1 -1.86712 0.286345
77.2 -1.85605 0.258888
77.3 -1.84487 0.231595
77.4 -1.83356 0.204467
77.5 -1.82212 0.177508
77.6 -1.81056 0.150718
77.7 -1.79886 0.124099
77.8 -1.78701 0.0976545
77.9 -1.77502 0.0713855
78 -1.76287 0.0452944
78.1 -1.75057 0.0193837
78.2 -1.7381 -0.00634425
78.3 -1.72545 -0.031887
78.4 -1.71262 -0.0572419
78.5 -1.69961 -0.0824063
78.6 -1.68639 -0.107377
78.7 -1.67296 -0.132151
78.8 -1.65931 -0.156726
78.9 -1.64543 -0.181098
79 -1.6313 -0.205263
79.1 -1.61692 -0.229218
79.2 -1.60226 -0.252959
79.3 -1.5873 -0.276481
79.4 -1.57204 -0.29978
79.5 -1.55645 -0.322852
79.6 -1.54049 -0.345692
79.7 -1.52416 -0.368293
79.8 -1.50742 -0.39065
79.9 -1.49023 -0.412758
80 -1.47256 -0.434608
80.1 -1.45436 -0.456194
80.2 -1.43559 -0.477507
80.3 -1.41619 -0.498539
80.4 -1.39608 -0.519279
80.5 -1.37519 -0.539717
80.6 -1.35343 -0.559841
80.7 -1.33067 -0.579637
80.8 -1.30677 -0.599088
80.9 -1.28157 -0.618178
81 -1.25484 -0.636886
81.1 -1.2263 -0.655186
81.2 -1.19559 -0.673049
81.3 -1.1622 -0.690441
81.4 -1.12548 -0.707316
81.5 -1.08446 -0.72362
81.6 -1.03774 -0.739278
81.7 -0.983152 -0.754193
81.8 -0.917184 -0.768224
81.9 -0.833733 -0.781164
82 -0.721315 -0.792678
82.1 -0.556073 -0.802188
82.2 -0.282935 -0.808568
82.3 0.228491 -0.809393
82.4 1.11813 -0.799799
82.5 1.81651 -0.777187
82.6 1.95437 -0.74842
82.7 1.99348 -0.718905
82.8 2.00196 -0.689289
82.9 1.99888 -0.65973
83 1.99144 -0.630284
83.1 1.98237 -0.600972
83.2 1.97267 -0.571803
83.3 1.9627 -0.54278
83.4 1.95258 -0.513906
83.5 1.94235 -0.485182
83.6 1.93202 -0.45661
83.7 1.9216 -0.42819
83.8 1.91108 -0.399925
83.9 1.90046 -0.371816
84 1.88973 -0.343865
84.1 1.8789 -0.316072
84.2 1.86795 -0.28844
84.3 1.8569 -0.260971
84.4 1.84572 -0.233665
84.5 1.83442 -0.206525
84.6 1.823 -0.179552
84.7 1.81144 -0.152749
84.8 1.79975 -0.126118
84.9 1.78792 -0.0996597
85 1.77594 -0.0733772
85.1 1.7638 -0.0472726
85.2 1.75151 -0.0213481
85.3 1.73905 0.0043939
85.4 1.72642 0.0299508
85.5 1.71361 0.0553201
85.6 1.7006 0.0804991
85.7 1.6874 0.105485
85.8 1.67399 0.130274
85.9 1.66036 0.154864
86 1.6465 0.179251
86.1 1.63239 0.203432
86.2 1.61802 0.227403
86.3 1.60338 0.251161
86.4 1.58845 0.2747
86.5 1.57321 0.298016
86.6 1.55764 0.321106
86.7 1.54172 0.343963
86.8 1.52542 0.366583
86.9 1.50871 0.388959
87 1.49155 0.411085
87.1 1.47392 0.432955
87.2 1.45577 0.454561
87.3 1.43704 0.475896
87.4 1.41769 0.496949
87.5 1.39764 0.517712
87.6 1.37681 0.538174
87.7 1.35512 0.558322
87.8 1.33244 0.578143
87.9 1.30863 0.597621
88 1.28354 0.61674
88.1 1.25693 0.635477
88.2 1.22854 0.653809
88.3 1.19801 0.671707
88.4 1.16485 0.689135
88.5 1.12841 0.706052
88.6 1.08776 0.722401
88.7 1.04154 0.738112
88.8 0.987648 0.753088
88.9 0.922716 0.767192
89 0.840904 0.780224
89.1 0.731303 0.791863
89.2 0.57143 0.801555
89.3 0.309771 0.808235
89.4 -0.176557 0.809619
89.5 -1.04343 0.801019
89.6 -1.7909 0.779238
89.7 -1.94794 0.750639
89.8 -1.9916 0.721152
89.9 -2.00172 0.691537
90 -1.99927 0.661972
90.1 -1.99207 0.632517
90.2 -1.98308 0.603194
90.3 -1.97341 0.574014
90.4 -1.96346 0.54498
90.5 -1.95335 0.516095
90.6 -1.94313 0.487359
90.7 -1.93281 0.458775
90.8 -1.9224 0.430344
90.9 -1.91188 0.402068
91 -1.90127 0.373947
91.1 -1.89055 0.345983
91.2 -1.87972 0.318178
91.3 -1.86879 0.290534
91.4 -1.85774 0.263052
91.5 -1.84657 0.235734
91.6 -1.83529 0.208581
91.7 -1.82387 0.181596
91.8 -1.81233 0.15478
91.9 -1.80064 0.128135
92 -1.78882 0.101664
92.1 -1.77685 0.0753681
92.2 -1.76473 0.0492499
92.3 -1.75245 0.0233116
92.4 -1.74001 -0.00244434
92.5 -1.72739 -0.0280154
92.6 -1.71459 -0.0533991
92.7 -1.7016 -0.0785926
92.8 -1.68841 -0.103593
92.9 -1.67502 -0.128397
93 -1.6614 -0.153003
93.1 -1.64756 -0.177405
93.2 -1.63347 -0.201602
93.3 -1.61912 -0.225589
93.4 -1.60451 -0.249363
93.5 -1.5896 -0.272919
93.6 -1.57438 -0.296252
93.7 -1.55884 -0.319359
93.8 -1.54294 -0.342234
93.9 -1.52667 -0.364872
94 -1.50999 -0.387267
94.1 -1.49287 -0.409413
94.2 -1.47528 -0.431303
94.3 -1.45717 -0.452929
94.4 -1.43849 -0.474284
94.5 -1.41918 -0.495359
94.6 -1.39919 -0.516145
94.7 -1.37842 -0.53663
94.8 -1.3568 -0.556802
94.9 -1.3342 -0.576649
95 -1.31049 -0.596154
95.1 -1.2855 -0.6153
95.2 -1.25901 -0.634067
95.3 -1.23077 -0.652431
95.4 -1.20041 -0.670363
95.5 -1.16747 -0.687828
95.6 -1.13131 -0.704786
95.7 -1.09102 -0.72118
95.8 -1.04529 -0.736943
95.9 -0.992077 -0.751978
96 -0.928148 -0.766155
96.1 -0.847913 -0.779278
96.2 -0.741003 -0.791038
96.3 -0.586217 -0.800906
96.4 -0.335345 -0.807873
96.5 0.127174 -0.809789
96.6 0.968354 -0.802153
96.7 1.76049 -0.781246
96.8 1.94081 -0.752856
96.9 1.98947 -0.723401
97 2.0014 -0.693789
97.1 1.99963 -0.664218
97.2 1.99268 -0.634753
97.3 1.98379 -0.605421
97.4 1.97416 -0.576229
97.5 1.96422 -0.547184
97.6 1.95412 -0.518287
97.7 1.94391 -0.48954
97.8 1.9336 -0.460945
97.9 1.92319 -0.432502
98 1.91268 -0.404214
98.1 1.90208 -0.376081
98.2 1.89137 -0.348105
98.3 1.88055 -0.320288
98.4 1.86963 -0.292632
98.5 1.85859 -0.265137
98.6 1.84743 -0.237807
98.7 1.83615 -0.210641
98.8 1.82474 -0.183643
98.9 1.81321 -0.156814
99 1.80154 -0.130157
99.1 1.78973 -0.103672
99.2 1.77777 -0.0773627
99.3 1.76566 -0.0512308
99.4 1.75339 -0.0252788
99.5 1.74096 0.0004911
99.6 1.72835 0.0260763
99.7 1.71557 0.0514744
99.8 1.70259 0.0766824
99.9 1.68942 0.101698
100 1.67604 0.126517
100.1 1.66245 0.151138
100.2 1.64862 0.175556
100.3 1.63455 0.199769
100.4 1.62022 0.223772
100.5 1.60563 0.247562
100.6 1.59074 0.271134
100.7 1.57555 0.294485
100.8 1.56003 0.317609
100.9 1.54417 0.340502
101 1.52792 0.363158
101.1 1.51128 0.385572
101.2 1.49419 0.407737
101.3 1.47664 0.429646
101.4 1.45856 0.451293
101.5 1.43993 0.472669
101.6 1.42067 0.493766
101.7 1.40073 0.514574
101.8 1.38003 0.535082
101.9 1.35848 0.555279
102 1.33595 0.57515
102.1 1.31233 0.594682
102.2 1.28745 0.613856
102.3 1.26109 0.632653
102.4 1.23299 0.651048
102.5 1.20281 0.669014
102.6 1.17009 0.686517
102.7 1.1342 0.703514
102.8 1.09426 0.719954
102.9 1.049 0.735767
103 0.996451 0.750862
103.1 0.933494 0.765111
103.2 0.854781 0.778322
103.3 0.75045 0.790201
103.4 0.600498 0.80024
103.5 0.359791 0.807482
103.6 -0.0801509 0.809904
103.7 -0.893315 0.803204
103.8 -1.72498 0.783212
103.9 -1.93316 0.755077
104 -1.98719 0.725657
104.1 -2.00102 0.696049
104.2 -1.99997 0.666472
104.3 -1.99329 0.636998
104.4 -1.9845 0.607655
104.5 -1.97491 0.578453
104.6 -1.96499 0.549396
104.7 -1.9549 0.520488
104.8 -1.94469 0.49173
104.9 -1.93439 0.463123
105 -1.92399 0.434668
105.1 -1.91349 0.406368
105.2 -1.90289 0.378223
105.3 -1.89219 0.350235
105.4 -1.88138 0.322406
105.5 -1.87046 0.294738
105.6 -1.85943 0.267231
105.7 -1.84828 0.239887
105.8 -1.83701 0.212709
105.9 -1.82562 0.185698
106 -1.81409 0.158856
106.1 -1.80243 0.132186
106.2 -1.79063 0.105688
106.3 -1.77869 0.0793649
106.4 -1.76659 0.0532195
106.5 -1.75433 0.0272536
106.6 -1.74191 0.00146973
106.7 -1.72932 -0.0241297
106.8 -1.71655 -0.0495421
106.9 -1.70359 -0.0747648
107 -1.69043 -0.0997948
107.1 -1.67707 -0.124629
107.2 -1.66349 -0.149265
107.3 -1.64968 -0.173699
107.4 -1.63563 -0.197927
107.5 -1.62133 -0.221947
107.6 -1.60675 -0.245753
107.7 -1.59189 -0.269342
107.8 -1.57672 -0.29271
107.9 -1.56123 -0.315852
108 -1.54539 -0.338763
108.1 -1.52918 -0.361437
108.2 -1.51256 -0.383869
108.3 -1.49551 -0.406054
108.4 -1.47799 -0.427983
108.5 -1.45996 -0.44965
108.6 -1.44137 -0.471047
108.7 -1.42217 -0.492165
108.8 -1.40228 -0.512996
108.9 -1.38164 -0.533527
109 -1.36015 -0.553748
109.1 -1.33771 -0.573645
109.2 -1.31418 -0.593203
109.3 -1.2894 -0.612406
109.4 -1.26316 -0.631232
109.5 -1.2352 -0.649659
109.6 -1.20519 -0.667658
109.7 -1.17269 -0.685198
109.8 -1.13707 -0.702236
109.9 -1.09748 -0.71872
110 -1.05268 -0.734584
110.1 -1.00078 -0.749738
110.2 -0.938769 -0.764056
110.3 -0.861528 -0.777356
110.4 -0.759674 -0.789351
110.5 -0.614326 -0.799556
110.6 -0.383221 -0.807063
110.7 0.0353164 -0.809969
110.8 0.8187 -0.804173
110.9 1.68418 -0.785137
111 1.9252 -0.757305
111.1 1.98482 -0.727923
111.2 2.00061 -0.698319
111.3 2.0003 -0.668737
111.4 1.99389 -0.639254
111.5 1.98521 -0.6099
111.6 1.97566 -0.580687
111.7 1.96575 -0.55162
111.8 1.95568 -0.5227
111.9 1.94548 -0.49393
112 1.93518 -0.465311
112.1 1.92479 -0.436845
112.2 1.9143 -0.408533
112.3 1.90371 -0.380376
112.4 1.89301 -0.352376
112.5 1.88221 -0.324535
112.6 1.87131 -0.296854
112.7 1.86028 -0.269334
112.8 1.84914 -0.241978
112.9 1.83788 -0.214788
113 1.8265 -0.187764
113.1 1.81498 -0.160909
113.2 1.80333 -0.134225
113.3 1.79154 -0.107714
113.4 1.77961 -0.0813774
113.5 1.76752 -0.0552183
113.6 1.75528 -0.0292386
113.7 1.74287 -0.00344063
113.8 1.73029 0.022173
113.9 1.71754 0.0475999
114 1.70459 0.0728372
114.1 1.69145 0.0978821
114.2 1.6781 0.122732
114.3 1.66454 0.147383
114.4 1.65075 0.171832
114.5 1.63672 0.196077
114.6 1.62243 0.220112
114.7 1.60788 0.243935
114.8 1.59304 0.267541
114.9 1.5779 0.290926
115 1.56243 0.314085
115.1 1.54662 0.337014
115.2 1.53043 0.359707
115.3 1.51385 0.382158
115.4 1.49684 0.404361
115.5 1.47935 0.42631
115.6 1.46137 0.447998
115.7 1.44282 0.469416
115.8 1.42366 0.490556
115.9 1.40383 0.511409
116 1.38325 0.531963
116.1 1.36183 0.552209
116.2 1.33947 0.572131
116.3 1.31603 0.591716
116.4 1.29135 0.610946
116.5 1.26523 0.629802
116.6 1.23741 0.64826
116.7 1.20758 0.666294
116.8 1.17528 0.68387
116.9 1.13992 0.700948
117 1.10068 0.717477
117.1 1.05634 0.733391
117.2 1.00507 0.748604
117.3 0.943981 0.762992
117.4 0.868165 0.776378
117.5 0.768695 0.788486
117.6 0.627741 0.798853
117.7 0.405718 0.806617
117.8 0.00746093 0.809983
117.9 -0.744909 0.805062
118 -1.63807 0.787019
118.1 -1.91707 0.759544
118.2 -1.98242 0.730201
118.3 -2.00018 0.700601
118.4 -2.00062 0.671013
118.5 -1.9945 0.641521
118.6 -1.98592 0.612157
118.7 -1.97641 0.582933
118.8 -1.96653 0.553854
118.9 -1.95646 0.524923
119 -1.94627 0.496141
119.1 -1.93598 0.467511
119.2 -1.92559 0.439033
119.3 -1.91511 0.410709
119.4 -1.90453 0.38254
119.5 -1.89384 0.354528
119.6 -1.88305 0.326675
119.7 -1.87215 0.298981
119.8 -1.86114 0.271449
119.9 -1.85001 0.244081
120 -1.83876 0.216877
120.1 -1.82738 0.18984
120.2 -1.81587 0.162972
120.3 -1.80424 0.136275
120.4 -1.79246 0.10975
120.5 -1.78053 0.0834006
120.6 -1.76846 0.0572277
120.7 -1.75623 0.0312341
120.8 -1.74383 0.00542207
120.9 -1.73127 -0.0202059
121 -1.71853 -0.0456472
121.1 -1.7056 -0.0708992
121.2 -1.69247 -0.0959591
121.3 -1.67914 -0.120824
121.4 -1.66559 -0.14549
121.5 -1.65182 -0.169956
121.6 -1.63781 -0.194216
121.7 -1.62354 -0.218268
121.8 -1.60901 -0.242107
121.9 -1.59419 -0.26573
122 -1.57908 -0.289132
122.1 -1.56363 -0.312309
122.2 -1.54785 -0.335255
122.3 -1.53169 -0.357967
122.4 -1.51514 -0.380436
122.5 -1.49816 -0.402659
122.6 -1.48072 -0.424628
122.7 -1.46277 -0.446336
122.8 -1.44427 -0.467775
122.9 -1.42516 -0.488937
123 -1.40539 -0.509812
123.1 -1.38487 -0.53039
123.2 -1.36352 -0.55066
123.3 -1.34123 -0.570608
123.4 -1.31787 -0.590219
123.5 -1.2933 -0.609477
123.6 -1.2673 -0.628362
123.7 -1.23962 -0.646852
123.8 -1.20996 -0.66492
123.9 -1.17787 -0.682533
124 -1.14277 -0.699651
124.1 -1.10387 -0.716224
124.2 -1.05997 -0.732189
124.3 -1.00932 -0.747459
124.4 -0.949132 -0.761916
124.5 -0.874698 -0.775387
124.6 -0.777523 -0.787608
124.7 -0.640765 -0.798132
124.8 -0.427337 -0.806143
124.9 -0.0482682 -0.809951
125 0.672364 -0.805871
125.1 1.58675 -0.788853
125.2 1.90885 -0.761791
125.3 1.98003 -0.732489
125.4 1.99976 -0.702893
125.5 2.00095 -0.6733
125.6 1.99511 -0.643799
125.7 1.98663 -0.614424
125.8 1.97716 -0.585189
125.9 1.9673 -0.556099
126 1.95724 -0.527156
126.1 1.94706 -0.498363
126.2 1.93678 -0.46972
126.3 1.9264 -0.441231
126.4 1.91593 -0.412894
126.5 1.90535 -0.384714
126.6 1.89467 -0.35669
126.7 1.88389 -0.328824
126.8 1.873 -0.301118
126.9 1.86199 -0.273573
127 1.85087 -0.246192
127.1 1.83963 -0.218976
127.2 1.82826 -0.191926
127.3 1.81677 -0.165045
127.4 1.80514 -0.138334
127.5 1.79337 -0.111796
127.6 1.78146 -0.0854327
127.7 1.7694 -0.0592461
127.8 1.75718 -0.0332385
127.9 1.7448 -0.00741234
128 1.73225 0.0182299
128.1 1.71952 0.0436858
128.2 1.7066 0.0689526
128.3 1.69349 0.0940274
128.4 1.68018 0.118907
128.5 1.66665 0.143589
128.6 1.65289 0.16807
128.7 1.6389 0.192346
128.8 1.62466 0.216414
128.9 1.61015 0.24027
129 1.59535 0.26391
129.1 1.58026 0.28733
129.2 1.56484 0.310524
129.3 1.54908 0.333489
129.4 1.53296 0.356218
129.5 1.51644 0.378707
129.6 1.49949 0.400949
129.7 1.48209 0.422938
129.8 1.46418 0.444666
129.9 1.44572 0.466126
130 1.42666 0.48731
130.1 1.40694 0.508208
130.2 1.38648 0.528809
130.3 1.3652 0.549103
130.4 1.34299 0.569076
130.5 1.31972 0.588714
130.6 1.29524 0.608
130.7 1.26936 0.626915
130.8 1.24183 0.645437
130.9 1.21233 0.663538
131 1.18045 0.681187
131.1 1.14561 0.698345
131.2 1.10704 0.714963
131.3 1.06358 0.730977
131.4 1.01354 0.746305
131.5 0.95422 0.76083
131.6 0.881124 0.774386
131.7 0.786158 0.786716
131.8 0.653404 0.797394
131.9 0.448107 0.805643
132 0.0871543 0.809873
132.1 -0.601504 0.8066
132.2 -1.53051 0.790634
132.3 -1.90041 0.764041
132.4 -1.9776 0.734781
132.5 -1.99931 0.705191
132.6 -2.00126 0.675592
132.7 -1.99571 0.646082
132.8 -1.98734 0.616696
132.9 -1.97792 0.58745
133 -1.96807 0.558348
133.1 -1.95803 0.529394
133.2 -1.94785 0.500589
133.3 -1.93758 0.471935
133.4 -1.92721 0.443434
133.5 -1.91674 0.415086
133.6 -1.90617 0.386893
133.7 -1.8955 0.358856
133.8 -1.88473 0.330978
133.9 -1.87385 0.30326
134 -1.86285 0.275703
134.1 -1.85174 0.248309
134.2 -1.84051 0.221079
134.3 -1.82915 0.194017
134.4 -1.81767 0.167123
134.5 -1.80605 0.140399
134.6 -1.79429 0.113847
134.7 -1.78239 0.0874701
134.8 -1.77034 0.0612697
134.9 -1.75813 0.0352482
135 -1.74576 0.0094079
135.1 -1.73323 -0.0162487
135.2 -1.72051 -0.0417191
135.3 -1.70761 -0.0670006
135.4 -1.69452 -0.0920905
135.5 -1.68122 -0.116986
135.6 -1.66771 -0.141683
135.7 -1.65397 -0.16618
135.8 -1.64 -0.190472
135.9 -1.62577 -0.214556
136 -1.61128 -0.238429
136.1 -1.59651 -0.262085
136.2 -1.58144 -0.285522
136.3 -1.56605 -0.308734
136.4 -1.55032 -0.331717
136.5 -1.53422 -0.354465
136.6 -1.51773 -0.376972
136.7 -1.50082 -0.399234
136.8 -1.48345 -0.421242
136.9 -1.46559 -0.442991
137 -1.44717 -0.464472
137.1 -1.42816 -0.485678
137.2 -1.4085 -0.506598
137.3 -1.3881 -0.527223
137.4 -1.36688 -0.547541
137.5 -1.34475 -0.56754
137.6 -1.32157 -0.587204
137.7 -1.29719 -0.606518
137.8 -1.27142 -0.625463
137.9 -1.24403 -0.644016
138 -1.2147 -0.66215
138.1 -1.18302 -0.679836
138.2 -1.14844 -0.697034
138.3 -1.11018 -0.713695
138.4 -1.06716 -0.729759
138.5 -1.01771 -0.745143
138.6 -0.959237 -0.759736
138.7 -0.887436 -0.773375
138.8 -0.794592 -0.785812
138.9 -0.665657 -0.79664
139 -0.46804 -0.805119
139.1 -0.124145 -0.809751
139.2 0.532753 -0.80725
139.3 1.46977 -0.792352
139.4 1.89145 -0.766287
139.5 1.97503 -0.737074
139.6 1.99882 -0.707489
139.7 2.00156 -0.677884
139.8 1.99631 -0.648365
139.9 1.98805 -0.618969
140 1.97867 -0.589712
140.1 1.96885 -0.560599
140.2 1.95881 -0.531633
140.3 1.94865 -0.502817
140.4 1.93838 -0.474151
140.5 1.92802 -0.445637
140.6 1.91756 -0.417277
140.7 1.907 -0.389072
140.8 1.89633 -0.361024
140.9 1.88557 -0.333133
141 1.87469 -0.305402
141.1 1.86371 -0.277833
141.2 1.8526 -0.250426
141.3 1.84138 -0.223184
141.4 1.83003 -0.196108
141.5 1.81856 -0.169201
141.6 1.80695 -0.142464
141.7 1.79521 -0.115899
141.8 1.78332 -0.0895083
141.9 1.77128 -0.0632941
142 1.75908 -0.0372586
142.1 1.74673 -0.0114042
142.2 1.7342 0.0142667
142.3 1.7215 0.0397517
142.4 1.70862 0.0650479
142.5 1.69554 0.0901527
142.6 1.68226 0.115063
142.7 1.66876 0.139776
142.8 1.65504 0.164288
142.9 1.64109 0.188596
143 1.62688 0.212697
143.1 1.61241 0.236586
143.2 1.59766 0.26026
143.3 1.58262 0.283713
143.4 1.56725 0.306943
143.5 1.55155 0.329944
143.6 1.53548 0.35271
143.7 1.51903 0.375236
143.8 1.50215 0.397517
143.9 1.48482 0.419546
144 1.46699 0.441315
144.1 1.44862 0.462817
144.2 1.42966 0.484044
144.3 1.41005 0.504987
144.4 1.38971 0.525635
144.5 1.36856 0.545978
144.6 1.3465 0.566001
144.7 1.3234 0.585692
144.8 1.29913 0.605034
144.9 1.27348 0.624008
145 1.24622 0.642592
145.1 1.21705 0.66076
145.2 1.18557 0.678482
145.3 1.15124 0.695719
145.4 1.1133 0.712424
145.5 1.0707 0.728537
145.6 1.02182 0.743978
145.7 0.964176 0.758637
145.8 0.893624 0.772357
145.9 0.802816 0.784899
146 0.677514 0.795872
146.1 0.487142 0.804573
146.2 0.159261 0.809588
146.3 -0.466481 0.807823
146.4 -1.4051 0.794
146.5 -1.88144 0.768518
146.6 -1.97218 0.739359
146.7 -1.99822 0.709781
146.8 -2.00181 0.680171
146.9 -1.99689 0.650643
147 -1.98876 0.621238
147.1 -1.97942 0.591969
147.2 -1.96962 0.562845
147.3 -1.95959 0.533868
147.4 -1.94944 0.505039
147.5 -1.93918 0.476362
147.6 -1.92882 0.447837
147.7 -1.91837 0.419465
147.8 -1.90782 0.391248
147.9 -1.89716 0.363187
148 -1.8864 0.335284
148.1 -1.87554 0.307541
148.2 -1.86456 0.279959
148.3 -1.85347 0.252539
148.4 -1.84225 0.225285
148.5 -1.83092 0.198196
148.6 -1.81945 0.171275
148.7 -1.80785 0.144525
148.8 -1.79612 0.117947
148.9 -1.78424 0.0915426
149 -1.77222 0.0653147
149.1 -1.76003 0.0392653
149.2 -1.74769 0.0133968
149.3 -1.73518 -0.0122884
149.4 -1.72249 -0.0377878
149.5 -1.70962 -0.0630988
149.6 -1.69656 -0.0882185
149.7 -1.68329 -0.113144
149.8 -1.66981 -0.137872
149.9 -1.65611 -0.1624
150 -1.64217 -0.186724
150.1 -1.62799 -0.210841
150.2 -1.61354 -0.234746
150.3 -1.59881 -0.258437
150.4 -1.58379 -0.281908
150.5 -1.56845 -0.305155
150.6 -1.55278 -0.328174
150.7 -1.53674 -0.350958
150.8 -1.52031 -0.373503
150.9 -1.50347 -0.395803
151 -1.48617 -0.417852
151.1 -1.46839 -0.439641
151.2 -1.45006 -0.461164
151.3 -1.43115 -0.482413
151.4 -1.41159 -0.503378
151.5 -1.39131 -0.524049
151.6 -1.37022 -0.544416
151.7 -1.34824 -0.564465
151.8 -1.32523 -0.584182
151.9 -1.30105 -0.603552
152 -1.27551 -0.622555
152.1 -1.24839 -0.64117
152.2 -1.21938 -0.659371
152.3 -1.1881 -0.677129
152.4 -1.15401 -0.694405
152.5 -1.11639 -0.711153
152.6 -1.07419 -0.727314
152.7 -1.02587 -0.74281
152.8 -0.969026 -0.757534
152.9 -0.899679 -0.771334
153 -0.810821 -0.783979
153.1 -0.688971 -0.795093
153.2 -0.505421 -0.804006
153.3 -0.192541 -0.809387
153.4 0.402967 -0.808319
153.5 1.33714 -0.795569
153.6 1.86972 -0.770725
153.7 1.96885 -0.741631
153.8 1.99744 -0.712063
153.9 2.002 -0.68245
154 1.99744 -0.652913
154.1 1.98945 -0.623497
154.2 1.98016 -0.594218
154.3 1.97038 -0.565082
154.4 1.96037 -0.536094
154.5 1.95022 -0.507254
154.6 1.93997 -0.478565
154.7 1.92962 -0.450028
154.8 1.91918 -0.421644
154.9 1.90863 -0.393415
155 1.89799 -0.365342
155.1 1.88724 -0.337427
155.2 1.87638 -0.309672
155.3 1.86541 -0.282077
155.4 1.85432 -0.254645
155.5 1.84312 -0.227377
155.6 1.83179 -0.200276
155.7 1.82034 -0.173343
155.8 1.80875 -0.146579
155.9 1.79703 -0.119987
156 1.78516 -0.0935697
156.1 1.77315 -0.0673281
156.2 1.76098 -0.0412649
156.3 1.74865 -0.0153824
156.4 1.73615 0.0103171
156.5 1.72348 0.0358309
156.6 1.71062 0.0611564
156.7 1.69757 0.0862909
156.8 1.68432 0.111232
156.9 1.67086 0.135975
157 1.65717 0.160519
157.1 1.64326 0.184858
157.2 1.62909 0.208991
157.3 1.61466 0.232913
157.4 1.59996 0.25662
157.5 1.58496 0.280108
157.6 1.56965 0.303373
157.7 1.554 0.326409
157.8 1.53799 0.349212
157.9 1.52159 0.371776
158 1.50478 0.394095
158.1 1.48752 0.416163
158.2 1.46977 0.437972
158.3 1.45149 0.459517
158.4 1.43263 0.480787
158.5 1.41312 0.501774
158.6 1.3929 0.522468
158.7 1.37188 0.542859
158.8 1.34997 0.562932
158.9 1.32704 0.582676
159 1.30296 0.602073
159.1 1.27753 0.621105
159.2 1.25054 0.639751
159.3 1.22169 0.657985
159.4 1.1906 0.675778
159.5 1.15675 0.693092
159.6 1.11943 0.709883
159.7 1.07763 0.726092
159.8 1.02986 0.741643
159.9 0.973784 0.756431
160 0.905596 0.770309
160.1 0.818604 0.783053
160.2 0.700032 0.794304
160.3 0.522901 0.803422
160.4 0.22405 0.80915
160.5 -0.34237 0.808742
160.6 -1.26658 0.797055
160.7 -1.85558 0.772899
160.8 -1.96488 0.743888
160.9 -1.99643 0.714333
161 -2.00209 0.684717
161.1 -1.99796 0.655173
161.2 -1.99012 0.625747
161.3 -1.9809 0.596457
161.4 -1.97114 0.56731
161.5 -1.96114 0.53831
161.6 -1.951 0.509459
161.7 -1.94076 0.480758
161.8 -1.93042 0.452209
161.9 -1.91998 0.423814
162 -1.90944 0.395573
162.1 -1.89881 0.367488
162.2 -1.88806 0.339561
162.3 -1.87721 0.311793
162.4 -1.86625 0.284186
162.5 -1.85518 0.256742
162.6 -1.84398 0.229461
162.7 -1.83267 0.202347
162.8 -1.82122 0.175401
162.9 -1.80965 0.148624
163 -1.79793 0.122019
163.1 -1.78608 0.095588
163.2 -1.77407 0.0693329
163.3 -1.76192 0.043256
163.4 -1.7496 0.0173595
163.5 -1.73711 -0.00835406
163.6 -1.72445 -0.0338822
163.7 -1.71161 -0.0592223
163.8 -1.69858 -0.0843715
163.9 -1.68534 -0.109327
164 -1.6719 -0.134086
164.1 -1.65823 -0.158645
164.2 -1.64433 -0.183
164.3 -1.63019 -0.207149
164.4 -1.61578 -0.231087
164.5 -1.6011 -0.254811
164.6 -1.58612 -0.278316
164.7 -1.57083 -0.301598
164.8 -1.55521 -0.324652
164.9 -1.53923 -0.347473
165 -1.52286 -0.370055
165.1 -1.50609 -0.392393
165.2 -1.48886 -0.414481
165.3 -1.47115 -0.43631
165.4 -1.45291 -0.457875
165.5 -1.4341 -0.479167
165.6 -1.41464 -0.500176
165.7 -1.39447 -0.520893
165.8 -1.37352 -0.541307
165.9 -1.35168 -0.561406
166 -1.32884 -0.581175
166.1 -1.30485 -0.600599
166.2 -1.27953 -0.61966
166.3 -1.25267 -0.638336
166.4 -1.22398 -0.656603
166.5 -1.19307 -0.674431
166.6 -1.15945 -0.691783
166.7 -1.12243 -0.708616
166.8 -1.08103 -0.724872
166.9 -1.03378 -0.740476
167 -0.978449 -0.755328
167.1 -0.911376 -0.769282
167.2 -0.826169 -0.782124
167.3 -0.710711 -0.793506
167.4 -0.539621 -0.802821
167.5 -0.253883 -0.808879
167.6 0.28473 -0.809097
167.7 1.19407 -0.798453
167.8 1.83828 -0.775035
167.9 1.96013 -0.74613
168 1.99513 -0.716592
168.1 2.00208 -0.686975
168.2 1.99843 -0.657423
168.3 1.99078 -0.627987
168.4 1.98163 -0.598686
168.5 1.9719 -0.569529
168.6 1.96191 -0.540517
168.7 1.95178 -0.511655
168.8 1.94155 -0.482943
168.9 1.93121 -0.454382
169 1.92078 -0.425975
169.1 1.91025 -0.397722
169.2 1.89962 -0.369625
169.3 1.88889 -0.341686
169.4 1.87805 -0.313906
169.5 1.86709 -0.286287
169.6 1.85603 -0.25883
169.7 1.84484 -0.231537
169.8 1.83353 -0.20441
169.9 1.8221 -0.177451
170 1.81053 -0.150661
170.1 1.79883 -0.124043
170.2 1.78699 -0.0975985
170.3 1.77499 -0.0713298
170.4 1.76285 -0.0452392
170.5 1.75054 -0.0193289
170.6 1.73807 0.0063987
170.7 1.72543 0.0319411
170.8 1.7126 0.0572956
170.9 1.69958 0.0824595
171 1.68636 0.10743
171.1 1.67293 0.132204
171.2 1.65928 0.156778
171.3 1.6454 0.181149
171.4 1.63127 0.205314
171.5 1.61689 0.229269
171.6 1.60223 0.253009
171.7 1.58727 0.276531
171.8 1.57201 0.29983
171.9 1.55641 0.322901
172 1.54046 0.34574
172.1 1.52413 0.368341
172.2 1.50738 0.390698
172.3 1.49019 0.412804
172.4 1.47252 0.434654
172.5 1.45433 0.456239
172.6 1.43555 0.477552
172.7 1.41615 0.498583
172.8 1.39604 0.519323
172.9 1.37515 0.53976
173 1.35338 0.559884
173.1 1.33062 0.579678
173.2 1.30672 0.599129
173.3 1.28152 0.618219
173.4 1.25478 0.636925
173.5 1.22624 0.655224
173.6 1.19552 0.673087
173.7 1.16213 0.690477
173.8 1.1254 0.707351
173.9 1.08437 0.723654
174 1.03763 0.739311
174.1 0.983026 0.754224
174.2 0.917028 0.768253
174.3 0.833531 0.78119
174.4 0.721032 0.792701
174.5 0.555636 0.802205
174.6 0.282167 0.808577
174.7 -0.229978 0.809386
174.8 -1.12021 0.799764
174.9 -1.81716 0.77713
175 -1.95454 0.748358
175.1 -1.99353 0.718843
175.2 -2.00196 0.689226
175.3 -1.99887 0.659667
175.4 -1.99142 0.630222
175.5 -1.98235 0.60091
175.6 -1.97265 0.571741
175.7 -1.96267 0.542719
175.8 -1.95256 0.513845
175.9 -1.94233 0.485121
176 -1.932 0.456549
176.1 -1.92158 0.42813
176.2 -1.91106 0.399866
176.3 -1.90043 0.371757
176.4 -1.88971 0.343806
176.5 -1.87887 0.316013
176.6 -1.86793 0.288382
176.7 -1.85687 0.260912
176.8 -1.8457 0.233607
176.9 -1.8344 0.206467
177 -1.82297 0.179495
177.1 -1.81142 0.152693
177.2 -1.79973 0.126061
177.3 -1.78789 0.0996038
177.4 -1.77591 0.0733217
177.5 -1.76378 0.0472174
177.6 -1.75148 0.0212933
177.7 -1.73903 -0.00444827
177.8 -1.72639 -0.0300048
177.9 -1.71358 -0.0553737
178 -1.70058 -0.0805522
178.1 -1.68737 -0.105537
178.2 -1.67396 -0.130326
178.3 -1.66033 -0.154916
178.4 -1.64647 -0.179303
178.5 -1.63236 -0.203483
178.6 -1.61799 -0.227454
178.7 -1.60335 -0.251211
178.8 -1.58842 -0.274749
178.9 -1.57318 -0.298065
179 -1.55761 -0.321154
179.1 -1.54169 -0.344011
179.2 -1.52538 -0.36663
179.3 -1.50867 -0.389006
179.4 -1.49152 -0.411132
179.5 -1.47388 -0.433001
179.6 -1.45573 -0.454607
179.7 -1.437 -0.475941
179.8 -1.41765 -0.496993
179.9 -1.39759 -0.517756
180 -1.37677 -0.538217
180.1 -1.35507 -0.558364
180.2 -1.33239 -0.578185
180.3 -1.30858 -0.597662
180.4 -1.28348 -0.61678
180.5 -1.25688 -0.635516
180.6 -1.22848 -0.653847
180.7 -1.19794 -0.671744
180.8 -1.16478 -0.689172
180.9 -1.12833 -0.706087
181 -1.08767 -0.722435
181.1 -1.04143 -0.738145
181.2 -0.987524 -0.753118
181.3 -0.922563 -0.767221
181.4 -0.840706 -0.780251
181.5 -0.731028 -0.791886
181.6 -0.57101 -0.801573
181.7 -0.30904 -0.808244
181.8 0.17797 -0.809614
181.9 1.04552 -0.800986
182 1.79168 -0.779181
182.1 1.94813 -0.750577
182.2 1.99165 -0.721089
182.3 2.00173 -0.691474
182.4 1.99926 -0.661909
182.5 1.99205 -0.632454
182.6 1.98306 -0.603132
182.7 1.97339 -0.573953
182.8 1.96344 -0.544919
182.9 1.95333 -0.516034
183 1.94311 -0.487299
183.1 1.93279 -0.458715
183.2 1.92237 -0.430284
183.3 1.91186 -0.402008
183.4 1.90124 -0.373887
183.5 1.89053 -0.345924
183.6 1.8797 -0.31812
183.7 1.86877 -0.290476
183.8 1.85772 -0.262994
183.9 1.84655 -0.235676
184 1.83526 -0.208524
184.1 1.82385 -0.181539
184.2 1.8123 -0.154723
184.3 1.80062 -0.128079
184.4 1.7888 -0.101608
184.5 1.77683 -0.0753125
184.6 1.76471 -0.0491947
184.7 1.75242 -0.0232568
184.8 1.73998 0.00249875
184.9 1.72736 0.0280694
185 1.71456 0.0534527
185.1 1.70157 0.0786458
185.2 1.68838 0.103646
185.3 1.67499 0.12845
185.4 1.66137 0.153055
185.5 1.64753 0.177457
185.6 1.63344 0.201653
185.7 1.61909 0.22564
185.8 1.60447 0.249413
185.9 1.58957 0.272968
186 1.57435 0.296302
186.1 1.55881 0.319408
186.2 1.54291 0.342283
186.3 1.52664 0.36492
186.4 1.50996 0.387314
186.5 1.49284 0.40946
186.6 1.47524 0.431349
186.7 1.45713 0.452975
186.8 1.43845 0.474329
186.9 1.41914 0.495404
187 1.39914 0.516189
187.1 1.37838 0.536673
187.2 1.35675 0.556845
187.3 1.33415 0.57669
187.4 1.31043 0.596195
187.5 1.28544 0.61534
187.6 1.25896 0.634106
187.7 1.23071 0.652469
187.8 1.20035 0.6704
187.9 1.1674 0.687865
188 1.13123 0.704821
188.1 1.09093 0.721214
188.2 1.04518 0.736975
188.3 0.991955 0.752009
188.4 0.927997 0.766184
188.5 0.847719 0.779304
188.6 0.740736 0.791061
188.7 0.585812 0.800924
188.8 0.334648 0.807883
188.9 -0.128519 0.809785
189 -0.970449 0.802123
189.1 -1.76141 0.78119
189.2 -1.94102 0.752794
189.3 -1.98953 0.723338
189.4 -2.00141 0.693726
189.5 -1.99962 0.664155
189.6 -1.99266 0.634691
189.7 -1.98377 0.605358
189.8 -1.97414 0.576168
189.9 -1.9642 0.547123
190 -1.9541 0.518226
190.1 -1.94389 0.489479
190.2 -1.93358 0.460884
190.3 -1.92317 0.432442
190.4 -1.91266 0.404154
190.5 -1.90206 0.376021
190.6 -1.89135 0.348046
190.7 -1.88053 0.320229
190.8 -1.8696 0.292573
190.9 -1.85856 0.265079
191 -1.8474 0.237749
191.1 -1.83613 0.210584
191.2 -1.82472 0.183586
191.3 -1.81318 0.156757
191.4 -1.80151 0.1301
191.5 -1.7897 0.103616
191.6 -1.77774 0.0773069
191.7 -1.76563 0.0511755
191.8 -1.75336 0.0252238
191.9 -1.74093 -0.000545668
192 -1.72833 -0.0261305
192.1 -1.71554 -0.0515281
192.2 -1.70257 -0.0767358
192.3 -1.68939 -0.101751
192.4 -1.67601 -0.12657
192.5 -1.66242 -0.15119
192.6 -1.64859 -0.175608
192.7 -1.63452 -0.19982
192.8 -1.62019 -0.223822
192.9 -1.6056 -0.247612
193 -1.59071 -0.271184
193.1 -1.57552 -0.294534
193.2 -1.56 -0.317658
193.3 -1.54413 -0.340551
193.4 -1.52789 -0.363206
193.5 -1.51124 -0.385619
193.6 -1.49416 -0.407784
193.7 -1.4766 -0.429692
193.8 -1.45853 -0.451339
193.9 -1.43989 -0.472714
194 -1.42063 -0.49381
194.1 -1.40069 -0.514618
194.2 -1.37999 -0.535125
194.3 -1.35843 -0.555321
194.4 -1.33591 -0.575192
194.5 -1.31228 -0.594723
194.6 -1.28739 -0.613897
194.7 -1.26103 -0.632692
194.8 -1.23293 -0.651087
194.9 -1.20274 -0.669052
195 -1.17001 -0.686553
195.1 -1.13412 -0.70355
195.2 -1.09417 -0.719988
195.3 -1.04889 -0.7358
195.4 -0.99633 -0.750894
195.5 -0.933346 -0.76514
195.6 -0.854591 -0.778349
195.7 -0.75019 -0.790225
195.8 -0.600106 -0.800259
195.9 -0.359124 -0.807493
196 0.0814321 -0.809902
196.1 0.895404 -0.803176
196.2 1.72604 -0.783158
196.3 1.93338 -0.755015
196.4 1.98725 -0.725594
196.5 2.00103 -0.695985
196.6 1.99996 -0.666409
196.7 1.99327 -0.636935
196.8 1.98448 -0.607592
196.9 1.97489 -0.578391
197 1.96497 -0.549335
197.1 1.95488 -0.520427
197.2 1.94467 -0.491668
197.3 1.93437 -0.463062
197.4 1.92397 -0.434608
197.5 1.91347 -0.406308
197.6 1.90287 -0.378163
197.7 1.89217 -0.350176
197.8 1.88136 -0.322347
197.9 1.87044 -0.294679
198 1.85941 -0.267172
198.1 1.84826 -0.239829
198.2 1.83699 -0.212651
198.3 1.82559 -0.185641
198.4 1.81407 -0.158799
198.5 1.80241 -0.132129
198.6 1.79061 -0.105631
198.7 1.77866 -0.0793089
198.8 1.76656 -0.0531639
198.9 1.75431 -0.0271984
199 1.74189 -0.00141491
199.1 1.72929 0.0241841
199.2 1.71652 0.0495961
199.3 1.70356 0.0748184
199.4 1.69041 0.099848
199.5 1.67704 0.124682
199.6 1.66346 0.149318
199.7 1.64965 0.173751
199.8 1.6356 0.197979
199.9 1.6213 0.221998
200 1.60672 0.245804
