0 2 0
0.1 1.79131 0.0265367
0.2 1.73289 0.0517645
0.3 1.70744 0.0764843
0.4 1.69089 0.100925
0.5 1.67674 0.12515
0.6 1.66315 0.149178
0.7 1.64956 0.173011
0.8 1.63581 0.196647
0.9 1.62184 0.220084
1 1.60762 0.243318
1.1 1.59313 0.266345
1.2 1.57835 0.289162
1.3 1.56326 0.311764
1.4 1.54785 0.334147
1.5 1.53207 0.356305
1.6 1.51592 0.378234
1.7 1.49936 0.399927
1.8 1.48236 0.421379
1.9 1.46488 0.442583
2 1.44687 0.463531
2.1 1.42829 0.484217
2.2 1.40908 0.50463
2.3 1.38916 0.524762
2.4 1.36847 0.544602
2.5 1.34689 0.564139
2.6 1.32433 0.583357
2.7 1.30062 0.602243
2.8 1.2756 0.620779
2.9 1.24904 0.638944
3 1.22066 0.656714
3.1 1.19007 0.67406
3.2 1.15678 0.690948
3.3 1.1201 0.707333
3.4 1.07901 0.72316
3.5 1.03207 0.738356
3.6 0.976976 0.752821
3.7 0.909988 0.766414
3.8 0.824504 0.77892
3.9 0.707872 0.789994
4 0.533187 0.799019
4.1 0.236654 0.804772
4.2 -0.332783 0.804549
4.3 -1.27485 0.793161
4.4 -1.85846 0.769432
4.5 -1.96093 0.741088
4.6 -1.99289 0.712269
4.7 -1.9999 0.683395
4.8 -1.99678 0.654586
4.9 -1.98961 0.625887
5 -1.98082 0.597315
5.1 -1.97139 0.568879
5.2 -1.96167 0.540583
5.3 -1.95179 0.512428
5.4 -1.94181 0.484416
5.5 -1.93173 0.456548
5.6 -1.92156 0.428827
5.7 -1.91129 0.401252
5.8 -1.90093 0.373825
5.9 -1.89047 0.346549
6 -1.87991 0.319423
6.1 -1.86924 0.292451
6.2 -1.85847 0.265632
6.3 -1.84758 0.23897
6.4 -1.83658 0.212465
6.5 -1.82545 0.186119
6.6 -1.81421 0.159934
6.7 -1.80283 0.133912
6.8 -1.79132 0.108054
6.9 -1.77967 0.0823635
7 -1.76788 0.0568412
7.1 -1.75594 0.0314897
7.2 -1.74384 0.00631117
7.3 -1.73158 -0.0186922
7.4 -1.71914 -0.0435178
7.5 -1.70654 -0.0681634
7.6 -1.69374 -0.0926262
7.7 -1.68075 -0.116903
7.8 -1.66756 -0.140992
7.9 -1.65415 -0.16489
8 -1.64051 -0.188593
8.1 -1.62664 -0.212098
8.2 -1.61251 -0.235402
8.3 -1.59812 -0.2585
8.4 -1.58344 -0.28139
8.5 -1.56846 -0.304066
8.6 -1.55315 -0.326524
8.7 -1.5375 -0.348759
8.8 -1.52148 -0.370767
8.9 -1.50507 -0.392541
9 -1.48822 -0.414076
9.1 -1.47091 -0.435366
9.2 -1.45308 -0.456402
9.3 -1.43471 -0.477179
9.4 -1.41572 -0.497686
9.5 -1.39605 -0.517915
9.6 -1.37563 -0.537857
9.7 -1.35437 -0.557498
9.8 -1.33216 -0.576827
9.9 -1.30886 -0.595829
10 -1.28431 -0.614486
10.1 -1.2583 -0.63278
10.2 -1.23058 -0.650688
10.3 -1.2008 -0.668183
10.4 -1.1685 -0.685232
10.5 -1.13307 -0.701794
10.6 -1.09362 -0.717819
10.7 -1.04889 -0.73324
10.8 -0.996909 -0.747968
10.9 -0.934543 -0.761879
11 -0.856397 -0.774787
11.1 -0.75245 -0.786401
11.2 -0.602174 -0.796223
11.3 -0.358565 -0.803296
11.4 0.0934807 -0.805574
11.5 0.935764 -0.79864
11.6 1.75507 -0.778509
11.7 1.93356 -0.750811
11.8 1.98419 -0.7221
11.9 1.99843 -0.693233
12 1.99824 -0.664397
12.1 1.99222 -0.635659
12.2 1.98389 -0.607043
12.3 1.97463 -0.578561
12.4 1.965 -0.550216
12.5 1.95517 -0.522013
12.6 1.94523 -0.493952
12.7 1.93518 -0.466035
12.8 1.92504 -0.438264
12.9 1.91481 -0.410638
13 1.90448 -0.383161
13.1 1.89405 -0.355833
13.2 1.88352 -0.328656
13.3 1.87289 -0.301631
13.4 1.86215 -0.27476
13.5 1.85131 -0.248044
13.6 1.84034 -0.221485
13.7 1.82926 -0.195085
13.8 1.81805 -0.168845
13.9 1.80672 -0.142767
14 1.79526 -0.116853
14.1 1.78366 -0.0911055
14.2 1.77192 -0.0655255
14.3 1.76003 -0.0401155
14.4 1.74798 -0.0148777
14.5 1.73578 0.0101856
14.6 1.7234 0.0350721
14.7 1.71086 0.0597794
14.8 1.69813 0.0843048
14.9 1.6852 0.108646
15 1.67208 0.132799
15.1 1.65875 0.156762
15.2 1.64519 0.180532
15.3 1.6314 0.204105
15.4 1.61736 0.227478
15.5 1.60306 0.250647
15.6 1.58848 0.273608
15.7 1.5736 0.296357
15.8 1.55841 0.31889
15.9 1.54288 0.341202
16 1.52699 0.363288
16.1 1.51071 0.385142
16.2 1.49402 0.40676
16.3 1.47687 0.428134
16.4 1.45922 0.449257
16.5 1.44104 0.470123
16.6 1.42226 0.490723
16.7 1.40284 0.511049
16.8 1.38268 0.53109
16.9 1.36172 0.550835
17 1.33985 0.570272
17.1 1.31693 0.589387
17.2 1.29283 0.608164
17.3 1.26735 0.626584
17.4 1.24025 0.644626
17.5 1.21121 0.662265
17.6 1.17983 0.67947
17.7 1.14555 0.696204
17.8 1.10759 0.712418
17.9 1.06484 0.728054
18 1.01561 0.74303
18.1 0.957248 0.757237
18.2 0.885303 0.770513
18.3 0.791745 0.782611
18.4 0.660692 0.79312
18.5 0.457141 0.801285
18.6 0.0960268 0.805546
18.7 -0.603471 0.802425
18.8 -1.54813 0.786673
18.9 -1.89819 0.760525
19 -1.97293 0.731976
19.1 -1.99591 0.70313
19.2 -1.99926 0.674272
19.3 -1.99466 0.645496
19.4 -1.98689 0.616837
19.5 -1.97787 0.588308
19.6 -1.96833 0.559916
19.7 -1.95856 0.531664
19.8 -1.94865 0.503554
19.9 -1.93863 0.475588
20 -1.92852 0.447766
20.1 -1.91832 0.420091
20.2 -1.90803 0.392562
20.3 -1.89764 0.365183
20.4 -1.88714 0.337954
20.5 -1.87655 0.310877
20.6 -1.86585 0.283953
20.7 -1.85504 0.257184
20.8 -1.84411 0.230571
20.9 -1.83307 0.204116
21 -1.82191 0.177821
21.1 -1.81062 0.151687
21.2 -1.7992 0.125717
21.3 -1.78765 0.099912
21.4 -1.77596 0.0742742
21.5 -1.76412 0.0488057
21.6 -1.75213 0.0235086
21.7 -1.73998 -0.00161477
21.8 -1.72766 -0.0265622
21.9 -1.71518 -0.0513312
22 -1.70251 -0.0759192
22.1 -1.68966 -0.100324
22.2 -1.6766 -0.124542
22.3 -1.66334 -0.14857
22.4 -1.64986 -0.172407
22.5 -1.63615 -0.196048
22.6 -1.6222 -0.219489
22.7 -1.60799 -0.242729
22.8 -1.59351 -0.265761
22.9 -1.57873 -0.288584
23 -1.56365 -0.311191
23.1 -1.54824 -0.33358
23.2 -1.53248 -0.355744
23.3 -1.51634 -0.377678
23.4 -1.49979 -0.399377
23.5 -1.4828 -0.420836
23.6 -1.46533 -0.442046
23.7 -1.44733 -0.463001
23.8 -1.42877 -0.483693
23.9 -1.40957 -0.504114
24 -1.38968 -0.524253
24.1 -1.369 -0.544101
24.2 -1.34745 -0.563645
24.3 -1.32491 -0.582872
24.4 -1.30124 -0.601767
24.5 -1.27625 -0.620312
24.6 -1.24974 -0.638486
24.7 -1.22141 -0.656267
24.8 -1.19088 -0.673624
24.9 -1.15767 -0.690524
25 -1.12108 -0.706923
25.1 -1.08013 -0.722765
25.2 -1.03335 -0.737978
25.3 -0.978507 -0.752463
25.4 -0.911886 -0.76608
25.5 -0.826994 -0.778618
25.6 -0.7114 -0.789734
25.7 -0.538749 -0.798823
25.8 -0.246696 -0.804684
25.9 0.313078 -0.804668
26 1.25056 -0.793627
26.1 1.85373 -0.770132
26.2 1.95953 -0.741814
26.3 1.99248 -0.713
26.4 1.99988 -0.684125
26.5 1.99693 -0.655314
26.6 1.98981 -0.626611
26.7 1.98105 -0.598036
26.8 1.97163 -0.569597
26.9 1.96191 -0.541297
27 1.95204 -0.513139
27.1 1.94206 -0.485123
27.2 1.93199 -0.457252
27.3 1.92182 -0.429526
27.4 1.91156 -0.401948
27.5 1.9012 -0.374518
27.6 1.89074 -0.347237
27.7 1.88018 -0.320108
27.8 1.86951 -0.293131
27.9 1.85874 -0.266309
28 1.84786 -0.239643
28.1 1.83686 -0.213134
28.2 1.82574 -0.186784
28.3 1.81449 -0.160595
28.4 1.80312 -0.134568
28.5 1.79161 -0.108707
28.6 1.77997 -0.0830116
28.7 1.76818 -0.057485
28.8 1.75624 -0.0321292
28.9 1.74415 -0.0069462
29 1.73189 0.0180616
29.1 1.71946 0.0428918
29.2 1.70686 0.0675419
29.3 1.69407 0.0920094
29.4 1.68108 0.116291
29.5 1.66789 0.140385
29.6 1.65449 0.164288
29.7 1.64086 0.187996
29.8 1.62699 0.211506
29.9 1.61287 0.234815
30 1.59848 0.257918
30.1 1.58381 0.280813
30.2 1.56884 0.303494
30.3 1.55354 0.325958
30.4 1.5379 0.348199
30.5 1.5219 0.370213
30.6 1.50549 0.391993
30.7 1.48865 0.413534
30.8 1.47135 0.43483
30.9 1.45354 0.455873
31 1.43518 0.476656
31.1 1.4162 0.49717
31.2 1.39656 0.517407
31.3 1.37616 0.537356
31.4 1.35492 0.557005
31.5 1.33273 0.576342
31.6 1.30946 0.595352
31.7 1.28495 0.614018
31.8 1.25898 0.632322
31.9 1.23131 0.65024
32 1.20158 0.667746
32.1 1.16935 0.684806
32.2 1.13401 0.701381
32.3 1.09468 0.717421
32.4 1.0501 0.732858
32.5 0.998336 0.747605
32.6 0.936286 0.761538
32.7 0.858636 0.774474
32.8 0.755531 0.786127
32.9 0.606839 0.796002
33 0.366592 0.803164
33.1 -0.0778347 0.805605
33.2 -0.910278 0.798979
33.3 -1.74339 0.77915
33.4 -1.93095 0.751531
33.5 -1.98333 0.722832
33.6 -1.99824 0.693966
33.7 -1.99832 0.665129
33.8 -1.9924 0.636388
33.9 -1.98411 0.607769
34 -1.97487 0.579283
34.1 -1.96525 0.550935
34.2 -1.95542 0.522728
34.3 -1.94548 0.494664
34.4 -1.93544 0.466743
34.5 -1.9253 0.438968
34.6 -1.91507 0.411339
34.7 -1.90474 0.383858
34.8 -1.89432 0.356526
34.9 -1.88379 0.329345
35 -1.87316 0.302316
35.1 -1.86243 0.275441
35.2 -1.85158 0.248721
35.3 -1.84062 0.222159
35.4 -1.82954 0.195754
35.5 -1.81834 0.16951
35.6 -1.80701 0.143428
35.7 -1.79555 0.11751
35.8 -1.78396 0.0917579
35.9 -1.77222 0.0661736
36 -1.76033 0.0407592
36.1 -1.74829 0.015517
36.2 -1.73609 -0.00955076
36.3 -1.72372 -0.0344418
36.4 -1.71118 -0.0591537
36.5 -1.69845 -0.0836837
36.6 -1.68553 -0.108029
36.7 -1.67242 -0.132188
36.8 -1.65909 -0.156156
36.9 -1.64554 -0.17993
37 -1.63175 -0.203508
37.1 -1.61772 -0.226886
37.2 -1.60342 -0.25006
37.3 -1.58885 -0.273027
37.4 -1.57398 -0.295781
37.5 -1.5588 -0.31832
37.6 -1.54328 -0.340638
37.7 -1.5274 -0.362729
37.8 -1.51113 -0.38459
37.9 -1.49445 -0.406213
38 -1.47731 -0.427594
38.1 -1.45968 -0.448724
38.2 -1.44151 -0.469596
38.3 -1.42275 -0.490203
38.4 -1.40334 -0.510536
38.5 -1.38321 -0.530584
38.6 -1.36227 -0.550337
38.7 -1.34042 -0.569782
38.8 -1.31753 -0.588905
38.9 -1.29346 -0.607691
39 -1.26802 -0.62612
39.1 -1.24096 -0.644173
39.2 -1.21198 -0.661822
39.3 -1.18066 -0.679039
39.4 -1.14646 -0.695785
39.5 -1.10861 -0.712013
39.6 -1.066 -0.727664
39.7 -1.01696 -0.742659
39.8 -0.958875 -0.756886
39.9 -0.887354 -0.770188
40 -0.794494 -0.782321
40.1 -0.664707 -0.792878
40.2 -0.463734 -0.801117
40.3 -0.108444 -0.805508
40.4 0.580161 -0.802642
40.5 1.5287 -0.787236
40.6 1.89563 -0.761247
40.7 1.97215 -0.732711
40.8 1.99573 -0.703865
40.9 1.99934 -0.675006
41 1.99485 -0.646227
41.1 1.98712 -0.617565
41.2 1.97811 -0.589032
41.3 1.96858 -0.560637
41.4 1.95881 -0.532381
41.5 1.9489 -0.504268
41.6 1.93889 -0.476298
41.7 1.92878 -0.448472
41.8 1.91858 -0.420793
41.9 1.90829 -0.393261
42 1.8979 -0.365878
42.1 1.88741 -0.338646
42.2 1.87682 -0.311564
42.3 1.86612 -0.284637
42.4 1.85531 -0.257863
42.5 1.84439 -0.231246
42.6 1.83335 -0.204787
42.7 1.8222 -0.178488
42.8 1.81091 -0.15235
42.9 1.7995 -0.126376
43 1.78795 -0.100567
43.1 1.77626 -0.0749247
43.2 1.76442 -0.0494519
43.3 1.75243 -0.0241504
43.4 1.74029 0.000977437
43.5 1.72798 0.0259294
43.6 1.7155 0.0507029
43.7 1.70284 0.0752956
43.8 1.68998 0.0997047
43.9 1.67694 0.123928
44 1.66368 0.147961
44.1 1.65021 0.171803
44.2 1.6365 0.195448
44.3 1.62256 0.218895
44.4 1.60835 0.24214
44.5 1.59388 0.265178
44.6 1.57911 0.288005
44.7 1.56404 0.310619
44.8 1.54864 0.333012
44.9 1.53289 0.355182
45 1.51675 0.377123
45.1 1.50021 0.398828
45.2 1.48324 0.420292
45.3 1.46578 0.441509
45.4 1.4478 0.462471
45.5 1.42925 0.48317
45.6 1.41007 0.503597
45.7 1.39019 0.523744
45.8 1.36954 0.543599
45.9 1.34802 0.563151
46 1.3255 0.582387
46.1 1.30186 0.60129
46.2 1.27691 0.619844
46.3 1.25043 0.638028
46.4 1.22215 0.655819
46.5 1.19169 0.673188
46.6 1.15856 0.6901
46.7 1.12206 0.706512
46.8 1.08123 0.722369
46.9 1.03463 0.737599
47 0.980029 0.752104
47.1 0.913773 0.765746
47.2 0.829464 0.778314
47.3 0.714891 0.789472
47.4 0.544235 0.798624
47.5 0.256567 0.804591
47.6 -0.293688 0.804779
47.7 -1.22603 0.794083
47.8 -1.84862 0.770828
47.9 -1.95803 0.742539
48 -1.99203 0.71373
48.1 -1.99985 0.684855
48.2 -1.99707 0.656042
48.3 -1.99002 0.627336
48.4 -1.98128 0.598758
48.5 -1.97187 0.570315
48.6 -1.96216 0.542012
48.7 -1.9523 0.513849
48.8 -1.94232 0.48583
48.9 -1.93224 0.457955
49 -1.92208 0.430226
49.1 -1.91182 0.402644
49.2 -1.90146 0.37521
49.3 -1.891 0.347926
49.4 -1.88045 0.320793
49.5 -1.86979 0.293812
49.6 -1.85902 0.266986
49.7 -1.84813 0.240315
49.8 -1.83714 0.213802
49.9 -1.82602 0.187448
50 -1.81478 0.161255
50.1 -1.80341 0.135225
50.2 -1.7919 0.109359
50.3 -1.78026 0.0836597
50.4 -1.76848 0.0581288
50.5 -1.75654 0.0327686
50.6 -1.74445 0.00758125
50.7 -1.7322 -0.017431
50.8 -1.71978 -0.0422657
50.9 -1.70718 -0.0669204
51 -1.69439 -0.0913926
51.1 -1.68141 -0.115679
51.2 -1.66823 -0.139778
51.3 -1.65483 -0.163685
51.4 -1.64121 -0.187398
51.5 -1.62735 -0.210913
51.6 -1.61323 -0.234227
51.7 -1.59885 -0.257336
51.8 -1.58419 -0.280236
51.9 -1.56922 -0.302923
52 -1.55393 -0.325392
52.1 -1.5383 -0.347639
52.2 -1.5223 -0.369659
52.3 -1.50591 -0.391445
52.4 -1.48908 -0.412992
52.5 -1.47179 -0.434294
52.6 -1.454 -0.455344
52.7 -1.43565 -0.476133
52.8 -1.41669 -0.496655
52.9 -1.39706 -0.516899
53 -1.37668 -0.536855
53.1 -1.35547 -0.556512
53.2 -1.33331 -0.575856
53.3 -1.31007 -0.594875
53.4 -1.28558 -0.61355
53.5 -1.25966 -0.631863
53.6 -1.23203 -0.649792
53.7 -1.20236 -0.667308
53.8 -1.17021 -0.68438
53.9 -1.13495 -0.700968
54 -1.09573 -0.717022
54.1 -1.05131 -0.732475
54.2 -0.999756 -0.747241
54.3 -0.93802 -0.761197
54.4 -0.860859 -0.774161
54.5 -0.758583 -0.785851
54.6 -0.611448 -0.795781
54.7 -0.374494 -0.803029
54.8 0.0624601 -0.80563
54.9 0.88486 -0.799308
55 1.7311 -0.779785
55.1 1.9283 -0.752251
55.2 1.98247 -0.723564
55.3 1.99804 -0.6947
55.4 1.99839 -0.665861
55.5 1.99258 -0.637117
55.6 1.98433 -0.608495
55.7 1.97512 -0.580005
55.8 1.96549 -0.551654
55.9 1.95567 -0.523444
56 1.94573 -0.495375
56.1 1.93569 -0.467451
56.2 1.92556 -0.439672
56.3 1.91533 -0.41204
56.4 1.905 -0.384555
56.5 1.89458 -0.357219
56.6 1.88406 -0.330035
56.7 1.87344 -0.303002
56.8 1.8627 -0.276123
56.9 1.85186 -0.249399
57 1.8409 -0.222832
57.1 1.82983 -0.196424
57.2 1.81863 -0.170175
57.3 1.8073 -0.144089
57.4 1.79585 -0.118167
57.5 1.78425 -0.0924107
57.6 1.77252 -0.0668221
57.7 1.76063 -0.0414034
57.8 1.7486 -0.0161568
57.9 1.7364 0.00891545
58 1.72404 0.033811
58.1 1.7115 0.0585275
58.2 1.69878 0.0830622
58.3 1.68587 0.107413
58.4 1.67275 0.131576
58.5 1.65943 0.155549
58.6 1.64588 0.179328
58.7 1.6321 0.202911
58.8 1.61808 0.226294
58.9 1.60379 0.249474
59 1.58922 0.272445
59.1 1.57436 0.295205
59.2 1.55919 0.31775
59.3 1.54368 0.340073
59.4 1.52781 0.36217
59.5 1.51155 0.384037
59.6 1.49488 0.405666
59.7 1.47775 0.427053
59.8 1.46013 0.448189
59.9 1.44198 0.469069
60 1.42323 0.489683
60.1 1.40384 0.510022
60.2 1.38373 0.530078
60.3 1.36281 0.549838
60.4 1.34098 0.569291
60.5 1.31813 0.588423
60.6 1.29409 0.607217
60.7 1.26868 0.625656
60.8 1.24167 0.643719
60.9 1.21274 0.661379
61 1.18149 0.678607
61.1 1.14738 0.695365
61.2 1.10963 0.711607
61.3 1.06715 0.727274
61.4 1.01831 0.742286
61.5 0.960495 0.756535
61.6 0.889393 0.769863
61.7 0.797222 0.78203
61.8 0.668681 0.792634
61.9 0.470237 0.800946
62 0.120652 0.805466
62.1 -0.557101 0.802851
62.2 -1.50877 0.787793
62.3 -1.89304 0.761969
62.4 -1.97136 0.733445
62.5 -1.99556 0.704601
62.6 -1.99942 0.67574
62.7 -1.99503 0.646958
62.8 -1.98734 0.618292
62.9 -1.97835 0.589756
63 -1.96882 0.561357
63.1 -1.95906 0.533098
63.2 -1.94915 0.504981
63.3 -1.93914 0.477008
63.4 -1.92904 0.449179
63.5 -1.91885 0.421496
63.6 -1.90855 0.39396
63.7 -1.89817 0.366573
63.8 -1.88768 0.339337
63.9 -1.87709 0.312252
64 -1.86639 0.28532
64.1 -1.85559 0.258543
64.2 -1.84467 0.231922
64.3 -1.83364 0.205459
64.4 -1.82248 0.179155
64.5 -1.8112 0.153014
64.6 -1.79979 0.127035
64.7 -1.78824 0.101221
64.8 -1.77656 0.075575
64.9 -1.76472 0.0500979
65 -1.75274 0.024792
65.1 -1.7406 -0.000340281
65.2 -1.72829 -0.0252967
65.3 -1.71582 -0.0500748
65.4 -1.70316 -0.0746721
65.5 -1.69031 -0.099086
65.6 -1.67727 -0.123314
65.7 -1.66402 -0.147352
65.8 -1.65055 -0.171198
65.9 -1.63686 -0.194849
66 -1.62291 -0.218301
66.1 -1.60872 -0.241551
66.2 -1.59425 -0.264594
66.3 -1.57949 -0.287427
66.4 -1.56443 -0.310046
66.5 -1.54903 -0.332445
66.6 -1.53329 -0.354621
66.7 -1.51717 -0.376567
66.8 -1.50064 -0.398279
66.9 -1.48367 -0.419749
67 -1.46623 -0.440972
67.1 -1.44826 -0.461941
67.2 -1.42973 -0.482646
67.3 -1.41057 -0.503081
67.4 -1.39071 -0.523235
67.5 -1.37008 -0.543098
67.6 -1.34857 -0.562658
67.7 -1.32609 -0.581901
67.8 -1.30247 -0.600813
67.9 -1.27756 -0.619377
68 -1.25113 -0.637571
68.1 -1.2229 -0.655372
68.2 -1.1925 -0.672752
68.3 -1.15944 -0.689676
68.4 -1.12304 -0.706101
68.5 -1.08234 -0.721973
68.6 -1.03591 -0.73722
68.7 -0.981543 -0.751745
68.8 -0.915647 -0.765411
68.9 -0.831914 -0.77801
69 -0.718347 -0.78921
69.1 -0.549648 -0.798424
69.2 -0.26627 -0.804496
69.3 0.274614 -0.804883
69.4 1.20129 -0.79453
69.5 1.8431 -0.771521
69.6 1.95642 -0.743264
69.7 1.99154 -0.714461
69.8 1.9998 -0.685585
69.9 1.9972 -0.656769
70 1.99022 -0.628061
70.1 1.98152 -0.599479
70.2 1.97211 -0.571033
70.3 1.96241 -0.542726
70.4 1.95255 -0.51456
70.5 1.94257 -0.486537
70.6 1.9325 -0.458659
70.7 1.92234 -0.430926
70.8 1.91208 -0.40334
70.9 1.90172 -0.375902
71 1.89127 -0.348614
71.1 1.88072 -0.321477
71.2 1.87006 -0.294493
71.3 1.85929 -0.267663
71.4 1.84841 -0.240988
71.5 1.83742 -0.214471
71.6 1.8263 -0.188113
71.7 1.81506 -0.161916
71.8 1.8037 -0.135882
71.9 1.7922 -0.110011
72 1.78056 -0.0843078
72.1 1.76878 -0.0587727
72.2 1.75685 -0.0334082
72.3 1.74476 -0.00821639
72.4 1.73251 0.0168003
72.5 1.72009 0.0416396
72.6 1.7075 0.0662989
72.7 1.69472 0.0907756
72.8 1.68174 0.115067
72.9 1.66857 0.13917
73 1.65517 0.163083
73.1 1.64156 0.186801
73.2 1.6277 0.210321
73.3 1.61359 0.23364
73.4 1.59922 0.256754
73.5 1.58456 0.279659
73.6 1.5696 0.302352
73.7 1.55433 0.324827
73.8 1.5387 0.347079
73.9 1.52271 0.369104
74 1.50633 0.390897
74.1 1.48952 0.41245
74.2 1.47224 0.433758
74.3 1.45446 0.454814
74.4 1.43612 0.475611
74.5 1.41718 0.496139
74.6 1.39757 0.51639
74.7 1.37721 0.536353
74.8 1.35602 0.556018
74.9 1.33388 0.575371
75 1.31067 0.594398
75.1 1.28622 0.613082
75.2 1.26034 0.631405
75.3 1.23275 0.649343
75.4 1.20314 0.66687
75.5 1.17105 0.683954
75.6 1.13589 0.700555
75.7 1.09678 0.716623
75.8 1.05251 0.732092
75.9 1.00117 0.746877
76 0.939743 0.760855
76.1 0.863066 0.773848
76.2 0.761608 0.785574
76.3 0.616002 0.795557
76.4 0.382275 0.802891
76.5 -0.0473515 0.80565
76.6 -0.859526 0.799627
76.7 -1.71821 0.780415
76.8 -1.92562 0.752972
76.9 -1.9816 0.724296
77 -1.99784 0.695434
77.1 -1.99846 0.666594
77.2 -1.99276 0.637847
77.3 -1.98456 0.609221
77.4 -1.97536 0.580729
77.5 -1.96574 0.552374
77.6 -1.95593 0.52416
77.7 -1.94599 0.496088
77.8 -1.93595 0.46816
77.9 -1.92582 0.440377
78 -1.91559 0.412741
78.1 -1.90527 0.385252
78.2 -1.89485 0.357913
78.3 -1.88433 0.330724
78.4 -1.87371 0.303688
78.5 -1.86298 0.276805
78.6 -1.85214 0.250077
78.7 -1.84118 0.223506
78.8 -1.83011 0.197094
78.9 -1.81891 0.170841
79 -1.80759 0.144751
79.1 -1.79614 0.118825
79.2 -1.78455 0.0930639
79.3 -1.77282 0.0674711
79.4 -1.76094 0.042048
79.5 -1.74891 0.016797
79.6 -1.73671 -0.00827971
79.7 -1.72435 -0.0331798
79.8 -1.71182 -0.0579008
79.9 -1.6991 -0.0824402
80 -1.6862 -0.106795
80.1 -1.67309 -0.130963
80.2 -1.65977 -0.154941
80.3 -1.64623 -0.178726
80.4 -1.63246 -0.202314
80.5 -1.61844 -0.225702
80.6 -1.60416 -0.248886
80.7 -1.5896 -0.271864
80.8 -1.57475 -0.294629
80.9 -1.55958 -0.317179
81 -1.54408 -0.339508
81.1 -1.52822 -0.361611
81.2 -1.51197 -0.383483
81.3 -1.49531 -0.405119
81.4 -1.47819 -0.426512
81.5 -1.46059 -0.447655
81.6 -1.44245 -0.468541
81.7 -1.42372 -0.489161
81.8 -1.40434 -0.509508
81.9 -1.38425 -0.529571
82 -1.36335 -0.549339
82.1 -1.34155 -0.5688
82.2 -1.31872 -0.58794
82.3 -1.29472 -0.606743
82.4 -1.26935 -0.625192
82.5 -1.24238 -0.643264
82.6 -1.2135 -0.660935
82.7 -1.18232 -0.678174
82.8 -1.14829 -0.694945
82.9 -1.11064 -0.711201
83 -1.06831 -0.726883
83.1 -1.01965 -0.741913
83.2 -0.962107 -0.756183
83.3 -0.89142 -0.769537
83.4 -0.799929 -0.781737
83.5 -0.672614 -0.792388
83.6 -0.476651 -0.800773
83.7 -0.132656 -0.80542
83.8 0.5343 -0.803051
83.9 1.48836 -0.788342
84 1.89041 -0.76269
84.1 1.97056 -0.734178
84.2 1.99538 -0.705336
84.3 1.9995 -0.676474
84.4 1.99521 -0.647689
84.5 1.98756 -0.61902
84.6 1.97858 -0.59048
84.7 1.96907 -0.562078
84.8 1.95931 -0.533815
84.9 1.94941 -0.505695
85 1.9394 -0.477717
85.1 1.9293 -0.449884
85.2 1.91911 -0.422198
85.3 1.90882 -0.394658
85.4 1.89843 -0.367268
85.5 1.88795 -0.340027
85.6 1.87736 -0.312938
85.7 1.86667 -0.286003
85.8 1.85587 -0.259222
85.9 1.84495 -0.232597
86 1.83392 -0.20613
86.1 1.82277 -0.179822
86.2 1.81149 -0.153676
86.3 1.80008 -0.127693
86.4 1.78854 -0.101876
86.5 1.77685 -0.0762251
86.6 1.76503 -0.0507436
86.7 1.75305 -0.0254334
86.8 1.74091 -0.000296667
86.9 1.72861 0.0246643
87 1.71614 0.049447
87.1 1.70348 0.0740489
87.2 1.69064 0.0984674
87.3 1.67761 0.1227
87.4 1.66436 0.146743
87.5 1.6509 0.170594
87.6 1.63721 0.19425
87.7 1.62327 0.217707
87.8 1.60908 0.240962
87.9 1.59462 0.264011
88 1.57987 0.286849
88.1 1.56481 0.309473
88.2 1.54943 0.331879
88.3 1.5337 0.35406
88.4 1.51758 0.376012
88.5 1.50107 0.39773
88.6 1.48411 0.419206
88.7 1.46668 0.440436
88.8 1.44873 0.461411
88.9 1.43021 0.482123
89 1.41106 0.502565
89.1 1.39122 0.522726
89.2 1.37061 0.542597
89.3 1.34913 0.562164
89.4 1.32667 0.581416
89.5 1.30309 0.600337
89.6 1.27821 0.618909
89.7 1.25182 0.637113
89.8 1.22364 0.654924
89.9 1.1933 0.672315
90 1.16032 0.689251
90.1 1.12401 0.70569
90.2 1.08343 0.721576
90.3 1.03717 0.736841
90.4 0.983049 0.751386
90.5 0.917509 0.765075
90.6 0.834344 0.777705
90.7 0.721766 0.788947
90.8 0.554988 0.798222
90.9 0.275809 0.804396
91 -0.255854 0.80498
91.1 -1.17636 0.794968
91.2 -1.83714 0.77221
91.3 -1.9547 0.743988
91.4 -1.99101 0.715191
91.5 -1.99974 0.686315
91.6 -1.99732 0.657497
91.7 -1.99042 0.628786
91.8 -1.98175 0.600201
91.9 -1.97236 0.571751
92 -1.96266 0.54344
92.1 -1.9528 0.515271
92.2 -1.94282 0.487245
92.3 -1.93276 0.459362
92.4 -1.92259 0.431626
92.5 -1.91234 0.404036
92.6 -1.90199 0.376594
92.7 -1.89154 0.349303
92.8 -1.88098 0.322162
92.9 -1.87033 0.295174
93 -1.85956 0.26834
93.1 -1.84869 0.241661
93.2 -1.8377 0.21514
93.3 -1.82658 0.188778
93.4 -1.81535 0.162577
93.5 -1.80399 0.136538
93.6 -1.79249 0.110664
93.7 -1.78086 0.0849562
93.8 -1.76908 0.0594167
93.9 -1.75715 0.0340478
94 -1.74507 0.00885167
94.1 -1.73282 -0.0161695
94.2 -1.72041 -0.0410133
94.3 -1.70782 -0.0656772
94.4 -1.69505 -0.0901586
94.5 -1.68208 -0.114455
94.6 -1.6689 -0.138563
94.7 -1.65552 -0.16248
94.8 -1.6419 -0.186203
94.9 -1.62805 -0.209728
95 -1.61395 -0.233052
95.1 -1.59959 -0.256172
95.2 -1.58494 -0.279082
95.3 -1.56999 -0.30178
95.4 -1.55472 -0.324261
95.5 -1.5391 -0.346519
95.6 -1.52312 -0.36855
95.7 -1.50675 -0.390348
95.8 -1.48995 -0.411908
95.9 -1.47268 -0.433222
96 -1.45491 -0.454285
96.1 -1.43659 -0.475088
96.2 -1.41767 -0.495623
96.3 -1.39807 -0.515881
96.4 -1.37774 -0.535852
96.5 -1.35656 -0.555524
96.6 -1.33445 -0.574885
96.7 -1.31127 -0.593921
96.8 -1.28686 -0.612614
96.9 -1.26101 -0.630946
97 -1.23348 -0.648894
97.1 -1.20392 -0.666432
97.2 -1.1719 -0.683528
97.3 -1.13682 -0.700141
97.4 -1.09783 -0.716223
97.5 -1.05371 -0.731709
97.6 -1.00258 -0.746512
97.7 -0.941458 -0.760513
97.8 -0.865258 -0.773533
97.9 -0.764606 -0.785296
98 -0.620504 -0.795332
98.1 -0.389938 -0.80275
98.2 0.0325037 -0.805664
98.3 0.834294 -0.799937
98.4 1.70471 -0.78104
98.5 1.92294 -0.753693
98.6 1.98073 -0.725029
98.7 1.99764 -0.696169
98.8 1.99854 -0.667327
98.9 1.99295 -0.638577
99 1.98478 -0.609948
99.1 1.9756 -0.581452
99.2 1.96599 -0.553094
99.3 1.95618 -0.524876
99.4 1.94624 -0.496801
99.5 1.93621 -0.468869
99.6 1.92607 -0.441082
99.7 1.91585 -0.413442
99.8 1.90553 -0.38595
99.9 1.89512 -0.358607
100 1.8846 -0.331415
100.1 1.87398 -0.304374
100.2 1.86325 -0.277487
100.3 1.85241 -0.250755
100.4 1.84146 -0.224181
100.5 1.83039 -0.197764
100.6 1.8192 -0.171508
100.7 1.80788 -0.145413
100.8 1.79643 -0.119483
100.9 1.78485 -0.0937176
101 1.77312 -0.0681204
101.1 1.76124 -0.042693
101.2 1.74921 -0.0174376
101.3 1.73703 0.00764357
101.4 1.72467 0.0325482
101.5 1.71214 0.0572738
101.6 1.69943 0.0818179
101.7 1.68653 0.106178
101.8 1.67343 0.13035
101.9 1.66011 0.154333
102 1.64658 0.178123
102.1 1.63281 0.201716
102.2 1.6188 0.225109
102.3 1.60452 0.248299
102.4 1.58997 0.271281
102.5 1.57513 0.294052
102.6 1.55997 0.316607
102.7 1.54448 0.338942
102.8 1.52862 0.361051
102.9 1.51239 0.38293
103 1.49573 0.404571
103.1 1.47863 0.42597
103.2 1.46104 0.44712
103.3 1.44291 0.468012
103.4 1.4242 0.48864
103.5 1.40485 0.508994
103.6 1.38477 0.529064
103.7 1.36389 0.54884
103.8 1.34212 0.568309
103.9 1.31932 0.587457
104 1.29534 0.606269
104.1 1.27001 0.624727
104.2 1.24309 0.642809
104.3 1.21427 0.66049
104.4 1.18315 0.677741
104.5 1.14919 0.694524
104.6 1.11165 0.710794
104.7 1.06945 0.726492
104.8 1.02098 0.74154
104.9 0.963712 0.755831
105 0.893434 0.769211
105.1 0.802615 0.781444
105.2 0.676506 0.792141
105.3 0.482978 0.800597
105.4 0.144458 0.805369
105.5 -0.511767 0.803243
105.6 -1.46748 0.788885
105.7 -1.88772 0.76341
105.8 -1.96974 0.734912
105.9 -1.9952 0.706071
106 -1.99957 0.677207
106.1 -1.99539 0.64842
106.2 -1.98778 0.619747
106.3 -1.97882 0.591204
106.4 -1.96932 0.562798
106.5 -1.95956 0.534532
106.6 -1.94966 0.506408
106.7 -1.93966 0.478426
106.8 -1.92956 0.45059
106.9 -1.91937 0.4229
107 -1.90908 0.395357
107.1 -1.8987 0.367962
107.2 -1.88822 0.340718
107.3 -1.87763 0.313625
107.4 -1.86694 0.286685
107.5 -1.85614 0.2599
107.6 -1.84523 0.233271
107.7 -1.8342 0.2068
107.8 -1.82305 0.180489
107.9 -1.81178 0.154339
108 -1.80037 0.128352
108.1 -1.78883 0.10253
108.2 -1.77715 0.076875
108.3 -1.76533 0.0513892
108.4 -1.75335 0.0260746
108.5 -1.74122 0.000933385
108.6 -1.72892 -0.024032
108.7 -1.71646 -0.0488193
108.8 -1.70381 -0.0734259
108.9 -1.69097 -0.0978491
109 -1.67794 -0.122086
109.1 -1.6647 -0.146134
109.2 -1.65124 -0.169991
109.3 -1.63756 -0.193651
109.4 -1.62363 -0.217114
109.5 -1.60945 -0.240374
109.6 -1.59499 -0.263427
109.7 -1.58025 -0.286271
109.8 -1.5652 -0.308901
109.9 -1.54983 -0.331312
110 -1.5341 -0.353499
110.1 -1.518 -0.375457
110.2 -1.50149 -0.397181
110.3 -1.48455 -0.418664
110.4 -1.46713 -0.439899
110.5 -1.44919 -0.460881
110.6 -1.43069 -0.4816
110.7 -1.41156 -0.502049
110.8 -1.39174 -0.522217
110.9 -1.37115 -0.542095
111 -1.34969 -0.561671
111.1 -1.32726 -0.580931
111.2 -1.3037 -0.59986
111.3 -1.27886 -0.618441
111.4 -1.25251 -0.636655
111.5 -1.22438 -0.654477
111.6 -1.1941 -0.671879
111.7 -1.16119 -0.688827
111.8 -1.12498 -0.705278
111.9 -1.08453 -0.72118
112 -1.03843 -0.736461
112.1 -0.984547 -0.751026
112.2 -0.919358 -0.76474
112.3 -0.836754 -0.7774
112.4 -0.72515 -0.788682
112.5 -0.560257 -0.798018
112.6 -0.285188 -0.804293
112.7 0.237407 -0.80507
112.8 1.15127 -0.795397
112.9 1.83072 -0.772895
113 1.95288 -0.744711
113.1 1.99044 -0.715921
113.2 1.99966 -0.687045
113.3 1.99744 -0.658225
113.4 1.99062 -0.629511
113.5 1.98197 -0.600922
113.6 1.9726 -0.572469
113.7 1.96291 -0.544155
113.8 1.95305 -0.515982
113.9 1.94308 -0.487952
114 1.93301 -0.460066
114.1 1.92285 -0.432326
114.2 1.9126 -0.404732
114.3 1.90225 -0.377287
114.4 1.8918 -0.349991
114.5 1.88125 -0.322847
114.6 1.8706 -0.295855
114.7 1.85984 -0.269017
114.8 1.84896 -0.242335
114.9 1.83797 -0.215809
115 1.82687 -0.189443
115.1 1.81564 -0.163238
115.2 1.80428 -0.137195
115.3 1.79278 -0.111317
115.4 1.78115 -0.0856047
115.5 1.76938 -0.060061
115.6 1.75746 -0.0346877
115.7 1.74538 -0.00948715
115.8 1.73314 0.0155385
115.9 1.72073 0.0403868
116 1.70814 0.0650552
116.1 1.69537 0.0895413
116.2 1.68241 0.113842
116.3 1.66924 0.137955
116.4 1.65586 0.161877
116.5 1.64225 0.185605
116.6 1.62841 0.209135
116.7 1.61431 0.232465
116.8 1.59995 0.255589
116.9 1.58531 0.278505
117 1.57037 0.301208
117.1 1.55511 0.323694
117.2 1.5395 0.345958
117.3 1.52353 0.367995
117.4 1.50717 0.389799
117.5 1.49038 0.411365
117.6 1.47312 0.432686
117.7 1.45537 0.453755
117.8 1.43706 0.474565
117.9 1.41815 0.495107
118 1.39858 0.515372
118.1 1.37826 0.53535
118.2 1.35711 0.55503
118.3 1.33502 0.574399
118.4 1.31187 0.593443
118.5 1.28749 0.612145
118.6 1.26168 0.630487
118.7 1.2342 0.648445
118.8 1.2047 0.665993
118.9 1.17275 0.683101
119 1.13775 0.699727
119.1 1.09888 0.715823
119.2 1.0549 0.731325
119.3 1.00398 0.746147
119.4 0.943163 0.760169
119.5 0.867435 0.773218
119.6 0.767577 0.785017
119.7 0.624953 0.795105
119.8 0.397487 0.802607
119.9 -0.0179111 0.805673
120 -0.809182 0.800238
120.1 -1.69062 0.78166
120.2 -1.92025 0.754414
120.3 -1.97987 0.725763
120.4 -1.99745 0.696904
120.5 -1.99861 0.66806
120.6 -1.99313 0.639308
120.7 -1.985 0.610676
120.8 -1.97584 0.582176
120.9 -1.96624 0.553814
121 -1.95643 0.525593
121.1 -1.9465 0.497514
121.2 -1.93646 0.469578
121.3 -1.92633 0.441788
121.4 -1.91611 0.414144
121.5 -1.9058 0.386648
121.6 -1.89538 0.359301
121.7 -1.88487 0.332105
121.8 -1.87425 0.305061
121.9 -1.86353 0.27817
122 -1.85269 0.251434
122.1 -1.84174 0.224855
122.2 -1.83068 0.198435
122.3 -1.81949 0.172174
122.4 -1.80817 0.146076
122.5 -1.79673 0.120141
122.6 -1.78514 0.0943716
122.7 -1.77342 0.0687702
122.8 -1.76155 0.0433384
122.9 -1.74952 0.0180786
123 -1.73734 -0.00700706
123.1 -1.72499 -0.0319162
123.2 -1.71246 -0.0566464
123.3 -1.69976 -0.0811951
123.4 -1.68686 -0.10556
123.5 -1.67376 -0.129737
123.6 -1.66045 -0.153725
123.7 -1.64693 -0.177519
123.8 -1.63316 -0.201117
123.9 -1.61916 -0.224516
124 -1.60489 -0.247711
124.1 -1.59035 -0.270699
124.2 -1.57551 -0.293475
124.3 -1.56036 -0.316036
124.4 -1.54487 -0.338376
124.5 -1.52903 -0.360491
124.6 -1.51281 -0.382375
124.7 -1.49616 -0.404023
124.8 -1.47907 -0.425429
124.9 -1.46149 -0.446584
125 -1.44338 -0.467484
125.1 -1.42469 -0.488118
125.2 -1.40535 -0.508479
125.3 -1.38529 -0.528556
125.4 -1.36444 -0.54834
125.5 -1.34268 -0.567817
125.6 -1.31991 -0.586973
125.7 -1.29597 -0.605794
125.8 -1.27068 -0.624261
125.9 -1.2438 -0.642353
126 -1.21503 -0.660045
126.1 -1.18397 -0.677307
126.2 -1.1501 -0.694103
126.3 -1.11266 -0.710386
126.4 -1.0706 -0.7261
126.5 -1.02231 -0.741165
126.6 -0.965309 -0.755477
126.7 -0.895436 -0.768883
126.8 -0.805279 -0.781149
126.9 -0.680359 -0.791893
127 -0.489219 -0.800419
127.1 -0.156061 -0.805313
127.2 0.48951 -0.803427
127.3 1.44614 -0.78942
127.4 1.88493 -0.764129
127.5 1.9689 -0.735644
127.6 1.995 -0.706805
127.7 1.99964 -0.677939
127.8 1.99556 -0.64915
127.9 1.988 -0.620474
128 1.97906 -0.591928
128.1 1.96956 -0.563518
128.2 1.95981 -0.535248
128.3 1.94991 -0.50712
128.4 1.93991 -0.479135
128.5 1.92982 -0.451295
128.6 1.91963 -0.423601
128.7 1.90934 -0.396054
128.8 1.89896 -0.368656
128.9 1.88848 -0.341408
129 1.8779 -0.314311
129.1 1.86721 -0.287368
129.2 1.85642 -0.260579
129.3 1.84551 -0.233946
129.4 1.83448 -0.207471
129.5 1.82334 -0.181155
129.6 1.81206 -0.155001
129.7 1.80066 -0.12901
129.8 1.78913 -0.103184
129.9 1.77745 -0.0775246
130 1.76563 -0.0520344
130.1 1.75366 -0.0267155
130.2 1.74153 -0.00156986
130.3 1.72924 0.0234001
130.4 1.71677 0.0481919
130.5 1.70413 0.0728031
130.6 1.6913 0.097231
130.7 1.67827 0.121473
130.8 1.66504 0.145526
130.9 1.65159 0.169387
131 1.63791 0.193053
131.1 1.62399 0.21652
131.2 1.60981 0.239785
131.3 1.59536 0.262844
131.4 1.58063 0.285694
131.5 1.56559 0.308329
131.6 1.55022 0.330745
131.7 1.5345 0.352938
131.8 1.51841 0.374902
131.9 1.50192 0.396632
132 1.48498 0.418121
132.1 1.46758 0.439363
132.2 1.44965 0.460351
132.3 1.43116 0.481077
132.4 1.41205 0.501533
132.5 1.39225 0.521709
132.6 1.37168 0.541594
132.7 1.35025 0.561177
132.8 1.32784 0.580446
132.9 1.30432 0.599383
133 1.27951 0.617974
133.1 1.2532 0.636197
133.2 1.22512 0.654029
133.3 1.1949 0.671442
133.4 1.16206 0.688402
133.5 1.12595 0.704867
133.6 1.08562 0.720783
133.7 1.03969 0.736081
133.8 0.986037 0.750666
133.9 0.921196 0.764403
134 0.839145 0.777093
134.1 0.7285 0.788416
134.2 0.565456 0.797812
134.3 0.294408 0.804187
134.4 -0.219272 0.805153
134.5 -1.12604 0.795816
134.6 -1.82381 0.773575
134.7 -1.95095 0.745433
134.8 -1.98983 0.71665
134.9 -1.99956 0.687776
135 -1.99756 0.658953
135.1 -1.99082 0.630236
135.2 -1.9822 0.601644
135.3 -1.97284 0.573188
135.4 -1.96315 0.54487
135.5 -1.9533 0.516694
135.6 -1.94333 0.48866
135.7 -1.93327 0.46077
135.8 -1.92311 0.433026
135.9 -1.91286 0.405429
136 -1.90251 0.37798
136.1 -1.89207 0.350681
136.2 -1.88152 0.323532
136.3 -1.87087 0.296536
136.4 -1.86011 0.269694
136.5 -1.84924 0.243008
136.6 -1.83825 0.216479
136.7 -1.82715 0.190109
136.8 -1.81592 0.163899
136.9 -1.80456 0.137852
137 -1.79308 0.11197
137.1 -1.78145 0.0862534
137.2 -1.76968 0.0607054
137.3 -1.75776 0.0353278
137.4 -1.74568 0.0101229
137.5 -1.73345 -0.0149072
137.6 -1.72104 -0.03976
137.7 -1.70846 -0.0644331
137.8 -1.6957 -0.0889238
137.9 -1.68274 -0.113229
138 -1.66957 -0.137347
138.1 -1.6562 -0.161274
138.2 -1.6426 -0.185007
138.3 -1.62876 -0.208542
138.4 -1.61467 -0.231877
138.5 -1.60032 -0.255006
138.6 -1.58568 -0.277928
138.7 -1.57075 -0.300636
138.8 -1.5555 -0.323128
138.9 -1.5399 -0.345398
139 -1.52394 -0.36744
139.1 -1.50759 -0.38925
139.2 -1.49081 -0.410822
139.3 -1.47357 -0.432149
139.4 -1.45582 -0.453225
139.5 -1.43753 -0.474041
139.6 -1.41864 -0.49459
139.7 -1.39908 -0.514862
139.8 -1.37878 -0.534848
139.9 -1.35766 -0.554536
140 -1.3356 -0.573913
140.1 -1.31247 -0.592965
140.2 -1.28812 -0.611676
140.3 -1.26236 -0.630027
140.4 -1.23491 -0.647995
140.5 -1.20547 -0.665555
140.6 -1.17359 -0.682673
140.7 -1.13868 -0.699313
140.8 -1.09992 -0.715423
140.9 -1.05609 -0.730941
141 -1.00537 -0.745781
141.1 -0.944859 -0.759826
141.2 -0.869597 -0.772901
141.3 -0.770523 -0.784737
141.4 -0.629352 -0.794877
141.5 -0.404923 -0.802461
141.6 0.00356855 -0.805677
141.7 0.784203 -0.80053
141.8 1.67592 -0.782274
141.9 1.91758 -0.755136
142 1.97901 -0.726497
142.1 1.99725 -0.697639
142.2 1.99868 -0.668794
142.3 1.99331 -0.640039
142.4 1.98523 -0.611404
142.5 1.97608 -0.5829
142.6 1.96648 -0.554535
142.7 1.95668 -0.52631
142.8 1.94675 -0.498227
142.9 1.93672 -0.470288
143 1.92659 -0.442494
143.1 1.91637 -0.414847
143.2 1.90606 -0.387347
143.3 1.89565 -0.359996
143.4 1.88514 -0.332796
143.5 1.87452 -0.305748
143.6 1.8638 -0.278853
143.7 1.85297 -0.252113
143.8 1.84202 -0.22553
143.9 1.83096 -0.199106
144 1.81977 -0.172841
144.1 1.80846 -0.146738
144.2 1.79702 -0.120799
144.3 1.78544 -0.095026
144.4 1.77372 -0.0694202
144.5 1.76185 -0.0439841
144.6 1.74983 -0.0187199
144.7 1.73765 0.00637023
144.8 1.7253 0.0312839
144.9 1.71278 0.0560187
145 1.70008 0.0805721
145.1 1.68719 0.104941
145.2 1.6741 0.129124
145.3 1.6608 0.153116
145.4 1.64727 0.176915
145.5 1.63352 0.200519
145.6 1.61952 0.223922
145.7 1.60526 0.247123
145.8 1.59072 0.270116
145.9 1.57589 0.292897
146 1.56075 0.315464
146.1 1.54527 0.33781
146.2 1.52944 0.359931
146.3 1.51322 0.381821
146.4 1.49659 0.403475
146.5 1.47951 0.424886
146.6 1.46195 0.446049
146.7 1.44385 0.466954
146.8 1.42517 0.487596
146.9 1.40585 0.507964
147 1.38581 0.528049
147.1 1.36498 0.54784
147.2 1.34325 0.567324
147.3 1.32051 0.58649
147.4 1.2966 0.605319
147.5 1.27134 0.623795
147.6 1.2445 0.641897
147.7 1.21579 0.6596
147.8 1.1848 0.676873
147.9 1.151 0.693681
148 1.11367 0.709978
148.1 1.07174 0.725707
148.2 1.02364 0.74079
148.3 0.966898 0.755123
148.4 0.897426 0.768554
148.5 0.807923 0.780853
148.6 0.684171 0.791643
148.7 0.495375 0.800238
148.8 0.167469 0.805254
148.9 -0.467536 0.803603
149 -1.42438 0.789948
149.1 -1.88203 0.764847
149.2 -1.96802 0.736377
149.3 -1.99479 0.707539
149.4 -1.9997 0.678672
149.5 -1.99574 0.649879
149.6 -1.98822 0.6212
149.7 -1.9793 0.592651
149.8 -1.96981 0.564238
149.9 -1.96006 0.535964
150 -1.95017 0.507832
150.1 -1.94017 0.479844
150.2 -1.93007 0.452
150.3 -1.91989 0.424302
150.4 -1.9096 0.396752
150.5 -1.89923 0.36935
150.6 -1.88875 0.342098
150.7 -1.87817 0.314997
150.8 -1.86749 0.28805
150.9 -1.85669 0.261257
151 -1.84579 0.23462
151.1 -1.83476 0.208141
151.2 -1.82362 0.181821
151.3 -1.81235 0.155663
151.4 -1.80095 0.129668
151.5 -1.78942 0.103837
151.6 -1.77775 0.0781739
151.7 -1.76593 0.0526795
151.8 -1.75397 0.0273561
151.9 -1.74184 0.00220608
152 -1.72955 -0.0227683
152.1 -1.71709 -0.0475647
152.2 -1.70445 -0.0721805
152.3 -1.69163 -0.0966131
152.4 -1.67861 -0.12086
152.5 -1.66538 -0.144918
152.6 -1.65193 -0.168784
152.7 -1.63826 -0.192454
152.8 -1.62434 -0.215927
152.9 -1.61017 -0.239197
153 -1.59573 -0.262262
153.1 -1.58101 -0.285116
153.2 -1.56597 -0.307757
153.3 -1.55061 -0.330179
153.4 -1.53491 -0.352378
153.5 -1.51883 -0.374347
153.6 -1.50234 -0.396083
153.7 -1.48542 -0.417578
153.8 -1.46802 -0.438827
153.9 -1.45011 -0.459821
154 -1.43164 -0.480554
154.1 -1.41254 -0.501017
154.2 -1.39276 -0.5212
154.3 -1.37221 -0.541093
154.4 -1.3508 -0.560684
154.5 -1.32842 -0.57996
154.6 -1.30493 -0.598907
154.7 -1.28016 -0.617506
154.8 -1.25389 -0.635739
154.9 -1.22586 -0.653581
155 -1.1957 -0.671005
155.1 -1.16294 -0.687977
155.2 -1.12691 -0.704456
155.3 -1.0867 -0.720387
155.4 -1.04094 -0.735701
155.5 -0.987519 -0.750305
155.6 -0.923022 -0.764066
155.7 -0.841517 -0.776786
155.8 -0.731815 -0.78815
155.9 -0.570586 -0.797604
156 -0.303474 -0.804078
156.1 0.201445 -0.80523
156.2 1.10069 -0.796225
156.3 1.81639 -0.774252
156.4 1.94891 -0.746155
156.5 1.98917 -0.71738
156.6 1.99945 -0.688506
156.7 1.99766 -0.659682
156.8 1.99101 -0.630962
156.9 1.98243 -0.602367
157 1.97308 -0.573907
157.1 1.9634 -0.545585
157.2 1.95355 -0.517405
157.3 1.94359 -0.489368
157.4 1.93352 -0.461475
157.5 1.92337 -0.433727
157.6 1.91312 -0.406126
157.7 1.90278 -0.378673
157.8 1.89233 -0.35137
157.9 1.88179 -0.324218
158 1.87114 -0.297218
158.1 1.86038 -0.270372
158.2 1.84952 -0.243682
158.3 1.83853 -0.217149
158.4 1.82743 -0.190775
158.5 1.81621 -0.164561
158.6 1.80485 -0.13851
158.7 1.79337 -0.112623
158.8 1.78174 -0.0869025
158.9 1.76998 -0.0613502
159 1.75806 -0.0359683
159.1 1.74599 -0.0107589
159.2 1.73376 0.0142756
159.3 1.72136 0.0391329
159.4 1.70878 0.0638106
159.5 1.69602 0.088306
159.6 1.68307 0.112616
159.7 1.66991 0.136739
159.8 1.65654 0.160671
159.9 1.64295 0.184408
160 1.62911 0.207949
160.1 1.61503 0.231288
160.2 1.60069 0.254423
160.3 1.58606 0.27735
160.4 1.57113 0.300064
160.5 1.55589 0.322561
160.6 1.5403 0.344836
160.7 1.52435 0.366885
160.8 1.50801 0.388701
160.9 1.49124 0.410279
161 1.47401 0.431612
161.1 1.45628 0.452694
161.2 1.438 0.473517
161.3 1.41913 0.494073
161.4 1.39959 0.514352
161.5 1.37931 0.534346
161.6 1.3582 0.554041
161.7 1.33617 0.573426
161.8 1.31307 0.592487
161.9 1.28876 0.611207
162 1.26303 0.629567
162.1 1.23563 0.647545
162.2 1.20624 0.665115
162.3 1.17443 0.682246
162.4 1.13961 0.698898
162.5 1.10095 0.715022
162.6 1.05727 0.730556
162.7 1.00676 0.745415
162.8 0.946546 0.759481
162.9 0.871746 0.772584
163 0.773444 0.784456
163.1 0.633702 0.794647
163.2 0.412251 0.802312
163.3 0.0105291 0.805675
163.4 -0.759373 0.800813
163.5 -1.66063 0.782883
163.6 -1.91491 0.755858
163.7 -1.97816 0.727231
163.8 -1.99706 0.698375
163.9 -1.99876 0.669528
164 -1.99349 0.64077
164.1 -1.98545 0.612132
164.2 -1.97632 0.583625
164.3 -1.96673 0.555256
164.4 -1.95693 0.527027
164.5 -1.947 0.498941
164.6 -1.93698 0.470998
164.7 -1.92685 0.443201
164.8 -1.91664 0.415549
164.9 -1.90632 0.388046
165 -1.89592 0.360691
165.1 -1.88541 0.333487
165.2 -1.87479 0.306435
165.3 -1.86408 0.279536
165.4 -1.85325 0.252793
165.5 -1.8423 0.226206
165.6 -1.83124 0.199777
165.7 -1.82006 0.173508
165.8 -1.80875 0.147401
165.9 -1.79731 0.121458
166 -1.78574 0.0956806
166.1 -1.77402 0.0700705
166.2 -1.76216 0.0446301
166.3 -1.75014 0.0193615
166.4 -1.73796 -0.00573314
166.5 -1.72562 -0.0306513
166.6 -1.7131 -0.0553907
166.7 -1.70041 -0.0799487
166.8 -1.68752 -0.104323
166.9 -1.67443 -0.12851
167 -1.66114 -0.152507
167.1 -1.64762 -0.176312
167.2 -1.63387 -0.19992
167.3 -1.61988 -0.223328
167.4 -1.60562 -0.246534
167.5 -1.59109 -0.269532
167.6 -1.57627 -0.29232
167.7 -1.56114 -0.314891
167.8 -1.54567 -0.337243
167.9 -1.52985 -0.35937
168 -1.51364 -0.381266
168.1 -1.49702 -0.402926
168.2 -1.47996 -0.424344
168.3 -1.4624 -0.445513
168.4 -1.44432 -0.466425
168.5 -1.42565 -0.487073
168.6 -1.40635 -0.507448
168.7 -1.38633 -0.52754
168.8 -1.36552 -0.547339
168.9 -1.34382 -0.566832
169 -1.3211 -0.586005
169.1 -1.29722 -0.604844
169.2 -1.272 -0.623329
169.3 -1.24521 -0.641441
169.4 -1.21654 -0.659154
169.5 -1.18562 -0.676438
169.6 -1.1519 -0.693259
169.7 -1.11467 -0.70957
169.8 -1.07287 -0.725314
169.9 -1.02496 -0.740415
170 -0.96848 -0.754768
170.1 -0.899404 -0.768225
170.2 -0.810546 -0.780557
170.3 -0.687945 -0.791391
170.4 -0.501448 -0.800055
170.5 -0.178684 -0.80519
170.6 0.445852 -0.803771
170.7 1.40221 -0.790468
170.8 1.87899 -0.765563
170.9 1.9671 -0.737108
171 1.99457 -0.708272
171.1 1.99976 -0.679404
171.2 1.99591 -0.650609
171.3 1.98844 -0.621926
171.4 1.97954 -0.593373
171.5 1.97005 -0.564957
171.6 1.96031 -0.53668
171.7 1.95042 -0.508545
171.8 1.94042 -0.480552
171.9 1.93033 -0.452705
172 1.92015 -0.425003
172.1 1.90987 -0.397449
172.2 1.89949 -0.370043
172.3 1.88902 -0.342788
172.4 1.87844 -0.315683
172.5 1.86776 -0.288732
172.6 1.85697 -0.261935
172.7 1.84606 -0.235294
172.8 1.83504 -0.208811
172.9 1.8239 -0.182487
173 1.81264 -0.156325
173.1 1.80124 -0.130325
173.2 1.78972 -0.104491
173.3 1.77805 -0.078823
173.4 1.76624 -0.0533242
173.5 1.75427 -0.0279965
173.6 1.74215 -0.00284205
173.7 1.72987 0.0221368
173.8 1.71741 0.0469378
173.9 1.70478 0.0715582
174 1.69196 0.0959955
174.1 1.67894 0.120247
174.2 1.66572 0.14431
174.3 1.65228 0.16818
174.4 1.63861 0.191856
174.5 1.6247 0.215334
174.6 1.61054 0.238609
174.7 1.5961 0.261679
174.8 1.58138 0.284539
174.9 1.56636 0.307185
175 1.55101 0.329613
175.1 1.53531 0.351817
175.2 1.51924 0.373793
175.3 1.50276 0.395534
175.4 1.48585 0.417036
175.5 1.46847 0.438291
175.6 1.45058 0.459292
175.7 1.43212 0.480031
175.8 1.41304 0.500501
175.9 1.39327 0.520691
176 1.37274 0.540592
176.1 1.35136 0.560191
176.2 1.329 0.579475
176.3 1.30554 0.59843
176.4 1.2808 0.617039
176.5 1.25458 0.635281
176.6 1.22659 0.653134
176.7 1.19649 0.670569
176.8 1.1638 0.687553
176.9 1.12788 0.704044
177 1.08779 0.71999
177.1 1.04219 0.735321
177.2 0.988993 0.749945
177.3 0.924836 0.763729
177.4 0.843869 0.776479
177.5 0.735096 0.787882
177.6 0.575649 0.797395
177.7 0.31239 0.803965
177.8 -0.183925 0.8053
177.9 -1.07525 0.796625
178 -1.80845 0.774924
178.1 -1.94676 0.746877
178.2 -1.98848 0.71811
178.3 -1.99933 0.689237
178.4 -1.99777 0.660411
178.5 -1.9912 0.631687
178.6 -1.98266 0.603089
178.7 -1.97332 0.574626
178.8 -1.96365 0.546301
178.9 -1.9538 0.518117
179 -1.94384 0.490076
179.1 -1.93378 0.462179
179.2 -1.92363 0.434428
179.3 -1.91338 0.406823
179.4 -1.90304 0.379367
179.5 -1.8926 0.35206
179.6 -1.88206 0.324903
179.7 -1.87141 0.2979
179.8 -1.86066 0.27105
179.9 -1.84979 0.244356
180 -1.83881 0.217819
180.1 -1.82771 0.191441
180.2 -1.81649 0.165223
180.3 -1.80514 0.139168
180.4 -1.79366 0.113277
180.5 -1.78204 0.0875519
180.6 -1.77028 0.0619953
180.7 -1.75837 0.0366091
180.8 -1.7463 0.0113953
180.9 -1.73407 -0.0136437
181 -1.72168 -0.0385055
181.1 -1.7091 -0.0631878
181.2 -1.69635 -0.0876878
181.3 -1.6834 -0.112003
181.4 -1.67025 -0.13613
181.5 -1.65688 -0.160067
181.6 -1.64329 -0.183809
181.7 -1.62947 -0.207355
181.8 -1.61539 -0.2307
181.9 -1.60105 -0.25384
182 -1.58643 -0.276772
182.1 -1.57151 -0.299491
182.2 -1.55628 -0.321994
182.3 -1.5407 -0.344275
182.4 -1.52476 -0.366329
182.5 -1.50843 -0.388151
182.6 -1.49167 -0.409735
182.7 -1.47445 -0.431075
182.8 -1.45674 -0.452163
182.9 -1.43847 -0.472993
183 -1.41961 -0.493556
183.1 -1.40009 -0.513842
183.2 -1.37983 -0.533843
183.3 -1.35875 -0.553546
183.4 -1.33674 -0.572939
183.5 -1.31367 -0.592008
183.6 -1.28939 -0.610737
183.7 -1.2637 -0.629106
183.8 -1.23635 -0.647095
183.9 -1.20702 -0.664675
184 -1.17527 -0.681817
184.1 -1.14053 -0.698482
184.2 -1.10199 -0.71462
184.3 -1.05846 -0.73017
184.4 -1.00815 -0.745047
184.5 -0.948225 -0.759136
184.6 -0.87388 -0.772266
184.7 -0.77634 -0.784174
184.8 -0.638004 -0.794415
184.9 -0.419473 -0.80216
185 -0.024387 -0.805669
185.1 0.734707 -0.801086
185.2 1.64476 -0.783486
185.3 1.91227 -0.75658
185.4 1.97732 -0.727965
185.5 1.99687 -0.699111
185.6 1.99883 -0.670262
185.7 1.99367 -0.641502
185.8 1.98567 -0.61286
185.9 1.97656 -0.58435
186 1.96698 -0.555977
186.1 1.95718 -0.527745
186.2 1.94726 -0.499655
186.3 1.93723 -0.471709
186.4 1.92711 -0.443907
186.5 1.9169 -0.416252
186.6 1.90659 -0.388745
186.7 1.89618 -0.361386
186.8 1.88568 -0.334178
186.9 1.87507 -0.307122
187 1.86435 -0.28022
187.1 1.85352 -0.253472
187.2 1.84258 -0.226881
187.3 1.83153 -0.200449
187.4 1.82035 -0.174176
187.5 1.80904 -0.148065
187.6 1.7976 -0.122117
187.7 1.78603 -0.0963354
187.8 1.77432 -0.070721
187.9 1.76246 -0.0452763
188 1.75045 -0.0200032
188.1 1.73827 0.00509583
188.2 1.72594 0.0300186
188.3 1.71343 0.0547625
188.4 1.70073 0.0793252
188.5 1.68785 0.103704
188.6 1.67477 0.127896
188.7 1.66148 0.151898
188.8 1.64797 0.175707
188.9 1.63423 0.199321
189 1.62024 0.222734
189.1 1.60599 0.245945
189.2 1.59147 0.268949
189.3 1.57665 0.291742
189.4 1.56153 0.314319
189.5 1.54607 0.336676
189.6 1.53026 0.358809
189.7 1.51406 0.380711
189.8 1.49745 0.402377
189.9 1.4804 0.423801
190 1.46286 0.444976
190.1 1.44479 0.465895
190.2 1.42614 0.48655
190.3 1.40685 0.506932
190.4 1.38685 0.527032
190.5 1.36606 0.546838
190.6 1.34438 0.566339
190.7 1.32169 0.585521
190.8 1.29785 0.604368
190.9 1.27266 0.622863
191 1.24591 0.640984
191.1 1.2173 0.658707
191.2 1.18644 0.676004
191.3 1.1528 0.692836
191.4 1.11567 0.709161
191.5 1.07401 0.72492
191.6 1.02627 0.740039
191.7 0.970053 0.754413
191.8 0.90137 0.767895
191.9 0.813148 0.780259
192 0.69168 0.791138
192.1 0.507439 0.79987
192.2 0.18971 0.805122
192.3 -0.424464 0.803931
192.4 -1.37965 0.79098
192.5 -1.87577 0.766277
192.6 -1.96613 0.737839
192.7 -1.99432 0.709005
192.8 -1.99981 0.680136
192.9 -1.99608 0.651338
193 -1.98866 0.622652
193.1 -1.97977 0.594096
193.2 -1.9703 0.565676
193.3 -1.96056 0.537395
193.4 -1.95067 0.509256
193.5 -1.94068 0.481261
193.6 -1.93059 0.453409
193.7 -1.9204 0.425704
193.8 -1.91013 0.398146
193.9 -1.89976 0.370736
194 -1.88928 0.343477
194.1 -1.87871 0.316369
194.2 -1.86803 0.289413
194.3 -1.85724 0.262613
194.4 -1.84634 0.235968
194.5 -1.83533 0.209481
194.6 -1.82419 0.183153
194.7 -1.81293 0.156986
194.8 -1.80154 0.130983
194.9 -1.79001 0.105144
195 -1.77835 0.0794718
195.1 -1.76654 0.0539688
195.2 -1.75458 0.0286367
195.3 -1.74246 0.00347779
195.4 -1.73018 -0.0215056
195.5 -1.71773 -0.046311
195.6 -1.7051 -0.0709361
195.7 -1.69228 -0.0953781
195.8 -1.67927 -0.119634
195.9 -1.66605 -0.143702
196 -1.65262 -0.167577
196.1 -1.63896 -0.191258
196.2 -1.62505 -0.214741
196.3 -1.6109 -0.238021
196.4 -1.59647 -0.261097
196.5 -1.58176 -0.283962
196.6 -1.56674 -0.306614
196.7 -1.5514 -0.329047
196.8 -1.53571 -0.351257
196.9 -1.51965 -0.373238
197 -1.50319 -0.394986
197.1 -1.48629 -0.416494
197.2 -1.46892 -0.437755
197.3 -1.45104 -0.458762
197.4 -1.43259 -0.479509
197.5 -1.41353 -0.499985
197.6 -1.39378 -0.520183
197.7 -1.37327 -0.540091
197.8 -1.35191 -0.559698
197.9 -1.32958 -0.57899
198 -1.30615 -0.597954
198.1 -1.28145 -0.616571
198.2 -1.25526 -0.634823
198.3 -1.22733 -0.652686
198.4 -1.19729 -0.670132
198.5 -1.16467 -0.687128
198.6 -1.12883 -0.703632
198.7 -1.08886 -0.719593
198.8 -1.04343 -0.73494
198.9 -0.990459 -0.749583
199 -0.926638 -0.763391
199.1 -0.846203 -0.77617
199.2 -0.738345 -0.787613
199.3 -0.580646 -0.797184
199.4 -0.321158 -0.80385
199.5 0.166707 -0.805364
199.6 1.04975 -0.797016
199.7 1.79995 -0.775591
199.8 1.94452 -0.747598
199.9 1.98776 -0.71884
200 1.99919 -0.689968
