0 2 0
0.1 1.79105 0.0264137
0.2 1.73282 0.05153
0.3 1.70749 0.0761433
0.4 1.69102 0.10048
0.5 1.67695 0.124604
0.6 1.66342 0.148532
0.7 1.64989 0.172266
0.8 1.63621 0.195806
0.9 1.62231 0.219148
1 1.60815 0.242289
1.1 1.59373 0.265226
1.2 1.57903 0.287954
1.3 1.56402 0.310469
1.4 1.54868 0.332767
1.5 1.53299 0.354842
1.6 1.51693 0.376691
1.7 1.50046 0.398306
1.8 1.48356 0.419682
1.9 1.46619 0.440813
2 1.44829 0.461691
2.1 1.42983 0.482308
2.2 1.41075 0.502657
2.3 1.39098 0.522728
2.4 1.37044 0.54251
2.5 1.34904 0.561992
2.6 1.32666 0.58116
2.7 1.30317 0.6
2.8 1.27839 0.618494
2.9 1.2521 0.636623
3 1.22404 0.654363
3.1 1.19384 0.671685
3.2 1.16101 0.688557
3.3 1.12489 0.704937
3.4 1.08453 0.720769
3.5 1.03854 0.735985
3.6 0.984772 0.75049
3.7 0.919715 0.764149
3.8 0.837252 0.77676
3.9 0.725781 0.788002
4 0.56093 0.797308
4.1 0.28548 0.803564
4.2 -0.239196 0.80433
4.3 -1.15737 0.794639
4.4 -1.83297 0.772155
4.5 -1.95253 0.744074
4.6 -1.98984 0.715408
4.7 -1.99922 0.68666
4.8 -1.99717 0.657966
4.9 -1.99047 0.629377
5 -1.9819 0.600913
5.1 -1.97258 0.572582
5.2 -1.96294 0.54439
5.3 -1.95313 0.516337
5.4 -1.9432 0.488426
5.5 -1.93318 0.460658
5.6 -1.92307 0.433034
5.7 -1.91286 0.405556
5.8 -1.90256 0.378224
5.9 -1.89216 0.351041
6 -1.88166 0.324008
6.1 -1.87105 0.297126
6.2 -1.86034 0.270396
6.3 -1.84952 0.243821
6.4 -1.83858 0.217401
6.5 -1.82753 0.19114
6.6 -1.81635 0.165037
6.7 -1.80505 0.139095
6.8 -1.79362 0.113317
6.9 -1.78204 0.0877027
7 -1.77033 0.0622556
7.1 -1.75847 0.0369773
7.2 -1.74646 0.01187
7.3 -1.73428 -0.013064
7.4 -1.72194 -0.0378224
7.5 -1.70943 -0.0624028
7.6 -1.69673 -0.0868026
7.7 -1.68384 -0.111019
7.8 -1.67075 -0.135049
7.9 -1.65745 -0.158891
8 -1.64393 -0.18254
8.1 -1.63018 -0.205994
8.2 -1.61617 -0.229249
8.3 -1.60191 -0.252302
8.4 -1.58737 -0.275148
8.5 -1.57253 -0.297784
8.6 -1.55738 -0.320205
8.7 -1.54189 -0.342407
8.8 -1.52605 -0.364384
8.9 -1.50981 -0.386131
9 -1.49316 -0.407643
9.1 -1.47606 -0.428913
9.2 -1.45846 -0.449935
9.3 -1.44033 -0.4707
9.4 -1.42161 -0.491202
9.5 -1.40223 -0.511431
9.6 -1.38214 -0.531378
9.7 -1.36123 -0.55103
9.8 -1.33942 -0.570377
9.9 -1.31658 -0.589404
10 -1.29255 -0.608096
10.1 -1.26714 -0.626434
10.2 -1.24012 -0.644396
10.3 -1.21118 -0.661958
10.4 -1.1799 -0.67909
10.5 -1.14573 -0.695753
10.6 -1.1079 -0.711901
10.7 -1.0653 -0.727475
10.8 -1.01625 -0.742395
10.9 -0.958112 -0.756551
11 -0.886455 -0.769784
11.1 -0.793289 -0.781849
11.2 -0.662802 -0.79234
11.3 -0.460108 -0.800506
11.4 -0.100221 -0.804799
11.5 0.598857 -0.801758
11.6 1.54713 -0.786115
11.7 1.8971 -0.760078
11.8 1.97184 -0.731654
11.9 1.99519 -0.702935
12 1.99888 -0.674205
12.1 1.9945 -0.645554
12.2 1.98685 -0.617018
12.3 1.9779 -0.588612
12.4 1.96842 -0.560341
12.5 1.9587 -0.532208
12.6 1.94884 -0.504217
12.7 1.93887 -0.476368
12.8 1.92881 -0.448662
12.9 1.91865 -0.421101
13 1.9084 -0.393686
13.1 1.89806 -0.366419
13.2 1.88762 -0.339301
13.3 1.87707 -0.312333
13.4 1.86642 -0.285516
13.5 1.85566 -0.258854
13.6 1.84479 -0.232346
13.7 1.8338 -0.205995
13.8 1.8227 -0.179802
13.9 1.81147 -0.153768
14 1.80011 -0.127897
14.1 1.78861 -0.10219
14.2 1.77698 -0.0766479
14.3 1.76521 -0.0512738
14.4 1.75328 -0.0260693
14.5 1.7412 -0.00103692
14.6 1.72895 0.0238213
14.7 1.71654 0.0485028
14.8 1.70395 0.0730052
14.9 1.69117 0.0973258
15 1.67819 0.121462
15.1 1.66501 0.145411
15.2 1.65162 0.169169
15.3 1.638 0.192734
15.4 1.62413 0.216102
15.5 1.61002 0.23927
15.6 1.59564 0.262234
15.7 1.58097 0.284989
15.8 1.566 0.307533
15.9 1.55071 0.329859
16 1.53507 0.351964
16.1 1.51906 0.373842
16.2 1.50264 0.395488
16.3 1.4858 0.416896
16.4 1.46849 0.438059
16.5 1.45067 0.458971
16.6 1.43229 0.479623
16.7 1.41329 0.500008
16.8 1.39361 0.520116
16.9 1.37318 0.539936
17 1.3519 0.559458
17.1 1.32965 0.578668
17.2 1.30631 0.597552
17.3 1.28171 0.616092
17.4 1.25564 0.63427
17.5 1.22783 0.652062
17.6 1.19793 0.669442
17.7 1.16548 0.686375
17.8 1.12983 0.702821
17.9 1.0901 0.718729
18 1.04495 0.73403
18.1 0.992363 0.748635
18.2 0.929058 0.762414
18.3 0.849372 0.775178
18.4 0.742694 0.786624
18.5 0.587052 0.79623
18.6 0.331561 0.802984
18.7 -0.14841 0.804692
18.8 -1.0258 0.796702
18.9 -1.7927 0.775614
19 -1.94156 0.747781
19.1 -1.98626 0.719158
19.2 -1.99853 0.690414
19.3 -1.99767 0.661711
19.4 -1.99144 0.633107
19.5 -1.98306 0.604626
19.6 -1.97382 0.576278
19.7 -1.96421 0.548067
19.8 -1.95442 0.519996
19.9 -1.94451 0.492066
20 -1.9345 0.464279
20.1 -1.92439 0.436636
20.2 -1.9142 0.409139
20.3 -1.90391 0.381788
20.4 -1.89352 0.354586
20.5 -1.88303 0.327533
20.6 -1.87244 0.300631
20.7 -1.86175 0.273881
20.8 -1.85094 0.247286
20.9 -1.84002 0.220846
21 -1.82898 0.194563
21.1 -1.81782 0.16844
21.2 -1.80653 0.142477
21.3 -1.79512 0.116677
21.4 -1.78356 0.0910415
21.5 -1.77187 0.0655724
21.6 -1.76003 0.0402719
21.7 -1.74804 0.0151422
21.8 -1.73588 -0.00981463
21.9 -1.72357 -0.0345961
22 -1.71107 -0.0591999
22.1 -1.6984 -0.0836235
22.2 -1.68554 -0.107864
22.3 -1.67248 -0.131919
22.4 -1.6592 -0.155785
22.5 -1.64571 -0.17946
22.6 -1.63199 -0.20294
22.7 -1.61802 -0.226221
22.8 -1.60379 -0.2493
22.9 -1.58928 -0.272174
23 -1.57449 -0.294837
23.1 -1.55938 -0.317286
23.2 -1.54394 -0.339517
23.3 -1.52814 -0.361524
23.4 -1.51196 -0.383302
23.5 -1.49536 -0.404845
23.6 -1.47832 -0.426147
23.7 -1.46079 -0.447201
23.8 -1.44273 -0.468001
23.9 -1.42409 -0.488538
24 -1.4048 -0.508803
24.1 -1.38481 -0.528787
24.2 -1.36402 -0.548479
24.3 -1.34233 -0.567866
24.4 -1.31963 -0.586936
24.5 -1.29576 -0.605672
24.6 -1.27055 -0.624058
24.7 -1.24376 -0.64207
24.8 -1.21508 -0.659686
24.9 -1.18414 -0.676876
25 -1.15039 -0.693603
25.1 -1.11309 -0.709821
25.2 -1.07119 -0.725475
25.3 -1.02311 -0.740485
25.4 -0.966359 -0.754749
25.5 -0.896821 -0.768114
25.6 -0.80713 -0.780351
25.7 -0.682908 -0.791079
25.8 -0.492905 -0.799613
25.9 -0.161666 -0.804552
26 0.481715 -0.802771
26.1 1.44164 -0.788921
26.2 1.88373 -0.763766
26.3 1.96772 -0.735406
26.4 1.99425 -0.706695
26.5 1.99925 -0.677956
26.6 1.99541 -0.649291
26.7 1.98798 -0.620739
26.8 1.97912 -0.592315
26.9 1.96968 -0.564026
27 1.95998 -0.535875
27.1 1.95013 -0.507865
27.2 1.94018 -0.479997
27.3 1.93013 -0.452273
27.4 1.91998 -0.424693
27.5 1.90975 -0.397259
27.6 1.89942 -0.369972
27.7 1.88899 -0.342834
27.8 1.87845 -0.315847
27.9 1.86782 -0.289011
28 1.85707 -0.262328
28.1 1.84622 -0.2358
28.2 1.83525 -0.209428
28.3 1.82416 -0.183214
28.4 1.81294 -0.15716
28.5 1.8016 -0.131267
28.6 1.79012 -0.105538
28.7 1.77851 -0.0799749
28.8 1.76675 -0.0545787
28.9 1.75485 -0.029352
29 1.74279 -0.00429694
29.1 1.73056 0.0205841
29.2 1.71817 0.0452889
29.3 1.7056 0.0698148
29.4 1.69285 0.0941593
29.5 1.6799 0.11832
29.6 1.66675 0.142293
29.7 1.65338 0.166077
29.8 1.63979 0.189667
29.9 1.62596 0.213061
30 1.61188 0.236255
30.1 1.59753 0.259246
30.2 1.5829 0.282029
30.3 1.56797 0.3046
30.4 1.55272 0.326955
30.5 1.53713 0.349089
30.6 1.52117 0.370997
30.7 1.50481 0.392674
30.8 1.48803 0.414113
30.9 1.47078 0.435309
31 1.45303 0.456254
31.1 1.43472 0.476941
31.2 1.41581 0.497361
31.3 1.39622 0.517505
31.4 1.37589 0.537364
31.5 1.35473 0.556925
31.6 1.33262 0.576177
31.7 1.30943 0.595104
31.8 1.285 0.61369
31.9 1.25914 0.631917
32 1.23157 0.649761
32.1 1.20197 0.667196
32.2 1.16988 0.68419
32.3 1.1347 0.700702
32.4 1.09556 0.716684
32.5 1.05122 0.732069
32.6 0.999753 0.746771
32.7 0.938102 0.760667
32.8 0.861013 0.773578
32.9 0.758762 0.785219
33 0.611494 0.795108
33.1 0.373884 0.802323
33.2 -0.0655181 0.80489
33.3 -0.893597 0.798511
33.4 -1.73715 0.778945
33.5 -1.92842 0.751481
33.6 -1.98191 0.722914
33.7 -1.99754 0.694177
33.8 -1.99805 0.665466
33.9 -1.99237 0.636848
34 -1.98421 0.608351
34.1 -1.97505 0.579985
34.2 -1.96548 0.551756
34.3 -1.95571 0.523666
34.4 -1.94581 0.495718
34.5 -1.93581 0.467912
34.6 -1.92572 0.440251
34.7 -1.91554 0.412734
34.8 -1.90526 0.385364
34.9 -1.89489 0.358142
35 -1.88441 0.331069
35.1 -1.87384 0.304147
35.2 -1.86315 0.277378
35.3 -1.85236 0.250762
35.4 -1.84146 0.224302
35.5 -1.83043 0.197999
35.6 -1.81929 0.171854
35.7 -1.80802 0.14587
35.8 -1.79662 0.120049
35.9 -1.78509 0.0943914
36 -1.77341 0.0689004
36.1 -1.76159 0.0435777
36.2 -1.74962 0.0184254
36.3 -1.73749 -0.00655415
36.4 -1.72519 -0.0313588
36.5 -1.71272 -0.055986
36.6 -1.70007 -0.0804333
36.7 -1.68723 -0.104698
36.8 -1.6742 -0.128777
36.9 -1.66096 -0.152669
37 -1.64749 -0.176369
37.1 -1.6338 -0.199874
37.2 -1.61986 -0.223181
37.3 -1.60567 -0.246287
37.4 -1.5912 -0.269188
37.5 -1.57644 -0.291879
37.6 -1.56138 -0.314357
37.7 -1.54598 -0.336617
37.8 -1.53023 -0.358653
37.9 -1.5141 -0.380461
38 -1.49756 -0.402035
38.1 -1.48058 -0.423369
38.2 -1.46312 -0.444457
38.3 -1.44513 -0.46529
38.4 -1.42657 -0.485862
38.5 -1.40737 -0.506163
38.6 -1.38747 -0.526184
38.7 -1.36679 -0.545915
38.8 -1.34523 -0.565343
38.9 -1.32267 -0.584456
39 -1.29896 -0.603237
39.1 -1.27394 -0.621669
39.2 -1.24737 -0.639732
39.3 -1.21896 -0.657402
39.4 -1.18834 -0.674649
39.5 -1.15499 -0.691439
39.6 -1.11821 -0.707727
39.7 -1.07699 -0.723458
39.8 -1.02984 -0.738558
39.9 -0.974413 -0.752927
40 -0.906875 -0.766421
40.1 -0.820434 -0.778823
40.2 -0.701992 -0.789779
40.3 -0.523505 -0.798658
40.4 -0.21801 -0.804193
40.5 0.372016 -0.803573
40.6 1.32474 -0.79153
40.7 1.86715 -0.76742
40.8 1.96266 -0.739146
40.9 1.99293 -0.710446
41 1.99946 -0.681701
41.1 1.99625 -0.653023
41.2 1.98908 -0.624454
41.3 1.98033 -0.596013
41.4 1.97094 -0.567706
41.5 1.96126 -0.539537
41.6 1.95142 -0.511509
41.7 1.94148 -0.483622
41.8 1.93144 -0.455879
41.9 1.92131 -0.42828
42 1.91109 -0.400827
42.1 1.90077 -0.373521
42.2 1.89035 -0.346364
42.3 1.87983 -0.319357
42.4 1.86921 -0.292501
42.5 1.85848 -0.265798
42.6 1.84764 -0.239249
42.7 1.83668 -0.212857
42.8 1.82561 -0.186622
42.9 1.81441 -0.160547
43 1.80309 -0.134634
43.1 1.79163 -0.108883
43.2 1.78003 -0.0832981
43.3 1.76829 -0.05788
43.4 1.75641 -0.0326311
43.5 1.74437 -0.00755353
43.6 1.73217 0.0173504
43.7 1.7198 0.0420782
43.8 1.70725 0.0666276
43.9 1.69452 0.0909959
44 1.6816 0.115181
44.1 1.66847 0.139179
44.2 1.65513 0.162987
44.3 1.64157 0.186603
44.4 1.62778 0.210023
44.5 1.61373 0.233243
44.6 1.59942 0.25626
44.7 1.58483 0.279071
44.8 1.56994 0.30167
44.9 1.55473 0.324053
45 1.53918 0.346216
45.1 1.52327 0.368154
45.2 1.50697 0.389861
45.3 1.49024 0.411332
45.4 1.47306 0.43256
45.5 1.45537 0.453538
45.6 1.43714 0.474259
45.7 1.41831 0.494714
45.8 1.39882 0.514895
45.9 1.37859 0.534791
46 1.35754 0.554392
46.1 1.33556 0.573685
46.2 1.31252 0.592655
46.3 1.28827 0.611287
46.4 1.2626 0.629562
46.5 1.23527 0.647457
46.6 1.20596 0.664947
46.7 1.17423 0.682
46.8 1.13949 0.698578
46.9 1.10093 0.714632
47 1.05735 0.7301
47.1 1.00696 0.744897
47.2 0.946871 0.758907
47.3 0.872215 0.771959
47.4 0.774063 0.783788
47.5 0.634435 0.793944
47.6 0.412883 0.801587
47.7 0.0100885 0.804939
47.8 -0.763672 0.800067
47.9 -1.66557 0.782134
48 -1.91459 0.75518
48.1 -1.97738 0.726675
48.2 -1.99646 0.697947
48.3 -1.99839 0.669228
48.4 -1.99328 0.640596
48.5 -1.98534 0.612082
48.6 -1.97628 0.583698
48.7 -1.96675 0.555451
48.8 -1.957 0.527343
48.9 -1.94712 0.499377
49 -1.93713 0.471552
49.1 -1.92705 0.443871
49.2 -1.91688 0.416336
49.3 -1.90662 0.388946
49.4 -1.89625 0.361705
49.5 -1.88579 0.334613
49.6 -1.87523 0.307671
49.7 -1.86456 0.280881
49.8 -1.85378 0.254245
49.9 -1.84289 0.227764
50 -1.83189 0.20144
50.1 -1.82076 0.175275
50.2 -1.80951 0.14927
50.3 -1.79812 0.123427
50.4 -1.78661 0.0977479
50.5 -1.77495 0.072235
50.6 -1.76315 0.0468901
50.7 -1.7512 0.0217154
50.8 -1.73909 -0.00328697
50.9 -1.72681 -0.0281147
51 -1.71437 -0.0527653
51.1 -1.70174 -0.0772364
51.2 -1.68893 -0.101525
51.3 -1.67592 -0.125629
51.4 -1.6627 -0.149545
51.5 -1.64927 -0.17327
51.6 -1.63561 -0.196801
51.7 -1.62171 -0.220135
51.8 -1.60755 -0.243268
51.9 -1.59312 -0.266195
52 -1.5784 -0.288914
52.1 -1.56337 -0.31142
52.2 -1.54802 -0.333709
52.3 -1.53232 -0.355775
52.4 -1.51624 -0.377613
52.5 -1.49976 -0.399218
52.6 -1.48283 -0.420584
52.7 -1.46544 -0.441704
52.8 -1.44752 -0.462572
52.9 -1.42904 -0.483178
53 -1.40993 -0.503515
53.1 -1.39012 -0.523574
53.2 -1.36955 -0.543344
53.3 -1.34811 -0.562812
53.4 -1.32569 -0.581967
53.5 -1.30214 -0.600792
53.6 -1.2773 -0.619271
53.7 -1.25095 -0.637384
53.8 -1.2228 -0.655107
53.9 -1.1925 -0.672411
54 -1.15955 -0.689263
54.1 -1.12327 -0.70562
54.2 -1.0827 -0.721428
54.3 -1.03643 -0.736616
54.4 -0.982271 -0.751088
54.5 -0.916624 -0.764707
54.6 -0.833221 -0.777269
54.7 -0.720112 -0.788442
54.8 -0.552085 -0.797646
54.9 -0.269684 -0.803733
55 0.27035 -0.804175
55.1 1.19928 -0.793918
55.2 1.84309 -0.771011
55.3 1.95546 -0.742871
55.4 1.99077 -0.714194
55.5 1.99934 -0.685446
55.6 1.99697 -0.656756
55.7 1.99014 -0.628172
55.8 1.98152 -0.599713
55.9 1.97218 -0.571388
56 1.96253 -0.543201
56.1 1.95271 -0.515155
56.2 1.94278 -0.48725
56.3 1.93276 -0.459487
56.4 1.92264 -0.43187
56.5 1.91243 -0.404398
56.6 1.90212 -0.377072
56.7 1.89171 -0.349896
56.8 1.88121 -0.322869
56.9 1.8706 -0.295993
57 1.85989 -0.26927
57.1 1.84906 -0.242701
57.2 1.83812 -0.216289
57.3 1.82706 -0.190033
57.4 1.81588 -0.163937
57.5 1.80457 -0.138003
57.6 1.79313 -0.112231
57.7 1.78155 -0.086624
57.8 1.76983 -0.061184
57.9 1.75797 -0.0359129
58 1.74595 -0.0108129
58.1 1.73377 0.0141138
58.2 1.72142 0.0388647
58.3 1.7089 0.0634375
58.4 1.69619 0.0878296
58.5 1.68329 0.112038
58.6 1.6702 0.136061
58.7 1.65689 0.159894
58.8 1.64335 0.183535
58.9 1.62959 0.206981
59 1.61558 0.230227
59.1 1.6013 0.253271
59.2 1.58675 0.276109
59.3 1.5719 0.298736
59.4 1.55673 0.321148
59.5 1.54123 0.34334
59.6 1.52537 0.365307
59.7 1.50912 0.387045
59.8 1.49245 0.408547
59.9 1.47532 0.429807
60 1.45771 0.450817
60.1 1.43955 0.471572
60.2 1.4208 0.492063
60.3 1.4014 0.51228
60.4 1.38127 0.532214
60.5 1.36033 0.551854
60.6 1.33848 0.571188
60.7 1.31559 0.590201
60.8 1.2915 0.608878
60.9 1.26603 0.627201
61 1.23894 0.645147
61.1 1.20991 0.662691
61.2 1.17852 0.679803
61.3 1.14421 0.696446
61.4 1.10621 0.712571
61.5 1.06337 0.728119
61.6 1.014 0.74301
61.7 0.955398 0.75713
61.8 0.883029 0.77032
61.9 0.788686 0.782328
62 0.656056 0.792739
62.1 0.448979 0.800781
62.2 0.0791438 0.804854
62.3 -0.638237 0.801382
62.4 -1.57846 0.785168
62.5 -1.90128 0.75888
62.6 -1.97315 0.730437
62.7 -1.99549 0.701716
62.8 -1.99876 0.672988
62.9 -1.9942 0.644342
63 -1.98648 0.615812
63.1 -1.97751 0.587411
63.2 -1.96802 0.559146
63.3 -1.95828 0.531019
63.4 -1.94842 0.503034
63.5 -1.93844 0.475191
63.6 -1.92838 0.447491
63.7 -1.91822 0.419936
63.8 -1.90797 0.392528
63.9 -1.89762 0.365267
64 -1.88717 0.338155
64.1 -1.87662 0.311193
64.2 -1.86597 0.284383
64.3 -1.8552 0.257727
64.4 -1.84433 0.231226
64.5 -1.83334 0.204881
64.6 -1.82222 0.178695
64.7 -1.81099 0.152669
64.8 -1.79962 0.126805
64.9 -1.78812 0.101104
65 -1.77649 0.0755693
65.1 -1.7647 0.0502022
65.2 -1.75277 0.0250051
65.3 -1.74068 -2.00113e-05
65.4 -1.72843 -0.0248707
65.5 -1.71601 -0.0495447
65.6 -1.70341 -0.0740395
65.7 -1.69062 -0.0983524
65.8 -1.67764 -0.122481
65.9 -1.66445 -0.146421
66 -1.65105 -0.170172
66.1 -1.63741 -0.193729
66.2 -1.62354 -0.217088
66.3 -1.60942 -0.240247
66.4 -1.59502 -0.263202
66.5 -1.58034 -0.285949
66.6 -1.56536 -0.308483
66.7 -1.55005 -0.3308
66.8 -1.5344 -0.352896
66.9 -1.51837 -0.374764
67 -1.50194 -0.3964
67.1 -1.48508 -0.417798
67.2 -1.46774 -0.438951
67.3 -1.4499 -0.459851
67.4 -1.43149 -0.480493
67.5 -1.41247 -0.500866
67.6 -1.39276 -0.520961
67.7 -1.37229 -0.540769
67.8 -1.35097 -0.560278
67.9 -1.32869 -0.579475
68 -1.3053 -0.598344
68.1 -1.28064 -0.61687
68.2 -1.2545 -0.635032
68.3 -1.22661 -0.652807
68.4 -1.19661 -0.670168
68.5 -1.16404 -0.687082
68.6 -1.12824 -0.703507
68.7 -1.08831 -0.71939
68.8 -1.04289 -0.734664
68.9 -0.989927 -0.749237
69 -0.926066 -0.762977
69.1 -0.845501 -0.775693
69.2 -0.737313 -0.787074
69.3 -0.578785 -0.796584
69.4 -0.31707 -0.803181
69.5 0.176921 -0.804593
69.6 1.06863 -0.796062
69.7 1.80733 -0.774507
69.8 1.94541 -0.746581
69.9 1.98753 -0.717943
70 1.9988 -0.689197
70.1 1.99752 -0.660497
70.2 1.99113 -0.631898
70.3 1.98269 -0.603422
70.4 1.97342 -0.57508
70.5 1.9638 -0.546875
70.6 1.954 -0.51881
70.7 1.94408 -0.490886
70.8 1.93407 -0.463105
70.9 1.92396 -0.435468
71 1.91376 -0.407977
71.1 1.90347 -0.380633
71.2 1.89308 -0.353437
71.3 1.88259 -0.32639
71.4 1.87199 -0.299494
71.5 1.86129 -0.272751
71.6 1.85048 -0.246162
71.7 1.83955 -0.219729
71.8 1.82851 -0.193453
71.9 1.81735 -0.167337
72 1.80605 -0.141381
72.1 1.79463 -0.115588
72.2 1.78307 -0.089959
72.3 1.77137 -0.064497
72.4 1.75953 -0.0392037
72.5 1.74753 -0.0140813
72.6 1.73537 0.0108681
72.7 1.72304 0.0356422
72.8 1.71054 0.0602384
72.9 1.69786 0.0846542
73 1.68499 0.108887
73.1 1.67192 0.132934
73.2 1.65864 0.156792
73.3 1.64513 0.180459
73.4 1.6314 0.20393
73.5 1.61742 0.227203
73.6 1.60318 0.250273
73.7 1.58866 0.273138
73.8 1.57385 0.295793
73.9 1.55873 0.318233
74 1.54327 0.340454
74.1 1.52746 0.362451
74.2 1.51126 0.384219
74.3 1.49465 0.405752
74.4 1.47759 0.427044
74.5 1.46004 0.448088
74.6 1.44195 0.468876
74.7 1.42328 0.489402
74.8 1.40397 0.509655
74.9 1.38394 0.529627
75 1.36312 0.549306
75.1 1.34139 0.568681
75.2 1.31864 0.587737
75.3 1.29472 0.606459
75.4 1.26945 0.624828
75.5 1.24258 0.642825
75.6 1.21382 0.660424
75.7 1.18277 0.677594
75.8 1.14888 0.6943
75.9 1.11142 0.710497
76 1.06929 0.726124
76.1 1.0209 0.741106
76.2 0.96371 0.755335
76.3 0.893499 0.768658
76.4 0.802708 0.780839
76.5 0.676513 0.791492
76.6 0.482535 0.799909
76.7 0.142351 0.804644
76.8 -0.518873 0.802467
76.9 -1.47717 0.788033
77 -1.88824 0.762574
77.1 -1.9691 0.734192
77.2 -1.99458 0.705478
77.3 -1.99914 0.676742
77.4 -1.99512 0.648082
77.5 -1.98762 0.619535
77.6 -1.97873 0.591116
77.7 -1.96928 0.562833
77.8 -1.95957 0.534689
77.9 -1.94971 0.506685
78 -1.93975 0.478823
78.1 -1.9297 0.451104
78.2 -1.91955 0.42353
78.3 -1.90931 0.396103
78.4 -1.89898 0.368822
78.5 -1.88854 0.341691
78.6 -1.87801 0.314709
78.7 -1.86737 0.28788
78.8 -1.85662 0.261203
78.9 -1.84576 0.234682
79 -1.83478 0.208317
79.1 -1.82368 0.18211
79.2 -1.81246 0.156062
79.3 -1.80112 0.130177
79.4 -1.78964 0.104455
79.5 -1.77802 0.0788981
79.6 -1.76625 0.0535091
79.7 -1.75434 0.0282896
79.8 -1.74227 0.00324186
79.9 -1.73004 -0.0216318
80 -1.71764 -0.046329
80.1 -1.70507 -0.0708474
80.2 -1.6923 -0.0951842
80.3 -1.67935 -0.119337
80.4 -1.66619 -0.143302
80.5 -1.65281 -0.167078
80.6 -1.63921 -0.19066
80.7 -1.62537 -0.214046
80.8 -1.61128 -0.237231
80.9 -1.59692 -0.260213
81 -1.58228 -0.282987
81.1 -1.56734 -0.305549
81.2 -1.55207 -0.327895
81.3 -1.53646 -0.35002
81.4 -1.52049 -0.371918
81.5 -1.50411 -0.393585
81.6 -1.48731 -0.415014
81.7 -1.47004 -0.436199
81.8 -1.45226 -0.457133
81.9 -1.43393 -0.477809
82 -1.41499 -0.498218
82.1 -1.39538 -0.51835
82.2 -1.37502 -0.538196
82.3 -1.35381 -0.557745
82.4 -1.33166 -0.576983
82.5 -1.30842 -0.595897
82.6 -1.28394 -0.614468
82.7 -1.25801 -0.632679
82.8 -1.23037 -0.650506
82.9 -1.20067 -0.667923
83 -1.16846 -0.684898
83.1 -1.13313 -0.701389
83.2 -1.0938 -0.717347
83.3 -1.0492 -0.732705
83.4 -0.997381 -0.747375
83.5 -0.935204 -0.761234
83.6 -0.857294 -0.774098
83.7 -0.753647 -0.785677
83.8 -0.603752 -0.795476
83.9 -0.360563 -0.802545
84 0.0915291 -0.804843
84.1 0.936285 -0.797953
84.2 1.75689 -0.777882
84.3 1.93283 -0.750283
84.4 1.98337 -0.721697
84.5 1.99788 -0.692958
84.6 1.99793 -0.664249
84.7 1.99207 -0.635636
84.8 1.98384 -0.607143
84.9 1.97465 -0.578783
85 1.96507 -0.55056
85.1 1.95529 -0.522477
85.2 1.94539 -0.494534
85.3 1.93539 -0.466735
85.4 1.92529 -0.439079
85.5 1.91511 -0.411569
85.6 1.90482 -0.384205
85.7 1.89445 -0.356989
85.8 1.88397 -0.329923
85.9 1.87339 -0.303008
86 1.8627 -0.276245
86.1 1.8519 -0.249635
86.2 1.84099 -0.223182
86.3 1.82996 -0.196885
86.4 1.81881 -0.170747
86.5 1.80754 -0.14477
86.6 1.79613 -0.118956
86.7 1.78459 -0.0933056
86.8 1.77291 -0.0678217
86.9 1.76109 -0.0425062
87 1.74911 -0.0173612
87.1 1.73697 0.00761101
87.2 1.72466 0.0324081
87.3 1.71219 0.0570278
87.4 1.69953 0.0814674
87.5 1.68669 0.105724
87.6 1.67364 0.129796
87.7 1.66039 0.153679
87.8 1.64692 0.177371
87.9 1.63321 0.200868
88 1.61927 0.224167
88.1 1.60506 0.247264
88.2 1.59058 0.270156
88.3 1.57581 0.292838
88.4 1.56073 0.315307
88.5 1.54532 0.337557
88.6 1.52955 0.359584
88.7 1.51341 0.381382
88.8 1.49685 0.402946
88.9 1.47985 0.42427
89 1.46236 0.445346
89.1 1.44435 0.466169
89.2 1.42576 0.486729
89.3 1.40654 0.507019
89.4 1.38661 0.527028
89.5 1.36589 0.546746
89.6 1.34429 0.566161
89.7 1.32168 0.58526
89.8 1.29793 0.604027
89.9 1.27284 0.622444
90 1.2462 0.640491
90.1 1.21771 0.658143
90.2 1.18698 0.675371
90.3 1.15351 0.692141
90.4 1.11656 0.708407
90.5 1.07513 0.724113
90.6 1.02767 0.739184
90.7 0.971826 0.753519
90.8 0.903653 0.766972
90.9 0.816183 0.779321
91 0.69592 0.790204
91.1 0.513825 0.798973
91.2 0.200295 0.804321
91.3 -0.40668 0.803336
91.4 -1.36369 0.790709
91.5 -1.87312 0.766242
91.6 -1.96448 0.737936
91.7 -1.99343 0.709232
91.8 -1.99942 0.680489
91.9 -1.99599 0.651815
92 -1.98873 0.623251
92.1 -1.97994 0.594815
92.2 -1.97053 0.566514
92.3 -1.96084 0.538351
92.4 -1.95101 0.510329
92.5 -1.94106 0.482449
92.6 -1.93102 0.454711
92.7 -1.92088 0.427119
92.8 -1.91065 0.399672
92.9 -1.90033 0.372372
93 -1.88991 0.345221
93.1 -1.87939 0.31822
93.2 -1.86876 0.291371
93.3 -1.85803 0.264674
93.4 -1.84718 0.238132
93.5 -1.83622 0.211747
93.6 -1.82514 0.185519
93.7 -1.81394 0.159451
93.8 -1.8026 0.133544
93.9 -1.79114 0.1078
94 -1.77954 0.082222
94.1 -1.7678 0.056811
94.2 -1.7559 0.0315693
94.3 -1.74386 0.00649901
94.4 -1.73165 -0.0183975
94.5 -1.71927 -0.0431179
94.6 -1.70672 -0.0676597
94.7 -1.69398 -0.0920203
94.8 -1.68105 -0.116197
94.9 -1.66791 -0.140187
95 -1.65457 -0.163988
95.1 -1.641 -0.187595
95.2 -1.62719 -0.211007
95.3 -1.61313 -0.234219
95.4 -1.59881 -0.257227
95.5 -1.58421 -0.280029
95.6 -1.5693 -0.302619
95.7 -1.55408 -0.324993
95.8 -1.53852 -0.347147
95.9 -1.52259 -0.369075
96 -1.50627 -0.390772
96.1 -1.48953 -0.412233
96.2 -1.47232 -0.43345
96.3 -1.45461 -0.454417
96.4 -1.43636 -0.475127
96.5 -1.4175 -0.495571
96.6 -1.39798 -0.51574
96.7 -1.37772 -0.535625
96.8 -1.35663 -0.555213
96.9 -1.33461 -0.574492
97 -1.31152 -0.593449
97.1 -1.28721 -0.612066
97.2 -1.26148 -0.630325
97.3 -1.23408 -0.648204
97.4 -1.20467 -0.665676
97.5 -1.17282 -0.68271
97.6 -1.13795 -0.699267
97.7 -1.0992 -0.715298
97.8 -1.05538 -0.730739
97.9 -1.00464 -0.745505
98 -0.944059 -0.759478
98.1 -0.868633 -0.772485
98.2 -0.769187 -0.784254
98.3 -0.627159 -0.794326
98.4 -0.400591 -0.801833
98.5 0.0136414 -0.804939
98.6 0.805346 -0.79959
98.7 1.69049 -0.781118
98.8 1.91905 -0.753982
98.9 1.97883 -0.725457
99 1.9968 -0.696726
99.1 1.99828 -0.668009
99.2 1.99298 -0.639382
99.3 1.98498 -0.610873
99.4 1.97588 -0.582496
99.5 1.96634 -0.554254
99.6 1.95658 -0.526152
99.7 1.94669 -0.498192
99.8 1.9367 -0.470373
99.9 1.92662 -0.442699
100 1.91645 -0.415169
100.1 1.90618 -0.387786
100.2 1.89581 -0.360551
100.3 1.88535 -0.333465
100.4 1.87478 -0.30653
100.5 1.86411 -0.279746
100.6 1.85332 -0.253117
100.7 1.84243 -0.226643
100.8 1.83142 -0.200325
100.9 1.82028 -0.174167
101 1.80903 -0.148169
101.1 1.79764 -0.122333
101.2 1.78612 -0.0966607
101.3 1.77445 -0.0711549
101.4 1.76264 -0.0458172
101.5 1.75069 -0.0206497
101.6 1.73857 0.00434528
101.7 1.72629 0.0291655
101.8 1.71383 0.0538086
101.9 1.7012 0.0782719
102 1.68838 0.102553
102.1 1.67536 0.126649
102.2 1.66214 0.150557
102.3 1.6487 0.174274
102.4 1.63502 0.197797
102.5 1.62111 0.221122
102.6 1.60694 0.244246
102.7 1.5925 0.267165
102.8 1.57776 0.289875
102.9 1.56273 0.312372
103 1.54736 0.334651
103.1 1.53164 0.356707
103.2 1.51555 0.378536
103.3 1.49905 0.400131
103.4 1.4821 0.421487
103.5 1.46469 0.442596
103.6 1.44675 0.463452
103.7 1.42824 0.484048
103.8 1.4091 0.504373
103.9 1.38927 0.52442
104 1.36866 0.544177
104.1 1.34718 0.563632
104.2 1.32471 0.582773
104.3 1.30111 0.601585
104.4 1.27622 0.620049
104.5 1.24979 0.638145
104.6 1.22156 0.655851
104.7 1.19116 0.673137
104.8 1.15808 0.689969
104.9 1.12164 0.706304
105 1.08086 0.722087
105.1 1.03431 0.737247
105.2 0.979748 0.751685
105.3 0.913501 0.765264
105.4 0.829136 0.777775
105.5 0.714347 0.788879
105.6 0.543043 0.79798
105.7 0.253439 0.803893
105.8 -0.302372 0.804001
105.9 -1.24065 0.79317
106 -1.85197 0.769857
106.1 -1.95809 0.741666
106.2 -1.99158 0.71298
106.3 -1.99943 0.684233
106.4 -1.99676 0.655546
106.5 -1.9898 0.626967
106.6 -1.98114 0.598514
106.7 -1.97178 0.570195
106.8 -1.96212 0.542014
106.9 -1.95229 0.513973
107 -1.94236 0.486074
107.1 -1.93233 0.458318
107.2 -1.92221 0.430707
107.3 -1.91199 0.403241
107.4 -1.90168 0.375922
107.5 -1.89127 0.348751
107.6 -1.88076 0.321731
107.7 -1.87015 0.294861
107.8 -1.85943 0.268145
107.9 -1.8486 0.241583
108 -1.83765 0.215177
108.1 -1.82659 0.188928
108.2 -1.8154 0.162839
108.3 -1.80409 0.136911
108.4 -1.79264 0.111146
108.5 -1.78106 0.0855463
108.6 -1.76934 0.0601133
108.7 -1.75746 0.0348494
108.8 -1.74544 0.00975669
108.9 -1.73325 -0.0151626
109 -1.72089 -0.0399061
109.1 -1.70836 -0.0644713
109.2 -1.69565 -0.0888557
109.3 -1.68274 -0.113057
109.4 -1.66964 -0.137071
109.5 -1.65632 -0.160896
109.6 -1.64278 -0.184529
109.7 -1.629 -0.207967
109.8 -1.61498 -0.231205
109.9 -1.60069 -0.25424
110 -1.58612 -0.277069
110.1 -1.57126 -0.299687
110.2 -1.55608 -0.322089
110.3 -1.54057 -0.344272
110.4 -1.52469 -0.36623
110.5 -1.50842 -0.387958
110.6 -1.49173 -0.40945
110.7 -1.47459 -0.430699
110.8 -1.45695 -0.451699
110.9 -1.43877 -0.472443
111 -1.41999 -0.492922
111.1 -1.40056 -0.513128
111.2 -1.3804 -0.53305
111.3 -1.35943 -0.552677
111.4 -1.33753 -0.571997
111.5 -1.3146 -0.590997
111.6 -1.29046 -0.609659
111.7 -1.26493 -0.627966
111.8 -1.23776 -0.645896
111.9 -1.20863 -0.663423
112 -1.17713 -0.680516
112.1 -1.14269 -0.697138
112.2 -1.10451 -0.71324
112.3 -1.06144 -0.728762
112.4 -1.01174 -0.743622
112.5 -0.952661 -0.757707
112.6 -0.879567 -0.770853
112.7 -0.78402 -0.782804
112.8 -0.649189 -0.793134
112.9 -0.437584 -0.801049
113 -0.0574544 -0.804895
113.1 0.678256 -0.800982
113.2 1.6083 -0.784203
113.3 1.90551 -0.757682
113.4 1.97448 -0.729219
113.5 1.99579 -0.700496
113.6 1.99863 -0.671771
113.7 1.9939 -0.64313
113.8 1.98611 -0.614604
113.9 1.97711 -0.586209
114 1.96761 -0.55795
114.1 1.95787 -0.52983
114.2 1.948 -0.50185
114.3 1.93802 -0.474013
114.4 1.92795 -0.446319
114.5 1.91779 -0.418771
114.6 1.90753 -0.391369
114.7 1.89718 -0.364114
114.8 1.88673 -0.337008
114.9 1.87617 -0.310053
115 1.86551 -0.28325
115.1 1.85474 -0.2566
115.2 1.84386 -0.230105
115.3 1.83287 -0.203768
115.4 1.82175 -0.177588
115.5 1.81051 -0.151569
115.6 1.79914 -0.125711
115.7 1.78763 -0.100018
115.8 1.77599 -0.07449
115.9 1.7642 -0.0491301
116 1.75226 -0.0239402
116.1 1.74017 0.00107752
116.2 1.72791 0.0259208
116.3 1.71548 0.0505872
116.4 1.70287 0.0750743
116.5 1.69007 0.0993794
116.6 1.67708 0.1235
116.7 1.66389 0.147433
116.8 1.65047 0.171175
116.9 1.63683 0.194723
117 1.62295 0.218075
117.1 1.60881 0.241225
117.2 1.59441 0.264171
117.3 1.57971 0.286909
117.4 1.56472 0.309434
117.5 1.54939 0.331742
117.6 1.53372 0.353828
117.7 1.51768 0.375687
117.8 1.50123 0.397313
117.9 1.48435 0.4187
118 1.467 0.439842
118.1 1.44913 0.460732
118.2 1.4307 0.481362
118.3 1.41165 0.501724
118.4 1.39191 0.521807
118.5 1.37141 0.541603
118.6 1.35005 0.561099
118.7 1.32772 0.580282
118.8 1.30428 0.599137
118.9 1.27956 0.617648
119 1.25335 0.635794
119.1 1.22538 0.653552
119.2 1.19529 0.670895
119.3 1.16259 0.687789
119.4 1.12664 0.704192
119.5 1.0865 0.720051
119.6 1.04082 0.735297
119.7 0.98747 0.749837
119.8 0.923042 0.763539
119.9 0.841579 0.776205
120 0.731841 0.78752
120.1 0.570336 0.796933
120.2 0.302172 0.803369
120.3 -0.206279 0.804477
120.4 -1.11129 0.795395
120.5 -1.8204 0.773387
120.6 -1.94898 0.745381
120.7 -1.9887 0.716729
120.8 -1.99902 0.687981
120.9 -1.99736 0.659284
121 -1.99082 0.63069
121.1 -1.98231 0.60222
121.2 -1.97302 0.573883
121.3 -1.96339 0.545684
121.4 -1.95358 0.517625
121.5 -1.94366 0.489707
121.6 -1.93364 0.461932
121.7 -1.92353 0.434302
121.8 -1.91333 0.406817
121.9 -1.90303 0.379479
122 -1.89264 0.352289
122.1 -1.88214 0.325248
122.2 -1.87154 0.298359
122.3 -1.86084 0.271623
122.4 -1.85002 0.24504
122.5 -1.83909 0.218614
122.6 -1.82804 0.192345
122.7 -1.81687 0.166235
122.8 -1.80557 0.140286
122.9 -1.79414 0.114499
123 -1.78258 0.0888778
123.1 -1.77087 0.0634229
123.2 -1.75902 0.0381368
123.3 -1.74701 0.0130216
123.4 -1.73485 -0.0119204
123.5 -1.72252 -0.036687
123.6 -1.71001 -0.0612756
123.7 -1.69732 -0.0856837
123.8 -1.68444 -0.109909
123.9 -1.67136 -0.133948
124 -1.65807 -0.157798
124.1 -1.64456 -0.181456
124.2 -1.63081 -0.204919
124.3 -1.61682 -0.228183
124.4 -1.60257 -0.251245
124.5 -1.58804 -0.274101
124.6 -1.57322 -0.296747
124.7 -1.55808 -0.319178
124.8 -1.54261 -0.34139
124.9 -1.52678 -0.363377
125 -1.51057 -0.385135
125.1 -1.49394 -0.406658
125.2 -1.47685 -0.42794
125.3 -1.45928 -0.448973
125.4 -1.44117 -0.469751
125.5 -1.42248 -0.490265
125.6 -1.40314 -0.510506
125.7 -1.38308 -0.530466
125.8 -1.36222 -0.550133
125.9 -1.34045 -0.569494
126 -1.31765 -0.588536
126.1 -1.29368 -0.607244
126.2 -1.26834 -0.625598
126.3 -1.24141 -0.643578
126.4 -1.21256 -0.661159
126.5 -1.1814 -0.678311
126.6 -1.14738 -0.694997
126.7 -1.10974 -0.71117
126.8 -1.06739 -0.726772
126.9 -1.01868 -0.741724
127 -0.96104 -0.755918
127.1 -0.890144 -0.769198
127.2 -0.79823 -0.781325
127.3 -0.670008 -0.7919
127.4 -0.471928 -0.800198
127.5 -0.122484 -0.804725
127.6 0.556785 -0.80214
127.7 1.51141 -0.787125
127.8 1.89253 -0.761379
127.9 1.97043 -0.732977
128 1.99488 -0.704261
128.1 1.99902 -0.675527
128.2 1.99482 -0.646872
128.3 1.98725 -0.61833
128.4 1.97833 -0.589917
128.5 1.96887 -0.56164
128.6 1.95915 -0.533501
128.7 1.94929 -0.505503
128.8 1.93933 -0.477647
128.9 1.92927 -0.449935
129 1.91912 -0.422367
129.1 1.90888 -0.394946
129.2 1.89854 -0.367672
129.3 1.8881 -0.340547
129.4 1.87756 -0.313572
129.5 1.86691 -0.286748
129.6 1.85616 -0.260079
129.7 1.84529 -0.233563
129.8 1.83431 -0.207205
129.9 1.82321 -0.181005
130 1.81199 -0.154964
130.1 1.80063 -0.129085
130.2 1.78915 -0.10337
130.3 1.77752 -0.0778209
130.4 1.76575 -0.0524389
130.5 1.75383 -0.0272266
130.6 1.74176 -0.00218624
130.7 1.72952 0.02268
130.8 1.71711 0.0473697
130.9 1.70453 0.0718804
131 1.69176 0.0962095
131.1 1.67879 0.120354
131.2 1.66562 0.144312
131.3 1.65224 0.168079
131.4 1.63863 0.191653
131.5 1.62478 0.21503
131.6 1.61068 0.238207
131.7 1.59631 0.26118
131.8 1.58165 0.283946
131.9 1.5667 0.306499
132 1.55142 0.328835
132.1 1.5358 0.350951
132.2 1.5198 0.372839
132.3 1.50341 0.394496
132.4 1.48659 0.415915
132.5 1.4693 0.43709
132.6 1.4515 0.458013
132.7 1.43314 0.478678
132.8 1.41418 0.499075
132.9 1.39453 0.519195
133 1.37414 0.539029
133.1 1.3529 0.558565
133.2 1.3307 0.57779
133.3 1.30741 0.596689
133.4 1.28288 0.615246
133.5 1.25688 0.633441
133.6 1.22915 0.651251
133.7 1.19936 0.66865
133.8 1.16704 0.685605
133.9 1.13156 0.702075
134 1.09204 0.718009
134.1 1.04717 0.73334
134.2 0.994989 0.747979
134.3 0.932277 0.7618
134.4 0.853527 0.774616
134.5 0.748448 0.786132
134.6 0.595847 0.79584
134.7 0.34688 0.80276
134.8 -0.118329 0.804779
134.9 -0.979126 0.797369
135 -1.77494 0.776803
135.1 -1.93711 0.749085
135.2 -1.98479 0.720481
135.3 -1.99821 0.691739
135.4 -1.99781 0.663033
135.5 -1.99177 0.634424
135.6 -1.98347 0.605937
135.7 -1.97425 0.577583
135.8 -1.96466 0.549366
135.9 -1.95487 0.521288
136 -1.94497 0.493352
136.1 -1.93496 0.465558
136.2 -1.92486 0.437909
136.3 -1.91467 0.410405
136.4 -1.90439 0.383047
136.5 -1.894 0.355838
136.6 -1.88352 0.328778
136.7 -1.87293 0.301869
136.8 -1.86224 0.275112
136.9 -1.85144 0.24851
137 -1.84053 0.222062
137.1 -1.82949 0.195773
137.2 -1.81834 0.169642
137.3 -1.80706 0.143672
137.4 -1.79565 0.117864
137.5 -1.7841 0.0922207
137.6 -1.77241 0.0667439
137.7 -1.76058 0.0414356
137.8 -1.74859 0.0162979
137.9 -1.73645 -0.00866693
138 -1.72414 -0.0334566
138.1 -1.71165 -0.0580686
138.2 -1.69899 -0.0825005
138.3 -1.68614 -0.10675
138.4 -1.67308 -0.130813
138.5 -1.65982 -0.154688
138.6 -1.64634 -0.178372
138.7 -1.63263 -0.20186
138.8 -1.61867 -0.225151
138.9 -1.60445 -0.24824
139 -1.58996 -0.271123
139.1 -1.57518 -0.293796
139.2 -1.56008 -0.316255
139.3 -1.54466 -0.338496
139.4 -1.52888 -0.360513
139.5 -1.51271 -0.382302
139.6 -1.49614 -0.403856
139.7 -1.47912 -0.425169
139.8 -1.46161 -0.446235
139.9 -1.44358 -0.467047
140 -1.42496 -0.487596
140.1 -1.40571 -0.507874
140.2 -1.38575 -0.527871
140.3 -1.36499 -0.547577
140.4 -1.34335 -0.566978
140.5 -1.3207 -0.586063
140.6 -1.29689 -0.604816
140.7 -1.27175 -0.623217
140.8 -1.24503 -0.641248
140.9 -1.21645 -0.658883
141 -1.18562 -0.676093
141.1 -1.15201 -0.692842
141.2 -1.1149 -0.709085
141.3 -1.07325 -0.724766
141.4 -1.02549 -0.739808
141.5 -0.969219 -0.754109
141.6 -0.900398 -0.76752
141.7 -0.811877 -0.779816
141.8 -0.689746 -0.790625
141.9 -0.503927 -0.799283
142 -0.182077 -0.804438
142.1 0.442175 -0.803077
142.2 1.40162 -0.789864
142.3 1.87846 -0.765059
142.4 1.96611 -0.736725
142.5 1.99385 -0.708017
142.6 1.99935 -0.679276
142.7 1.99571 -0.650606
142.8 1.98837 -0.622048
142.9 1.97955 -0.593618
143 1.97013 -0.565323
143.1 1.96043 -0.537166
143.2 1.95059 -0.509149
143.3 1.94064 -0.481275
143.4 1.93059 -0.453544
143.5 1.92045 -0.425957
143.6 1.91022 -0.398516
143.7 1.89989 -0.371223
143.8 1.88947 -0.344078
143.9 1.87894 -0.317084
144 1.86831 -0.290241
144.1 1.85757 -0.263551
144.2 1.84672 -0.237015
144.3 1.83575 -0.210636
144.4 1.82467 -0.184415
144.5 1.81346 -0.158354
144.6 1.80212 -0.132454
144.7 1.79065 -0.106717
144.8 1.77905 -0.081146
144.9 1.7673 -0.055742
145 1.7554 -0.0305075
145.1 1.74334 -0.00544453
145.2 1.73113 0.0194446
145.3 1.71874 0.0441575
145.4 1.70618 0.0686917
145.5 1.69344 0.0930446
145.6 1.6805 0.117214
145.7 1.66735 0.141196
145.8 1.654 0.164988
145.9 1.64042 0.188587
146 1.6266 0.211991
146.1 1.61253 0.235194
146.2 1.5982 0.258194
146.3 1.58358 0.280986
146.4 1.56867 0.303568
146.5 1.55343 0.325933
146.6 1.53785 0.348077
146.7 1.52191 0.369996
146.8 1.50557 0.391683
146.9 1.48881 0.413133
147 1.47158 0.43434
147.1 1.45385 0.455297
147.2 1.43557 0.475996
147.3 1.41669 0.496428
147.4 1.39714 0.516586
147.5 1.37685 0.536457
147.6 1.35572 0.556033
147.7 1.33365 0.575299
147.8 1.31052 0.594242
147.9 1.28616 0.612844
148 1.26036 0.631088
148.1 1.23288 0.64895
148.2 1.20338 0.666404
148.3 1.17142 0.683419
148.4 1.1364 0.699955
148.5 1.09746 0.715962
148.6 1.05339 0.731376
148.7 1.00231 0.746112
148.8 0.941221 0.760048
148.9 0.865008 0.773009
149 0.764236 0.784718
149.1 0.619739 0.794703
149.2 0.387982 0.802072
149.3 -0.0380836 0.804923
149.4 -0.847429 0.799087
149.5 -1.71376 0.780086
149.6 -1.92354 0.752784
149.7 -1.9803 0.724239
149.8 -1.99715 0.695505
149.9 -1.99817 0.666791
150 -1.99269 0.638168
150.1 -1.98461 0.609665
150.2 -1.97548 0.581293
150.3 -1.96593 0.553058
150.4 -1.95616 0.524962
150.5 -1.94627 0.497007
150.6 -1.93628 0.469194
150.7 -1.92619 0.441526
150.8 -1.91601 0.414003
150.9 -1.90574 0.386626
151 -1.89537 0.359397
151.1 -1.8849 0.332317
151.2 -1.87433 0.305389
151.3 -1.86365 0.278612
151.4 -1.85286 0.251989
151.5 -1.84196 0.225521
151.6 -1.83095 0.199211
151.7 -1.81981 0.173059
151.8 -1.80854 0.147068
151.9 -1.79715 0.121239
152 -1.78562 0.0955737
152.1 -1.77395 0.0700749
152.2 -1.76214 0.0447444
152.3 -1.75017 0.0195843
152.4 -1.73805 -0.00540337
152.5 -1.72576 -0.0302161
152.6 -1.7133 -0.0548516
152.7 -1.70066 -0.0793073
152.8 -1.68783 -0.103581
152.9 -1.67481 -0.127669
153 -1.66157 -0.151569
153.1 -1.64812 -0.175277
153.2 -1.63444 -0.198792
153.3 -1.62051 -0.222108
153.4 -1.60633 -0.245224
153.5 -1.59188 -0.268134
153.6 -1.57713 -0.290835
153.7 -1.56208 -0.313323
153.8 -1.5467 -0.335593
153.9 -1.53097 -0.357639
154 -1.51485 -0.379458
154.1 -1.49833 -0.401043
154.2 -1.48137 -0.422388
154.3 -1.46393 -0.443487
154.4 -1.44597 -0.464333
154.5 -1.42744 -0.484917
154.6 -1.40827 -0.505231
154.7 -1.38841 -0.525265
154.8 -1.36776 -0.54501
154.9 -1.34624 -0.564452
155 -1.32373 -0.583579
155.1 -1.30008 -0.602376
155.2 -1.27513 -0.620825
155.3 -1.24863 -0.638906
155.4 -1.22032 -0.656594
155.5 -1.18981 -0.673861
155.6 -1.1566 -0.690673
155.7 -1.12 -0.706986
155.8 -1.07902 -0.722744
155.9 -1.03218 -0.737875
156 -0.977204 -0.752281
156.1 -0.910345 -0.765819
156.2 -0.824998 -0.778278
156.3 -0.708484 -0.789312
156.4 -0.533798 -0.798308
156.5 -0.23673 -0.804042
156.6 0.335258 -0.803807
156.7 1.28135 -0.792398
156.8 1.85976 -0.768694
156.9 1.96042 -0.74046
157 1.99228 -0.711767
157.1 1.99947 -0.68302
157.2 1.99652 -0.654338
157.3 1.98946 -0.625763
157.4 1.98075 -0.597316
157.5 1.97138 -0.569003
157.6 1.96171 -0.540828
157.7 1.95188 -0.512793
157.8 1.94194 -0.4849
157.9 1.9319 -0.45715
158 1.92178 -0.429544
158.1 1.91156 -0.402084
158.2 1.90124 -0.374772
158.3 1.89083 -0.347608
158.4 1.88032 -0.320593
158.5 1.8697 -0.29373
158.6 1.85898 -0.26702
158.7 1.84814 -0.240465
158.8 1.83719 -0.214065
158.9 1.82612 -0.187824
159 1.81493 -0.161741
159.1 1.80361 -0.13582
159.2 1.79216 -0.110062
159.3 1.78057 -0.0844693
159.4 1.76884 -0.0590435
159.5 1.75696 -0.0337867
159.6 1.74492 -0.00870128
159.7 1.73273 0.0162106
159.8 1.72037 0.0409466
159.9 1.70783 0.0655043
160 1.69511 0.089881
160.1 1.6822 0.114074
160.2 1.66908 0.138081
160.3 1.65575 0.161898
160.4 1.6422 0.185523
160.5 1.62842 0.208952
160.6 1.61438 0.232181
160.7 1.60008 0.255208
160.8 1.5855 0.278028
160.9 1.57063 0.300637
161 1.55544 0.32303
161.1 1.53991 0.345204
161.2 1.52401 0.367152
161.3 1.50773 0.38887
161.4 1.49102 0.410351
161.5 1.47385 0.43159
161.6 1.45619 0.45258
161.7 1.43799 0.473313
161.8 1.41919 0.493781
161.9 1.39973 0.513974
162 1.37954 0.533884
162.1 1.35852 0.553499
162.2 1.33659 0.572806
162.3 1.3136 0.591792
162.4 1.28941 0.610439
162.5 1.26381 0.628731
162.6 1.23657 0.646644
162.7 1.20735 0.664153
162.8 1.17574 0.681227
162.9 1.14116 0.697828
163 1.1028 0.713908
163.1 1.05949 0.729404
163.2 1.00946 0.744233
163.3 0.949901 0.758283
163.4 0.876067 0.771384
163.5 0.779289 0.783277
163.6 0.642195 0.793524
163.7 0.425912 0.801311
163.8 0.0351298 0.804924
163.9 -0.718869 0.800557
164 -1.63659 0.783221
164.1 -1.90981 0.756484
164.2 -1.97585 0.728001
164.3 -1.9961 0.699275
164.4 -1.99851 0.670553
164.5 -1.9936 0.641916
164.6 -1.98575 0.613397
164.7 -1.97671 0.585007
164.8 -1.9672 0.556754
164.9 -1.95745 0.528639
165 -1.94757 0.500666
165.1 -1.93759 0.472835
165.2 -1.92752 0.445147
165.3 -1.91735 0.417605
165.4 -1.90709 0.390209
165.5 -1.89674 0.36296
165.6 -1.88628 0.335861
165.7 -1.87572 0.308912
165.8 -1.86506 0.282116
165.9 -1.85429 0.255472
166 -1.8434 0.228984
166.1 -1.8324 0.202653
166.2 -1.82128 0.17648
166.3 -1.81003 0.150468
166.4 -1.79865 0.124617
166.5 -1.78714 0.0989309
166.6 -1.77549 0.0734102
166.7 -1.7637 0.0480575
166.8 -1.75175 0.0228749
166.9 -1.73965 -0.00213549
167 -1.72738 -0.0269713
167.1 -1.71495 -0.0516302
167.2 -1.70233 -0.0761096
167.3 -1.68953 -0.100407
167.4 -1.67653 -0.124519
167.5 -1.66332 -0.148444
167.6 -1.6499 -0.172178
167.7 -1.63625 -0.195718
167.8 -1.62235 -0.219061
167.9 -1.60821 -0.242203
168 -1.59379 -0.265141
168.1 -1.57908 -0.287869
168.2 -1.56407 -0.310385
168.3 -1.54874 -0.332684
168.4 -1.53305 -0.35476
168.5 -1.51699 -0.376609
168.6 -1.50053 -0.398225
168.7 -1.48363 -0.419602
168.8 -1.46625 -0.440734
168.9 -1.44836 -0.461613
169 -1.4299 -0.482232
169.1 -1.41082 -0.502582
169.2 -1.39106 -0.522653
169.3 -1.37052 -0.542437
169.4 -1.34912 -0.561919
169.5 -1.32675 -0.581089
169.6 -1.30326 -0.59993
169.7 -1.27848 -0.618425
169.8 -1.25221 -0.636556
169.9 -1.22415 -0.654297
170 -1.19395 -0.671621
170.1 -1.16114 -0.688495
170.2 -1.12503 -0.704876
170.3 -1.08469 -0.720711
170.4 -1.03873 -0.735929
170.5 -0.984992 -0.750437
170.6 -0.919986 -0.764099
170.7 -0.837605 -0.776716
170.8 -0.726276 -0.787963
170.9 -0.5617 -0.797278
171 -0.28685 -0.803549
171.1 0.236493 -0.804343
171.2 1.15366 -0.794702
171.3 1.83201 -0.772255
171.4 1.95226 -0.74418
171.5 1.98976 -0.715515
171.6 1.9992 -0.686767
171.7 1.99719 -0.658073
171.8 1.9905 -0.629483
171.9 1.98193 -0.601019
172 1.97262 -0.572688
172.1 1.96298 -0.544494
172.2 1.95317 -0.516441
172.3 1.94324 -0.48853
172.4 1.93322 -0.460761
172.5 1.9231 -0.433136
172.6 1.9129 -0.405658
172.7 1.90259 -0.378326
172.8 1.8922 -0.351142
172.9 1.8817 -0.324108
173 1.87109 -0.297225
173.1 1.86038 -0.270495
173.2 1.84956 -0.24392
173.3 1.83862 -0.2175
173.4 1.82757 -0.191237
173.5 1.81639 -0.165134
173.6 1.80509 -0.139192
173.7 1.79366 -0.113412
173.8 1.78209 -0.0877978
173.9 1.77038 -0.0623501
174 1.75852 -0.0370712
174.1 1.7465 -0.0119632
174.2 1.73433 0.0129714
174.3 1.72199 0.0377305
174.4 1.70948 0.0623116
174.5 1.69678 0.086712
174.6 1.68389 0.110929
174.7 1.6708 0.13496
174.8 1.6575 0.158802
174.9 1.64398 0.182452
175 1.63023 0.205907
175.1 1.61623 0.229163
175.2 1.60196 0.252216
175.3 1.58742 0.275063
175.4 1.57259 0.2977
175.5 1.55744 0.320122
175.6 1.54195 0.342324
175.7 1.52611 0.364302
175.8 1.50987 0.386051
175.9 1.49322 0.407563
176 1.47612 0.428834
176.1 1.45853 0.449857
176.2 1.4404 0.470624
176.3 1.42168 0.491126
176.4 1.40231 0.511356
176.5 1.38221 0.531304
176.6 1.36131 0.550958
176.7 1.33951 0.570306
176.8 1.31666 0.589334
176.9 1.29264 0.608027
177 1.26724 0.626366
177.1 1.24023 0.64433
177.2 1.21129 0.661894
177.3 1.18002 0.679027
177.4 1.14586 0.695692
177.5 1.10805 0.711842
177.6 1.06547 0.727418
177.7 1.01645 0.742341
177.8 0.95835 0.7565
177.9 0.886756 0.769737
178 0.793692 0.781807
178.1 0.66339 0.792304
178.2 0.461077 0.800481
178.3 0.102049 0.804793
178.4 -0.59542 0.80179
178.5 -1.5443 0.786198
178.6 -1.89673 0.760183
178.7 -1.97173 0.731761
178.8 -1.99517 0.703042
178.9 -1.99889 0.674312
179 -1.99452 0.645661
179.1 -1.98688 0.617124
179.2 -1.97794 0.588717
179.3 -1.96846 0.560446
179.4 -1.95874 0.532313
179.5 -1.94887 0.504321
179.6 -1.93891 0.476471
179.7 -1.92884 0.448765
179.8 -1.91869 0.421203
179.9 -1.90844 0.393788
180 -1.8981 0.36652
180.1 -1.88765 0.339401
180.2 -1.87711 0.312433
180.3 -1.86646 0.285616
180.4 -1.8557 0.258953
180.5 -1.84483 0.232444
180.6 -1.83385 0.206093
180.7 -1.82274 0.179899
180.8 -1.81151 0.153865
180.9 -1.80015 0.127994
181 -1.78866 0.102285
181.1 -1.77703 0.0767429
181.2 -1.76525 0.0513681
181.3 -1.75333 0.0261631
181.4 -1.74124 0.00113
181.5 -1.729 -0.0237288
181.6 -1.71659 -0.048411
181.7 -1.70399 -0.0729141
181.8 -1.69121 -0.0972354
181.9 -1.67824 -0.121372
182 -1.66506 -0.145322
182.1 -1.65167 -0.169081
182.2 -1.63805 -0.192647
182.3 -1.62419 -0.216016
182.4 -1.61007 -0.239184
182.5 -1.59569 -0.262148
182.6 -1.58103 -0.284905
182.7 -1.56606 -0.307449
182.8 -1.55076 -0.329776
182.9 -1.53513 -0.351882
183 -1.51912 -0.373761
183.1 -1.50271 -0.395408
183.2 -1.48586 -0.416817
183.3 -1.46855 -0.437981
183.4 -1.45073 -0.458893
183.5 -1.43235 -0.479547
183.6 -1.41336 -0.499932
183.7 -1.39369 -0.520041
183.8 -1.37326 -0.539863
183.9 -1.35198 -0.559385
184 -1.32974 -0.578597
184.1 -1.3064 -0.597482
184.2 -1.28181 -0.616024
184.3 -1.25574 -0.634203
184.4 -1.22794 -0.651997
184.5 -1.19805 -0.669377
184.6 -1.1656 -0.686313
184.7 -1.12997 -0.702761
184.8 -1.09026 -0.718671
184.9 -1.04513 -0.733975
185 -0.992576 -0.748582
185.1 -0.92932 -0.762364
185.2 -0.849711 -0.775133
185.3 -0.743164 -0.786585
185.4 -0.587771 -0.796199
185.5 -0.332818 -0.802966
185.6 0.145938 -0.8047
185.7 1.02202 -0.796758
185.8 1.79133 -0.775711
185.9 1.94121 -0.747886
186 1.98615 -0.719265
186.1 1.99851 -0.690521
186.2 1.99768 -0.661818
186.3 1.99147 -0.633213
186.4 1.98309 -0.604732
186.5 1.97385 -0.576383
186.6 1.96425 -0.548172
186.7 1.95445 -0.5201
186.8 1.94454 -0.49217
186.9 1.93453 -0.464383
187 1.92443 -0.436739
187.1 1.91424 -0.409241
187.2 1.90395 -0.38189
187.3 1.89356 -0.354687
187.4 1.88307 -0.327634
187.5 1.87248 -0.300731
187.6 1.86179 -0.273981
187.7 1.85098 -0.247385
187.8 1.84006 -0.220944
187.9 1.82902 -0.194661
188 1.81786 -0.168537
188.1 1.80658 -0.142574
188.2 1.79516 -0.116773
188.3 1.78361 -0.0911369
188.4 1.77191 -0.0656672
188.5 1.76007 -0.0403661
188.6 1.74808 -0.0152357
188.7 1.73593 0.00972176
188.8 1.72361 0.0345039
188.9 1.71112 0.0591084
189 1.69845 0.0835326
189.1 1.68559 0.107774
189.2 1.67252 0.13183
189.3 1.65925 0.155697
189.4 1.64576 0.179372
189.5 1.63204 0.202852
189.6 1.61807 0.226134
189.7 1.60384 0.249214
189.8 1.58934 0.272088
189.9 1.57454 0.294753
190 1.55944 0.317203
190.1 1.544 0.339434
190.2 1.5282 0.361442
190.3 1.51202 0.383221
190.4 1.49542 0.404765
190.5 1.47838 0.426068
190.6 1.46086 0.447123
190.7 1.4428 0.467924
190.8 1.42416 0.488461
190.9 1.40488 0.508728
191 1.38488 0.528713
191.1 1.3641 0.548406
191.2 1.34241 0.567794
191.3 1.31971 0.586865
191.4 1.29585 0.605603
191.5 1.27065 0.62399
191.6 1.24386 0.642004
191.7 1.21519 0.659621
191.8 1.18426 0.676813
191.9 1.15052 0.693541
192 1.11324 0.709762
192.1 1.07136 0.725417
192.2 1.0233 0.740431
192.3 0.966592 0.754697
192.4 0.897112 0.768066
192.5 0.807517 0.780308
192.6 0.683467 0.791043
192.7 0.493807 0.799586
192.8 0.163342 0.804543
192.9 -0.478479 0.802797
193 -1.43845 0.788998
193.1 -1.88332 0.763871
193.2 -1.9676 0.735513
193.3 -1.99422 0.706802
193.4 -1.99926 0.678063
193.5 -1.99543 0.649398
193.6 -1.98801 0.620845
193.7 -1.97916 0.59242
193.8 -1.96972 0.564131
193.9 -1.96002 0.53598
194 -1.95017 0.507969
194.1 -1.94021 0.480101
194.2 -1.93016 0.452376
194.3 -1.92002 0.424795
194.4 -1.90979 0.397361
194.5 -1.89945 0.370074
194.6 -1.88902 0.342935
194.7 -1.87849 0.315947
194.8 -1.86786 0.28911
194.9 -1.85711 0.262427
195 -1.84626 0.235898
195.1 -1.83529 0.209526
195.2 -1.8242 0.183311
195.3 -1.81298 0.157257
195.4 -1.80164 0.131364
195.5 -1.79017 0.105634
195.6 -1.77855 0.0800697
195.7 -1.7668 0.0546729
195.8 -1.75489 0.0294455
195.9 -1.74283 0.00438987
196 -1.73061 -0.0204918
196.1 -1.71822 -0.0451972
196.2 -1.70565 -0.0697239
196.3 -1.69289 -0.0940691
196.4 -1.67995 -0.11823
196.5 -1.6668 -0.142204
196.6 -1.65343 -0.165989
196.7 -1.63984 -0.18958
196.8 -1.62601 -0.212975
196.9 -1.61193 -0.236169
197 -1.59759 -0.259161
197.1 -1.58296 -0.281944
197.2 -1.56803 -0.304516
197.3 -1.55278 -0.326872
197.4 -1.53719 -0.349007
197.5 -1.52123 -0.370916
197.6 -1.50487 -0.392594
197.7 -1.48809 -0.414034
197.8 -1.47084 -0.435231
197.9 -1.45309 -0.456176
198 -1.43479 -0.476864
198.1 -1.41588 -0.497285
198.2 -1.3963 -0.517431
198.3 -1.37597 -0.53729
198.4 -1.35481 -0.556853
198.5 -1.3327 -0.576106
198.6 -1.30952 -0.595034
198.7 -1.2851 -0.613622
198.8 -1.25924 -0.63185
198.9 -1.23168 -0.649695
199 -1.20208 -0.667132
199.1 -1.17001 -0.684127
199.2 -1.13484 -0.700642
199.3 -1.09572 -0.716625
199.4 -1.05139 -0.732013
199.5 -0.999961 -0.746717
199.6 -0.938355 -0.760617
199.7 -0.861338 -0.773532
199.8 -0.759209 -0.785179
199.9 -0.612169 -0.795076
200 -0.37504 -0.802303
