0 2 0
0.1 1.79088 0.0263323
0.2 1.73277 0.0513748
0.3 1.70752 0.0759176
0.4 1.69111 0.100186
0.5 1.67708 0.124242
0.6 1.66359 0.148104
0.7 1.65011 0.171773
0.8 1.63647 0.195249
0.9 1.62261 0.218529
1 1.6085 0.241609
1.1 1.59413 0.264485
1.2 1.57947 0.287154
1.3 1.56451 0.309612
1.4 1.54923 0.331853
1.5 1.5336 0.353874
1.6 1.5176 0.375669
1.7 1.50119 0.397232
1.8 1.48436 0.418558
1.9 1.46705 0.43964
2 1.44923 0.460472
2.1 1.43085 0.481044
2.2 1.41186 0.50135
2.3 1.39218 0.52138
2.4 1.37175 0.541124
2.5 1.35046 0.560569
2.6 1.3282 0.579704
2.7 1.30485 0.598513
2.8 1.28023 0.616979
2.9 1.25412 0.635084
3 1.22627 0.652803
3.1 1.19631 0.67011
3.2 1.16378 0.686971
3.3 1.12803 0.703346
3.4 1.08814 0.719181
3.5 1.04277 0.73441
3.6 0.989852 0.748939
3.7 0.926027 0.76264
3.8 0.845478 0.775318
3.9 0.737243 0.786666
4 0.578492 0.796147
4.1 0.316003 0.802717
4.2 -0.180491 0.804095
4.3 -1.07636 0.795504
4.4 -1.81046 0.773916
4.5 -1.94554 0.746047
4.6 -1.98723 0.717489
4.7 -1.9985 0.688827
4.8 -1.99731 0.660211
4.9 -1.99099 0.631695
5 -1.9826 0.603302
5.1 -1.97337 0.575042
5.2 -1.96378 0.546918
5.3 -1.95401 0.518933
5.4 -1.94413 0.491089
5.5 -1.93414 0.463386
5.6 -1.92407 0.435827
5.7 -1.9139 0.408413
5.8 -1.90363 0.381145
5.9 -1.89327 0.354024
6 -1.88281 0.327051
6.1 -1.87225 0.300229
6.2 -1.86158 0.273558
6.3 -1.8508 0.247041
6.4 -1.83991 0.220679
6.5 -1.8289 0.194472
6.6 -1.81777 0.168424
6.7 -1.80652 0.142536
6.8 -1.79514 0.11681
6.9 -1.78362 0.091247
7 -1.77195 0.0658498
7.1 -1.76015 0.0406201
7.2 -1.74819 0.0155602
7.3 -1.73608 -0.00932772
7.4 -1.72379 -0.0340414
7.5 -1.71134 -0.0585784
7.6 -1.69871 -0.0829363
7.7 -1.68589 -0.107112
7.8 -1.67287 -0.131104
7.9 -1.65964 -0.154908
8 -1.64619 -0.178521
8.1 -1.63251 -0.201941
8.2 -1.61859 -0.225163
8.3 -1.60441 -0.248185
8.4 -1.58996 -0.271003
8.5 -1.57522 -0.293612
8.6 -1.56017 -0.316008
8.7 -1.54479 -0.338187
8.8 -1.52905 -0.360143
8.9 -1.51294 -0.381872
9 -1.49641 -0.403368
9.1 -1.47945 -0.424625
9.2 -1.462 -0.445636
9.3 -1.44403 -0.466394
9.4 -1.42548 -0.486891
9.5 -1.40629 -0.507119
9.6 -1.38641 -0.527068
9.7 -1.36574 -0.546727
9.8 -1.34418 -0.566085
9.9 -1.32163 -0.585128
10 -1.29793 -0.603841
10.1 -1.27291 -0.622205
10.2 -1.24633 -0.640202
10.3 -1.21792 -0.657806
10.4 -1.18728 -0.674989
10.5 -1.1539 -0.691716
10.6 -1.11707 -0.707942
10.7 -1.07577 -0.723611
10.8 -1.02849 -0.73865
10.9 -0.97287 -0.752957
11 -0.905003 -0.766388
11.1 -0.817978 -0.778724
11.2 -0.698419 -0.789607
11.3 -0.517558 -0.798394
11.4 -0.2064 -0.803795
11.5 0.396606 -0.802928
11.6 1.3548 -0.790486
11.7 1.87162 -0.766162
11.8 1.96345 -0.737942
11.9 1.99283 -0.709322
12 1.99915 -0.680663
12.1 1.99591 -0.652071
12.2 1.98876 -0.623589
12.3 1.98003 -0.595233
12.4 1.97067 -0.567011
12.5 1.96101 -0.538926
12.6 1.95121 -0.510981
12.7 1.94129 -0.483177
12.8 1.93128 -0.455516
12.9 1.92118 -0.427998
13 1.91098 -0.400625
13.1 1.90069 -0.373399
13.2 1.8903 -0.34632
13.3 1.87981 -0.31939
13.4 1.86922 -0.292611
13.5 1.85852 -0.265984
13.6 1.84771 -0.239511
13.7 1.83679 -0.213192
13.8 1.82574 -0.187031
13.9 1.81458 -0.161029
14 1.80329 -0.135186
14.1 1.79187 -0.109506
14.2 1.78031 -0.0839906
14.3 1.7686 -0.0586409
14.4 1.75676 -0.0334594
14.5 1.74475 -0.00844827
14.6 1.73259 0.0163903
14.7 1.72026 0.0410538
14.8 1.70776 0.0655401
14.9 1.69507 0.0898464
15 1.68219 0.11397
15.1 1.66912 0.137908
15.2 1.65583 0.161658
15.3 1.64232 0.185217
15.4 1.62857 0.208581
15.5 1.61458 0.231747
15.6 1.60032 0.254711
15.7 1.58579 0.277469
15.8 1.57096 0.300018
15.9 1.55582 0.322352
16 1.54034 0.344468
16.1 1.5245 0.36636
16.2 1.50827 0.388024
16.3 1.49162 0.409452
16.4 1.47452 0.43064
16.5 1.45693 0.451579
16.6 1.4388 0.472264
16.7 1.42008 0.492685
16.8 1.4007 0.512834
16.9 1.3806 0.532702
17 1.35969 0.552276
17.1 1.33786 0.571546
17.2 1.315 0.590496
17.3 1.29094 0.609112
17.4 1.2655 0.627374
17.5 1.23844 0.645261
17.6 1.20943 0.662749
17.7 1.17807 0.679805
17.8 1.14379 0.696394
17.9 1.10581 0.712468
18 1.06299 0.727966
18.1 1.01362 0.742808
18.2 0.954999 0.756883
18.3 0.882566 0.770028
18.4 0.788059 0.781995
18.5 0.65503 0.792364
18.6 0.446928 0.800363
18.7 0.074266 0.804378
18.8 -0.649509 0.800803
18.9 -1.58881 0.784459
19 -1.90199 0.758158
19.1 -1.97287 0.729791
19.2 -1.99511 0.701155
19.3 -1.99846 0.672512
19.4 -1.99398 0.643951
19.5 -1.98632 0.615504
19.6 -1.97739 0.587186
19.7 -1.96793 0.559003
19.8 -1.95823 0.530958
19.9 -1.94839 0.503053
20 -1.93845 0.475289
20.1 -1.92841 0.447668
20.2 -1.91828 0.420192
20.3 -1.90806 0.39286
20.4 -1.89774 0.365676
20.5 -1.88733 0.338639
20.6 -1.87681 0.311752
20.7 -1.86619 0.285016
20.8 -1.85545 0.258433
20.9 -1.84461 0.232003
21 -1.83366 0.20573
21.1 -1.82258 0.179613
21.2 -1.81138 0.153656
21.3 -1.80005 0.12786
21.4 -1.78859 0.102227
21.5 -1.77699 0.0767578
21.6 -1.76525 0.0514558
21.7 -1.75336 0.0263226
21.8 -1.74131 0.00136036
21.9 -1.7291 -0.0234286
22 -1.71672 -0.048042
22.1 -1.70417 -0.0724772
22.2 -1.69143 -0.0967318
22.3 -1.67849 -0.120803
22.4 -1.66536 -0.144688
22.5 -1.652 -0.168384
22.6 -1.63843 -0.191887
22.7 -1.62461 -0.215195
22.8 -1.61055 -0.238304
22.9 -1.59621 -0.26121
23 -1.5816 -0.283909
23.1 -1.56668 -0.306397
23.2 -1.55145 -0.32867
23.3 -1.53587 -0.350723
23.4 -1.51992 -0.37255
23.5 -1.50358 -0.394147
23.6 -1.4868 -0.415508
23.7 -1.46957 -0.436626
23.8 -1.45183 -0.457493
23.9 -1.43353 -0.478104
24 -1.41463 -0.498449
24.1 -1.39506 -0.518519
24.2 -1.37473 -0.538304
24.3 -1.35357 -0.557793
24.4 -1.33146 -0.576973
24.5 -1.30828 -0.59583
24.6 -1.28385 -0.614347
24.7 -1.25797 -0.632505
24.8 -1.23039 -0.650281
24.9 -1.20076 -0.667649
25 -1.16864 -0.684577
25.1 -1.1334 -0.701024
25.2 -1.09417 -0.716941
25.3 -1.0497 -0.732261
25.4 -0.998031 -0.746898
25.5 -0.936055 -0.760728
25.6 -0.858418 -0.773569
25.7 -0.75517 -0.785134
25.8 -0.605907 -0.794931
25.9 -0.363803 -0.802017
26 0.0864848 -0.804367
26.1 0.930541 -0.797579
26.2 1.7554 -0.777618
26.3 1.9317 -0.750104
26.4 1.9826 -0.721603
26.5 1.99745 -0.692949
26.6 1.99774 -0.664324
26.7 1.99201 -0.635792
26.8 1.98385 -0.607381
26.9 1.97472 -0.579102
27 1.96517 -0.550958
27.1 1.95543 -0.522953
27.2 1.94556 -0.495088
27.3 1.93559 -0.467365
27.4 1.92552 -0.439786
27.5 1.91537 -0.41235
27.6 1.90512 -0.385061
27.7 1.89477 -0.357919
27.8 1.88432 -0.330925
27.9 1.87378 -0.304081
28 1.86312 -0.277388
28.1 1.85236 -0.250849
28.2 1.84149 -0.224464
28.3 1.8305 -0.198235
28.4 1.81938 -0.172164
28.5 1.80815 -0.146253
28.6 1.79678 -0.120503
28.7 1.78528 -0.0949167
28.8 1.77364 -0.0694955
28.9 1.76186 -0.0442416
29 1.74992 -0.0191571
29.1 1.73783 0.00575576
29.2 1.72557 0.0304947
29.3 1.71314 0.0550573
29.4 1.70054 0.0794411
29.5 1.68774 0.103643
29.6 1.67475 0.127662
29.7 1.66155 0.151493
29.8 1.64814 0.175134
29.9 1.6345 0.198582
30 1.62061 0.221833
30.1 1.60647 0.244884
30.2 1.59206 0.267731
30.3 1.57736 0.29037
30.4 1.56235 0.312797
30.5 1.54702 0.335007
30.6 1.53134 0.356996
30.7 1.51528 0.378758
30.8 1.49882 0.400288
30.9 1.48192 0.42158
31 1.46454 0.442627
31.1 1.44665 0.463422
31.2 1.42818 0.483957
31.3 1.4091 0.504224
31.4 1.38932 0.524214
31.5 1.36876 0.543916
31.6 1.34734 0.563318
31.7 1.32494 0.582407
31.8 1.30142 0.601168
31.9 1.2766 0.619584
32 1.25026 0.637635
32.1 1.22213 0.655297
32.2 1.19184 0.672543
32.3 1.1589 0.689338
32.4 1.12262 0.705639
32.5 1.08204 0.721392
32.6 1.03575 0.736527
32.7 0.981517 0.750947
32.8 0.915743 0.764516
32.9 0.832089 0.777027
33 0.718466 0.788149
33.1 0.549289 0.797297
33.2 0.264031 0.803309
33.3 -0.283153 0.803625
33.4 -1.21842 0.793149
33.5 -1.84755 0.770109
33.6 -1.95615 0.74202
33.7 -1.99067 0.713423
33.8 -1.99908 0.684759
33.9 -1.99671 0.656154
34 -1.98992 0.627654
34.1 -1.98134 0.59928
34.2 -1.97203 0.571038
34.3 -1.96241 0.542934
34.4 -1.95262 0.514969
34.5 -1.94271 0.487145
34.6 -1.93272 0.459463
34.7 -1.92263 0.431924
34.8 -1.91244 0.404531
34.9 -1.90217 0.377283
35 -1.89179 0.350183
35.1 -1.88132 0.323232
35.2 -1.87074 0.296431
35.3 -1.86006 0.269782
35.4 -1.84926 0.243287
35.5 -1.83836 0.216946
35.6 -1.82733 0.190763
35.7 -1.81618 0.164737
35.8 -1.80491 0.138872
35.9 -1.79351 0.113169
36 -1.78197 0.0876293
36.1 -1.77029 0.0622557
36.2 -1.75846 0.03705
36.3 -1.74648 0.0120144
36.4 -1.73434 -0.0128489
36.5 -1.72204 -0.0375377
36.6 -1.70956 -0.0620494
36.7 -1.6969 -0.0863816
36.8 -1.68405 -0.110532
36.9 -1.671 -0.134497
37 -1.65774 -0.158274
37.1 -1.64426 -0.18186
37.2 -1.63055 -0.205252
37.3 -1.61659 -0.228446
37.4 -1.60238 -0.251439
37.5 -1.58789 -0.274227
37.6 -1.5731 -0.296806
37.7 -1.558 -0.319172
37.8 -1.54257 -0.341319
37.9 -1.52679 -0.363244
38 -1.51062 -0.38494
38.1 -1.49403 -0.406402
38.2 -1.477 -0.427625
38.3 -1.45948 -0.4486
38.4 -1.44143 -0.469322
38.5 -1.42279 -0.489781
38.6 -1.40351 -0.50997
38.7 -1.38352 -0.529878
38.8 -1.36273 -0.549496
38.9 -1.34104 -0.56881
39 -1.31834 -0.587806
39.1 -1.29446 -0.606471
39.2 -1.26923 -0.624785
39.3 -1.24242 -0.642727
39.4 -1.21371 -0.660274
39.5 -1.18272 -0.677394
39.6 -1.1489 -0.694052
39.7 -1.1115 -0.710203
39.8 -1.06947 -0.725787
39.9 -1.02117 -0.740729
40 -0.964094 -0.754922
40.1 -0.894025 -0.768213
40.2 -0.803415 -0.780369
40.3 -0.677452 -0.791003
40.4 -0.483759 -0.799411
40.5 -0.143783 -0.804153
40.6 0.518176 -0.801999
40.7 1.47854 -0.787599
40.8 1.88789 -0.762194
40.9 1.96846 -0.733893
41 1.9941 -0.705263
41.1 1.99886 -0.676611
41.2 1.99497 -0.648035
41.3 1.98756 -0.61957
41.4 1.97872 -0.591233
41.5 1.96931 -0.56303
41.6 1.95963 -0.534965
41.7 1.94981 -0.50704
41.8 1.93988 -0.479256
41.9 1.92986 -0.451615
42 1.91974 -0.424117
42.1 1.90953 -0.396765
42.2 1.89923 -0.369559
42.3 1.88882 -0.342501
42.4 1.87832 -0.315593
42.5 1.86771 -0.288835
42.6 1.857 -0.26223
42.7 1.84617 -0.235778
42.8 1.83523 -0.209482
42.9 1.82417 -0.183343
43 1.81299 -0.157363
43.1 1.80168 -0.131544
43.2 1.79024 -0.105887
43.3 1.77866 -0.0803947
43.4 1.76694 -0.0550686
43.5 1.75507 -0.0299111
43.6 1.74304 -0.00492427
43.7 1.73086 0.0198896
43.8 1.7185 0.0445283
43.9 1.70598 0.0689892
44 1.69326 0.0932699
44.1 1.68036 0.117367
44.2 1.66725 0.141279
44.3 1.65393 0.165002
44.4 1.64039 0.188534
44.5 1.62661 0.21187
44.6 1.61258 0.235007
44.7 1.59828 0.257942
44.8 1.58371 0.280671
44.9 1.56884 0.30319
45 1.55365 0.325494
45.1 1.53812 0.347579
45.2 1.52223 0.369439
45.3 1.50594 0.391069
45.4 1.48923 0.412464
45.5 1.47207 0.433617
45.6 1.4544 0.454521
45.7 1.43619 0.475169
45.8 1.41738 0.495552
45.9 1.3979 0.515662
46 1.37769 0.535489
46.1 1.35666 0.555021
46.2 1.33469 0.574246
46.3 1.31167 0.59315
46.4 1.28743 0.611717
46.5 1.26178 0.629927
46.6 1.23446 0.64776
46.7 1.20515 0.665188
46.8 1.17341 0.682181
46.9 1.13866 0.6987
47 1.10008 0.714696
47.1 1.05645 0.730107
47.2 1.00597 0.744848
47.3 0.945731 0.758803
47.4 0.8708 0.7718
47.5 0.772125 0.783572
47.6 0.631418 0.793665
47.7 0.407385 0.801227
47.8 -0.00163816 0.804454
47.9 -0.78673 0.799346
48 -1.68103 0.781149
48.1 -1.91651 0.754154
48.2 -1.97755 0.72572
48.3 -1.99622 0.697075
48.4 -1.99808 0.668442
48.5 -1.993 0.639895
48.6 -1.9851 0.611466
48.7 -1.97606 0.583167
48.8 -1.96656 0.555004
48.9 -1.95684 0.526978
49 -1.94698 0.499094
49.1 -1.93703 0.47135
49.2 -1.92698 0.44375
49.3 -1.91683 0.416294
49.4 -1.9066 0.388983
49.5 -1.89627 0.36182
49.6 -1.88584 0.334804
49.7 -1.8753 0.307939
49.8 -1.86467 0.281224
49.9 -1.85392 0.254663
50 -1.84306 0.228255
50.1 -1.83209 0.202004
50.2 -1.82099 0.17591
50.3 -1.80977 0.149976
50.4 -1.79843 0.124203
50.5 -1.78695 0.0985925
50.6 -1.77533 0.0731474
50.7 -1.76356 0.0478693
50.8 -1.75165 0.0227603
50.9 -1.73958 -0.00217746
51 -1.72735 -0.0269416
51.1 -1.71495 -0.0515298
51.2 -1.70237 -0.0759395
51.3 -1.6896 -0.100168
51.4 -1.67664 -0.124213
51.5 -1.66347 -0.148071
51.6 -1.65009 -0.17174
51.7 -1.63648 -0.195216
51.8 -1.62263 -0.218496
51.9 -1.60852 -0.241576
52 -1.59415 -0.264452
52.1 -1.5795 -0.287122
52.2 -1.56454 -0.30958
52.3 -1.54925 -0.331821
52.4 -1.53362 -0.353842
52.5 -1.51762 -0.375638
52.6 -1.50122 -0.397201
52.7 -1.48438 -0.418528
52.8 -1.46708 -0.43961
52.9 -1.44926 -0.460442
53 -1.43088 -0.481015
53.1 -1.41189 -0.501321
53.2 -1.39221 -0.521352
53.3 -1.37178 -0.541096
53.4 -1.35049 -0.560541
53.5 -1.32823 -0.579676
53.6 -1.30488 -0.598486
53.7 -1.28026 -0.616953
53.8 -1.25416 -0.635058
53.9 -1.22631 -0.652778
54 -1.19636 -0.670085
54.1 -1.16383 -0.686947
54.2 -1.12808 -0.703323
54.3 -1.0882 -0.719159
54.4 -1.04284 -0.734388
54.5 -0.989935 -0.748919
54.6 -0.926129 -0.762621
54.7 -0.84561 -0.775301
54.8 -0.737427 -0.786651
54.9 -0.578775 -0.796135
55 -0.316502 -0.80271
55.1 0.179506 -0.804099
55.2 1.07491 -0.795526
55.3 1.81 -0.773953
55.4 1.94542 -0.746087
55.5 1.98719 -0.71753
55.6 1.99849 -0.688868
55.7 1.99732 -0.660252
55.8 1.991 -0.631736
55.9 1.98261 -0.603343
56 1.97338 -0.575082
56.1 1.9638 -0.546958
56.2 1.95403 -0.518973
56.3 1.94414 -0.491128
56.4 1.93416 -0.463426
56.5 1.92408 -0.435867
56.6 1.91391 -0.408452
56.7 1.90365 -0.381184
56.8 1.89329 -0.354062
56.9 1.88283 -0.32709
57 1.87227 -0.300267
57.1 1.8616 -0.273597
57.2 1.85082 -0.247079
57.3 1.83993 -0.220716
57.4 1.82892 -0.19451
57.5 1.81779 -0.168462
57.6 1.80654 -0.142573
57.7 1.79515 -0.116847
57.8 1.78363 -0.0912836
57.9 1.77197 -0.0658861
58 1.76017 -0.0406562
58.1 1.74821 -0.0155961
58.2 1.73609 0.00929215
58.3 1.72381 0.0340061
58.4 1.71136 0.0585434
58.5 1.69873 0.0829015
58.6 1.6859 0.107078
58.7 1.67288 0.131069
58.8 1.65966 0.154874
58.9 1.64621 0.178487
59 1.63253 0.201907
59.1 1.61861 0.22513
59.2 1.60443 0.248152
59.3 1.58998 0.27097
59.4 1.57524 0.293579
59.5 1.56019 0.315976
59.6 1.54481 0.338155
59.7 1.52908 0.360112
59.8 1.51296 0.381841
59.9 1.49644 0.403338
60 1.47947 0.424595
60.1 1.46202 0.445606
60.2 1.44405 0.466364
60.3 1.4255 0.486862
60.4 1.40632 0.50709
60.5 1.38644 0.52704
60.6 1.36577 0.546699
60.7 1.34421 0.566057
60.8 1.32166 0.585101
60.9 1.29796 0.603814
61 1.27294 0.622179
61.1 1.24637 0.640177
61.2 1.21796 0.657781
61.3 1.18732 0.674965
61.4 1.15395 0.691692
61.5 1.11713 0.707919
61.6 1.07584 0.723589
61.7 1.02857 0.738629
61.8 0.972958 0.752937
61.9 0.905112 0.76637
62 0.818121 0.778707
62.1 0.698625 0.789592
62.2 0.517886 0.798384
62.3 0.207002 0.803791
62.4 -0.395427 0.802936
62.5 -1.35349 0.790514
62.6 -1.87143 0.766201
62.7 -1.96339 0.737982
62.8 -1.99281 0.709363
62.9 -1.99915 0.680704
63 -1.99592 0.652112
63.1 -1.98877 0.623629
63.2 -1.98005 0.595273
63.3 -1.97068 0.567051
63.4 -1.96103 0.538966
63.5 -1.95122 0.511021
63.6 -1.9413 0.483217
63.7 -1.93129 0.455555
63.8 -1.92119 0.428037
63.9 -1.91099 0.400664
64 -1.9007 0.373437
64.1 -1.89032 0.346358
64.2 -1.87983 0.319428
64.3 -1.86923 0.292649
64.4 -1.85854 0.266022
64.5 -1.84773 0.239548
64.6 -1.8368 0.21323
64.7 -1.82576 0.187068
64.8 -1.8146 0.161066
64.9 -1.8033 0.135223
65 -1.79188 0.109543
65.1 -1.78032 0.0840268
65.2 -1.76862 0.0586769
65.3 -1.75677 0.0334952
65.4 -1.74477 0.00848379
65.5 -1.73261 -0.016355
65.6 -1.72028 -0.0410188
65.7 -1.70778 -0.0655053
65.8 -1.69509 -0.0898118
65.9 -1.68221 -0.113936
66 -1.66913 -0.137874
66.1 -1.65585 -0.161625
66.2 -1.64233 -0.185183
66.3 -1.62859 -0.208548
66.4 -1.6146 -0.231714
66.5 -1.60034 -0.254678
66.6 -1.58581 -0.277437
66.7 -1.57098 -0.299986
66.8 -1.55584 -0.322321
66.9 -1.54036 -0.344437
67 -1.52452 -0.366329
67.1 -1.50829 -0.387993
67.2 -1.49165 -0.409422
67.3 -1.47455 -0.43061
67.4 -1.45696 -0.45155
67.5 -1.43883 -0.472234
67.6 -1.4201 -0.492656
67.7 -1.40073 -0.512806
67.8 -1.38063 -0.532674
67.9 -1.35972 -0.552249
68 -1.33789 -0.571519
68.1 -1.31503 -0.59047
68.2 -1.29098 -0.609085
68.3 -1.26554 -0.627348
68.4 -1.23848 -0.645236
68.5 -1.20947 -0.662724
68.6 -1.17812 -0.679781
68.7 -1.14384 -0.696371
68.8 -1.10587 -0.712445
68.9 -1.06305 -0.727944
69 -1.0137 -0.742787
69.1 -0.955091 -0.756863
69.2 -0.882683 -0.77001
69.3 -0.788216 -0.781979
69.4 -0.65526 -0.792351
69.5 -0.44731 -0.800354
69.6 -0.0749933 -0.804376
69.7 0.64816 -0.800817
69.8 1.58779 -0.784491
69.9 1.90185 -0.758199
70 1.97282 -0.729832
70.1 1.9951 -0.701196
70.2 1.99846 -0.672553
70.3 1.99399 -0.643991
70.4 1.98633 -0.615544
70.5 1.9774 -0.587226
70.6 1.96795 -0.559043
70.7 1.95825 -0.530998
70.8 1.94841 -0.503092
70.9 1.93846 -0.475329
71 1.92843 -0.447708
71.1 1.9183 -0.420231
71.2 1.90808 -0.392899
71.3 1.89776 -0.365714
71.4 1.88734 -0.338678
71.5 1.87682 -0.31179
71.6 1.8662 -0.285054
71.7 1.85547 -0.258471
71.8 1.84463 -0.232041
71.9 1.83367 -0.205767
72 1.82259 -0.179651
72.1 1.81139 -0.153693
72.2 1.80007 -0.127897
72.3 1.78861 -0.102263
72.4 1.77701 -0.0767941
72.5 1.76526 -0.0514919
72.6 1.75337 -0.0263584
72.7 1.74133 -0.00139597
72.8 1.72912 0.0233933
72.9 1.71674 0.0480069
73 1.70418 0.0724424
73.1 1.69144 0.0966972
73.2 1.67851 0.120769
73.3 1.66537 0.144654
73.4 1.65202 0.16835
73.5 1.63845 0.191854
73.6 1.62463 0.215162
73.7 1.61057 0.238271
73.8 1.59623 0.261177
73.9 1.58162 0.283877
74 1.56671 0.306365
74.1 1.55147 0.328638
74.2 1.53589 0.350691
74.3 1.51994 0.372519
74.4 1.5036 0.394117
74.5 1.48683 0.415477
74.6 1.46959 0.436595
74.7 1.45185 0.457464
74.8 1.43356 0.478075
74.9 1.41466 0.49842
75 1.39508 0.51849
75.1 1.37476 0.538276
75.2 1.3536 0.557765
75.3 1.3315 0.576946
75.4 1.30831 0.595803
75.5 1.28389 0.614321
75.6 1.25801 0.632479
75.7 1.23043 0.650256
75.8 1.20081 0.667625
75.9 1.16869 0.684553
76 1.13345 0.701001
76.1 1.09423 0.716918
76.2 1.04977 0.73224
76.3 0.998111 0.746878
76.4 0.936153 0.760709
76.5 0.858544 0.773551
76.6 0.755344 0.785118
76.7 0.606171 0.794918
76.8 0.364257 0.80201
76.9 -0.0855945 0.804368
77 -0.92909 0.797598
77.1 -1.75476 0.777654
77.2 -1.93155 0.750144
77.3 -1.98255 0.721644
77.4 -1.99744 0.69299
77.5 -1.99774 0.664365
77.6 -1.99202 0.635833
77.7 -1.98387 0.607422
77.8 -1.97473 0.579142
77.9 -1.96519 0.550998
78 -1.95544 0.522993
78.1 -1.94557 0.495128
78.2 -1.9356 0.467405
78.3 -1.92554 0.439825
78.4 -1.91538 0.41239
78.5 -1.90513 0.3851
78.6 -1.89478 0.357957
78.7 -1.88434 0.330963
78.8 -1.87379 0.304119
78.9 -1.86314 0.277427
79 -1.85238 0.250887
79.1 -1.8415 0.224502
79.2 -1.83051 0.198273
79.3 -1.8194 0.172202
79.4 -1.80816 0.14629
79.5 -1.7968 0.12054
79.6 -1.7853 0.0949533
79.7 -1.77366 0.0695319
79.8 -1.76187 0.0442777
79.9 -1.74994 0.019193
80 -1.73785 -0.00572007
80.1 -1.72559 -0.0304593
80.2 -1.71316 -0.0550221
80.3 -1.70056 -0.0794062
80.4 -1.68776 -0.103609
80.5 -1.67477 -0.127627
80.6 -1.66157 -0.151459
80.7 -1.64816 -0.1751
80.8 -1.63452 -0.198548
80.9 -1.62063 -0.2218
81 -1.60649 -0.244851
81.1 -1.59208 -0.267698
81.2 -1.57738 -0.290338
81.3 -1.56238 -0.312765
81.4 -1.54704 -0.334976
81.5 -1.53136 -0.356965
81.6 -1.51531 -0.378727
81.7 -1.49884 -0.400258
81.8 -1.48194 -0.42155
81.9 -1.46457 -0.442597
82 -1.44667 -0.463392
82.1 -1.42821 -0.483928
82.2 -1.40912 -0.504195
82.3 -1.38935 -0.524185
82.4 -1.36879 -0.543887
82.5 -1.34738 -0.56329
82.6 -1.32497 -0.582379
82.7 -1.30145 -0.601141
82.8 -1.27663 -0.619558
82.9 -1.2503 -0.637609
83 -1.22218 -0.655272
83.1 -1.19189 -0.672518
83.2 -1.15895 -0.689314
83.3 -1.12267 -0.705616
83.4 -1.08211 -0.72137
83.5 -1.03582 -0.736506
83.6 -0.981602 -0.750927
83.7 -0.915848 -0.764497
83.8 -0.832227 -0.77701
83.9 -0.71866 -0.788135
84 -0.549594 -0.797285
84.1 -0.26458 -0.803304
84.2 0.282071 -0.803631
84.3 1.21701 -0.793174
84.4 1.84726 -0.770148
84.5 1.95606 -0.742061
84.6 1.99064 -0.713464
84.7 1.99908 -0.6848
84.8 1.99672 -0.656195
84.9 1.98993 -0.627695
85 1.98135 -0.59932
85.1 1.97204 -0.571079
85.2 1.96242 -0.542974
85.3 1.95263 -0.515009
85.4 1.94273 -0.487184
85.5 1.93273 -0.459502
85.6 1.92264 -0.431964
85.7 1.91246 -0.40457
85.8 1.90218 -0.377322
85.9 1.89181 -0.350222
86 1.88133 -0.32327
86.1 1.87076 -0.296469
86.2 1.86007 -0.26982
86.3 1.84928 -0.243325
86.4 1.83837 -0.216984
86.5 1.82735 -0.1908
86.6 1.8162 -0.164774
86.7 1.80493 -0.138909
86.8 1.79352 -0.113205
86.9 1.78198 -0.0876656
87 1.7703 -0.0622918
87.1 1.75848 -0.0370859
87.2 1.7465 -0.0120501
87.3 1.73436 0.0128135
87.4 1.72205 0.0375025
87.5 1.70958 0.0620145
87.6 1.69692 0.086347
87.7 1.68407 0.110497
87.8 1.67102 0.134462
87.9 1.65776 0.15824
88 1.64428 0.181826
88.1 1.63057 0.205218
88.2 1.61661 0.228413
88.3 1.6024 0.251406
88.4 1.58791 0.274195
88.5 1.57312 0.296774
88.6 1.55803 0.31914
88.7 1.5426 0.341288
88.8 1.52681 0.363213
88.9 1.51064 0.384909
89 1.49406 0.406372
89.1 1.47702 0.427595
89.2 1.4595 0.44857
89.3 1.44145 0.469292
89.4 1.42282 0.489752
89.5 1.40354 0.509941
89.6 1.38355 0.52985
89.7 1.36276 0.549468
89.8 1.34107 0.568782
89.9 1.31837 0.58778
90 1.2945 0.606444
90.1 1.26927 0.624759
90.2 1.24246 0.642702
90.3 1.21375 0.660249
90.4 1.18276 0.67737
90.5 1.14895 0.694029
90.6 1.11156 0.71018
90.7 1.06953 0.725766
90.8 1.02124 0.740708
90.9 0.964184 0.754903
91 0.894138 0.768195
91.1 0.803565 0.780353
91.2 0.677669 0.790989
91.3 0.484112 0.799401
91.4 0.144444 0.80415
91.5 -0.516907 0.80201
91.6 -1.47736 0.78763
91.7 -1.88775 0.762234
91.8 -1.96842 0.733934
91.9 -1.99409 0.705304
92 -1.99886 0.676652
92.1 -1.99498 0.648075
92.2 -1.98757 0.61961
92.3 -1.97874 0.591273
92.4 -1.96932 0.56307
92.5 -1.95965 0.535005
92.6 -1.94982 0.50708
92.7 -1.93989 0.479296
92.8 -1.92987 0.451654
92.9 -1.91975 0.424156
93 -1.90954 0.396804
93.1 -1.89924 0.369598
93.2 -1.88884 0.34254
93.3 -1.87834 0.315631
93.4 -1.86773 0.288873
93.5 -1.85701 0.262268
93.6 -1.84619 0.235816
93.7 -1.83525 0.20952
93.8 -1.82419 0.183381
93.9 -1.81301 0.1574
94 -1.8017 0.131581
94.1 -1.79025 0.105924
94.2 -1.77868 0.0804309
94.3 -1.76695 0.0551046
94.4 -1.75508 0.0299469
94.5 -1.74306 0.00495979
94.6 -1.73088 -0.0198544
94.7 -1.71852 -0.0444933
94.8 -1.70599 -0.0689545
94.9 -1.69328 -0.0932353
95 -1.68038 -0.117333
95.1 -1.66727 -0.141245
95.2 -1.65395 -0.164969
95.3 -1.6404 -0.1885
95.4 -1.62663 -0.211837
95.5 -1.6126 -0.234974
95.6 -1.5983 -0.25791
95.7 -1.58373 -0.280639
95.8 -1.56886 -0.303158
95.9 -1.55367 -0.325462
96 -1.53814 -0.347547
96.1 -1.52225 -0.369408
96.2 -1.50597 -0.391038
96.3 -1.48926 -0.412434
96.4 -1.47209 -0.433587
96.5 -1.45443 -0.454491
96.6 -1.43621 -0.475139
96.7 -1.4174 -0.495523
96.8 -1.39793 -0.515634
96.9 -1.37772 -0.535461
97 -1.35669 -0.554993
97.1 -1.33473 -0.574219
97.2 -1.3117 -0.593124
97.3 -1.28747 -0.611691
97.4 -1.26182 -0.629902
97.5 -1.2345 -0.647735
97.6 -1.20519 -0.665164
97.7 -1.17346 -0.682157
97.8 -1.13872 -0.698677
97.9 -1.10014 -0.714674
98 -1.05652 -0.730086
98.1 -1.00605 -0.744828
98.2 -0.945826 -0.758784
98.3 -0.870921 -0.771782
98.4 -0.772289 -0.783556
98.5 -0.631664 -0.793652
98.6 -0.407801 -0.801219
98.7 0.000834839 -0.804454
98.8 0.785317 -0.799362
98.9 1.68019 -0.781184
99 1.91636 -0.754194
99.1 1.9775 -0.725762
99.2 1.99621 -0.697116
99.3 1.99809 -0.668483
99.4 1.99301 -0.639936
99.5 1.98511 -0.611507
99.6 1.97608 -0.583208
99.7 1.96658 -0.555044
99.8 1.95685 -0.527019
99.9 1.947 -0.499133
100 1.93704 -0.47139
100.1 1.92699 -0.443789
100.2 1.91685 -0.416333
100.3 1.90661 -0.389022
100.4 1.89628 -0.361858
100.5 1.88585 -0.334843
100.6 1.87532 -0.307977
100.7 1.86468 -0.281263
100.8 1.85393 -0.254701
100.9 1.84308 -0.228293
101 1.8321 -0.202042
101.1 1.82101 -0.175948
101.2 1.80979 -0.150013
101.3 1.79844 -0.12424
101.4 1.78696 -0.0986292
101.5 1.77534 -0.0731838
101.6 1.76358 -0.0479054
101.7 1.75167 -0.0227962
101.8 1.7396 0.00214177
101.9 1.72737 0.0269061
102 1.71496 0.0514946
102.1 1.70238 0.0759045
102.2 1.68962 0.100133
102.3 1.67665 0.124179
102.4 1.66349 0.148037
102.5 1.65011 0.171706
102.6 1.6365 0.195182
102.7 1.62265 0.218462
102.8 1.60854 0.241543
102.9 1.59417 0.26442
103 1.57952 0.287089
103.1 1.56456 0.309547
103.2 1.54927 0.33179
103.3 1.53364 0.353811
103.4 1.51764 0.375606
103.5 1.50124 0.397171
103.6 1.48441 0.418497
103.7 1.4671 0.43958
103.8 1.44928 0.460412
103.9 1.43091 0.480986
104 1.41192 0.501293
104.1 1.39224 0.521323
104.2 1.37181 0.541067
104.3 1.35052 0.560514
104.4 1.32827 0.579649
104.5 1.30492 0.598459
104.6 1.2803 0.616927
104.7 1.2542 0.635032
104.8 1.22635 0.652753
104.9 1.1964 0.670061
105 1.16388 0.686924
105.1 1.12814 0.703299
105.2 1.08826 0.719137
105.3 1.04291 0.734367
105.4 0.990017 0.748898
105.5 0.926231 0.762602
105.6 0.845742 0.775283
105.7 0.737611 0.786636
105.8 0.579059 0.796123
105.9 0.317001 0.802704
106 -0.178521 0.804103
106.1 -1.07346 0.795548
106.2 -1.80954 0.773991
106.3 -1.9453 0.746128
106.4 -1.98715 0.717571
106.5 -1.99849 0.688909
106.6 -1.99732 0.660293
106.7 -1.99101 0.631777
106.8 -1.98263 0.603384
106.9 -1.9734 0.575123
107 -1.96381 0.546998
107.1 -1.95404 0.519013
107.2 -1.94416 0.491168
107.3 -1.93417 0.463466
107.4 -1.92409 0.435906
107.5 -1.91393 0.408491
107.6 -1.90366 0.381223
107.7 -1.8933 0.354101
107.8 -1.88284 0.327128
107.9 -1.87228 0.300306
108 -1.86161 0.273635
108.1 -1.85083 0.247117
108.2 -1.83994 0.220754
108.3 -1.82894 0.194547
108.4 -1.81781 0.168499
108.5 -1.80655 0.14261
108.6 -1.79517 0.116883
108.7 -1.78365 0.0913201
108.8 -1.77199 0.0659224
108.9 -1.76018 0.0406923
109 -1.74823 0.0156319
109.1 -1.73611 -0.00925658
109.2 -1.72383 -0.0339708
109.3 -1.71138 -0.0585083
109.4 -1.69874 -0.0828667
109.5 -1.68592 -0.107043
109.6 -1.6729 -0.131035
109.7 -1.65968 -0.15484
109.8 -1.64623 -0.178454
109.9 -1.63255 -0.201874
110 -1.61863 -0.225097
110.1 -1.60445 -0.24812
110.2 -1.59 -0.270938
110.3 -1.57526 -0.293547
110.4 -1.56021 -0.315944
110.5 -1.54483 -0.338123
110.6 -1.5291 -0.36008
110.7 -1.51298 -0.38181
110.8 -1.49646 -0.403307
110.9 -1.4795 -0.424564
111 -1.46205 -0.445576
111.1 -1.44408 -0.466335
111.2 -1.42553 -0.486833
111.3 -1.40635 -0.507062
111.4 -1.38647 -0.527011
111.5 -1.3658 -0.546671
111.6 -1.34425 -0.56603
111.7 -1.32169 -0.585074
111.8 -1.298 -0.603787
111.9 -1.27298 -0.622153
112 -1.24641 -0.640151
112.1 -1.218 -0.657756
112.2 -1.18737 -0.674941
112.3 -1.154 -0.691668
112.4 -1.11718 -0.707896
112.5 -1.0759 -0.723567
112.6 -1.02864 -0.738607
112.7 -0.973045 -0.752917
112.8 -0.905221 -0.766351
112.9 -0.818265 -0.77869
113 -0.69883 -0.789578
113.1 -0.518214 -0.798373
113.2 -0.207603 -0.803787
113.3 0.394248 -0.802944
113.4 1.35218 -0.790542
113.5 1.87124 -0.766241
113.6 1.96333 -0.738023
113.7 1.9928 -0.709404
113.8 1.99915 -0.680745
113.9 1.99592 -0.652153
114 1.98878 -0.62367
114.1 1.98006 -0.595314
114.2 1.97069 -0.567091
114.3 1.96104 -0.539006
114.4 1.95124 -0.511061
114.5 1.94132 -0.483256
114.6 1.93131 -0.455595
114.7 1.92121 -0.428076
114.8 1.91101 -0.400703
114.9 1.90072 -0.373476
115 1.89033 -0.346397
115.1 1.87984 -0.319467
115.2 1.86925 -0.292687
115.3 1.85855 -0.26606
115.4 1.84774 -0.239586
115.5 1.83682 -0.213267
115.6 1.82578 -0.187106
115.7 1.81461 -0.161102
115.8 1.80332 -0.13526
115.9 1.7919 -0.109579
116 1.78034 -0.0840631
116.1 1.76864 -0.0587129
116.2 1.75679 -0.0335309
116.3 1.74479 -0.00851932
116.4 1.73263 0.0163197
116.5 1.7203 0.0409838
116.6 1.70779 0.0654705
116.7 1.69511 0.0897773
116.8 1.68223 0.113902
116.9 1.66915 0.13784
117 1.65586 0.161591
117.1 1.64235 0.18515
117.2 1.62861 0.208514
117.3 1.61462 0.231681
117.4 1.60036 0.254645
117.5 1.58583 0.277404
117.6 1.571 0.299954
117.7 1.55586 0.322289
117.8 1.54038 0.344405
117.9 1.52454 0.366298
118 1.50832 0.387962
118.1 1.49167 0.409391
118.2 1.47457 0.43058
118.3 1.45698 0.45152
118.4 1.43885 0.472205
118.5 1.42013 0.492627
118.6 1.40076 0.512777
118.7 1.38066 0.532646
118.8 1.35975 0.552221
118.9 1.33792 0.571491
119 1.31506 0.590443
119.1 1.29101 0.609059
119.2 1.26558 0.627322
119.3 1.23852 0.645211
119.4 1.20952 0.662699
119.5 1.17816 0.679757
119.6 1.14389 0.696347
119.7 1.10592 0.712423
119.8 1.06312 0.727922
119.9 1.01377 0.742766
120 0.955183 0.756844
120.1 0.882799 0.769992
120.2 0.788373 0.781963
120.3 0.655491 0.792338
120.4 0.447692 0.800345
120.5 0.07572 0.804375
120.6 -0.646812 0.80083
120.7 -1.58677 0.784524
120.8 -1.90171 0.758239
120.9 -1.97278 0.729873
121 -1.99509 0.701237
121.1 -1.99846 0.672594
121.2 -1.994 0.644032
121.3 -1.98635 0.615585
121.4 -1.97742 0.587267
121.5 -1.96796 0.559083
121.6 -1.95826 0.531038
121.7 -1.94842 0.503132
121.8 -1.93848 0.475368
121.9 -1.92844 0.447747
122 -1.91831 0.42027
122.1 -1.90809 0.392938
122.2 -1.89777 0.365753
122.3 -1.88736 0.338716
122.4 -1.87684 0.311829
122.5 -1.86622 0.285092
122.6 -1.85549 0.258509
122.7 -1.84464 0.232079
122.8 -1.83369 0.205805
122.9 -1.82261 0.179688
123 -1.81141 0.15373
123.1 -1.80008 0.127934
123.2 -1.78862 0.1023
123.3 -1.77702 0.0768305
123.4 -1.76528 0.051528
123.5 -1.75339 0.0263943
123.6 -1.74134 0.00143157
123.7 -1.72913 -0.0233579
123.8 -1.71676 -0.0479718
123.9 -1.7042 -0.0724075
124 -1.69146 -0.0966627
124.1 -1.67853 -0.120734
124.2 -1.66539 -0.14462
124.3 -1.65204 -0.168316
124.4 -1.63847 -0.19182
124.5 -1.62465 -0.215129
124.6 -1.61059 -0.238238
124.7 -1.59626 -0.261144
124.8 -1.58164 -0.283844
124.9 -1.56673 -0.306333
125 -1.55149 -0.328607
125.1 -1.53591 -0.35066
125.2 -1.51997 -0.372488
125.3 -1.50362 -0.394086
125.4 -1.48685 -0.415447
125.5 -1.46962 -0.436565
125.6 -1.45188 -0.457434
125.7 -1.43359 -0.478045
125.8 -1.41469 -0.498391
125.9 -1.39511 -0.518462
126 -1.37479 -0.538248
126.1 -1.35363 -0.557738
126.2 -1.33153 -0.576919
126.3 -1.30835 -0.595777
126.4 -1.28392 -0.614294
126.5 -1.25805 -0.632453
126.6 -1.23047 -0.650231
126.7 -1.20085 -0.6676
126.8 -1.16873 -0.684529
126.9 -1.1335 -0.700978
127 -1.09429 -0.716896
127.1 -1.04983 -0.732218
127.2 -0.998191 -0.746857
127.3 -0.936251 -0.76069
127.4 -0.85867 -0.773534
127.5 -0.755517 -0.785103
127.6 -0.606434 -0.794906
127.7 -0.364712 -0.802002
127.8 0.0847051 -0.80437
127.9 0.927639 -0.797617
128 1.75411 -0.77769
128.1 1.93141 -0.750185
128.2 1.9825 -0.721686
128.3 1.99743 -0.693031
128.4 1.99775 -0.664406
128.5 1.99203 -0.635874
128.6 1.98388 -0.607463
128.7 1.97475 -0.579183
128.8 1.9652 -0.551038
128.9 1.95546 -0.523033
129 1.94559 -0.495168
129.1 1.93561 -0.467445
129.2 1.92555 -0.439865
129.3 1.9154 -0.412429
129.4 1.90515 -0.385139
129.5 1.8948 -0.357996
129.6 1.88435 -0.331002
129.7 1.87381 -0.304158
129.8 1.86315 -0.277465
129.9 1.85239 -0.250925
130 1.84152 -0.22454
130.1 1.83053 -0.19831
130.2 1.81942 -0.172239
130.3 1.80818 -0.146327
130.4 1.79681 -0.120577
130.5 1.78532 -0.09499
130.6 1.77368 -0.0695683
130.7 1.76189 -0.0443139
130.8 1.74996 -0.019229
130.9 1.73786 0.00568438
131 1.72561 0.0304238
131.1 1.71318 0.0549869
131.2 1.70057 0.0793713
131.3 1.68778 0.103574
131.4 1.67479 0.127593
131.5 1.66159 0.151425
131.6 1.64818 0.175066
131.7 1.63454 0.198515
131.8 1.62065 0.221766
131.9 1.60651 0.244818
132 1.5921 0.267666
132.1 1.5774 0.290305
132.2 1.5624 0.312733
132.3 1.54707 0.334944
132.4 1.53139 0.356933
132.5 1.51533 0.378696
132.6 1.49887 0.400227
132.7 1.48197 0.421519
132.8 1.46459 0.442567
132.9 1.4467 0.463362
133 1.42824 0.483898
133.1 1.40915 0.504166
133.2 1.38937 0.524157
133.3 1.36882 0.543859
133.4 1.34741 0.563262
133.5 1.32501 0.582352
133.6 1.30149 0.601114
133.7 1.27667 0.619532
133.8 1.25034 0.637584
133.9 1.22222 0.655247
134 1.19193 0.672494
134.1 1.159 0.68929
134.2 1.12273 0.705592
134.3 1.08217 0.721348
134.4 1.03589 0.736485
134.5 0.981687 0.750907
134.6 0.915954 0.764478
134.7 0.832365 0.776993
134.8 0.718855 0.78812
134.9 0.549898 0.797274
135 0.265127 0.803298
135.1 -0.280989 0.803637
135.2 -1.21561 0.793199
135.3 -1.84695 0.770187
135.4 -1.95597 0.742101
135.5 -1.99061 0.713505
135.6 -1.99908 0.684841
135.7 -1.99673 0.656236
135.8 -1.98994 0.627736
135.9 -1.98136 0.599361
136 -1.97206 0.571119
136.1 -1.96243 0.543014
136.2 -1.95264 0.515049
136.3 -1.94274 0.487224
136.4 -1.93275 0.459542
136.5 -1.92266 0.432003
136.6 -1.91247 0.404609
136.7 -1.9022 0.377361
136.8 -1.89182 0.35026
136.9 -1.88135 0.323309
137 -1.87077 0.296508
137.1 -1.86009 0.269858
137.2 -1.84929 0.243362
137.3 -1.83839 0.217022
137.4 -1.82736 0.190837
137.5 -1.81622 0.164811
137.6 -1.80494 0.138946
137.7 -1.79354 0.113242
137.8 -1.782 0.087702
137.9 -1.77032 0.062328
138 -1.75849 0.0371218
138.1 -1.74651 0.0120857
138.2 -1.73438 -0.0127781
138.3 -1.72207 -0.0374674
138.4 -1.70959 -0.0619796
138.5 -1.69693 -0.0863123
138.6 -1.68409 -0.110463
138.7 -1.67104 -0.134428
138.8 -1.65778 -0.158206
138.9 -1.6443 -0.181793
139 -1.63059 -0.205185
139.1 -1.61663 -0.22838
139.2 -1.60242 -0.251374
139.3 -1.58793 -0.274162
139.4 -1.57314 -0.296742
139.5 -1.55805 -0.319108
139.6 -1.54262 -0.341256
139.7 -1.52683 -0.363181
139.8 -1.51066 -0.384878
139.9 -1.49408 -0.406341
140 -1.47705 -0.427564
140.1 -1.45953 -0.448541
140.2 -1.44148 -0.469263
140.3 -1.42285 -0.489723
140.4 -1.40357 -0.509913
140.5 -1.38358 -0.529822
140.6 -1.36279 -0.54944
140.7 -1.34111 -0.568755
140.8 -1.3184 -0.587753
140.9 -1.29453 -0.606418
141 -1.26931 -0.624733
141.1 -1.2425 -0.642677
141.2 -1.2138 -0.660224
141.3 -1.18281 -0.677346
141.4 -1.149 -0.694005
141.5 -1.11162 -0.710157
141.6 -1.06959 -0.725744
141.7 -1.02132 -0.740688
141.8 -0.964273 -0.754883
141.9 -0.89425 -0.768177
142 -0.803715 -0.780336
142.1 -0.677886 -0.790975
142.2 -0.484465 -0.799391
142.3 -0.145104 -0.804147
142.4 0.51564 -0.80202
142.5 1.47618 -0.78766
142.6 1.8876 -0.762274
142.7 1.96837 -0.733975
142.8 1.99408 -0.705345
142.9 1.99887 -0.676693
143 1.99499 -0.648116
143.1 1.98758 -0.619651
143.2 1.97875 -0.591313
143.3 1.96934 -0.56311
143.4 1.95966 -0.535045
143.5 1.94984 -0.507119
143.6 1.93991 -0.479335
143.7 1.92988 -0.451693
143.8 1.91977 -0.424195
143.9 1.90956 -0.396843
144 1.89926 -0.369637
144.1 1.88885 -0.342578
144.2 1.87835 -0.31567
144.3 1.86774 -0.288911
144.4 1.85703 -0.262306
144.5 1.8462 -0.235854
144.6 1.83526 -0.209557
144.7 1.8242 -0.183418
144.8 1.81302 -0.157437
144.9 1.80171 -0.131617
145 1.79027 -0.10596
145.1 1.77869 -0.0804671
145.2 1.76697 -0.0551406
145.3 1.7551 -0.0299826
145.4 1.74308 -0.00499531
145.5 1.73089 0.0198191
145.6 1.71854 0.0444583
145.7 1.70601 0.0689197
145.8 1.6933 0.0932008
145.9 1.68039 0.117299
146 1.66729 0.141211
146.1 1.65397 0.164935
146.2 1.64042 0.188467
146.3 1.62665 0.211803
146.4 1.61262 0.234941
146.5 1.59832 0.257877
146.6 1.58375 0.280607
146.7 1.56888 0.303126
146.8 1.55369 0.325431
146.9 1.53817 0.347516
147 1.52227 0.369377
147.1 1.50599 0.391008
147.2 1.48928 0.412403
147.3 1.47212 0.433557
147.4 1.45445 0.454462
147.5 1.43624 0.47511
147.6 1.41743 0.495494
147.7 1.39796 0.515605
147.8 1.37775 0.535433
147.9 1.35672 0.554966
148 1.33476 0.574192
148.1 1.31174 0.593097
148.2 1.2875 0.611664
148.3 1.26185 0.629876
148.4 1.23454 0.64771
148.5 1.20523 0.665139
148.6 1.17351 0.682133
148.7 1.13877 0.698654
148.8 1.10019 0.714652
148.9 1.05659 0.730064
149 1.00613 0.744807
149.1 0.94592 0.758764
149.2 0.871041 0.771764
149.3 0.772454 0.78354
149.4 0.63191 0.793639
149.5 0.408216 0.80121
149.6 -3.23353e-05 0.804454
149.7 -0.783905 0.799378
149.8 -1.67935 0.781218
149.9 -1.9162 0.754234
150 -1.97745 0.725803
150.1 -1.9962 0.697158
150.2 -1.99809 0.668524
150.3 -1.99302 0.639977
150.4 -1.98512 0.611548
150.5 -1.97609 0.583248
150.6 -1.96659 0.555084
150.7 -1.95687 0.527059
150.8 -1.94701 0.499173
150.9 -1.93706 0.47143
151 -1.92701 0.443829
151.1 -1.91686 0.416372
151.2 -1.90663 0.389061
151.3 -1.8963 0.361897
151.4 -1.88587 0.334882
151.5 -1.87533 0.308016
151.6 -1.8647 0.281301
151.7 -1.85395 0.254739
151.8 -1.84309 0.228331
151.9 -1.83212 0.202079
152 -1.82102 0.175985
152.1 -1.80981 0.15005
152.2 -1.79846 0.124276
152.3 -1.78698 0.0986659
152.4 -1.77536 0.0732202
152.5 -1.7636 0.0479416
152.6 -1.75169 0.0228321
152.7 -1.73962 -0.00210608
152.8 -1.72738 -0.0268707
152.9 -1.71498 -0.0514594
153 -1.7024 -0.0758696
153.1 -1.68964 -0.100099
153.2 -1.67667 -0.124144
153.3 -1.66351 -0.148003
153.4 -1.65012 -0.171672
153.5 -1.63652 -0.195149
153.6 -1.62267 -0.218429
153.7 -1.60856 -0.24151
153.8 -1.59419 -0.264387
153.9 -1.57954 -0.287057
154 -1.56458 -0.309515
154.1 -1.5493 -0.331758
154.2 -1.53367 -0.35378
154.3 -1.51767 -0.375575
154.4 -1.50126 -0.39714
154.5 -1.48443 -0.418467
154.6 -1.46713 -0.43955
154.7 -1.44931 -0.460382
154.8 -1.43094 -0.480956
154.9 -1.41194 -0.501264
155 -1.39227 -0.521295
155.1 -1.37184 -0.541039
155.2 -1.35055 -0.560486
155.3 -1.3283 -0.579622
155.4 -1.30495 -0.598432
155.5 -1.28033 -0.6169
155.6 -1.25424 -0.635006
155.7 -1.22639 -0.652728
155.8 -1.19645 -0.670036
155.9 -1.16393 -0.6869
156 -1.12819 -0.703276
156.1 -1.08832 -0.719114
156.2 -1.04298 -0.734345
156.3 -0.9901 -0.748878
156.4 -0.926333 -0.762582
156.5 -0.845873 -0.775266
156.6 -0.737794 -0.786621
156.7 -0.579342 -0.796111
156.8 -0.3175 -0.802697
156.9 0.177538 -0.804106
157 1.072 -0.795571
157.1 1.80908 -0.774029
157.2 1.94517 -0.746168
157.3 1.9871 -0.717612
157.4 1.99848 -0.68895
157.5 1.99733 -0.660334
157.6 1.99102 -0.631818
157.7 1.98264 -0.603424
157.8 1.97341 -0.575163
157.9 1.96383 -0.547039
158 1.95406 -0.519053
158.1 1.94417 -0.491208
158.2 1.93419 -0.463505
158.3 1.92411 -0.435946
158.4 1.91394 -0.408531
158.5 1.90368 -0.381262
158.6 1.89332 -0.35414
158.7 1.88286 -0.327167
158.8 1.8723 -0.300344
158.9 1.86163 -0.273673
159 1.85085 -0.247155
159.1 1.83996 -0.220792
159.2 1.82895 -0.194585
159.3 1.81782 -0.168536
159.4 1.80657 -0.142647
159.5 1.79518 -0.11692
159.6 1.78366 -0.0913567
159.7 1.77201 -0.0659587
159.8 1.7602 -0.0407283
159.9 1.74824 -0.0156677
160 1.73613 0.00922101
160.1 1.72385 0.0339355
160.2 1.7114 0.0584733
160.3 1.69876 0.0828319
160.4 1.68594 0.107009
160.5 1.67292 0.131001
160.6 1.65969 0.154806
160.7 1.64625 0.17842
160.8 1.63257 0.201841
160.9 1.61865 0.225064
161 1.60447 0.248087
161.1 1.59002 0.270905
161.2 1.57528 0.293515
161.3 1.56023 0.315912
161.4 1.54485 0.338092
161.5 1.52912 0.360049
161.6 1.51301 0.381779
161.7 1.49649 0.403276
161.8 1.47952 0.424534
161.9 1.46208 0.445546
162 1.4441 0.466305
162.1 1.42556 0.486804
162.2 1.40638 0.507033
162.3 1.38649 0.526983
162.4 1.36583 0.546643
162.5 1.34428 0.566002
162.6 1.32173 0.585047
162.7 1.29803 0.603761
162.8 1.27302 0.622127
162.9 1.24645 0.640125
163 1.21804 0.657731
163.1 1.18741 0.674916
163.2 1.15405 0.691645
163.3 1.11724 0.707873
163.4 1.07596 0.723545
163.5 1.02871 0.738586
163.6 0.973132 0.752897
163.7 0.905329 0.766332
163.8 0.818409 0.778674
163.9 0.699036 0.789564
164 0.518542 0.798363
164.1 0.208204 0.803782
164.2 -0.393071 0.802952
164.3 -1.35086 0.79057
164.4 -1.87104 0.766281
164.5 -1.96327 0.738064
164.6 -1.99278 0.709445
164.7 -1.99915 0.680785
164.8 -1.99593 0.652193
164.9 -1.98879 0.62371
165 -1.98007 0.595354
165.1 -1.97071 0.567131
165.2 -1.96106 0.539046
165.3 -1.95125 0.511101
165.4 -1.94133 0.483296
165.5 -1.93132 0.455634
165.6 -1.92122 0.428115
165.7 -1.91102 0.400742
165.8 -1.90073 0.373515
165.9 -1.89035 0.346435
166 -1.87986 0.319505
166.1 -1.86927 0.292725
166.2 -1.85857 0.266098
166.3 -1.84776 0.239623
166.4 -1.83683 0.213305
166.5 -1.82579 0.187143
166.6 -1.81463 0.161139
166.7 -1.80334 0.135297
166.8 -1.79191 0.109616
166.9 -1.78036 0.0840993
167 -1.76866 0.0587489
167.1 -1.75681 0.0335667
167.2 -1.74481 0.00855484
167.3 -1.73264 -0.0162844
167.4 -1.72032 -0.0409488
167.5 -1.70781 -0.0654357
167.6 -1.69513 -0.0897428
167.7 -1.68225 -0.113867
167.8 -1.66917 -0.137806
167.9 -1.65588 -0.161557
168 -1.64237 -0.185117
168.1 -1.62863 -0.208481
168.2 -1.61464 -0.231648
168.3 -1.60038 -0.254613
168.4 -1.58585 -0.277372
168.5 -1.57103 -0.299922
168.6 -1.55588 -0.322257
168.7 -1.54041 -0.344374
168.8 -1.52457 -0.366267
168.9 -1.50834 -0.387932
169 -1.4917 -0.409361
169.1 -1.4746 -0.430549
169.2 -1.45701 -0.45149
169.3 -1.43888 -0.472176
169.4 -1.42016 -0.492598
169.5 -1.40078 -0.512749
169.6 -1.38069 -0.532618
169.7 -1.35978 -0.552193
169.8 -1.33796 -0.571464
169.9 -1.3151 -0.590416
170 -1.29105 -0.609033
170.1 -1.26561 -0.627297
170.2 -1.23855 -0.645186
170.3 -1.20956 -0.662675
170.4 -1.17821 -0.679733
170.5 -1.14394 -0.696324
170.6 -1.10598 -0.7124
170.7 -1.06318 -0.727901
170.8 -1.01385 -0.742746
170.9 -0.955275 -0.756824
171 -0.882915 -0.769974
171.1 -0.788529 -0.781947
171.2 -0.655721 -0.792324
171.3 -0.448074 -0.800335
171.4 -0.0764459 -0.804373
171.5 0.645465 -0.800843
171.6 1.58575 -0.784556
171.7 1.90157 -0.758279
171.8 1.97273 -0.729914
171.9 1.99508 -0.701278
172 1.99847 -0.672635
172.1 1.99401 -0.644073
172.2 1.98636 -0.615626
172.3 1.97743 -0.587307
172.4 1.96797 -0.559123
172.5 1.95828 -0.531078
172.6 1.94844 -0.503172
172.7 1.93849 -0.475408
172.8 1.92846 -0.447787
172.9 1.91833 -0.420309
173 1.9081 -0.392977
173.1 1.89779 -0.365792
173.2 1.88737 -0.338755
173.3 1.87685 -0.311867
173.4 1.86623 -0.285131
173.5 1.8555 -0.258546
173.6 1.84466 -0.232116
173.7 1.8337 -0.205842
173.8 1.82263 -0.179725
173.9 1.81143 -0.153767
174 1.8001 -0.12797
174.1 1.78864 -0.102336
174.2 1.77704 -0.0768668
174.3 1.7653 -0.0515641
174.4 1.75341 -0.0264301
174.5 1.74136 -0.00146716
174.6 1.72915 0.0233226
174.7 1.71677 0.0479367
174.8 1.70422 0.0723727
174.9 1.69148 0.0966281
175 1.67855 0.1207
175.1 1.66541 0.144586
175.2 1.65206 0.168283
175.3 1.63849 0.191787
175.4 1.62467 0.215096
175.5 1.61061 0.238205
175.6 1.59628 0.261112
175.7 1.58166 0.283812
175.8 1.56675 0.306301
175.9 1.55151 0.328575
176 1.53594 0.350629
176.1 1.51999 0.372457
176.2 1.50365 0.394055
176.3 1.48688 0.415417
176.4 1.46964 0.436535
176.5 1.4519 0.457404
176.6 1.43361 0.478016
176.7 1.41471 0.498362
176.8 1.39514 0.518433
176.9 1.37482 0.53822
177 1.35366 0.55771
177.1 1.33156 0.576892
177.2 1.30838 0.59575
177.3 1.28396 0.614268
177.4 1.25809 0.632428
177.5 1.23051 0.650206
177.6 1.2009 0.667576
177.7 1.16878 0.684505
177.8 1.13356 0.700955
177.9 1.09435 0.716874
178 1.0499 0.732197
178.1 0.998272 0.746837
178.2 0.936349 0.76067
178.3 0.858796 0.773516
178.4 0.755691 0.785088
178.5 0.606697 0.794893
178.6 0.365165 0.801995
178.7 -0.0838166 0.804372
178.8 -0.926188 0.797636
178.9 -1.75346 0.777727
179 -1.93126 0.750225
179.1 -1.98245 0.721727
179.2 -1.99742 0.693072
179.3 -1.99775 0.664447
179.4 -1.99204 0.635915
179.5 -1.98389 0.607504
179.6 -1.97476 0.579223
179.7 -1.96522 0.551079
179.8 -1.95547 0.523073
179.9 -1.9456 0.495208
180 -1.93563 0.467484
180.1 -1.92557 0.439904
180.2 -1.91541 0.412468
180.3 -1.90516 0.385178
180.4 -1.89481 0.358035
180.5 -1.88437 0.331041
180.6 -1.87382 0.304196
180.7 -1.86317 0.277503
180.8 -1.85241 0.250963
180.9 -1.84153 0.224577
181 -1.83054 0.198348
181.1 -1.81943 0.172276
181.2 -1.8082 0.146364
181.3 -1.79683 0.120614
181.4 -1.78533 0.0950267
181.5 -1.77369 0.0696047
181.6 -1.76191 0.0443501
181.7 -1.74997 0.0192649
181.8 -1.73788 -0.0056487
181.9 -1.72563 -0.0303884
182 -1.7132 -0.0549518
182.1 -1.70059 -0.0793363
182.2 -1.6878 -0.103539
182.3 -1.67481 -0.127558
182.4 -1.66161 -0.15139
182.5 -1.6482 -0.175032
182.6 -1.63456 -0.198481
182.7 -1.62067 -0.221733
182.8 -1.60653 -0.244785
182.9 -1.59212 -0.267633
183 -1.57742 -0.290273
183.1 -1.56242 -0.312701
183.2 -1.54709 -0.334912
183.3 -1.53141 -0.356902
183.4 -1.51535 -0.378665
183.5 -1.49889 -0.400196
183.6 -1.48199 -0.421489
183.7 -1.46462 -0.442537
183.8 -1.44673 -0.463333
183.9 -1.42827 -0.483869
184 -1.40918 -0.504137
184.1 -1.3894 -0.524128
184.2 -1.36885 -0.543831
184.3 -1.34744 -0.563235
184.4 -1.32504 -0.582325
184.5 -1.30152 -0.601088
184.6 -1.27671 -0.619505
184.7 -1.25038 -0.637558
184.8 -1.22226 -0.655222
184.9 -1.19198 -0.67247
185 -1.15905 -0.689266
185.1 -1.12278 -0.705569
185.2 -1.08223 -0.721325
185.3 -1.03596 -0.736463
185.4 -0.981772 -0.750887
185.5 -0.916059 -0.764459
185.6 -0.832502 -0.776976
185.7 -0.719049 -0.788105
185.8 -0.550203 -0.797263
185.9 -0.265675 -0.803293
186 0.279908 -0.803642
186.1 1.2142 -0.793224
186.2 1.84665 -0.770226
186.3 1.95588 -0.742142
186.4 1.99058 -0.713546
186.5 1.99907 -0.684882
186.6 1.99674 -0.656276
186.7 1.98995 -0.627776
186.8 1.98137 -0.599401
186.9 1.97207 -0.571159
187 1.96245 -0.543054
187.1 1.95266 -0.515089
187.2 1.94276 -0.487264
187.3 1.93276 -0.459581
187.4 1.92267 -0.432042
187.5 1.91249 -0.404648
187.6 1.90221 -0.3774
187.7 1.89184 -0.350299
187.8 1.88136 -0.323347
187.9 1.87079 -0.296546
188 1.8601 -0.269896
188.1 1.84931 -0.2434
188.2 1.8384 -0.217059
188.3 1.82738 -0.190875
188.4 1.81623 -0.164848
188.5 1.80496 -0.138983
188.6 1.79356 -0.113279
188.7 1.78202 -0.0877384
188.8 1.77034 -0.0623641
188.9 1.75851 -0.0371577
189 1.74653 -0.0121214
189.1 1.73439 0.0127427
189.2 1.72209 0.0374322
189.3 1.70961 0.0619447
189.4 1.69695 0.0862777
189.5 1.6841 0.110428
189.6 1.67106 0.134394
189.7 1.6578 0.158172
189.8 1.64432 0.181759
189.9 1.63061 0.205152
190 1.61665 0.228347
190.1 1.60244 0.251341
190.2 1.58795 0.27413
190.3 1.57316 0.29671
190.4 1.55807 0.319076
190.5 1.54264 0.341225
190.6 1.52686 0.36315
190.7 1.51069 0.384847
190.8 1.4941 0.406311
190.9 1.47707 0.427534
191 1.45956 0.448511
191.1 1.44151 0.469233
191.2 1.42287 0.489694
191.3 1.4036 0.509884
191.4 1.38361 0.529794
191.5 1.36282 0.549412
191.6 1.34114 0.568727
191.7 1.31844 0.587726
191.8 1.29457 0.606392
191.9 1.26934 0.624707
192 1.24254 0.642651
192.1 1.21384 0.660199
192.2 1.18286 0.677322
192.3 1.14905 0.693982
192.4 1.11167 0.710135
192.5 1.06966 0.725722
192.6 1.02139 0.740667
192.7 0.964363 0.754863
192.8 0.894362 0.768159
192.9 0.803864 0.78032
193 0.678103 0.790961
193.1 0.484818 0.799382
193.2 0.145763 0.804144
193.3 -0.514373 0.802031
193.4 -1.47499 0.78769
193.5 -1.88746 0.762314
193.6 -1.96833 0.734015
193.7 -1.99407 0.705386
193.8 -1.99887 0.676734
193.9 -1.995 0.648157
194 -1.98759 0.619691
194.1 -1.97876 0.591354
194.2 -1.96935 0.56315
194.3 -1.95968 0.535085
194.4 -1.94985 0.507159
194.5 -1.93992 0.479375
194.6 -1.9299 0.451733
194.7 -1.91978 0.424235
194.8 -1.90957 0.396882
194.9 -1.89927 0.369675
195 -1.88887 0.342617
195.1 -1.87837 0.315708
195.2 -1.86776 0.288949
195.3 -1.85704 0.262343
195.4 -1.84622 0.235891
195.5 -1.83528 0.209595
195.6 -1.82422 0.183455
195.7 -1.81304 0.157474
195.8 -1.80173 0.131654
195.9 -1.79029 0.105997
196 -1.77871 0.0805034
196.1 -1.76699 0.0551766
196.2 -1.75512 0.0300184
196.3 -1.7431 0.00503082
196.4 -1.73091 -0.0197838
196.5 -1.71856 -0.0444233
196.6 -1.70603 -0.0688849
196.7 -1.69332 -0.0931663
196.8 -1.68041 -0.117265
196.9 -1.66731 -0.141177
197 -1.65399 -0.164901
197.1 -1.64044 -0.188433
197.2 -1.62666 -0.21177
197.3 -1.61264 -0.234909
197.4 -1.59835 -0.257845
197.5 -1.58377 -0.280574
197.6 -1.5689 -0.303094
197.7 -1.55372 -0.325399
197.8 -1.53819 -0.347485
197.9 -1.5223 -0.369346
198 -1.50601 -0.390977
198.1 -1.48931 -0.412373
198.2 -1.47214 -0.433527
198.3 -1.45448 -0.454432
198.4 -1.43627 -0.475081
198.5 -1.41746 -0.495465
198.6 -1.39799 -0.515577
198.7 -1.37778 -0.535405
198.8 -1.35675 -0.554938
198.9 -1.33479 -0.574165
199 -1.31177 -0.59307
199.1 -1.28754 -0.611638
199.2 -1.26189 -0.62985
199.3 -1.23458 -0.647684
199.4 -1.20528 -0.665115
199.5 -1.17355 -0.68211
199.6 -1.13882 -0.698631
199.7 -1.10025 -0.714629
199.8 -1.05665 -0.730043
199.9 -1.00621 -0.744787
200 -0.946015 -0.758745
