0 2 0
0.1 1.93865 0.22131
0.2 1.87344 0.435508
0.3 1.80447 0.642168
0.4 1.73167 0.840864
0.5 1.65484 1.03116
0.6 1.57367 1.21258
0.7 1.48773 1.38461
0.8 1.39645 1.5467
0.9 1.29916 1.6982
1 1.19501 1.83839
1.1 1.08301 1.96644
1.2 0.961957 2.08142
1.3 0.830425 2.18222
1.4 0.686778 2.26758
1.5 0.529187 2.33603
1.6 0.355727 2.3859
1.7 0.164602 2.41531
1.8 -0.0454217 2.42218
1.9 -0.274308 2.40439
2 -0.519736 2.35992
2.1 -0.775993 2.28718
2.2 -1.03335 2.18549
2.3 -1.27877 2.05542
2.4 -1.49836 1.8991
2.5 -1.681 1.7201
2.6 -1.82107 1.52295
2.7 -1.91887 1.31246
2.8 -1.97903 1.09315
2.9 -2.00811 0.868889
3 -2.01276 0.642796
3.1 -1.99868 0.41728
3.2 -1.97034 0.194184
3.3 -1.93102 -0.025085
3.4 -1.883 -0.239429
3.5 -1.82784 -0.447965
3.6 -1.76653 -0.649951
3.7 -1.69964 -0.844731
3.8 -1.62743 -1.03169
3.9 -1.54991 -1.21025
4 -1.46688 -1.37978
4.1 -1.37798 -1.53966
4.2 -1.28264 -1.6892
4.3 -1.18013 -1.82763
4.4 -1.06952 -1.95409
4.5 -0.949673 -2.06763
4.6 -0.819217 -2.16711
4.7 -0.676562 -2.25126
4.8 -0.519926 -2.31862
4.9 -0.347433 -2.3675
5 -0.157342 -2.39603
5.1 0.0515241 -2.40216
5.2 0.279071 -2.38375
5.3 0.522941 -2.33883
5.4 0.777432 -2.26583
5.5 1.0329 -2.16408
5.6 1.27646 -2.03416
5.7 1.49445 -1.8782
5.8 1.67588 -1.69971
5.9 1.81519 -1.50318
6 1.91262 -1.29338
6.1 1.97268 -1.07478
6.2 2.00183 -0.85123
6.3 2.00662 -0.625835
6.4 1.99269 -0.401001
6.5 1.96448 -0.178571
6.6 1.92524 0.0400447
6.7 1.87727 0.253743
6.8 1.8221 0.461635
6.9 1.76074 0.662973
7 1.69376 0.857098
7.1 1.62141 1.04339
7.2 1.5437 1.22126
7.3 1.46044 1.39008
7.4 1.37124 1.54923
7.5 1.27556 1.69799
7.6 1.17263 1.8356
7.7 1.06153 1.96119
7.8 0.9411 2.07379
7.9 0.809961 2.17228
8 0.666511 2.25535
8.1 0.508959 2.32152
8.2 0.335432 2.36912
8.3 0.144213 2.39624
8.4 -0.065817 2.40082
8.5 -0.294448 2.38075
8.6 -0.539138 2.33405
8.7 -0.793941 2.25921
8.8 -1.04897 2.15562
8.9 -1.29121 2.02396
9 -1.50707 1.86645
9.1 -1.68585 1.68669
9.2 -1.82238 1.4892
9.3 -1.91723 1.27873
9.4 -1.97511 1.05974
9.5 -2.00252 0.836025
9.6 -2.00595 0.610632
9.7 -1.991 0.385933
9.8 -1.962 0.163739
9.9 -1.92215 -0.0545621
10 -1.87367 -0.267884
10.1 -1.81809 -0.475348
10.2 -1.75636 -0.676214
10.3 -1.68902 -0.869826
10.4 -1.61632 -1.05557
10.5 -1.53825 -1.23284
10.6 -1.45461 -1.40104
10.7 -1.36501 -1.5595
10.8 -1.26887 -1.70754
10.9 -1.16543 -1.84437
11 -1.05375 -1.96912
11.1 -0.932647 -2.08081
11.2 -0.800739 -2.1783
11.3 -0.656405 -2.26029
11.4 -0.497844 -2.32527
11.5 -0.323185 -2.37156
11.6 -0.130733 -2.39723
11.7 0.0805656 -2.40023
11.8 0.310381 -2.37843
11.9 0.555972 -2.32988
12 0.811139 -2.25313
12.1 1.06574 -2.14762
12.2 1.30662 -2.01415
12.3 1.52027 -1.85502
12.4 1.69632 -1.67393
12.5 1.82998 -1.47542
12.6 1.92218 -1.26425
12.7 1.97781 -1.04484
12.8 2.00341 -0.820923
12.9 2.00546 -0.595512
13 1.98944 -0.370931
13.1 1.95963 -0.148959
13.2 1.91914 0.0690386
13.3 1.87015 0.281992
13.4 1.81413 0.489036
13.5 1.75201 0.689435
13.6 1.6843 0.882537
13.7 1.61125 1.06773
13.8 1.53282 1.24441
13.9 1.4488 1.41198
14 1.35877 1.56976
14.1 1.26217 1.71707
14.2 1.15821 1.85312
14.3 1.04593 1.97703
14.4 0.924154 2.08781
14.5 0.791465 2.1843
14.6 0.646235 2.26519
14.7 0.486653 2.32898
14.8 0.310849 2.37395
14.9 0.117156 2.39816
15 -0.095416 2.39956
15.1 -0.326408 2.37603
15.2 -0.572879 2.32563
15.3 -0.828368 2.24695
15.4 -1.08248 2.13952
15.5 -1.32194 2.00424
15.6 -1.53334 1.84351
15.7 -1.70663 1.66111
15.8 -1.83742 1.4616
15.9 -1.92699 1.24975
16 -1.98039 1.02992
16.1 -2.00422 0.805821
16.2 -2.0049 0.580399
16.3 -1.98783 0.355942
16.4 -1.95722 0.134198
16.5 -1.9161 -0.0834916
16.6 -1.8666 -0.296074
16.7 -1.81015 -0.502693
16.8 -1.74764 -0.702623
16.9 -1.67957 -0.895214
17 -1.60616 -1.07985
17.1 -1.52736 -1.25595
17.2 -1.44295 -1.42287
17.3 -1.35251 -1.57998
17.4 -1.25543 -1.72656
17.5 -1.15095 -1.86182
17.6 -1.03808 -1.98489
17.7 -0.915612 -2.09474
17.8 -0.782135 -2.19023
17.9 -0.636 -2.27003
18 -0.475388 -2.33261
18.1 -0.298432 -2.37624
18.2 -0.103492 -2.399
18.3 0.110351 -2.39879
18.4 0.342507 -2.37351
18.5 0.589829 -2.32125
18.6 0.845593 -2.24064
18.7 1.09916 -2.1313
18.8 1.33714 -1.99422
18.9 1.54624 -1.83191
19 1.71675 -1.6482
19.1 1.84468 -1.44772
19.2 1.93163 -1.23521
19.3 1.98284 -1.01499
19.4 2.00492 -0.790712
19.5 2.00425 -0.56529
19.6 1.98617 -0.340966
19.7 1.95476 -0.119456
19.8 1.91302 0.0979214
19.9 1.86302 0.310129
20 1.80614 0.516321
20.1 1.74324 0.715778
20.2 1.67481 0.907854
20.3 1.60104 1.09194
20.4 1.52188 1.26744
20.5 1.43708 1.43373
20.6 1.34621 1.59015
20.7 1.24867 1.736
20.8 1.14365 1.87047
20.9 1.03018 1.99268
21 0.90702 2.10161
21.1 0.772748 2.19609
21.2 0.625701 2.27478
21.3 0.46405 2.33615
21.4 0.285934 2.37844
21.5 0.0897433 2.39972
21.6 -0.125369 2.3979
21.7 -0.358676 2.37087
21.8 -0.606819 2.31674
21.9 -0.862809 2.2342
22 -1.11577 2.12296
22.1 -1.3522 1.98409
22.2 -1.55896 1.82021
22.3 -1.72667 1.63523
22.4 -1.85175 1.43379
22.5 -1.93611 1.22063
22.6 -1.98516 1.00003
22.7 -2.00552 0.775599
22.8 -2.00353 0.550187
22.9 -1.98444 0.326003
23 -1.95226 0.104733
23.1 -1.90991 -0.112328
23.2 -1.85941 -0.324157
23.3 -1.8021 -0.529919
23.4 -1.73882 -0.7289
23.5 -1.67003 -0.920459
23.6 -1.5959 -1.10399
23.7 -1.51637 -1.27889
23.8 -1.43118 -1.44453
23.9 -1.33988 -1.60027
24 -1.24187 -1.74538
24.1 -1.13632 -1.87906
24.2 -1.02223 -2.00041
24.3 -0.898378 -2.10841
24.4 -0.763304 -2.20188
24.5 -0.615335 -2.27946
24.6 -0.452638 -2.3396
24.7 -0.273355 -2.38055
24.8 -0.0759085 -2.40035
24.9 0.14047 -2.3969
25 0.374914 -2.3681
25.1 0.623846 -2.3121
25.2 0.880013 -2.22763
25.3 1.1323 -2.11448
25.4 1.36713 -1.97384
25.5 1.57151 -1.80841
25.6 1.7364 -1.62218
25.7 1.85864 -1.41981
25.8 1.94044 -1.20602
25.9 1.98735 -0.985063
26 2.00603 -0.760482
26.1 2.00274 -0.53509
26.2 1.98265 -0.311054
26.3 1.94971 -0.0900284
26.4 1.90676 0.126711
26.5 1.85576 0.338157
26.6 1.79803 0.543485
26.7 1.73437 0.741989
26.8 1.66522 0.933028
26.9 1.59074 1.116
27 1.51084 1.29029
27.1 1.42525 1.4553
27.2 1.33353 1.61035
27.3 1.23503 1.75471
27.4 1.12895 1.8876
27.5 1.01425 2.00809
27.6 0.889687 2.11515
27.7 0.753801 2.20759
27.8 0.604904 2.28406
27.9 0.441151 2.34297
28 0.260693 2.38256
28.1 0.061988 2.40087
28.2 -0.155654 2.39578
28.3 -0.391217 2.36521
28.4 -0.640907 2.30733
28.5 -0.897201 2.22094
28.6 -1.14875 2.10589
28.7 -1.38192 1.96348
28.8 -1.58387 1.79652
28.9 -1.74593 1.60905
29 -1.86534 1.40578
29.1 -1.9446 1.19138
29.2 -1.98941 0.970077
29.3 -2.00643 0.745361
29.4 -2.00186 0.519998
29.5 -1.98081 0.296118
29.6 -1.94711 0.0753434
29.7 -1.90357 -0.14107
29.8 -1.85209 -0.35213
29.9 -1.79394 -0.557022
30 -1.7299 -0.755044
30.1 -1.66039 -0.94556
30.2 -1.58555 -1.12797
30.3 -1.50528 -1.30166
30.4 -1.4193 -1.46602
30.5 -1.32714 -1.62037
30.6 -1.22816 -1.764
30.7 -1.12153 -1.89608
30.8 -1.00621 -2.0157
30.9 -0.880944 -2.12182
31 -0.744241 -2.21324
31.1 -0.594405 -2.28857
31.2 -0.429588 -2.34625
31.3 -0.247949 -2.38448
31.4 -0.0479816 -2.40128
31.5 0.170919 -2.39455
31.6 0.407586 -2.3622
31.7 0.657999 -2.30244
31.8 0.914368 -2.21411
31.9 1.16513 -2.09717
32 1.39657 -1.95301
32.1 1.59605 -1.78454
32.2 1.75527 -1.59586
32.3 1.87186 -1.39169
32.4 1.94861 -1.17671
32.5 1.99135 -0.955076
32.6 2.00673 -0.730237
32.7 2.00092 -0.504914
32.8 1.9789 -0.281196
32.9 1.94448 -0.0606782
33 1.90035 0.155405
33.1 1.84839 0.366075
33.2 1.78982 0.570527
33.3 1.72541 0.768065
33.4 1.65554 0.958056
33.5 1.58034 1.1399
33.6 1.49969 1.31298
33.7 1.41331 1.47669
33.8 1.32072 1.63035
33.9 1.22126 1.77323
34 1.11408 1.9045
34.1 0.998137 2.02326
34.2 0.872149 2.12843
34.3 0.734621 2.21881
34.4 0.58384 2.29302
34.5 0.41795 2.34945
34.6 0.235122 2.3863
34.7 0.0338894 2.40159
34.8 -0.186265 2.3932
34.9 -0.424018 2.35907
35 -0.675119 2.29741
35.1 -0.93151 2.20715
35.2 -1.18141 2.08833
35.3 -1.41107 1.94243
35.4 -1.60805 1.77246
35.5 -1.76442 1.5826
35.6 -1.8782 1.37756
35.7 -1.95247 1.16201
35.8 -1.99316 0.94006
35.9 -2.00694 0.715112
36 -1.9999 0.489837
36.1 -1.97695 0.266288
36.2 -1.94179 0.0460329
36.3 -1.89709 -0.169715
36.4 -1.84466 -0.379992
36.5 -1.78568 -0.584001
36.6 -1.72089 -0.781052
36.7 -1.65066 -0.970515
36.8 -1.5751 -1.15179
36.9 -1.49408 -1.32427
37 -1.4073 -1.48732
37.1 -1.31428 -1.64028
37.2 -1.21433 -1.78241
37.3 -1.10659 -1.91287
37.4 -0.990016 -2.03075
37.5 -0.863303 -2.13497
37.6 -0.724942 -2.22431
37.7 -0.573206 -2.29738
37.8 -0.406236 -2.35255
37.9 -0.222213 -2.38802
38 -0.0197113 -2.40179
38.1 0.201692 -2.39174
38.2 0.440512 -2.35581
38.3 0.692265 -2.29226
38.4 0.948625 -2.20007
38.5 1.1976 -2.07936
38.6 1.42543 -1.93174
38.7 1.61987 -1.7603
38.8 1.77337 -1.56926
38.9 1.88436 -1.36338
39 1.95618 -1.14728
39.1 1.99485 -0.925031
39.2 2.00706 -0.699985
39.3 1.99881 -0.474768
39.4 1.97494 -0.251396
39.5 1.93907 -0.0314081
39.6 1.8938 0.184001
39.7 1.84089 0.393881
39.8 1.78151 0.597444
39.9 1.71635 0.794005
40 1.64576 0.982938
40.1 1.56984 1.16364
40.2 1.48845 1.33551
40.3 1.40127 1.49791
40.4 1.3078 1.65016
40.5 1.20735 1.79153
40.6 1.09906 1.92118
40.7 0.981849 2.03818
40.8 0.854405 2.14144
40.9 0.715202 2.22974
41 0.562503 2.30166
41.1 0.394444 2.35557
41.2 0.209219 2.38965
41.3 0.00544755 2.40189
41.4 -0.217198 2.39016
41.5 -0.457065 2.35243
41.6 -0.709433 2.28698
41.7 -0.965707 2.19285
41.8 -1.2137 2.07027
41.9 -1.43963 1.92094
42 -1.63149 1.74804
42.1 -1.78213 1.55587
42.2 -1.89035 1.34916
42.3 -1.95973 1.13252
42.4 -1.99643 0.90999
42.5 -2.00709 0.684858
42.6 -1.99765 0.459708
42.7 -1.97287 0.236518
42.8 -1.9363 0.016804
42.9 -1.89047 -0.198262
43 -1.8371 -0.407741
43.1 -1.77732 -0.610855
43.2 -1.71178 -0.806924
43.3 -1.64084 -0.995323
43.4 -1.56455 -1.17545
43.5 -1.48278 -1.3467
43.6 -1.3952 -1.50844
43.7 -1.30129 -1.65999
43.8 -1.20035 -1.80061
43.9 -1.09149 -1.92944
44 -0.973636 -2.04555
44.1 -0.845454 -2.14785
44.2 -0.705402 -2.23509
44.3 -0.551732 -2.30585
44.4 -0.382576 -2.3585
44.5 -0.196142 -2.39118
44.6 0.00890187 -2.40187
44.7 0.232782 -2.38847
44.8 0.473676 -2.34892
44.9 0.72662 -2.28157
45 0.982752 -2.18551
45.1 1.2297 -2.06107
45.2 1.45368 -1.91004
45.3 1.64293 -1.7357
45.4 1.7907 -1.5424
45.5 1.89616 -1.33489
45.6 1.96314 -1.11774
45.7 1.99789 -0.894938
45.8 2.00702 -0.669731
45.9 1.99642 -0.444656
46 1.97076 -0.221657
46.1 1.9335 -0.00222081
46.2 1.88711 0.212497
46.3 1.83328 0.421573
46.4 1.77309 0.624234
46.5 1.70719 0.819808
46.6 1.63589 1.00767
46.7 1.55924 1.18722
46.8 1.4771 1.35786
46.9 1.3891 1.51894
47 1.29474 1.66978
47.1 1.1933 1.80963
47.2 1.08388 1.93764
47.3 0.965377 2.05285
47.4 0.836449 2.15419
47.5 0.695541 2.24037
47.6 0.540891 2.30997
47.7 0.370629 2.36134
47.8 0.18298 2.39261
47.9 -0.0233368 2.40175
48 -0.248445 2.38666
48.1 -0.490343 2.34529
48.2 -0.743822 2.27603
48.3 -0.999756 2.17804
48.4 -1.24559 2.05174
48.5 -1.46757 1.89903
48.6 -1.65418 1.72328
48.7 -1.79908 1.52887
48.8 -1.90179 1.32058
48.9 -1.96641 1.10293
49 -1.99923 0.879875
49.1 -2.00687 0.654605
49.2 -1.99513 0.429614
49.3 -1.96859 0.206812
49.4 -1.93065 -0.012341
49.5 -1.88372 -0.226707
49.6 -1.82944 -0.435375
49.7 -1.76885 -0.637582
49.8 -1.70257 -0.832657
49.9 -1.63091 -1.01998
50 -1.55391 -1.19896
50.1 -1.47138 -1.36897
50.2 -1.38298 -1.52938
50.3 -1.28817 -1.67951
50.4 -1.18622 -1.81859
50.5 -1.07623 -1.94578
50.6 -0.957071 -2.0601
50.7 -0.827391 -2.16046
50.8 -0.685618 -2.24558
50.9 -0.529979 -2.31401
51 -0.358604 -2.36408
51.1 -0.169735 -2.39394
51.2 0.0378571 -2.40152
51.3 0.264184 -2.38472
51.4 0.507064 -2.34153
51.5 0.761037 -2.27035
51.6 1.01672 -2.17044
51.7 1.26137 -2.04229
51.8 1.48129 -1.88792
51.9 1.66524 -1.71077
52 1.80726 -1.51528
52.1 1.90726 -1.30622
52.2 1.96953 -1.0881
52.3 2.00046 -0.864802
52.4 2.00663 -0.63948
52.5 1.99377 -0.414582
52.6 1.96637 -0.191983
52.7 1.92776 0.0268812
52.8 1.8803 0.240892
52.9 1.82556 0.449149
53 1.76457 0.650897
53.1 1.69793 0.845472
53.2 1.62592 1.03226
53.3 1.54855 1.21065
53.4 1.46564 1.38004
53.5 1.37683 1.53978
53.6 1.28156 1.68919
53.7 1.17911 1.82751
53.8 1.06854 1.95386
53.9 0.948718 2.06728
54 0.818278 2.16666
54.1 0.675632 2.25071
54.2 0.518997 2.31796
54.3 0.3465 2.36674
54.4 0.156404 2.39516
54.5 -0.0524624 2.40118
54.6 -0.279999 2.38267
54.7 -0.523835 2.33765
54.8 -0.778262 2.26455
54.9 -1.03363 2.16271
55 -1.27704 2.03272
55.1 -1.49486 1.8767
55.2 -1.67611 1.69818
55.3 -1.81525 1.50163
55.4 -1.91255 1.29183
55.5 -1.97251 1.07324
55.6 -2.00158 0.849721
55.7 -2.00631 0.624357
55.8 -1.99234 0.399561
55.9 -1.9641 0.177171
56 -1.92483 -0.0413995
56.1 -1.87684 -0.25505
56.2 -1.82166 -0.462893
56.3 -1.76028 -0.664181
56.4 -1.69327 -0.858251
56.5 -1.62089 -1.04449
56.6 -1.54316 -1.2223
56.7 -1.45987 -1.39106
56.8 -1.37065 -1.55014
56.9 -1.27492 -1.69883
57 -1.17196 -1.83637
57.1 -1.06081 -1.96188
57.2 -0.940317 -2.0744
57.3 -0.809111 -2.17279
57.4 -0.665584 -2.25576
57.5 -0.507943 -2.32183
57.6 -0.334317 -2.36931
57.7 -0.142989 -2.39629
57.8 0.0671527 -2.40073
57.9 0.295888 -2.3805
58 0.540656 -2.33363
58.1 0.795491 -2.25862
58.2 1.05048 -2.15486
58.3 1.2926 -2.02304
58.4 1.50825 -1.86538
58.5 1.68679 -1.68551
58.6 1.82306 -1.48792
58.7 1.91767 -1.27739
58.8 1.97535 -1.05837
58.9 2.00259 -0.834631
59 2.0059 -0.609237
59.1 1.99085 -0.38455
59.2 1.96178 -0.162377
59.3 1.92187 0.0558956
59.4 1.87335 0.269183
59.5 1.81772 0.476608
59.6 1.75595 0.677431
59.7 1.68858 0.870996
59.8 1.61585 1.05669
59.9 1.53775 1.23391
60 1.45408 1.40204
60.1 1.36444 1.56044
60.2 1.26825 1.70841
60.3 1.16477 1.84517
60.4 1.05303 1.96985
60.5 0.931868 2.08146
60.6 0.799888 2.17885
60.7 0.655472 2.26074
60.8 0.496818 2.32562
60.9 0.322054 2.37178
61 0.129488 2.39732
61.1 -0.0819274 2.40017
61.2 -0.311851 2.37821
61.3 -0.557524 2.3295
61.4 -0.812723 2.25256
61.5 -1.06728 2.14688
61.6 -1.30804 2.01324
61.7 -1.52148 1.85397
61.8 -1.69728 1.67275
61.9 -1.83067 1.47415
62 -1.92263 1.26292
62.1 -1.97805 1.04347
62.2 -2.00349 0.819534
62.3 -2.00541 0.594121
62.4 -1.9893 0.369551
62.5 -1.95941 0.1476
62.6 -1.91886 -0.0703692
62.7 -1.86983 -0.283289
62.8 -1.81377 -0.490293
62.9 -1.75161 -0.690649
63 -1.68387 -0.883705
63.1 -1.61078 -1.06885
63.2 -1.53232 -1.24548
63.3 -1.44826 -1.41298
63.4 -1.3582 -1.5707
63.5 -1.26155 -1.71795
63.6 -1.15754 -1.85392
63.7 -1.04521 -1.97776
63.8 -0.92337 -2.08845
63.9 -0.790609 -2.18485
64 -0.645296 -2.26564
64.1 -0.48562 -2.32932
64.2 -0.30971 -2.37416
64.3 -0.115902 -2.39824
64.4 0.0967863 -2.3995
64.5 0.327886 -2.3758
64.6 0.574437 -2.32523
64.7 0.829953 -2.24637
64.8 1.08402 -2.13877
64.9 1.32335 -2.00332
65 1.53454 -1.84245
65.1 1.70757 -1.65992
65.2 1.8381 -1.46033
65.3 1.92742 -1.24841
65.4 1.98062 -1.02855
65.5 2.00429 -0.804431
65.6 2.00484 -0.579009
65.7 1.98768 -0.354564
65.8 1.957 -0.132841
65.9 1.91582 0.08482
66 1.86627 0.297368
66.1 1.80978 0.503948
66.2 1.74723 0.703835
66.3 1.67913 0.896378
66.4 1.60569 1.08097
66.5 1.52686 1.25701
66.6 1.44241 1.42387
66.7 1.35193 1.58092
66.8 1.25481 1.72743
66.9 1.15028 1.86262
67 1.03735 1.9856
67.1 0.914823 2.09537
67.2 0.781274 2.19077
67.3 0.635056 2.27047
67.4 0.474348 2.33294
67.5 0.297286 2.37645
67.6 0.102231 2.39907
67.7 -0.111729 2.39871
67.8 -0.343992 2.37327
67.9 -0.591391 2.32084
68 -0.847177 2.24005
68.1 -1.10069 2.13054
68.2 -1.33853 1.99329
68.3 -1.54742 1.83084
68.4 -1.71767 1.64701
68.5 -1.84534 1.44644
68.6 -1.93205 1.23387
68.7 -1.98306 1.01361
68.8 -2.00498 0.789322
68.9 -2.00419 0.563901
69 -1.98601 0.339589
69.1 -1.95453 0.118101
69.2 -1.91274 -0.0992476
69.3 -1.86269 -0.31142
69.4 -1.80577 -0.517573
69.5 -1.74283 -0.716987
69.6 -1.67437 -0.909015
69.7 -1.60057 -1.09305
69.8 -1.52137 -1.26849
69.9 -1.43654 -1.43472
70 -1.34563 -1.59108
70.1 -1.24804 -1.73686
70.2 -1.14298 -1.87126
70.3 -1.02945 -1.99339
70.4 -0.906227 -2.10224
70.5 -0.771882 -2.19662
70.6 -0.62475 -2.27521
70.7 -0.463003 -2.33647
70.8 -0.284781 -2.37864
70.9 -0.0884742 -2.39979
71 0.126755 -2.39781
71.1 0.360167 -2.37062
71.2 0.608384 -2.31631
71.3 0.864393 -2.2336
71.4 1.11729 -2.12218
71.5 1.35358 -1.98315
71.6 1.56012 -1.81913
71.7 1.72757 -1.63403
71.8 1.85239 -1.43251
71.9 1.93652 -1.21929
72 1.98536 -0.998657
72.1 2.00557 -0.774208
72.2 2.00346 -0.548798
72.3 1.98428 -0.324628
72.4 1.95203 -0.103379
72.5 1.90962 0.113652
72.6 1.85907 0.325446
72.7 1.80173 0.531168
72.8 1.73841 0.730106
72.9 1.66959 0.921617
73 1.59543 1.10509
73.1 1.51586 1.27994
73.2 1.43063 1.44553
73.3 1.3393 1.6012
73.4 1.24124 1.74624
73.5 1.13564 1.87985
73.6 1.0215 2.00112
73.7 0.897581 2.10903
73.8 0.762432 2.20241
73.9 0.614379 2.27988
74 0.451584 2.33992
74.1 0.272193 2.38074
74.2 0.0746315 2.4004
74.3 -0.141864 2.3968
74.4 -0.376411 2.36784
74.5 -0.625414 2.31167
74.6 -0.881595 2.22702
74.7 -1.13382 2.1137
74.8 -1.3685 1.97289
74.9 -1.57265 1.80732
75 -1.73728 1.62097
75.1 -1.85926 1.41852
75.2 -1.94083 1.20468
75.3 -1.98754 0.983685
75.4 -2.00607 0.759091
75.5 -2.00266 0.533701
75.6 -1.98248 0.309679
75.7 -1.94947 0.0886767
75.8 -1.90646 -0.128033
75.9 -1.85543 -0.339444
76 -1.79766 -0.544732
76.1 -1.73396 -0.743191
76.2 -1.66478 -0.934182
76.3 -1.59026 -1.1171
76.4 -1.51033 -1.29134
76.5 -1.4247 -1.45629
76.6 -1.33294 -1.61127
76.7 -1.2344 -1.75557
76.8 -1.12827 -1.88838
76.9 -1.01351 -2.00879
77 -0.888884 -2.11577
77.1 -0.752924 -2.20812
77.2 -0.603941 -2.28447
77.3 -0.44009 -2.34328
77.4 -0.259524 -2.38274
77.5 -0.0607031 -2.40091
77.6 0.157055 -2.39567
77.7 0.39272 -2.36494
77.8 0.642478 -2.30689
77.9 0.898781 -2.22031
78 1.15026 -2.10509
78.1 1.38328 -1.96252
78.2 1.585 -1.79542
78.3 1.7468 -1.60784
78.4 1.86595 -1.40448
78.5 1.94498 -1.19003
78.6 1.98959 -0.968698
78.7 2.00646 -0.74397
78.8 2.00178 -0.51861
78.9 1.98063 -0.294744
79 1.94687 -0.0739935
79.1 1.90327 0.142389
79.2 1.85175 0.353414
79.3 1.79356 0.558265
79.4 1.72949 0.756243
79.5 1.65995 0.946711
79.6 1.58507 1.12907
79.7 1.50476 1.3027
79.8 1.41875 1.467
79.9 1.32655 1.62129
80 1.22753 1.76485
80.1 1.12085 1.89686
80.2 1.00547 2.0164
80.3 0.880137 2.12243
80.4 0.743358 2.21375
80.5 0.593436 2.28899
80.6 0.428521 2.34655
80.7 0.246773 2.38465
80.8 0.0466888 2.40131
80.9 -0.172327 2.39443
81 -0.409095 2.36192
81.1 -0.659573 2.30198
81.2 -0.915946 2.21347
81.3 -1.16663 2.09636
81.4 -1.39791 1.95204
81.5 -1.59717 1.78343
81.6 -1.75612 1.59464
81.7 -1.87245 1.3904
81.8 -1.94898 1.17536
81.9 -1.99152 0.953695
82 -2.00676 0.728846
82.1 -2.00083 0.503527
82.2 -1.97873 0.279824
82.3 -1.94423 0.0593301
82.4 -1.90005 -0.156722
82.5 -1.84805 -0.367356
82.6 -1.78944 -0.571768
82.7 -1.725 -0.769261
82.8 -1.65509 -0.959204
82.9 -1.57986 -1.14099
83 -1.49918 -1.31402
83.1 -1.41276 -1.47767
83.2 -1.32013 -1.63127
83.3 -1.22063 -1.77407
83.4 -1.1134 -1.90528
83.5 -0.997392 -2.02395
83.6 -0.871338 -2.12903
83.7 -0.733733 -2.21932
83.8 -0.582864 -2.29342
83.9 -0.416876 -2.34973
84 -0.233938 -2.38646
84.1 -0.0325887 -2.40161
84.2 0.187681 -2.39308
84.3 0.425533 -2.35877
84.4 0.676696 -2.29695
84.5 0.933086 -2.20651
84.6 1.1829 -2.08751
84.7 1.4124 -1.94145
84.8 1.60915 -1.77135
84.9 1.76525 -1.58137
85 1.87878 -1.37626
85.1 1.95282 -1.16066
85.2 1.99332 -0.938678
85.3 2.00696 -0.71372
85.4 1.9998 -0.488451
85.5 1.97677 -0.264917
85.6 1.94155 -0.0446867
85.7 1.89679 0.17103
85.8 1.84431 0.381271
85.9 1.7853 0.585239
86 1.72047 0.782245
86.1 1.65021 0.97166
86.2 1.57462 1.15288
86.3 1.49357 1.3253
86.4 1.40675 1.4883
86.5 1.31368 1.64119
86.6 1.21369 1.78325
86.7 1.1059 1.91364
86.8 0.989266 2.03143
86.9 0.862487 2.13557
87 0.724048 2.22481
87.1 0.572224 2.29777
87.2 0.405154 2.35283
87.3 0.221021 2.38818
87.4 0.0184028 2.40181
87.5 -0.203115 2.3916
87.6 -0.442032 2.35551
87.7 -0.693844 2.29178
87.8 -0.950198 2.19941
87.9 -1.19909 2.07853
88 -1.42674 1.93075
88.1 -1.62094 1.75917
88.2 -1.77419 1.56803
88.3 -1.88492 1.36208
88.4 -1.95651 1.14592
88.5 -1.995 0.923648
88.6 -2.00707 0.698594
88.7 -1.99871 0.473382
88.8 -1.97475 0.250026
88.9 -1.93882 0.0300638
89 -1.89349 -0.185314
89.1 -1.84055 -0.395157
89.2 -1.78113 -0.598679
89.3 -1.71593 -0.795195
89.4 -1.64531 -0.984079
89.5 -1.56935 -1.16473
89.6 -1.48793 -1.33654
89.7 -1.40071 -1.49888
89.8 -1.3072 -1.65107
89.9 -1.20671 -1.79237
90 -1.09837 -1.92195
90.1 -0.981095 -2.03886
90.2 -0.853584 -2.14203
90.3 -0.714303 -2.23023
90.4 -0.561515 -2.30204
90.5 -0.393356 -2.35584
90.6 -0.20802 -2.3898
90.7 -0.0041311 -2.40189
90.8 0.218628 -2.39001
90.9 0.458591 -2.35211
91 0.711013 -2.28649
91.1 0.967276 -2.19218
91.2 1.21517 -2.06943
91.3 1.44093 -1.91994
91.4 1.63255 -1.74691
91.5 1.78293 -1.55463
91.6 1.89089 -1.34785
91.7 1.96005 -1.13116
91.8 1.99657 -0.908606
91.9 2.00709 -0.683466
92 1.99754 -0.458323
92.1 1.97268 -0.235151
92.2 1.93605 -0.0154615
92.3 1.89017 0.199572
92.4 1.83675 0.409015
92.5 1.77693 0.612087
92.6 1.71136 0.80811
92.7 1.64038 0.996461
92.8 1.56406 1.17654
92.9 1.48226 1.34773
93 1.39464 1.50941
93.1 1.30068 1.6609
93.2 1.1997 1.80144
93.3 1.0908 1.9302
93.4 0.972878 2.04622
93.5 0.844628 2.14843
93.6 0.704498 2.23558
93.7 0.550738 2.30624
93.8 0.38148 2.35876
93.9 0.194935 2.39131
94 -0.0102262 2.40187
94.1 -0.23422 2.38831
94.2 -0.475207 2.34859
94.3 -0.728202 2.28106
94.4 -0.984318 2.18483
94.5 -1.23116 2.06021
94.6 -1.45496 1.90903
94.7 -1.64398 1.73456
94.8 -1.79148 1.54116
94.9 -1.89668 1.33357
95 -1.96345 1.11638
95.1 -1.99802 0.893553
95.2 -2.00701 0.668339
95.3 -1.99631 0.443272
95.4 -1.97056 0.220291
95.5 -1.93324 0.000880345
95.6 -1.8868 -0.213806
95.7 -1.83293 -0.422844
95.8 -1.7727 -0.625464
95.9 -1.70677 -0.820991
96 -1.63543 -1.00881
96.1 -1.55875 -1.1883
96.2 -1.47657 -1.35888
96.3 -1.38854 -1.5199
96.4 -1.29414 -1.67067
96.5 -1.19265 -1.81045
96.6 -1.08318 -1.93839
96.7 -0.964615 -2.05352
96.8 -0.835618 -2.15476
96.9 -0.69463 -2.24085
97 -0.53989 -2.31035
97.1 -0.369526 -2.36159
97.2 -0.181765 -2.39273
97.3 0.024669 -2.40174
97.4 0.249889 -2.38648
97.5 0.491879 -2.34495
97.6 0.745406 -2.27551
97.7 1.00132 -2.17735
97.8 1.24704 -2.05087
97.9 1.46884 -1.89801
98 1.65521 -1.72213
98.1 1.79984 -1.52763
98.2 1.9023 -1.31926
98.3 1.9667 -1.10157
98.4 1.99935 -0.878489
98.5 2.00685 -0.653213
98.6 1.99501 -0.428231
98.7 1.96838 -0.205447
98.8 1.93038 0.0136795
98.9 1.88341 0.228013
99 1.82908 0.436644
99.1 1.76845 0.638808
99.2 1.70215 0.833838
99.3 1.63045 1.02111
99.4 1.55341 1.20003
99.5 1.47085 1.36999
99.6 1.38242 1.53034
99.7 1.28756 1.6804
99.8 1.18557 1.81941
99.9 1.07553 1.94652
100 0.956304 2.06076
100.1 0.826555 2.16103
100.2 0.684702 2.24605
100.3 0.528972 2.31437
100.4 0.357494 2.36433
100.5 0.168512 2.39405
100.6 -0.0391971 2.4015
100.7 -0.265635 2.38454
100.8 -0.508604 2.34118
100.9 -0.762622 2.26983
101 -1.01827 2.16974
101.1 -1.26282 2.04141
101.2 -1.48255 1.88689
101.3 -1.66625 1.70962
101.4 -1.808 1.51403
101.5 -1.90775 1.3049
101.6 -1.96981 1.08673
101.7 -2.00057 0.863415
101.8 -2.00661 0.638089
101.9 -1.99364 0.4132
102 -1.96616 0.19062
102.1 -1.92749 -0.0282177
102.2 -1.87998 -0.242196
102.3 -1.8252 -0.450415
102.4 -1.76418 -0.652121
102.5 -1.69751 -0.846649
102.6 -1.62546 -1.03338
102.7 -1.54805 -1.21172
102.8 -1.46511 -1.38105
102.9 -1.37626 -1.54074
103 -1.28095 -1.69008
103.1 -1.17845 -1.82832
103.2 -1.06783 -1.9546
103.3 -0.947947 -2.06794
103.4 -0.817437 -2.16722
103.5 -0.67471 -2.25117
103.6 -0.517983 -2.31832
103.7 -0.345383 -2.36698
103.8 -0.155174 -2.39527
103.9 0.0538103 -2.40115
104 0.281457 -2.38248
104.1 0.525381 -2.33728
104.2 0.779846 -2.26401
104.3 1.03518 -2.162
104.4 1.27848 -2.03184
104.5 1.4961 -1.87566
104.6 1.6771 -1.69702
104.7 1.81598 -1.50037
104.8 1.91303 -1.2905
104.9 1.97278 -1.07188
105 2.00168 -0.848333
105.1 2.00627 -0.622966
105.2 1.99221 -0.398179
105.3 1.96389 -0.17581
105.4 1.92456 0.042734
105.5 1.87652 0.256352
105.6 1.8213 0.464156
105.7 1.75988 0.665401
105.8 1.69284 0.859425
105.9 1.62043 1.04561
106 1.54266 1.22337
106.1 1.45934 1.39207
106.2 1.37008 1.55109
106.3 1.27431 1.69971
106.4 1.1713 1.83718
106.5 1.06009 1.96262
106.6 0.939542 2.07505
106.7 0.808265 2.17335
106.8 0.664656 2.25622
106.9 0.506923 2.32218
107 0.333192 2.36954
107.1 0.14175 2.39639
107.2 -0.0685083 2.40068
107.3 -0.297353 2.3803
107.4 -0.542206 2.33326
107.5 -0.797076 2.25807
107.6 -1.05203 2.15413
107.7 -1.29403 2.02214
107.8 -1.50948 1.86434
107.9 -1.68776 1.68434
108 -1.82377 1.48666
108.1 -1.91814 1.27606
108.2 -1.9756 1.057
108.3 -2.00268 0.833242
108.4 -2.00586 0.607847
108.5 -1.99071 0.38317
108.6 -1.96156 0.161017
108.7 -1.92159 -0.057228
108.8 -1.87302 -0.270482
108.9 -1.81736 -0.477868
109 -1.75555 -0.678649
109.1 -1.68815 -0.872166
109.2 -1.61538 -1.05781
109.3 -1.53725 -1.23497
109.4 -1.45355 -1.40305
109.5 -1.36387 -1.56139
109.6 -1.26764 -1.70929
109.7 -1.16411 -1.84598
109.8 -1.05231 -1.97058
109.9 -0.931088 -2.0821
110 -0.799037 -2.17941
110.1 -0.654539 -2.26119
110.2 -0.495791 -2.32596
110.3 -0.320922 -2.372
110.4 -0.128242 -2.39741
110.5 0.0832908 -2.40011
110.6 0.313323 -2.378
110.7 0.559078 -2.32911
110.8 0.814308 -2.252
110.9 1.06883 -2.14614
111 1.30945 -2.01233
111.1 1.52269 -1.85291
111.2 1.69823 -1.67158
111.3 1.83136 -1.47288
111.4 1.92308 -1.26159
111.5 1.9783 -1.0421
111.6 2.00357 -0.818145
111.7 2.00536 -0.592731
111.8 1.98915 -0.368172
111.9 1.95919 -0.146242
112 1.91858 0.0716995
112.1 1.8695 0.284585
112.2 1.8134 0.491551
112.3 1.7512 0.691864
112.4 1.68343 0.884872
112.5 1.61031 1.06996
112.6 1.53182 1.24654
112.7 1.44772 1.41398
112.8 1.35762 1.57165
112.9 1.26093 1.71882
113 1.15688 1.85473
113.1 1.04449 1.97848
113.2 0.922586 2.08909
113.3 0.789753 2.18539
113.4 0.644357 2.26609
113.5 0.484586 2.32966
113.6 0.308571 2.37437
113.7 0.114648 2.39832
113.8 -0.0981574 2.39943
113.9 -0.329365 2.37557
114 -0.575995 2.32483
114.1 -0.831537 2.2458
114.2 -1.08556 2.13802
114.3 -1.32475 2.00241
114.4 -1.53573 1.84139
114.5 -1.70851 1.65874
114.6 -1.83877 1.45905
114.7 -1.92785 1.24708
114.8 -1.98085 1.02718
114.9 -2.00436 0.803041
115 -2.00478 0.577619
115.1 -1.98753 0.353186
115.2 -1.95677 0.131485
115.3 -1.91554 -0.0861482
115.4 -1.86594 -0.298662
115.5 -1.80941 -0.505203
115.6 -1.74683 -0.705046
115.7 -1.6787 -0.897542
115.8 -1.60522 -1.08208
115.9 -1.52635 -1.25806
116 -1.44187 -1.42487
116.1 -1.35135 -1.58185
116.2 -1.25419 -1.7283
116.3 -1.14961 -1.86342
116.4 -1.03663 -1.98632
116.5 -0.914035 -2.09601
116.6 -0.780412 -2.19131
116.7 -0.63411 -2.27091
116.8 -0.473308 -2.33326
116.9 -0.296139 -2.37665
117 -0.100969 -2.39914
117.1 0.113108 -2.39863
117.2 0.345477 -2.37303
117.3 0.592952 -2.32043
117.4 0.848761 -2.23946
117.5 1.10222 -2.12978
117.6 1.33992 -1.99236
117.7 1.5486 -1.82976
117.8 1.71859 -1.64582
117.9 1.84599 -1.44517
118 1.93247 -1.23253
118.1 1.98328 -1.01224
118.2 2.00504 -0.787932
118.3 2.00413 -0.562511
118.4 1.98585 -0.338213
118.5 1.9543 -0.116746
118.6 1.91245 0.100574
118.7 1.86236 0.312712
118.8 1.80539 0.518825
118.9 1.74243 0.718195
119 1.67393 0.910176
119.1 1.6001 1.09416
119.2 1.52087 1.26955
119.3 1.43599 1.43572
119.4 1.34505 1.59202
119.5 1.24742 1.73773
119.6 1.14231 1.87205
119.7 1.02872 1.99411
119.8 0.905434 2.10286
119.9 0.771015 2.19716
120 0.623799 2.27565
120.1 0.461956 2.33679
120.2 0.283626 2.37884
120.3 0.0872043 2.39985
120.4 -0.128141 2.39772
120.5 -0.361659 2.37037
120.6 -0.609949 2.31589
120.7 -0.865976 2.233
120.8 -1.11882 2.12141
120.9 -1.35496 1.98221
121 -1.56128 1.81804
121.1 -1.72847 1.63283
121.2 -1.85303 1.43123
121.3 -1.93692 1.21795
121.4 -1.98557 0.997281
121.5 -2.00562 0.772818
121.6 -2.00339 0.547409
121.7 -1.98411 0.323252
121.8 -1.95179 0.102026
121.9 -1.90933 -0.114976
122 -1.85874 -0.326735
122.1 -1.80135 -0.532417
122.2 -1.738 -0.731311
122.3 -1.66915 -0.922774
122.4 -1.59495 -1.1062
122.5 -1.51535 -1.28099
122.6 -1.43009 -1.44652
122.7 -1.33872 -1.60213
122.8 -1.24061 -1.7471
122.9 -1.13497 -1.88064
123 -1.02077 -2.00183
123.1 -0.896783 -2.10966
123.2 -0.76156 -2.20293
123.3 -0.613421 -2.28031
123.4 -0.45053 -2.34023
123.5 -0.271031 -2.38093
123.6 -0.0733538 -2.40045
123.7 0.143258 -2.3967
123.8 0.377908 -2.36758
123.9 0.626983 -2.31123
124 0.883177 -2.22641
124.1 1.13533 -2.11291
124.2 1.36986 -1.97194
124.3 1.5738 -1.80623
124.4 1.73817 -1.61977
124.5 1.85988 -1.41723
124.6 1.94122 -1.20333
124.7 1.98774 -0.982307
124.8 2.00611 -0.7577
124.9 2.00258 -0.532313
125 1.98231 -0.308305
125.1 1.94923 -0.0873251
125.2 1.90617 0.129354
125.3 1.85509 0.34073
125.4 1.79728 0.545978
125.5 1.73355 0.744393
125.6 1.66434 0.935336
125.7 1.58978 1.1182
125.8 1.50982 1.29239
125.9 1.42416 1.45727
126 1.33235 1.61219
126.1 1.23377 1.75643
126.2 1.12759 1.88916
126.3 1.01277 2.00949
126.4 0.888082 2.11638
126.5 0.752047 2.20864
126.6 0.602977 2.28489
126.7 0.439029 2.34358
126.8 0.258355 2.38292
126.9 0.0594174 2.40095
127 -0.158456 2.39556
127.1 -0.394224 2.36467
127.2 -0.644049 2.30644
127.3 -0.900361 2.21969
127.4 -1.15177 2.10429
127.5 -1.38463 1.96156
127.6 -1.58613 1.79432
127.7 -1.74767 1.60663
127.8 -1.86655 1.40319
127.9 -1.94535 1.18869
128 -1.98977 0.967318
128.1 -2.00649 0.742578
128.2 -2.0017 0.517223
128.3 -1.98046 0.293371
128.4 -1.94663 0.0726438
128.5 -1.90298 -0.143709
128.6 -1.85141 -0.354698
128.7 -1.79319 -0.559509
128.8 -1.72908 -0.757442
128.9 -1.6595 -0.947862
129 -1.58459 -1.13016
129.1 -1.50425 -1.30375
129.2 -1.4182 -1.46799
129.3 -1.32596 -1.62221
129.4 -1.2269 -1.7657
129.5 -1.12017 -1.89763
129.6 -1.00473 -2.0171
129.7 -0.87933 -2.12304
129.8 -0.742475 -2.21427
129.9 -0.592467 -2.2894
130 -0.427453 -2.34685
130.1 -0.245596 -2.38482
130.2 -0.0453953 -2.40135
130.3 0.173736 -2.39431
130.4 0.410605 -2.36164
130.5 0.661147 -2.30152
130.6 0.917524 -2.21284
130.7 1.16813 -2.09555
130.8 1.39925 -1.95107
130.9 1.59828 -1.78232
131 1.75697 -1.59342
131.1 1.87304 -1.3891
131.2 1.94934 -1.17401
131.3 1.99169 -0.952314
131.4 2.00678 -0.727455
131.5 2.00074 -0.50214
131.6 1.97855 -0.278452
131.7 1.94399 -0.0579822
131.8 1.89975 0.158039
131.9 1.8477 0.368637
132 1.78906 0.573008
132.1 1.72458 0.770457
132.2 1.65465 0.960351
132.3 1.57937 1.14209
132.4 1.49866 1.31506
132.5 1.41221 1.47865
132.6 1.31954 1.63218
132.7 1.21999 1.77492
132.8 1.11271 1.90605
132.9 0.996646 2.02464
133 0.870526 2.12964
133.1 0.732845 2.21983
133.2 0.581888 2.29382
133.3 0.415801 2.35002
133.4 0.232753 2.38663
133.5 0.0312873 2.40164
133.6 -0.189097 2.39294
133.7 -0.427048 2.35848
133.8 -0.678272 2.29648
133.9 -0.934661 2.20586
134 -1.1844 2.08668
134.1 -1.41373 1.94047
134.2 -1.61024 1.77023
134.3 -1.76608 1.58015
134.4 -1.87935 1.37496
134.5 -1.95316 1.1593
134.6 -1.99348 0.937296
134.7 -2.00697 0.712329
134.8 -1.9997 0.487064
134.9 -1.97658 0.263547
135 -1.9413 0.0433407
135.1 -1.89649 -0.172345
135.2 -1.84397 -0.382549
135.3 -1.78492 -0.586477
135.4 -1.72006 -0.783438
135.5 -1.64976 -0.972804
135.6 -1.57413 -1.15397
135.7 -1.49305 -1.32634
135.8 -1.4062 -1.48927
135.9 -1.31309 -1.6421
136 -1.21304 -1.78409
136.1 -1.10521 -1.91441
136.2 -0.988517 -2.03212
136.3 -0.86167 -2.13616
136.4 -0.723154 -2.22532
136.5 -0.571242 -2.29817
136.6 -0.404072 -2.35311
136.7 -0.219828 -2.38833
136.8 -0.0170935 -2.40182
136.9 0.204539 -2.39146
137 0.443553 -2.3552
137.1 0.695422 -2.2913
137.2 0.95177 -2.19875
137.3 1.20057 -2.0777
137.4 1.42805 -1.92976
137.5 1.62202 -1.75805
137.6 1.775 -1.5668
137.7 1.88548 -1.36077
137.8 1.95684 -1.14457
137.9 1.99515 -0.922265
138 2.00707 -0.697202
138.1 1.9986 -0.471997
138.2 1.97456 -0.248657
138.3 1.93856 -0.0287196
138.4 1.89319 0.186626
138.5 1.8402 0.396433
138.6 1.78074 0.599913
138.7 1.71551 0.796384
138.8 1.64486 0.985219
138.9 1.56887 1.16582
139 1.48741 1.33757
139.1 1.40015 1.49985
139.2 1.3066 1.65197
139.3 1.20607 1.79321
139.4 1.09767 1.92271
139.5 0.980341 2.03954
139.6 0.852762 2.14262
139.7 0.713404 2.23073
139.8 0.560527 2.30243
139.9 0.392266 2.35611
140 0.206819 2.38994
140.1 0.00281392 2.40189
140.2 -0.220059 2.38986
140.3 -0.460117 2.35179
140.4 -0.712594 2.28599
140.5 -0.968846 2.19151
140.6 -1.21665 2.06859
140.7 -1.44223 1.91894
140.8 -1.63361 1.74578
140.9 -1.78372 1.55339
141 -1.89143 1.34654
141.1 -1.96037 1.1298
141.2 -1.99671 0.907222
141.3 -2.00708 0.682075
141.4 -1.99743 0.456938
141.5 -1.97249 0.233783
141.6 -1.93579 0.0141193
141.7 -1.88986 -0.200883
141.8 -1.8364 -0.410288
141.9 -1.77654 -0.613319
142 -1.71094 -0.809297
142.1 -1.63993 -0.997598
142.2 -1.56358 -1.17762
142.3 -1.48174 -1.34876
142.4 -1.39408 -1.51038
142.5 -1.30008 -1.6618
142.6 -1.19905 -1.80227
142.7 -1.0901 -1.93095
142.8 -0.97212 -2.0469
142.9 -0.843801 -2.14902
143 -0.703592 -2.23607
143.1 -0.549743 -2.30662
143.2 -0.380383 -2.35903
143.3 -0.193727 -2.39145
143.4 0.0115512 -2.40186
143.5 0.235658 -2.38814
143.6 0.476739 -2.34826
143.7 0.729784 -2.28056
143.8 0.985884 -2.18415
143.9 1.23263 -2.05936
144 1.45624 -1.90802
144.1 1.64502 -1.73342
144.2 1.79226 -1.53992
144.3 1.89721 -1.33226
144.4 1.96375 -1.11502
144.5 1.99814 -0.892167
144.6 2.007 -0.666948
144.7 1.99619 -0.441888
144.8 1.97036 -0.218925
144.9 1.93298 0.000459938
145 1.88649 0.215114
145.1 1.83258 0.424114
145.2 1.77231 0.626693
145.3 1.70634 0.822174
145.4 1.63497 1.00994
145.5 1.55826 1.18938
145.6 1.47605 1.3599
145.7 1.38798 1.52086
145.8 1.29354 1.67157
145.9 1.192 1.81128
146 1.08248 1.93914
146.1 0.963852 2.05419
146.2 0.834787 2.15534
146.3 0.69372 2.24134
146.4 0.538889 2.31072
146.5 0.368422 2.36185
146.6 0.18055 2.39286
146.7 -0.0260019 2.40172
146.8 -0.251335 2.38631
146.9 -0.493415 2.34461
147 -0.746989 2.27499
147.1 -1.00288 2.17665
147.2 -1.2485 2.05001
147.3 -1.4701 1.89699
147.4 -1.65623 1.72098
147.5 -1.8006 1.52638
147.6 -1.90281 1.31794
147.7 -1.96699 1.1002
147.8 -1.99947 0.877102
147.9 -2.00683 0.651822
148 -1.99488 0.426848
148.1 -1.96818 0.204082
148.2 -1.93012 -0.0150178
148.3 -1.88309 -0.229319
148.4 -1.82873 -0.437912
148.5 -1.76806 -0.640034
148.6 -1.70172 -0.835018
148.7 -1.63 -1.02224
148.8 -1.55292 -1.20111
148.9 -1.47033 -1.37101
149 -1.38185 -1.5313
149.1 -1.28696 -1.6813
149.2 -1.18492 -1.82024
149.3 -1.07482 -1.94727
149.4 -0.955538 -2.06143
149.5 -0.825718 -2.1616
149.6 -0.683785 -2.24653
149.7 -0.527964 -2.31474
149.8 -0.356383 -2.36458
149.9 -0.167288 -2.39417
150 0.0405378 -2.40147
150.1 0.267088 -2.38435
150.2 0.510145 -2.34082
150.3 0.764206 -2.2693
150.4 1.01983 -2.16903
150.5 1.26426 -2.04054
150.6 1.4838 -1.88586
150.7 1.66726 -1.70846
150.8 1.80875 -1.51278
150.9 1.90824 -1.30358
151 1.97009 -1.08537
151.1 2.00067 -0.862028
151.2 2.00658 -0.636697
151.3 1.99351 -0.411818
151.4 1.96595 -0.189257
151.5 1.92722 0.029554
151.6 1.87966 0.243499
151.7 1.82484 0.45168
151.8 1.76379 0.653344
151.9 1.69708 0.847826
152 1.62499 1.03451
152.1 1.54756 1.21279
152.2 1.46458 1.38207
152.3 1.37569 1.54169
152.4 1.28034 1.69097
152.5 1.1778 1.82914
152.6 1.06712 1.95534
152.7 0.947176 2.0686
152.8 0.816596 2.16779
152.9 0.673788 2.25164
153 0.516969 2.31868
153.1 0.344265 2.36722
153.2 0.153942 2.39538
153.3 -0.0551588 2.40111
153.4 -0.282916 2.38228
153.5 -0.526927 2.33692
153.6 -0.781431 2.26347
153.7 -1.03673 2.16128
153.8 -1.27992 2.03095
153.9 -1.49733 1.87463
154 -1.67809 1.69585
154.1 -1.8167 1.49911
154.2 -1.9135 1.28917
154.3 -1.97304 1.07051
154.4 -2.00177 0.846945
154.5 -2.00624 0.621575
154.6 -1.99207 0.396798
154.7 -1.96367 0.174448
154.8 -1.92429 -0.0440682
154.9 -1.8762 -0.257653
155 -1.82094 -0.465419
155.1 -1.75948 -0.666621
155.2 -1.69241 -0.860599
155.3 -1.61997 -1.04674
155.4 -1.54217 -1.22444
155.5 -1.45881 -1.39308
155.6 -1.36951 -1.55204
155.7 -1.2737 -1.7006
155.8 -1.17064 -1.83799
155.9 -1.05938 -1.96335
156 -0.938766 -2.0757
156.1 -0.807418 -2.17391
156.2 -0.663728 -2.25668
156.3 -0.505902 -2.32253
156.4 -0.332067 -2.36977
156.5 -0.140511 -2.39649
156.6 0.0698646 -2.40064
156.7 0.298819 -2.38009
156.8 0.543756 -2.33288
156.9 0.798661 -2.25752
157 1.05358 -2.1534
157.1 1.29545 -2.02125
157.2 1.5107 -1.86329
157.3 1.68873 -1.68316
157.4 1.82447 -1.48539
157.5 1.9186 -1.27473
157.6 1.97586 -1.05563
157.7 2.00276 -0.831854
157.8 2.00582 -0.606456
157.9 1.99057 -0.38179
158 1.96135 -0.159657
158.1 1.92132 0.0585602
158.2 1.8727 0.27178
158.3 1.817 0.479128
158.4 1.75516 0.679866
158.5 1.68772 0.873337
158.6 1.61492 1.05893
158.7 1.53675 1.23604
158.8 1.45301 1.40406
158.9 1.36329 1.56234
159 1.26702 1.71017
159.1 1.16344 1.84679
159.2 1.05159 1.97131
159.3 0.930308 2.08275
159.4 0.798185 2.17996
159.5 0.653605 2.26165
159.6 0.494763 2.3263
159.7 0.319789 2.37222
159.8 0.126995 2.3975
159.9 -0.0846549 2.40005
160 -0.314796 2.37778
160.1 -0.560633 2.32872
160.2 -0.815893 2.25143
160.3 -1.07037 2.1454
160.4 -1.31086 2.01142
160.5 -1.5239 1.85186
160.6 -1.69918 1.6704
160.7 -1.83205 1.47161
160.8 -1.92352 1.26025
160.9 -1.97854 1.04072
161 -2.00365 0.816756
161.1 -2.00531 0.59134
161.2 -1.98901 0.366793
161.3 -1.95897 0.144883
161.4 -1.9183 -0.0730296
161.5 -1.86917 -0.285881
161.6 -1.81303 -0.492808
161.7 -1.7508 -0.693078
161.8 -1.683 -0.886039
161.9 -1.60984 -1.07108
162 -1.53131 -1.2476
162.1 -1.44718 -1.41499
162.2 -1.35705 -1.57259
162.3 -1.26031 -1.71969
162.4 -1.15621 -1.85553
162.5 -1.04377 -1.97921
162.6 -0.921801 -2.08973
162.7 -0.788896 -2.18594
162.8 -0.643417 -2.26653
162.9 -0.483551 -2.32999
163 -0.30743 -2.37459
163.1 -0.113394 -2.3984
163.2 0.0995292 -2.39936
163.3 0.330844 -2.37534
163.4 0.577553 -2.32443
163.5 0.833122 -2.24522
163.6 1.08709 -2.13727
163.7 1.32615 -2.00149
163.8 1.53692 -1.84032
163.9 1.70944 -1.65755
164 1.83944 -1.45778
164.1 1.92829 -1.24574
164.2 1.98108 -1.0258
164.3 2.00442 -0.801652
164.4 2.00473 -0.576229
164.5 1.98738 -0.351808
164.6 1.95655 -0.130128
164.7 1.91525 0.0874762
164.8 1.86561 0.299955
164.9 1.80904 0.506457
165 1.74642 0.706257
165.1 1.67826 0.898706
165.2 1.60475 1.08319
165.3 1.52585 1.25912
165.4 1.44133 1.42587
165.5 1.35077 1.58279
165.6 1.25357 1.72917
165.7 1.14894 1.86421
165.8 1.0359 1.98704
165.9 0.913246 2.09664
166 0.77955 2.19185
166.1 0.633164 2.27135
166.2 0.472266 2.33359
166.3 0.294991 2.37686
166.4 0.0997065 2.39921
166.5 -0.114487 2.39855
166.6 -0.346963 2.37279
166.7 -0.594514 2.32001
166.8 -0.850345 2.23888
166.9 -1.10375 2.12901
167 -1.34131 1.99143
167.1 -1.54977 1.82869
167.2 -1.7195 1.64463
167.3 -1.84665 1.44389
167.4 -1.93288 1.23119
167.5 -1.98349 1.01086
167.6 -2.0051 0.786542
167.7 -2.00406 0.561122
167.8 -1.98569 0.336836
167.9 -1.95408 0.115391
168 -1.91217 -0.1019
168.1 -1.86202 -0.314003
168.2 -1.80502 -0.520077
168.3 -1.74202 -0.719403
168.4 -1.67349 -0.911337
168.5 -1.59962 -1.09527
168.6 -1.52036 -1.2706
168.7 -1.43545 -1.43671
168.8 -1.34447 -1.59295
168.9 -1.24679 -1.73859
169 -1.14163 -1.87285
169.1 -1.02799 -1.99482
169.2 -0.90464 -2.10349
169.3 -0.770147 -2.19769
169.4 -0.622847 -2.27608
169.5 -0.460908 -2.33711
169.6 -0.282471 -2.37903
169.7 -0.0859338 -2.39991
169.8 0.129529 -2.39763
169.9 0.363151 -2.37011
170 0.611515 -2.31547
170.1 0.867559 -2.2324
170.2 1.12034 -2.12063
170.3 1.35634 -1.98127
170.4 1.56244 -1.81696
170.5 1.72937 -1.63163
170.6 1.85367 -1.42994
170.7 1.93732 -1.2166
170.8 1.98578 -0.995904
170.9 2.00567 -0.771427
171 2.00332 -0.54602
171.1 1.98395 -0.321876
171.2 1.95156 -0.100673
171.3 1.90904 0.1163
171.4 1.8584 0.328023
171.5 1.80098 0.533666
171.6 1.7376 0.732516
171.7 1.66871 0.923931
171.8 1.59448 1.10731
171.9 1.51485 1.28204
172 1.42955 1.44751
172.1 1.33813 1.60306
172.2 1.23998 1.74796
172.3 1.13429 1.88142
172.4 1.02003 2.00254
172.5 0.895985 2.11028
172.6 0.760687 2.20346
172.7 0.612463 2.28073
172.8 0.449475 2.34054
172.9 0.269869 2.38112
173 0.0720753 2.4005
173.1 -0.144653 2.3966
173.2 -0.379406 2.36732
173.3 -0.628551 2.3108
173.4 -0.884758 2.2258
173.5 -1.13685 2.11212
173.6 -1.37123 1.97099
173.7 -1.57494 1.80514
173.8 -1.73905 1.61856
173.9 -1.8605 1.41594
174 -1.9416 1.20199
174.1 -1.98793 0.980929
174.2 -2.00615 0.756309
174.3 -2.0025 0.530924
174.4 -1.98215 0.30693
174.5 -1.949 0.0859738
174.6 -1.90588 -0.130676
174.7 -1.85475 -0.342016
174.8 -1.79691 -0.547224
174.9 -1.73314 -0.745595
175 -1.66389 -0.93649
175.1 -1.58931 -1.1193
175.2 -1.5093 -1.29344
175.3 -1.42361 -1.45826
175.4 -1.33177 -1.61312
175.5 -1.23314 -1.75728
175.6 -1.12691 -1.88994
175.7 -1.01203 -2.0102
175.8 -0.887279 -2.117
175.9 -0.751169 -2.20916
176 -0.602013 -2.28531
176.1 -0.437967 -2.34388
176.2 -0.257184 -2.3831
176.3 -0.0581311 -2.40099
176.4 0.159859 -2.39545
176.5 0.395728 -2.3644
176.6 0.645621 -2.30599
176.7 0.901941 -2.21906
176.8 1.15328 -2.10349
176.9 1.38598 -1.9606
177 1.58725 -1.79322
177.1 1.74853 -1.60542
177.2 1.86716 -1.4019
177.3 1.94573 -1.18734
177.4 1.98996 -0.965939
177.5 2.00652 -0.741187
177.6 2.00161 -0.515835
177.7 1.98029 -0.291998
177.8 1.94639 -0.0712942
177.9 1.90268 0.145028
178 1.85107 0.355981
178.1 1.79281 0.560752
178.2 1.72867 0.75864
178.3 1.65906 0.949012
178.4 1.58411 1.13126
178.5 1.50374 1.30479
178.6 1.41765 1.46897
178.7 1.32537 1.62313
178.8 1.22626 1.76655
178.9 1.11948 1.89841
179 1.00399 2.01779
179.1 0.878522 2.12365
179.2 0.741592 2.21478
179.3 0.591496 2.28981
179.4 0.426384 2.34714
179.5 0.244418 2.38499
179.6 0.044101 2.40138
179.7 -0.175146 2.39419
179.8 -0.412115 2.36135
179.9 -0.662721 2.30106
180 -0.919101 2.2122
180.1 -1.16963 2.09474
180.2 -1.40059 1.9501
180.3 -1.59938 1.78121
180.4 -1.75782 1.59221
180.5 -1.87363 1.3878
180.6 -1.94969 1.17266
180.7 -1.99186 0.950933
180.8 -2.0068 0.726063
180.9 -2.00064 0.500752
181 -1.97837 0.27708
181.1 -1.94374 0.0566344
181.2 -1.89945 -0.159356
181.3 -1.84736 -0.369918
181.4 -1.78868 -0.574248
181.5 -1.72417 -0.771652
181.6 -1.6542 -0.961498
181.7 -1.57889 -1.14318
181.8 -1.49815 -1.3161
181.9 -1.41166 -1.47963
182 -1.31895 -1.6331
182.1 -1.21935 -1.77577
182.2 -1.11202 -1.90682
182.3 -0.9959 -2.02533
182.4 -0.869713 -2.13024
182.5 -0.731956 -2.22034
182.6 -0.580912 -2.29423
182.7 -0.414725 -2.35031
182.8 -0.231568 -2.38679
182.9 -0.0299851 -2.40166
183 0.190515 -2.39281
183.1 0.428564 -2.35818
183.2 0.679849 -2.296
183.3 0.936237 -2.20521
183.4 1.18589 -2.08586
183.5 1.41505 -1.93949
183.6 1.61133 -1.76911
183.7 1.76691 -1.57892
183.8 1.87992 -1.37365
183.9 1.95351 -1.15795
184 1.99364 -0.935914
184.1 2.00699 -0.710937
184.2 1.99961 -0.485678
184.3 1.9764 -0.262177
184.4 1.94105 -0.0419948
184.5 1.89619 0.17366
184.6 1.84362 0.383828
184.7 1.78453 0.587714
184.8 1.71964 0.78463
184.9 1.64931 0.973947
185 1.57365 1.15506
185.1 1.49253 1.32737
185.2 1.40564 1.49025
185.3 1.31249 1.64301
185.4 1.2124 1.78493
185.5 1.10452 1.91517
185.6 0.987766 2.0328
185.7 0.860853 2.13676
185.8 0.72226 2.22582
185.9 0.570259 2.29856
186 0.402989 2.35339
186.1 0.218635 2.38848
186.2 0.0157834 2.40183
186.3 -0.205963 2.39132
186.4 -0.445074 2.35489
186.5 -0.697001 2.29082
186.6 -0.953342 2.19809
186.7 -1.20205 2.07686
186.8 -1.42936 1.92877
186.9 -1.62309 1.75692
187 -1.77581 1.56557
187.1 -1.88603 1.35946
187.2 -1.95717 1.14321
187.3 -1.9953 0.920882
187.4 -2.00708 0.695811
187.5 -1.9985 0.470611
187.6 -1.97437 0.247288
187.7 -1.93831 0.0273756
187.8 -1.89288 -0.187939
187.9 -1.83985 -0.397709
188 -1.78036 -0.601148
188.1 -1.71509 -0.797574
188.2 -1.6444 -0.986359
188.3 -1.56838 -1.1669
188.4 -1.48689 -1.3386
188.5 -1.39959 -1.50082
188.6 -1.306 -1.65288
188.7 -1.20542 -1.79404
188.8 -1.09698 -1.92347
188.9 -0.979587 -2.04022
189 -0.85194 -2.14322
189.1 -0.712504 -2.23122
189.2 -0.559538 -2.30282
189.3 -0.391177 -2.35639
189.4 -0.205618 -2.39008
189.5 -0.00149602 -2.40189
189.6 0.221491 -2.38971
189.7 0.461644 -2.35147
189.8 0.714174 -2.2855
189.9 0.970415 -2.19084
190 1.21812 -2.06774
190.1 1.44352 -1.91794
190.2 1.63467 -1.74465
190.3 1.78452 -1.55216
190.4 1.89197 -1.34522
190.5 1.96069 -1.12845
190.6 1.99684 -0.905837
190.7 2.00708 -0.680683
190.8 1.99732 -0.455553
190.9 1.97229 -0.232415
191 1.93553 -0.0127773
191.1 1.88955 0.202193
191.2 1.83605 0.411561
191.3 1.77615 0.61455
191.4 1.71052 0.810483
191.5 1.63947 0.998735
191.6 1.56309 1.1787
191.7 1.48122 1.34979
191.8 1.39352 1.51134
191.9 1.29948 1.6627
192 1.19841 1.8031
192.1 1.0894 1.93171
192.2 0.971361 2.04757
192.3 0.842974 2.1496
192.4 0.702687 2.23656
192.5 0.548747 2.307
192.6 0.379286 2.35929
192.7 0.192518 2.39158
192.8 -0.012877 2.40185
192.9 -0.237097 2.38798
193 -0.47827 2.34793
193.1 -0.731366 2.28005
193.2 -0.987449 2.18346
193.3 -1.23409 2.0585
193.4 -1.45753 1.90701
193.5 -1.64606 1.73228
193.6 -1.79303 1.53867
193.7 -1.89773 1.33094
193.8 -1.96406 1.11366
193.9 -1.99827 0.890782
194 -2.00699 0.665556
194.1 -1.99607 0.440504
194.2 -1.97016 0.217559
194.3 -1.93272 -0.00180004
194.4 -1.88618 -0.216421
194.5 -1.83222 -0.425385
194.6 -1.77192 -0.627921
194.7 -1.70592 -0.823357
194.8 -1.63452 -1.01107
194.9 -1.55777 -1.19047
195 -1.47552 -1.36093
195.1 -1.38742 -1.52182
195.2 -1.29293 -1.67247
195.3 -1.19135 -1.81211
195.4 -1.08178 -1.93989
195.5 -0.963089 -2.05486
195.6 -0.833955 -2.15592
195.7 -0.692808 -2.24182
195.8 -0.537887 -2.31109
195.9 -0.367318 -2.3621
196 -0.179333 -2.39298
196.1 0.0273355 -2.4017
196.2 0.252781 -2.38613
196.3 0.494952 -2.34426
196.4 0.748572 -2.27447
196.5 1.00444 -2.17596
196.6 1.24996 -2.04914
196.7 1.47137 -1.89597
196.8 1.65726 -1.71984
196.9 1.80135 -1.52513
197 1.90332 -1.31662
197.1 1.96728 -1.09884
197.2 1.99958 -0.875716
197.3 2.00681 -0.650431
197.4 1.99476 -0.425465
197.5 1.96798 -0.202718
197.6 1.92986 0.0163559
197.7 1.88278 0.230625
197.8 1.82837 0.439179
197.9 1.76767 0.64126
198 1.7013 0.836197
198.1 1.62954 1.02337
198.2 1.55243 1.20219
198.3 1.4698 1.37203
198.4 1.38129 1.53226
198.5 1.28635 1.68219
198.6 1.18426 1.82106
198.7 1.07411 1.94801
198.8 0.95477 2.06209
198.9 0.824882 2.16217
199 0.682868 2.247
199.1 0.526956 2.31511
199.2 0.355272 2.36483
199.3 0.166064 2.39429
199.4 -0.0418793 2.40144
199.5 -0.268541 2.38417
199.6 -0.511687 2.34047
199.7 -0.76579 2.26877
199.8 -1.02139 2.16832
199.9 -1.26571 2.03966
200 -1.48505 1.88483
