0 2 0
0.1 1.93764 0.216385
0.2 1.87194 0.425734
0.3 1.80287 0.627678
0.4 1.73025 0.821839
0.5 1.65384 1.00782
0.6 1.57326 1.18517
0.7 1.48806 1.35342
0.8 1.39766 1.51203
0.9 1.30136 1.66038
1 1.19831 1.79779
1.1 1.08749 1.92346
1.2 0.967696 2.03647
1.3 0.837482 2.13576
1.4 0.69518 2.22009
1.5 0.538911 2.28803
1.6 0.366674 2.33795
1.7 0.176563 2.36797
1.8 -0.0328108 2.37604
1.9 -0.261594 2.36004
2 -0.507646 2.31791
2.1 -0.765356 2.24804
2.2 -1.02492 2.14963
2.3 -1.27295 2.0232
2.4 -1.49509 1.87081
2.5 -1.67976 1.69599
2.6 -1.82108 1.50323
2.7 -1.91941 1.29733
2.8 -1.97961 1.08278
2.9 -2.00849 0.863395
3 -2.0129 0.642243
3.1 -1.99867 0.421678
3.2 -1.97032 0.203489
3.3 -1.93117 -0.0109665
3.4 -1.88349 -0.220634
3.5 -1.82885 -0.424668
3.6 -1.76821 -0.62236
3.7 -1.70213 -0.813087
3.8 -1.63088 -0.996267
3.9 -1.55444 -1.17133
4 -1.47264 -1.33771
4.1 -1.3851 -1.49478
4.2 -1.29126 -1.64189
4.3 -1.19039 -1.77832
4.4 -1.08158 -1.90323
4.5 -0.963681 -2.01569
4.6 -0.835326 -2.11464
4.7 -0.694911 -2.19884
4.8 -0.540616 -2.26686
4.9 -0.370494 -2.31708
5 -0.182676 -2.34764
5.1 0.024221 -2.35652
5.2 0.250398 -2.34161
5.3 0.493867 -2.30085
5.4 0.749287 -2.23262
5.5 1.00721 -2.13608
5.6 1.25461 -2.01164
5.7 1.47729 -1.86125
5.8 1.6635 -1.6883
5.9 1.80703 -1.49721
6 1.90779 -1.29273
6.1 1.97027 -1.07932
6.2 2.00113 -0.860854
6.3 2.00714 -0.640419
6.4 1.99417 -0.420415
6.5 1.9668 -0.202664
6.6 1.92838 0.011447
6.7 1.88128 0.220841
6.8 1.82707 0.424656
6.9 1.76676 0.622173
7 1.70095 0.812756
7.1 1.6299 0.995818
7.2 1.55364 1.17079
7.3 1.47198 1.33708
7.4 1.38455 1.49409
7.5 1.29082 1.64115
7.6 1.19004 1.77753
7.7 1.08131 1.9024
7.8 0.963487 2.01484
7.9 0.835207 2.11378
8 0.694869 2.19796
8.1 0.540654 2.26599
8.2 0.370617 2.31621
8.3 0.182891 2.34679
8.4 -0.0239055 2.3557
8.5 -0.249977 2.34083
8.6 -0.49334 2.30013
8.7 -0.748665 2.23196
8.8 -1.00652 2.13549
8.9 -1.25389 2.01112
9 -1.47658 1.86081
9.1 -1.66285 1.68794
9.2 -1.80646 1.49692
9.3 -1.90731 1.29249
9.4 -1.96988 1.07913
9.5 -2.00082 0.860705
9.6 -2.00689 0.6403
9.7 -1.99397 0.42032
9.8 -1.96664 0.202588
9.9 -1.92826 -0.0115067
10 -1.88118 -0.220888
10.1 -1.82698 -0.424693
10.2 -1.76669 -0.622201
10.3 -1.70089 -0.812776
10.4 -1.62985 -0.995832
10.5 -1.55359 -1.17079
10.6 -1.47194 -1.33708
10.7 -1.38451 -1.49409
10.8 -1.29078 -1.64114
10.9 -1.19001 -1.77752
11 -1.08128 -1.90239
11.1 -0.963455 -2.01483
11.2 -0.835178 -2.11376
11.3 -0.69484 -2.19794
11.4 -0.540626 -2.26596
11.5 -0.370589 -2.31618
11.6 -0.182864 -2.34676
11.7 0.0239321 -2.35567
11.8 0.250003 -2.34079
11.9 0.493364 -2.30008
12 0.748686 -2.23191
12.1 1.00654 -2.13544
12.2 1.2539 -2.01108
12.3 1.47658 -1.86076
12.4 1.66285 -1.68789
12.5 1.80646 -1.49687
12.6 1.9073 -1.29244
12.7 1.96988 -1.07909
12.8 2.00081 -0.860658
12.9 2.00688 -0.640255
13 1.99396 -0.420276
13.1 1.96663 -0.202545
13.2 1.92824 0.0115485
13.3 1.88116 0.220928
13.4 1.82697 0.424732
13.5 1.76668 0.622238
13.6 1.70087 0.812812
13.7 1.62983 0.995865
13.8 1.55358 1.17083
13.9 1.47192 1.33711
14 1.38449 1.49411
14.1 1.29076 1.64117
14.2 1.18999 1.77754
14.3 1.08125 1.90241
14.4 0.963431 2.01485
14.5 0.835151 2.11377
14.6 0.694812 2.19795
14.7 0.540595 2.26597
14.8 0.370555 2.31619
14.9 0.182826 2.34676
15 -0.0239734 2.35567
15.1 -0.250048 2.34078
15.2 -0.493412 2.30007
15.3 -0.748735 2.2319
15.4 -1.00659 2.13542
15.5 -1.25395 2.01105
15.6 -1.47662 1.86073
15.7 -1.66288 1.68786
15.8 -1.80648 1.49683
15.9 -1.90732 1.2924
16 -1.96988 1.07904
16.1 -2.00081 0.860615
16.2 -2.00688 0.640212
16.3 -1.99396 0.420233
16.4 -1.96662 0.202503
16.5 -1.92823 -0.0115895
16.6 -1.88115 -0.220968
16.7 -1.82696 -0.424771
16.8 -1.76666 -0.622275
16.9 -1.70086 -0.812848
17 -1.62982 -0.9959
17.1 -1.55356 -1.17086
17.2 -1.4719 -1.33714
17.3 -1.38448 -1.49414
17.4 -1.29074 -1.64119
17.5 -1.18997 -1.77757
17.6 -1.08123 -1.90243
17.7 -0.963408 -2.01487
17.8 -0.835126 -2.11379
17.9 -0.694783 -2.19797
18 -0.540563 -2.26598
18.1 -0.37052 -2.31619
18.2 -0.182788 -2.34676
18.3 0.0240152 -2.35567
18.4 0.250093 -2.34078
18.5 0.49346 -2.30006
18.6 0.748785 -2.23188
18.7 1.00664 -2.1354
18.8 1.25399 -2.01102
18.9 1.47666 -1.8607
19 1.66292 -1.68782
19.1 1.8065 -1.4968
19.2 1.90733 -1.29236
19.3 1.96989 -1.079
19.4 2.00081 -0.860572
19.5 2.00688 -0.640169
19.6 1.99395 -0.420191
19.7 1.96662 -0.202462
19.8 1.92823 0.0116305
19.9 1.88114 0.221008
20 1.82695 0.424809
20.1 1.76665 0.622313
20.2 1.70085 0.812884
20.3 1.6298 0.995935
20.4 1.55355 1.17089
20.5 1.47189 1.33718
20.6 1.38446 1.49417
20.7 1.29072 1.64122
20.8 1.18995 1.77759
20.9 1.08121 1.90246
21 0.963384 2.01489
21.1 0.8351 2.11381
21.2 0.694755 2.19798
21.3 0.540532 2.26599
21.4 0.370486 2.3162
21.5 0.18275 2.34677
21.6 -0.0240571 2.35567
21.7 -0.250139 2.34077
21.8 -0.493508 2.30005
21.9 -0.748835 2.23186
22 -1.00668 2.13537
22.1 -1.25404 2.011
22.2 -1.4767 1.86067
22.3 -1.66295 1.68779
22.4 -1.80653 1.49676
22.5 -1.90735 1.29232
22.6 -1.9699 1.07896
22.7 -2.00082 0.86053
22.8 -2.00688 0.640126
22.9 -1.99395 0.420149
23 -1.96661 0.20242
23.1 -1.92822 -0.0116715
23.2 -1.88113 -0.221048
23.3 -1.82693 -0.424848
23.4 -1.76664 -0.62235
23.5 -1.70083 -0.81292
23.6 -1.62979 -0.995969
23.7 -1.55353 -1.17093
23.8 -1.47187 -1.33721
23.9 -1.38444 -1.4942
24 -1.2907 -1.64125
24.1 -1.18993 -1.77762
24.2 -1.08119 -1.90248
24.3 -0.96336 -2.01491
24.4 -0.835074 -2.11382
24.5 -0.694726 -2.198
24.6 -0.540501 -2.266
24.7 -0.370451 -2.31621
24.8 -0.182712 -2.34677
24.9 0.024099 -2.35567
25 0.250184 -2.34077
25.1 0.493557 -2.30004
25.2 0.748885 -2.23185
25.3 1.00673 -2.13535
25.4 1.25409 -2.01097
25.5 1.47674 -1.86064
25.6 1.66298 -1.68775
25.7 1.80655 -1.49672
25.8 1.90736 -1.29228
25.9 1.96991 -1.07892
26 2.00082 -0.860487
26.1 2.00688 -0.640084
26.2 1.99395 -0.420106
26.3 1.9666 -0.202378
26.4 1.92821 0.0117124
26.5 1.88112 0.221088
26.6 1.82692 0.424887
26.7 1.76663 0.622388
26.8 1.70082 0.812956
26.9 1.62978 0.996004
27 1.55352 1.17096
27.1 1.47185 1.33724
27.2 1.38442 1.49423
27.3 1.29068 1.64128
27.4 1.1899 1.77764
27.5 1.08117 1.9025
27.6 0.963336 2.01493
27.7 0.835048 2.11384
27.8 0.694698 2.19801
27.9 0.540469 2.26601
28 0.370417 2.31622
28.1 0.182674 2.34678
28.2 -0.0241408 2.35566
28.3 -0.25023 2.34076
28.4 -0.493605 2.30003
28.5 -0.748935 2.23183
28.6 -1.00678 2.13533
28.7 -1.25413 2.01094
28.8 -1.47678 1.86061
28.9 -1.66301 1.68772
29 -1.80657 1.49668
29.1 -1.90738 1.29224
29.2 -1.96992 1.07888
29.3 -2.00082 0.860445
29.4 -2.00688 0.640041
29.5 -1.99394 0.420064
29.6 -1.9666 0.202336
29.7 -1.9282 -0.0117534
29.8 -1.88111 -0.221128
29.9 -1.82691 -0.424926
30 -1.76662 -0.622425
30.1 -1.70081 -0.812992
30.2 -1.62976 -0.996038
30.3 -1.5535 -1.17099
30.4 -1.47184 -1.33727
30.5 -1.38441 -1.49426
30.6 -1.29067 -1.6413
30.7 -1.18988 -1.77767
30.8 -1.08115 -1.90253
30.9 -0.963313 -2.01495
31 -0.835022 -2.11386
31.1 -0.69467 -2.19803
31.2 -0.540438 -2.26603
31.3 -0.370382 -2.31623
31.4 -0.182636 -2.34678
31.5 0.0241827 -2.35566
31.6 0.250275 -2.34076
31.7 0.493654 -2.30002
31.8 0.748985 -2.23182
31.9 1.00683 -2.13531
32 1.25418 -2.01092
32.1 1.47682 -1.86057
32.2 1.66304 -1.68768
32.3 1.8066 -1.49664
32.4 1.9074 -1.2922
32.5 1.96993 -1.07883
32.6 2.00083 -0.860402
32.7 2.00688 -0.639998
32.8 1.99394 -0.420021
32.9 1.96659 -0.202294
33 1.92819 0.0117944
33.1 1.8811 0.221168
33.2 1.8269 0.424965
33.3 1.7666 0.622463
33.4 1.70079 0.813028
33.5 1.62975 0.996073
33.6 1.55348 1.17102
33.7 1.47182 1.3373
33.8 1.38439 1.49429
33.9 1.29065 1.64133
34 1.18986 1.77769
34.1 1.08112 1.90255
34.2 0.963289 2.01497
34.3 0.834996 2.11388
34.4 0.694641 2.19804
34.5 0.540407 2.26604
34.6 0.370348 2.31623
34.7 0.182598 2.34678
34.8 -0.0242246 2.35566
34.9 -0.250321 2.34075
35 -0.493702 2.30001
35.1 -0.749035 2.2318
35.2 -1.00688 2.13529
35.3 -1.25422 2.01089
35.4 -1.47686 1.86054
35.5 -1.66308 1.68765
35.6 -1.80662 1.4966
35.7 -1.90741 1.29216
35.8 -1.96994 1.07879
35.9 -2.00083 0.86036
36 -2.00688 0.639956
36.1 -1.99393 0.419979
36.2 -1.96658 0.202253
36.3 -1.92818 -0.0118354
36.4 -1.88109 -0.221208
36.5 -1.82689 -0.425004
36.6 -1.76659 -0.622501
36.7 -1.70078 -0.813065
36.8 -1.62973 -0.996108
36.9 -1.55347 -1.17106
37 -1.4718 -1.33733
37.1 -1.38437 -1.49432
37.2 -1.29063 -1.64136
37.3 -1.18984 -1.77772
37.4 -1.0811 -1.90257
37.5 -0.963265 -2.01499
37.6 -0.83497 -2.1139
37.7 -0.694613 -2.19806
37.8 -0.540376 -2.26605
37.9 -0.370313 -2.31624
38 -0.182559 -2.34679
38.1 0.0242665 -2.35566
38.2 0.250366 -2.34074
38.3 0.493751 -2.3
38.4 0.749085 -2.23178
38.5 1.00693 -2.13527
38.6 1.25427 -2.01086
38.7 1.4769 -1.86051
38.8 1.66311 -1.68761
38.9 1.80664 -1.49656
39 1.90743 -1.29212
39.1 1.96995 -1.07875
39.2 2.00083 -0.860317
39.3 2.00688 -0.639913
39.4 1.99393 -0.419937
39.5 1.96658 -0.202211
39.6 1.92818 0.0118764
39.7 1.88108 0.221248
39.8 1.82688 0.425042
39.9 1.76658 0.622538
40 1.70077 0.813101
40.1 1.62972 0.996142
40.2 1.55345 1.17109
40.3 1.47179 1.33736
40.4 1.38435 1.49435
40.5 1.29061 1.64139
40.6 1.18982 1.77774
40.7 1.08108 1.9026
40.8 0.963241 2.01501
40.9 0.834944 2.11391
41 0.694584 2.19807
41.1 0.540344 2.26606
41.2 0.370279 2.31625
41.3 0.182521 2.34679
41.4 -0.0243084 2.35566
41.5 -0.250412 2.34074
41.6 -0.493799 2.29999
41.7 -0.749135 2.23177
41.8 -1.00698 2.13525
41.9 -1.25432 2.01084
42 -1.47694 1.86048
42.1 -1.66314 1.68758
42.2 -1.80667 1.49653
42.3 -1.90744 1.29208
42.4 -1.96996 1.07871
42.5 -2.00084 0.860275
42.6 -2.00687 0.639871
42.7 -1.99393 0.419894
42.8 -1.96657 0.202169
42.9 -1.92817 -0.0119173
43 -1.88107 -0.221288
43.1 -1.82687 -0.425081
43.2 -1.76657 -0.622576
43.3 -1.70076 -0.813137
43.4 -1.62971 -0.996177
43.5 -1.55344 -1.17112
43.6 -1.47177 -1.33739
43.7 -1.38434 -1.49438
43.8 -1.29059 -1.64141
43.9 -1.1898 -1.77777
44 -1.08106 -1.90262
44.1 -0.963218 -2.01503
44.2 -0.834918 -2.11393
44.3 -0.694556 -2.19809
44.4 -0.540313 -2.26607
44.5 -0.370244 -2.31626
44.6 -0.182483 -2.3468
44.7 0.0243503 -2.35566
44.8 0.250457 -2.34073
44.9 0.493848 -2.29998
45 0.749185 -2.23175
45.1 1.00703 -2.13522
45.2 1.25436 -2.01081
45.3 1.47698 -1.86045
45.4 1.66317 -1.68754
45.5 1.80669 -1.49649
45.6 1.90746 -1.29204
45.7 1.96996 -1.07867
45.8 2.00084 -0.860232
45.9 2.00687 -0.639828
46 1.99392 -0.419852
46.1 1.96656 -0.202127
46.2 1.92816 0.0119583
46.3 1.88106 0.221328
46.4 1.82686 0.42512
46.5 1.76655 0.622613
46.6 1.70074 0.813173
46.7 1.62969 0.996212
46.8 1.55342 1.17116
46.9 1.47176 1.33743
47 1.38432 1.49441
47.1 1.29057 1.64144
47.2 1.18978 1.77779
47.3 1.08104 1.90264
47.4 0.963194 2.01505
47.5 0.834892 2.11395
47.6 0.694527 2.1981
47.7 0.540282 2.26608
47.8 0.37021 2.31626
47.9 0.182445 2.3468
48 -0.0243922 2.35566
48.1 -0.250503 2.34073
48.2 -0.493896 2.29997
48.3 -0.749235 2.23174
48.4 -1.00708 2.1352
48.5 -1.25441 2.01078
48.6 -1.47702 1.86042
48.7 -1.6632 1.68751
48.8 -1.80671 1.49645
48.9 -1.90747 1.292
49 -1.96997 1.07863
49.1 -2.00084 0.86019
49.2 -2.00687 0.639785
49.3 -1.99392 0.41981
49.4 -1.96656 0.202085
49.5 -1.92815 -0.0119993
49.6 -1.88105 -0.221368
49.7 -1.82685 -0.425159
49.8 -1.76654 -0.622651
49.9 -1.70073 -0.813209
50 -1.62968 -0.996246
50.1 -1.55341 -1.17119
50.2 -1.47174 -1.33746
50.3 -1.3843 -1.49444
50.4 -1.29055 -1.64147
50.5 -1.18976 -1.77782
50.6 -1.08101 -1.90266
50.7 -0.96317 -2.01507
50.8 -0.834866 -2.11397
50.9 -0.694499 -2.19812
51 -0.54025 -2.2661
51.1 -0.370175 -2.31627
51.2 -0.182407 -2.3468
51.3 0.024434 -2.35566
51.4 0.250548 -2.34072
51.5 0.493945 -2.29996
51.6 0.749285 -2.23172
51.7 1.00713 -2.13518
51.8 1.25445 -2.01076
51.9 1.47706 -1.86039
52 1.66324 -1.68747
52.1 1.80674 -1.49641
52.2 1.90749 -1.29195
52.3 1.96998 -1.07858
52.4 2.00085 -0.860147
52.5 2.00687 -0.639743
52.6 1.99391 -0.419767
52.7 1.96655 -0.202044
52.8 1.92814 0.0120403
52.9 1.88104 0.221408
53 1.82683 0.425198
53.1 1.76653 0.622688
53.2 1.70072 0.813245
53.3 1.62966 0.996281
53.4 1.55339 1.17122
53.5 1.47172 1.33749
53.6 1.38428 1.49447
53.7 1.29053 1.6415
53.8 1.18974 1.77784
53.9 1.08099 1.90269
54 0.963146 2.01509
54.1 0.83484 2.11398
54.2 0.694471 2.19813
54.3 0.540219 2.26611
54.4 0.37014 2.31628
54.5 0.182369 2.34681
54.6 -0.0244759 2.35566
54.7 -0.250594 2.34072
54.8 -0.493993 2.29995
54.9 -0.749335 2.2317
55 -1.00718 2.13516
55.1 -1.2545 2.01073
55.2 -1.4771 1.86036
55.3 -1.66327 1.68743
55.4 -1.80676 1.49637
55.5 -1.90751 1.29191
55.6 -1.96999 1.07854
55.7 -2.00085 0.860105
55.8 -2.00687 0.6397
55.9 -1.99391 0.419725
56 -1.96655 0.202002
56.1 -1.92813 -0.0120812
56.2 -1.88103 -0.221448
56.3 -1.82682 -0.425237
56.4 -1.76652 -0.622726
56.5 -1.7007 -0.813281
56.6 -1.62965 -0.996315
56.7 -1.55338 -1.17126
56.8 -1.47171 -1.33752
56.9 -1.38427 -1.4945
57 -1.29051 -1.64152
57.1 -1.18972 -1.77787
57.2 -1.08097 -1.90271
57.3 -0.963123 -2.01511
57.4 -0.834814 -2.114
57.5 -0.694442 -2.19815
57.6 -0.540188 -2.26612
57.7 -0.370106 -2.31629
57.8 -0.182331 -2.34681
57.9 0.0245178 -2.35566
58 0.250639 -2.34071
58.1 0.494041 -2.29994
58.2 0.749385 -2.23169
58.3 1.00723 -2.13514
58.4 1.25454 -2.0107
58.5 1.47714 -1.86032
58.6 1.6633 -1.6874
58.7 1.80679 -1.49633
58.8 1.90752 -1.29187
58.9 1.97 -1.0785
59 2.00085 -0.860062
59.1 2.00687 -0.639657
59.2 1.99391 -0.419682
59.3 1.96654 -0.20196
59.4 1.92813 0.0121222
59.5 1.88102 0.221488
59.6 1.82681 0.425275
59.7 1.76651 0.622763
59.8 1.70069 0.813318
59.9 1.62963 0.99635
60 1.55336 1.17129
60.1 1.47169 1.33755
60.2 1.38425 1.49453
60.3 1.2905 1.64155
60.4 1.1897 1.77789
60.5 1.08095 1.90273
60.6 0.963099 2.01513
60.7 0.834789 2.11402
60.8 0.694414 2.19816
60.9 0.540157 2.26613
61 0.370071 2.3163
61.1 0.182293 2.34681
61.2 -0.0245597 2.35566
61.3 -0.250685 2.34071
61.4 -0.49409 2.29993
61.5 -0.749435 2.23167
61.6 -1.00728 2.13512
61.7 -1.25459 2.01068
61.8 -1.47718 1.86029
61.9 -1.66333 1.68736
62 -1.80681 1.4963
62.1 -1.90754 1.29183
62.2 -1.97001 1.07846
62.3 -2.00086 0.860019
62.4 -2.00687 0.639615
62.5 -1.9939 0.41964
62.6 -1.96653 0.201918
62.7 -1.92812 -0.0121632
62.8 -1.88101 -0.221528
62.9 -1.8268 -0.425314
63 -1.76649 -0.622801
63.1 -1.70068 -0.813354
63.2 -1.62962 -0.996385
63.3 -1.55335 -1.17132
63.4 -1.47167 -1.33758
63.5 -1.38423 -1.49456
63.6 -1.29048 -1.64158
63.7 -1.18968 -1.77792
63.8 -1.08093 -1.90276
63.9 -0.963075 -2.01515
64 -0.834763 -2.11404
64.1 -0.694385 -2.19818
64.2 -0.540125 -2.26614
64.3 -0.370037 -2.3163
64.4 -0.182254 -2.34682
64.5 0.0246016 -2.35566
64.6 0.25073 -2.3407
64.7 0.494138 -2.29992
64.8 0.749485 -2.23166
64.9 1.00733 -2.1351
65 1.25464 -2.01065
65.1 1.47722 -1.86026
65.2 1.66336 -1.68733
65.3 1.80683 -1.49626
65.4 1.90755 -1.29179
65.5 1.97002 -1.07842
65.6 2.00086 -0.859977
65.7 2.00687 -0.639572
65.8 1.9939 -0.419598
65.9 1.96653 -0.201876
66 1.92811 0.0122042
66.1 1.881 0.221568
66.2 1.82679 0.425353
66.3 1.76648 0.622838
66.4 1.70066 0.81339
66.5 1.62961 0.996419
66.6 1.55333 1.17135
66.7 1.47166 1.33761
66.8 1.38421 1.49459
66.9 1.29046 1.64161
67 1.18966 1.77794
67.1 1.0809 1.90278
67.2 0.963051 2.01517
67.3 0.834737 2.11406
67.4 0.694357 2.19819
67.5 0.540094 2.26615
67.6 0.370002 2.31631
67.7 0.182216 2.34682
67.8 -0.0246435 2.35566
67.9 -0.250776 2.3407
68 -0.494187 2.2999
68.1 -0.749535 2.23164
68.2 -1.00737 2.13507
68.3 -1.25468 2.01062
68.4 -1.47726 1.86023
68.5 -1.6634 1.68729
68.6 -1.80686 1.49622
68.7 -1.90757 1.29175
68.8 -1.97003 1.07837
68.9 -2.00086 0.859934
69 -2.00687 0.639529
69.1 -1.99389 0.419555
69.2 -1.96652 0.201835
69.3 -1.9281 -0.0122452
69.4 -1.88099 -0.221608
69.5 -1.82678 -0.425392
69.6 -1.76647 -0.622876
69.7 -1.70065 -0.813426
69.8 -1.62959 -0.996454
69.9 -1.55332 -1.17139
70 -1.47164 -1.33765
70.1 -1.3842 -1.49461
70.2 -1.29044 -1.64163
70.3 -1.18964 -1.77797
70.4 -1.08088 -1.9028
70.5 -0.963028 -2.01519
70.6 -0.834711 -2.11407
70.7 -0.694328 -2.1982
70.8 -0.540063 -2.26616
70.9 -0.369968 -2.31632
71 -0.182178 -2.34683
71.1 0.0246854 -2.35566
71.2 0.250821 -2.34069
71.3 0.494235 -2.29989
71.4 0.749585 -2.23162
71.5 1.00742 -2.13505
71.6 1.25473 -2.0106
71.7 1.4773 -1.8602
71.8 1.66343 -1.68726
71.9 1.80688 -1.49618
72 1.90758 -1.29171
72.1 1.97003 -1.07833
72.2 2.00087 -0.859892
72.3 2.00687 -0.639487
72.4 1.99389 -0.419513
72.5 1.96651 -0.201793
72.6 1.92809 0.0122861
72.7 1.88098 0.221648
72.8 1.82677 0.425431
72.9 1.76646 0.622914
73 1.70064 0.813462
73.1 1.62958 0.996489
73.2 1.5533 1.17142
73.3 1.47163 1.33768
73.4 1.38418 1.49464
73.5 1.29042 1.64166
73.6 1.18962 1.778
73.7 1.08086 1.90282
73.8 0.963004 2.01521
73.9 0.834685 2.11409
74 0.6943 2.19822
74.1 0.540031 2.26618
74.2 0.369933 2.31633
74.3 0.18214 2.34683
74.4 -0.0247273 2.35566
74.5 -0.250867 2.34069
74.6 -0.494284 2.29988
74.7 -0.749635 2.23161
74.8 -1.00747 2.13503
74.9 -1.25477 2.01057
75 -1.47734 1.86017
75.1 -1.66346 1.68722
75.2 -1.8069 1.49614
75.3 -1.9076 1.29167
75.4 -1.97004 1.07829
75.5 -2.00087 0.859849
75.6 -2.00687 0.639444
75.7 -1.99389 0.419471
75.8 -1.96651 0.201751
75.9 -1.92808 -0.0123271
76 -1.88097 -0.221688
76.1 -1.82676 -0.42547
76.2 -1.76644 -0.622951
76.3 -1.70062 -0.813498
76.4 -1.62956 -0.996523
76.5 -1.55329 -1.17145
76.6 -1.47161 -1.33771
76.7 -1.38416 -1.49467
76.8 -1.2904 -1.64169
76.9 -1.1896 -1.77802
77 -1.08084 -1.90285
77.1 -0.96298 -2.01523
77.2 -0.834659 -2.11411
77.3 -0.694272 -2.19823
77.4 -0.54 -2.26619
77.5 -0.369899 -2.31634
77.6 -0.182102 -2.34683
77.7 0.0247692 -2.35566
77.8 0.250912 -2.34068
77.9 0.494332 -2.29987
78 0.749685 -2.23159
78.1 1.00752 -2.13501
78.2 1.25482 -2.01054
78.3 1.47738 -1.86014
78.4 1.66349 -1.68719
78.5 1.80693 -1.4961
78.6 1.90761 -1.29163
78.7 1.97005 -1.07825
78.8 2.00087 -0.859807
78.9 2.00687 -0.639401
79 1.99388 -0.419428
79.1 1.9665 -0.201709
79.2 1.92808 0.0123681
79.3 1.88096 0.221728
79.4 1.82675 0.425508
79.5 1.76643 0.622989
79.6 1.70061 0.813534
79.7 1.62955 0.996558
79.8 1.55327 1.17149
79.9 1.47159 1.33774
80 1.38414 1.4947
80.1 1.29038 1.64172
80.2 1.18958 1.77805
80.3 1.08082 1.90287
80.4 0.962956 2.01526
80.5 0.834633 2.11413
80.6 0.694243 2.19825
80.7 0.539969 2.2662
80.8 0.369864 2.31634
80.9 0.182064 2.34684
81 -0.0248111 2.35566
81.1 -0.250958 2.34068
81.2 -0.494381 2.29986
81.3 -0.749735 2.23158
81.4 -1.00757 2.13499
81.5 -1.25487 2.01052
81.6 -1.47742 1.8601
81.7 -1.66352 1.68715
81.8 -1.80695 1.49607
81.9 -1.90763 1.29159
82 -1.97006 1.07821
82.1 -2.00088 0.859764
82.2 -2.00686 0.639359
82.3 -1.99388 0.419386
82.4 -1.96649 0.201667
82.5 -1.92807 -0.0124091
82.6 -1.88095 -0.221768
82.7 -1.82674 -0.425547
82.8 -1.76642 -0.623026
82.9 -1.7006 -0.813571
83 -1.62953 -0.996593
83.1 -1.55326 -1.17152
83.2 -1.47158 -1.33777
83.3 -1.38413 -1.49473
83.4 -1.29036 -1.64174
83.5 -1.18956 -1.77807
83.6 -1.0808 -1.90289
83.7 -0.962933 -2.01528
83.8 -0.834607 -2.11414
83.9 -0.694215 -2.19826
84 -0.539937 -2.26621
84.1 -0.36983 -2.31635
84.2 -0.182026 -2.34684
84.3 0.024853 -2.35566
84.4 0.251003 -2.34067
84.5 0.494429 -2.29985
84.6 0.749785 -2.23156
84.7 1.00762 -2.13497
84.8 1.25491 -2.01049
84.9 1.47746 -1.86007
85 1.66355 -1.68712
85.1 1.80697 -1.49603
85.2 1.90765 -1.29155
85.3 1.97007 -1.07817
85.4 2.00088 -0.859722
85.5 2.00686 -0.639316
85.6 1.99387 -0.419343
85.7 1.96649 -0.201626
85.8 1.92806 0.01245
85.9 1.88094 0.221808
86 1.82672 0.425586
86.1 1.76641 0.623064
86.2 1.70058 0.813607
86.3 1.62952 0.996627
86.4 1.55324 1.17155
86.5 1.47156 1.3378
86.6 1.38411 1.49476
86.7 1.29035 1.64177
86.8 1.18954 1.7781
86.9 1.08077 1.90292
87 0.962909 2.0153
87.1 0.834581 2.11416
87.2 0.694186 2.19828
87.3 0.539906 2.26622
87.4 0.369795 2.31636
87.5 0.181987 2.34685
87.6 -0.0248948 2.35566
87.7 -0.251049 2.34066
87.8 -0.494478 2.29984
87.9 -0.749835 2.23154
88 -1.00767 2.13495
88.1 -1.25496 2.01046
88.2 -1.4775 1.86004
88.3 -1.66359 1.68708
88.4 -1.807 1.49599
88.5 -1.90766 1.29151
88.6 -1.97008 1.07812
88.7 -2.00088 0.859679
88.8 -2.00686 0.639273
88.9 -1.99387 0.419301
89 -1.96648 0.201584
89.1 -1.92805 -0.012491
89.2 -1.88093 -0.221848
89.3 -1.82671 -0.425625
89.4 -1.7664 -0.623101
89.5 -1.70057 -0.813643
89.6 -1.62951 -0.996662
89.7 -1.55323 -1.17159
89.8 -1.47154 -1.33783
89.9 -1.38409 -1.49479
90 -1.29033 -1.6418
90.1 -1.18952 -1.77812
90.2 -1.08075 -1.90294
90.3 -0.962885 -2.01532
90.4 -0.834555 -2.11418
90.5 -0.694158 -2.19829
90.6 -0.539875 -2.26623
90.7 -0.36976 -2.31637
90.8 -0.181949 -2.34685
90.9 0.0249367 -2.35565
91 0.251094 -2.34066
91.1 0.494526 -2.29983
91.2 0.749885 -2.23153
91.3 1.00772 -2.13492
91.4 1.255 -2.01044
91.5 1.47754 -1.86001
91.6 1.66362 -1.68705
91.7 1.80702 -1.49595
91.8 1.90768 -1.29147
91.9 1.97009 -1.07808
92 2.00089 -0.859637
92.1 2.00686 -0.639231
92.2 1.99387 -0.419259
92.3 1.96647 -0.201542
92.4 1.92804 0.012532
92.5 1.88093 0.221888
92.6 1.8267 0.425664
92.7 1.76638 0.623139
92.8 1.70056 0.813679
92.9 1.62949 0.996696
93 1.55321 1.17162
93.1 1.47153 1.33786
93.2 1.38407 1.49482
93.3 1.29031 1.64183
93.4 1.1895 1.77815
93.5 1.08073 1.90296
93.6 0.962861 2.01534
93.7 0.834529 2.1142
93.8 0.694129 2.19831
93.9 0.539843 2.26624
94 0.369726 2.31637
94.1 0.181911 2.34685
94.2 -0.0249786 2.35565
94.3 -0.25114 2.34065
94.4 -0.494575 2.29982
94.5 -0.749935 2.23151
94.6 -1.00777 2.1349
94.7 -1.25505 2.01041
94.8 -1.47758 1.85998
94.9 -1.66365 1.68701
95 -1.80704 1.49591
95.1 -1.90769 1.29143
95.2 -1.9701 1.07804
95.3 -2.00089 0.859594
95.4 -2.00686 0.639188
95.5 -1.99386 0.419216
95.6 -1.96647 0.2015
95.7 -1.92803 -0.012573
95.8 -1.88092 -0.221928
95.9 -1.82669 -0.425702
96 -1.76637 -0.623176
96.1 -1.70054 -0.813715
96.2 -1.62948 -0.996731
96.3 -1.55319 -1.17165
96.4 -1.47151 -1.3379
96.5 -1.38406 -1.49485
96.6 -1.29029 -1.64185
96.7 -1.18948 -1.77817
96.8 -1.08071 -1.90299
96.9 -0.962838 -2.01536
97 -0.834503 -2.11422
97.1 -0.694101 -2.19832
97.2 -0.539812 -2.26626
97.3 -0.369691 -2.31638
97.4 -0.181873 -2.34686
97.5 0.0250205 -2.35565
97.6 0.251185 -2.34065
97.7 0.494623 -2.29981
97.8 0.749985 -2.2315
97.9 1.00782 -2.13488
98 1.2551 -2.01038
98.1 1.47762 -1.85995
98.2 1.66368 -1.68698
98.3 1.80707 -1.49587
98.4 1.90771 -1.29139
98.5 1.9701 -1.078
98.6 2.00089 -0.859552
98.7 2.00686 -0.639145
98.8 1.99386 -0.419174
98.9 1.96646 -0.201458
99 1.92803 0.0126139
99.1 1.88091 0.221968
99.2 1.82668 0.425741
99.3 1.76636 0.623214
99.4 1.70053 0.813751
99.5 1.62946 0.996766
99.6 1.55318 1.17168
99.7 1.47149 1.33793
99.8 1.38404 1.49488
99.9 1.29027 1.64188
100 1.18946 1.7782
100.1 1.08069 1.90301
100.2 0.962814 2.01538
100.3 0.834477 2.11423
100.4 0.694073 2.19834
100.5 0.539781 2.26627
100.6 0.369657 2.31639
100.7 0.181835 2.34686
100.8 -0.0250624 2.35565
100.9 -0.251231 2.34064
101 -0.494672 2.2998
101.1 -0.750035 2.23148
101.2 -1.00787 2.13486
101.3 -1.25514 2.01036
101.4 -1.47766 1.85992
101.5 -1.66371 1.68694
101.6 -1.80709 1.49584
101.7 -1.90772 1.29135
101.8 -1.97011 1.07796
101.9 -2.0009 0.859509
102 -2.00686 0.639103
102.1 -1.99385 0.419132
102.2 -1.96645 0.201417
102.3 -1.92802 -0.0126549
102.4 -1.8809 -0.222008
102.5 -1.82667 -0.42578
102.6 -1.76635 -0.623251
102.7 -1.70052 -0.813787
102.8 -1.62945 -0.9968
102.9 -1.55316 -1.17172
103 -1.47148 -1.33796
103.1 -1.38402 -1.49491
103.2 -1.29025 -1.64191
103.3 -1.18944 -1.77822
103.4 -1.08066 -1.90303
103.5 -0.96279 -2.0154
103.6 -0.834451 -2.11425
103.7 -0.694044 -2.19835
103.8 -0.53975 -2.26628
103.9 -0.369622 -2.3164
104 -0.181797 -2.34687
104.1 0.0251043 -2.35565
104.2 0.251276 -2.34064
104.3 0.49472 -2.29979
104.4 0.750085 -2.23147
104.5 1.00792 -2.13484
104.6 1.25519 -2.01033
104.7 1.4777 -1.85988
104.8 1.66375 -1.6869
104.9 1.80711 -1.4958
105 1.90774 -1.29131
105.1 1.97012 -1.07791
105.2 2.0009 -0.859467
105.3 2.00686 -0.63906
105.4 1.99385 -0.419089
105.5 1.96645 -0.201375
105.6 1.92801 0.0126959
105.7 1.88089 0.222048
105.8 1.82666 0.425819
105.9 1.76633 0.623289
106 1.7005 0.813824
106.1 1.62943 0.996835
106.2 1.55315 1.17175
106.3 1.47146 1.33799
106.4 1.384 1.49494
106.5 1.29023 1.64194
106.6 1.18942 1.77825
106.7 1.08064 1.90305
106.8 0.962766 2.01542
106.9 0.834426 2.11427
107 0.694016 2.19837
107.1 0.539718 2.26629
107.2 0.369588 2.31641
107.3 0.181759 2.34687
107.4 -0.0251462 2.35565
107.5 -0.251322 2.34063
107.6 -0.494768 2.29978
107.7 -0.750135 2.23145
107.8 -1.00797 2.13482
107.9 -1.25523 2.0103
108 -1.47774 1.85985
108.1 -1.66378 1.68687
108.2 -1.80714 1.49576
108.3 -1.90775 1.29127
108.4 -1.97013 1.07787
108.5 -2.0009 0.859424
108.6 -2.00686 0.639017
108.7 -1.99385 0.419047
108.8 -1.96644 0.201333
108.9 -1.928 -0.0127369
109 -1.88088 -0.222088
109.1 -1.82665 -0.425858
109.2 -1.76632 -0.623326
109.3 -1.70049 -0.81386
109.4 -1.62942 -0.99687
109.5 -1.55313 -1.17178
109.6 -1.47145 -1.33802
109.7 -1.38399 -1.49497
109.8 -1.29021 -1.64196
109.9 -1.1894 -1.77827
110 -1.08062 -1.90308
110.1 -0.962743 -2.01544
110.2 -0.8344 -2.11429
110.3 -0.693987 -2.19838
110.4 -0.539687 -2.2663
110.5 -0.369553 -2.31641
110.6 -0.18172 -2.34687
110.7 0.0251881 -2.35565
110.8 0.251367 -2.34063
110.9 0.494817 -2.29977
111 0.750185 -2.23143
111.1 1.00802 -2.1348
111.2 1.25528 -2.01028
111.3 1.47778 -1.85982
111.4 1.66381 -1.68683
111.5 1.80716 -1.49572
111.6 1.90777 -1.29123
111.7 1.97014 -1.07783
111.8 2.00091 -0.859382
111.9 2.00686 -0.638975
112 1.99384 -0.419004
112.1 1.96644 -0.201291
112.2 1.92799 0.0127778
112.3 1.88087 0.222128
112.4 1.82664 0.425897
112.5 1.76631 0.623364
112.6 1.70048 0.813896
112.7 1.62941 0.996904
112.8 1.55312 1.17182
112.9 1.47143 1.33805
113 1.38397 1.495
113.1 1.2902 1.64199
113.2 1.18938 1.7783
113.3 1.0806 1.9031
113.4 0.962719 2.01546
113.5 0.834374 2.1143
113.6 0.693959 2.1984
113.7 0.539656 2.26631
113.8 0.369519 2.31642
113.9 0.181682 2.34688
114 -0.02523 2.35565
114.1 -0.251413 2.34062
114.2 -0.494865 2.29976
114.3 -0.750235 2.23142
114.4 -1.00807 2.13477
114.5 -1.25532 2.01025
114.6 -1.47782 1.85979
114.7 -1.66384 1.6868
114.8 -1.80719 1.49568
114.9 -1.90779 1.29118
115 -1.97015 1.07779
115.1 -2.00091 0.859339
115.2 -2.00686 0.638932
115.3 -1.99384 0.418962
115.4 -1.96643 0.20125
115.5 -1.92798 -0.0128188
115.6 -1.88086 -0.222168
115.7 -1.82662 -0.425935
115.8 -1.7663 -0.623402
115.9 -1.70046 -0.813932
116 -1.62939 -0.996939
116.1 -1.5531 -1.17185
116.2 -1.47141 -1.33808
116.3 -1.38395 -1.49503
116.4 -1.29018 -1.64202
116.5 -1.18936 -1.77832
116.6 -1.08058 -1.90312
116.7 -0.962695 -2.01548
116.8 -0.834348 -2.11432
116.9 -0.69393 -2.19841
117 -0.539624 -2.26632
117.1 -0.369484 -2.31643
117.2 -0.181644 -2.34688
117.3 0.0252719 -2.35565
117.4 0.251458 -2.34062
117.5 0.494914 -2.29975
117.6 0.750285 -2.2314
117.7 1.00811 -2.13475
117.8 1.25537 -2.01022
117.9 1.47786 -1.85976
118 1.66387 -1.68676
118.1 1.80721 -1.49564
118.2 1.9078 -1.29114
118.3 1.97016 -1.07775
118.4 2.00091 -0.859297
118.5 2.00685 -0.63889
118.6 1.99383 -0.41892
118.7 1.96642 -0.201208
118.8 1.92798 0.0128598
118.9 1.88085 0.222208
119 1.82661 0.425974
119.1 1.76629 0.623439
119.2 1.70045 0.813968
119.3 1.62938 0.996973
119.4 1.55309 1.17188
119.5 1.4714 1.33811
119.6 1.38393 1.49506
119.7 1.29016 1.64204
119.8 1.18934 1.77835
119.9 1.08055 1.90315
120 0.962671 2.0155
120.1 0.834322 2.11434
120.2 0.693902 2.19843
120.3 0.539593 2.26634
120.4 0.369449 2.31644
120.5 0.181606 2.34688
120.6 -0.0253138 2.35565
120.7 -0.251504 2.34061
120.8 -0.494962 2.29974
120.9 -0.750335 2.23139
121 -1.00816 2.13473
121.1 -1.25542 2.0102
121.2 -1.4779 1.85973
121.3 -1.66391 1.68673
121.4 -1.80723 1.4956
121.5 -1.90782 1.2911
121.6 -1.97017 1.0777
121.7 -2.00092 0.859254
121.8 -2.00685 0.638847
121.9 -1.99383 0.418877
122 -1.96642 0.201166
122.1 -1.92797 -0.0129008
122.2 -1.88084 -0.222248
122.3 -1.8266 -0.426013
122.4 -1.76627 -0.623477
122.5 -1.70044 -0.814004
122.6 -1.62936 -0.997008
122.7 -1.55307 -1.17192
122.8 -1.47138 -1.33815
122.9 -1.38392 -1.49509
123 -1.29014 -1.64207
123.1 -1.18932 -1.77837
123.2 -1.08053 -1.90317
123.3 -0.962647 -2.01552
123.4 -0.834296 -2.11436
123.5 -0.693874 -2.19844
123.6 -0.539562 -2.26635
123.7 -0.369415 -2.31645
123.8 -0.181568 -2.34689
123.9 0.0253557 -2.35565
124 0.25155 -2.34061
124.1 0.495011 -2.29973
124.2 0.750385 -2.23137
124.3 1.00821 -2.13471
124.4 1.25546 -2.01017
124.5 1.47794 -1.8597
124.6 1.66394 -1.68669
124.7 1.80726 -1.49557
124.8 1.90783 -1.29106
124.9 1.97018 -1.07766
125 2.00092 -0.859212
125.1 2.00685 -0.638804
125.2 1.99383 -0.418835
125.3 1.96641 -0.201124
125.4 1.92796 0.0129417
125.5 1.88083 0.222287
125.6 1.82659 0.426052
125.7 1.76626 0.623514
125.8 1.70042 0.81404
125.9 1.62935 0.997043
126 1.55306 1.17195
126.1 1.47136 1.33818
126.2 1.3839 1.49511
126.3 1.29012 1.6421
126.4 1.1893 1.7784
126.5 1.08051 1.90319
126.6 0.962624 2.01554
126.7 0.83427 2.11437
126.8 0.693845 2.19846
126.9 0.53953 2.26636
127 0.36938 2.31645
127.1 0.18153 2.34689
127.2 -0.0253976 2.35565
127.3 -0.251595 2.3406
127.4 -0.495059 2.29972
127.5 -0.750435 2.23135
127.6 -1.00826 2.13469
127.7 -1.25551 2.01014
127.8 -1.47798 1.85966
127.9 -1.66397 1.68666
128 -1.80728 1.49553
128.1 -1.90785 1.29102
128.2 -1.97018 1.07762
128.3 -2.00092 0.859169
128.4 -2.00685 0.638762
128.5 -1.99382 0.418793
128.6 -1.9664 0.201082
128.7 -1.92795 -0.0129827
128.8 -1.88082 -0.222327
128.9 -1.82658 -0.426091
129 -1.76625 -0.623552
129.1 -1.70041 -0.814077
129.2 -1.62933 -0.997077
129.3 -1.55304 -1.17198
129.4 -1.47135 -1.33821
129.5 -1.38388 -1.49514
129.6 -1.2901 -1.64213
129.7 -1.18928 -1.77843
129.8 -1.08049 -1.90322
129.9 -0.9626 -2.01556
130 -0.834244 -2.11439
130.1 -0.693817 -2.19847
130.2 -0.539499 -2.26637
130.3 -0.369346 -2.31646
130.4 -0.181492 -2.3469
130.5 0.0254395 -2.35565
130.6 0.251641 -2.3406
130.7 0.495108 -2.2997
130.8 0.750485 -2.23134
130.9 1.00831 -2.13467
131 1.25555 -2.01012
131.1 1.47802 -1.85963
131.2 1.664 -1.68662
131.3 1.8073 -1.49549
131.4 1.90786 -1.29098
131.5 1.97019 -1.07758
131.6 2.00093 -0.859126
131.7 2.00685 -0.638719
131.8 1.99382 -0.41875
131.9 1.9664 -0.201041
132 1.92794 0.0130237
132.1 1.88081 0.222367
132.2 1.82657 0.426129
132.3 1.76624 0.623589
132.4 1.7004 0.814113
132.5 1.62932 0.997112
132.6 1.55303 1.17201
132.7 1.47133 1.33824
132.8 1.38386 1.49517
132.9 1.29008 1.64215
133 1.18926 1.77845
133.1 1.08047 1.90324
133.2 0.962576 2.01558
133.3 0.834218 2.11441
133.4 0.693788 2.19849
133.5 0.539468 2.26638
133.6 0.369311 2.31647
133.7 0.181454 2.3469
133.8 -0.0254815 2.35565
133.9 -0.251686 2.34059
134 -0.495156 2.29969
134.1 -0.750535 2.23132
134.2 -1.00836 2.13465
134.3 -1.2556 2.01009
134.4 -1.47806 1.8596
134.5 -1.66403 1.68659
134.6 -1.80733 1.49545
134.7 -1.90788 1.29094
134.8 -1.9702 1.07754
134.9 -2.00093 0.859084
135 -2.00685 0.638676
135.1 -1.99381 0.418708
135.2 -1.96639 0.200999
135.3 -1.92793 -0.0130647
135.4 -1.8808 -0.222407
135.5 -1.82656 -0.426168
135.6 -1.76622 -0.623627
135.7 -1.70038 -0.814149
135.8 -1.62931 -0.997147
135.9 -1.55301 -1.17205
136 -1.47131 -1.33827
136.1 -1.38385 -1.4952
136.2 -1.29006 -1.64218
136.3 -1.18924 -1.77848
136.4 -1.08045 -1.90326
136.5 -0.962552 -2.0156
136.6 -0.834192 -2.11443
136.7 -0.69376 -2.1985
136.8 -0.539436 -2.26639
136.9 -0.369277 -2.31648
137 -0.181415 -2.3469
137.1 0.0255234 -2.35565
137.2 0.251732 -2.34058
137.3 0.495205 -2.29968
137.4 0.750585 -2.23131
137.5 1.00841 -2.13462
137.6 1.25565 -2.01006
137.7 1.4781 -1.85957
137.8 1.66407 -1.68655
137.9 1.80735 -1.49541
138 1.90789 -1.2909
138.1 1.97021 -1.0775
138.2 2.00093 -0.859041
138.3 2.00685 -0.638634
138.4 1.99381 -0.418665
138.5 1.96638 -0.200957
138.6 1.92793 0.0131056
138.7 1.88079 0.222447
138.8 1.82655 0.426207
138.9 1.76621 0.623664
139 1.70037 0.814185
139.1 1.62929 0.997181
139.2 1.553 1.17208
139.3 1.4713 1.3383
139.4 1.38383 1.49523
139.5 1.29005 1.64221
139.6 1.18922 1.7785
139.7 1.08042 1.90328
139.8 0.962529 2.01562
139.9 0.834166 2.11445
140 0.693731 2.19851
140.1 0.539405 2.26641
140.2 0.369242 2.31648
140.3 0.181377 2.34691
140.4 -0.0255653 2.35565
140.5 -0.251777 2.34058
140.6 -0.495253 2.29967
140.7 -0.750635 2.23129
140.8 -1.00846 2.1346
140.9 -1.25569 2.01004
141 -1.47814 1.85954
141.1 -1.6641 1.68652
141.2 -1.80737 1.49537
141.3 -1.90791 1.29086
141.4 -1.97022 1.07745
141.5 -2.00094 0.858999
141.6 -2.00685 0.638591
141.7 -1.99381 0.418623
141.8 -1.96638 0.200915
141.9 -1.92792 -0.0131466
142 -1.88078 -0.222487
142.1 -1.82654 -0.426246
142.2 -1.7662 -0.623702
142.3 -1.70036 -0.814221
142.4 -1.62928 -0.997216
142.5 -1.55298 -1.17211
142.6 -1.47128 -1.33833
142.7 -1.38381 -1.49526
142.8 -1.29003 -1.64224
142.9 -1.1892 -1.77853
143 -1.0804 -1.90331
143.1 -0.962505 -2.01564
143.2 -0.83414 -2.11446
143.3 -0.693703 -2.19853
143.4 -0.539374 -2.26642
143.5 -0.369207 -2.31649
143.6 -0.181339 -2.34691
143.7 0.0256072 -2.35565
143.8 0.251823 -2.34057
143.9 0.495302 -2.29966
144 0.750685 -2.23127
144.1 1.00851 -2.13458
144.2 1.25574 -2.01001
144.3 1.47818 -1.85951
144.4 1.66413 -1.68648
144.5 1.8074 -1.49534
144.6 1.90793 -1.29082
144.7 1.97023 -1.07741
144.8 2.00094 -0.858956
144.9 2.00685 -0.638548
145 1.9938 -0.418581
145.1 1.96637 -0.200873
145.2 1.92791 0.0131876
145.3 1.88077 0.222527
145.4 1.82652 0.426285
145.5 1.76619 0.623739
145.6 1.70034 0.814257
145.7 1.62926 0.99725
145.8 1.55297 1.17215
145.9 1.47127 1.33836
146 1.38379 1.49529
146.1 1.29001 1.64226
146.2 1.18918 1.77855
146.3 1.08038 1.90333
146.4 0.962481 2.01566
146.5 0.834114 2.11448
146.6 0.693674 2.19854
146.7 0.539343 2.26643
146.8 0.369173 2.3165
146.9 0.181301 2.34692
147 -0.0256491 2.35565
147.1 -0.251868 2.34057
147.2 -0.49535 2.29965
147.3 -0.750735 2.23126
147.4 -1.00856 2.13456
147.5 -1.25578 2.00998
147.6 -1.47822 1.85948
147.7 -1.66416 1.68644
147.8 -1.80742 1.4953
147.9 -1.90794 1.29078
148 -1.97024 1.07737
148.1 -2.00094 0.858914
148.2 -2.00685 0.638506
148.3 -1.9938 0.418538
148.4 -1.96636 0.200832
148.5 -1.9279 -0.0132285
148.6 -1.88076 -0.222567
148.7 -1.82651 -0.426324
148.8 -1.76618 -0.623777
148.9 -1.70033 -0.814293
149 -1.62925 -0.997285
149.1 -1.55295 -1.17218
149.2 -1.47125 -1.3384
149.3 -1.38378 -1.49532
149.4 -1.28999 -1.64229
149.5 -1.18916 -1.77858
149.6 -1.08036 -1.90335
149.7 -0.962457 -2.01568
149.8 -0.834088 -2.1145
149.9 -0.693646 -2.19856
150 -0.539311 -2.26644
150.1 -0.369138 -2.31651
150.2 -0.181263 -2.34692
150.3 0.025691 -2.35564
150.4 0.251914 -2.34056
150.5 0.495399 -2.29964
150.6 0.750785 -2.23124
150.7 1.00861 -2.13454
150.8 1.25583 -2.00996
150.9 1.47826 -1.85944
151 1.66419 -1.68641
151.1 1.80744 -1.49526
151.2 1.90796 -1.29074
151.3 1.97025 -1.07733
151.4 2.00095 -0.858871
151.5 2.00685 -0.638463
151.6 1.99379 -0.418496
151.7 1.96636 -0.20079
151.8 1.92789 0.0132695
151.9 1.88075 0.222607
152 1.8265 0.426362
152.1 1.76616 0.623814
152.2 1.70032 0.814329
152.3 1.62924 0.99732
152.4 1.55294 1.17221
152.5 1.47123 1.33843
152.6 1.38376 1.49535
152.7 1.28997 1.64232
152.8 1.18914 1.7786
152.9 1.08034 1.90338
153 0.962434 2.01571
153.1 0.834062 2.11452
153.2 0.693618 2.19857
153.3 0.53928 2.26645
153.4 0.369104 2.31652
153.5 0.181225 2.34692
153.6 -0.0257329 2.35564
153.7 -0.251959 2.34056
153.8 -0.495447 2.29963
153.9 -0.750835 2.23123
154 -1.00866 2.13452
154.1 -1.25587 2.00993
154.2 -1.4783 1.85941
154.3 -1.66423 1.68637
154.4 -1.80747 1.49522
154.5 -1.90797 1.2907
154.6 -1.97025 1.07729
154.7 -2.00095 0.858829
154.8 -2.00685 0.63842
154.9 -1.99379 0.418454
155 -1.96635 0.200748
155.1 -1.92788 -0.0133105
155.2 -1.88074 -0.222647
155.3 -1.82649 -0.426401
155.4 -1.76615 -0.623852
155.5 -1.7003 -0.814366
155.6 -1.62922 -0.997354
155.7 -1.55292 -1.17225
155.8 -1.47122 -1.33846
155.9 -1.38374 -1.49538
156 -1.28995 -1.64235
156.1 -1.18912 -1.77863
156.2 -1.08031 -1.9034
156.3 -0.96241 -2.01573
156.4 -0.834036 -2.11453
156.5 -0.693589 -2.19859
156.6 -0.539249 -2.26646
156.7 -0.369069 -2.31652
156.8 -0.181186 -2.34693
156.9 0.0257748 -2.35564
157 0.252005 -2.34055
157.1 0.495496 -2.29962
157.2 0.750885 -2.23121
157.3 1.00871 -2.1345
157.4 1.25592 -2.0099
157.5 1.47834 -1.85938
157.6 1.66426 -1.68634
157.7 1.80749 -1.49518
157.8 1.90799 -1.29066
157.9 1.97026 -1.07724
158 2.00095 -0.858786
158.1 2.00684 -0.638378
158.2 1.99378 -0.418411
158.3 1.96634 -0.200706
158.4 1.92788 0.0133515
158.5 1.88073 0.222687
158.6 1.82648 0.42644
158.7 1.76614 0.62389
158.8 1.70029 0.814402
158.9 1.62921 0.997389
159 1.5529 1.17228
159.1 1.4712 1.33849
159.2 1.38372 1.49541
159.3 1.28993 1.64237
159.4 1.1891 1.77865
159.5 1.08029 1.90342
159.6 0.962386 2.01575
159.7 0.834011 2.11455
159.8 0.693561 2.1986
159.9 0.539217 2.26647
160 0.369035 2.31653
160.1 0.181148 2.34693
160.2 -0.0258167 2.35564
160.3 -0.25205 2.34055
160.4 -0.495544 2.29961
160.5 -0.750935 2.23119
160.6 -1.00876 2.13447
160.7 -1.25597 2.00988
160.8 -1.47837 1.85935
160.9 -1.66429 1.6863
161 -1.80751 1.49514
161.1 -1.908 1.29062
161.2 -1.97027 1.0772
161.3 -2.00096 0.858744
161.4 -2.00684 0.638335
161.5 -1.99378 0.418369
161.6 -1.96634 0.200664
161.7 -1.92787 -0.0133924
161.8 -1.88072 -0.222727
161.9 -1.82647 -0.426479
162 -1.76613 -0.623927
162.1 -1.70028 -0.814438
162.2 -1.62919 -0.997424
162.3 -1.55289 -1.17231
162.4 -1.47118 -1.33852
162.5 -1.38371 -1.49544
162.6 -1.28991 -1.6424
162.7 -1.18908 -1.77868
162.8 -1.08027 -1.90344
162.9 -0.962362 -2.01577
163 -0.833985 -2.11457
163.1 -0.693532 -2.19862
163.2 -0.539186 -2.26649
163.3 -0.369 -2.31654
163.4 -0.18111 -2.34693
163.5 0.0258586 -2.35564
163.6 0.252096 -2.34054
163.7 0.495593 -2.2996
163.8 0.750985 -2.23118
163.9 1.0088 -2.13445
164 1.25601 -2.00985
164.1 1.47841 -1.85932
164.2 1.66432 -1.68627
164.3 1.80754 -1.49511
164.4 1.90802 -1.29058
164.5 1.97028 -1.07716
164.6 2.00096 -0.858701
164.7 2.00684 -0.638292
164.8 1.99378 -0.418326
164.9 1.96633 -0.200623
165 1.92786 0.0134334
165.1 1.88071 0.222767
165.2 1.82646 0.426518
165.3 1.76611 0.623965
165.4 1.70027 0.814474
165.5 1.62918 0.997458
165.6 1.55287 1.17234
165.7 1.47117 1.33855
165.8 1.38369 1.49547
165.9 1.28989 1.64243
166 1.18906 1.7787
166.1 1.08025 1.90347
166.2 0.962339 2.01579
166.3 0.833959 2.11459
166.4 0.693504 2.19863
166.5 0.539155 2.2665
166.6 0.368965 2.31655
166.7 0.181072 2.34694
166.8 -0.0259005 2.35564
166.9 -0.252141 2.34054
167 -0.495641 2.29959
167.1 -0.751035 2.23116
167.2 -1.00885 2.13443
167.3 -1.25606 2.00982
167.4 -1.47845 1.85929
167.5 -1.66435 1.68623
167.6 -1.80756 1.49507
167.7 -1.90803 1.29054
167.8 -1.97029 1.07712
167.9 -2.00096 0.858659
168 -2.00684 0.63825
168.1 -1.99377 0.418284
168.2 -1.96633 0.200581
168.3 -1.92785 -0.0134744
168.4 -1.8807 -0.222807
168.5 -1.82645 -0.426556
168.6 -1.7661 -0.624002
168.7 -1.70025 -0.81451
168.8 -1.62916 -0.997493
168.9 -1.55286 -1.17238
169 -1.47115 -1.33858
169.1 -1.38367 -1.4955
169.2 -1.28988 -1.64246
169.3 -1.18903 -1.77873
169.4 -1.08023 -1.90349
169.5 -0.962315 -2.01581
169.6 -0.833933 -2.11461
169.7 -0.693475 -2.19865
169.8 -0.539123 -2.26651
169.9 -0.368931 -2.31656
170 -0.181034 -2.34694
170.1 0.0259425 -2.35564
170.2 0.252187 -2.34053
170.3 0.49569 -2.29958
170.4 0.751085 -2.23115
170.5 1.0089 -2.13441
170.6 1.2561 -2.0098
170.7 1.47849 -1.85926
170.8 1.66439 -1.6862
170.9 1.80758 -1.49503
171 1.90805 -1.2905
171.1 1.9703 -1.07708
171.2 2.00097 -0.858616
171.3 2.00684 -0.638207
171.4 1.99377 -0.418242
171.5 1.96632 -0.200539
171.6 1.92784 0.0135154
171.7 1.88069 0.222847
171.8 1.82644 0.426595
171.9 1.76609 0.62404
172 1.70024 0.814546
172.1 1.62915 0.997527
172.2 1.55284 1.17241
172.3 1.47113 1.33861
172.4 1.38365 1.49553
172.5 1.28986 1.64248
172.6 1.18901 1.77875
172.7 1.0802 1.90351
172.8 0.962291 2.01583
172.9 0.833907 2.11462
173 0.693447 2.19866
173.1 0.539092 2.26652
173.2 0.368896 2.31656
173.3 0.180996 2.34695
173.4 -0.0259844 2.35564
173.5 -0.252232 2.34053
173.6 -0.495738 2.29957
173.7 -0.751135 2.23113
173.8 -1.00895 2.13439
173.9 -1.25615 2.00977
174 -1.47853 1.85922
174.1 -1.66442 1.68616
174.2 -1.80761 1.49499
174.3 -1.90807 1.29045
174.4 -1.97031 1.07703
174.5 -2.00097 0.858574
174.6 -2.00684 0.638164
174.7 -1.99376 0.418199
174.8 -1.96631 0.200497
174.9 -1.92783 -0.0135563
175 -1.88068 -0.222887
175.1 -1.82642 -0.426634
175.2 -1.76608 -0.624077
175.3 -1.70023 -0.814582
175.4 -1.62914 -0.997562
175.5 -1.55283 -1.17244
175.6 -1.47112 -1.33865
175.7 -1.38364 -1.49556
175.8 -1.28984 -1.64251
175.9 -1.18899 -1.77878
176 -1.08018 -1.90354
176.1 -0.962267 -2.01585
176.2 -0.833881 -2.11464
176.3 -0.693418 -2.19868
176.4 -0.539061 -2.26653
176.5 -0.368862 -2.31657
176.6 -0.180958 -2.34695
176.7 0.0260263 -2.35564
176.8 0.252278 -2.34052
176.9 0.495786 -2.29956
177 0.751185 -2.23111
177.1 1.009 -2.13437
177.2 1.2562 -2.00974
177.3 1.47857 -1.85919
177.4 1.66445 -1.68613
177.5 1.80763 -1.49495
177.6 1.90808 -1.29041
177.7 1.97032 -1.07699
177.8 2.00097 -0.858531
177.9 2.00684 -0.638122
178 1.99376 -0.418157
178.1 1.96631 -0.200456
178.2 1.92783 0.0135973
178.3 1.88067 0.222927
178.4 1.82641 0.426673
178.5 1.76607 0.624115
178.6 1.70021 0.814619
178.7 1.62912 0.997597
178.8 1.55281 1.17248
178.9 1.4711 1.33868
179 1.38362 1.49559
179.1 1.28982 1.64254
179.2 1.18897 1.7788
179.3 1.08016 1.90356
179.4 0.962243 2.01587
179.5 0.833855 2.11466
179.6 0.69339 2.19869
179.7 0.539029 2.26654
179.8 0.368827 2.31658
179.9 0.180919 2.34695
180 -0.0260682 2.35564
180.1 -0.252324 2.34052
180.2 -0.495835 2.29955
180.3 -0.751235 2.2311
180.4 -1.00905 2.13435
180.5 -1.25624 2.00972
180.6 -1.47861 1.85916
180.7 -1.66448 1.68609
180.8 -1.80765 1.49491
180.9 -1.9081 1.29037
181 -1.97032 1.07695
181.1 -2.00098 0.858489
181.2 -2.00684 0.638079
181.3 -1.99376 0.418115
181.4 -1.9663 0.200414
181.5 -1.92782 -0.0136383
181.6 -1.88066 -0.222967
181.7 -1.8264 -0.426712
181.8 -1.76605 -0.624152
181.9 -1.7002 -0.814655
182 -1.62911 -0.997631
182.1 -1.5528 -1.17251
182.2 -1.47109 -1.33871
182.3 -1.3836 -1.49561
182.4 -1.2898 -1.64257
182.5 -1.18895 -1.77883
182.6 -1.08014 -1.90358
182.7 -0.96222 -2.01589
182.8 -0.833829 -2.11468
182.9 -0.693362 -2.19871
183 -0.538998 -2.26655
183.1 -0.368793 -2.31659
183.2 -0.180881 -2.34696
183.3 0.0261101 -2.35564
183.4 0.252369 -2.34051
183.5 0.495883 -2.29954
183.6 0.751285 -2.23108
183.7 1.0091 -2.13432
183.8 1.25629 -2.00969
183.9 1.47865 -1.85913
184 1.66451 -1.68606
184.1 1.80768 -1.49487
184.2 1.90811 -1.29033
184.3 1.97033 -1.07691
184.4 2.00098 -0.858446
184.5 2.00684 -0.638037
184.6 1.99375 -0.418072
184.7 1.96629 -0.200372
184.8 1.92781 0.0136792
184.9 1.88065 0.223007
185 1.82639 0.426751
185.1 1.76604 0.62419
185.2 1.70019 0.814691
185.3 1.62909 0.997666
185.4 1.55278 1.17254
185.5 1.47107 1.33874
185.6 1.38358 1.49564
185.7 1.28978 1.64259
185.8 1.18893 1.77885
185.9 1.08012 1.90361
186 0.962196 2.01591
186.1 0.833803 2.11469
186.2 0.693333 2.19872
186.3 0.538967 2.26657
186.4 0.368758 2.31659
186.5 0.180843 2.34696
186.6 -0.026152 2.35564
186.7 -0.252415 2.3405
186.8 -0.495932 2.29953
186.9 -0.751335 2.23107
187 -1.00915 2.1343
187.1 -1.25633 2.00966
187.2 -1.47869 1.8591
187.3 -1.66454 1.68602
187.4 -1.8077 1.49484
187.5 -1.90813 1.29029
187.6 -1.97034 1.07687
187.7 -2.00098 0.858404
187.8 -2.00684 0.637994
187.9 -1.99375 0.41803
188 -1.96629 0.20033
188.1 -1.9278 -0.0137202
188.2 -1.88064 -0.223047
188.3 -1.82638 -0.426789
188.4 -1.76603 -0.624227
188.5 -1.70017 -0.814727
188.6 -1.62908 -0.997701
188.7 -1.55277 -1.17258
188.8 -1.47105 -1.33877
188.9 -1.38357 -1.49567
189 -1.28976 -1.64262
189.1 -1.18891 -1.77888
189.2 -1.0801 -1.90363
189.3 -0.962172 -2.01593
189.4 -0.833777 -2.11471
189.5 -0.693305 -2.19874
189.6 -0.538935 -2.26658
189.7 -0.368723 -2.3166
189.8 -0.180805 -2.34697
189.9 0.026194 -2.35564
190 0.25246 -2.3405
190.1 0.49598 -2.29952
190.2 0.751385 -2.23105
190.3 1.0092 -2.13428
190.4 1.25638 -2.00964
190.5 1.47873 -1.85907
190.6 1.66458 -1.68598
190.7 1.80773 -1.4948
190.8 1.90814 -1.29025
190.9 1.97035 -1.07683
191 2.00099 -0.858361
191.1 2.00684 -0.637951
191.2 1.99374 -0.417988
191.3 1.96628 -0.200288
191.4 1.92779 0.0137612
191.5 1.88063 0.223087
191.6 1.82637 0.426828
191.7 1.76602 0.624265
191.8 1.70016 0.814763
191.9 1.62906 0.997735
192 1.55275 1.17261
192.1 1.47104 1.3388
192.2 1.38355 1.4957
192.3 1.28974 1.64265
192.4 1.18889 1.77891
192.5 1.08007 1.90365
192.6 0.962148 2.01595
192.7 0.833751 2.11473
192.8 0.693276 2.19875
192.9 0.538904 2.26659
193 0.368689 2.31661
193.1 0.180767 2.34697
193.2 -0.0262359 2.35564
193.3 -0.252506 2.34049
193.4 -0.496029 2.2995
193.5 -0.751435 2.23103
193.6 -1.00925 2.13426
193.7 -1.25643 2.00961
193.8 -1.47877 1.85904
193.9 -1.66461 1.68595
194 -1.80775 1.49476
194.1 -1.90816 1.29021
194.2 -1.97036 1.07678
194.3 -2.00099 0.858318
194.4 -2.00684 0.637909
194.5 -1.99374 0.417945
194.6 -1.96627 0.200247
194.7 -1.92778 -0.0138021
194.8 -1.88062 -0.223127
194.9 -1.82636 -0.426867
195 -1.766 -0.624302
195.1 -1.70015 -0.814799
195.2 -1.62905 -0.99777
195.3 -1.55274 -1.17264
195.4 -1.47102 -1.33883
195.5 -1.38353 -1.49573
195.6 -1.28973 -1.64268
195.7 -1.18887 -1.77893
195.8 -1.08005 -1.90367
195.9 -0.962125 -2.01597
196 -0.833725 -2.11475
196.1 -0.693248 -2.19877
196.2 -0.538873 -2.2666
196.3 -0.368654 -2.31662
196.4 -0.180729 -2.34697
196.5 0.0262778 -2.35564
196.6 0.252551 -2.34049
196.7 0.496077 -2.29949
196.8 0.751485 -2.23102
196.9 1.0093 -2.13424
197 1.25647 -2.00958
197.1 1.47881 -1.859
197.2 1.66464 -1.68591
197.3 1.80777 -1.49472
197.4 1.90817 -1.29017
197.5 1.97037 -1.07674
197.6 2.00099 -0.858276
197.7 2.00683 -0.637866
197.8 1.99374 -0.417903
197.9 1.96627 -0.200205
198 1.92778 0.0138431
198.1 1.88061 0.223167
198.2 1.82635 0.426906
198.3 1.76599 0.62434
198.4 1.70013 0.814835
198.5 1.62904 0.997804
198.6 1.55272 1.17267
198.7 1.471 1.33886
198.8 1.38351 1.49576
198.9 1.28971 1.6427
199 1.18885 1.77896
199.1 1.08003 1.9037
199.2 0.962101 2.01599
199.3 0.833699 2.11476
199.4 0.693219 2.19878
199.5 0.538841 2.26661
199.6 0.36862 2.31663
199.7 0.18069 2.34698
199.8 -0.0263197 2.35564
199.9 -0.252597 2.34048
200 -0.496126 2.29948
