0 2 0
0.1 1.93464 0.20283
0.2 1.86754 0.398836
0.3 1.79821 0.587814
0.4 1.7262 0.76951
0.5 1.65103 0.943623
0.6 1.57222 1.1098
0.7 1.48923 1.26765
0.8 1.4014 1.4167
0.9 1.30801 1.55641
1 1.20818 1.68617
1.1 1.10086 1.80526
1.2 0.984801 1.91285
1.3 0.858519 2.00796
1.4 0.720263 2.08945
1.5 0.568023 2.15599
1.6 0.399589 2.20601
1.7 0.212737 2.23774
1.8 0.00562575 2.24918
1.9 -0.222466 2.23818
2 -0.469997 2.20264
2.1 -0.731756 2.14078
2.2 -0.99779 2.05161
2.3 -1.2538 1.93539
2.4 -1.48389 1.79398
2.5 -1.67496 1.63078
2.6 -1.82035 1.45021
2.7 -1.92055 1.25701
2.8 -1.98106 1.05558
2.9 -2.00949 0.84964
3 -2.0133 0.642096
3.1 -1.99872 0.435154
3.2 -1.97046 0.230455
3.3 -1.93187 0.0292258
3.4 -1.88528 -0.167597
3.5 -1.83218 -0.35927
3.6 -1.77353 -0.545177
3.7 -1.70986 -0.724775
3.8 -1.6414 -0.897562
3.9 -1.56816 -1.06305
4 -1.48993 -1.22072
4.1 -1.40635 -1.37006
4.2 -1.31689 -1.51049
4.3 -1.22085 -1.64136
4.4 -1.11731 -1.76195
4.5 -1.00518 -1.87144
4.6 -0.883085 -1.96887
4.7 -0.749416 -2.05312
4.8 -0.602276 -2.12292
4.9 -0.43955 -2.17677
5 -0.259045 -2.21294
5.1 -0.0588156 -2.2295
5.2 0.162202 -2.22435
5.3 0.403178 -2.19536
5.4 0.660042 -2.14067
5.5 0.924261 -2.05901
5.6 1.18273 -1.95029
5.7 1.41981 -1.81589
5.8 1.62137 -1.65877
5.9 1.77885 -1.48311
6 1.89082 -1.29357
6.1 1.96156 -1.09467
6.2 1.99822 -0.890293
6.3 2.00837 -0.683568
6.4 1.99854 -0.476878
6.5 1.97384 -0.272005
6.6 1.93796 -0.0702817
6.7 1.89346 0.12728
6.8 1.84206 0.319888
6.9 1.78484 0.506889
7 1.72245 0.68772
7.1 1.65518 0.861866
7.2 1.5831 1.02883
7.3 1.50606 1.18811
7.4 1.42374 1.33918
7.5 1.33565 1.48146
7.6 1.24112 1.61435
7.7 1.1393 1.73711
7.8 1.02912 1.84897
7.9 0.909288 1.94897
8 0.778238 2.03606
8.1 0.634135 2.10899
8.2 0.474904 2.16629
8.3 0.298348 2.20631
8.4 0.102435 2.22714
8.5 -0.114155 2.22672
8.6 -0.351093 2.2029
8.7 -0.605106 2.15373
8.8 -0.868665 2.0778
8.9 -1.12955 1.97471
9 -1.37236 1.84553
9.1 -1.58229 1.69289
9.2 -1.74937 1.52076
9.3 -1.87069 1.33377
9.4 -1.94956 1.13651
9.5 -1.99275 0.933025
9.6 -2.00789 0.726595
9.7 -2.0018 0.519751
9.8 -1.97988 0.314392
9.9 -1.94611 0.111932
10 -1.90326 -0.0865594
10.1 -1.85321 -0.280248
10.2 -1.79715 -0.46846
10.3 -1.7358 -0.650614
10.4 -1.66954 -0.826189
10.5 -1.59848 -0.994685
10.6 -1.52249 -1.1556
10.7 -1.44131 -1.30842
10.8 -1.35447 -1.45259
10.9 -1.26135 -1.58748
11 -1.16113 -1.71242
11.1 -1.05279 -1.82661
11.2 -0.935091 -1.92916
11.3 -0.80652 -2.01904
11.4 -0.6653 -2.09502
11.5 -0.509399 -2.15571
11.6 -0.33663 -2.19947
11.7 -0.144892 -2.22446
11.8 0.0673474 -2.22864
11.9 0.300198 -2.20987
12 0.551118 -2.16612
12.1 0.813547 -2.09583
12.2 1.07619 -1.99836
12.3 1.32407 -1.87444
12.4 1.54188 -1.7264
12.5 1.71836 -1.55796
12.6 1.84911 -1.37368
12.7 1.93633 -1.1782
12.8 1.98631 -0.97571
12.9 2.00669 -0.769661
13 2.00452 -0.562729
13.1 1.98553 -0.356931
13.2 1.95396 -0.15377
13.3 1.91282 0.0456221
13.4 1.86415 0.24037
13.5 1.80927 0.429771
13.6 1.74898 0.613231
13.7 1.68373 0.790216
13.8 1.61366 0.960226
13.9 1.53872 1.12276
14 1.45866 1.27731
14.1 1.37304 1.42333
14.2 1.28128 1.5602
14.3 1.18262 1.68727
14.4 1.07606 1.80377
14.5 0.960428 1.90883
14.6 0.834257 2.00144
14.7 0.695829 2.08042
14.8 0.54316 2.14442
14.9 0.374084 2.19185
15 0.186448 2.22091
15.1 -0.0214524 2.22959
15.2 -0.250114 2.21577
15.3 -0.497662 2.17737
15.4 -0.75847 2.11269
15.5 -1.02222 2.02087
15.6 -1.27448 1.90232
15.7 -1.49968 1.75903
15.8 -1.68536 1.59448
15.9 -1.82564 1.4131
16 -1.92149 1.21958
16.1 -1.9786 1.01825
16.2 -2.00452 0.812693
16.3 -2.00653 0.605759
16.4 -1.99064 0.399586
16.5 -1.9614 0.195772
16.6 -1.92206 -0.00448282
16.7 -1.87483 -0.20026
16.8 -1.82116 -0.390826
16.9 -1.76195 -0.575567
17 -1.69771 -0.753942
17.1 -1.62864 -0.925444
17.2 -1.55473 -1.08958
17.3 -1.47576 -1.24583
17.4 -1.39134 -1.39367
17.5 -1.30092 -1.5325
17.6 -1.20376 -1.66167
17.7 -1.09894 -1.78044
17.8 -0.985309 -1.88796
17.9 -0.861463 -1.98324
18 -0.725741 -2.06517
18.1 -0.576211 -2.13241
18.2 -0.410731 -2.18343
18.3 -0.227122 -2.21647
18.4 -0.0235351 -2.22957
18.5 0.200862 -2.2206
18.6 0.444799 -2.18748
18.7 0.703537 -2.12838
18.8 0.96775 -2.04222
18.9 1.22371 -1.92912
19 1.45574 -1.79074
19.1 1.65038 -1.63026
19.2 1.80023 -1.452
19.3 1.90497 -1.26064
19.4 1.96954 -1.0606
19.5 2.00133 -0.855668
19.6 2.00776 -0.648824
19.7 1.99518 -0.442345
19.8 1.96841 -0.23793
19.9 1.93096 -0.0368511
20 1.88523 0.159923
20.1 1.8328 0.351627
20.2 1.7747 0.537627
20.3 1.71148 0.717369
20.4 1.64341 0.890343
20.5 1.57052 1.05605
20.6 1.49263 1.21399
20.7 1.40938 1.36363
20.8 1.32027 1.50438
20.9 1.22458 1.63562
21 1.12144 1.75662
21.1 1.00975 1.86655
21.2 0.888157 1.96447
21.3 0.755057 2.04928
21.4 0.608571 2.1197
21.5 0.446593 2.17423
21.6 0.266928 2.21117
21.7 0.0676141 2.22859
21.8 -0.152467 2.22439
21.9 -0.392592 2.19646
22 -0.648857 2.14289
22.1 -0.912936 2.0624
22.2 -1.1719 1.95482
22.3 -1.41015 1.82148
22.4 -1.61342 1.66528
22.5 -1.77285 1.49033
22.6 -1.8867 1.30131
22.7 -1.95906 1.10275
22.8 -1.99703 0.898562
22.9 -2.00818 0.691906
23 -1.9991 0.485195
23.1 -1.97496 0.280234
23.2 -1.9395 0.0783721
23.3 -1.89534 -0.119367
23.4 -1.84421 -0.312182
23.5 -1.78722 -0.499416
23.6 -1.72504 -0.680504
23.7 -1.65797 -0.854927
23.8 -1.58609 -1.02219
23.9 -1.50926 -1.18179
24 -1.42717 -1.3332
24.1 -1.33933 -1.47585
24.2 -1.24508 -1.60913
24.3 -1.14357 -1.73232
24.4 -1.03376 -1.84463
24.5 -0.914352 -1.94514
24.6 -0.783793 -2.03277
24.7 -0.640261 -2.1063
24.8 -0.481688 -2.16427
24.9 -0.30588 -2.20502
25 -0.110788 -2.22667
25.1 0.104952 -2.22715
25.2 0.341101 -2.20433
25.3 0.594532 -2.15622
25.4 0.85791 -2.08139
25.5 1.11919 -1.9794
25.6 1.36304 -1.85123
25.7 1.57454 -1.69948
25.8 1.74347 -1.52806
25.9 1.86662 -1.34158
26 1.94709 -1.14466
26.1 1.99159 -0.941353
26.2 2.00772 -0.734989
26.3 2.00238 -0.528122
26.4 1.98102 -0.322672
26.5 1.94767 -0.120072
26.6 1.90515 0.0785967
26.7 1.85536 0.272494
26.8 1.79953 0.460939
26.9 1.73839 0.64335
27 1.67232 0.819201
27.1 1.60145 0.987994
27.2 1.52567 1.14923
27.3 1.44471 1.30239
27.4 1.35811 1.44691
27.5 1.26526 1.5822
27.6 1.16534 1.70755
27.7 1.05736 1.8222
27.8 0.940066 1.92524
27.9 0.811969 2.01565
28 0.671299 2.09223
28.1 0.516036 2.15356
28.2 0.343995 2.19805
28.3 0.153061 2.22384
28.4 -0.0583308 2.2289
28.5 -0.290372 2.2111
28.6 -0.540655 2.1684
28.7 -0.802805 2.09921
28.8 -1.06571 2.00284
28.9 -1.3145 1.87996
29 -1.53379 1.73283
29.1 -1.71209 1.56513
29.2 -1.84468 1.3814
29.3 -1.93356 1.18629
29.4 -1.98491 0.984013
29.5 -2.00635 0.778052
29.6 -2.00497 0.571112
29.7 -1.98657 0.365236
29.8 -1.95545 0.161944
29.9 -1.91465 -0.0376193
30 -1.86625 -0.23257
30.1 -1.8116 -0.4222
30.2 -1.75153 -0.605911
30.3 -1.68647 -0.78317
30.4 -1.6166 -0.953472
30.5 -1.54186 -1.11632
30.6 -1.46201 -1.27121
30.7 -1.37663 -1.41758
30.8 -1.28513 -1.55484
30.9 -1.18676 -1.68232
31 -1.08055 -1.79926
31.1 -0.965313 -1.9048
31.2 -0.839601 -1.99794
31.3 -0.701707 -2.0775
31.4 -0.549657 -2.14213
31.5 -0.381289 -2.19027
31.6 -0.194445 -2.22011
31.7 0.0126126 -2.22966
31.8 0.240448 -2.21679
31.9 0.48731 -2.17943
32 0.747748 -2.11584
32.1 1.01163 -2.02513
32.2 1.26468 -1.90763
32.3 1.49124 -1.76528
32.4 1.6787 -1.60151
32.5 1.82084 -1.42072
32.6 1.9184 -1.22761
32.7 1.97694 -1.02652
32.8 2.00398 -0.821074
32.9 2.00683 -0.61415
33 1.99157 -0.407912
33.1 1.9628 -0.203978
33.2 1.92382 -0.0035585
33.3 1.87688 0.192415
33.4 1.82344 0.383205
33.5 1.76445 0.568194
33.6 1.70041 0.746837
33.7 1.63154 0.918628
33.8 1.55782 1.08307
33.9 1.47906 1.23966
34 1.39488 1.38785
34.1 1.30471 1.52705
34.2 1.20785 1.65663
34.3 1.10336 1.77583
34.4 0.990107 1.88382
34.5 0.866706 1.97963
34.6 0.731502 2.06212
34.7 0.582572 2.12998
34.8 0.417782 2.18169
34.9 0.234949 2.2155
35 0.0321977 2.22945
35.1 -0.191361 2.22142
35.2 -0.434569 2.18931
35.3 -0.692856 2.1313
35.4 -0.957089 2.04625
35.5 -1.21369 1.93422
35.6 -1.44698 1.7968
35.7 -1.64333 1.63715
35.8 -1.79505 1.45952
35.9 -1.90154 1.2686
36 -1.96761 1.06883
36.1 -2.00058 0.864035
36.2 -2.00791 0.65722
36.3 -1.99599 0.45069
36.4 -1.96972 0.246165
36.5 -1.93265 0.0449294
36.6 -1.88722 -0.152036
36.7 -1.83505 -0.343958
36.8 -1.77715 -0.530201
36.9 -1.71414 -0.710207
37 -1.64626 -0.883465
37.1 -1.57357 -1.04948
37.2 -1.49589 -1.20774
37.3 -1.41287 -1.35773
37.4 -1.324 -1.49885
37.5 -1.2286 -1.63049
37.6 -1.12578 -1.75192
37.7 -1.01446 -1.86232
37.8 -0.893301 -1.96075
37.9 -0.760703 -2.04611
38 -0.6148 -2.11714
38.1 -0.453493 -2.17235
38.2 -0.274587 -2.21004
38.3 -0.0761 -2.22829
38.4 0.143137 -2.22501
38.5 0.382498 -2.19808
38.6 0.638237 -2.14558
38.7 0.902223 -2.06619
38.8 1.16169 -1.9597
38.9 1.40109 -1.82736
39 1.60599 -1.67201
39.1 1.76728 -1.49774
39.2 1.88293 -1.3092
39.3 1.95685 -1.11094
39.4 1.99607 -0.906912
39.5 2.00816 -0.700304
39.6 1.99979 -0.493556
39.7 1.97618 -0.288495
39.8 1.94112 -0.086486
39.9 1.89727 0.111437
40 1.8464 0.304465
40.1 1.78964 0.491938
40.2 1.72766 0.673285
40.3 1.66078 0.847988
40.4 1.5891 1.01555
40.5 1.51248 1.17547
40.6 1.43061 1.32722
40.7 1.34301 1.47024
40.8 1.24903 1.60391
40.9 1.14784 1.72753
41 1.03839 1.8403
41.1 0.919401 1.9413
41.2 0.789329 2.02948
41.3 0.646361 2.10361
41.4 0.488441 2.16224
41.5 0.313374 2.20373
41.6 0.119097 2.22619
41.7 -0.0957947 2.22757
41.8 -0.331152 2.20573
41.9 -0.583993 2.15869
42 -0.847172 2.08496
42.1 -1.10882 1.98406
42.2 -1.35369 1.85691
42.3 -1.56675 1.70605
42.4 -1.73751 1.53534
42.5 -1.86249 1.34938
42.6 -1.94458 1.15279
42.7 -1.99038 0.949679
42.8 -2.00753 0.743384
42.9 -2.00294 0.536497
43 -1.98214 0.330959
43.1 -1.94922 0.12822
43.2 -1.90703 -0.0706259
43.3 -1.8575 -0.264731
43.4 -1.8019 -0.453409
43.5 -1.74096 -0.636075
43.6 -1.6751 -0.812202
43.7 -1.60442 -0.981291
43.8 -1.52885 -1.14284
43.9 -1.4481 -1.29634
44 -1.36174 -1.44123
44.1 -1.26916 -1.5769
44.2 -1.16955 -1.70267
44.3 -1.06191 -1.81777
44.4 -0.945023 -1.9213
44.5 -0.817397 -2.01225
44.6 -0.677275 -2.08941
44.7 -0.522645 -2.15139
44.8 -0.351327 -2.1966
44.9 -0.161197 -2.22318
45 0.0493488 -2.22913
45.1 0.280577 -2.21229
45.2 0.530214 -2.17064
45.3 0.792067 -2.10254
45.4 1.05522 -2.00728
45.5 1.30489 -1.88544
45.6 1.52564 -1.73923
45.7 1.70574 -1.57228
45.8 1.84019 -1.3891
45.9 1.93074 -1.19437
46 1.98346 -0.992311
46.1 2.00596 -0.786441
46.2 2.00539 -0.579497
46.3 1.98759 -0.373545
46.4 1.95691 -0.170124
46.5 1.91646 0.0296088
46.6 1.86835 0.224762
46.7 1.81393 0.41462
46.8 1.75406 0.598582
46.9 1.6892 0.776111
47 1.61953 0.946706
47.1 1.54499 1.10987
47.2 1.46535 1.26509
47.3 1.3802 1.41181
47.4 1.28897 1.54946
47.5 1.1909 1.67735
47.6 1.08503 1.79473
47.7 0.97018 1.90076
47.8 0.844925 1.99441
47.9 0.707561 2.07455
48 0.556127 2.13982
48.1 0.388464 2.18866
48.2 0.202408 2.21928
48.3 -0.00380738 2.2297
48.4 -0.230814 2.21778
48.5 -0.476981 2.18144
48.6 -0.737033 2.11895
48.7 -1.00103 2.02933
48.8 -1.25483 1.9129
48.9 -1.48275 1.7715
49 -1.67196 1.60851
49.1 -1.81597 1.42833
49.2 -1.91525 1.23563
49.3 -1.97524 1.03478
49.4 -2.0034 0.829453
49.5 -2.0071 0.622543
49.6 -1.99248 0.416243
49.7 -1.96419 0.212188
49.8 -1.92557 0.0116072
49.9 -1.87891 -0.184563
50 -1.82572 -0.375575
50.1 -1.76694 -0.56081
50.2 -1.7031 -0.73972
50.3 -1.63442 -0.911799
50.4 -1.56091 -1.07655
50.5 -1.48236 -1.23346
50.6 -1.3984 -1.38201
50.7 -1.3085 -1.52159
50.8 -1.21192 -1.65157
50.9 -1.10776 -1.77121
51 -0.994888 -1.87967
51.1 -0.871929 -1.976
51.2 -0.737239 -2.05905
51.3 -0.588907 -2.12753
51.4 -0.424803 -2.17993
51.5 -0.242742 -2.21451
51.6 -0.0408259 -2.2293
51.7 0.181893 -2.2222
51.8 0.424366 -2.19111
51.9 0.682185 -2.13417
52 0.946416 -2.05023
52.1 1.20363 -1.93927
52.2 1.43816 -1.80284
52.3 1.6362 -1.64401
52.4 1.78979 -1.46701
52.5 1.89806 -1.27654
52.6 1.96563 -1.07706
52.7 1.99979 -0.8724
52.8 2.00803 -0.665617
52.9 1.99678 -0.459038
53 1.97102 -0.254404
53.1 1.93433 -0.0530149
53.2 1.8892 0.14414
53.3 1.83728 0.33628
53.4 1.77961 0.522764
53.5 1.71679 0.703033
53.6 1.64911 0.876575
53.7 1.57662 1.04289
53.8 1.49914 1.20148
53.9 1.41635 1.35181
54 1.32773 1.49331
54.1 1.23261 1.62535
54.2 1.13011 1.7472
54.3 1.01916 1.85807
54.4 0.898426 1.957
54.5 0.766327 2.04292
54.6 0.621003 2.11455
54.7 0.460364 2.17044
54.8 0.282213 2.20887
54.9 0.0845514 2.22795
55 -0.13384 2.22559
55.1 -0.372432 2.19966
55.2 -0.627632 2.14822
55.3 -0.891503 2.06994
55.4 -1.15145 1.96454
55.5 -1.39196 1.8332
55.6 -1.59849 1.67871
55.7 -1.76163 1.50511
55.8 -1.87909 1.31706
55.9 -1.95458 1.11912
56 -1.99505 0.915257
56.1 -2.00811 0.708702
56.2 -2.00046 0.50192
56.3 -1.97738 0.296762
56.4 -1.94273 0.0946068
56.5 -1.8992 -0.103499
56.6 -1.84859 -0.296739
56.7 -1.79205 -0.484449
56.8 -1.73027 -0.666055
56.9 -1.66359 -0.841037
57 -1.59211 -1.0089
57.1 -1.51569 -1.16914
57.2 -1.43404 -1.32123
57.3 -1.34668 -1.46462
57.4 -1.25298 -1.59868
57.5 -1.1521 -1.72272
57.6 -1.04301 -1.83595
57.7 -0.924432 -1.93745
57.8 -0.794843 -2.02617
57.9 -0.652437 -2.10089
58 -0.495165 -2.16018
58.1 -0.320836 -2.2024
58.2 -0.127373 -2.22568
58.3 0.0866713 -2.22795
58.4 0.321233 -2.2071
58.5 0.573472 -2.16111
58.6 0.836431 -2.08848
58.7 1.09842 -1.98868
58.8 1.34428 -1.86256
58.9 1.55888 -1.71258
59 1.73147 -1.54259
59.1 1.85829 -1.35716
59.2 1.94201 -1.16092
59.3 1.98913 -0.957999
59.4 2.0073 -0.751779
59.5 2.00348 -0.544874
59.6 1.98325 -0.33925
59.7 1.95075 -0.136375
59.8 1.90889 0.0626472
59.9 1.85964 0.256959
60 1.80426 0.445869
60.1 1.74353 0.628789
60.2 1.67786 0.805192
60.3 1.60738 0.974576
60.4 1.53201 1.13644
60.5 1.45148 1.29028
60.6 1.36536 1.43553
60.7 1.27304 1.57158
60.8 1.17373 1.69777
60.9 1.06645 1.81332
61 0.949962 1.91734
61.1 0.822804 2.00882
61.2 0.683227 2.08656
61.3 0.529228 2.14919
61.4 0.358629 2.19511
61.5 0.169299 2.22249
61.6 -0.0404012 2.22932
61.7 -0.270813 2.21345
61.8 -0.519793 2.17283
61.9 -0.781331 2.10583
62 -1.0447 2.01167
62.1 -1.29523 1.89087
62.2 -1.51742 1.74559
62.3 -1.69931 1.5794
62.4 -1.83562 1.39679
62.5 -1.92785 1.20244
62.6 -1.98196 1.0006
62.7 -2.00554 0.794829
62.8 -2.00579 0.587884
62.9 -1.98859 0.381859
63 -1.95836 0.178311
63.1 -1.91827 -0.0215908
63.2 -1.87043 -0.216944
63.3 -1.81625 -0.40703
63.4 -1.75659 -0.591241
63.5 -1.69193 -0.769042
63.6 -1.62245 -0.939927
63.7 -1.54811 -1.1034
63.8 -1.46868 -1.25895
63.9 -1.38377 -1.40603
64 -1.2928 -1.54406
64.1 -1.19502 -1.67236
64.2 -1.08949 -1.79019
64.3 -0.975031 -1.89669
64.4 -0.850229 -1.99087
64.5 -0.713393 -2.07158
64.6 -0.562571 -2.13748
64.7 -0.395609 -2.18702
64.8 -0.210338 -2.21842
64.9 -0.00496336 -2.22969
65 0.221212 -2.21872
65.1 0.466675 -2.18342
65.2 0.726324 -2.12201
65.3 0.990419 -2.0335
65.4 1.24493 -1.91812
65.5 1.47419 -1.77768
65.6 1.66515 -1.61549
65.7 1.81102 -1.43591
65.8 1.91204 -1.24363
65.9 1.97347 -1.04304
66 2.00278 -0.83783
66.1 2.00735 -0.630937
66.2 1.99336 -0.424577
66.3 1.96556 -0.220405
66.4 1.92731 -0.0196631
66.5 1.88094 0.176701
66.6 1.828 0.367936
66.7 1.76943 0.553416
66.8 1.70578 0.732593
66.9 1.6373 0.904958
67 1.56399 1.07002
67.1 1.48565 1.22726
67.2 1.40192 1.37615
67.3 1.31227 1.51611
67.4 1.21598 1.64649
67.5 1.11215 1.76657
67.6 0.999653 1.8755
67.7 0.877133 1.97234
67.8 0.742954 2.05596
67.9 0.595215 2.12506
68 0.431795 2.17814
68.1 0.250502 2.21347
68.2 0.0494195 2.22911
68.3 -0.172458 2.22295
68.4 -0.414188 2.19286
68.5 -0.671526 2.137
68.6 -0.935732 2.05416
68.7 -1.19354 1.94428
68.8 -1.42928 1.80883
68.9 -1.629 1.65083
69 -1.78446 1.47449
69.1 -1.8945 1.28447
69.2 -1.96359 1.08527
69.3 -1.99895 0.880761
69.4 -2.00811 0.674014
69.5 -1.99755 0.46739
69.6 -1.9723 0.262649
69.7 -1.936 0.0611073
69.8 -1.89118 -0.136235
69.9 -1.8395 -0.328592
70 -1.78205 -0.515317
70.1 -1.71943 -0.695848
70.2 -1.65195 -0.869672
70.3 -1.57965 -1.03629
70.4 -1.50238 -1.1952
70.5 -1.41981 -1.34588
70.6 -1.33145 -1.48775
70.7 -1.2366 -1.62018
70.8 -1.13443 -1.74247
70.9 -1.02384 -1.8538
71 -0.903533 -1.95324
71.1 -0.771929 -2.0397
71.2 -0.627181 -2.11194
71.3 -0.467206 -2.1685
71.4 -0.289807 -2.20768
71.5 -0.0929685 -2.22758
71.6 0.124576 -2.22613
71.7 0.362393 -2.20119
71.8 0.617042 -2.15083
71.9 0.880777 -2.07365
72 1.14118 -1.96933
72.1 1.38278 -1.839
72.2 1.59092 -1.68538
72.3 1.75591 -1.51247
72.4 1.87518 -1.32491
72.5 1.95225 -1.12728
72.6 1.99399 -0.923597
72.7 2.00802 -0.717099
72.8 2.0011 -0.510287
72.9 1.97857 -0.305033
73 1.94433 -0.102734
73.1 1.90111 0.095553
73.2 1.85076 0.289004
73.3 1.79445 0.47695
73.4 1.73287 0.658814
73.5 1.66639 0.834075
73.6 1.5951 1.00223
73.7 1.51889 1.16279
73.8 1.43746 1.31523
73.9 1.35034 1.45898
74 1.25691 1.59343
74.1 1.15635 1.71789
74.2 1.04761 1.83157
74.3 0.929445 1.93357
74.4 0.800335 2.02284
74.5 0.658488 2.09815
74.6 0.501862 2.1581
74.7 0.328267 2.20104
74.8 0.135615 2.22513
74.9 -0.0775821 2.2283
75 -0.311343 2.20842
75.1 -0.562969 2.16348
75.2 -0.82569 2.09196
75.3 -1.088 1.99325
75.4 -1.33482 1.86816
75.5 -1.55094 1.71909
75.6 -1.72536 1.54982
75.7 -1.85402 1.36492
75.8 -1.93937 1.16903
75.9 -1.98784 0.966315
76 -2.00703 0.760172
76.1 -2.00398 0.553253
76.2 -1.98433 0.347546
76.3 -1.95227 0.144536
76.4 -1.91074 -0.0546608
76.5 -1.86176 -0.249178
76.6 -1.80662 -0.438319
76.7 -1.7461 -0.621493
76.8 -1.68062 -0.798169
76.9 -1.61033 -0.967848
77 -1.53517 -1.13003
77.1 -1.45485 -1.2842
77.2 -1.36897 -1.42981
77.3 -1.27692 -1.56625
77.4 -1.17791 -1.69285
77.5 -1.07097 -1.80885
77.6 -0.954884 -1.91336
77.7 -0.828191 -2.00537
77.8 -0.689155 -2.08369
77.9 -0.535782 -2.14697
78 -0.3659 -2.1936
78.1 -0.177367 -2.22177
78.2 0.031488 -2.22947
78.3 0.26108 -2.21456
78.4 0.509393 -2.17499
78.5 0.770598 -2.10908
78.6 1.03416 -2.01601
78.7 1.28552 -1.89627
78.8 1.50913 -1.75192
78.9 1.69281 -1.58649
79 1.83098 -1.40446
79.1 1.9249 -1.21049
79.2 1.98041 -1.00889
79.3 2.00509 -0.803214
79.4 2.00615 -0.596273
79.5 1.98956 -0.390177
79.6 1.9598 -0.186503
79.7 1.92005 0.0135653
79.8 1.8725 0.209118
79.9 1.81856 0.39943
80 1.75911 0.58389
80.1 1.69464 0.761961
80.2 1.62536 0.933137
80.3 1.55122 1.09692
80.4 1.47201 1.2528
80.5 1.38733 1.40024
80.6 1.29662 1.53864
80.7 1.19913 1.66735
80.8 1.09394 1.78562
80.9 0.979865 1.8926
81 0.855513 1.9873
81.1 0.719202 2.06858
81.2 0.568988 2.13511
81.3 0.402724 2.18535
81.4 0.218234 2.21752
81.5 0.0136996 2.22966
81.6 -0.211642 2.21963
81.7 -0.456393 2.18535
81.8 -0.715624 2.12502
81.9 -0.979787 2.03762
82 -1.235 1.92331
82.1 -1.46556 1.78383
82.2 -1.65826 1.62244
82.3 -1.806 1.44347
82.4 -1.90875 1.25162
82.5 -1.97166 1.05129
82.6 -2.00212 0.846204
82.7 -2.00756 0.639332
82.8 -1.99423 0.432914
82.9 -1.96691 0.228628
83 -1.92903 0.0277263
83.1 -1.88296 -0.168831
83.2 -1.83026 -0.360287
83.3 -1.7719 -0.546011
83.4 -1.70846 -0.725454
83.5 -1.64017 -0.898105
83.6 -1.56706 -1.06347
83.7 -1.48893 -1.22104
83.8 -1.40543 -1.37028
83.9 -1.31603 -1.51062
84 -1.22002 -1.6414
84.1 -1.11652 -1.76191
84.2 -1.0044 -1.87131
84.3 -0.882318 -1.96866
84.4 -0.748647 -2.05284
84.5 -0.601499 -2.12256
84.6 -0.438757 -2.17632
84.7 -0.25823 -2.21241
84.8 -0.0579787 -2.22889
84.9 0.163057 -2.22365
85 0.404037 -2.19458
85.1 0.660879 -2.13979
85.2 0.925038 -2.05805
85.3 1.1834 -1.94925
85.4 1.42033 -1.81479
85.5 1.62173 -1.65763
85.6 1.77905 -1.48194
85.7 1.89088 -1.29238
85.8 1.9615 -1.09348
85.9 1.99808 -0.889118
86 2.00816 -0.682412
86.1 1.99829 -0.475745
86.2 1.97356 -0.2709
86.3 1.93765 -0.0692067
86.4 1.89314 0.128323
86.5 1.84172 0.320895
86.6 1.78448 0.50786
86.7 1.72207 0.688653
86.8 1.65478 0.862758
86.9 1.58268 1.02968
87 1.50562 1.18891
87.1 1.42327 1.33994
87.2 1.33515 1.48217
87.3 1.24059 1.615
87.4 1.13873 1.73772
87.5 1.02851 1.84951
87.6 0.908622 1.94945
87.7 0.77751 2.03646
87.8 0.633334 2.10931
87.9 0.474019 2.16653
88 0.297369 2.20645
88.1 0.101351 2.22717
88.2 -0.115346 2.22663
88.3 -0.352383 2.20269
88.4 -0.606468 2.15338
88.5 -0.870047 2.07731
88.6 -1.13087 1.97408
88.7 -1.37355 1.84476
88.8 -1.58327 1.69202
88.9 -1.75011 1.5198
89 -1.8712 1.33275
89.1 -1.94986 1.13544
89.2 -1.99289 0.931934
89.3 -2.0079 0.725496
89.4 -2.00172 0.518656
89.5 -1.97973 0.313309
89.6 -1.9459 0.110868
89.7 -1.90301 -0.087599
89.8 -1.85293 -0.28126
89.9 -1.79684 -0.469441
90 -1.73546 -0.651562
90.1 -1.66918 -0.8271
90.2 -1.59809 -0.995558
90.3 -1.52208 -1.15643
90.4 -1.44087 -1.30921
90.5 -1.354 -1.45333
90.6 -1.26084 -1.58817
90.7 -1.16058 -1.71305
90.8 -1.05219 -1.82718
90.9 -0.93444 -1.92967
91 -0.805807 -2.01948
91.1 -0.664515 -2.09539
91.2 -0.50853 -2.15599
91.3 -0.335667 -2.19966
91.4 -0.143823 -2.22454
91.5 0.068527 -2.2286
91.6 0.301483 -2.2097
91.7 0.552485 -2.16582
91.8 0.814949 -2.09539
91.9 1.07755 -1.99777
92 1.32531 -1.87372
92.1 1.54293 -1.72556
92.2 1.71917 -1.55702
92.3 1.84968 -1.37267
92.4 1.93668 -1.17714
92.5 1.98649 -0.974625
92.6 2.00673 -0.768565
92.7 2.00446 -0.561634
92.8 1.98539 -0.355846
92.9 1.95377 -0.152703
93 1.91258 0.0466666
93.1 1.86388 0.241388
93.2 1.80896 0.430759
93.3 1.74865 0.614186
93.4 1.68337 0.791136
93.5 1.61328 0.961108
93.6 1.53831 1.1236
93.7 1.45822 1.27811
93.8 1.37257 1.42408
93.9 1.28078 1.5609
94 1.18207 1.68792
94.1 1.07548 1.80436
94.2 0.959789 1.90935
94.3 0.833558 2.00189
94.4 0.695059 2.0808
94.5 0.54231 2.14471
94.6 0.37314 2.19205
94.7 0.185401 2.22101
94.8 -0.0226093 2.22958
94.9 -0.251379 2.21563
95 -0.499016 2.17709
95.1 -0.759871 2.11228
95.2 -1.0236 2.02032
95.3 -1.27576 1.90162
95.4 -1.50077 1.75821
95.5 -1.68623 1.59355
95.6 -1.82626 1.4121
95.7 -1.92189 1.21854
95.8 -1.97881 1.01717
95.9 -2.00459 0.811598
96 -2.00649 0.604663
96.1 -1.99052 0.398499
96.2 -1.96122 0.194701
96.3 -1.92183 -0.00553237
96.4 -1.87456 -0.201284
96.5 -1.82086 -0.39182
96.6 -1.76162 -0.576529
96.7 -1.69735 -0.754869
96.8 -1.62826 -0.926334
96.9 -1.55433 -1.09043
97 -1.47533 -1.24664
97.1 -1.39088 -1.39443
97.2 -1.30042 -1.53321
97.3 -1.20323 -1.66233
97.4 -1.09837 -1.78104
97.5 -0.984681 -1.88849
97.6 -0.860777 -1.98371
97.7 -0.724988 -2.06556
97.8 -0.575378 -2.13272
97.9 -0.409808 -2.18365
98 -0.226098 -2.21659
98.1 -0.0224013 -2.22958
98.2 0.202105 -2.22049
98.3 0.446136 -2.18723
98.4 0.704932 -2.12799
98.5 0.969142 -2.04169
98.6 1.22502 -1.92845
98.7 1.45687 -1.78994
98.8 1.65129 -1.62936
98.9 1.8009 -1.45102
99 1.90541 -1.2596
99.1 1.96979 -1.05953
99.2 2.00142 -0.854575
99.3 2.00774 -0.647727
99.4 1.99507 -0.441255
99.5 1.96824 -0.236855
99.6 1.93074 -0.0357966
99.7 1.88497 0.160953
99.8 1.83251 0.352628
99.9 1.77437 0.538596
100 1.71113 0.718304
100.1 1.64304 0.891241
100.2 1.57012 1.05691
100.3 1.4922 1.21481
100.4 1.40893 1.3644
100.5 1.31978 1.5051
100.6 1.22406 1.63629
100.7 1.12087 1.75723
100.8 1.00913 1.8671
100.9 0.887483 1.96496
101 0.754318 2.04969
101.1 0.607756 2.12003
101.2 0.44569 2.17447
101.3 0.265925 2.21131
101.4 0.0665034 2.22862
101.5 -0.153688 2.22431
101.6 -0.393912 2.19624
101.7 -0.650244 2.14253
101.8 -0.914334 2.0619
101.9 -1.17323 1.95418
102 -1.41133 1.82071
102.1 -1.61439 1.6644
102.2 -1.77357 1.48936
102.3 -1.88718 1.30028
102.4 -1.95935 1.10168
102.5 -1.99716 0.897472
102.6 -2.00818 0.69081
102.7 -1.99901 0.484103
102.8 -1.9748 0.279155
102.9 -1.93929 0.077313
103 -1.89508 -0.120402
103.1 -1.84392 -0.313189
103.2 -1.78691 -0.500392
103.3 -1.72469 -0.681446
103.4 -1.6576 -0.855833
103.5 -1.5857 -1.02305
103.6 -1.50884 -1.18261
103.7 -1.42672 -1.33398
103.8 -1.33885 -1.47658
103.9 -1.24456 -1.60981
104 -1.14301 -1.73294
104.1 -1.03316 -1.84519
104.2 -0.913692 -1.94564
104.3 -0.783069 -2.0332
104.4 -0.639462 -2.10665
104.5 -0.480804 -2.16453
104.6 -0.304899 -2.20519
104.7 -0.1097 -2.22673
104.8 0.10615 -2.2271
104.9 0.342402 -2.20414
105 0.59591 -2.1559
105.1 0.859312 -2.08093
105.2 1.12054 -1.97879
105.3 1.36426 -1.85049
105.4 1.57556 -1.69862
105.5 1.74424 -1.52711
105.6 1.86716 -1.34056
105.7 1.94742 -1.14359
105.8 1.99174 -0.940265
105.9 2.00775 -0.733892
106 2.00231 -0.527028
106.1 1.98087 -0.321591
106.2 1.94747 -0.119009
106.3 1.9049 0.079637
106.4 1.85508 0.273507
106.5 1.79922 0.461922
106.6 1.73805 0.644299
106.7 1.67196 0.820114
106.8 1.60106 0.988869
106.9 1.52526 1.15006
107 1.44427 1.30318
107.1 1.35764 1.44766
107.2 1.26475 1.58289
107.3 1.16479 1.70819
107.4 1.05676 1.82277
107.5 0.939417 1.92576
107.6 0.811259 2.0161
107.7 0.670517 2.09259
107.8 0.515171 2.15385
107.9 0.343035 2.19824
108 0.151997 2.22392
108.1 -0.0595062 2.22887
108.2 -0.291654 2.21094
108.3 -0.542021 2.1681
108.4 -0.804208 2.09877
108.5 -1.06708 2.00226
108.6 -1.31576 1.87924
108.7 -1.53485 1.73199
108.8 -1.71291 1.5642
108.9 -1.84527 1.38039
109 -1.93393 1.18523
109.1 -1.9851 0.982929
109.2 -2.00639 0.776956
109.3 -2.00492 0.570017
109.4 -1.98643 0.364151
109.5 -1.95525 0.160876
109.6 -1.91441 -0.0386648
109.7 -1.86598 -0.233589
109.8 -1.8113 -0.42319
109.9 -1.75119 -0.606868
110 -1.68611 -0.78409
110.1 -1.61622 -0.954355
110.2 -1.54145 -1.11716
110.3 -1.46157 -1.272
110.4 -1.37616 -1.41833
110.5 -1.28463 -1.55554
110.6 -1.18622 -1.68297
110.7 -1.07997 -1.79985
110.8 -0.964676 -1.90533
110.9 -0.838904 -1.99839
111 -0.70094 -2.07788
111.1 -0.54881 -2.14243
111.2 -0.38035 -2.19048
111.3 -0.193402 -2.22022
111.4 0.013765 -2.22966
111.5 0.241709 -2.21666
111.6 0.488661 -2.17916
111.7 0.749148 -2.11543
111.8 1.01302 -2.02457
111.9 1.26596 -1.90694
112 1.49235 -1.76447
112.1 1.67957 -1.60059
112.2 1.82147 -1.41973
112.3 1.91881 -1.22657
112.4 1.97716 -1.02544
112.5 2.00406 -0.81998
112.6 2.00679 -0.613054
112.7 1.99145 -0.406825
112.8 1.96262 -0.202906
112.9 1.92359 -0.00250799
113 1.87661 0.19344
113.1 1.82315 0.384201
113.2 1.76412 0.569157
113.3 1.70005 0.747765
113.4 1.63116 0.919519
113.5 1.55742 1.08392
113.6 1.47863 1.24046
113.7 1.39442 1.38861
113.8 1.30422 1.52777
113.9 1.20732 1.65729
114 1.10278 1.77644
114.1 0.989481 1.88437
114.2 0.866022 1.9801
114.3 0.730751 2.06252
114.4 0.581743 2.1303
114.5 0.416863 2.18192
114.6 0.233928 2.21563
114.7 0.0310684 2.22947
114.8 -0.1926 2.22132
114.9 -0.435904 2.18908
115 -0.69425 2.13092
115.1 -0.958482 2.04572
115.2 -1.215 1.93356
115.3 -1.44812 1.79601
115.4 -1.64425 1.63625
115.5 -1.79573 1.45854
115.6 -1.90199 1.26756
115.7 -1.96787 1.06776
115.8 -2.00068 0.862943
115.9 -2.00789 0.656124
116 -1.99589 0.4496
116.1 -1.96955 0.245089
116.2 -1.93243 0.0438741
116.3 -1.88696 -0.153066
116.4 -1.83475 -0.34496
116.5 -1.77683 -0.531171
116.6 -1.71379 -0.711143
116.7 -1.64589 -0.884364
116.8 -1.57317 -1.05034
116.9 -1.49546 -1.20856
117 -1.41241 -1.3585
117.1 -1.32352 -1.49958
117.2 -1.22808 -1.63116
117.3 -1.12522 -1.75253
117.4 -1.01385 -1.86287
117.5 -0.89263 -1.96124
117.6 -0.759967 -2.04653
117.7 -0.613988 -2.11747
117.8 -0.452593 -2.17259
117.9 -0.273588 -2.21019
118 -0.0749938 -2.22833
118.1 0.144353 -2.22493
118.2 0.383815 -2.19787
118.3 0.639623 -2.14523
118.4 0.903622 -2.0657
118.5 1.16303 -1.95907
118.6 1.40228 -1.82659
118.7 1.60697 -1.67113
118.8 1.76801 -1.49677
118.9 1.88342 -1.30817
119 1.95714 -1.10987
119.1 1.99619 -0.905822
119.2 2.00817 -0.699207
119.3 1.99971 -0.492464
119.4 1.97602 -0.287416
119.5 1.94091 -0.0854261
119.6 1.89702 0.112473
119.7 1.84612 0.305473
119.8 1.78932 0.492915
119.9 1.72731 0.674228
120 1.66042 0.848895
120.1 1.58871 1.01642
120.2 1.51206 1.17629
120.3 1.43016 1.328
120.4 1.34253 1.47098
120.5 1.24852 1.60459
120.6 1.14729 1.72816
120.7 1.03779 1.84086
120.8 0.918743 1.9418
120.9 0.788607 2.02992
121 0.645566 2.10396
121.1 0.48756 2.16251
121.2 0.312397 2.2039
121.3 0.118014 2.22626
121.4 -0.0969886 2.22752
121.5 -0.332449 2.20555
121.6 -0.585368 2.15837
121.7 -0.848574 2.0845
121.8 -1.11017 1.98345
121.9 -1.35491 1.85617
122 -1.56777 1.70519
122.1 -1.73829 1.53439
122.2 -1.86304 1.34836
122.3 -1.94491 1.15173
122.4 -1.99054 0.948592
122.5 -2.00756 0.742288
122.6 -2.00287 0.535403
122.7 -1.982 0.329877
122.8 -1.94902 0.127156
122.9 -1.90678 -0.0716672
123 -1.85723 -0.265745
123.1 -1.80159 -0.454393
123.2 -1.74063 -0.637025
123.3 -1.67474 -0.813117
123.4 -1.60403 -0.982167
123.5 -1.52843 -1.14368
123.6 -1.44766 -1.29713
123.7 -1.36127 -1.44197
123.8 -1.26865 -1.57759
123.9 -1.169 -1.70331
124 -1.06132 -1.81835
124.1 -0.944377 -1.92182
124.2 -0.816689 -2.01269
124.3 -0.676496 -2.08978
124.4 -0.521784 -2.15168
124.5 -0.350372 -2.19679
124.6 -0.160136 -2.22327
124.7 0.0505198 -2.2291
124.8 0.281855 -2.21214
124.9 0.531576 -2.17035
125 0.793469 -2.10211
125.1 1.05659 -2.0067
125.2 1.30615 -1.88472
125.3 1.52671 -1.73839
125.4 1.70657 -1.57135
125.5 1.84078 -1.3881
125.6 1.93111 -1.19331
125.7 1.98365 -0.991227
125.8 2.00602 -0.785345
125.9 2.00534 -0.578402
126 1.98746 -0.37246
126.1 1.95672 -0.169055
126.2 1.91623 0.0306553
126.3 1.86807 0.225782
126.4 1.81363 0.41561
126.5 1.75373 0.599539
126.6 1.68885 0.777034
126.7 1.61915 0.94759
126.8 1.54458 1.11071
126.9 1.46491 1.26589
127 1.37974 1.41257
127.1 1.28847 1.55016
127.2 1.19036 1.678
127.3 1.08445 1.79533
127.4 0.969546 1.90129
127.5 0.844231 1.99488
127.6 0.706798 2.07494
127.7 0.555284 2.14012
127.8 0.387529 2.18887
127.9 0.20137 2.21939
128 -0.00495528 2.22969
128.1 -0.23207 2.21765
128.2 -0.478328 2.18118
128.3 -0.738432 2.11855
128.4 -1.00242 2.02879
128.5 -1.25612 1.91221
128.6 -1.48386 1.77069
128.7 -1.67284 1.6076
128.8 -1.81661 1.42734
128.9 -1.91567 1.23458
129 -1.97546 1.0337
129.1 -2.00348 0.828359
129.2 -2.00707 0.621447
129.3 -1.99236 0.415154
129.4 -1.96401 0.211116
129.5 -1.92534 0.0105557
129.6 -1.87865 -0.185589
129.7 -1.82543 -0.376572
129.8 -1.76662 -0.561775
129.9 -1.70275 -0.74065
130 -1.63405 -0.912691
130.1 -1.56051 -1.0774
130.2 -1.48193 -1.23427
130.3 -1.39794 -1.38277
130.4 -1.308 -1.5223
130.5 -1.21139 -1.65223
130.6 -1.10719 -1.77182
130.7 -0.994265 -1.88022
130.8 -0.871248 -1.97647
130.9 -0.736491 -2.05945
131 -0.588081 -2.12786
131.1 -0.423888 -2.18016
131.2 -0.241726 -2.21464
131.3 -0.0397011 -2.22932
131.4 0.183128 -2.22211
131.5 0.425697 -2.19088
131.6 0.683578 -2.1338
131.7 0.947811 -2.04971
131.8 1.20495 -1.93861
131.9 1.43931 -1.80205
132 1.63714 -1.64311
132.1 1.79048 -1.46603
132.2 1.89851 -1.2755
132.3 1.96589 -1.07599
132.4 1.99989 -0.871308
132.5 2.00801 -0.66452
132.6 1.99668 -0.457948
132.7 1.97085 -0.253328
132.8 1.93411 -0.0519586
132.9 1.88895 0.145171
133 1.83699 0.337283
133.1 1.77929 0.523736
133.2 1.71644 0.703971
133.3 1.64874 0.877475
133.4 1.57622 1.04375
133.5 1.49872 1.2023
133.6 1.41589 1.35258
133.7 1.32724 1.49403
133.8 1.23209 1.62602
133.9 1.12955 1.74782
134 1.01855 1.85862
134.1 0.897758 1.95749
134.2 0.765594 2.04334
134.3 0.620194 2.11489
134.4 0.459468 2.17069
134.5 0.281219 2.20903
134.6 0.0834497 2.228
134.7 -0.135052 2.22552
134.8 -0.373745 2.19945
134.9 -0.629016 2.14788
135 -0.892903 2.06946
135.1 -1.15279 1.96391
135.2 -1.39316 1.83244
135.3 -1.59948 1.67784
135.4 -1.76237 1.50415
135.5 -1.87959 1.31604
135.6 -1.95488 1.11805
135.7 -1.99519 0.914167
135.8 -2.00812 0.707605
135.9 -2.00037 0.500828
136 -1.97723 0.295682
136.1 -1.94252 0.0935459
136.2 -1.89895 -0.104536
136.3 -1.8483 -0.297749
136.4 -1.79173 -0.485427
136.5 -1.72993 -0.666999
136.6 -1.66322 -0.841946
136.7 -1.59171 -1.00977
136.8 -1.51527 -1.16997
136.9 -1.43359 -1.32202
137 -1.3462 -1.46536
137.1 -1.25247 -1.59937
137.2 -1.15155 -1.72335
137.3 -1.04241 -1.83652
137.4 -0.923776 -1.93795
137.5 -0.794124 -2.02661
137.6 -0.651645 -2.10125
137.7 -0.494289 -2.16045
137.8 -0.319864 -2.20258
137.9 -0.126294 -2.22575
138 0.0878608 -2.22791
138.1 0.322526 -2.20692
138.2 0.574845 -2.16079
138.3 0.837834 -2.08802
138.4 1.09978 -1.98807
138.5 1.34551 -1.86182
138.6 1.55991 -1.71173
138.7 1.73227 -1.54164
138.8 1.85885 -1.35614
138.9 1.94235 -1.15986
139 1.9893 -0.956913
139.1 2.00733 -0.750683
139.2 2.00341 -0.54378
139.3 1.9831 -0.338167
139.4 1.95055 -0.13531
139.5 1.90865 0.0636896
139.6 1.85936 0.257974
139.7 1.80395 0.446854
139.8 1.7432 0.629741
139.9 1.6775 0.806108
140 1.607 0.975453
140.1 1.5316 1.13728
140.2 1.45104 1.29107
140.3 1.36489 1.43627
140.4 1.27254 1.57228
140.5 1.17319 1.69841
140.6 1.06586 1.8139
140.7 0.949318 1.91786
140.8 0.822099 2.00927
140.9 0.682451 2.08694
141 0.52837 2.14948
141.1 0.357677 2.19531
141.2 0.168243 2.22259
141.3 -0.0415677 2.22929
141.4 -0.272087 2.2133
141.5 -0.521153 2.17255
141.6 -0.782733 2.10541
141.7 -1.04607 2.0111
141.8 -1.29649 1.89017
141.9 -1.51849 1.74476
142 -1.70015 1.57847
142.1 -1.83622 1.39579
142.2 -1.92823 1.20138
142.3 -1.98216 0.99952
142.4 -2.0056 0.793733
142.5 -2.00574 0.586789
142.6 -1.98846 0.380773
142.7 -1.95818 0.177241
142.8 -1.91803 -0.0226383
142.9 -1.87016 -0.217966
143 -1.81594 -0.408021
143.1 -1.75626 -0.5922
143.2 -1.69157 -0.769966
143.3 -1.62207 -0.940813
143.4 -1.5477 -1.10425
143.5 -1.46825 -1.25975
143.6 -1.38331 -1.40679
143.7 -1.2923 -1.54476
143.8 -1.19449 -1.67301
143.9 -1.08891 -1.79078
144 -0.974399 -1.89722
144.1 -0.849537 -1.99133
144.2 -0.712633 -2.07197
144.3 -0.561731 -2.13779
144.4 -0.394678 -2.18723
144.5 -0.209304 -2.21853
144.6 -0.00381996 -2.2297
144.7 0.222464 -2.2186
144.8 0.46802 -2.18316
144.9 0.727722 -2.12161
145 0.991806 -2.03296
145.1 1.24623 -1.91744
145.2 1.47531 -1.77688
145.3 1.66604 -1.61458
145.4 1.81167 -1.43492
145.5 1.91246 -1.24259
145.6 1.97371 -1.04196
145.7 2.00287 -0.836736
145.8 2.00732 -0.629841
145.9 1.99325 -0.423488
146 1.96538 -0.219332
146.1 1.92708 -0.0186107
146.2 1.88068 0.177728
146.3 1.8277 0.368934
146.4 1.7691 0.554382
146.5 1.70543 0.733524
146.6 1.63693 0.905852
146.7 1.56359 1.07087
146.8 1.48522 1.22807
146.9 1.40146 1.37692
147 1.31178 1.51683
147.1 1.21545 1.64716
147.2 1.11157 1.76718
147.3 0.999031 1.87605
147.4 0.876455 1.97282
147.5 0.742209 2.05636
147.6 0.594393 2.12538
147.7 0.430884 2.17838
147.8 0.249491 2.21361
147.9 0.0482993 2.22914
148 -0.173689 2.22285
148.1 -0.415516 2.19264
148.2 -0.672917 2.13664
148.3 -0.937128 2.05365
148.4 -1.19486 1.94363
148.5 -1.43044 1.80805
148.6 -1.62995 1.64994
148.7 -1.78516 1.47351
148.8 -1.89497 1.28344
148.9 -1.96386 1.0842
149 -1.99906 0.879669
149.1 -2.0081 0.672918
149.2 -1.99745 0.466299
149.3 -1.97213 0.261572
149.4 -1.93578 0.0600502
149.5 -1.89092 -0.137268
149.6 -1.83921 -0.329597
149.7 -1.78173 -0.51629
149.8 -1.71909 -0.696787
149.9 -1.65158 -0.870574
150 -1.57926 -1.03715
150.1 -1.50196 -1.19602
150.2 -1.41936 -1.34666
150.3 -1.33096 -1.48848
150.4 -1.23608 -1.62086
150.5 -1.13386 -1.74309
150.6 -1.02323 -1.85436
150.7 -0.902868 -1.95373
150.8 -0.771199 -2.04013
150.9 -0.626376 -2.11229
151 -0.466314 -2.16875
151.1 -0.288817 -2.20783
151.2 -0.0918713 -2.22763
151.3 0.125784 -2.22606
151.4 0.363703 -2.201
151.5 0.618424 -2.15049
151.6 0.882178 -2.07317
151.7 1.14252 -1.96871
151.8 1.38399 -1.83825
151.9 1.59191 -1.68451
152 1.75666 -1.51151
152.1 1.8757 -1.32389
152.2 1.95256 -1.12622
152.3 1.99413 -0.922508
152.4 2.00804 -0.716003
152.5 2.00102 -0.509194
152.6 1.97841 -0.303953
152.7 1.94412 -0.101672
152.8 1.90086 0.0965911
152.9 1.85048 0.290015
153 1.79413 0.47793
153.1 1.73253 0.65976
153.2 1.66602 0.834985
153.3 1.59471 1.00311
153.4 1.51847 1.16362
153.5 1.43701 1.31601
153.6 1.34987 1.45972
153.7 1.2564 1.59412
153.8 1.15579 1.71852
153.9 1.04701 1.83215
154 0.928792 1.93408
154.1 0.799619 2.02327
154.2 0.657699 2.09851
154.3 0.500989 2.15837
154.4 0.327299 2.20122
154.5 0.134541 2.2252
154.6 -0.0787671 2.22826
154.7 -0.312633 2.20825
154.8 -0.564339 2.16318
154.9 -0.827093 2.0915
155 -1.08936 1.99265
155.1 -1.33606 1.86743
155.2 -1.55198 1.71824
155.3 -1.72616 1.54888
155.4 -1.85459 1.36391
155.5 -1.93972 1.16798
155.6 -1.98801 0.965229
155.7 -2.00707 0.759076
155.8 -2.00392 0.552159
155.9 -1.98419 0.346462
156 -1.95207 0.143469
156.1 -1.9105 -0.0557041
156.2 -1.86149 -0.250195
156.3 -1.80631 -0.439305
156.4 -1.74576 -0.622446
156.5 -1.68026 -0.799087
156.6 -1.60995 -0.968727
156.7 -1.53475 -1.13087
156.8 -1.45441 -1.28499
156.9 -1.3685 -1.43056
157 -1.27641 -1.56695
157.1 -1.17737 -1.6935
157.2 -1.07038 -1.80943
157.3 -0.954242 -1.91388
157.4 -0.827489 -2.00582
157.5 -0.688382 -2.08407
157.6 -0.534928 -2.14726
157.7 -0.364952 -2.1938
157.8 -0.176315 -2.22186
157.9 0.03265 -2.22945
158 0.26235 -2.21442
158.1 0.51075 -2.17471
158.2 0.772 -2.10866
158.3 1.03553 -2.01545
158.4 1.28679 -1.89557
158.5 1.51021 -1.75109
158.6 1.69366 -1.58556
158.7 1.83159 -1.40346
158.8 1.92529 -1.20944
158.9 1.98062 -1.00781
159 2.00515 -0.802119
159.1 2.00611 -0.595177
159.2 1.98944 -0.389091
159.3 1.95961 -0.185433
159.4 1.91982 0.0146138
159.5 1.87223 0.210141
159.6 1.81825 0.400423
159.7 1.75878 0.584851
159.8 1.69429 0.762886
159.9 1.62498 0.934024
160 1.55082 1.09777
160.1 1.47158 1.25361
160.2 1.38687 1.401
160.3 1.29612 1.53935
160.4 1.1986 1.66801
160.5 1.09336 1.78622
160.6 0.979234 1.89314
160.7 0.854824 1.98777
160.8 0.718444 2.06898
160.9 0.568151 2.13542
161 0.401796 2.18557
161.1 0.217205 2.21764
161.2 0.0125607 2.22966
161.3 -0.21289 2.21951
161.4 -0.457735 2.1851
161.5 -0.717021 2.12463
161.6 -0.981176 2.03708
161.7 -1.2363 1.92263
161.8 -1.46669 1.78303
161.9 -1.65916 1.62154
162 -1.80666 1.44249
162.1 -1.90919 1.25058
162.2 -1.9719 1.05021
162.3 -2.00221 0.84511
162.4 -2.00753 0.638235
162.5 -1.99412 0.431825
162.6 -1.96673 0.227553
162.7 -1.9288 0.0266729
162.8 -1.8827 -0.169859
162.9 -1.82996 -0.361286
163 -1.77158 -0.546979
163.1 -1.70811 -0.726387
163.2 -1.6398 -0.899001
163.3 -1.56666 -1.06432
163.4 -1.4885 -1.22185
163.5 -1.40497 -1.37105
163.6 -1.31554 -1.51133
163.7 -1.21949 -1.64207
163.8 -1.11595 -1.76252
163.9 -1.00378 -1.87186
164 -0.881642 -1.96914
164.1 -0.747905 -2.05325
164.2 -0.600679 -2.12288
164.3 -0.437849 -2.17656
164.4 -0.257223 -2.21255
164.5 -0.0568629 -2.22892
164.6 0.164283 -2.22356
164.7 0.405361 -2.19435
164.8 0.662269 -2.13943
164.9 0.926435 -2.05755
165 1.18473 -1.94861
165.1 1.42151 -1.81402
165.2 1.62269 -1.65674
165.3 1.77976 -1.48096
165.4 1.89135 -1.29135
165.5 1.96177 -1.09241
165.6 1.99819 -0.888027
165.7 2.00816 -0.681315
165.8 1.9982 -0.474654
165.9 1.97339 -0.269822
166 1.93744 -0.0681486
166.1 1.89288 0.129356
166.2 1.84143 0.321901
166.3 1.78416 0.508834
166.4 1.72172 0.689593
166.5 1.65441 0.863662
166.6 1.58228 1.03054
166.7 1.5052 1.18974
166.8 1.42282 1.34071
166.9 1.33467 1.4829
167 1.24007 1.61568
167.1 1.13817 1.73834
167.2 1.0279 1.85007
167.3 0.907958 1.94994
167.4 0.776782 2.03689
167.5 0.632532 2.10965
167.6 0.473131 2.16679
167.7 0.296383 2.20661
167.8 0.100259 2.22723
167.9 -0.11655 2.22657
168 -0.353689 2.2025
168.1 -0.607848 2.15305
168.2 -0.871448 2.07683
168.3 -1.13222 1.97346
168.4 -1.37476 1.84401
168.5 -1.58428 1.69115
168.6 -1.75088 1.51884
168.7 -1.87173 1.33172
168.8 -1.95018 1.13438
168.9 -1.99304 0.930845
169 -2.00792 0.724399
169.1 -2.00164 0.517563
169.2 -1.97958 0.312228
169.3 -1.9457 0.109806
169.4 -1.90277 -0.0886381
169.5 -1.85264 -0.282272
169.6 -1.79652 -0.470422
169.7 -1.73513 -0.652509
169.8 -1.66881 -0.828012
169.9 -1.5977 -0.99643
170 -1.52166 -1.15727
170.1 -1.44042 -1.31
170.2 -1.35352 -1.45407
170.3 -1.26033 -1.58886
170.4 -1.16002 -1.71368
170.5 -1.0516 -1.82776
170.6 -0.933789 -1.93018
170.7 -0.805094 -2.01992
170.8 -0.663729 -2.09575
170.9 -0.507661 -2.15626
171 -0.334702 -2.19984
171.1 -0.142753 -2.22462
171.2 0.0697076 -2.22857
171.3 0.302769 -2.20954
171.4 0.553853 -2.16551
171.5 0.816351 -2.09494
171.6 1.07892 -1.99719
171.7 1.32656 -1.873
171.8 1.54398 -1.72471
171.9 1.71999 -1.55608
172 1.85025 -1.37165
172.1 1.93704 -1.17608
172.2 1.98667 -0.97354
172.3 2.00677 -0.767469
172.4 2.0044 -0.56054
172.5 1.98526 -0.354762
172.6 1.95357 -0.151636
172.7 1.91234 0.047711
172.8 1.8636 0.242406
172.9 1.80866 0.431747
173 1.74832 0.61514
173.1 1.68301 0.792055
173.2 1.6129 0.961988
173.3 1.5379 1.12444
173.4 1.45778 1.27891
173.5 1.3721 1.42483
173.6 1.28028 1.5616
173.7 1.18153 1.68856
173.8 1.07489 1.80495
173.9 0.959149 1.90988
174 0.832858 2.00235
174.1 0.69429 2.08118
174.2 0.541459 2.14501
174.3 0.372197 2.19225
174.4 0.184354 2.22111
174.5 -0.0237668 2.22957
174.6 -0.252644 2.21549
174.7 -0.50037 2.17682
174.8 -0.761271 2.11186
174.9 -1.02498 2.01976
175 -1.27704 1.90093
175.1 -1.50187 1.75739
175.2 -1.68709 1.59263
175.3 -1.82688 1.4111
175.4 -1.92228 1.21749
175.5 -1.97903 1.01608
175.6 -2.00466 0.810504
175.7 -2.00644 0.603567
175.8 -1.99039 0.397412
175.9 -1.96104 0.19363
176 -1.9216 -0.0065818
176.1 -1.87429 -0.202307
176.2 -1.82056 -0.392814
176.3 -1.76129 -0.577491
176.4 -1.697 -0.755795
176.5 -1.62788 -0.927223
176.6 -1.55392 -1.09128
176.7 -1.47489 -1.24745
176.8 -1.39042 -1.39519
176.9 -1.29993 -1.53392
177 -1.2027 -1.66299
177.1 -1.09779 -1.78164
177.2 -0.984053 -1.88903
177.3 -0.860091 -1.98418
177.4 -0.724233 -2.06596
177.5 -0.574545 -2.13304
177.6 -0.408885 -2.18387
177.7 -0.225073 -2.21672
177.8 -0.0212669 -2.22959
177.9 0.203348 -2.22038
178 0.447474 -2.18699
178.1 0.706328 -2.12761
178.2 0.970533 -2.04116
178.3 1.22633 -1.92778
178.4 1.45801 -1.78914
178.5 1.6522 -1.62846
178.6 1.80157 -1.45003
178.7 1.90585 -1.25856
178.8 1.97004 -1.05845
178.9 2.00151 -0.853482
179 2.00772 -0.646631
179.1 1.99496 -0.440166
179.2 1.96807 -0.235781
179.3 1.93052 -0.0347423
179.4 1.8847 0.161982
179.5 1.83222 0.353629
179.6 1.77405 0.539565
179.7 1.71078 0.719238
179.8 1.64266 0.892138
179.9 1.56972 1.05777
180 1.49177 1.21562
180.1 1.40847 1.36517
180.2 1.31929 1.50582
180.3 1.22353 1.63696
180.4 1.12031 1.75784
180.5 1.00852 1.86765
180.6 0.88681 1.96544
180.7 0.753579 2.05011
180.8 0.60694 2.12036
180.9 0.444786 2.17472
181 0.264922 2.21146
181.1 0.0653922 2.22866
181.2 -0.15491 2.22423
181.3 -0.395233 2.19603
181.4 -0.651632 2.14217
181.5 -0.915732 2.0614
181.6 -1.17456 1.95354
181.7 -1.41251 1.81994
181.8 -1.61535 1.66352
181.9 -1.77429 1.4884
182 -1.88767 1.29925
182.1 -1.95963 1.10061
182.2 -1.99728 0.896381
182.3 -2.00818 0.689713
182.4 -1.99892 0.483011
182.5 -1.97464 0.278077
182.6 -1.93908 0.076254
182.7 -1.89483 -0.121437
182.8 -1.84363 -0.314196
182.9 -1.78659 -0.501368
183 -1.72435 -0.682388
183.1 -1.65723 -0.856738
183.2 -1.5853 -1.02392
183.3 -1.50842 -1.18344
183.4 -1.42627 -1.33476
183.5 -1.33836 -1.47731
183.6 -1.24404 -1.61049
183.7 -1.14245 -1.73357
183.8 -1.03255 -1.84576
183.9 -0.913031 -1.94613
184 -0.782344 -2.03363
184.1 -0.638663 -2.107
184.2 -0.47992 -2.16479
184.3 -0.303917 -2.20536
184.4 -0.108612 -2.22679
184.5 0.107349 -2.22704
184.6 0.343704 -2.20395
184.7 0.597287 -2.15557
184.8 0.860714 -2.08046
184.9 1.12189 -1.97818
185 1.36547 -1.84974
185.1 1.57657 -1.69776
185.2 1.74501 -1.52615
185.3 1.86769 -1.33954
185.4 1.94774 -1.14253
185.5 1.99189 -0.939177
185.6 2.00777 -0.732796
185.7 2.00223 -0.525935
185.8 1.98073 -0.320509
185.9 1.94726 -0.117945
186 1.90466 0.0806772
186.1 1.8548 0.27452
186.2 1.79891 0.462904
186.3 1.73771 0.645248
186.4 1.6716 0.821027
186.5 1.60068 0.989743
186.6 1.52484 1.1509
186.7 1.44382 1.30397
186.8 1.35716 1.4484
186.9 1.26424 1.58358
187 1.16424 1.70882
187.1 1.05617 1.82335
187.2 0.938768 1.92627
187.3 0.810548 2.01654
187.4 0.669735 2.09296
187.5 0.514305 2.15413
187.6 0.342074 2.19842
187.7 0.150931 2.22401
187.8 -0.0606823 2.22884
187.9 -0.292936 2.21078
188 -0.543386 2.16781
188.1 -0.80561 2.09833
188.2 -1.06845 2.00168
188.3 -1.31701 1.87852
188.4 -1.53591 1.73115
188.5 -1.71373 1.56326
188.6 -1.84585 1.37938
188.7 -1.93429 1.18418
188.8 -1.98528 0.981845
188.9 -2.00644 0.77586
189 -2.00486 0.568922
189.1 -1.9863 0.363066
189.2 -1.95506 0.159808
189.3 -1.91417 -0.0397102
189.4 -1.86571 -0.234608
189.5 -1.81099 -0.424179
189.6 -1.75086 -0.607824
189.7 -1.68575 -0.785011
189.8 -1.61583 -0.955238
189.9 -1.54104 -1.11801
190 -1.46113 -1.2728
190.1 -1.37569 -1.41908
190.2 -1.28413 -1.55624
190.3 -1.18568 -1.68361
190.4 -1.07938 -1.80044
190.5 -0.964039 -1.90586
190.6 -0.838207 -1.99885
190.7 -0.700174 -2.07826
190.8 -0.547963 -2.14273
190.9 -0.37941 -2.19068
191 -0.192359 -2.22032
191.1 0.014918 -2.22965
191.2 0.24297 -2.21653
191.3 0.490012 -2.17889
191.4 0.750548 -2.11503
191.5 1.0144 -2.02402
191.6 1.26724 -1.90625
191.7 1.49345 -1.76365
191.8 1.68045 -1.59967
191.9 1.8221 -1.41873
192 1.91921 -1.22552
192.1 1.97738 -1.02436
192.2 2.00413 -0.818886
192.3 2.00676 -0.611959
192.4 1.99133 -0.405737
192.5 1.96244 -0.201834
192.6 1.92336 -0.0014576
192.7 1.87634 0.194465
192.8 1.82285 0.385196
192.9 1.7638 0.57012
193 1.6997 0.748693
193.1 1.63078 0.920409
193.2 1.55702 1.08477
193.3 1.4782 1.24127
193.4 1.39395 1.38937
193.5 1.30372 1.52848
193.6 1.20678 1.65795
193.7 1.10221 1.77704
193.8 0.988855 1.88491
193.9 0.865339 1.98058
194 0.729999 2.06292
194.1 0.580913 2.13062
194.2 0.415944 2.18215
194.3 0.232908 2.21576
194.4 0.0299386 2.22949
194.5 -0.193839 2.22121
194.6 -0.437239 2.18884
194.7 -0.695644 2.13054
194.8 -0.959875 2.0452
194.9 -1.21631 1.93289
195 -1.44927 1.79522
195.1 -1.64517 1.63535
195.2 -1.79641 1.45756
195.3 -1.90244 1.26652
195.4 -1.96812 1.06669
195.5 -2.00078 0.86185
195.6 -2.00788 0.655027
195.7 -1.99578 0.44851
195.8 -1.96938 0.244013
195.9 -1.93221 0.0428189
196 -1.8867 -0.154097
196.1 -1.83446 -0.345962
196.2 -1.77651 -0.532141
196.3 -1.71344 -0.712079
196.4 -1.64552 -0.885262
196.5 -1.57278 -1.0512
196.6 -1.49504 -1.20938
196.7 -1.41196 -1.35927
196.8 -1.32303 -1.5003
196.9 -1.22755 -1.63183
197 -1.12465 -1.75315
197.1 -1.01323 -1.86343
197.2 -0.891959 -1.96172
197.3 -0.75923 -2.04694
197.4 -0.613175 -2.11781
197.5 -0.451694 -2.17284
197.6 -0.272589 -2.21034
197.7 -0.073887 -2.22837
197.8 0.14557 -2.22485
197.9 0.385132 -2.19766
198 0.641009 -2.14488
198.1 0.905022 -2.06521
198.2 1.16436 -1.95843
198.3 1.40346 -1.82583
198.4 1.60794 -1.67025
198.5 1.76874 -1.4958
198.6 1.88392 -1.30714
198.7 1.95743 -1.1088
198.8 1.99632 -0.904731
198.9 2.00817 -0.698111
199 1.99962 -0.491372
199.1 1.97586 -0.286337
199.2 1.9407 -0.0843662
199.3 1.89677 0.113509
199.4 1.84583 0.306481
199.5 1.78901 0.493892
199.6 1.72697 0.675171
199.7 1.66005 0.849802
199.8 1.58832 1.01729
199.9 1.51164 1.17712
200 1.42971 1.32878
