0 2 0
0.1 1.93365 0.198677
0.2 1.86611 0.390597
0.3 1.79671 0.575606
0.4 1.7249 0.753488
0.5 1.65016 0.923973
0.6 1.57194 1.08674
0.7 1.48966 1.2414
0.8 1.40269 1.38752
0.9 1.31025 1.52459
1 1.21147 1.652
1.1 1.10529 1.76908
1.2 0.990462 1.87501
1.3 0.86548 1.96883
1.4 0.728574 2.04945
1.5 0.577696 2.11555
1.6 0.410572 2.16561
1.7 0.224877 2.19787
1.8 0.0186221 2.21034
1.9 -0.20911 2.2009
2 -0.456997 2.16741
2.1 -0.719992 2.10806
2.2 -0.988133 2.02178
2.3 -1.24683 1.90875
2.4 -1.47967 1.77077
2.5 -1.67299 1.61117
2.6 -1.81986 1.43436
2.7 -1.92076 1.24507
2.8 -1.98144 1.04768
2.9 -2.00978 0.845867
3 -2.01344 0.642494
3.1 -1.99878 0.439723
3.2 -1.97057 0.239152
3.3 -1.93219 0.0419682
3.4 -1.88597 -0.150928
3.5 -1.83339 -0.338823
3.6 -1.77539 -0.521128
3.7 -1.71251 -0.697325
3.8 -1.64496 -0.866934
3.9 -1.57275 -1.02948
4 -1.49568 -1.1845
4.1 -1.41339 -1.33147
4.2 -1.32535 -1.46984
4.3 -1.23087 -1.599
4.4 -1.12905 -1.71825
4.5 -1.01881 -1.82681
4.6 -0.898784 -1.92374
4.7 -0.76736 -2.00799
4.8 -0.622635 -2.07832
4.9 -0.462452 -2.13326
5 -0.284528 -2.17114
5.1 -0.0867558 -2.19007
5.2 0.132203 -2.18795
5.3 0.371912 -2.16266
5.4 0.628775 -2.11224
5.5 0.89467 -2.03532
5.6 1.1566 -1.93162
5.7 1.39853 -1.80234
5.8 1.60552 -1.65028
5.9 1.7681 -1.4795
6 1.88424 -1.29465
6.1 1.95809 -1.10027
6.2 1.99694 -0.900254
6.3 2.00863 -0.697752
6.4 1.99995 -0.49515
6.5 1.97619 -0.294225
6.6 1.94118 -0.0962947
6.7 1.89756 0.0976454
6.8 1.84708 0.286821
6.9 1.79086 0.470601
7 1.72957 0.648441
7.1 1.66351 0.819848
7.2 1.59277 0.984347
7.3 1.51722 1.14146
7.4 1.43654 1.29068
7.5 1.35026 1.43148
7.6 1.25773 1.56325
7.7 1.15814 1.68533
7.8 1.05044 1.79695
7.9 0.933367 1.89723
8 0.805374 1.98514
8.1 0.664641 2.0595
8.2 0.509079 2.11891
8.3 0.33642 2.16177
8.4 0.144463 2.18622
8.5 -0.0684256 2.19024
8.6 -0.302437 2.17169
8.7 -0.555017 2.12851
8.8 -0.819425 2.05916
8.9 -1.08397 1.96296
9 -1.33314 1.84069
9.1 -1.5512 1.6947
9.2 -1.72681 1.52875
9.3 -1.85584 1.34742
9.4 -1.94095 1.15532
9.5 -1.98888 0.956558
9.6 -2.00748 0.754506
9.7 -2.00396 0.551746
9.8 -1.98401 0.350214
9.9 -1.95186 0.151343
10 -1.91046 -0.0437927
10.1 -1.86178 -0.234365
10.2 -1.8071 -0.419709
10.3 -1.74719 -0.59926
10.4 -1.68246 -0.772514
10.5 -1.61304 -0.938993
10.6 -1.53886 -1.09822
10.7 -1.45966 -1.24971
10.8 -1.375 -1.39292
10.9 -1.28431 -1.52728
11 -1.18679 -1.65215
11.1 -1.08148 -1.76678
11.2 -0.96718 -1.87032
11.3 -0.842417 -1.96181
11.4 -0.705454 -2.0401
11.5 -0.55427 -2.10385
11.6 -0.386632 -2.15152
11.7 -0.200284 -2.18133
11.8 0.00663819 -2.19129
11.9 0.234843 -2.17927
12 0.482696 -2.14317
12.1 0.744755 -2.08127
12.2 1.0107 -1.99258
12.3 1.26584 -1.87744
12.4 1.49403 -1.73777
12.5 1.68227 -1.57697
12.6 1.82433 -1.39948
12.7 1.92119 -1.20995
12.8 1.97874 -1.01268
12.9 2.00478 -0.811258
13 2.00681 -0.608476
13.1 1.99098 -0.406438
13.2 1.9619 -0.2067
13.3 1.92286 -0.0104265
13.4 1.87606 0.181497
13.5 1.82296 0.368365
13.6 1.76446 0.549591
13.7 1.70106 0.724657
13.8 1.63295 0.893081
13.9 1.56012 1.05439
14 1.48237 1.20809
14.1 1.39929 1.35368
14.2 1.31036 1.49058
14.3 1.21484 1.61817
14.4 1.11183 1.73575
14.5 1.00018 1.8425
14.6 0.878506 1.93747
14.7 0.745152 2.01958
14.8 0.598169 2.08755
14.9 0.435371 2.13989
15 0.254478 2.17489
15.1 0.0534572 2.19062
15.2 -0.168826 2.18497
15.3 -0.411534 2.15582
15.4 -0.670435 2.10128
15.5 -0.936622 2.02013
15.6 -1.19643 1.91227
15.7 -1.4337 1.77918
15.8 -1.63409 1.62389
15.9 -1.78927 1.4506
16 -1.89834 1.26398
16.1 -1.96614 1.06848
16.2 -2.00021 0.867909
16.3 -2.00828 0.665269
16.4 -1.99692 0.462845
16.5 -1.97117 0.262331
16.6 -1.93465 0.0649882
16.7 -1.88985 -0.128231
16.8 -1.8384 -0.316578
16.9 -1.78135 -0.499438
17 -1.71929 -0.676279
17.1 -1.6525 -0.846611
17.2 -1.58101 -1.00996
17.3 -1.50466 -1.16584
17.4 -1.42312 -1.31376
17.5 -1.33589 -1.45315
17.6 -1.2423 -1.58342
17.7 -1.14149 -1.70388
17.8 -1.03239 -1.81375
17.9 -0.913681 -1.91212
18 -0.783783 -1.99795
18.1 -0.640828 -2.07002
18.2 -0.482689 -2.1269
18.3 -0.307088 -2.16694
18.4 -0.111873 -2.18828
18.5 0.104431 -2.18883
18.6 0.341671 -2.16647
18.7 0.596718 -2.1192
18.8 0.862056 -2.04557
18.9 1.12524 -1.94512
19 1.37044 -1.81885
19.1 1.58231 -1.66939
19.2 1.75055 -1.50067
19.3 1.87224 -1.31732
19.4 1.9509 -1.12389
19.5 1.99361 -0.924403
19.6 2.00823 -0.722082
19.7 2.00174 -0.519404
19.8 1.9796 -0.318213
19.9 1.9458 -0.119875
20 1.90312 0.0745819
20.1 1.85341 0.26436
20.2 1.79785 0.448813
20.3 1.73715 0.627391
20.4 1.67167 0.799593
20.5 1.60151 0.964945
20.6 1.52654 1.12297
20.7 1.4465 1.27317
20.8 1.36093 1.41501
20.9 1.2692 1.5479
21 1.17051 1.67118
21.1 1.06385 1.78409
21.2 0.94798 1.88579
21.3 0.821392 1.97525
21.4 0.682298 2.0513
21.5 0.528638 2.11259
21.6 0.358156 2.15753
21.7 0.168626 2.18431
21.8 -0.0416953 2.1909
21.9 -0.273232 2.17516
22 -0.523839 2.13505
22.1 -0.787345 2.0689
22.2 -1.05264 1.97592
22.3 -1.30453 1.85669
22.4 -1.52706 1.71338
22.5 -1.70814 1.5496
22.6 -1.84274 1.36987
22.7 -1.93283 1.17883
22.8 -1.98481 0.980679
22.9 -2.00654 0.778871
23 -2.00534 0.576084
23.1 -1.98712 0.37432
23.2 -1.95626 0.175067
23.3 -1.91585 -0.0205653
23.4 -1.86796 -0.211724
23.5 -1.81395 -0.397727
23.6 -1.75465 -0.578002
23.7 -1.69048 -0.752039
23.8 -1.62163 -0.919357
23.9 -1.54803 -1.07948
24 -1.46945 -1.23192
24.1 -1.38549 -1.37616
24.2 -1.29555 -1.51162
24.3 -1.1989 -1.63766
24.4 -1.09459 -1.75356
24.5 -0.98144 -1.85849
24.6 -0.858021 -1.95149
24.7 -0.722626 -2.03143
24.8 -0.573267 -2.097
24.9 -0.407728 -2.1467
25 -0.223741 -2.17875
25.1 -0.0193609 -2.19121
25.2 0.206313 -2.18194
25.3 0.452003 -2.14885
25.4 0.7128 -2.09011
25.5 0.97899 -2.00466
25.6 1.23629 -1.89263
25.7 1.46851 -1.75575
25.8 1.66204 -1.59728
25.9 1.80973 -1.42154
26 1.91177 -1.23322
26.1 1.97364 -1.03667
26.2 2.00306 -0.835588
26.3 2.00762 -0.632846
26.4 1.99366 -0.430627
26.5 1.96598 -0.230545
26.6 1.92799 -0.0338032
26.7 1.88204 0.158683
26.8 1.82964 0.346191
26.9 1.77176 0.528124
27 1.70893 0.703957
27.1 1.64138 0.873204
27.2 1.56913 1.03539
27.3 1.49198 1.19004
27.4 1.40957 1.33663
27.5 1.32138 1.4746
27.6 1.2267 1.60335
27.7 1.12464 1.72217
27.8 1.0141 1.83027
27.9 0.893713 1.92671
28 0.761861 2.01043
28.1 0.616627 2.08017
28.2 0.455851 2.13448
28.3 0.27725 2.17166
28.4 0.0787342 2.18982
28.5 -0.140986 2.18685
28.6 -0.381382 2.16063
28.7 -0.638708 2.10923
28.8 -0.904658 2.0313
28.9 -1.16607 1.92662
29 -1.40689 1.79643
29.1 -1.6123 1.6436
29.2 -1.7731 1.47222
29.3 -1.88754 1.28696
29.4 -1.95993 1.09232
29.5 -1.99764 0.892178
29.6 -2.00845 0.689653
29.7 -1.99913 0.487103
29.8 -1.97489 0.286286
29.9 -1.93952 0.0885066
30 -1.89561 -0.105251
30.1 -1.8449 -0.294218
30.2 -1.78848 -0.477767
30.3 -1.727 -0.655358
30.4 -1.66077 -0.826498
30.5 -1.58985 -0.990711
30.6 -1.5141 -1.14752
30.7 -1.43321 -1.29642
30.8 -1.3467 -1.43687
30.9 -1.25392 -1.56827
31 -1.15403 -1.68994
31.1 -1.04598 -1.80113
31.2 -0.928507 -1.90094
31.3 -0.800047 -1.98834
31.4 -0.65877 -2.06213
31.5 -0.502575 -2.12092
31.6 -0.329193 -2.16308
31.7 -0.136434 -2.18677
31.8 0.0773 -2.18994
31.9 0.312117 -2.17044
32 0.565323 -2.12626
32.1 0.829989 -2.05584
32.2 1.09423 -1.95859
32.3 1.34246 -1.83532
32.4 1.55901 -1.68846
32.5 1.7328 -1.52182
32.6 1.86 -1.33997
32.7 1.9435 -1.14753
32.8 1.99011 -0.948586
32.9 2.00772 -0.746462
33 2.00344 -0.543718
33.1 1.98294 -0.342268
33.2 1.95038 -0.143527
33.3 1.90865 0.0514423
33.4 1.85971 0.241819
33.5 1.80481 0.426943
33.6 1.74471 0.606254
33.7 1.67979 0.779248
33.8 1.61019 0.945449
33.9 1.53582 1.10438
34 1.45641 1.25555
34.1 1.37153 1.39842
34.2 1.28058 1.53242
34.3 1.18277 1.65689
34.4 1.07713 1.7711
34.5 0.962442 1.87419
34.6 0.83723 1.96518
34.7 0.699744 2.04291
34.8 0.547951 2.10606
34.9 0.379613 2.15305
35 0.19248 2.18211
35.1 -0.015284 2.19124
35.2 -0.24432 2.17831
35.3 -0.492869 2.14122
35.4 -0.755312 2.07826
35.5 -1.02114 1.98851
35.6 -1.27551 1.87235
35.7 -1.50232 1.73177
35.8 -1.6888 1.57022
35.9 -1.82901 1.39216
36 -1.92417 1.20224
36.1 -1.98032 1.00475
36.2 -2.00528 0.803226
36.3 -2.00649 0.600438
36.4 -1.99005 0.398464
36.5 -1.96053 0.198844
36.6 -1.92114 0.00272734
36.7 -1.87406 -0.189008
36.8 -1.82074 -0.375663
36.9 -1.76204 -0.556654
37 -1.69844 -0.731466
37.1 -1.63015 -0.899617
37.2 -1.55714 -1.06063
37.3 -1.47917 -1.21402
37.4 -1.39588 -1.35928
37.5 -1.3067 -1.49582
37.6 -1.21091 -1.62303
37.7 -1.10757 -1.7402
37.8 -0.995553 -1.84649
37.9 -0.873452 -1.94098
38 -0.739597 -2.02255
38.1 -0.592029 -2.08993
38.2 -0.428557 -2.14162
38.3 -0.246901 -2.17589
38.4 -0.0450496 -2.19082
38.5 0.178077 -2.18428
38.6 0.421535 -2.15415
38.7 0.680929 -2.09857
38.8 0.94715 -2.01635
38.9 1.20638 -1.90746
39 1.44243 -1.77342
39.1 1.64113 -1.61733
39.2 1.79445 -1.44342
39.3 1.90177 -1.25637
39.4 1.96808 -1.0606
39.5 2.00098 -0.859895
39.6 2.00816 -0.657224
39.7 1.99614 -0.454847
39.8 1.96991 -0.254438
39.9 1.93302 -0.0572417
40 1.88793 0.135797
40.1 1.83624 0.323937
40.2 1.77898 0.506569
40.3 1.71673 0.683161
40.4 1.64975 0.853225
40.5 1.57807 1.01629
40.6 1.50153 1.17186
40.7 1.41977 1.31945
40.8 1.33231 1.4585
40.9 1.23845 1.58839
41 1.13733 1.70844
41.1 1.02787 1.81787
41.2 0.908754 1.91577
41.3 0.778376 2.00108
41.4 0.634861 2.07257
41.5 0.476073 2.12882
41.6 0.299733 2.16816
41.7 0.103703 2.18871
41.8 -0.113449 2.1884
41.9 -0.35148 2.16508
42 -0.607111 2.11679
42.1 -0.872632 2.04209
42.2 -1.13542 1.94059
42.3 -1.37956 1.81334
42.4 -1.58985 1.66304
42.5 -1.75625 1.49365
42.6 -1.87614 1.30981
42.7 -1.95322 1.11607
42.8 -1.99467 0.916414
42.9 -2.00834 0.714037
43 -2.00113 0.511387
43.1 -1.97846 0.310285
43.2 -1.94426 0.112083
43.3 -1.90128 -0.0822017
43.4 -1.85131 -0.27178
43.5 -1.79554 -0.45601
43.6 -1.73465 -0.634344
43.7 -1.66898 -0.806284
43.8 -1.59863 -0.971355
43.9 -1.52347 -1.12908
44 -1.44322 -1.27896
44.1 -1.35741 -1.42045
44.2 -1.26542 -1.55297
44.3 -1.16644 -1.67586
44.4 -1.05944 -1.78835
44.5 -0.943175 -1.88957
44.6 -0.816126 -1.97853
44.7 -0.676496 -2.05402
44.8 -0.522212 -2.1147
44.9 -0.351017 -2.15895
45 -0.16069 -2.18496
45.1 0.0504773 -2.19071
45.2 0.282833 -2.17405
45.3 0.5341 -2.13293
45.4 0.797921 -2.06572
45.5 1.06299 -1.97169
45.6 1.31401 -1.85145
45.7 1.53509 -1.70724
45.8 1.71437 -1.54274
45.9 1.84713 -1.36248
46 1.93557 -1.17108
46.1 1.9862 -0.972725
46.2 2.00689 -0.770833
46.3 2.00491 -0.568051
46.4 1.98611 -0.366362
46.5 1.95482 -0.167233
46.6 1.91408 0.0282362
46.7 1.86593 0.219202
46.8 1.8117 0.404989
46.9 1.75219 0.585026
47 1.68784 0.758805
47.1 1.6188 0.925847
47.2 1.54501 1.08568
47.3 1.46623 1.2378
47.4 1.38204 1.3817
47.5 1.29185 1.5168
47.6 1.19492 1.64246
47.7 1.09028 1.75794
47.8 0.976752 1.86242
47.9 0.852892 1.95492
48 0.716983 2.03431
48.1 0.567025 2.09929
48.2 0.400797 2.14831
48.3 0.216034 2.17963
48.4 0.0108172 2.19127
48.5 -0.215694 2.1811
48.6 -0.462106 2.14702
48.7 -0.723335 2.08724
48.8 -0.989469 2.00072
48.9 -1.24608 1.88766
49 -1.477 1.74985
49.1 -1.66879 1.5906
49.2 -1.81462 1.41428
49.3 -1.91494 1.22555
49.4 -1.97538 1.02876
49.5 -2.00367 0.827563
49.6 -2.00738 0.624804
49.7 -1.9928 0.422642
49.8 -1.96465 0.222672
49.9 -1.92631 0.0260835
50 -1.88008 -0.166218
50.1 -1.82745 -0.353516
50.2 -1.76936 -0.535216
50.3 -1.70634 -0.710797
50.4 -1.63861 -0.879774
50.5 -1.56617 -1.04167
50.6 -1.48882 -1.19601
50.7 -1.40619 -1.34227
50.8 -1.31775 -1.47989
50.9 -1.2228 -1.60826
51 -1.12043 -1.72667
51.1 -1.00952 -1.83432
51.2 -0.888714 -1.93028
51.3 -0.756369 -2.01347
51.4 -0.610562 -2.08263
51.5 -0.449122 -2.13629
51.6 -0.269769 -2.17276
51.7 -0.0704285 -2.19011
51.8 0.150138 -2.18627
51.9 0.391303 -2.15909
52 0.649163 -2.10665
52.1 0.915212 -2.02766
52.2 1.17613 -1.92193
52.3 1.41579 -1.79077
52.4 1.61956 -1.63712
52.5 1.77851 -1.46511
52.6 1.89117 -1.27939
52.7 1.96204 -1.08446
52.8 1.99853 -0.884174
52.9 2.00843 -0.681608
53 1.99842 -0.479096
53.1 1.97368 -0.278378
53.2 1.93793 -0.0807405
53.3 1.89372 0.11284
53.4 1.84277 0.301604
53.5 1.78614 0.484927
53.6 1.72447 0.662271
53.7 1.65805 0.833145
53.8 1.58694 0.997073
53.9 1.51099 1.15358
54 1.42989 1.30215
54.1 1.34314 1.44225
54.2 1.2501 1.57328
54.3 1.1499 1.69456
54.4 1.04151 1.80531
54.5 0.923633 1.90465
54.6 0.794702 1.99153
54.7 0.652874 2.06476
54.8 0.496042 2.12292
54.9 0.321931 2.16439
55 0.128364 2.1873
55.1 -0.0862174 2.18961
55.2 -0.321838 2.16917
55.3 -0.575663 2.12397
55.4 -0.840571 2.05249
55.5 -1.10449 1.95419
55.6 -1.35174 1.82992
55.7 -1.56677 1.6822
55.8 -1.73873 1.51486
55.9 -1.86411 1.33251
56 -1.946 1.13974
56.1 -1.99131 0.940612
56.2 -2.00792 0.738419
56.3 -2.0029 0.535694
56.4 -1.98186 0.334327
56.5 -1.94888 0.135717
56.6 -1.90684 -0.0590843
56.7 -1.85764 -0.249265
56.8 -1.80253 -0.434168
56.9 -1.74222 -0.613238
57 -1.67712 -0.785972
57.1 -1.60733 -0.951893
57.2 -1.53277 -1.11053
57.3 -1.45315 -1.26137
57.4 -1.36804 -1.40391
57.5 -1.27683 -1.53754
57.6 -1.17874 -1.66162
57.7 -1.07276 -1.7754
57.8 -0.957687 -1.87803
57.9 -0.832024 -1.96852
58 -0.694011 -2.0457
58.1 -0.541605 -2.10824
58.2 -0.372564 -2.15456
58.3 -0.184643 -2.18287
58.4 0.0239638 -2.19116
58.5 0.253828 -2.17731
58.6 0.503065 -2.13923
58.7 0.765876 -2.07521
58.8 1.03155 -1.9844
58.9 1.28513 -1.86723
59 1.51055 -1.72573
59.1 1.69526 -1.56344
59.2 1.83361 -1.38482
59.3 1.92709 -1.19453
59.4 1.98185 -0.996814
59.5 2.00573 -0.795192
59.6 2.00614 -0.592401
59.7 1.9891 -0.390494
59.8 1.95913 -0.190993
59.9 1.9194 0.00496484
60 1.87206 0.196511
60.1 1.81851 0.382952
60.2 1.75961 0.563707
60.3 1.69582 0.738264
60.4 1.62735 0.906141
60.5 1.55414 1.06686
60.6 1.47598 1.21994
60.7 1.39246 1.36486
60.8 1.30303 1.50105
60.9 1.20696 1.62788
61 1.1033 1.74462
61.1 0.990913 1.85047
61.2 0.86838 1.94447
61.3 0.734019 2.0255
61.4 0.585864 2.09229
61.5 0.421714 2.14332
61.6 0.239292 2.17687
61.7 0.0366082 2.19098
61.8 -0.18736 2.18354
61.9 -0.431562 2.15244
62 -0.691434 2.09583
62.1 -0.957667 2.01254
62.2 -1.21629 1.90261
62.3 -1.45109 1.76763
62.4 -1.6481 1.61074
62.5 -1.79957 1.43622
62.6 -1.90513 1.24874
62.7 -1.96997 1.05271
62.8 -2.00171 0.851878
62.9 -2.00801 0.64918
63 -1.99535 0.446853
63.1 -1.96863 0.246549
63.2 -1.93137 0.0495017
63.3 -1.88599 -0.143356
63.4 -1.83407 -0.331289
63.5 -1.77661 -0.513691
63.6 -1.71416 -0.690033
63.7 -1.647 -0.859828
63.8 -1.57513 -1.0226
63.9 -1.49839 -1.17787
64 -1.41642 -1.32513
64.1 -1.32871 -1.46382
64.2 -1.23458 -1.59334
64.3 -1.13316 -1.71299
64.4 -1.02334 -1.82198
64.5 -0.90381 -1.9194
64.6 -0.772948 -2.00419
64.7 -0.62887 -2.07511
64.8 -0.469429 -2.13071
64.9 -0.292347 -2.16935
65 -0.0954987 -2.18911
65.1 0.122501 -2.18792
65.2 0.361318 -2.16365
65.3 0.617521 -2.11434
65.4 0.883203 -2.03858
65.5 1.14556 -1.93602
65.6 1.38864 -1.8078
65.7 1.59733 -1.65665
65.8 1.76189 -1.4866
65.9 1.87997 -1.30229
66 1.95549 -1.10824
66.1 1.9957 -0.908422
66.2 2.00841 -0.705992
66.3 2.00049 -0.503372
66.4 1.9773 -0.302362
66.5 1.94271 -0.104298
66.6 1.89942 0.089814
66.7 1.84921 0.279192
66.8 1.79322 0.463198
66.9 1.73213 0.641288
67 1.66628 0.812965
67.1 1.59574 0.977753
67.2 1.52039 1.13517
67.3 1.43993 1.28473
67.4 1.35389 1.42588
67.5 1.26164 1.55803
67.6 1.16236 1.68052
67.7 1.05502 1.79258
67.8 0.938353 1.89334
67.9 0.810842 1.98178
68 0.670671 2.05672
68.1 0.51576 2.11678
68.2 0.343847 2.16034
68.3 0.15272 2.18559
68.4 -0.059293 2.19049
68.5 -0.292464 2.1729
68.6 -0.544382 2.13077
68.7 -0.8085 2.0625
68.8 -1.07332 1.96741
68.9 -1.32345 1.84616
69 -1.54305 1.70108
69.1 -1.72052 1.53587
69.2 -1.85145 1.35507
69.3 -1.93825 1.16332
69.4 -1.98754 0.964766
69.5 -2.0072 0.762793
69.6 -2.00445 0.560021
69.7 -1.98509 0.358408
69.8 -1.95337 0.159406
69.9 -1.9123 -0.0359
70 -1.86389 -0.226673
70.1 -1.80944 -0.412242
70.2 -1.74973 -0.59204
70.3 -1.68519 -0.765561
70.4 -1.61597 -0.932326
70.5 -1.54199 -1.09186
70.6 -1.463 -1.24367
70.7 -1.37858 -1.38723
70.8 -1.28814 -1.52197
70.9 -1.19092 -1.64724
71 -1.08596 -1.7623
71.1 -0.972047 -1.86632
71.2 -0.847744 -1.95832
71.3 -0.711318 -2.03717
71.4 -0.560758 -2.10155
71.5 -0.393838 -2.14991
71.6 -0.208296 -2.18048
71.7 -0.00223977 -2.19129
71.8 0.225107 -2.18021
71.9 0.472232 -2.14515
72 0.733878 -2.08432
72.1 0.999933 -1.99673
72.2 1.25584 -1.88265
72.3 1.48542 -1.74392
72.4 1.67547 -1.58391
72.5 1.81944 -1.407
72.6 1.91805 -1.21787
72.7 1.97706 -1.02085
72.8 2.00424 -0.819535
72.9 2.00712 -0.616764
73 1.99191 -0.414661
73.1 1.96331 -0.214805
73.2 1.92462 -0.0183705
73.3 1.8781 0.173745
73.4 1.82524 0.360832
73.5 1.76695 0.542299
73.6 1.70374 0.717627
73.7 1.63583 0.886332
73.8 1.5632 1.04794
73.9 1.48565 1.20196
74 1.4028 1.34789
74.1 1.31412 1.48516
74.2 1.21889 1.61315
74.3 1.1162 1.73115
74.4 1.00493 1.83836
74.5 0.883697 1.93383
74.6 0.750857 2.01649
74.7 0.604473 2.08506
74.8 0.442366 2.13808
74.9 0.262256 2.17382
75 0.0620892 2.19038
75.1 -0.159323 2.18565
75.2 -0.401251 2.1575
75.3 -0.659631 2.10403
75.4 -0.925758 2.02397
75.5 -1.18614 1.91719
75.6 -1.42464 1.78509
75.7 -1.62675 1.63062
75.8 -1.78384 1.45797
75.9 -1.89474 1.27181
76 -1.96408 1.0766
76.1 -1.99938 0.876167
76.2 -2.00837 0.673562
76.3 -1.99769 0.471093
76.4 -1.97245 0.270474
76.5 -1.93632 0.0729808
76.6 -1.89182 -0.120422
76.7 -1.84062 -0.308981
76.8 -1.78379 -0.492077
76.9 -1.72192 -0.669174
77 -1.65532 -0.839781
77.1 -1.58402 -1.00342
77.2 -1.50788 -1.15962
77.3 -1.42656 -1.30787
77.4 -1.33958 -1.44763
77.5 -1.24626 -1.57828
77.6 -1.14577 -1.69916
77.7 -1.03703 -1.80947
77.8 -0.918742 -1.90834
77.9 -0.789336 -1.9947
78 -0.646955 -2.06736
78.1 -0.489481 -2.12489
78.2 -0.314638 -2.16566
78.3 -0.120261 -2.1878
78.4 0.0951683 -2.18924
78.5 0.331589 -2.16786
78.6 0.586022 -2.12164
78.7 0.851151 -2.0491
78.8 1.11472 -1.94974
78.9 1.36097 -1.82449
79 1.57445 -1.67591
79.1 1.74459 -1.50789
79.2 1.86815 -1.32504
79.3 1.94844 -1.13194
79.4 1.99247 -0.932633
79.5 2.00809 -0.730375
79.6 2.00234 -0.527672
79.7 1.98075 -0.32639
79.8 1.94737 -0.127913
79.9 1.90502 0.0667191
80 1.85557 0.256702
80.1 1.80023 0.441384
80.2 1.73973 0.620212
80.3 1.67444 0.792685
80.4 1.60447 0.958326
80.5 1.52971 1.11666
80.6 1.44988 1.26719
80.7 1.36454 1.40938
80.8 1.27308 1.54265
80.9 1.17469 1.66633
81 1.06838 1.77969
81.1 0.952916 1.88186
81.2 0.826799 1.97184
81.3 0.688255 2.04847
81.4 0.535234 2.1104
81.5 0.365485 2.15604
81.6 0.176773 2.18359
81.7 -0.0326773 2.19105
81.8 -0.263366 2.17627
81.9 -0.513283 2.13719
82 -0.776445 2.07212
82.1 -1.04194 1.98025
82.2 -1.2947 1.86206
82.3 -1.51871 1.71966
82.4 -1.70164 1.55664
82.5 -1.83814 1.37747
82.6 -1.92995 1.18681
82.7 -1.98333 0.988872
82.8 -2.00615 0.787157
82.9 -2.00576 0.584366
83 -1.98814 0.382528
83.1 -1.95773 0.183148
83.2 -1.91766 -0.0126501
83.3 -1.87005 -0.204006
83.4 -1.81627 -0.390232
83.5 -1.75717 -0.570751
83.6 -1.6932 -0.745052
83.7 -1.62454 -0.912654
83.8 -1.55114 -1.07308
83.9 -1.47277 -1.22585
84 -1.38903 -1.37043
84.1 -1.29936 -1.50626
84.2 -1.203 -1.6327
84.3 -1.09902 -1.74904
84.4 -0.986257 -1.85443
84.5 -0.863289 -1.94794
84.6 -0.728421 -2.02843
84.7 -0.579674 -2.09462
84.8 -0.414842 -2.145
84.9 -0.231651 -2.17781
85 -0.0281331 -2.19111
85.1 0.196676 -2.18277
85.2 0.441614 -2.15069
85.3 0.701949 -2.09303
85.4 0.968173 -2.00868
85.5 1.22616 -1.89772
85.6 1.4597 -1.7618
85.7 1.655 -1.60412
85.8 1.80461 -1.429
85.9 1.90843 -1.2411
86 1.97181 -1.04482
86.1 2.00239 -0.843858
86.2 2.00783 -0.641137
86.3 1.99453 -0.438861
86.4 1.96733 -0.238666
86.5 1.92972 -0.0417684
86.6 1.88405 0.150907
86.7 1.8319 0.338631
86.8 1.77422 0.520802
86.9 1.71159 0.696894
87 1.64424 0.86642
87.1 1.57218 1.02891
87.2 1.49524 1.18387
87.3 1.41305 1.3308
87.4 1.32511 1.46914
87.5 1.23071 1.59828
87.6 1.12897 1.71752
87.7 1.0188 1.82607
87.8 0.898847 1.92301
87.9 0.767499 2.00727
88 0.622854 2.07761
88.1 0.462758 2.13258
88.2 0.284929 2.1705
88.3 0.0872612 2.18947
88.4 -0.131586 2.18741
88.5 -0.371183 2.16219
88.6 -0.627945 2.11184
88.7 -0.89377 2.03502
88.8 -1.15568 1.93141
88.9 -1.39765 1.80222
89 -1.60474 1.65024
89.1 -1.76745 1.47953
89.2 -1.88373 1.29475
89.3 -1.95771 1.10041
89.4 -1.99667 0.900426
89.5 -2.00845 0.697947
89.6 -1.99983 0.49536
89.7 -1.97612 0.294444
89.8 -1.94115 0.0965192
89.9 -1.89755 -0.097419
90 -1.84709 -0.286595
90.1 -1.79089 -0.470377
90.2 -1.72961 -0.648221
90.3 -1.66357 -0.819634
90.4 -1.59284 -0.984139
90.5 -1.5173 -1.14126
90.6 -1.43662 -1.29049
90.7 -1.35035 -1.4313
90.8 -1.25784 -1.56308
90.9 -1.15826 -1.68517
91 -1.05058 -1.7968
91.1 -0.933514 -1.89709
91.2 -0.805537 -1.98502
91.3 -0.664823 -2.0594
91.4 -0.509282 -2.11883
91.5 -0.336647 -2.16171
91.6 -0.144718 -2.18619
91.7 0.0681423 -2.19024
91.8 0.302126 -2.17171
91.9 0.554684 -2.12857
92 0.819081 -2.05924
92.1 1.08363 -1.96309
92.2 1.33283 -1.84084
92.3 1.55094 -1.69488
92.4 1.72661 -1.52896
92.5 1.8557 -1.34765
92.6 1.94086 -1.15555
92.7 1.98883 -0.956802
92.8 2.00747 -0.754752
92.9 2.00397 -0.551993
93 1.98404 -0.350459
93.1 1.95191 -0.151584
93.2 1.91051 0.0435567
93.3 1.86184 0.234135
93.4 1.80716 0.419485
93.5 1.74726 0.599044
93.6 1.68254 0.772306
93.7 1.61313 0.938793
93.8 1.53895 1.09803
93.9 1.45976 1.24952
94 1.37511 1.39275
94.1 1.28442 1.52712
94.2 1.18692 1.652
94.3 1.08162 1.76664
94.4 0.967326 1.8702
94.5 0.842577 1.96171
94.6 0.70563 2.04001
94.7 0.554465 2.10378
94.8 0.386849 2.15147
94.9 0.200525 2.1813
95 -0.00637146 2.19129
95.1 -0.234551 2.17929
95.2 -0.482382 2.14323
95.3 -0.744429 2.08136
95.4 -1.01038 1.99271
95.5 -1.26554 1.8776
95.6 -1.49377 1.73795
95.7 -1.68207 1.57718
95.8 -1.82419 1.3997
95.9 -1.92109 1.21018
96 -1.97869 1.01292
96.1 -2.00477 0.811505
96.2 -2.00682 0.608724
96.3 -1.99101 0.406684
96.4 -1.96194 0.206943
96.5 -1.92291 0.0106643
96.6 -1.87612 -0.181264
96.7 -1.82303 -0.368139
96.8 -1.76454 -0.549372
96.9 -1.70114 -0.724447
97 -1.63304 -0.892879
97.1 -1.56022 -1.0542
97.2 -1.48246 -1.20791
97.3 -1.3994 -1.3535
97.4 -1.31047 -1.49042
97.5 -1.21496 -1.61802
97.6 -1.11196 -1.73561
97.7 -1.00032 -1.84237
97.8 -0.878662 -1.93736
97.9 -0.745324 -2.01949
98 -0.598358 -2.08747
98.1 -0.435581 -2.13983
98.2 -0.254712 -2.17486
98.3 -0.0537163 -2.19061
98.4 0.16854 -2.18499
98.5 0.411225 -2.15587
98.6 0.670112 -2.10136
98.7 0.936296 -2.02024
98.8 1.19612 -1.91242
98.9 1.43343 -1.77936
99 1.63387 -1.62409
99.1 1.78911 -1.45082
99.2 1.89823 -1.26421
99.3 1.96608 -1.06873
99.4 2.00019 -0.868156
99.5 2.00828 -0.665517
99.6 1.99694 -0.463092
99.7 1.97121 -0.262575
99.8 1.9347 -0.0652276
99.9 1.88991 0.127997
100 1.83847 0.31635
100.1 1.78143 0.499218
100.2 1.71937 0.676067
100.3 1.65258 0.846407
100.4 1.5811 1.00976
100.5 1.50475 1.16566
100.6 1.42322 1.31358
100.7 1.336 1.45299
100.8 1.24242 1.58327
100.9 1.14162 1.70374
101 1.03253 1.81362
101.1 0.913833 1.91201
101.2 0.78395 1.99785
101.3 0.641012 2.06994
101.4 0.482893 2.12684
101.5 0.307315 2.16691
101.6 0.112125 2.18826
101.7 -0.104153 2.18884
101.8 -0.341369 2.16651
101.9 -0.596397 2.11928
102 -0.86173 2.04567
102.1 -1.12493 1.94526
102.2 -1.37015 1.81902
102.3 -1.58207 1.66958
102.4 -1.75037 1.50089
102.5 -1.87212 1.31755
102.6 -1.95083 1.12413
102.7 -1.99358 0.924649
102.8 -2.00823 0.722331
102.9 -2.00176 0.519652
103 -1.97963 0.318458
103.1 -1.94585 0.120115
103.2 -1.90318 -0.0743465
103.3 -1.85348 -0.26413
103.4 -1.79793 -0.448591
103.5 -1.73723 -0.627176
103.6 -1.67176 -0.799387
103.7 -1.60159 -0.964747
103.8 -1.52664 -1.12278
103.9 -1.44661 -1.27299
104 -1.36104 -1.41484
104.1 -1.26932 -1.54774
104.2 -1.17064 -1.67103
104.3 -1.06399 -1.78396
104.4 -0.948128 -1.88567
104.5 -0.821554 -1.97514
104.6 -0.682477 -2.05122
104.7 -0.528836 -2.11253
104.8 -0.358376 -2.15749
104.9 -0.168871 -2.18428
105 0.0414246 -2.1909
105.1 0.272936 -2.1752
105.2 0.523523 -2.13511
105.3 0.787018 -2.06899
105.4 1.05232 -1.97605
105.5 1.30423 -1.85685
105.6 1.52681 -1.71356
105.7 1.70794 -1.54981
105.8 1.8426 -1.3701
105.9 1.93275 -1.17907
106 1.98477 -0.980924
106.1 2.00653 -0.77912
106.2 2.00535 -0.576332
106.3 1.98715 -0.374566
106.4 1.95631 -0.175309
106.5 1.9159 0.0203283
106.6 1.86803 0.211493
106.7 1.81402 0.397503
106.8 1.75472 0.577785
106.9 1.69056 0.751829
107 1.62172 0.919156
107.1 1.54813 1.07929
107.2 1.46955 1.23174
107.3 1.38559 1.37599
107.4 1.29567 1.51146
107.5 1.19903 1.63751
107.6 1.09472 1.75343
107.7 0.981585 1.85837
107.8 0.858179 1.95138
107.9 0.7228 2.03134
108 0.573459 2.09693
108.1 0.407942 2.14664
108.2 0.223978 2.17872
108.3 0.0196242 2.1912
108.4 -0.206024 2.18197
108.5 -0.451692 2.1489
108.6 -0.712475 2.0902
108.7 -0.978666 2.00478
108.8 -1.23599 1.89279
108.9 -1.46825 1.75593
109 -1.66183 1.59748
109.1 -1.80957 1.42176
109.2 -1.91167 1.23345
109.3 -1.97359 1.03692
109.4 -2.00304 0.835835
109.5 -2.00763 0.633094
109.6 -1.99369 0.430873
109.7 -1.96602 0.230788
109.8 -1.92805 0.0340417
109.9 -1.8821 -0.15845
110 -1.82971 -0.345965
110.1 -1.77183 -0.527905
110.2 -1.70901 -0.703745
110.3 -1.64147 -0.873001
110.4 -1.56922 -1.0352
110.5 -1.49208 -1.18985
110.6 -1.40968 -1.33645
110.7 -1.32149 -1.47444
110.8 -1.22682 -1.6032
110.9 -1.12477 -1.72204
111 -1.01424 -1.83014
111.1 -0.893867 -1.9266
111.2 -0.76203 -2.01034
111.3 -0.616814 -2.0801
111.4 -0.456058 -2.13442
111.5 -0.27748 -2.17163
111.6 -0.0789901 -2.18981
111.7 0.140704 -2.18687
111.8 0.381076 -2.16068
111.9 0.638385 -2.10931
112 0.904332 -2.03142
112.1 1.16576 -1.92676
112.2 1.40661 -1.7966
112.3 1.61207 -1.6438
112.4 1.77293 -1.47244
112.5 1.88743 -1.28719
112.6 1.95987 -1.09256
112.7 1.99761 -0.892425
112.8 2.00845 -0.689901
112.9 1.99915 -0.48735
113 1.97493 -0.286531
113.1 1.93957 -0.0887465
113.2 1.89567 0.105016
113.3 1.84497 0.29399
113.4 1.78856 0.477546
113.5 1.72708 0.655145
113.6 1.66086 0.826292
113.7 1.58994 0.990514
113.8 1.5142 1.14733
113.9 1.43331 1.29624
114 1.34681 1.4367
114.1 1.25403 1.56811
114.2 1.15415 1.6898
114.3 1.04612 1.801
114.4 0.928657 1.90082
114.5 0.800212 1.98824
114.6 0.658952 2.06205
114.7 0.502776 2.12086
114.8 0.329417 2.16304
114.9 0.136682 2.18675
115 -0.0770251 2.18994
115.1 -0.311817 2.17048
115.2 -0.565004 2.12633
115.3 -0.829663 2.05594
115.4 -1.09392 1.95873
115.5 -1.34217 1.83549
115.6 -1.55877 1.68865
115.7 -1.73261 1.52203
115.8 -1.85987 1.3402
115.9 -1.94342 1.14777
116 -1.99007 0.948833
116.1 -2.00771 0.74671
116.2 -2.00346 0.543966
116.3 -1.98298 0.342513
116.4 -1.95042 0.143768
116.5 -1.90871 -0.0512062
116.6 -1.85978 -0.241589
116.7 -1.80489 -0.42672
116.8 -1.74478 -0.606038
116.9 -1.67987 -0.779041
117 -1.61028 -0.945249
117.1 -1.53591 -1.10419
117.2 -1.45651 -1.25537
117.3 -1.37163 -1.39825
117.4 -1.28069 -1.53226
117.5 -1.1829 -1.65674
117.6 -1.07727 -1.77096
117.7 -0.962588 -1.87407
117.8 -0.837391 -1.96507
117.9 -0.69992 -2.04283
118 -0.548146 -2.10599
118.1 -0.37983 -2.15301
118.2 -0.192721 -2.18209
118.3 0.0150165 -2.19124
118.4 0.244027 -2.17834
118.5 0.492554 -2.14128
118.6 0.754986 -2.07835
118.7 1.02081 -1.98864
118.8 1.27521 -1.87251
118.9 1.50207 -1.73195
119 1.6886 -1.57043
119.1 1.82886 -1.39239
119.2 1.92408 -1.20248
119.3 1.98027 -1.00499
119.4 2.00526 -0.803474
119.5 2.0065 -0.600686
119.6 1.99008 -0.39871
119.7 1.96057 -0.199087
119.8 1.92119 -0.002965
119.9 1.87413 0.188776
120 1.82081 0.375437
120.1 1.76211 0.556436
120.2 1.69852 0.731256
120.3 1.63024 0.899415
120.4 1.55723 1.06044
120.5 1.47927 1.21384
120.6 1.39599 1.3591
120.7 1.30681 1.49566
120.8 1.21103 1.62288
120.9 1.1077 1.74006
121 0.995696 1.84637
121.1 0.873609 1.94087
121.2 0.739769 2.02246
121.3 0.592219 2.08986
121.4 0.428768 2.14157
121.5 0.247136 2.17586
121.6 0.0453097 2.19081
121.7 -0.177791 2.1843
121.8 -0.421226 2.1542
121.9 -0.680605 2.09866
122 -0.946825 2.01647
122.1 -1.20607 1.90761
122.2 -1.44216 1.7736
122.3 -1.64091 1.61753
122.4 -1.79429 1.44364
122.5 -1.90166 1.2566
122.6 -1.96802 1.06085
122.7 -2.00096 0.860142
122.8 -2.00817 0.657473
122.9 -1.99617 0.455094
123 -1.96995 0.254681
123.1 -1.93307 0.0574808
123.2 -1.88799 -0.135564
123.3 -1.83631 -0.32371
123.4 -1.77906 -0.506349
123.5 -1.71681 -0.682949
123.6 -1.64984 -0.853021
123.7 -1.57816 -1.01609
123.8 -1.50162 -1.17168
123.9 -1.41988 -1.31927
124 -1.33242 -1.45833
124.1 -1.23857 -1.58824
124.2 -1.13746 -1.7083
124.3 -1.02801 -1.81774
124.4 -0.908907 -1.91566
124.5 -0.778543 -2.00098
124.6 -0.635046 -2.0725
124.7 -0.476278 -2.12876
124.8 -0.299961 -2.16812
124.9 -0.103956 -2.1887
125 0.11317 -2.18841
125.1 0.351177 -2.16513
125.2 0.60679 -2.11687
125.3 0.872305 -2.0422
125.4 1.1351 -1.94073
125.5 1.37928 -1.81351
125.6 1.58962 -1.66323
125.7 1.75608 -1.49387
125.8 1.87602 -1.31004
125.9 1.95315 -1.11631
126 1.99464 -0.916661
126.1 2.00833 -0.714286
126.2 2.00115 -0.511635
126.3 1.97849 -0.31053
126.4 1.94431 -0.112324
126.5 1.90133 0.0819665
126.6 1.85138 0.271551
126.7 1.79561 0.455788
126.8 1.73473 0.63413
126.9 1.66906 0.806078
127 1.59871 0.971157
127.1 1.52356 1.12889
127.2 1.44332 1.27878
127.3 1.35752 1.42028
127.4 1.26554 1.55282
127.5 1.16657 1.67571
127.6 1.05958 1.78822
127.7 0.943323 1.88946
127.8 0.816289 1.97842
127.9 0.676675 2.05394
128 0.522411 2.11463
128.1 0.351238 2.15891
128.2 0.160935 2.18494
128.3 -0.0502056 2.19072
128.4 -0.282536 2.17408
128.5 -0.533783 2.133
128.6 -0.797594 2.06582
128.7 -1.06267 1.97182
128.8 -1.31372 1.85161
128.9 -1.53484 1.70743
129 -1.71418 1.54296
129.1 -1.84699 1.36271
129.2 -1.93549 1.17132
129.3 -1.98616 0.972971
129.4 -2.00688 0.771081
129.5 -2.00492 0.568299
129.6 -1.98614 0.366608
129.7 -1.95487 0.167475
129.8 -1.91414 -0.0279994
129.9 -1.86599 -0.218972
130 -1.81177 -0.404765
130.1 -1.75227 -0.584809
130.2 -1.68792 -0.758596
130.3 -1.61889 -0.925647
130.4 -1.54511 -1.08549
130.5 -1.46633 -1.23762
130.6 -1.38214 -1.38153
130.7 -1.29197 -1.51664
130.8 -1.19504 -1.64231
130.9 -1.09041 -1.75781
131 -0.976897 -1.8623
131.1 -0.853051 -1.95481
131.2 -0.717157 -2.03422
131.3 -0.567218 -2.09922
131.4 -0.401012 -2.14827
131.5 -0.216273 -2.17961
131.6 -0.0110816 -2.19127
131.7 0.215404 -2.18112
131.8 0.461793 -2.14707
131.9 0.723009 -2.08733
132 0.989146 -2.00084
132.1 1.24578 -1.88782
132.2 1.47673 -1.75003
132.3 1.66858 -1.59081
132.4 1.81447 -1.4145
132.5 1.91484 -1.22579
132.6 1.97532 -1.02901
132.7 2.00365 -0.82781
132.8 2.00739 -0.625053
132.9 1.99282 -0.422889
133 1.96469 -0.222915
133.1 1.92636 -0.0263218
133.2 1.88014 0.165985
133.3 1.82751 0.35329
133.4 1.76943 0.534998
133.5 1.70642 0.710586
133.6 1.6387 0.879571
133.7 1.56626 1.04148
133.8 1.48892 1.19582
133.9 1.4063 1.34209
134 1.31787 1.47973
134.1 1.22292 1.60811
134.2 1.12056 1.72653
134.3 1.00966 1.8342
134.4 0.888869 1.93017
134.5 0.756539 2.01338
134.6 0.61075 2.08255
134.7 0.449331 2.13623
134.8 0.27 2.17272
134.9 0.0706855 2.19011
135 -0.149855 2.18629
135.1 -0.390996 2.15913
135.2 -0.648839 2.10673
135.3 -0.914886 2.02777
135.4 -1.17582 1.92207
135.5 -1.41552 1.79095
135.6 -1.61934 1.63732
135.7 -1.77834 1.46533
135.8 -1.89106 1.27963
135.9 -1.96197 1.0847
136 -1.9985 0.884422
136.1 -2.00843 0.681856
136.2 -1.99845 0.479344
136.3 -1.97372 0.278622
136.4 -1.93797 0.0809802
136.5 -1.89378 -0.112606
136.6 -1.84283 -0.301376
136.7 -1.78621 -0.484706
136.8 -1.72454 -0.662058
136.9 -1.65813 -0.83294
137 -1.58703 -0.996877
137.1 -1.51109 -1.15339
137.2 -1.42999 -1.30197
137.3 -1.34325 -1.44209
137.4 -1.25021 -1.57313
137.5 -1.15003 -1.69442
137.6 -1.04165 -1.80518
137.7 -0.923784 -1.90453
137.8 -0.794867 -1.99143
137.9 -0.653057 -2.06468
138 -0.496244 -2.12286
138.1 -0.322156 -2.16435
138.2 -0.128614 -2.18728
138.3 0.0859415 -2.18962
138.4 0.321538 -2.16921
138.5 0.575344 -2.12404
138.6 0.840244 -2.0526
138.7 1.10417 -1.95432
138.8 1.35145 -1.83009
138.9 1.56653 -1.68239
139 1.73855 -1.51508
139.1 1.86398 -1.33275
139.2 1.94592 -1.13998
139.3 1.99128 -0.940858
139.4 2.00792 -0.738667
139.5 2.00292 -0.535942
139.6 1.98189 -0.334572
139.7 1.94893 -0.135958
139.8 1.9069 0.0588484
139.9 1.85771 0.249035
140 1.8026 0.433945
140.1 1.7423 0.613022
140.2 1.6772 0.785764
140.3 1.60742 0.951694
140.4 1.53286 1.11034
140.5 1.45325 1.26119
140.6 1.36815 1.40374
140.7 1.27695 1.53738
140.8 1.17886 1.66147
140.9 1.0729 1.77527
141 0.957834 1.87792
141.1 0.832185 1.96842
141.2 0.694188 2.04562
141.3 0.541802 2.10817
141.4 0.372782 2.15451
141.5 0.184885 2.18285
141.6 -0.0236952 2.19117
141.7 -0.253534 2.17734
141.8 -0.50275 2.13929
141.9 -0.76555 2.07531
142 -1.03123 1.98453
142.1 -1.28483 1.86738
142.2 -1.5103 1.72592
142.3 -1.69506 1.56365
142.4 -1.83347 1.38505
142.5 -1.927 1.19477
142.6 -1.9818 0.997059
142.7 -2.00572 0.79544
142.8 -2.00615 0.592649
142.9 -1.98913 0.39074
143 -1.95918 0.191236
143.1 -1.91946 -0.0047274
143.2 -1.87212 -0.196279
143.3 -1.81858 -0.382727
143.4 -1.75968 -0.56349
143.5 -1.69591 -0.738055
143.6 -1.62744 -0.90594
143.7 -1.55423 -1.06667
143.8 -1.47608 -1.21976
143.9 -1.39257 -1.36469
144 -1.30315 -1.50089
144.1 -1.20708 -1.62773
144.2 -1.10343 -1.74449
144.3 -0.991056 -1.85035
144.4 -0.868537 -1.94436
144.5 -0.734192 -2.02541
144.6 -0.586055 -2.09222
144.7 -0.421926 -2.14327
144.8 -0.239528 -2.17684
144.9 -0.0368694 -2.19097
145 0.187073 -2.18357
145.1 0.431252 -2.1525
145.2 0.691109 -2.09591
145.3 0.957343 -2.01266
145.4 1.21598 -1.90276
145.5 1.45083 -1.76781
145.6 1.64789 -1.61094
145.7 1.79941 -1.43644
145.8 1.90503 -1.24898
145.9 1.96991 -1.05296
146 2.00168 -0.852125
146.1 2.00802 -0.649429
146.2 1.99537 -0.447099
146.3 1.96867 -0.246793
146.4 1.93142 -0.0497407
146.5 1.88605 0.143123
146.6 1.83414 0.331062
146.7 1.77668 0.513471
146.8 1.71424 0.689821
146.9 1.64708 0.859624
147 1.57522 1.02241
147.1 1.49848 1.17769
147.2 1.41652 1.32496
147.3 1.32882 1.46366
147.4 1.2347 1.59319
147.5 1.13329 1.71285
147.6 1.02348 1.82185
147.7 0.903963 1.91929
147.8 0.773116 2.00409
147.9 0.629055 2.07503
148 0.469635 2.13066
148.1 0.292575 2.16931
148.2 0.0957525 2.1891
148.3 -0.122221 2.18794
148.4 -0.361013 2.1637
148.5 -0.617199 2.11441
148.6 -0.882877 2.03869
148.7 -1.14525 1.93616
148.8 -1.38836 1.80797
148.9 -1.5971 1.65685
149 -1.76171 1.48682
149.1 -1.87985 1.30252
149.2 -1.95542 1.10848
149.3 -1.99566 0.908669
149.4 -2.00841 0.706241
149.5 -2.00051 0.50362
149.6 -1.97734 0.302607
149.7 -1.94276 0.104538
149.8 -1.89948 -0.0895791
149.9 -1.84927 -0.278963
150 -1.79329 -0.462976
150.1 -1.73221 -0.641074
150.2 -1.66636 -0.812758
150.3 -1.59583 -0.977555
150.4 -1.52048 -1.13499
150.5 -1.44003 -1.28455
150.6 -1.354 -1.42571
150.7 -1.26176 -1.55788
150.8 -1.16248 -1.68038
150.9 -1.05515 -1.79245
151 -0.938502 -1.89323
151.1 -0.811005 -1.98168
151.2 -0.670851 -2.05664
151.3 -0.51596 -2.11671
151.4 -0.344069 -2.1603
151.5 -0.152967 -2.18557
151.6 0.0590202 -2.1905
151.7 0.292167 -2.17293
151.8 0.544064 -2.13084
151.9 0.808173 -2.0626
152 1.073 -1.96754
152.1 1.32315 -1.84633
152.2 1.5428 -1.70127
152.3 1.72034 -1.53608
152.4 1.85131 -1.3553
152.5 1.93816 -1.16356
152.6 1.9875 -0.965012
152.7 2.00719 -0.763041
152.8 2.00447 -0.560269
152.9 1.98512 -0.358654
153 1.95342 -0.159647
153.1 1.91236 0.0356635
153.2 1.86395 0.226442
153.3 1.80951 0.412018
153.4 1.74981 0.591823
153.5 1.68527 0.765352
153.6 1.61606 0.932126
153.7 1.54208 1.09167
153.8 1.4631 1.24349
153.9 1.37869 1.38706
154 1.28826 1.52181
154.1 1.19105 1.64709
154.2 1.08609 1.76216
154.3 0.972192 1.8662
154.4 0.847903 1.95822
154.5 0.711493 2.03709
154.6 0.560952 2.10148
154.7 0.394053 2.14986
154.8 0.208535 2.18046
154.9 0.00250515 2.19129
155 -0.224816 2.18024
155.1 -0.471919 2.1452
155.2 -0.733552 2.08441
155.3 -0.99961 1.99686
155.4 -1.25553 1.88281
155.5 -1.48516 1.7441
155.6 -1.67526 1.58411
155.7 -1.81929 1.40723
155.8 -1.91795 1.21811
155.9 -1.97701 1.02109
156 -2.00422 0.819783
156.1 -2.00712 0.617012
156.2 -1.99194 0.414908
156.3 -1.96335 0.215048
156.4 -1.92467 0.0186086
156.5 -1.87816 -0.173513
156.6 -1.82531 -0.360606
156.7 -1.76702 -0.542081
156.8 -1.70382 -0.717416
156.9 -1.63591 -0.886129
157 -1.56329 -1.04775
157.1 -1.48574 -1.20178
157.2 -1.4029 -1.34772
157.3 -1.31423 -1.485
157.4 -1.21901 -1.613
157.5 -1.11633 -1.73101
157.6 -1.00507 -1.83823
157.7 -0.883852 -1.93372
157.8 -0.751028 -2.0164
157.9 -0.604661 -2.08499
158 -0.442575 -2.13802
158.1 -0.262488 -2.17379
158.2 -0.0623473 -2.19037
158.3 0.159039 -2.18567
158.4 0.400943 -2.15755
158.5 0.659307 -2.10411
158.6 0.925433 -2.02409
158.7 1.18583 -1.91734
158.8 1.42437 -1.78526
158.9 1.62653 -1.63082
159 1.78368 -1.45819
159.1 1.89463 -1.27204
159.2 1.96402 -1.07684
159.3 1.99935 -0.876414
159.4 2.00837 -0.673811
159.5 1.99772 -0.47134
159.6 1.97249 -0.270718
159.7 1.93637 -0.0732203
159.8 1.89188 0.120188
159.9 1.84069 0.308754
160 1.78386 0.491856
160.1 1.722 0.668961
160.2 1.6554 0.839577
160.3 1.58411 1.00323
160.4 1.50797 1.15944
160.5 1.42666 1.3077
160.6 1.33969 1.44746
160.7 1.24638 1.57813
160.8 1.1459 1.69901
160.9 1.03717 1.80934
161 0.918893 1.90822
161.1 0.789502 1.99461
161.2 0.647138 2.06728
161.3 0.489684 2.12483
161.4 0.314864 2.16562
161.5 0.120512 2.18778
161.6 -0.0948914 2.18926
161.7 -0.331287 2.1679
161.8 -0.585702 2.12172
161.9 -0.850824 2.04921
162 -1.11441 1.94988
162.1 -1.36069 1.82466
162.2 -1.57422 1.6761
162.3 -1.74441 1.5081
162.4 -1.86802 1.32527
162.5 -1.94837 1.13218
162.6 -1.99243 0.932879
162.7 -2.00809 0.730623
162.8 -2.00236 0.52792
162.9 -1.98079 0.326635
163 -1.94742 0.128154
163.1 -1.90507 -0.0664834
163.2 -1.85563 -0.256472
163.3 -1.8003 -0.441161
163.4 -1.73981 -0.619997
163.5 -1.67452 -0.792477
163.6 -1.60455 -0.958127
163.7 -1.5298 -1.11647
163.8 -1.44998 -1.26701
163.9 -1.36465 -1.40921
164 -1.2732 -1.54249
164.1 -1.17482 -1.66619
164.2 -1.06852 -1.77956
164.3 -0.953064 -1.88174
164.4 -0.82696 -1.97174
164.5 -0.688433 -2.04839
164.6 -0.535431 -2.11033
164.7 -0.365704 -2.15599
164.8 -0.177017 -2.18357
164.9 0.0324077 -2.19105
165 0.263071 -2.1763
165.1 0.512967 -2.13725
165.2 0.776118 -2.07222
165.3 1.04162 -1.98038
165.4 1.29441 -1.86222
165.5 1.51846 -1.71985
165.6 1.70144 -1.55685
165.7 1.838 -1.3777
165.8 1.92986 -1.18704
165.9 1.98329 -0.989117
166 2.00614 -0.787405
166.1 2.00577 -0.584614
166.2 1.98817 -0.382774
166.3 1.95777 -0.183391
166.4 1.91771 0.0124128
166.5 1.87011 0.203774
166.6 1.81634 0.390007
166.7 1.75724 0.570534
166.8 1.69328 0.744843
166.9 1.62462 0.912453
167 1.55123 1.07289
167.1 1.47287 1.22567
167.2 1.38914 1.37026
167.3 1.29947 1.5061
167.4 1.20312 1.63255
167.5 1.09915 1.7489
167.6 0.986401 1.85431
167.7 0.863446 1.94783
167.8 0.728594 2.02834
167.9 0.579866 2.09455
168 0.415055 2.14495
168.1 0.231888 2.17778
168.2 0.0283953 2.19111
168.3 -0.196388 2.1828
168.4 -0.441304 2.15075
168.5 -0.701624 2.09312
168.6 -0.967849 2.0088
168.7 -1.22585 1.89787
168.8 -1.45944 1.76198
168.9 -1.65479 1.60433
169 -1.80445 1.42922
169.1 -1.90833 1.24134
169.2 -1.97175 1.04506
169.3 -2.00237 0.844106
169.4 -2.00784 0.641385
169.5 -1.99455 0.439108
169.6 -1.96737 0.238909
169.7 -1.92977 0.0420071
169.8 -1.88411 -0.150674
169.9 -1.83196 -0.338405
170 -1.7743 -0.520583
170.1 -1.71167 -0.696683
170.2 -1.64432 -0.866217
170.3 -1.57227 -1.02871
170.4 -1.49533 -1.18368
170.5 -1.41316 -1.33062
170.6 -1.32522 -1.46898
170.7 -1.23083 -1.59813
170.8 -1.1291 -1.71738
170.9 -1.01894 -1.82594
171 -0.899001 -1.9229
171.1 -0.767668 -2.00718
171.2 -0.62304 -2.07754
171.3 -0.462964 -2.13252
171.4 -0.285159 -2.17047
171.5 -0.0875161 -2.18946
171.6 0.131305 -2.18743
171.7 0.370878 -2.16223
171.8 0.627623 -2.11192
171.9 0.893444 -2.03513
172 1.15537 -1.93155
172.1 1.39737 -1.80239
172.2 1.60451 -1.65044
172.3 1.76728 -1.47975
172.4 1.88362 -1.29498
172.5 1.95764 -1.10065
172.6 1.99664 -0.900673
172.7 2.00845 -0.698195
172.8 1.99985 -0.495607
172.9 1.97616 -0.294689
173 1.94119 -0.0967593
173.1 1.89761 0.0971842
173.2 1.84716 0.286366
173.3 1.79096 0.470155
173.4 1.72969 0.648007
173.5 1.66365 0.819428
173.6 1.59293 0.983942
173.7 1.51739 1.14107
173.8 1.43673 1.29031
173.9 1.35046 1.43113
174 1.25796 1.56292
174.1 1.15839 1.68503
174.2 1.05071 1.79667
174.3 0.933663 1.89698
174.4 0.805701 1.98492
174.5 0.665004 2.05931
174.6 0.509482 2.11877
174.7 0.33687 2.16166
174.8 0.144966 2.18617
174.9 -0.0678685 2.19024
175 -0.301827 2.17174
175.1 -0.554365 2.12864
175.2 -0.818754 2.05934
175.3 -1.08331 1.96322
175.4 -1.33254 1.84101
175.5 -1.5507 1.69507
175.6 -1.72642 1.52917
175.7 -1.85557 1.34788
175.8 -1.94078 1.15579
175.9 -1.98879 0.957048
176 -2.00746 0.755
176.1 -2.00398 0.552241
176.2 -1.98407 0.350704
176.3 -1.95195 0.151825
176.4 -1.91057 -0.0433204
176.5 -1.8619 -0.233905
176.6 -1.80724 -0.419262
176.7 -1.74734 -0.598828
176.8 -1.68262 -0.772098
176.9 -1.61321 -0.938594
177 -1.53905 -1.09784
177.1 -1.45986 -1.24934
177.2 -1.37522 -1.39258
177.3 -1.28454 -1.52696
177.4 -1.18704 -1.65185
177.5 -1.08175 -1.76651
177.6 -0.967472 -1.87008
177.7 -0.842737 -1.9616
177.8 -0.705806 -2.03992
177.9 -0.55466 -2.10371
178 -0.387065 -2.15142
178.1 -0.200765 -2.18128
178.2 0.00610503 -2.19129
178.3 0.234259 -2.17932
178.4 0.482068 -2.14329
178.5 0.744103 -2.08145
178.6 1.01006 -1.99283
178.7 1.26524 -1.87776
178.8 1.49352 -1.73814
178.9 1.68187 -1.57739
179 1.82404 -1.39993
179.1 1.921 -1.21042
179.2 1.97864 -1.01317
179.3 2.00475 -0.811753
179.4 2.00683 -0.608973
179.5 1.99103 -0.40693
179.6 1.96199 -0.207186
179.7 1.92296 -0.0109022
179.8 1.87618 0.181032
179.9 1.8231 0.367914
180 1.76461 0.549154
180.1 1.70122 0.724236
180.2 1.63312 0.892677
180.3 1.56031 1.054
180.4 1.48256 1.20773
180.5 1.3995 1.35333
180.6 1.31058 1.49026
180.7 1.21508 1.61787
180.8 1.11209 1.73548
180.9 1.00046 1.84225
181 0.878818 1.93725
181.1 0.745495 2.01939
181.2 0.598548 2.0874
181.3 0.435791 2.13978
181.4 0.254945 2.17483
181.5 0.0539754 2.19061
181.6 -0.168255 2.18501
181.7 -0.410917 2.15592
181.8 -0.669788 2.10145
181.9 -0.935971 2.02036
182 -1.19582 1.91257
182.1 -1.43316 1.77954
182.2 -1.63365 1.62429
182.3 -1.78894 1.45104
182.4 -1.89812 1.26445
182.5 -1.96602 1.06897
182.6 -2.00016 0.868404
182.7 -2.00829 0.665766
182.8 -1.99697 0.463339
182.9 -1.97125 0.262819
183 -1.93475 0.0654669
183.1 -1.88997 -0.127763
183.2 -1.83854 -0.316123
183.3 -1.7815 -0.498997
183.4 -1.71945 -0.675854
183.5 -1.65266 -0.846202
183.6 -1.58119 -1.00957
183.7 -1.50485 -1.16547
183.8 -1.42333 -1.3134
183.9 -1.33611 -1.45282
184 -1.24254 -1.58311
184.1 -1.14175 -1.7036
184.2 -1.03267 -1.81349
184.3 -0.913985 -1.91189
184.4 -0.784116 -1.99776
184.5 -0.641196 -2.06986
184.6 -0.483097 -2.12678
184.7 -0.307542 -2.16687
184.8 -0.112377 -2.18825
184.9 0.103875 -2.18886
185 0.341066 -2.16655
185.1 0.596077 -2.11935
185.2 0.861403 -2.04578
185.3 1.12461 -1.94539
185.4 1.36987 -1.81919
185.5 1.58184 -1.66978
185.6 1.75019 -1.5011
185.7 1.87199 -1.31778
185.8 1.95075 -1.12437
185.9 1.99354 -0.924896
186 2.00823 -0.722579
186.1 2.00178 -0.5199
186.2 1.97967 -0.318703
186.3 1.9459 -0.120356
186.4 1.90324 0.074111
186.5 1.85354 0.263901
186.6 1.798 0.448368
186.7 1.73731 0.626961
186.8 1.67184 0.79918
186.9 1.60168 0.964549
187 1.52673 1.12259
187.1 1.44671 1.27281
187.2 1.36115 1.41467
187.3 1.26943 1.54758
187.4 1.17076 1.67089
187.5 1.06412 1.78383
187.6 0.948276 1.88555
187.7 0.821716 1.97504
187.8 0.682655 2.05113
187.9 0.529033 2.11246
188 0.358596 2.15744
188.1 0.169115 2.18426
188.2 -0.041154 2.19091
188.3 -0.27264 2.17523
188.4 -0.523206 2.13518
188.5 -0.786691 2.06909
188.6 -1.052 1.97618
188.7 -1.30394 1.85701
188.8 -1.52656 1.71375
188.9 -1.70775 1.55002
189 -1.84247 1.37033
189.1 -1.93266 1.17931
189.2 -1.98472 0.98117
189.3 -2.00652 0.779368
189.4 -2.00537 0.57658
189.5 -1.98718 0.374812
189.6 -1.95635 0.175551
189.7 -1.91596 -0.0200913
189.8 -1.86809 -0.211262
189.9 -1.81409 -0.397278
190 -1.7548 -0.577568
190.1 -1.69065 -0.75162
190.2 -1.6218 -0.918955
190.3 -1.54822 -1.0791
190.4 -1.46965 -1.23156
190.5 -1.3857 -1.37582
190.6 -1.29578 -1.5113
190.7 -1.19915 -1.63737
190.8 -1.09486 -1.75329
190.9 -0.981729 -1.85825
191 -0.858337 -1.95128
191.1 -0.722974 -2.03125
191.2 -0.573651 -2.09686
191.3 -0.408155 -2.14659
191.4 -0.224215 -2.1787
191.5 -0.0198875 -2.1912
191.6 0.205735 -2.18199
191.7 0.45138 -2.14896
191.8 0.71215 -2.09029
191.9 0.978342 -2.0049
192 1.23569 -1.89294
192.1 1.46799 -1.75611
192.2 1.66162 -1.59769
192.3 1.80942 -1.42199
192.4 1.91157 -1.23369
192.5 1.97354 -1.03716
192.6 2.00302 -0.836083
192.7 2.00763 -0.633343
192.8 1.99371 -0.43112
192.9 1.96606 -0.231031
193 1.9281 -0.0342802
193.1 1.88216 0.158217
193.2 1.82978 0.345739
193.3 1.77191 0.527686
193.4 1.70909 0.703534
193.5 1.64156 0.872798
193.6 1.56932 1.035
193.7 1.49218 1.18967
193.8 1.40978 1.33628
193.9 1.3216 1.47428
194 1.22694 1.60305
194.1 1.1249 1.7219
194.2 1.01438 1.83002
194.3 0.894021 1.92649
194.4 0.762199 2.01024
194.5 0.617001 2.08002
194.6 0.456266 2.13436
194.7 0.277711 2.17159
194.8 0.079246 2.1898
194.9 -0.140422 2.18689
195 -0.38077 2.16073
195.1 -0.638063 2.10939
195.2 -0.904005 2.03153
195.3 -1.16545 1.92691
195.4 -1.40634 1.79678
195.5 -1.61185 1.64399
195.6 -1.77276 1.47266
195.7 -1.88732 1.28743
195.8 -1.9598 1.0928
195.9 -1.99758 0.892673
196 -2.00845 0.69015
196.1 -1.99917 0.487598
196.2 -1.97497 0.286775
196.3 -1.93962 0.0889864
196.4 -1.89573 -0.104782
196.5 -1.84503 -0.293761
196.6 -1.78863 -0.477325
196.7 -1.72716 -0.654931
196.8 -1.66094 -0.826087
196.9 -1.59003 -0.990317
197 -1.51429 -1.14714
197.1 -1.43342 -1.29606
197.2 -1.34692 -1.43653
197.3 -1.25415 -1.56796
197.4 -1.15428 -1.68966
197.5 -1.04626 -1.80087
197.6 -0.928808 -1.90071
197.7 -0.800377 -1.98814
197.8 -0.659133 -2.06197
197.9 -0.502978 -2.12079
198 -0.32964 -2.163
198.1 -0.136931 -2.18673
198.2 0.0767503 -2.18995
198.3 0.311517 -2.17052
198.4 0.564685 -2.1264
198.5 0.829336 -2.05604
198.6 1.0936 -1.95886
198.7 1.34188 -1.83565
198.8 1.55853 -1.68884
198.9 1.73243 -1.52225
199 1.85975 -1.34043
199.1 1.94334 -1.14801
199.2 1.99004 -0.949079
199.3 2.0077 -0.746958
199.4 2.00347 -0.544214
199.5 1.98301 -0.342758
199.6 1.95047 -0.144009
199.7 1.90877 0.0509701
199.8 1.85984 0.241359
199.9 1.80496 0.426497
200 1.74486 0.605822
