0 2 0
0.1 1.93169 0.190855
0.2 1.86328 0.375083
0.3 1.79378 0.552623
0.4 1.7224 0.723329
0.5 1.6485 0.886988
0.6 1.57145 1.04332
0.7 1.49061 1.192
0.8 1.4053 1.33262
0.9 1.31474 1.46471
1 1.21803 1.58771
1.1 1.11411 1.70098
1.2 1.00172 1.80377
1.3 0.879318 1.89517
1.4 0.745111 1.97413
1.5 0.596979 2.0394
1.6 0.432531 2.08952
1.7 0.24925 2.12277
1.8 0.0448588 2.13723
1.9 -0.181959 2.13076
2 -0.430341 2.10119
2.1 -0.695621 2.04664
2.2 -0.967876 1.96589
2.3 -1.23199 1.85896
2.4 -1.47046 1.7275
2.5 -1.6685 1.57475
2.6 -1.81849 1.40509
2.7 -1.92095 1.22319
2.8 -1.98208 1.03342
2.9 -2.0103 0.839382
3 -2.01372 0.643868
3.1 -1.99895 0.448952
3.2 -1.97088 0.25615
3.3 -1.93296 0.0665732
3.4 -1.88747 -0.118939
3.5 -1.83593 -0.299732
3.6 -1.77923 -0.475265
3.7 -1.7179 -0.645065
3.8 -1.65214 -0.808695
3.9 -1.58195 -0.965726
4 -1.50714 -1.11572
4.1 -1.42737 -1.25822
4.2 -1.34211 -1.3927
4.3 -1.25069 -1.51862
4.4 -1.15226 -1.63533
4.5 -1.04573 -1.7421
4.6 -0.929796 -1.83808
4.7 -0.802845 -1.92228
4.8 -0.662969 -1.99355
4.9 -0.507953 -2.05053
5 -0.335371 -2.09162
5.1 -0.142822 -2.115
5.2 0.0715429 -2.11864
5.3 0.308066 -2.10039
5.4 0.564154 -2.05818
5.5 0.832657 -1.99043
5.6 1.10102 -1.8965
5.7 1.35261 -1.77718
5.8 1.57084 -1.63494
5.9 1.74429 -1.47363
6 1.86951 -1.29781
6.1 1.95017 -1.11206
6.2 1.99384 -0.920333
6.3 2.00889 -0.725824
6.4 2.00267 -0.53094
6.5 1.98089 -0.337455
6.6 1.94764 -0.146669
6.7 1.90576 0.0404511
6.8 1.8571 0.223164
6.9 1.80285 0.400874
7 1.74371 0.573076
7.1 1.68002 0.739312
7.2 1.61189 0.89915
7.3 1.5392 1.05215
7.4 1.4617 1.19787
7.5 1.37894 1.33581
7.6 1.29031 1.46543
7.7 1.19506 1.58614
7.8 1.09219 1.69724
7.9 0.980512 1.79793
8 0.858536 1.8873
8.1 0.72449 1.96425
8.2 0.576288 2.02752
8.3 0.411578 2.07561
8.4 0.227902 2.10682
8.5 0.0230912 2.11918
8.6 -0.203993 2.11058
8.7 -0.452216 2.07888
8.8 -0.716566 2.02224
8.9 -0.986803 1.93954
9 -1.2477 1.83093
9.1 -1.48202 1.69814
9.2 -1.67558 1.54448
9.3 -1.82139 1.37433
9.4 -1.9204 1.19233
9.5 -1.97892 1.00275
9.6 -2.00528 0.809113
9.7 -2.0074 0.614153
9.8 -1.99171 0.419898
9.9 -1.96298 0.227831
10 -1.92453 0.039048
10.1 -1.87861 -0.145625
10.2 -1.82665 -0.325536
10.3 -1.76954 -0.500148
10.4 -1.70777 -0.668986
10.5 -1.64155 -0.831611
10.6 -1.57084 -0.987589
10.7 -1.49544 -1.13648
10.8 -1.41499 -1.2778
10.9 -1.32896 -1.41105
11 -1.23665 -1.53565
11.1 -1.13717 -1.65095
11.2 -1.02943 -1.75619
11.3 -0.912055 -1.85053
11.4 -0.783409 -1.93293
11.5 -0.641536 -2.00222
11.6 -0.484185 -2.057
11.7 -0.308915 -2.09565
11.8 -0.113365 -2.11632
11.9 0.104166 -2.11695
12 0.343698 -2.09538
12.1 0.602079 -2.0496
12.2 0.871405 -1.97811
12.3 1.13839 -1.88046
12.4 1.38611 -1.75769
12.5 1.59844 -1.61247
12.6 1.76498 -1.4488
12.7 1.88346 -1.27131
12.8 1.95832 -1.08449
12.9 1.9974 -0.892209
13 2.009 -0.697531
13.1 2.00025 -0.502765
13.2 1.97662 -0.309609
13.3 1.94199 -0.119308
13.4 1.89905 0.0672103
13.5 1.84953 0.249229
13.6 1.79455 0.426167
13.7 1.73473 0.597529
13.8 1.67041 0.762864
13.9 1.60163 0.921737
14 1.52827 1.07371
14.1 1.45004 1.21833
14.2 1.36647 1.3551
14.3 1.27694 1.48347
14.4 1.18065 1.60283
14.5 1.07659 1.71247
14.6 0.963518 1.81159
14.7 0.839913 1.89923
14.8 0.703955 1.97428
14.9 0.553514 2.03545
15 0.386209 2.08121
15.1 0.199594 2.10981
15.2 -0.00840839 2.11927
15.3 -0.238695 2.10746
15.4 -0.489676 2.07225
15.5 -0.755642 2.01188
15.6 -1.02556 1.92539
15.7 -1.28367 1.81312
15.8 -1.51283 1.67707
15.9 -1.6997 1.52075
16 -1.83852 1.3486
16.1 -1.93119 1.16525
16.2 -1.98452 0.974879
16.3 -2.00691 0.780901
16.4 -2.0061 0.585933
16.5 -1.98826 0.391913
16.6 -1.95795 0.200262
16.7 -1.9183 0.0120285
16.8 -1.87143 -0.171991
16.9 -1.81868 -0.351167
17 -1.76087 -0.52497
17.1 -1.69846 -0.692936
17.2 -1.63159 -0.854624
17.3 -1.56021 -1.0096
17.4 -1.48411 -1.15743
17.5 -1.40289 -1.29762
17.6 -1.316 -1.42965
17.7 -1.22271 -1.55294
17.8 -1.12211 -1.66683
17.9 -1.01306 -1.77055
18 -0.894163 -1.86322
18.1 -0.763729 -1.94381
18.2 -0.61976 -2.01108
18.3 -0.459968 -2.06364
18.4 -0.281899 -2.09981
18.5 -0.0832445 -2.11771
18.6 0.137528 -2.11525
18.7 0.380082 -2.09029
18.8 0.640666 -2.04086
18.9 0.910595 -1.96558
19 1.17588 -1.86419
19.1 1.41939 -1.73796
19.2 1.62554 -1.5898
19.3 1.78507 -1.42384
19.4 1.89684 -1.24473
19.5 1.966 -1.0569
19.6 2.0006 -0.864098
19.7 2.00885 -0.66928
19.8 1.99764 -0.474655
19.9 1.97221 -0.281844
20 1.93624 -0.0920396
20.1 1.89225 0.0938672
20.2 1.84189 0.275183
20.3 1.78617 0.451344
20.4 1.72569 0.62186
20.5 1.66072 0.786285
20.6 1.59129 0.944187
20.7 1.51725 1.09513
20.8 1.43828 1.23864
20.9 1.35389 1.37423
21 1.26344 1.50133
21.1 1.16609 1.61933
21.2 1.06081 1.7275
21.3 0.946307 1.82502
21.4 0.821033 1.9109
21.5 0.683116 1.98403
21.6 0.530384 2.04307
21.7 0.360432 2.08646
21.8 0.170831 2.11242
21.9 -0.0403858 2.11893
22 -0.273848 2.10385
22.1 -0.527469 2.0651
22.2 -0.794822 2.00098
22.3 -1.06409 1.91069
22.4 -1.31903 1.79482
22.5 -1.54274 1.65559
22.6 -1.72281 1.49668
22.7 -1.85467 1.32263
22.8 -1.94115 1.13802
22.9 -1.98949 0.946937
23 -2.00807 0.752671
23.1 -2.00444 0.557734
23.2 -1.98456 0.36398
23.3 -1.95272 0.172766
23.4 -1.91192 -0.0149021
23.5 -1.86413 -0.198256
23.6 -1.8106 -0.376684
23.7 -1.75211 -0.54967
23.8 -1.68904 -0.716753
23.9 -1.62153 -0.877497
24 -1.54949 -1.03147
24.1 -1.47268 -1.17822
24.2 -1.39067 -1.31726
24.3 -1.3029 -1.44806
24.4 -1.20862 -1.57004
24.5 -1.10687 -1.6825
24.6 -0.996485 -1.78468
24.7 -0.876029 -1.87567
24.8 -0.743766 -1.95441
24.9 -0.597653 -2.01964
25 -0.435367 -2.06993
25.1 -0.25445 -2.10358
25.2 -0.0526568 -2.11866
25.3 0.171354 -2.11308
25.4 0.416853 -2.08469
25.5 0.67946 -2.03158
25.6 0.949695 -1.9525
25.7 1.21291 -1.84739
25.8 1.45186 -1.71777
25.9 1.65164 -1.56675
26 1.80415 -1.3986
26.1 1.90932 -1.21797
26.2 1.97295 -1.0292
26.3 2.00325 -0.835946
26.4 2.00829 -0.641035
26.5 1.99474 -0.446584
26.6 1.96758 -0.254143
26.7 1.93032 -0.0648536
26.8 1.88532 0.120428
26.9 1.83413 0.30103
27 1.7777 0.476401
27.1 1.71656 0.646062
27.2 1.65094 0.80957
27.3 1.58086 0.96649
27.4 1.50613 1.11638
27.5 1.4264 1.25878
27.6 1.34118 1.39318
27.7 1.24978 1.51901
27.8 1.15136 1.63563
27.9 1.04483 1.74231
28 0.928871 1.8382
28.1 0.801888 1.92231
28.2 0.661967 1.99349
28.3 0.506894 2.05036
28.4 0.334242 2.09135
28.5 0.141612 2.11462
28.6 -0.0728345 2.11813
28.7 -0.30943 2.09975
28.8 -0.565561 2.05741
28.9 -0.834051 1.98953
29 -1.10232 1.89546
29.1 -1.35373 1.77603
29.2 -1.57173 1.63369
29.3 -1.7449 1.4723
29.4 -1.86987 1.29644
29.5 -1.95032 1.11066
29.6 -1.99383 0.918929
29.7 -2.00876 0.724427
29.8 -2.00245 0.529561
29.9 -1.9806 0.3361
30 -1.94731 0.145344
30.1 -1.90539 -0.0417419
30.2 -1.85671 -0.224418
30.3 -1.80243 -0.402088
30.4 -1.74326 -0.574246
30.5 -1.67954 -0.740438
30.6 -1.61138 -0.900228
30.7 -1.53867 -1.05318
30.8 -1.46113 -1.19884
30.9 -1.37833 -1.33673
31 -1.28967 -1.46629
31.1 -1.19437 -1.58693
31.2 -1.09145 -1.69796
31.3 -0.9797 -1.79858
31.4 -0.857648 -1.88786
31.5 -0.723514 -1.96472
31.6 -0.575207 -2.02789
31.7 -0.410375 -2.07588
31.8 -0.226561 -2.10696
31.9 -0.0215995 -2.11918
32 0.205636 -2.11043
32.1 0.453992 -2.07857
32.2 0.718423 -2.02175
32.3 0.988651 -1.93887
32.4 1.24942 -1.83008
32.5 1.48351 -1.69713
32.6 1.67675 -1.54335
32.7 1.82223 -1.3731
32.8 1.92093 -1.19104
32.9 1.9792 -1.00141
33 2.00536 -0.807761
33.1 2.00734 -0.6128
33.2 1.99155 -0.418556
33.3 1.96274 -0.226509
33.4 1.92423 -0.0377519
33.5 1.87826 0.14689
33.6 1.82627 0.326766
33.7 1.76913 0.501339
33.8 1.70733 0.670136
33.9 1.64107 0.832716
34 1.57033 0.988646
34.1 1.4949 1.13748
34.2 1.41442 1.27876
34.3 1.32834 1.41195
34.4 1.23599 1.53648
34.5 1.13646 1.65171
34.6 1.02865 1.75689
34.7 0.911203 1.85114
34.8 0.782473 1.93345
34.9 0.6405 2.00265
35 0.483034 2.05732
35.1 0.307632 2.09586
35.2 0.111933 2.1164
35.3 -0.105753 2.11688
35.4 -0.34543 2.09515
35.5 -0.603921 2.04919
35.6 -0.873283 1.97752
35.7 -1.1402 1.87969
35.8 -1.38772 1.75675
35.9 -1.59976 1.61139
36 -1.76596 1.44761
36.1 -1.88412 1.27004
36.2 -1.95871 1.08317
36.3 -1.99757 0.890864
36.4 -2.00901 0.696178
36.5 -2.00014 0.501418
36.6 -1.97641 0.308278
36.7 -1.94172 0.118
36.8 -1.89873 -0.0684889
36.9 -1.84917 -0.250474
37 -1.79415 -0.427376
37.1 -1.7343 -0.598697
37.2 -1.66994 -0.763988
37.3 -1.60114 -0.922815
37.4 -1.52775 -1.07474
37.5 -1.44948 -1.21931
37.6 -1.36587 -1.35602
37.7 -1.2763 -1.48433
37.8 -1.17996 -1.60363
37.9 -1.07584 -1.7132
38 -0.962699 -1.81224
38.1 -0.839015 -1.89979
38.2 -0.702964 -1.97475
38.3 -0.552414 -2.03582
38.4 -0.384984 -2.08147
38.5 -0.198227 -2.10995
38.6 0.00992889 -2.11927
38.7 0.240369 -2.10729
38.8 0.491478 -2.07192
38.9 0.757517 -2.01137
39 1.02741 -1.9247
39.1 1.28537 -1.81226
39.2 1.51428 -1.67605
39.3 1.70083 -1.5196
39.4 1.83931 -1.34736
39.5 1.93168 -1.16395
39.6 1.98478 -0.973543
39.7 2.00698 -0.779549
39.8 2.00603 -0.584582
39.9 1.98809 -0.390574
40 1.9577 -0.198944
40.1 1.918 -0.0107368
40.2 1.87108 0.173251
40.3 1.81829 0.352391
40.4 1.76046 0.526156
40.5 1.69801 0.694079
40.6 1.63111 0.855723
40.7 1.5597 1.01065
40.8 1.48357 1.15843
40.9 1.40231 1.29856
41 1.31537 1.43054
41.1 1.22204 1.55377
41.2 1.12138 1.66759
41.3 1.01227 1.77124
41.4 0.8933 1.86383
41.5 0.76278 1.94432
41.6 0.618709 2.0115
41.7 0.458799 2.06394
41.8 0.280595 2.1
41.9 0.0817905 2.11776
42 -0.139138 2.11516
42.1 -0.381834 2.09003
42.2 -0.64252 2.04043
42.3 -0.91247 1.96497
42.4 -1.17766 1.8634
42.5 -1.42096 1.737
42.6 -1.62681 1.5887
42.7 -1.78601 1.42264
42.8 -1.89746 1.24345
42.9 -1.96635 1.05558
43 -2.00074 0.862751
43.1 -2.00883 0.667928
43.2 -1.99751 0.47331
43.3 -1.97199 0.280516
43.4 -1.93596 0.0907359
43.5 -1.89192 -0.0951413
43.6 -1.84152 -0.276423
43.7 -1.78577 -0.452546
43.8 -1.72526 -0.623022
43.9 -1.66026 -0.787403
44 -1.5908 -0.945258
44.1 -1.51672 -1.09615
44.2 -1.43771 -1.23961
44.3 -1.35328 -1.37514
44.4 -1.26278 -1.50219
44.5 -1.16539 -1.62012
44.6 -1.06004 -1.72822
44.7 -0.945477 -1.82565
44.8 -0.820122 -1.91146
44.9 -0.68211 -1.98449
45 -0.529268 -2.04342
45.1 -0.359187 -2.0867
45.2 -0.169442 -2.11253
45.3 0.0419289 -2.1189
45.4 0.275542 -2.10367
45.5 0.529287 -2.06474
45.6 0.7967 -2.00044
45.7 1.06593 -1.90998
45.8 1.32071 -1.79393
45.9 1.54415 -1.65455
46 1.72389 -1.49552
46.1 1.85542 -1.32138
46.2 1.94161 -1.13671
46.3 1.98971 -0.945597
46.4 2.00811 -0.751318
46.5 2.00436 -0.556384
46.6 1.98437 -0.362643
46.7 1.95247 -0.171451
46.8 1.91161 0.0161894
46.9 1.86377 0.199511
47 1.81022 0.377903
47.1 1.75169 0.55085
47.2 1.68859 0.71789
47.3 1.62105 0.878589
47.4 1.54898 1.03251
47.5 1.47213 1.17921
47.6 1.39008 1.31819
47.7 1.30227 1.44894
47.8 1.20794 1.57085
47.9 1.10613 1.68325
48 0.995687 1.78536
48.1 0.875155 1.87626
48.2 0.742803 1.95491
48.3 0.596586 2.02005
48.4 0.434179 2.07022
48.5 0.253125 2.10375
48.6 0.0511803 2.1187
48.7 -0.172985 2.11296
48.8 -0.418623 2.08441
48.9 -0.681322 2.03112
49 -0.951564 1.95186
49.1 -1.21467 1.84658
49.2 -1.4534 1.71679
49.3 -1.65287 1.56564
49.4 -1.80504 1.39739
49.5 -1.9099 1.21668
49.6 -1.97326 1.02787
49.7 -2.00336 0.834597
49.8 -2.00825 0.639683
49.9 -1.99459 0.445241
50 -1.96735 0.252818
50.1 -1.93003 0.0635538
50.2 -1.88499 -0.121697
50.3 -1.83376 -0.302264
50.4 -1.77729 -0.477598
50.5 -1.71612 -0.647218
50.6 -1.65047 -0.810681
50.7 -1.58036 -0.967554
50.8 -1.50559 -1.1174
50.9 -1.42583 -1.25974
51 -1.34057 -1.39408
51.1 -1.24913 -1.51985
51.2 -1.15065 -1.6364
51.3 -1.04406 -1.74301
51.4 -0.92803 -1.83883
51.5 -0.800965 -1.92285
51.6 -0.660946 -1.99393
51.7 -0.50576 -2.0507
51.8 -0.332977 -2.09157
51.9 -0.140202 -2.11471
52 0.0744001 -2.11808
52.1 0.311145 -2.09954
52.2 0.567392 -2.05703
52.3 0.83593 -1.98896
52.4 1.10414 -1.89472
52.5 1.35538 -1.77512
52.6 1.57309 -1.63263
52.7 1.74593 -1.47112
52.8 1.87057 -1.29518
52.9 1.95074 -1.10935
53 1.99402 -0.917586
53.1 2.00878 -0.723075
53.2 2.00235 -0.528212
53.3 1.98041 -0.334767
53.4 1.94705 -0.144033
53.5 1.90508 0.0430248
53.6 1.85635 0.225668
53.7 1.80203 0.403301
53.8 1.74283 0.57542
53.9 1.67908 0.741569
54 1.61089 0.901313
54.1 1.53815 1.05422
54.2 1.46058 1.19983
54.3 1.37774 1.33765
54.4 1.28903 1.46716
54.5 1.19368 1.58774
54.6 1.0907 1.6987
54.7 0.978891 1.79924
54.8 0.856762 1.88844
54.9 0.722536 1.96521
55 0.574123 2.02828
55.1 0.409168 2.07615
55.2 0.225215 2.10711
55.3 0.0201005 2.1192
55.4 -0.207289 2.11029
55.5 -0.45578 2.07826
55.6 -0.720292 2.02126
55.7 -0.990512 1.9382
55.8 -1.25116 1.82924
55.9 -1.485 1.69613
56 -1.67792 1.54222
56.1 -1.82307 1.37188
56.2 -1.92146 1.18974
56.3 -1.97948 1.00008
56.4 -2.00545 0.806411
56.5 -2.00729 0.611449
56.6 -1.99139 0.417215
56.7 -1.9625 0.225187
56.8 -1.92394 0.0364563
56.9 -1.87792 -0.148154
57 -1.82589 -0.327996
57.1 -1.76871 -0.50253
57.2 -1.70688 -0.671286
57.3 -1.6406 -0.833821
57.4 -1.56982 -0.989704
57.5 -1.49436 -1.13849
57.6 -1.41384 -1.27971
57.7 -1.32773 -1.41284
57.8 -1.23532 -1.53732
57.9 -1.13574 -1.65248
58 -1.02787 -1.75758
58.1 -0.910351 -1.85175
58.2 -0.781536 -1.93398
58.3 -0.639464 -2.00308
58.4 -0.481883 -2.05765
58.5 -0.306347 -2.09607
58.6 -0.110501 -2.11647
58.7 0.107341 -2.11681
58.8 0.347165 -2.09491
58.9 0.605764 -2.04878
59 0.875161 -1.97693
59.1 1.142 -1.87893
59.2 1.38933 -1.75582
59.3 1.60107 -1.61031
59.4 1.76695 -1.44642
59.5 1.88478 -1.26878
59.6 1.95909 -1.08185
59.7 1.99773 -0.889519
59.8 2.00901 -0.694825
59.9 2.00002 -0.500071
60 1.9762 -0.306947
60.1 1.94145 -0.116693
60.2 1.8984 0.0697674
60.3 1.84881 0.251719
60.4 1.79375 0.428584
60.5 1.73387 0.599865
60.6 1.66948 0.765113
60.7 1.60064 0.923893
60.8 1.52722 1.07577
60.9 1.44892 1.22028
61 1.36527 1.35694
61.1 1.27565 1.48519
61.2 1.17926 1.60442
61.3 1.07509 1.71392
61.4 0.96188 1.81288
61.5 0.838116 1.90036
61.6 0.701972 1.97522
61.7 0.551314 2.03619
61.8 0.383758 2.08173
61.9 0.196859 2.11008
62 -0.0114505 2.11926
62.1 -0.242043 2.10713
62.2 -0.493282 2.07159
62.3 -0.759391 2.01086
62.4 -1.02926 1.924
62.5 -1.28708 1.81139
62.6 -1.51573 1.67503
62.7 -1.70196 1.51846
62.8 -1.84011 1.34612
62.9 -1.93218 1.16265
63 -1.98503 0.972206
63.1 -2.00704 0.778198
63.2 -2.00595 0.583231
63.3 -1.98792 0.389236
63.4 -1.95745 0.197626
63.5 -1.91769 0.00944543
63.6 -1.87073 -0.174511
63.7 -1.81791 -0.353615
63.8 -1.76004 -0.527341
63.9 -1.69756 -0.695222
64 -1.63063 -0.856821
64.1 -1.55919 -1.0117
64.2 -1.48302 -1.15942
64.3 -1.40173 -1.2995
64.4 -1.31475 -1.43142
64.5 -1.22137 -1.55459
64.6 -1.12066 -1.66834
64.7 -1.01148 -1.77192
64.8 -0.892437 -1.86443
64.9 -0.76183 -1.94483
65 -0.617657 -2.01192
65.1 -0.457629 -2.06425
65.2 -0.279289 -2.10018
65.3 -0.0803354 -2.11782
65.4 0.140748 -2.11506
65.5 0.383587 -2.08978
65.6 0.644373 -2.03999
65.7 0.914345 -1.96435
65.8 1.17945 -1.8626
65.9 1.42253 -1.73605
66 1.62808 -1.58761
66.1 1.78694 -1.42143
66.2 1.89808 -1.24218
66.3 1.96669 -1.05425
66.4 2.00088 -0.861404
66.5 2.00881 -0.666575
66.6 1.99738 -0.471965
66.7 1.97177 -0.279189
66.8 1.93568 -0.0894324
66.9 1.89159 0.0964151
67 1.84115 0.277663
67.1 1.78537 0.453748
67.2 1.72482 0.624183
67.3 1.65979 0.788521
67.4 1.5903 0.946329
67.5 1.51619 1.09717
67.6 1.43715 1.24058
67.7 1.35268 1.37605
67.8 1.26213 1.50304
67.9 1.16468 1.6209
68 1.05928 1.72893
68.1 0.944647 1.82629
68.2 0.819211 1.91201
68.3 0.681104 1.98495
68.4 0.52815 2.04378
68.5 0.357941 2.08694
68.6 0.168053 2.11265
68.7 -0.0434731 2.11887
68.8 -0.277237 2.10348
68.9 -0.531105 2.06438
69 -0.798578 1.99991
69.1 -1.06777 1.90926
69.2 -1.32238 1.79304
69.3 -1.54556 1.65351
69.4 -1.72497 1.49436
69.5 -1.85617 1.32013
69.6 -1.94207 1.13541
69.7 -1.98993 0.944257
69.8 -2.00815 0.749966
69.9 -2.00427 0.555034
70 -1.98419 0.361307
70.1 -1.95221 0.170136
70.2 -1.9113 -0.0174765
70.3 -1.86342 -0.200766
70.4 -1.80983 -0.379122
70.5 -1.75127 -0.552029
70.6 -1.68814 -0.719027
70.7 -1.62056 -0.87968
70.8 -1.54846 -1.03355
70.9 -1.47158 -1.1802
71 -1.3895 -1.31913
71.1 -1.30164 -1.44982
71.2 -1.20726 -1.57166
71.3 -1.1054 -1.68399
71.4 -0.994887 -1.78603
71.5 -0.87428 -1.87685
71.6 -0.741839 -1.95541
71.7 -0.595518 -2.02045
71.8 -0.43299 -2.07052
71.9 -0.251798 -2.10392
72 -0.0497027 -2.11873
72.1 0.174617 -2.11285
72.2 0.420394 -2.08412
72.3 0.683185 -2.03066
72.4 0.953432 -1.95122
72.5 1.21643 -1.84576
72.6 1.45493 -1.71581
72.7 1.65409 -1.56453
72.8 1.80592 -1.39617
72.9 1.91047 -1.2154
73 1.97358 -1.02655
73.1 2.00347 -0.833248
73.2 2.00822 -0.63833
73.3 1.99445 -0.443898
73.4 1.96712 -0.251494
73.5 1.92974 -0.0622543
73.6 1.88465 0.122966
73.7 1.83338 0.303499
73.8 1.77688 0.478795
73.9 1.71568 0.648374
74 1.65 0.811792
74.1 1.57986 0.968618
74.2 1.50506 1.11841
74.3 1.42526 1.2607
74.4 1.33996 1.39498
74.5 1.24847 1.52069
74.6 1.14994 1.63718
74.7 1.04329 1.74371
74.8 0.927189 1.83945
74.9 0.800041 1.92339
75 0.659925 1.99438
75.1 0.504625 2.05104
75.2 0.331711 2.09179
75.3 0.13879 2.1148
75.4 -0.0759668 2.11803
75.5 -0.31286 2.09933
75.6 -0.569224 2.05665
75.7 -0.837809 1.9884
75.8 -1.10596 1.89397
75.9 -1.35702 1.7742
76 -1.57445 1.63157
76.1 -1.74696 1.46995
76.2 -1.87127 1.29392
76.3 -1.95116 1.10803
76.4 -1.99421 0.916243
76.5 -2.0088 0.721722
76.6 -2.00224 0.526864
76.7 -1.98021 0.333433
76.8 -1.94678 0.142722
76.9 -1.90476 -0.0443075
77 -1.85599 -0.226918
77.1 -1.80164 -0.404515
77.2 -1.7424 -0.576594
77.3 -1.67863 -0.742699
77.4 -1.6104 -0.902397
77.5 -1.53763 -1.05525
77.6 -1.46002 -1.20081
77.7 -1.37714 -1.33858
77.8 -1.2884 -1.46803
77.9 -1.19299 -1.58854
78 -1.08996 -1.69943
78.1 -0.978081 -1.7999
78.2 -0.855875 -1.88901
78.3 -0.721558 -1.96569
78.4 -0.573039 -2.02866
78.5 -0.40796 -2.07643
78.6 -0.223867 -2.10726
78.7 -0.0186004 -2.11921
78.8 0.208943 -2.11015
78.9 0.457568 -2.07795
79 0.722162 -2.02078
79.1 0.992373 -1.93754
79.2 1.25289 -1.82839
79.3 1.48649 -1.69513
79.4 1.6791 -1.54109
79.5 1.82391 -1.37065
79.6 1.922 -1.18845
79.7 1.97976 -0.998749
79.8 2.00554 -0.80506
79.9 2.00723 -0.610097
80 1.99123 -0.415874
80.1 1.96227 -0.223866
80.2 1.92364 -0.0351608
80.3 1.87758 0.149419
80.4 1.82551 0.329225
80.5 1.7683 0.503721
80.6 1.70644 0.672435
80.7 1.64012 0.834925
80.8 1.56932 0.99076
80.9 1.49382 1.1395
81 1.41326 1.28066
81.1 1.32711 1.41374
81.2 1.23466 1.53815
81.3 1.13502 1.65324
81.4 1.02709 1.75827
81.5 0.909499 1.85236
81.6 0.780599 1.93451
81.7 0.638428 2.00351
81.8 0.48073 2.05797
81.9 0.305061 2.09627
82 0.109067 2.11655
82.1 -0.10893 2.11673
82.2 -0.3489 2.09468
82.3 -0.607608 2.04837
82.4 -0.877039 1.97634
82.5 -1.1438 1.87816
82.6 -1.39094 1.75488
82.7 -1.60239 1.60923
82.8 -1.76793 1.44523
82.9 -1.88544 1.26751
83 -1.95947 1.08054
83.1 -1.9979 0.888174
83.2 -2.00901 0.693472
83.3 -1.9999 0.498724
83.4 -1.976 0.305617
83.5 -1.94118 0.115386
83.6 -1.89808 -0.0710456
83.7 -1.84844 -0.252964
83.8 -1.79335 -0.429791
83.9 -1.73344 -0.601032
84 -1.66902 -0.766237
84.1 -1.60015 -0.924971
84.2 -1.5267 -1.0768
84.3 -1.44836 -1.22126
84.4 -1.36467 -1.35786
84.5 -1.27501 -1.48605
84.6 -1.17857 -1.60522
84.7 -1.07434 -1.71465
84.8 -0.961059 -1.81353
84.9 -0.837217 -1.90092
85 -0.70098 -1.9757
85.1 -0.550213 -2.03656
85.2 -0.382531 -2.08199
85.3 -0.19549 -2.11021
85.4 0.0129731 -2.11925
85.5 0.243718 -2.10697
85.6 0.495086 -2.07125
85.7 0.761266 -2.01035
85.8 1.03111 -1.92331
85.9 1.28879 -1.81052
86 1.51718 -1.67401
86.1 1.70308 -1.51731
86.2 1.8409 -1.34488
86.3 1.93267 -1.16135
86.4 1.98528 -0.970869
86.5 2.00711 -0.776846
86.6 2.00588 -0.58188
86.7 1.98775 -0.387897
86.8 1.95721 -0.196308
86.9 1.91739 -0.00815421
87 1.87038 0.175771
87.1 1.81752 0.354839
87.2 1.75962 0.528526
87.3 1.69711 0.696365
87.4 1.63015 0.857919
87.5 1.55868 1.01275
87.6 1.48248 1.16042
87.7 1.40114 1.30045
87.8 1.31413 1.43231
87.9 1.22069 1.55541
88 1.11993 1.6691
88.1 1.01069 1.7726
88.2 0.891573 1.86503
88.3 0.760879 1.94535
88.4 0.616605 2.01233
88.5 0.456458 2.06456
88.6 0.277983 2.10037
88.7 0.0788792 2.11787
88.8 -0.142359 2.11497
88.9 -0.385341 2.08952
89 -0.646228 2.03956
89.1 -0.916219 1.96373
89.2 -1.18123 1.86181
89.3 -1.4241 1.73509
89.4 -1.62935 1.58651
89.5 -1.78787 1.42023
89.6 -1.89869 1.2409
89.7 -1.96704 1.05293
89.8 -2.00101 0.860057
89.9 -2.00879 0.665222
90 -1.99725 0.47062
90.1 -1.97156 0.277861
90.2 -1.9354 0.0881291
90.3 -1.89126 -0.0976887
90.4 -1.84078 -0.278903
90.5 -1.78496 -0.454951
90.6 -1.72439 -0.625345
90.7 -1.65932 -0.789638
90.8 -1.5898 -0.9474
90.9 -1.51566 -1.09819
91 -1.43658 -1.24154
91.1 -1.35207 -1.37696
91.2 -1.26148 -1.50389
91.3 -1.16398 -1.62169
91.4 -1.05852 -1.72964
91.5 -0.943816 -1.82693
91.6 -0.818299 -1.91256
91.7 -0.680097 -1.98541
91.8 -0.527032 -2.04414
91.9 -0.356695 -2.08718
92 -0.166662 -2.11276
92.1 0.0450183 -2.11884
92.2 0.278933 -2.10329
92.3 0.532924 -2.06403
92.4 0.800456 -1.99937
92.5 1.0696 -1.90854
92.6 1.32406 -1.79215
92.7 1.54696 -1.65247
92.8 1.72605 -1.4932
92.9 1.85691 -1.31888
93 1.94252 -1.1341
93.1 1.99015 -0.942917
93.2 2.00819 -0.748614
93.3 2.00418 -0.553685
93.4 1.984 -0.359971
93.5 1.95196 -0.168822
93.6 1.91099 0.0187634
93.7 1.86307 0.202021
93.8 1.80944 0.380341
93.9 1.75085 0.553208
94 1.68769 0.720164
94.1 1.62008 0.880771
94.2 1.54794 1.0346
94.3 1.47103 1.18119
94.4 1.38891 1.32006
94.5 1.30101 1.45069
94.6 1.20658 1.57248
94.7 1.10466 1.68474
94.8 0.994087 1.78669
94.9 0.873404 1.87744
95 0.740875 1.9559
95.1 0.59445 2.02085
95.2 0.431801 2.07081
95.3 0.250471 2.10409
95.4 0.0482241 2.11876
95.5 -0.176251 2.11273
95.6 -0.422166 2.08384
95.7 -0.685048 2.0302
95.8 -0.955301 1.95058
95.9 -1.21819 1.84494
96 -1.45646 1.71483
96.1 -1.65531 1.56341
96.2 -1.80681 1.39496
96.3 -1.91104 1.21411
96.4 -1.97389 1.02522
96.5 -2.00358 0.831899
96.6 -2.00818 0.636978
96.7 -1.9943 0.442555
96.8 -1.9669 0.250169
96.9 -1.92945 0.060955
97 -1.88432 -0.124235
97.1 -1.83301 -0.304734
97.2 -1.77647 -0.479991
97.3 -1.71524 -0.649529
97.4 -1.64953 -0.812903
97.5 -1.57935 -0.969682
97.6 -1.50452 -1.11942
97.7 -1.42469 -1.26166
97.8 -1.33934 -1.39588
97.9 -1.24781 -1.52153
98 -1.14923 -1.63795
98.1 -1.04251 -1.74442
98.2 -0.926347 -1.84007
98.3 -0.799116 -1.92393
98.4 -0.658903 -1.99482
98.5 -0.503489 -2.05138
98.6 -0.330445 -2.09202
98.7 -0.137377 -2.1149
98.8 0.0775345 -2.11798
98.9 0.314576 -2.09912
99 0.571056 -2.05626
99.1 0.839688 -1.98784
99.2 1.10778 -1.89323
99.3 1.35866 -1.77329
99.4 1.57581 -1.63051
99.5 1.74799 -1.46877
99.6 1.87197 -1.29266
99.7 1.95157 -1.10672
99.8 1.9944 -0.914901
99.9 2.00882 -0.720369
100 2.00214 -0.525516
100.1 1.98001 -0.3321
100.2 1.94652 -0.141411
100.3 1.90444 0.04559
100.4 1.85563 0.228167
100.5 1.80124 0.405728
100.6 1.74198 0.577767
100.7 1.67817 0.743829
100.8 1.60992 0.903482
100.9 1.53711 1.05629
101 1.45947 1.20179
101.1 1.37655 1.33951
101.2 1.28776 1.46889
101.3 1.19231 1.58934
101.4 1.08922 1.70016
101.5 0.977271 1.80056
101.6 0.854987 1.88959
101.7 0.72058 1.96618
101.8 0.571954 2.02905
101.9 0.406752 2.0767
102 0.222518 2.10741
102.1 0.0170992 2.11922
102.2 -0.210598 2.11001
102.3 -0.459357 2.07764
102.4 -0.724032 2.02029
102.5 -0.994233 1.93687
102.6 -1.25462 1.82755
102.7 -1.48798 1.69413
102.8 -1.68027 1.53996
102.9 -1.82474 1.36942
103 -1.92253 1.18716
103.1 -1.98004 0.997415
103.2 -2.00563 0.80371
103.3 -2.00718 0.608745
103.4 -1.99107 0.414533
103.5 -1.96203 0.222545
103.6 -1.92335 0.0338656
103.7 -1.87724 -0.150683
103.8 -1.82513 -0.330454
103.9 -1.76789 -0.504912
104 -1.706 -0.673584
104.1 -1.63965 -0.83603
104.2 -1.56881 -0.991817
104.3 -1.49328 -1.1405
104.4 -1.41268 -1.28161
104.5 -1.32649 -1.41463
104.6 -1.23399 -1.53898
104.7 -1.1343 -1.65401
104.8 -1.02631 -1.75896
104.9 -0.908646 -1.85298
105 -0.779661 -1.93503
105.1 -0.63739 -2.00394
105.2 -0.479576 -2.05829
105.3 -0.303774 -2.09648
105.4 -0.107632 -2.11662
105.5 0.11052 -2.11666
105.6 0.350636 -2.09444
105.7 0.609452 -2.04796
105.8 0.878916 -1.97575
105.9 1.1456 -1.87739
106 1.39255 -1.75394
106.1 1.6037 -1.60815
106.2 1.76891 -1.44404
106.3 1.8861 -1.26624
106.4 1.95985 -1.07922
106.5 1.99806 -0.886829
106.6 2.00901 -0.692119
106.7 1.99978 -0.497378
106.8 1.97579 -0.304286
106.9 1.9409 -0.114079
107 1.89776 0.0723236
107.1 1.84808 0.254208
107.2 1.79295 0.430999
107.3 1.73301 0.6022
107.4 1.66856 0.76736
107.5 1.59966 0.926048
107.6 1.52617 1.07783
107.7 1.4478 1.22223
107.8 1.36407 1.35878
107.9 1.27437 1.48691
108 1.17787 1.60601
108.1 1.07358 1.71537
108.2 0.960239 1.81418
108.3 0.836317 1.90148
108.4 0.699987 1.97617
108.5 0.549111 2.03693
108.6 0.381303 2.08224
108.7 0.19412 2.11034
108.8 -0.0144969 2.11924
108.9 -0.245395 2.1068
109 -0.496891 2.07092
109.1 -0.763141 2.00983
109.2 -1.03296 1.92261
109.3 -1.29049 1.80966
109.4 -1.51863 1.67299
109.5 -1.70421 1.51616
109.6 -1.84169 1.34364
109.7 -1.93316 1.16004
109.8 -1.98552 0.969532
109.9 -2.00717 0.775495
110 -2.00581 0.58053
110.1 -1.98757 0.386559
110.2 -1.95696 0.19499
110.3 -1.91709 0.0068632
110.4 -1.87004 -0.17703
110.5 -1.81714 -0.356063
110.6 -1.7592 -0.529711
110.7 -1.69666 -0.697508
110.8 -1.62967 -0.859016
110.9 -1.55817 -1.0138
111 -1.48193 -1.16142
111.1 -1.40056 -1.30139
111.2 -1.3135 -1.43319
111.3 -1.22002 -1.55623
111.4 -1.1192 -1.66985
111.5 -1.0099 -1.77328
111.6 -0.890708 -1.86563
111.7 -0.759928 -1.94586
111.8 -0.615552 -2.01275
111.9 -0.455286 -2.06487
112 -0.276675 -2.10056
112.1 -0.0774219 -2.11792
112.2 0.143972 -2.11487
112.3 0.387096 -2.08926
112.4 0.648082 -2.03912
112.5 0.918093 -1.96312
112.6 1.18301 -1.86101
112.7 1.42567 -1.73413
112.8 1.63061 -1.58541
112.9 1.7888 -1.41903
113 1.8993 -1.23962
113.1 1.96738 -1.0516
113.2 2.00115 -0.858709
113.3 2.00877 -0.66387
113.4 1.99711 -0.469275
113.5 1.97134 -0.276533
113.6 1.93512 -0.0868259
113.7 1.89093 0.0989621
113.8 1.84041 0.280142
113.9 1.78456 0.456152
114 1.72395 0.626506
114.1 1.65886 0.790756
114.2 1.5893 0.94847
114.3 1.51513 1.09921
114.4 1.43601 1.24251
114.5 1.35146 1.37787
114.6 1.26083 1.50473
114.7 1.16328 1.62247
114.8 1.05776 1.73036
114.9 0.942985 1.82756
115 0.817387 1.91311
115.1 0.679089 1.98587
115.2 0.525913 2.04449
115.3 0.355447 2.08742
115.4 0.16527 2.11287
115.5 -0.0465646 2.11881
115.6 -0.28063 2.10311
115.7 -0.534743 2.06367
115.8 -0.802334 1.99883
115.9 -1.07144 1.90782
116 -1.32573 1.79126
116.1 -1.54837 1.65143
116.2 -1.72712 1.49204
116.3 -1.85766 1.31763
116.4 -1.94297 1.13279
116.5 -1.99037 0.941577
116.6 -2.00823 0.747262
116.7 -2.00409 0.552335
116.8 -1.98382 0.358635
116.9 -1.9517 0.167508
117 -1.91068 -0.0200501
117.1 -1.86271 -0.203275
117.2 -1.80905 -0.381559
117.3 -1.75042 -0.554387
117.4 -1.68723 -0.7213
117.5 -1.61959 -0.881862
117.6 -1.54743 -1.03564
117.7 -1.47048 -1.18218
117.8 -1.38832 -1.321
117.9 -1.30038 -1.45157
118 -1.2059 -1.57329
118.1 -1.10393 -1.68548
118.2 -0.993287 -1.78736
118.3 -0.872528 -1.87803
118.4 -0.73991 -1.9564
118.5 -0.59338 -2.02125
118.6 -0.43061 -2.0711
118.7 -0.249142 -2.10426
118.8 -0.0467444 -2.1188
118.9 0.177885 -2.11261
119 0.423939 -2.08356
119.1 0.686911 -2.02974
119.2 0.957169 -1.94993
119.3 1.21994 -1.84412
119.4 1.45799 -1.71385
119.5 1.65653 -1.5623
119.6 1.80769 -1.39374
119.7 1.91161 -1.21282
119.8 1.9742 -1.02389
119.9 2.00369 -0.83055
120 2.00814 -0.635626
120.1 1.99415 -0.441212
120.2 1.96667 -0.248845
120.3 1.92916 -0.0596558
120.4 1.88398 0.125504
120.5 1.83263 0.305968
120.6 1.77606 0.481187
120.7 1.7148 0.650684
120.8 1.64906 0.814014
120.9 1.57885 0.970745
121 1.50399 1.12044
121.1 1.42412 1.26262
121.2 1.33873 1.39679
121.3 1.24715 1.52237
121.4 1.14852 1.63872
121.5 1.04174 1.74512
121.6 0.925505 1.8407
121.7 0.798191 1.92447
121.8 0.65788 1.99527
121.9 0.502352 2.05172
122 0.329177 2.09224
122.1 0.135963 2.11499
122.2 -0.0791034 2.11793
122.3 -0.316294 2.09891
122.4 -0.572889 2.05588
122.5 -0.841567 1.98727
122.6 -1.1096 1.89248
122.7 -1.3603 1.77237
122.8 -1.57717 1.62945
122.9 -1.74901 1.46759
123 -1.87267 1.2914
123.1 -1.95198 1.1054
123.2 -1.99459 0.913558
123.3 -2.00884 0.719017
123.4 -2.00203 0.524168
123.5 -1.97982 0.330767
123.6 -1.94625 0.140101
123.7 -1.90413 -0.0468723
123.8 -1.85527 -0.229417
123.9 -1.80085 -0.40694
124 -1.74155 -0.57894
124.1 -1.67771 -0.744959
124.2 -1.60943 -0.904565
124.3 -1.53659 -1.05732
124.4 -1.45891 -1.20278
124.5 -1.37596 -1.34044
124.6 -1.28712 -1.46976
124.7 -1.19162 -1.59015
124.8 -1.08847 -1.7009
124.9 -0.976461 -1.80121
125 -0.854099 -1.89017
125.1 -0.719601 -1.96667
125.2 -0.570868 -2.02943
125.3 -0.405542 -2.07698
125.4 -0.221169 -2.10756
125.5 -0.015597 -2.11923
125.6 0.212255 -2.10987
125.7 0.461146 -2.07733
125.8 0.725902 -2.0198
125.9 0.996093 -1.9362
126 1.25636 -1.82671
126.1 1.48947 -1.69313
126.2 1.68144 -1.53883
126.3 1.82558 -1.36819
126.4 1.92305 -1.18586
126.5 1.98032 -0.996082
126.6 2.00571 -0.802359
126.7 2.00712 -0.607394
126.8 1.99091 -0.413192
126.9 1.96179 -0.221224
127 1.92305 -0.0325706
127.1 1.8769 0.151947
127.2 1.82475 0.331683
127.3 1.76747 0.506102
127.4 1.70555 0.674732
127.5 1.63917 0.837133
127.6 1.5683 0.992873
127.7 1.49274 1.14151
127.8 1.41211 1.28256
127.9 1.32587 1.41552
128 1.23333 1.53981
128.1 1.13358 1.65477
128.2 1.02553 1.75965
128.3 0.907793 1.85359
128.4 0.778722 1.93556
128.5 0.636352 2.00437
128.6 0.478422 2.05862
128.7 0.302486 2.09668
128.8 0.106196 2.11669
128.9 -0.112111 2.11659
129 -0.352373 2.09421
129.1 -0.611297 2.04755
129.2 -0.880794 1.97516
129.3 -1.14741 1.87661
129.4 -1.39415 1.75301
129.5 -1.60501 1.60707
129.6 -1.76988 1.44285
129.7 -1.88675 1.26497
129.8 -1.96023 1.0779
129.9 -1.99822 0.885483
130 -2.009 0.690766
130.1 -1.99966 0.496031
130.2 -1.97558 0.302956
130.3 -1.94063 0.112772
130.4 -1.89743 -0.0736014
130.5 -1.84771 -0.255453
130.6 -1.79255 -0.432206
130.7 -1.73258 -0.603366
130.8 -1.6681 -0.768484
130.9 -1.59916 -0.927125
131 -1.52564 -1.07885
131.1 -1.44723 -1.22321
131.2 -1.36347 -1.3597
131.3 -1.27372 -1.48777
131.4 -1.17718 -1.6068
131.5 -1.07283 -1.71609
131.6 -0.959418 -1.81482
131.7 -0.835416 -1.90205
131.8 -0.698993 -1.97664
131.9 -0.548008 -2.0373
132 -0.380074 -2.0825
132.1 -0.192749 -2.11047
132.2 0.0160217 -2.11923
132.3 0.247072 -2.10664
132.4 0.498696 -2.07058
132.5 0.765016 -2.00932
132.6 1.03481 -1.92192
132.7 1.29219 -1.80879
132.8 1.52007 -1.67197
132.9 1.70533 -1.51501
133 1.84247 -1.3424
133.1 1.93365 -1.15874
133.2 1.98577 -0.968195
133.3 2.00723 -0.774143
133.4 2.00573 -0.579179
133.5 1.9874 -0.38522
133.6 1.95671 -0.193672
133.7 1.91679 -0.0055724
133.8 1.86969 0.178289
133.9 1.81675 0.357287
134 1.75878 0.530895
134.1 1.69621 0.69865
134.2 1.62919 0.860113
134.3 1.55766 1.01485
134.4 1.48139 1.16242
134.5 1.39998 1.30233
134.6 1.31288 1.43407
134.7 1.21935 1.55705
134.8 1.11848 1.6706
134.9 1.00911 1.77396
135 0.889843 1.86623
135.1 0.758976 1.94637
135.2 0.614498 2.01316
135.3 0.454113 2.06517
135.4 0.275367 2.10074
135.5 0.0759636 2.11797
135.6 -0.145585 2.11477
135.7 -0.388851 2.089
135.8 -0.649937 2.03869
135.9 -0.919967 1.9625
136 -1.18479 1.86022
136.1 -1.42724 1.73317
136.2 -1.63188 1.58431
136.3 -1.78973 1.41782
136.4 -1.89991 1.23834
136.5 -1.96773 1.05028
136.6 -2.00128 0.857362
136.7 -2.00875 0.662517
136.8 -1.99698 0.46793
136.9 -1.97112 0.275206
137 -1.93484 0.085523
137.1 -1.8906 -0.100235
137.2 -1.84004 -0.281382
137.3 -1.78415 -0.457354
137.4 -1.72351 -0.627666
137.5 -1.65839 -0.791873
137.6 -1.5888 -0.94954
137.7 -1.5146 -1.10023
137.8 -1.43545 -1.24348
137.9 -1.35086 -1.37878
138 -1.26018 -1.50558
138.1 -1.16258 -1.62325
138.2 -1.057 -1.73107
138.3 -0.942153 -1.8282
138.4 -0.816474 -1.91366
138.5 -0.678081 -1.98632
138.6 -0.524793 -2.04484
138.7 -0.354199 -2.08766
138.8 -0.163877 -2.11298
138.9 0.048112 -2.11878
139 0.282328 -2.10292
139.1 0.536564 -2.06331
139.2 0.804212 -1.99829
139.3 1.07327 -1.9071
139.4 1.3274 -1.79037
139.5 1.54977 -1.65038
139.6 1.7282 -1.49087
139.7 1.8584 -1.31638
139.8 1.94342 -1.13148
139.9 1.99058 -0.940236
140 2.00827 -0.745909
140.1 2.004 -0.550986
140.2 1.98363 -0.3573
140.3 1.95144 -0.166193
140.4 1.91037 0.0213366
140.5 1.86236 0.20453
140.6 1.80866 0.382777
140.7 1.75 0.555566
140.8 1.68678 0.722436
140.9 1.61911 0.882952
141 1.54691 1.03668
141.1 1.46992 1.18317
141.2 1.38773 1.32193
141.3 1.29975 1.45244
141.4 1.20522 1.5741
141.5 1.10319 1.68622
141.6 0.992486 1.78803
141.7 0.871651 1.87861
141.8 0.738944 1.9569
141.9 0.59231 2.02165
142 0.429419 2.07139
142.1 0.247813 2.10442
142.2 0.0452636 2.11883
142.3 -0.179521 2.11249
142.4 -0.425713 2.08327
142.5 -0.688775 2.02927
142.6 -0.959037 1.94929
142.7 -1.2217 1.84329
142.8 -1.45952 1.71287
142.9 -1.65775 1.56118
143 -1.80857 1.39252
143.1 -1.91218 1.21154
143.2 -1.97451 1.02256
143.3 -2.0038 0.829201
143.4 -2.0081 0.634274
143.5 -1.994 0.439869
143.6 -1.96644 0.247521
143.7 -1.92888 0.0583569
143.8 -1.88364 -0.126772
143.9 -1.83226 -0.307202
144 -1.77566 -0.482383
144.1 -1.71436 -0.651838
144.2 -1.64859 -0.815124
144.3 -1.57835 -0.971808
144.4 -1.50345 -1.12145
144.5 -1.42354 -1.26358
144.6 -1.33812 -1.39769
144.7 -1.24649 -1.52321
144.8 -1.14781 -1.6395
144.9 -1.04097 -1.74582
145 -0.924662 -1.84132
145.1 -0.797265 -1.92501
145.2 -0.656856 -1.99571
145.3 -0.501215 -2.05206
145.4 -0.327909 -2.09246
145.5 -0.134549 -2.11508
145.6 0.0806733 -2.11788
145.7 0.318012 -2.0987
145.8 0.574722 -2.05549
145.9 0.843446 -1.9867
146 1.11142 -1.89174
146.1 1.36194 -1.77146
146.2 1.57852 -1.62839
146.3 1.75004 -1.46642
146.4 1.87337 -1.29014
146.5 1.9524 -1.10409
146.6 1.99478 -0.912214
146.7 2.00886 -0.717664
146.8 2.00193 -0.52282
146.9 1.97962 -0.329434
147 1.94599 -0.13879
147.1 1.90381 0.0481544
147.2 1.85491 0.230666
147.3 1.80045 0.408153
147.4 1.74112 0.580112
147.5 1.67725 0.746089
147.6 1.60894 0.905649
147.7 1.53606 1.05836
147.8 1.45835 1.20376
147.9 1.37536 1.34136
148 1.28648 1.47063
148.1 1.19093 1.59095
148.2 1.08773 1.70163
148.3 0.975649 1.80187
148.4 0.85321 1.89074
148.5 0.718621 1.96715
148.6 0.569782 2.02982
148.7 0.404332 2.07725
148.8 0.219818 2.10771
148.9 0.0140936 2.11924
149 -0.213912 2.10972
149.1 -0.462937 2.07702
149.2 -0.727772 2.01931
149.3 -0.997952 1.93553
149.4 -1.25808 1.82586
149.5 -1.49096 1.69212
149.6 -1.68261 1.5377
149.7 -1.82641 1.36696
149.8 -1.92358 1.18457
149.9 -1.98059 0.994748
150 -2.0058 0.801008
150.1 -2.00706 0.606042
150.2 -1.99075 0.411852
150.3 -1.96155 0.219903
150.4 -1.92276 0.0312758
150.5 -1.87655 -0.153211
150.6 -1.82437 -0.332912
150.7 -1.76706 -0.507292
150.8 -1.70511 -0.675881
150.9 -1.63869 -0.838237
151 -1.5678 -0.993929
151.1 -1.4922 -1.14251
151.2 -1.41153 -1.28351
151.3 -1.32525 -1.41641
151.4 -1.23266 -1.54064
151.5 -1.13286 -1.65553
151.6 -1.02475 -1.76034
151.7 -0.906938 -1.8542
151.8 -0.777783 -1.93608
151.9 -0.635313 -2.00479
152 -0.477266 -2.05894
152.1 -0.301197 -2.09688
152.2 -0.104759 -2.11676
152.3 0.113704 -2.11651
152.4 0.35411 -2.09397
152.5 0.613142 -2.04714
152.6 0.882671 -1.97457
152.7 1.14921 -1.87584
152.8 1.39575 -1.75207
152.9 1.60632 -1.60599
153 1.77086 -1.44166
153.1 1.8874 -1.2637
153.2 1.9606 -1.07658
153.3 1.99838 -0.884137
153.4 2.009 -0.689414
153.5 1.99954 -0.494685
153.6 1.97537 -0.301626
153.7 1.94036 -0.111465
153.8 1.89711 0.0748789
153.9 1.84735 0.256697
154 1.79215 0.433413
154.1 1.73215 0.604533
154.2 1.66763 0.769607
154.3 1.59867 0.928202
154.4 1.52512 1.07988
154.5 1.44667 1.22418
154.6 1.36287 1.36061
154.7 1.27308 1.48862
154.8 1.17648 1.60759
154.9 1.07208 1.71682
155 0.958596 1.81547
155.1 0.834515 1.90261
155.2 0.697999 1.97711
155.3 0.546905 2.03767
155.4 0.378844 2.08276
155.5 0.191377 2.1106
155.6 -0.0175476 2.11922
155.7 -0.24875 2.10647
155.8 -0.500502 2.07025
155.9 -0.766892 2.0088
156 -1.03666 1.92122
156.1 -1.29389 1.80792
156.2 -1.52152 1.67094
156.3 -1.70645 1.51387
156.4 -1.84326 1.34116
156.5 -1.93413 1.15744
156.6 -1.98602 0.966858
156.7 -2.00729 0.772792
156.8 -2.00566 0.577828
156.9 -1.98722 0.383882
157 -1.95647 0.192355
157.1 -1.91648 0.00428179
157.2 -1.86934 -0.179548
157.3 -1.81637 -0.35851
157.4 -1.75837 -0.53208
157.5 -1.69576 -0.699792
157.6 -1.62871 -0.86121
157.7 -1.55714 -1.0159
157.8 -1.48084 -1.16342
157.9 -1.39939 -1.30328
158 -1.31225 -1.43496
158.1 -1.21868 -1.55787
158.2 -1.11775 -1.67136
158.3 -1.00832 -1.77464
158.4 -0.888978 -1.86683
158.5 -0.758023 -1.94688
158.6 -0.613443 -2.01357
158.7 -0.452939 -2.06548
158.8 -0.274057 -2.10093
158.9 -0.0745042 -2.11802
159 0.1472 -2.11468
159.1 0.390608 -2.08873
159.2 0.651793 -2.03825
159.3 0.921841 -1.96188
159.4 1.18657 -1.85942
159.5 1.4288 -1.73221
159.6 1.63314 -1.58321
159.7 1.79066 -1.41662
159.8 1.90052 -1.23706
159.9 1.96807 -1.04895
160 2.00141 -0.856014
160.1 2.00873 -0.661164
160.2 1.99684 -0.466586
160.3 1.9709 -0.273879
160.4 1.93455 -0.0842202
160.5 1.89027 0.101508
160.6 1.83967 0.28262
160.7 1.78375 0.458555
160.8 1.72308 0.628827
160.9 1.65792 0.792989
161 1.58831 0.95061
161.1 1.51407 1.10125
161.2 1.43488 1.24444
161.3 1.35025 1.37969
161.4 1.25953 1.50643
161.5 1.16187 1.62404
161.6 1.05623 1.73178
161.7 0.941321 1.82883
161.8 0.81556 1.91421
161.9 0.677072 1.98678
162 0.523673 2.0452
162.1 0.352949 2.0879
162.2 0.162483 2.11309
162.3 -0.0496605 2.11875
162.4 -0.284027 2.10273
162.5 -0.538384 2.06294
162.6 -0.80609 1.99774
162.7 -1.07511 1.90637
162.8 -1.32907 1.78947
162.9 -1.55117 1.64934
163 -1.72926 1.48971
163.1 -1.85914 1.31513
163.2 -1.94387 1.13017
163.3 -1.9908 0.938896
163.4 -2.00831 0.744557
163.5 -2.00391 0.549636
163.6 -1.98345 0.355964
163.7 -1.95119 0.16488
163.8 -1.91006 -0.0226229
163.9 -1.86201 -0.205783
164 -1.80827 -0.383995
164.1 -1.74958 -0.556744
164.2 -1.68632 -0.723572
164.3 -1.61862 -0.884043
164.4 -1.54639 -1.03772
164.5 -1.46937 -1.18416
164.6 -1.38714 -1.32287
164.7 -1.29911 -1.45332
164.8 -1.20454 -1.57491
164.9 -1.10246 -1.68697
165 -0.991685 -1.7887
165.1 -0.870774 -1.8792
165.2 -0.737978 -1.9574
165.3 -0.591239 -2.02205
165.4 -0.428227 -2.07168
165.5 -0.246482 -2.10459
165.6 -0.0437817 -2.11886
165.7 0.181157 -2.11237
165.8 0.427487 -2.08298
165.9 0.690639 -2.02881
166 0.960904 -1.94864
166.1 1.22345 -1.84247
166.2 1.46104 -1.71189
166.3 1.65896 -1.56007
166.4 1.80945 -1.3913
166.5 1.91275 -1.21025
166.6 1.97481 -1.02123
166.7 2.00391 -0.827852
166.8 2.00806 -0.632921
166.9 1.99385 -0.438526
167 1.96621 -0.246197
167.1 1.92859 -0.0570581
167.2 1.88331 0.128041
167.3 1.83188 0.308435
167.4 1.77525 0.483579
167.5 1.71392 0.652992
167.6 1.64812 0.816234
167.7 1.57785 0.972871
167.8 1.50291 1.12246
167.9 1.42297 1.26454
168 1.33751 1.39859
168.1 1.24584 1.52405
168.2 1.14709 1.64027
168.3 1.0402 1.74652
168.4 0.923819 1.84194
168.5 0.796338 1.92554
168.6 0.655832 1.99615
168.7 0.500077 2.0524
168.8 0.326639 2.09268
168.9 0.133133 2.11517
169 -0.0822443 2.11782
169.1 -0.319731 2.09848
169.2 -0.576556 2.05511
169.3 -0.845325 1.98613
169.4 -1.11324 1.89099
169.5 -1.36357 1.77054
169.6 -1.57988 1.62732
169.7 -1.75106 1.46524
169.8 -1.87406 1.28888
169.9 -1.95281 1.10277
170 -1.99496 0.910871
170.1 -2.00887 0.716311
170.2 -2.00182 0.521472
170.3 -1.97942 0.328101
170.4 -1.94572 0.13748
170.5 -1.90349 -0.0494363
170.6 -1.85455 -0.231915
170.7 -1.80006 -0.409365
170.8 -1.74069 -0.581284
170.9 -1.67679 -0.747218
171 -1.60845 -0.906732
171.1 -1.53554 -1.05939
171.2 -1.4578 -1.20474
171.3 -1.37477 -1.34229
171.4 -1.28584 -1.47149
171.5 -1.19024 -1.59175
171.6 -1.08698 -1.70236
171.7 -0.974838 -1.80253
171.8 -0.852321 -1.89132
171.9 -0.71764 -1.96763
172 -0.568694 -2.0302
172.1 -0.403121 -2.07752
172.2 -0.218466 -2.10786
172.3 -0.0125892 -2.11925
172.4 0.21557 -2.10958
172.5 0.464728 -2.07671
172.6 0.729643 -2.01882
172.7 0.999811 -1.93485
172.8 1.25981 -1.82501
172.9 1.49244 -1.69112
173 1.68377 -1.53656
173.1 1.82724 -1.36573
173.2 1.92411 -1.18327
173.3 1.98087 -0.993415
173.4 2.00588 -0.799658
173.5 2.007 -0.604691
173.6 1.99058 -0.410511
173.7 1.96131 -0.218582
173.8 1.92246 -0.0299811
173.9 1.87621 0.154474
174 1.82399 0.33414
174.1 1.76665 0.508482
174.2 1.70466 0.677029
174.3 1.63822 0.83934
174.4 1.56729 0.994985
174.5 1.49166 1.14352
174.6 1.41095 1.28446
174.7 1.32463 1.41731
174.8 1.23199 1.54147
174.9 1.13214 1.6563
175 1.02396 1.76103
175.1 0.906084 1.85481
175.2 0.776843 1.9366
175.3 0.634273 2.00522
175.4 0.47611 2.05926
175.5 0.299907 2.09709
175.6 0.103321 2.11683
175.7 -0.115297 2.11643
175.8 -0.355849 2.09373
175.9 -0.614988 2.04673
176 -0.884549 1.97397
176.1 -1.151 1.87507
176.2 -1.39735 1.75113
176.3 -1.60763 1.60491
176.4 -1.77183 1.44047
176.5 -1.88805 1.26242
176.6 -1.96098 1.07526
176.7 -1.99854 0.882792
176.8 -2.009 0.688061
176.9 -1.99941 0.493338
177 -1.97516 0.300295
177.1 -1.94008 0.110159
177.2 -1.89679 -0.0761563
177.3 -1.84698 -0.257941
177.4 -1.79175 -0.434619
177.5 -1.73171 -0.605699
177.6 -1.66717 -0.77073
177.7 -1.59818 -0.929278
177.8 -1.52459 -1.08091
177.9 -1.44611 -1.22516
178 -1.36227 -1.36153
178.1 -1.27243 -1.48948
178.2 -1.17579 -1.60839
178.3 -1.07132 -1.71754
178.4 -0.957774 -1.81612
178.5 -0.833613 -1.90317
178.6 -0.697004 -1.97758
178.7 -0.545801 -2.03804
178.8 -0.377614 -2.08301
178.9 -0.190003 -2.11073
179 0.0190746 -2.11921
179.1 0.25043 -2.1063
179.2 0.502309 -2.06991
179.3 0.768767 -2.00829
179.4 1.03851 -1.92052
179.5 1.29559 -1.80704
179.6 1.52296 -1.66992
179.7 1.70756 -1.51272
179.8 1.84404 -1.33992
179.9 1.93462 -1.15614
180 1.98626 -0.965521
180.1 2.00735 -0.77144
180.2 2.00558 -0.576478
180.3 1.98705 -0.382544
180.4 1.95622 -0.191037
180.5 1.91618 -0.0029914
180.6 1.86899 0.180807
180.7 1.81598 0.359733
180.8 1.75795 0.533263
180.9 1.69531 0.700934
181 1.62823 0.862307
181.1 1.55663 1.01695
181.2 1.48029 1.16441
181.3 1.39881 1.30422
181.4 1.31162 1.43584
181.5 1.218 1.55869
181.6 1.11702 1.67211
181.7 1.00753 1.77532
181.8 0.888111 1.86742
181.9 0.75707 1.94739
182 0.612387 2.01399
182.1 0.451765 2.06578
182.2 0.272747 2.10111
182.3 0.0730437 2.11807
182.4 -0.148815 2.11458
182.5 -0.392365 2.08847
182.6 -0.653649 2.03781
182.7 -0.923714 1.96126
182.8 -1.18834 1.85862
182.9 -1.43036 1.73124
183 -1.6344 1.58211
183.1 -1.79158 1.41541
183.2 -1.90113 1.23578
183.3 -1.96841 1.04763
183.4 -2.00155 0.854666
183.5 -2.00871 0.659812
183.6 -1.9967 0.465241
183.7 -1.97068 0.272552
183.8 -1.93427 0.0829176
183.9 -1.88994 -0.102781
184 -1.8393 -0.283859
184.1 -1.78334 -0.459756
184.2 -1.72264 -0.629987
184.3 -1.65745 -0.794105
184.4 -1.58781 -0.951679
184.5 -1.51354 -1.10227
184.6 -1.43431 -1.24541
184.7 -1.34964 -1.3806
184.8 -1.25888 -1.50728
184.9 -1.16117 -1.62482
185 -1.05547 -1.73249
185.1 -0.940488 -1.82946
185.2 -0.814645 -1.91476
185.3 -0.676062 -1.98723
185.4 -0.522551 -2.04555
185.5 -0.351699 -2.08814
185.6 -0.161088 -2.1132
185.7 0.0512101 -2.11871
185.8 0.285727 -2.10253
185.9 0.540206 -2.06258
186 0.807969 -1.9972
186.1 1.07694 -1.90565
186.2 1.33074 -1.78858
186.3 1.55256 -1.64829
186.4 1.73033 -1.48854
186.5 1.85987 -1.31387
186.6 1.94431 -1.12886
186.7 1.99101 -0.937555
186.8 2.00835 -0.743205
186.9 2.00381 -0.548287
187 1.98326 -0.354628
187.1 1.95093 -0.163566
187.2 1.90975 0.023909
187.3 1.86165 0.207037
187.4 1.80788 0.385212
187.5 1.74915 0.557922
187.6 1.68587 0.724707
187.7 1.61814 0.885132
187.8 1.54588 1.03876
187.9 1.46882 1.18515
188 1.38655 1.3238
188.1 1.29848 1.45419
188.2 1.20386 1.57572
188.3 1.10172 1.68771
188.4 0.990883 1.78937
188.5 0.869896 1.87979
188.6 0.73701 1.9579
188.7 0.590167 2.02244
188.8 0.427033 2.07196
188.9 0.245151 2.10475
189 0.0422988 2.11889
189.1 -0.182795 2.11225
189.2 -0.429262 2.08269
189.3 -0.692503 2.02834
189.4 -0.962771 1.94799
189.5 -1.22521 1.84165
189.6 -1.46257 1.7109
189.7 -1.66017 1.55895
189.8 -1.81032 1.39008
189.9 -1.91331 1.20896
190 -1.97512 1.0199
190.1 -2.00401 0.826502
190.2 -2.00801 0.631569
190.3 -1.9937 0.437184
190.4 -1.96598 0.244873
190.5 -1.9283 0.0557596
190.6 -1.88297 -0.129309
190.7 -1.83151 -0.309669
190.8 -1.77484 -0.484774
190.9 -1.71347 -0.654146
191 -1.64764 -0.817344
191.1 -1.57734 -0.973933
191.2 -1.50238 -1.12347
191.3 -1.4224 -1.2655
191.4 -1.33689 -1.39949
191.5 -1.24518 -1.52489
191.6 -1.14638 -1.64104
191.7 -1.03943 -1.74722
191.8 -0.922975 -1.84257
191.9 -0.795411 -1.92608
192 -0.654807 -1.99659
192.1 -0.498938 -2.05273
192.2 -0.325369 -2.0929
192.3 -0.131716 -2.11526
192.4 0.0838164 -2.11777
192.5 0.321452 -2.09826
192.6 0.578391 -2.05472
192.7 0.847204 -1.98556
192.8 1.11506 -1.89024
192.9 1.36521 -1.76962
193 1.58123 -1.62626
193.1 1.75208 -1.46406
193.2 1.87475 -1.28761
193.3 1.95322 -1.10146
193.4 1.99515 -0.909528
193.5 2.00889 -0.714959
193.6 2.00171 -0.520124
193.7 1.97922 -0.326768
193.8 1.94546 -0.13617
193.9 1.90317 0.0507179
194 1.85419 0.233164
194.1 1.79966 0.410577
194.2 1.74027 0.582456
194.3 1.67634 0.748347
194.4 1.60796 0.907815
194.5 1.53502 1.06042
194.6 1.45724 1.20572
194.7 1.37417 1.34321
194.8 1.2852 1.47236
194.9 1.18955 1.59255
195 1.08624 1.70309
195.1 0.974026 1.80318
195.2 0.851431 1.89189
195.3 0.716659 1.96812
195.4 0.567606 2.03058
195.5 0.401908 2.07779
195.6 0.217114 2.10801
195.7 0.0110837 2.11926
195.8 -0.217229 2.10943
195.9 -0.46652 2.0764
196 -0.731514 2.01833
196.1 -1.00167 1.93418
196.2 -1.26154 1.82416
196.3 -1.49392 1.69011
196.4 -1.68493 1.53543
196.5 -1.82806 1.3645
196.6 -1.92463 1.18197
196.7 -1.98114 0.992081
196.8 -2.00596 0.798307
196.9 -2.00694 0.603339
197 -1.99042 0.409171
197.1 -1.96107 0.217261
197.2 -1.92216 0.0286867
197.3 -1.87587 -0.155737
197.4 -1.82361 -0.335368
197.5 -1.76623 -0.509671
197.6 -1.70421 -0.678176
197.7 -1.63774 -0.840443
197.8 -1.56678 -0.99604
197.9 -1.49111 -1.14452
198 -1.41037 -1.28541
198.1 -1.32401 -1.4182
198.2 -1.23133 -1.5423
198.3 -1.13142 -1.65706
198.4 -1.02318 -1.76172
198.5 -0.905229 -1.85542
198.6 -0.775903 -1.93713
198.7 -0.633232 -2.00565
198.8 -0.474953 -2.05958
198.9 -0.298617 -2.09729
199 -0.101881 -2.1169
199.1 0.116891 -2.11635
199.2 0.357589 -2.09349
199.3 0.616835 -2.04631
199.4 0.886426 -1.97337
199.5 1.1528 -1.87429
199.6 1.39895 -1.75019
199.7 1.60893 -1.60383
199.8 1.7728 -1.43927
199.9 1.8887 -1.26115
200 1.96135 -1.07393
